# Difference between AtkinsonMacias2009.vs250.h15.txt and AtkinsonMacias2009.vs450.h15.txt ground motions in regular (non-log) units
#           14 31 25 : nmag, ndist, nperiod
#           10.000 7.692 6.250 5.000 4.000 3.125 2.500 2.000 1.587 1.266 1.000 0.794 0.633 0.500 0.400 0.316 0.250 0.200 0.159 0.125 0.100 0.079 0.063 0.050 PGA PGV
#           0.875 0.806 0.783 0.737 0.691 0.691 0.691 0.691 0.668 0.668 0.668 0.645 0.645 0.622 0.622 0.622 0.622 0.622 0.622 0.622 0.622 0.622 0.599 0.599 0.553 0.599
4.750	1.000	1.469	1.567	1.648	1.714	1.762	1.770	1.722	1.549	1.132	0.836	0.678	0.530	0.459	0.442	0.375	0.345	0.314	0.304	0.293	0.303	0.315	0.330	0.348	0.340	0.457	0.380
4.750	1.260	1.472	1.567	1.648	1.718	1.758	1.766	1.726	1.549	1.132	0.838	0.679	0.531	0.460	0.443	0.377	0.346	0.315	0.305	0.294	0.304	0.316	0.330	0.348	0.342	0.458	0.381
4.750	1.580	1.469	1.570	1.644	1.714	1.758	1.770	1.726	1.545	1.135	0.839	0.681	0.533	0.462	0.445	0.378	0.348	0.316	0.307	0.296	0.305	0.317	0.332	0.351	0.343	0.460	0.383
4.750	2.000	1.472	1.570	1.644	1.714	1.758	1.766	1.726	1.549	1.140	0.843	0.685	0.536	0.466	0.448	0.381	0.351	0.319	0.309	0.298	0.308	0.319	0.334	0.352	0.345	0.461	0.385
4.750	2.510	1.469	1.570	1.644	1.714	1.758	1.770	1.726	1.549	1.140	0.847	0.690	0.541	0.471	0.454	0.385	0.355	0.324	0.313	0.301	0.311	0.323	0.338	0.356	0.348	0.467	0.389
4.750	3.160	1.469	1.567	1.648	1.718	1.762	1.770	1.726	1.552	1.151	0.855	0.698	0.548	0.478	0.461	0.393	0.361	0.330	0.319	0.307	0.317	0.328	0.344	0.361	0.354	0.472	0.394
4.750	3.980	1.469	1.567	1.648	1.718	1.758	1.770	1.730	1.560	1.159	0.867	0.710	0.560	0.489	0.472	0.403	0.371	0.338	0.327	0.316	0.325	0.337	0.352	0.370	0.362	0.482	0.402
4.750	5.010	1.472	1.570	1.648	1.714	1.758	1.774	1.730	1.567	1.172	0.885	0.726	0.577	0.506	0.486	0.417	0.385	0.352	0.340	0.327	0.337	0.348	0.363	0.381	0.374	0.495	0.414
4.750	6.310	1.472	1.570	1.648	1.718	1.762	1.770	1.734	1.578	1.191	0.908	0.750	0.600	0.527	0.509	0.438	0.405	0.370	0.357	0.344	0.353	0.364	0.378	0.398	0.391	0.513	0.430
4.750	7.940	1.469	1.567	1.648	1.718	1.758	1.774	1.742	1.589	1.213	0.935	0.782	0.630	0.557	0.538	0.465	0.431	0.394	0.381	0.366	0.375	0.386	0.400	0.419	0.412	0.536	0.452
4.750	10.000	1.469	1.567	1.648	1.714	1.762	1.774	1.746	1.600	1.242	0.973	0.820	0.670	0.596	0.575	0.500	0.466	0.427	0.412	0.395	0.404	0.414	0.429	0.447	0.440	0.566	0.478
4.750	12.590	1.472	1.570	1.648	1.718	1.762	1.774	1.750	1.614	1.276	1.019	0.867	0.718	0.643	0.621	0.545	0.507	0.467	0.451	0.433	0.439	0.448	0.462	0.480	0.473	0.604	0.512
4.750	15.850	1.469	1.570	1.648	1.718	1.762	1.778	1.758	1.629	1.315	1.069	0.925	0.773	0.700	0.676	0.597	0.558	0.515	0.495	0.475	0.481	0.490	0.502	0.520	0.515	0.647	0.551
4.750	19.950	1.469	1.570	1.648	1.718	1.762	1.782	1.762	1.652	1.358	1.127	0.986	0.838	0.764	0.740	0.659	0.618	0.571	0.551	0.527	0.531	0.537	0.550	0.568	0.562	0.697	0.596
4.750	25.120	1.469	1.570	1.644	1.714	1.762	1.786	1.770	1.671	1.403	1.189	1.054	0.910	0.839	0.811	0.729	0.687	0.637	0.612	0.587	0.587	0.592	0.603	0.619	0.615	0.752	0.646
4.750	31.620	1.472	1.570	1.644	1.718	1.762	1.786	1.778	1.690	1.449	1.253	1.127	0.991	0.918	0.893	0.809	0.762	0.711	0.682	0.652	0.650	0.653	0.661	0.678	0.673	0.813	0.701
4.750	39.810	1.472	1.570	1.644	1.718	1.766	1.791	1.782	1.710	1.496	1.324	1.208	1.074	1.007	0.979	0.895	0.847	0.791	0.759	0.726	0.718	0.719	0.724	0.740	0.738	0.875	0.760
4.750	50.120	1.469	1.570	1.648	1.718	1.762	1.791	1.795	1.730	1.545	1.396	1.288	1.164	1.102	1.072	0.986	0.938	0.879	0.841	0.804	0.793	0.789	0.793	0.804	0.804	0.944	0.822
4.750	63.100	1.472	1.570	1.648	1.718	1.762	1.791	1.799	1.750	1.592	1.462	1.371	1.256	1.197	1.164	1.081	1.033	0.971	0.929	0.883	0.871	0.863	0.861	0.873	0.873	1.012	0.885
4.750	79.430	1.469	1.570	1.644	1.718	1.766	1.795	1.807	1.766	1.637	1.535	1.449	1.349	1.294	1.259	1.180	1.130	1.062	1.014	0.968	0.946	0.938	0.931	0.942	0.944	1.079	0.948
4.750	100.000	1.469	1.570	1.648	1.718	1.766	1.799	1.811	1.782	1.679	1.600	1.528	1.432	1.390	1.352	1.276	1.225	1.153	1.102	1.050	1.023	1.007	0.998	1.005	1.009	1.143	1.007
4.750	125.890	1.472	1.570	1.648	1.718	1.766	1.799	1.816	1.799	1.718	1.656	1.596	1.517	1.476	1.439	1.365	1.312	1.239	1.183	1.125	1.091	1.074	1.062	1.067	1.072	1.202	1.064
4.750	158.490	1.472	1.570	1.644	1.718	1.766	1.803	1.820	1.807	1.746	1.702	1.660	1.589	1.552	1.517	1.442	1.390	1.315	1.256	1.194	1.159	1.132	1.117	1.119	1.127	1.253	1.112
4.750	199.530	1.472	1.570	1.644	1.718	1.770	1.803	1.824	1.816	1.774	1.750	1.710	1.648	1.614	1.581	1.510	1.455	1.380	1.315	1.250	1.211	1.183	1.167	1.164	1.175	1.297	1.156
4.750	251.190	1.472	1.567	1.644	1.718	1.766	1.799	1.824	1.824	1.795	1.778	1.750	1.698	1.671	1.633	1.567	1.514	1.435	1.368	1.297	1.256	1.225	1.202	1.199	1.211	1.334	1.186
4.750	316.230	1.469	1.567	1.644	1.718	1.766	1.803	1.828	1.828	1.807	1.807	1.782	1.734	1.710	1.671	1.607	1.556	1.476	1.406	1.334	1.288	1.256	1.233	1.230	1.239	1.358	1.213
4.750	398.110	1.469	1.570	1.644	1.714	1.766	1.799	1.828	1.832	1.820	1.824	1.803	1.762	1.742	1.706	1.641	1.585	1.507	1.435	1.361	1.312	1.279	1.253	1.250	1.262	1.380	1.233
4.750	501.190	1.469	1.567	1.648	1.718	1.766	1.803	1.832	1.837	1.828	1.837	1.820	1.782	1.766	1.722	1.663	1.611	1.531	1.455	1.384	1.330	1.297	1.271	1.265	1.279	1.393	1.245
4.750	630.960	1.469	1.567	1.644	1.714	1.766	1.803	1.832	1.841	1.837	1.849	1.832	1.795	1.782	1.738	1.679	1.626	1.545	1.472	1.396	1.346	1.309	1.282	1.276	1.291	1.403	1.256
4.750	794.330	1.469	1.567	1.648	1.718	1.766	1.803	1.832	1.841	1.837	1.854	1.841	1.807	1.791	1.750	1.690	1.637	1.556	1.483	1.403	1.352	1.318	1.288	1.282	1.297	1.413	1.262
4.750	1000.000	1.469	1.570	1.648	1.718	1.766	1.807	1.832	1.845	1.841	1.858	1.845	1.811	1.795	1.758	1.698	1.648	1.563	1.486	1.413	1.361	1.324	1.294	1.288	1.303	1.416	1.268
5.000	1.000	1.469	1.570	1.648	1.718	1.758	1.766	1.718	1.535	1.107	0.802	0.644	0.497	0.429	0.412	0.348	0.319	0.289	0.281	0.271	0.281	0.292	0.308	0.325	0.318	0.432	0.358
5.000	1.260	1.469	1.567	1.648	1.714	1.762	1.766	1.718	1.535	1.107	0.804	0.647	0.500	0.432	0.414	0.349	0.321	0.291	0.282	0.272	0.282	0.294	0.309	0.327	0.320	0.433	0.360
5.000	1.580	1.472	1.570	1.644	1.718	1.758	1.766	1.722	1.535	1.112	0.807	0.650	0.502	0.435	0.418	0.352	0.323	0.293	0.285	0.275	0.284	0.296	0.311	0.330	0.322	0.437	0.361
5.000	2.000	1.472	1.570	1.648	1.714	1.758	1.766	1.722	1.538	1.114	0.813	0.655	0.508	0.439	0.423	0.357	0.327	0.298	0.288	0.279	0.288	0.300	0.316	0.333	0.326	0.441	0.366
5.000	2.510	1.469	1.570	1.648	1.714	1.758	1.770	1.722	1.542	1.119	0.822	0.664	0.516	0.448	0.430	0.364	0.334	0.303	0.294	0.284	0.294	0.305	0.321	0.339	0.331	0.447	0.372
5.000	3.160	1.469	1.570	1.644	1.718	1.758	1.766	1.722	1.549	1.132	0.834	0.676	0.527	0.458	0.441	0.374	0.344	0.313	0.303	0.292	0.302	0.314	0.329	0.347	0.340	0.455	0.379
5.000	3.980	1.469	1.570	1.644	1.714	1.758	1.770	1.726	1.552	1.146	0.851	0.695	0.545	0.474	0.456	0.388	0.357	0.326	0.316	0.305	0.314	0.326	0.340	0.359	0.352	0.470	0.391
5.000	5.010	1.472	1.567	1.644	1.718	1.758	1.770	1.730	1.560	1.164	0.873	0.718	0.569	0.497	0.479	0.409	0.378	0.344	0.333	0.321	0.330	0.341	0.356	0.375	0.367	0.488	0.407
5.000	6.310	1.472	1.570	1.648	1.718	1.758	1.774	1.738	1.574	1.191	0.904	0.748	0.598	0.526	0.507	0.437	0.403	0.369	0.356	0.344	0.352	0.363	0.378	0.396	0.389	0.512	0.430
5.000	7.940	1.472	1.567	1.644	1.718	1.758	1.774	1.742	1.589	1.219	0.942	0.789	0.637	0.564	0.545	0.471	0.437	0.399	0.386	0.372	0.379	0.390	0.405	0.424	0.416	0.541	0.455
5.000	10.000	1.469	1.570	1.644	1.718	1.758	1.778	1.746	1.603	1.253	0.986	0.836	0.684	0.611	0.589	0.514	0.478	0.439	0.424	0.406	0.414	0.424	0.438	0.456	0.450	0.578	0.489
5.000	12.590	1.472	1.567	1.644	1.718	1.762	1.778	1.754	1.622	1.291	1.038	0.889	0.738	0.664	0.643	0.565	0.527	0.485	0.468	0.449	0.455	0.465	0.478	0.497	0.490	0.621	0.527
5.000	15.850	1.472	1.570	1.648	1.718	1.762	1.778	1.758	1.641	1.334	1.094	0.951	0.802	0.728	0.705	0.624	0.585	0.540	0.520	0.499	0.504	0.511	0.524	0.541	0.535	0.668	0.571
5.000	19.950	1.469	1.567	1.644	1.714	1.766	1.782	1.766	1.663	1.380	1.156	1.019	0.873	0.800	0.773	0.692	0.650	0.603	0.579	0.556	0.557	0.564	0.574	0.592	0.586	0.723	0.621
5.000	25.120	1.469	1.570	1.644	1.718	1.762	1.786	1.774	1.679	1.429	1.222	1.091	0.951	0.879	0.851	0.769	0.724	0.671	0.646	0.619	0.619	0.622	0.631	0.649	0.644	0.782	0.673
5.000	31.620	1.469	1.570	1.644	1.718	1.766	1.786	1.782	1.698	1.476	1.288	1.167	1.033	0.962	0.935	0.853	0.805	0.752	0.719	0.689	0.685	0.687	0.693	0.710	0.706	0.845	0.731
5.000	39.810	1.469	1.570	1.644	1.714	1.762	1.791	1.786	1.718	1.524	1.361	1.250	1.119	1.054	1.023	0.942	0.893	0.836	0.802	0.764	0.759	0.755	0.759	0.773	0.771	0.910	0.793
5.000	50.120	1.469	1.570	1.648	1.718	1.766	1.791	1.799	1.738	1.570	1.432	1.330	1.213	1.151	1.122	1.038	0.989	0.925	0.887	0.845	0.832	0.828	0.828	0.839	0.839	0.977	0.855
5.000	63.100	1.472	1.570	1.648	1.718	1.766	1.795	1.803	1.758	1.614	1.500	1.413	1.303	1.250	1.216	1.135	1.084	1.016	0.975	0.927	0.910	0.902	0.897	0.908	0.910	1.047	0.918
5.000	79.430	1.472	1.570	1.648	1.718	1.766	1.795	1.811	1.774	1.660	1.567	1.489	1.393	1.343	1.309	1.230	1.178	1.109	1.059	1.012	0.986	0.975	0.966	0.973	0.977	1.114	0.979
5.000	100.000	1.472	1.567	1.648	1.718	1.766	1.799	1.811	1.791	1.698	1.629	1.563	1.479	1.432	1.396	1.321	1.271	1.197	1.146	1.089	1.059	1.045	1.033	1.038	1.042	1.175	1.038
5.000	125.890	1.472	1.567	1.648	1.718	1.766	1.799	1.816	1.799	1.730	1.683	1.629	1.556	1.514	1.479	1.403	1.352	1.276	1.222	1.161	1.127	1.107	1.091	1.094	1.102	1.227	1.089
5.000	158.490	1.472	1.567	1.648	1.718	1.770	1.803	1.824	1.811	1.758	1.726	1.683	1.618	1.585	1.549	1.476	1.429	1.349	1.285	1.222	1.183	1.159	1.143	1.143	1.151	1.276	1.135
5.000	199.530	1.472	1.570	1.644	1.718	1.766	1.799	1.824	1.820	1.782	1.766	1.730	1.671	1.644	1.607	1.542	1.486	1.406	1.343	1.276	1.233	1.205	1.183	1.183	1.194	1.315	1.172
5.000	251.190	1.472	1.570	1.648	1.718	1.766	1.803	1.828	1.828	1.803	1.791	1.766	1.714	1.690	1.652	1.585	1.535	1.455	1.387	1.315	1.271	1.242	1.216	1.216	1.227	1.346	1.199
5.000	316.230	1.472	1.567	1.648	1.718	1.766	1.803	1.828	1.832	1.816	1.816	1.795	1.750	1.726	1.687	1.622	1.574	1.493	1.419	1.349	1.300	1.268	1.245	1.239	1.253	1.371	1.222
5.000	398.110	1.469	1.570	1.644	1.718	1.766	1.803	1.832	1.837	1.824	1.832	1.811	1.770	1.754	1.710	1.648	1.600	1.517	1.445	1.371	1.321	1.288	1.262	1.259	1.271	1.387	1.239
5.000	501.190	1.469	1.570	1.644	1.718	1.766	1.803	1.828	1.837	1.828	1.845	1.828	1.786	1.770	1.730	1.671	1.618	1.538	1.462	1.390	1.337	1.303	1.276	1.271	1.282	1.400	1.250
5.000	630.960	1.469	1.570	1.648	1.718	1.766	1.803	1.832	1.841	1.837	1.854	1.832	1.799	1.782	1.746	1.683	1.633	1.552	1.476	1.400	1.349	1.312	1.285	1.279	1.294	1.409	1.259
5.000	794.330	1.469	1.570	1.648	1.714	1.766	1.803	1.828	1.841	1.841	1.858	1.845	1.807	1.791	1.754	1.694	1.641	1.560	1.483	1.409	1.358	1.321	1.291	1.285	1.297	1.413	1.265
5.000	1000.000	1.469	1.567	1.644	1.718	1.766	1.803	1.832	1.841	1.841	1.858	1.849	1.816	1.799	1.758	1.698	1.648	1.563	1.493	1.416	1.361	1.324	1.294	1.291	1.303	1.419	1.268
5.250	1.000	1.472	1.570	1.644	1.714	1.758	1.762	1.710	1.507	1.052	0.740	0.582	0.439	0.373	0.358	0.299	0.272	0.246	0.239	0.231	0.242	0.253	0.268	0.285	0.278	0.385	0.317
5.250	1.260	1.469	1.570	1.644	1.718	1.758	1.762	1.710	1.507	1.057	0.745	0.586	0.444	0.378	0.363	0.302	0.276	0.249	0.242	0.234	0.244	0.256	0.271	0.288	0.281	0.388	0.321
5.250	1.580	1.469	1.570	1.644	1.718	1.758	1.762	1.710	1.514	1.064	0.752	0.594	0.451	0.384	0.369	0.308	0.281	0.255	0.247	0.238	0.249	0.261	0.275	0.293	0.285	0.394	0.324
5.250	2.000	1.472	1.570	1.644	1.718	1.758	1.766	1.714	1.517	1.072	0.762	0.605	0.460	0.394	0.378	0.316	0.288	0.261	0.254	0.245	0.256	0.267	0.282	0.300	0.292	0.402	0.332
5.250	2.510	1.469	1.567	1.648	1.718	1.758	1.762	1.714	1.524	1.086	0.778	0.619	0.474	0.406	0.392	0.328	0.301	0.272	0.264	0.255	0.265	0.277	0.292	0.310	0.303	0.413	0.342
5.250	3.160	1.469	1.570	1.648	1.718	1.758	1.766	1.718	1.535	1.104	0.798	0.641	0.494	0.426	0.409	0.344	0.316	0.287	0.279	0.269	0.279	0.290	0.305	0.323	0.316	0.430	0.356
5.250	3.980	1.469	1.570	1.644	1.718	1.758	1.770	1.726	1.542	1.125	0.826	0.667	0.520	0.451	0.434	0.367	0.337	0.307	0.297	0.286	0.297	0.308	0.324	0.341	0.334	0.449	0.374
5.250	5.010	1.469	1.567	1.644	1.718	1.762	1.770	1.726	1.556	1.151	0.859	0.703	0.553	0.483	0.465	0.396	0.365	0.333	0.322	0.310	0.320	0.331	0.346	0.365	0.357	0.475	0.397
5.250	6.310	1.472	1.567	1.644	1.718	1.762	1.774	1.734	1.570	1.186	0.902	0.743	0.594	0.521	0.502	0.432	0.399	0.365	0.353	0.340	0.349	0.360	0.375	0.393	0.385	0.508	0.426
5.250	7.940	1.472	1.567	1.648	1.714	1.758	1.774	1.742	1.589	1.222	0.946	0.793	0.641	0.569	0.548	0.475	0.441	0.403	0.390	0.375	0.384	0.394	0.407	0.427	0.420	0.546	0.459
5.250	10.000	1.469	1.570	1.644	1.718	1.762	1.774	1.750	1.607	1.262	0.998	0.849	0.697	0.624	0.601	0.525	0.490	0.450	0.435	0.417	0.424	0.434	0.447	0.466	0.459	0.589	0.498
5.250	12.590	1.469	1.570	1.648	1.714	1.762	1.778	1.754	1.629	1.303	1.057	0.908	0.759	0.685	0.662	0.583	0.546	0.502	0.484	0.465	0.470	0.479	0.491	0.511	0.505	0.635	0.541
5.250	15.850	1.469	1.570	1.648	1.718	1.762	1.782	1.762	1.648	1.352	1.117	0.975	0.828	0.755	0.731	0.650	0.608	0.562	0.542	0.519	0.524	0.531	0.542	0.560	0.555	0.689	0.589
5.250	19.950	1.469	1.570	1.644	1.718	1.762	1.786	1.770	1.667	1.400	1.183	1.047	0.904	0.832	0.805	0.723	0.681	0.631	0.607	0.581	0.582	0.587	0.597	0.614	0.610	0.746	0.641
5.250	25.120	1.469	1.570	1.648	1.718	1.762	1.786	1.774	1.690	1.449	1.253	1.125	0.986	0.914	0.887	0.804	0.760	0.706	0.679	0.649	0.646	0.649	0.658	0.675	0.671	0.809	0.698
5.250	31.620	1.469	1.567	1.644	1.714	1.762	1.786	1.786	1.710	1.496	1.321	1.205	1.072	1.005	0.975	0.891	0.845	0.789	0.755	0.721	0.716	0.716	0.723	0.736	0.735	0.873	0.759
5.250	39.810	1.472	1.567	1.648	1.718	1.766	1.791	1.791	1.730	1.545	1.393	1.288	1.161	1.099	1.069	0.986	0.938	0.877	0.839	0.802	0.791	0.787	0.791	0.804	0.804	0.942	0.820
5.250	50.120	1.472	1.567	1.648	1.718	1.766	1.795	1.799	1.746	1.592	1.462	1.368	1.253	1.197	1.164	1.081	1.033	0.968	0.925	0.883	0.867	0.863	0.861	0.871	0.873	1.009	0.883
5.250	63.100	1.472	1.570	1.648	1.718	1.766	1.795	1.803	1.766	1.637	1.531	1.449	1.346	1.291	1.259	1.178	1.127	1.059	1.014	0.964	0.944	0.935	0.929	0.938	0.940	1.076	0.948
5.250	79.430	1.472	1.567	1.644	1.718	1.766	1.799	1.811	1.782	1.675	1.592	1.524	1.432	1.384	1.352	1.271	1.222	1.151	1.099	1.047	1.021	1.007	0.998	1.005	1.007	1.140	1.007
5.250	100.000	1.472	1.570	1.648	1.718	1.766	1.799	1.816	1.795	1.714	1.652	1.592	1.514	1.472	1.435	1.361	1.309	1.236	1.180	1.122	1.091	1.074	1.059	1.064	1.069	1.199	1.062
5.250	125.890	1.472	1.570	1.644	1.718	1.766	1.799	1.820	1.807	1.746	1.702	1.656	1.585	1.545	1.514	1.439	1.390	1.312	1.253	1.189	1.153	1.130	1.114	1.117	1.125	1.250	1.109
5.250	158.490	1.472	1.570	1.644	1.718	1.766	1.799	1.824	1.820	1.770	1.746	1.706	1.644	1.614	1.574	1.507	1.455	1.377	1.312	1.247	1.208	1.180	1.161	1.161	1.172	1.294	1.151
5.250	199.530	1.472	1.570	1.648	1.718	1.766	1.803	1.824	1.824	1.791	1.774	1.746	1.694	1.663	1.629	1.563	1.510	1.432	1.361	1.294	1.253	1.222	1.199	1.199	1.208	1.330	1.186
5.250	251.190	1.472	1.570	1.648	1.718	1.766	1.799	1.824	1.828	1.807	1.803	1.778	1.730	1.710	1.667	1.603	1.552	1.472	1.400	1.334	1.285	1.253	1.230	1.225	1.239	1.358	1.211
5.250	316.230	1.469	1.570	1.648	1.718	1.766	1.803	1.828	1.837	1.816	1.824	1.799	1.758	1.738	1.698	1.637	1.581	1.503	1.432	1.358	1.309	1.276	1.253	1.247	1.259	1.377	1.230
5.250	398.110	1.469	1.567	1.648	1.718	1.770	1.803	1.828	1.837	1.828	1.837	1.820	1.778	1.758	1.722	1.660	1.607	1.528	1.452	1.380	1.330	1.297	1.268	1.265	1.276	1.393	1.245
5.250	501.190	1.469	1.570	1.644	1.718	1.766	1.807	1.832	1.841	1.832	1.845	1.828	1.795	1.774	1.738	1.679	1.626	1.542	1.469	1.393	1.343	1.306	1.279	1.274	1.288	1.403	1.253
5.250	630.960	1.469	1.570	1.648	1.718	1.770	1.803	1.828	1.841	1.837	1.854	1.841	1.803	1.786	1.746	1.687	1.637	1.552	1.479	1.406	1.352	1.318	1.288	1.279	1.294	1.409	1.262
5.250	794.330	1.469	1.570	1.644	1.718	1.766	1.803	1.832	1.845	1.837	1.858	1.845	1.807	1.795	1.758	1.698	1.644	1.563	1.486	1.413	1.358	1.321	1.294	1.288	1.300	1.416	1.265
5.250	1000.000	1.472	1.570	1.644	1.718	1.770	1.803	1.832	1.845	1.841	1.862	1.849	1.816	1.799	1.762	1.702	1.648	1.567	1.493	1.416	1.361	1.324	1.297	1.288	1.303	1.419	1.271
5.500	1.000	1.472	1.567	1.644	1.718	1.758	1.754	1.687	1.452	0.953	0.628	0.473	0.340	0.282	0.269	0.218	0.197	0.177	0.173	0.167	0.177	0.188	0.202	0.217	0.211	0.305	0.247
5.500	1.260	1.472	1.567	1.644	1.718	1.758	1.758	1.690	1.462	0.966	0.644	0.489	0.354	0.294	0.281	0.229	0.207	0.186	0.181	0.176	0.186	0.197	0.211	0.227	0.220	0.316	0.257
5.500	1.580	1.472	1.570	1.648	1.718	1.758	1.762	1.694	1.472	0.986	0.665	0.509	0.372	0.310	0.298	0.243	0.220	0.198	0.193	0.187	0.198	0.208	0.223	0.239	0.232	0.330	0.270
5.500	2.000	1.472	1.570	1.644	1.718	1.758	1.758	1.698	1.486	1.009	0.690	0.535	0.395	0.333	0.318	0.262	0.238	0.215	0.209	0.202	0.212	0.224	0.238	0.255	0.248	0.349	0.286
5.500	2.510	1.472	1.570	1.648	1.714	1.758	1.762	1.702	1.500	1.038	0.723	0.566	0.424	0.360	0.344	0.286	0.261	0.235	0.229	0.221	0.231	0.243	0.258	0.274	0.267	0.372	0.306
5.500	3.160	1.469	1.570	1.648	1.718	1.758	1.766	1.714	1.517	1.072	0.760	0.603	0.458	0.392	0.376	0.314	0.287	0.260	0.253	0.244	0.254	0.265	0.281	0.298	0.290	0.400	0.330
5.500	3.980	1.469	1.570	1.648	1.718	1.758	1.766	1.718	1.535	1.104	0.802	0.644	0.498	0.429	0.412	0.348	0.319	0.290	0.281	0.272	0.281	0.292	0.308	0.326	0.318	0.433	0.359
5.500	5.010	1.472	1.567	1.644	1.718	1.758	1.770	1.726	1.549	1.143	0.849	0.692	0.542	0.473	0.455	0.387	0.356	0.324	0.314	0.303	0.313	0.324	0.339	0.357	0.350	0.467	0.390
5.500	6.310	1.472	1.570	1.648	1.718	1.758	1.774	1.734	1.574	1.183	0.899	0.745	0.593	0.521	0.504	0.433	0.399	0.365	0.352	0.340	0.348	0.360	0.374	0.393	0.385	0.508	0.426
5.500	7.940	1.469	1.570	1.648	1.718	1.762	1.774	1.738	1.592	1.227	0.955	0.800	0.650	0.577	0.556	0.483	0.448	0.410	0.396	0.381	0.389	0.400	0.414	0.433	0.426	0.552	0.465
5.500	10.000	1.469	1.570	1.644	1.714	1.762	1.774	1.750	1.614	1.274	1.012	0.863	0.713	0.637	0.617	0.540	0.502	0.461	0.446	0.428	0.436	0.445	0.458	0.476	0.471	0.600	0.508
5.500	12.590	1.469	1.570	1.644	1.718	1.762	1.782	1.758	1.633	1.321	1.076	0.929	0.780	0.706	0.682	0.604	0.564	0.520	0.501	0.482	0.486	0.495	0.507	0.525	0.520	0.652	0.556
5.500	15.850	1.472	1.570	1.644	1.718	1.762	1.782	1.762	1.656	1.368	1.140	1.000	0.853	0.780	0.755	0.675	0.632	0.585	0.564	0.540	0.543	0.550	0.561	0.578	0.573	0.708	0.607
5.500	19.950	1.472	1.567	1.644	1.718	1.762	1.782	1.774	1.675	1.416	1.208	1.076	0.933	0.861	0.834	0.752	0.708	0.658	0.632	0.605	0.605	0.610	0.618	0.637	0.632	0.769	0.662
5.500	25.120	1.472	1.570	1.648	1.718	1.766	1.791	1.778	1.698	1.466	1.276	1.156	1.019	0.948	0.920	0.836	0.793	0.738	0.706	0.676	0.673	0.676	0.681	0.697	0.695	0.834	0.721
5.500	31.620	1.469	1.570	1.648	1.718	1.766	1.791	1.791	1.718	1.514	1.349	1.236	1.109	1.040	1.012	0.927	0.879	0.820	0.787	0.752	0.745	0.743	0.748	0.762	0.760	0.899	0.783
5.500	39.810	1.469	1.570	1.648	1.718	1.762	1.791	1.795	1.738	1.563	1.419	1.318	1.199	1.135	1.107	1.023	0.973	0.912	0.875	0.832	0.822	0.817	0.818	0.830	0.828	0.968	0.845
5.500	50.120	1.472	1.567	1.648	1.718	1.766	1.795	1.799	1.754	1.607	1.489	1.400	1.288	1.233	1.199	1.119	1.072	1.002	0.962	0.916	0.899	0.889	0.887	0.899	0.899	1.038	0.910
5.500	63.100	1.472	1.570	1.644	1.718	1.766	1.795	1.807	1.770	1.656	1.556	1.479	1.380	1.327	1.294	1.216	1.164	1.099	1.050	0.998	0.975	0.964	0.957	0.966	0.968	1.104	0.971
5.500	79.430	1.472	1.567	1.648	1.718	1.766	1.799	1.811	1.786	1.690	1.618	1.552	1.466	1.419	1.384	1.306	1.256	1.186	1.130	1.076	1.050	1.033	1.023	1.028	1.033	1.164	1.030
5.500	100.000	1.472	1.570	1.644	1.718	1.766	1.799	1.816	1.799	1.726	1.675	1.622	1.542	1.503	1.466	1.393	1.340	1.268	1.211	1.151	1.117	1.096	1.084	1.086	1.094	1.222	1.084
5.500	125.890	1.472	1.570	1.648	1.718	1.770	1.803	1.824	1.811	1.754	1.718	1.675	1.611	1.574	1.538	1.469	1.413	1.340	1.276	1.213	1.175	1.151	1.132	1.135	1.143	1.271	1.127
5.500	158.490	1.469	1.570	1.644	1.714	1.770	1.799	1.824	1.820	1.778	1.758	1.722	1.663	1.633	1.600	1.531	1.476	1.400	1.334	1.268	1.225	1.197	1.178	1.178	1.186	1.309	1.167
5.500	199.530	1.469	1.567	1.648	1.718	1.770	1.803	1.828	1.824	1.799	1.791	1.762	1.706	1.683	1.644	1.578	1.528	1.449	1.377	1.309	1.265	1.236	1.211	1.208	1.222	1.340	1.194
5.500	251.190	1.469	1.570	1.644	1.718	1.766	1.803	1.828	1.832	1.811	1.811	1.786	1.742	1.722	1.683	1.618	1.563	1.483	1.416	1.343	1.294	1.265	1.239	1.236	1.245	1.365	1.216
5.500	316.230	1.469	1.567	1.644	1.718	1.766	1.803	1.828	1.837	1.824	1.828	1.807	1.766	1.746	1.710	1.644	1.592	1.514	1.442	1.368	1.318	1.285	1.259	1.253	1.265	1.384	1.233
5.500	398.110	1.469	1.570	1.648	1.718	1.766	1.807	1.832	1.837	1.828	1.841	1.824	1.782	1.766	1.726	1.667	1.614	1.531	1.459	1.387	1.334	1.300	1.274	1.268	1.279	1.396	1.247
5.500	501.190	1.472	1.570	1.648	1.718	1.770	1.807	1.828	1.841	1.832	1.849	1.832	1.799	1.782	1.742	1.679	1.629	1.545	1.472	1.396	1.346	1.312	1.282	1.276	1.288	1.406	1.256
5.500	630.960	1.472	1.570	1.644	1.718	1.766	1.803	1.832	1.841	1.841	1.854	1.841	1.807	1.791	1.750	1.690	1.637	1.556	1.479	1.406	1.355	1.318	1.288	1.282	1.294	1.413	1.262
5.500	794.330	1.472	1.570	1.644	1.718	1.770	1.803	1.828	1.841	1.841	1.858	1.845	1.811	1.799	1.754	1.694	1.644	1.563	1.489	1.413	1.358	1.324	1.294	1.288	1.303	1.416	1.268
5.500	1000.000	1.472	1.567	1.648	1.718	1.766	1.803	1.832	1.845	1.841	1.862	1.849	1.816	1.803	1.762	1.702	1.648	1.570	1.493	1.416	1.361	1.327	1.297	1.291	1.303	1.419	1.268
5.750	1.000	1.469	1.570	1.648	1.714	1.754	1.754	1.679	1.432	0.914	0.587	0.436	0.308	0.252	0.240	0.193	0.173	0.155	0.151	0.147	0.156	0.167	0.180	0.195	0.188	0.278	0.224
5.750	1.260	1.469	1.567	1.644	1.718	1.754	1.754	1.687	1.449	0.940	0.615	0.461	0.330	0.272	0.260	0.210	0.189	0.169	0.165	0.160	0.170	0.181	0.195	0.210	0.203	0.296	0.239
5.750	1.580	1.469	1.567	1.644	1.718	1.758	1.758	1.690	1.462	0.971	0.646	0.491	0.356	0.296	0.283	0.231	0.209	0.187	0.183	0.177	0.187	0.198	0.212	0.228	0.221	0.318	0.258
5.750	2.000	1.472	1.570	1.644	1.714	1.758	1.758	1.698	1.483	1.002	0.681	0.525	0.387	0.324	0.311	0.255	0.232	0.208	0.203	0.197	0.207	0.218	0.233	0.249	0.242	0.343	0.280
5.750	2.510	1.469	1.570	1.644	1.718	1.758	1.762	1.706	1.500	1.035	0.721	0.564	0.422	0.357	0.343	0.284	0.259	0.234	0.227	0.219	0.230	0.241	0.256	0.274	0.266	0.371	0.305
5.750	3.160	1.469	1.570	1.648	1.714	1.758	1.762	1.714	1.517	1.072	0.766	0.605	0.461	0.394	0.379	0.318	0.290	0.262	0.255	0.247	0.256	0.268	0.283	0.301	0.293	0.403	0.333
5.750	3.980	1.472	1.570	1.644	1.718	1.762	1.766	1.718	1.535	1.112	0.811	0.653	0.506	0.437	0.421	0.355	0.326	0.296	0.287	0.277	0.286	0.298	0.313	0.332	0.324	0.439	0.364
5.750	5.010	1.469	1.570	1.644	1.718	1.758	1.770	1.730	1.556	1.153	0.861	0.703	0.555	0.484	0.466	0.398	0.366	0.334	0.324	0.311	0.321	0.333	0.347	0.366	0.358	0.476	0.398
5.750	6.310	1.472	1.570	1.644	1.714	1.758	1.770	1.738	1.578	1.197	0.914	0.760	0.608	0.537	0.518	0.446	0.412	0.377	0.364	0.351	0.359	0.370	0.385	0.404	0.397	0.519	0.436
5.750	7.940	1.469	1.567	1.648	1.718	1.762	1.774	1.742	1.600	1.242	0.971	0.820	0.668	0.596	0.574	0.499	0.465	0.426	0.411	0.394	0.402	0.412	0.427	0.446	0.439	0.566	0.478
5.750	10.000	1.472	1.567	1.644	1.718	1.762	1.778	1.754	1.618	1.288	1.033	0.883	0.733	0.659	0.637	0.558	0.521	0.480	0.462	0.445	0.451	0.460	0.473	0.492	0.485	0.615	0.524
5.750	12.590	1.472	1.570	1.644	1.718	1.762	1.782	1.758	1.641	1.334	1.096	0.953	0.804	0.729	0.706	0.625	0.586	0.541	0.521	0.500	0.505	0.512	0.525	0.542	0.537	0.671	0.571
5.750	15.850	1.472	1.567	1.644	1.714	1.762	1.782	1.766	1.663	1.384	1.161	1.026	0.879	0.805	0.782	0.700	0.658	0.610	0.586	0.561	0.564	0.570	0.579	0.597	0.592	0.729	0.625
5.750	19.950	1.472	1.567	1.648	1.714	1.766	1.786	1.774	1.683	1.432	1.230	1.102	0.962	0.891	0.863	0.780	0.736	0.684	0.658	0.630	0.628	0.631	0.640	0.656	0.652	0.791	0.682
5.750	25.120	1.472	1.570	1.644	1.718	1.766	1.786	1.782	1.706	1.483	1.303	1.180	1.047	0.977	0.951	0.867	0.820	0.764	0.735	0.701	0.698	0.698	0.705	0.719	0.718	0.857	0.741
5.750	31.620	1.472	1.570	1.644	1.718	1.766	1.791	1.786	1.722	1.531	1.371	1.265	1.138	1.074	1.045	0.959	0.912	0.851	0.817	0.780	0.771	0.769	0.773	0.785	0.785	0.923	0.804
5.750	39.810	1.472	1.567	1.648	1.714	1.762	1.791	1.795	1.746	1.578	1.445	1.346	1.230	1.169	1.138	1.054	1.007	0.942	0.904	0.861	0.847	0.841	0.841	0.853	0.853	0.993	0.867
5.750	50.120	1.469	1.570	1.648	1.718	1.766	1.795	1.803	1.758	1.626	1.514	1.429	1.321	1.265	1.233	1.153	1.102	1.035	0.991	0.944	0.925	0.916	0.912	0.920	0.923	1.059	0.931
5.750	63.100	1.469	1.570	1.644	1.718	1.766	1.795	1.807	1.774	1.667	1.578	1.507	1.409	1.361	1.327	1.247	1.197	1.127	1.076	1.026	1.000	0.986	0.979	0.986	0.991	1.125	0.991
5.750	79.430	1.469	1.570	1.648	1.714	1.766	1.795	1.811	1.791	1.706	1.637	1.574	1.489	1.449	1.416	1.337	1.288	1.213	1.159	1.102	1.072	1.054	1.045	1.047	1.052	1.186	1.047
5.750	100.000	1.469	1.567	1.648	1.718	1.766	1.799	1.816	1.803	1.738	1.690	1.641	1.563	1.528	1.493	1.419	1.365	1.294	1.230	1.172	1.138	1.117	1.099	1.102	1.112	1.239	1.096
5.750	125.890	1.469	1.567	1.648	1.718	1.766	1.803	1.824	1.811	1.766	1.734	1.694	1.626	1.596	1.556	1.486	1.439	1.358	1.294	1.230	1.194	1.167	1.151	1.148	1.156	1.282	1.143
5.750	158.490	1.472	1.567	1.648	1.718	1.766	1.799	1.824	1.820	1.786	1.770	1.738	1.679	1.652	1.614	1.545	1.493	1.416	1.349	1.279	1.239	1.211	1.189	1.189	1.199	1.318	1.175
5.750	199.530	1.472	1.570	1.644	1.718	1.766	1.803	1.828	1.828	1.803	1.799	1.766	1.718	1.694	1.656	1.592	1.538	1.459	1.390	1.321	1.276	1.245	1.222	1.219	1.230	1.349	1.205
5.750	251.190	1.472	1.567	1.644	1.718	1.770	1.803	1.828	1.832	1.816	1.816	1.795	1.750	1.730	1.690	1.626	1.574	1.496	1.422	1.349	1.303	1.271	1.245	1.242	1.253	1.371	1.225
5.750	316.230	1.472	1.567	1.644	1.718	1.770	1.803	1.832	1.832	1.828	1.832	1.816	1.774	1.750	1.714	1.652	1.600	1.521	1.449	1.374	1.324	1.288	1.262	1.259	1.271	1.387	1.239
5.750	398.110	1.469	1.570	1.644	1.718	1.766	1.803	1.832	1.837	1.832	1.841	1.828	1.791	1.770	1.734	1.671	1.618	1.538	1.462	1.390	1.337	1.303	1.276	1.271	1.282	1.400	1.250
5.750	501.190	1.469	1.567	1.648	1.714	1.770	1.803	1.832	1.841	1.832	1.849	1.837	1.803	1.786	1.746	1.683	1.633	1.552	1.476	1.403	1.349	1.315	1.285	1.279	1.291	1.406	1.259
5.750	630.960	1.469	1.567	1.644	1.718	1.770	1.803	1.832	1.841	1.841	1.854	1.845	1.807	1.791	1.750	1.690	1.641	1.560	1.486	1.406	1.355	1.321	1.291	1.285	1.300	1.413	1.265
5.750	794.330	1.469	1.567	1.648	1.718	1.770	1.807	1.832	1.841	1.841	1.858	1.845	1.811	1.795	1.758	1.698	1.644	1.567	1.489	1.416	1.358	1.324	1.297	1.288	1.303	1.419	1.268
5.750	1000.000	1.469	1.570	1.648	1.718	1.766	1.803	1.832	1.845	1.841	1.862	1.849	1.816	1.803	1.762	1.702	1.648	1.567	1.493	1.416	1.361	1.327	1.300	1.291	1.306	1.419	1.271
6.000	1.000	1.472	1.570	1.644	1.714	1.758	1.762	1.710	1.517	1.072	0.764	0.605	0.461	0.394	0.378	0.316	0.289	0.262	0.254	0.246	0.256	0.267	0.282	0.300	0.292	0.403	0.332
6.000	1.260	1.469	1.570	1.644	1.718	1.758	1.766	1.714	1.521	1.079	0.769	0.611	0.467	0.400	0.384	0.322	0.294	0.266	0.259	0.249	0.259	0.271	0.286	0.304	0.296	0.406	0.337
6.000	1.580	1.472	1.567	1.644	1.714	1.758	1.766	1.714	1.524	1.084	0.780	0.621	0.475	0.407	0.392	0.330	0.301	0.273	0.265	0.256	0.266	0.277	0.292	0.310	0.303	0.414	0.343
6.000	2.000	1.472	1.567	1.644	1.718	1.762	1.766	1.718	1.531	1.096	0.793	0.635	0.489	0.420	0.404	0.340	0.311	0.282	0.275	0.264	0.275	0.286	0.301	0.319	0.312	0.425	0.352
6.000	2.510	1.472	1.570	1.648	1.718	1.758	1.766	1.722	1.538	1.114	0.813	0.655	0.506	0.438	0.421	0.356	0.326	0.296	0.288	0.277	0.287	0.299	0.314	0.332	0.324	0.439	0.364
6.000	3.160	1.472	1.570	1.648	1.714	1.758	1.770	1.726	1.545	1.132	0.836	0.679	0.530	0.461	0.444	0.377	0.347	0.315	0.305	0.294	0.304	0.316	0.330	0.348	0.341	0.458	0.381
6.000	3.980	1.469	1.570	1.648	1.718	1.762	1.770	1.730	1.560	1.159	0.867	0.713	0.561	0.491	0.472	0.404	0.372	0.340	0.329	0.316	0.327	0.337	0.352	0.371	0.363	0.483	0.404
6.000	5.010	1.469	1.567	1.648	1.714	1.758	1.774	1.734	1.574	1.189	0.908	0.752	0.600	0.528	0.509	0.439	0.406	0.371	0.358	0.345	0.353	0.365	0.379	0.398	0.392	0.513	0.431
6.000	6.310	1.469	1.567	1.644	1.718	1.758	1.774	1.742	1.592	1.225	0.953	0.800	0.647	0.574	0.555	0.481	0.446	0.408	0.395	0.379	0.387	0.398	0.412	0.431	0.424	0.550	0.463
6.000	7.940	1.469	1.567	1.644	1.718	1.758	1.778	1.746	1.611	1.265	1.005	0.853	0.701	0.628	0.607	0.531	0.493	0.453	0.438	0.421	0.428	0.438	0.451	0.469	0.462	0.592	0.501
6.000	10.000	1.472	1.570	1.648	1.714	1.758	1.778	1.754	1.629	1.309	1.062	0.912	0.762	0.689	0.667	0.589	0.548	0.506	0.488	0.469	0.473	0.482	0.495	0.514	0.507	0.640	0.545
6.000	12.590	1.472	1.570	1.644	1.718	1.762	1.782	1.762	1.652	1.352	1.122	0.979	0.832	0.759	0.735	0.653	0.612	0.566	0.545	0.522	0.526	0.533	0.545	0.562	0.557	0.692	0.593
6.000	15.850	1.472	1.570	1.648	1.714	1.762	1.786	1.770	1.667	1.400	1.186	1.052	0.908	0.834	0.809	0.726	0.684	0.634	0.610	0.583	0.585	0.590	0.600	0.618	0.612	0.750	0.644
6.000	19.950	1.469	1.570	1.648	1.718	1.762	1.786	1.778	1.690	1.449	1.253	1.125	0.989	0.918	0.891	0.807	0.762	0.710	0.681	0.650	0.649	0.652	0.661	0.676	0.673	0.811	0.700
6.000	25.120	1.469	1.567	1.648	1.718	1.762	1.791	1.786	1.710	1.500	1.324	1.205	1.074	1.007	0.979	0.893	0.847	0.791	0.759	0.724	0.719	0.718	0.724	0.738	0.738	0.877	0.760
6.000	31.620	1.472	1.570	1.644	1.718	1.766	1.791	1.795	1.730	1.545	1.393	1.288	1.164	1.102	1.069	0.989	0.940	0.877	0.841	0.802	0.793	0.789	0.793	0.805	0.804	0.944	0.822
6.000	39.810	1.469	1.570	1.644	1.718	1.766	1.791	1.799	1.750	1.592	1.466	1.371	1.256	1.197	1.164	1.081	1.033	0.968	0.927	0.883	0.869	0.863	0.861	0.873	0.873	1.009	0.885
6.000	50.120	1.469	1.567	1.648	1.714	1.762	1.795	1.807	1.766	1.637	1.531	1.449	1.346	1.294	1.259	1.180	1.127	1.062	1.016	0.966	0.946	0.938	0.931	0.940	0.942	1.079	0.948
6.000	63.100	1.469	1.570	1.644	1.718	1.766	1.799	1.811	1.782	1.675	1.592	1.528	1.432	1.384	1.349	1.274	1.222	1.151	1.099	1.047	1.021	1.007	0.995	1.005	1.007	1.140	1.007
6.000	79.430	1.469	1.570	1.648	1.718	1.766	1.799	1.816	1.795	1.714	1.652	1.592	1.510	1.469	1.435	1.361	1.306	1.236	1.180	1.122	1.091	1.072	1.059	1.064	1.069	1.199	1.062
6.000	100.000	1.469	1.570	1.648	1.714	1.766	1.803	1.820	1.807	1.742	1.702	1.656	1.581	1.545	1.510	1.439	1.384	1.312	1.250	1.189	1.153	1.130	1.114	1.117	1.125	1.253	1.109
6.000	125.890	1.469	1.570	1.648	1.718	1.766	1.799	1.824	1.816	1.770	1.742	1.706	1.644	1.611	1.574	1.507	1.452	1.377	1.312	1.247	1.205	1.180	1.161	1.161	1.169	1.294	1.151
6.000	158.490	1.469	1.570	1.648	1.718	1.766	1.803	1.824	1.824	1.791	1.774	1.742	1.690	1.663	1.626	1.556	1.507	1.429	1.361	1.291	1.250	1.219	1.199	1.197	1.205	1.327	1.186
6.000	199.530	1.469	1.570	1.644	1.718	1.766	1.803	1.824	1.828	1.807	1.799	1.778	1.726	1.706	1.663	1.600	1.549	1.469	1.400	1.330	1.282	1.250	1.227	1.225	1.236	1.355	1.211
6.000	251.190	1.472	1.570	1.648	1.714	1.770	1.803	1.828	1.837	1.820	1.824	1.803	1.758	1.738	1.694	1.633	1.581	1.500	1.429	1.355	1.309	1.276	1.250	1.247	1.256	1.377	1.227
6.000	316.230	1.472	1.570	1.644	1.718	1.770	1.803	1.828	1.837	1.824	1.832	1.820	1.778	1.758	1.722	1.656	1.603	1.524	1.449	1.377	1.327	1.294	1.268	1.262	1.274	1.390	1.242
6.000	398.110	1.472	1.567	1.644	1.718	1.766	1.803	1.828	1.841	1.832	1.845	1.832	1.795	1.774	1.734	1.671	1.622	1.542	1.466	1.390	1.340	1.306	1.279	1.274	1.285	1.403	1.253
6.000	501.190	1.472	1.567	1.644	1.718	1.770	1.803	1.832	1.837	1.837	1.849	1.837	1.803	1.782	1.746	1.687	1.637	1.552	1.476	1.403	1.349	1.315	1.285	1.282	1.294	1.409	1.259
6.000	630.960	1.469	1.567	1.648	1.718	1.770	1.803	1.832	1.841	1.841	1.854	1.841	1.807	1.795	1.754	1.694	1.641	1.560	1.486	1.409	1.358	1.321	1.291	1.288	1.297	1.413	1.265
6.000	794.330	1.469	1.567	1.648	1.718	1.770	1.803	1.832	1.845	1.841	1.858	1.845	1.816	1.799	1.762	1.698	1.648	1.567	1.489	1.413	1.361	1.324	1.297	1.291	1.303	1.416	1.268
6.000	1000.000	1.469	1.570	1.648	1.714	1.766	1.807	1.832	1.841	1.845	1.862	1.849	1.816	1.803	1.762	1.702	1.652	1.567	1.493	1.416	1.365	1.327	1.300	1.294	1.303	1.422	1.271
6.250	1.000	1.472	1.567	1.648	1.718	1.758	1.770	1.734	1.570	1.183	0.895	0.740	0.590	0.518	0.499	0.429	0.395	0.361	0.349	0.337	0.345	0.356	0.372	0.390	0.383	0.505	0.423
6.250	1.260	1.469	1.567	1.648	1.714	1.762	1.770	1.734	1.570	1.186	0.897	0.743	0.593	0.520	0.501	0.431	0.397	0.363	0.352	0.338	0.347	0.359	0.373	0.392	0.385	0.507	0.425
6.250	1.580	1.472	1.570	1.644	1.718	1.758	1.770	1.734	1.574	1.189	0.904	0.746	0.596	0.524	0.505	0.435	0.401	0.366	0.355	0.341	0.350	0.361	0.376	0.394	0.387	0.509	0.427
6.250	2.000	1.472	1.570	1.648	1.718	1.762	1.774	1.738	1.578	1.191	0.910	0.753	0.603	0.530	0.511	0.440	0.406	0.372	0.359	0.346	0.355	0.365	0.379	0.399	0.392	0.514	0.432
6.250	2.510	1.472	1.570	1.644	1.718	1.762	1.770	1.734	1.578	1.199	0.916	0.762	0.611	0.538	0.519	0.447	0.414	0.378	0.366	0.352	0.361	0.372	0.386	0.406	0.399	0.521	0.438
6.250	3.160	1.469	1.570	1.644	1.714	1.758	1.774	1.738	1.581	1.208	0.931	0.776	0.624	0.551	0.532	0.459	0.426	0.390	0.377	0.362	0.372	0.381	0.396	0.415	0.407	0.532	0.448
6.250	3.980	1.472	1.570	1.644	1.718	1.762	1.774	1.738	1.592	1.222	0.948	0.794	0.643	0.571	0.551	0.476	0.443	0.406	0.392	0.377	0.385	0.395	0.410	0.429	0.422	0.547	0.461
6.250	5.010	1.469	1.567	1.644	1.718	1.762	1.774	1.742	1.600	1.245	0.973	0.822	0.671	0.597	0.575	0.501	0.466	0.428	0.412	0.396	0.405	0.414	0.429	0.448	0.441	0.568	0.479
6.250	6.310	1.469	1.567	1.648	1.718	1.762	1.778	1.750	1.611	1.268	1.007	0.855	0.705	0.632	0.611	0.535	0.497	0.457	0.441	0.424	0.430	0.440	0.454	0.472	0.466	0.596	0.504
6.250	7.940	1.472	1.567	1.644	1.718	1.762	1.778	1.754	1.626	1.300	1.047	0.899	0.748	0.676	0.653	0.574	0.536	0.494	0.476	0.458	0.463	0.472	0.485	0.504	0.498	0.628	0.535
6.250	10.000	1.469	1.567	1.644	1.718	1.762	1.778	1.758	1.641	1.334	1.094	0.951	0.802	0.729	0.705	0.625	0.586	0.541	0.521	0.499	0.505	0.512	0.524	0.541	0.537	0.671	0.571
6.250	12.590	1.469	1.567	1.648	1.718	1.766	1.782	1.766	1.660	1.377	1.148	1.012	0.867	0.791	0.767	0.685	0.644	0.596	0.574	0.550	0.552	0.558	0.569	0.586	0.582	0.718	0.615
6.250	15.850	1.472	1.570	1.648	1.718	1.762	1.782	1.774	1.675	1.419	1.211	1.079	0.935	0.865	0.838	0.757	0.713	0.661	0.635	0.608	0.608	0.612	0.621	0.638	0.634	0.773	0.664
6.250	19.950	1.469	1.567	1.648	1.718	1.766	1.786	1.782	1.694	1.466	1.274	1.151	1.014	0.944	0.918	0.834	0.787	0.735	0.705	0.673	0.670	0.673	0.679	0.695	0.692	0.830	0.718
6.250	25.120	1.469	1.567	1.644	1.718	1.766	1.786	1.786	1.714	1.510	1.343	1.227	1.099	1.033	1.002	0.918	0.871	0.815	0.780	0.745	0.740	0.738	0.743	0.757	0.755	0.895	0.776
6.250	31.620	1.469	1.570	1.644	1.718	1.766	1.791	1.791	1.734	1.560	1.413	1.306	1.189	1.125	1.094	1.012	0.962	0.899	0.863	0.822	0.813	0.807	0.809	0.822	0.822	0.962	0.838
6.250	39.810	1.472	1.570	1.644	1.718	1.762	1.795	1.803	1.754	1.603	1.483	1.387	1.276	1.219	1.186	1.107	1.057	0.991	0.948	0.904	0.887	0.879	0.877	0.887	0.889	1.028	0.899
6.250	50.120	1.469	1.567	1.648	1.718	1.766	1.795	1.807	1.770	1.648	1.549	1.466	1.365	1.315	1.279	1.202	1.151	1.081	1.035	0.986	0.964	0.951	0.946	0.955	0.955	1.094	0.959
6.250	63.100	1.472	1.567	1.648	1.718	1.766	1.795	1.811	1.782	1.687	1.611	1.542	1.449	1.406	1.368	1.294	1.239	1.169	1.117	1.064	1.035	1.021	1.012	1.019	1.021	1.156	1.021
6.250	79.430	1.472	1.567	1.648	1.718	1.766	1.799	1.816	1.799	1.722	1.667	1.607	1.531	1.489	1.452	1.377	1.324	1.253	1.197	1.138	1.104	1.084	1.072	1.074	1.081	1.211	1.072
6.250	100.000	1.469	1.570	1.648	1.718	1.766	1.799	1.820	1.807	1.750	1.710	1.663	1.596	1.560	1.528	1.452	1.400	1.324	1.265	1.202	1.164	1.140	1.125	1.127	1.135	1.259	1.119
6.250	125.890	1.469	1.570	1.644	1.718	1.766	1.799	1.824	1.816	1.774	1.750	1.714	1.652	1.626	1.585	1.517	1.466	1.387	1.324	1.256	1.216	1.189	1.169	1.169	1.178	1.303	1.156
6.250	158.490	1.469	1.570	1.648	1.718	1.770	1.803	1.824	1.824	1.795	1.782	1.750	1.698	1.671	1.633	1.567	1.517	1.439	1.368	1.300	1.256	1.227	1.205	1.202	1.213	1.334	1.189
6.250	199.530	1.469	1.570	1.648	1.718	1.770	1.803	1.828	1.828	1.807	1.807	1.782	1.738	1.710	1.675	1.607	1.556	1.476	1.406	1.334	1.288	1.259	1.233	1.230	1.242	1.358	1.213
6.250	251.190	1.472	1.570	1.648	1.718	1.766	1.803	1.828	1.832	1.816	1.824	1.803	1.762	1.742	1.702	1.637	1.585	1.507	1.432	1.361	1.312	1.279	1.253	1.250	1.259	1.380	1.230
6.250	316.230	1.472	1.570	1.648	1.718	1.766	1.803	1.828	1.837	1.828	1.837	1.816	1.778	1.762	1.722	1.660	1.611	1.528	1.455	1.380	1.330	1.297	1.268	1.262	1.276	1.393	1.245
6.250	398.110	1.472	1.567	1.648	1.714	1.766	1.803	1.832	1.837	1.832	1.845	1.828	1.795	1.774	1.738	1.675	1.626	1.542	1.469	1.393	1.343	1.309	1.279	1.274	1.285	1.403	1.253
6.250	501.190	1.472	1.567	1.644	1.718	1.770	1.803	1.828	1.841	1.837	1.849	1.841	1.803	1.791	1.746	1.690	1.637	1.556	1.479	1.403	1.349	1.315	1.288	1.282	1.294	1.409	1.259
6.250	630.960	1.469	1.567	1.648	1.718	1.766	1.807	1.832	1.841	1.841	1.854	1.845	1.811	1.795	1.754	1.694	1.641	1.563	1.486	1.409	1.355	1.321	1.291	1.285	1.300	1.413	1.265
6.250	794.330	1.469	1.570	1.648	1.718	1.770	1.803	1.832	1.841	1.841	1.862	1.849	1.816	1.799	1.758	1.698	1.648	1.567	1.489	1.413	1.361	1.324	1.297	1.291	1.303	1.416	1.268
6.250	1000.000	1.469	1.570	1.644	1.718	1.766	1.807	1.832	1.841	1.841	1.862	1.849	1.820	1.803	1.762	1.706	1.652	1.567	1.496	1.416	1.365	1.330	1.297	1.294	1.306	1.419	1.271
6.500	1.000	1.472	1.570	1.648	1.718	1.762	1.778	1.746	1.607	1.262	0.998	0.847	0.697	0.622	0.601	0.525	0.489	0.449	0.434	0.416	0.423	0.434	0.447	0.466	0.459	0.587	0.498
6.500	1.260	1.472	1.570	1.644	1.718	1.762	1.778	1.750	1.611	1.262	1.000	0.849	0.697	0.624	0.601	0.527	0.490	0.450	0.434	0.418	0.425	0.435	0.448	0.467	0.459	0.589	0.498
6.500	1.580	1.469	1.567	1.644	1.718	1.758	1.774	1.750	1.611	1.265	1.000	0.851	0.700	0.625	0.604	0.528	0.491	0.451	0.437	0.419	0.426	0.436	0.449	0.468	0.462	0.590	0.500
6.500	2.000	1.469	1.570	1.648	1.714	1.762	1.778	1.746	1.611	1.265	1.005	0.855	0.703	0.630	0.608	0.531	0.495	0.455	0.439	0.422	0.429	0.438	0.452	0.471	0.463	0.593	0.502
6.500	2.510	1.472	1.570	1.644	1.714	1.762	1.778	1.750	1.614	1.271	1.009	0.859	0.708	0.634	0.614	0.537	0.499	0.459	0.444	0.426	0.432	0.442	0.456	0.474	0.468	0.597	0.506
6.500	3.160	1.469	1.570	1.648	1.718	1.762	1.778	1.750	1.614	1.276	1.016	0.867	0.716	0.643	0.621	0.543	0.506	0.466	0.450	0.432	0.439	0.448	0.462	0.480	0.474	0.604	0.512
6.500	3.980	1.472	1.567	1.644	1.718	1.762	1.778	1.754	1.618	1.285	1.028	0.881	0.729	0.655	0.632	0.556	0.518	0.476	0.460	0.442	0.447	0.457	0.471	0.489	0.482	0.612	0.520
6.500	5.010	1.469	1.570	1.648	1.714	1.762	1.778	1.754	1.622	1.297	1.045	0.897	0.746	0.673	0.650	0.571	0.535	0.491	0.474	0.455	0.461	0.470	0.483	0.501	0.495	0.627	0.532
6.500	6.310	1.472	1.570	1.648	1.718	1.762	1.782	1.754	1.633	1.315	1.069	0.920	0.773	0.697	0.675	0.596	0.556	0.513	0.495	0.474	0.480	0.489	0.501	0.519	0.513	0.646	0.550
6.500	7.940	1.469	1.570	1.644	1.718	1.762	1.778	1.758	1.641	1.337	1.099	0.953	0.805	0.733	0.706	0.628	0.587	0.542	0.522	0.501	0.506	0.514	0.526	0.545	0.537	0.673	0.573
6.500	10.000	1.469	1.567	1.648	1.718	1.762	1.782	1.762	1.656	1.368	1.135	0.995	0.849	0.774	0.752	0.670	0.628	0.582	0.560	0.537	0.540	0.547	0.558	0.575	0.570	0.706	0.604
6.500	12.590	1.469	1.570	1.648	1.718	1.762	1.782	1.770	1.667	1.396	1.183	1.047	0.904	0.830	0.805	0.723	0.681	0.631	0.607	0.581	0.581	0.586	0.597	0.614	0.610	0.746	0.641
6.500	15.850	1.469	1.570	1.648	1.718	1.762	1.786	1.778	1.687	1.435	1.236	1.107	0.968	0.897	0.869	0.787	0.743	0.690	0.662	0.634	0.632	0.635	0.644	0.661	0.658	0.794	0.687
6.500	19.950	1.472	1.570	1.648	1.718	1.766	1.786	1.782	1.702	1.479	1.297	1.175	1.040	0.973	0.942	0.861	0.815	0.759	0.728	0.695	0.692	0.692	0.700	0.714	0.711	0.851	0.736
6.500	25.120	1.469	1.570	1.644	1.714	1.766	1.791	1.791	1.722	1.524	1.361	1.250	1.122	1.054	1.026	0.942	0.893	0.836	0.800	0.764	0.757	0.755	0.759	0.773	0.771	0.912	0.793
6.500	31.620	1.469	1.570	1.644	1.718	1.762	1.791	1.795	1.738	1.567	1.426	1.324	1.208	1.146	1.114	1.030	0.982	0.920	0.881	0.839	0.828	0.824	0.822	0.836	0.836	0.975	0.851
6.500	39.810	1.472	1.567	1.648	1.718	1.762	1.795	1.803	1.758	1.611	1.493	1.406	1.294	1.236	1.205	1.125	1.072	1.007	0.964	0.918	0.902	0.893	0.889	0.902	0.902	1.038	0.912
6.500	50.120	1.469	1.570	1.644	1.718	1.766	1.799	1.807	1.774	1.656	1.556	1.483	1.384	1.327	1.297	1.216	1.167	1.099	1.047	1.000	0.975	0.964	0.957	0.966	0.968	1.104	0.971
6.500	63.100	1.469	1.570	1.648	1.718	1.766	1.799	1.816	1.786	1.690	1.614	1.552	1.466	1.419	1.384	1.306	1.256	1.183	1.130	1.074	1.050	1.030	1.021	1.026	1.030	1.164	1.028
6.500	79.430	1.469	1.570	1.644	1.718	1.766	1.799	1.816	1.799	1.726	1.671	1.614	1.542	1.500	1.466	1.387	1.337	1.265	1.205	1.146	1.114	1.094	1.079	1.084	1.089	1.219	1.079
6.500	100.000	1.469	1.567	1.644	1.718	1.766	1.799	1.820	1.811	1.754	1.718	1.671	1.607	1.570	1.535	1.462	1.409	1.337	1.271	1.208	1.172	1.148	1.132	1.132	1.140	1.268	1.125
6.500	125.890	1.472	1.570	1.648	1.714	1.770	1.803	1.824	1.820	1.778	1.754	1.718	1.660	1.633	1.592	1.524	1.472	1.396	1.330	1.262	1.222	1.194	1.175	1.175	1.183	1.309	1.161
6.500	158.490	1.472	1.570	1.648	1.718	1.766	1.799	1.828	1.824	1.795	1.786	1.758	1.706	1.679	1.641	1.574	1.524	1.442	1.374	1.303	1.262	1.230	1.211	1.208	1.216	1.340	1.191
6.500	199.530	1.472	1.570	1.648	1.714	1.766	1.803	1.828	1.832	1.811	1.807	1.782	1.738	1.718	1.675	1.614	1.560	1.483	1.409	1.340	1.291	1.262	1.236	1.233	1.245	1.361	1.216
6.500	251.190	1.472	1.570	1.648	1.714	1.766	1.803	1.828	1.837	1.820	1.828	1.807	1.766	1.746	1.706	1.641	1.589	1.510	1.435	1.361	1.315	1.282	1.256	1.253	1.262	1.380	1.233
6.500	316.230	1.472	1.570	1.648	1.718	1.766	1.803	1.832	1.837	1.828	1.837	1.820	1.782	1.762	1.722	1.663	1.611	1.531	1.455	1.384	1.330	1.297	1.271	1.265	1.276	1.393	1.245
6.500	398.110	1.469	1.567	1.648	1.718	1.770	1.803	1.832	1.841	1.837	1.845	1.832	1.795	1.778	1.738	1.675	1.626	1.545	1.472	1.396	1.343	1.309	1.279	1.276	1.288	1.406	1.256
6.500	501.190	1.469	1.567	1.644	1.718	1.766	1.807	1.832	1.837	1.837	1.854	1.837	1.803	1.791	1.750	1.690	1.637	1.556	1.479	1.406	1.352	1.318	1.288	1.282	1.294	1.413	1.262
6.500	630.960	1.469	1.567	1.648	1.718	1.770	1.803	1.832	1.841	1.837	1.858	1.845	1.811	1.795	1.754	1.694	1.644	1.563	1.489	1.409	1.358	1.324	1.294	1.285	1.300	1.416	1.268
6.500	794.330	1.469	1.567	1.644	1.718	1.766	1.803	1.832	1.845	1.841	1.858	1.849	1.816	1.803	1.762	1.698	1.648	1.567	1.489	1.416	1.361	1.327	1.297	1.291	1.303	1.419	1.268
6.500	1000.000	1.469	1.570	1.644	1.714	1.770	1.803	1.832	1.841	1.845	1.862	1.854	1.820	1.803	1.766	1.706	1.652	1.570	1.493	1.419	1.365	1.327	1.300	1.294	1.306	1.422	1.271
6.750	1.000	1.469	1.570	1.644	1.714	1.762	1.778	1.758	1.633	1.324	1.081	0.938	0.787	0.713	0.689	0.611	0.571	0.526	0.507	0.486	0.492	0.499	0.512	0.530	0.525	0.658	0.560
6.750	1.260	1.469	1.570	1.644	1.718	1.762	1.778	1.758	1.637	1.327	1.081	0.935	0.787	0.713	0.690	0.611	0.571	0.527	0.508	0.486	0.492	0.500	0.512	0.531	0.525	0.659	0.561
6.750	1.580	1.469	1.567	1.644	1.714	1.762	1.782	1.758	1.637	1.327	1.081	0.938	0.789	0.714	0.690	0.612	0.573	0.528	0.509	0.489	0.493	0.501	0.513	0.532	0.525	0.661	0.561
6.750	2.000	1.469	1.570	1.644	1.718	1.762	1.782	1.758	1.641	1.327	1.084	0.940	0.791	0.716	0.693	0.614	0.575	0.531	0.512	0.490	0.495	0.502	0.515	0.533	0.527	0.661	0.564
6.750	2.510	1.469	1.567	1.644	1.718	1.762	1.782	1.758	1.641	1.327	1.086	0.942	0.794	0.721	0.697	0.617	0.578	0.533	0.514	0.492	0.498	0.505	0.518	0.536	0.530	0.664	0.566
6.750	3.160	1.472	1.570	1.648	1.714	1.762	1.778	1.762	1.641	1.334	1.091	0.948	0.800	0.726	0.703	0.622	0.583	0.538	0.518	0.497	0.501	0.509	0.522	0.540	0.535	0.667	0.570
6.750	3.980	1.472	1.570	1.644	1.718	1.762	1.782	1.762	1.641	1.340	1.099	0.955	0.809	0.735	0.710	0.631	0.590	0.546	0.525	0.504	0.507	0.515	0.527	0.545	0.540	0.675	0.575
6.750	5.010	1.469	1.570	1.644	1.718	1.762	1.778	1.762	1.644	1.346	1.109	0.968	0.820	0.746	0.721	0.641	0.601	0.556	0.536	0.514	0.518	0.524	0.537	0.555	0.548	0.684	0.583
6.750	6.310	1.469	1.570	1.648	1.714	1.762	1.782	1.766	1.652	1.358	1.125	0.984	0.838	0.766	0.740	0.659	0.618	0.571	0.551	0.528	0.531	0.537	0.550	0.568	0.562	0.697	0.596
6.750	7.940	1.469	1.570	1.644	1.714	1.762	1.782	1.770	1.656	1.374	1.148	1.009	0.863	0.789	0.766	0.684	0.643	0.594	0.573	0.548	0.550	0.557	0.569	0.585	0.579	0.716	0.614
6.750	10.000	1.472	1.567	1.648	1.718	1.762	1.782	1.770	1.667	1.396	1.180	1.042	0.897	0.824	0.800	0.718	0.675	0.625	0.603	0.575	0.578	0.583	0.593	0.611	0.605	0.743	0.638
6.750	12.590	1.472	1.570	1.648	1.718	1.766	1.782	1.774	1.679	1.422	1.216	1.086	0.944	0.871	0.845	0.764	0.718	0.668	0.641	0.614	0.612	0.617	0.627	0.643	0.640	0.776	0.670
6.750	15.850	1.469	1.567	1.648	1.718	1.762	1.786	1.778	1.694	1.455	1.262	1.138	1.000	0.929	0.902	0.818	0.773	0.719	0.692	0.661	0.658	0.661	0.668	0.684	0.681	0.818	0.708
6.750	19.950	1.469	1.570	1.644	1.714	1.766	1.786	1.786	1.710	1.493	1.318	1.197	1.067	0.998	0.968	0.885	0.839	0.782	0.750	0.716	0.711	0.711	0.718	0.733	0.729	0.869	0.755
6.750	25.120	1.472	1.567	1.644	1.718	1.766	1.791	1.791	1.726	1.531	1.374	1.265	1.140	1.076	1.047	0.962	0.914	0.855	0.820	0.782	0.774	0.771	0.774	0.787	0.785	0.925	0.807
6.750	31.620	1.469	1.570	1.648	1.718	1.762	1.795	1.795	1.742	1.574	1.439	1.340	1.222	1.161	1.130	1.047	0.998	0.935	0.895	0.855	0.841	0.836	0.836	0.847	0.847	0.986	0.861
6.750	39.810	1.472	1.570	1.644	1.718	1.762	1.795	1.803	1.758	1.618	1.503	1.416	1.309	1.250	1.216	1.138	1.086	1.021	0.977	0.929	0.912	0.904	0.902	0.910	0.910	1.050	0.920
6.750	50.120	1.472	1.570	1.644	1.718	1.766	1.799	1.807	1.770	1.660	1.567	1.489	1.393	1.340	1.306	1.227	1.178	1.109	1.059	1.007	0.986	0.971	0.966	0.973	0.975	1.109	0.977
6.750	63.100	1.472	1.567	1.648	1.718	1.766	1.799	1.816	1.786	1.694	1.622	1.560	1.472	1.429	1.390	1.315	1.265	1.191	1.138	1.081	1.054	1.038	1.028	1.033	1.038	1.169	1.033
6.750	79.430	1.472	1.570	1.644	1.718	1.766	1.799	1.820	1.799	1.730	1.675	1.622	1.545	1.507	1.472	1.396	1.343	1.271	1.213	1.151	1.122	1.099	1.086	1.089	1.096	1.222	1.086
6.750	100.000	1.469	1.570	1.648	1.714	1.766	1.803	1.824	1.811	1.754	1.722	1.679	1.607	1.574	1.542	1.469	1.416	1.343	1.276	1.216	1.178	1.153	1.138	1.135	1.146	1.271	1.130
6.750	125.890	1.472	1.570	1.648	1.718	1.766	1.803	1.824	1.820	1.778	1.758	1.722	1.663	1.637	1.596	1.528	1.476	1.400	1.334	1.265	1.225	1.197	1.178	1.178	1.186	1.309	1.167
6.750	158.490	1.469	1.570	1.648	1.718	1.766	1.799	1.824	1.824	1.795	1.791	1.758	1.706	1.683	1.644	1.578	1.528	1.445	1.380	1.306	1.265	1.233	1.211	1.208	1.219	1.340	1.194
6.750	199.530	1.469	1.570	1.648	1.714	1.770	1.803	1.828	1.828	1.811	1.811	1.786	1.742	1.718	1.679	1.614	1.563	1.486	1.413	1.340	1.294	1.262	1.239	1.233	1.245	1.365	1.219
6.750	251.190	1.469	1.567	1.648	1.714	1.766	1.803	1.828	1.837	1.820	1.828	1.807	1.766	1.746	1.706	1.644	1.592	1.510	1.439	1.365	1.315	1.282	1.256	1.253	1.265	1.380	1.236
6.750	316.230	1.469	1.567	1.648	1.718	1.766	1.803	1.832	1.841	1.828	1.841	1.824	1.782	1.766	1.726	1.663	1.614	1.531	1.459	1.384	1.334	1.297	1.274	1.265	1.279	1.396	1.247
6.750	398.110	1.469	1.570	1.648	1.718	1.770	1.803	1.828	1.841	1.837	1.845	1.832	1.795	1.778	1.738	1.679	1.629	1.545	1.472	1.396	1.346	1.309	1.282	1.276	1.288	1.403	1.256
6.750	501.190	1.472	1.567	1.648	1.714	1.766	1.803	1.832	1.841	1.837	1.854	1.841	1.803	1.786	1.750	1.687	1.637	1.556	1.479	1.403	1.352	1.315	1.288	1.282	1.294	1.409	1.262
6.750	630.960	1.472	1.567	1.648	1.718	1.766	1.803	1.828	1.841	1.841	1.854	1.845	1.811	1.795	1.754	1.694	1.644	1.563	1.489	1.413	1.358	1.321	1.294	1.288	1.300	1.416	1.265
6.750	794.330	1.472	1.567	1.644	1.714	1.766	1.803	1.832	1.841	1.841	1.862	1.845	1.816	1.799	1.762	1.702	1.652	1.567	1.489	1.413	1.361	1.324	1.297	1.291	1.303	1.419	1.268
6.750	1000.000	1.472	1.567	1.644	1.718	1.766	1.803	1.828	1.845	1.845	1.862	1.849	1.820	1.803	1.766	1.702	1.652	1.570	1.496	1.416	1.365	1.327	1.300	1.291	1.306	1.419	1.271
7.000	1.000	1.472	1.570	1.648	1.714	1.766	1.782	1.766	1.660	1.374	1.148	1.009	0.863	0.789	0.766	0.684	0.643	0.594	0.571	0.548	0.551	0.557	0.568	0.586	0.581	0.716	0.614
7.000	1.260	1.469	1.570	1.644	1.718	1.762	1.782	1.766	1.656	1.374	1.148	1.012	0.865	0.791	0.766	0.685	0.643	0.596	0.573	0.548	0.551	0.557	0.569	0.586	0.581	0.718	0.615
7.000	1.580	1.472	1.570	1.644	1.718	1.762	1.782	1.766	1.656	1.374	1.151	1.012	0.865	0.793	0.766	0.685	0.643	0.596	0.573	0.550	0.551	0.558	0.569	0.586	0.582	0.718	0.615
7.000	2.000	1.469	1.570	1.644	1.718	1.762	1.782	1.766	1.660	1.377	1.151	1.012	0.867	0.793	0.769	0.687	0.646	0.597	0.574	0.550	0.553	0.560	0.570	0.587	0.582	0.718	0.617
7.000	2.510	1.469	1.570	1.644	1.718	1.762	1.786	1.766	1.660	1.377	1.153	1.014	0.869	0.794	0.771	0.690	0.647	0.598	0.577	0.552	0.555	0.561	0.571	0.589	0.583	0.721	0.617
7.000	3.160	1.469	1.570	1.644	1.714	1.762	1.782	1.766	1.660	1.380	1.156	1.016	0.873	0.800	0.774	0.692	0.650	0.603	0.579	0.555	0.557	0.564	0.574	0.592	0.587	0.723	0.619
7.000	3.980	1.472	1.570	1.644	1.718	1.762	1.782	1.766	1.663	1.384	1.161	1.023	0.879	0.805	0.780	0.698	0.656	0.608	0.585	0.560	0.561	0.569	0.578	0.597	0.592	0.728	0.624
7.000	5.010	1.469	1.570	1.644	1.718	1.762	1.786	1.766	1.663	1.390	1.169	1.030	0.887	0.813	0.787	0.706	0.664	0.615	0.593	0.568	0.569	0.574	0.585	0.603	0.598	0.735	0.631
7.000	6.310	1.472	1.567	1.644	1.714	1.762	1.782	1.770	1.667	1.396	1.180	1.045	0.899	0.828	0.802	0.719	0.676	0.627	0.604	0.578	0.579	0.585	0.594	0.611	0.607	0.745	0.640
7.000	7.940	1.472	1.567	1.648	1.718	1.762	1.786	1.774	1.671	1.409	1.197	1.062	0.918	0.845	0.820	0.738	0.695	0.644	0.619	0.593	0.594	0.598	0.610	0.627	0.621	0.759	0.652
7.000	10.000	1.469	1.570	1.648	1.718	1.766	1.782	1.774	1.679	1.426	1.219	1.086	0.946	0.875	0.847	0.764	0.721	0.670	0.643	0.615	0.615	0.619	0.628	0.646	0.641	0.780	0.671
7.000	12.590	1.469	1.570	1.648	1.714	1.762	1.786	1.778	1.690	1.449	1.250	1.122	0.984	0.912	0.885	0.802	0.757	0.705	0.678	0.647	0.644	0.649	0.656	0.673	0.668	0.807	0.697
7.000	15.850	1.472	1.570	1.648	1.718	1.766	1.791	1.782	1.702	1.476	1.288	1.164	1.030	0.962	0.933	0.849	0.804	0.750	0.719	0.687	0.684	0.684	0.692	0.706	0.703	0.843	0.729
7.000	19.950	1.469	1.567	1.644	1.718	1.766	1.791	1.786	1.714	1.507	1.337	1.219	1.089	1.021	0.993	0.910	0.863	0.805	0.773	0.738	0.731	0.729	0.735	0.750	0.748	0.887	0.769
7.000	25.120	1.469	1.570	1.644	1.718	1.766	1.791	1.791	1.730	1.545	1.390	1.282	1.159	1.094	1.064	0.979	0.933	0.873	0.836	0.796	0.787	0.785	0.787	0.800	0.800	0.940	0.817
7.000	31.620	1.469	1.567	1.648	1.718	1.766	1.795	1.795	1.746	1.581	1.445	1.349	1.233	1.175	1.143	1.059	1.012	0.948	0.908	0.865	0.851	0.845	0.845	0.857	0.855	0.995	0.869
7.000	39.810	1.469	1.567	1.648	1.718	1.762	1.795	1.803	1.762	1.622	1.510	1.419	1.312	1.259	1.227	1.146	1.094	1.028	0.984	0.938	0.920	0.910	0.908	0.916	0.916	1.054	0.927
7.000	50.120	1.472	1.570	1.644	1.714	1.766	1.795	1.807	1.774	1.660	1.567	1.493	1.396	1.346	1.312	1.233	1.180	1.114	1.064	1.014	0.991	0.977	0.968	0.977	0.979	1.114	0.982
7.000	63.100	1.472	1.570	1.648	1.718	1.766	1.799	1.811	1.791	1.694	1.629	1.563	1.476	1.429	1.396	1.321	1.268	1.197	1.143	1.086	1.059	1.042	1.030	1.035	1.040	1.172	1.038
7.000	79.430	1.472	1.570	1.644	1.718	1.770	1.799	1.816	1.803	1.730	1.675	1.622	1.549	1.507	1.476	1.400	1.346	1.274	1.216	1.153	1.122	1.102	1.089	1.091	1.096	1.227	1.084
7.000	100.000	1.472	1.570	1.644	1.718	1.766	1.799	1.820	1.811	1.758	1.722	1.679	1.611	1.578	1.542	1.472	1.419	1.343	1.282	1.216	1.180	1.153	1.138	1.138	1.146	1.274	1.130
7.000	125.890	1.472	1.567	1.644	1.718	1.766	1.799	1.828	1.820	1.782	1.758	1.722	1.663	1.637	1.600	1.531	1.479	1.400	1.334	1.268	1.225	1.199	1.178	1.178	1.186	1.309	1.164
7.000	158.490	1.469	1.570	1.648	1.718	1.766	1.799	1.828	1.828	1.799	1.791	1.758	1.706	1.683	1.644	1.578	1.528	1.449	1.380	1.309	1.265	1.233	1.211	1.208	1.222	1.343	1.194
7.000	199.530	1.469	1.570	1.648	1.718	1.770	1.803	1.828	1.832	1.811	1.811	1.786	1.742	1.718	1.679	1.618	1.563	1.486	1.413	1.343	1.294	1.262	1.236	1.236	1.247	1.368	1.219
7.000	251.190	1.469	1.567	1.648	1.718	1.766	1.803	1.832	1.832	1.820	1.828	1.807	1.766	1.746	1.706	1.644	1.592	1.510	1.439	1.365	1.318	1.285	1.259	1.253	1.265	1.384	1.233
7.000	316.230	1.469	1.567	1.648	1.718	1.766	1.803	1.828	1.837	1.828	1.837	1.824	1.782	1.762	1.726	1.663	1.611	1.531	1.459	1.384	1.334	1.300	1.271	1.265	1.279	1.396	1.245
7.000	398.110	1.469	1.570	1.648	1.718	1.770	1.803	1.828	1.837	1.837	1.849	1.832	1.795	1.778	1.742	1.679	1.626	1.549	1.472	1.396	1.346	1.309	1.282	1.276	1.288	1.406	1.256
7.000	501.190	1.469	1.570	1.648	1.714	1.766	1.803	1.832	1.841	1.837	1.854	1.841	1.803	1.791	1.750	1.690	1.637	1.556	1.483	1.403	1.355	1.318	1.288	1.282	1.294	1.413	1.262
7.000	630.960	1.469	1.570	1.644	1.718	1.766	1.803	1.832	1.841	1.841	1.858	1.845	1.811	1.795	1.758	1.698	1.644	1.563	1.486	1.413	1.358	1.324	1.294	1.288	1.300	1.416	1.268
7.000	794.330	1.469	1.570	1.644	1.714	1.766	1.807	1.832	1.841	1.845	1.858	1.849	1.816	1.799	1.758	1.702	1.648	1.567	1.493	1.416	1.361	1.327	1.297	1.288	1.303	1.419	1.268
7.000	1000.000	1.469	1.570	1.648	1.718	1.770	1.803	1.832	1.845	1.845	1.862	1.849	1.816	1.803	1.762	1.706	1.652	1.570	1.493	1.416	1.365	1.327	1.300	1.291	1.306	1.419	1.271
7.250	1.000	1.469	1.570	1.644	1.714	1.766	1.782	1.770	1.675	1.413	1.202	1.072	0.929	0.855	0.830	0.746	0.705	0.653	0.628	0.600	0.600	0.605	0.615	0.632	0.628	0.766	0.658
7.250	1.260	1.472	1.567	1.644	1.718	1.762	1.782	1.774	1.675	1.416	1.205	1.069	0.927	0.855	0.830	0.746	0.703	0.653	0.628	0.601	0.601	0.605	0.615	0.631	0.628	0.766	0.659
7.250	1.580	1.469	1.570	1.648	1.714	1.762	1.786	1.770	1.675	1.413	1.202	1.072	0.929	0.857	0.830	0.748	0.705	0.653	0.628	0.603	0.601	0.605	0.615	0.632	0.628	0.766	0.659
7.250	2.000	1.469	1.570	1.648	1.718	1.762	1.786	1.774	1.675	1.413	1.205	1.074	0.931	0.859	0.832	0.748	0.706	0.655	0.630	0.603	0.603	0.607	0.617	0.632	0.630	0.767	0.659
7.250	2.510	1.469	1.570	1.644	1.714	1.766	1.782	1.770	1.679	1.416	1.208	1.074	0.931	0.859	0.834	0.750	0.708	0.656	0.631	0.603	0.604	0.608	0.618	0.635	0.630	0.769	0.661
7.250	3.160	1.469	1.570	1.648	1.714	1.766	1.782	1.774	1.679	1.419	1.208	1.074	0.933	0.863	0.836	0.753	0.710	0.658	0.632	0.605	0.605	0.611	0.619	0.635	0.632	0.771	0.662
7.250	3.980	1.472	1.567	1.644	1.714	1.766	1.786	1.774	1.679	1.419	1.211	1.079	0.938	0.865	0.839	0.759	0.714	0.662	0.637	0.610	0.608	0.614	0.622	0.640	0.635	0.773	0.665
7.250	5.010	1.469	1.570	1.648	1.718	1.762	1.786	1.774	1.679	1.426	1.216	1.086	0.946	0.873	0.845	0.764	0.719	0.668	0.643	0.615	0.615	0.618	0.627	0.644	0.640	0.778	0.670
7.250	6.310	1.472	1.570	1.648	1.718	1.766	1.782	1.774	1.679	1.429	1.225	1.094	0.955	0.883	0.855	0.773	0.729	0.678	0.650	0.622	0.622	0.625	0.634	0.652	0.647	0.785	0.676
7.250	7.940	1.472	1.570	1.648	1.718	1.766	1.786	1.774	1.687	1.439	1.236	1.107	0.968	0.897	0.871	0.787	0.743	0.690	0.664	0.635	0.634	0.637	0.646	0.662	0.658	0.798	0.687
7.250	10.000	1.469	1.570	1.648	1.718	1.762	1.786	1.778	1.690	1.452	1.253	1.130	0.991	0.920	0.893	0.809	0.764	0.711	0.682	0.653	0.650	0.653	0.662	0.678	0.673	0.813	0.701
7.250	12.590	1.469	1.570	1.648	1.718	1.766	1.786	1.782	1.694	1.466	1.279	1.156	1.021	0.951	0.923	0.838	0.793	0.740	0.710	0.678	0.675	0.676	0.684	0.698	0.695	0.836	0.723
7.250	15.850	1.472	1.570	1.648	1.718	1.762	1.791	1.786	1.710	1.489	1.312	1.194	1.059	0.991	0.962	0.879	0.832	0.776	0.746	0.711	0.708	0.706	0.713	0.728	0.726	0.865	0.748
7.250	19.950	1.469	1.567	1.648	1.718	1.762	1.791	1.786	1.718	1.517	1.352	1.239	1.109	1.042	1.014	0.931	0.883	0.824	0.791	0.757	0.748	0.748	0.752	0.766	0.764	0.904	0.785
7.250	25.120	1.472	1.570	1.648	1.718	1.762	1.791	1.791	1.730	1.549	1.400	1.294	1.172	1.109	1.079	0.995	0.946	0.887	0.847	0.811	0.798	0.794	0.798	0.809	0.809	0.948	0.826
7.250	31.620	1.469	1.570	1.644	1.718	1.766	1.791	1.795	1.746	1.585	1.452	1.358	1.242	1.183	1.151	1.069	1.021	0.957	0.914	0.871	0.857	0.851	0.851	0.861	0.861	1.000	0.875
7.250	39.810	1.469	1.570	1.648	1.718	1.766	1.795	1.803	1.762	1.626	1.510	1.426	1.321	1.262	1.230	1.151	1.099	1.033	0.986	0.940	0.925	0.912	0.910	0.918	0.920	1.057	0.929
7.250	50.120	1.469	1.567	1.644	1.718	1.766	1.799	1.807	1.774	1.663	1.570	1.496	1.396	1.349	1.315	1.236	1.183	1.114	1.064	1.014	0.991	0.977	0.971	0.977	0.982	1.117	0.984
7.250	63.100	1.469	1.567	1.644	1.718	1.766	1.799	1.811	1.791	1.694	1.626	1.560	1.472	1.429	1.396	1.318	1.268	1.197	1.140	1.084	1.057	1.040	1.030	1.035	1.040	1.169	1.035
7.250	79.430	1.469	1.570	1.648	1.718	1.766	1.799	1.816	1.803	1.730	1.675	1.622	1.545	1.507	1.472	1.396	1.346	1.274	1.213	1.153	1.119	1.099	1.086	1.089	1.096	1.225	1.084
7.250	100.000	1.469	1.570	1.644	1.718	1.770	1.803	1.820	1.807	1.758	1.718	1.675	1.611	1.578	1.538	1.469	1.419	1.340	1.279	1.213	1.178	1.153	1.135	1.138	1.146	1.271	1.130
7.250	125.890	1.469	1.567	1.648	1.718	1.766	1.799	1.824	1.820	1.778	1.758	1.722	1.663	1.633	1.596	1.528	1.476	1.396	1.330	1.268	1.225	1.197	1.178	1.175	1.186	1.309	1.167
7.250	158.490	1.472	1.570	1.644	1.718	1.766	1.803	1.824	1.824	1.799	1.791	1.758	1.706	1.679	1.641	1.578	1.524	1.445	1.377	1.309	1.262	1.233	1.211	1.211	1.219	1.340	1.194
7.250	199.530	1.469	1.570	1.644	1.718	1.766	1.803	1.828	1.832	1.811	1.807	1.782	1.738	1.718	1.679	1.614	1.563	1.483	1.409	1.340	1.294	1.262	1.236	1.233	1.245	1.365	1.216
7.250	251.190	1.469	1.570	1.648	1.718	1.766	1.803	1.828	1.832	1.824	1.824	1.807	1.762	1.746	1.706	1.644	1.592	1.510	1.439	1.365	1.315	1.285	1.256	1.253	1.265	1.380	1.233
7.250	316.230	1.469	1.570	1.648	1.718	1.766	1.803	1.828	1.837	1.828	1.841	1.824	1.782	1.762	1.726	1.667	1.611	1.531	1.455	1.384	1.334	1.297	1.271	1.268	1.279	1.393	1.247
7.250	398.110	1.469	1.567	1.648	1.718	1.770	1.803	1.832	1.837	1.832	1.845	1.832	1.795	1.778	1.738	1.679	1.629	1.545	1.472	1.396	1.343	1.309	1.282	1.276	1.288	1.406	1.256
7.250	501.190	1.469	1.567	1.648	1.718	1.766	1.803	1.832	1.841	1.841	1.854	1.837	1.803	1.786	1.750	1.687	1.637	1.556	1.479	1.406	1.352	1.318	1.288	1.282	1.297	1.413	1.262
7.250	630.960	1.469	1.567	1.644	1.718	1.770	1.803	1.832	1.841	1.841	1.858	1.845	1.811	1.795	1.754	1.694	1.644	1.563	1.486	1.409	1.358	1.321	1.291	1.288	1.300	1.416	1.265
7.250	794.330	1.469	1.567	1.648	1.718	1.766	1.807	1.832	1.845	1.841	1.858	1.849	1.816	1.799	1.758	1.702	1.648	1.567	1.489	1.413	1.361	1.327	1.297	1.288	1.306	1.419	1.268
7.250	1000.000	1.469	1.570	1.648	1.714	1.770	1.803	1.832	1.845	1.841	1.862	1.849	1.816	1.803	1.762	1.702	1.652	1.570	1.496	1.416	1.365	1.327	1.297	1.291	1.306	1.419	1.271
7.500	1.000	1.469	1.570	1.648	1.718	1.766	1.782	1.778	1.687	1.442	1.245	1.119	0.979	0.910	0.883	0.800	0.753	0.701	0.675	0.644	0.643	0.646	0.655	0.670	0.665	0.805	0.695
7.500	1.260	1.472	1.567	1.648	1.714	1.762	1.786	1.774	1.687	1.445	1.245	1.119	0.979	0.910	0.883	0.798	0.753	0.701	0.673	0.646	0.641	0.646	0.653	0.670	0.667	0.804	0.695
7.500	1.580	1.472	1.570	1.644	1.718	1.762	1.786	1.778	1.690	1.445	1.247	1.119	0.982	0.910	0.883	0.800	0.755	0.701	0.675	0.644	0.643	0.647	0.653	0.670	0.667	0.805	0.695
7.500	2.000	1.472	1.567	1.648	1.714	1.766	1.786	1.774	1.687	1.445	1.247	1.119	0.982	0.910	0.883	0.800	0.757	0.703	0.676	0.646	0.643	0.647	0.655	0.671	0.667	0.807	0.697
7.500	2.510	1.469	1.567	1.648	1.714	1.766	1.786	1.774	1.687	1.445	1.247	1.122	0.982	0.912	0.885	0.802	0.757	0.703	0.676	0.647	0.644	0.647	0.656	0.671	0.668	0.807	0.697
7.500	3.160	1.472	1.570	1.644	1.718	1.762	1.786	1.778	1.690	1.445	1.250	1.125	0.984	0.914	0.887	0.804	0.759	0.705	0.678	0.649	0.647	0.650	0.658	0.673	0.670	0.807	0.698
7.500	3.980	1.469	1.570	1.644	1.718	1.762	1.786	1.778	1.690	1.449	1.253	1.125	0.989	0.918	0.889	0.807	0.762	0.710	0.681	0.650	0.649	0.652	0.659	0.675	0.671	0.809	0.700
7.500	5.010	1.472	1.570	1.648	1.714	1.762	1.786	1.778	1.690	1.452	1.256	1.130	0.993	0.923	0.893	0.811	0.766	0.713	0.685	0.656	0.653	0.655	0.664	0.679	0.675	0.815	0.703
7.500	6.310	1.469	1.570	1.644	1.718	1.762	1.786	1.778	1.694	1.455	1.262	1.138	1.000	0.929	0.902	0.820	0.774	0.719	0.690	0.662	0.658	0.661	0.668	0.684	0.681	0.820	0.710
7.500	7.940	1.469	1.567	1.648	1.714	1.766	1.791	1.778	1.698	1.462	1.271	1.148	1.009	0.942	0.912	0.832	0.783	0.731	0.701	0.670	0.667	0.670	0.678	0.693	0.689	0.828	0.718
7.500	10.000	1.469	1.570	1.648	1.718	1.762	1.786	1.778	1.702	1.472	1.285	1.164	1.028	0.957	0.931	0.847	0.800	0.746	0.716	0.684	0.681	0.682	0.689	0.705	0.701	0.839	0.728
7.500	12.590	1.469	1.570	1.644	1.718	1.766	1.786	1.786	1.702	1.486	1.303	1.186	1.052	0.982	0.955	0.871	0.824	0.769	0.738	0.705	0.700	0.700	0.706	0.723	0.719	0.859	0.743
7.500	15.850	1.472	1.570	1.644	1.714	1.762	1.791	1.786	1.714	1.503	1.330	1.216	1.086	1.019	0.989	0.906	0.859	0.802	0.769	0.733	0.726	0.728	0.731	0.746	0.743	0.883	0.766
7.500	19.950	1.469	1.570	1.644	1.718	1.766	1.791	1.791	1.722	1.524	1.365	1.256	1.127	1.064	1.033	0.948	0.902	0.843	0.807	0.771	0.762	0.760	0.766	0.778	0.778	0.914	0.798
7.500	25.120	1.472	1.570	1.644	1.718	1.766	1.791	1.791	1.734	1.556	1.409	1.303	1.183	1.119	1.089	1.005	0.957	0.897	0.859	0.818	0.807	0.804	0.807	0.818	0.818	0.957	0.836
7.500	31.620	1.472	1.570	1.648	1.718	1.766	1.791	1.799	1.750	1.589	1.459	1.361	1.245	1.186	1.156	1.074	1.023	0.959	0.920	0.877	0.863	0.855	0.855	0.867	0.867	1.005	0.879
7.500	39.810	1.469	1.570	1.648	1.718	1.766	1.795	1.803	1.762	1.626	1.514	1.426	1.318	1.265	1.230	1.148	1.099	1.035	0.989	0.942	0.923	0.914	0.910	0.918	0.920	1.057	0.929
7.500	50.120	1.469	1.570	1.648	1.718	1.766	1.795	1.811	1.774	1.660	1.570	1.489	1.393	1.343	1.309	1.233	1.180	1.112	1.062	1.012	0.989	0.973	0.968	0.975	0.979	1.114	0.982
7.500	63.100	1.469	1.570	1.644	1.718	1.766	1.799	1.811	1.791	1.694	1.622	1.560	1.469	1.426	1.387	1.315	1.262	1.189	1.135	1.081	1.052	1.038	1.026	1.030	1.038	1.167	1.033
7.500	79.430	1.469	1.567	1.648	1.718	1.766	1.799	1.820	1.799	1.726	1.675	1.618	1.538	1.503	1.466	1.393	1.340	1.265	1.208	1.148	1.117	1.094	1.081	1.086	1.091	1.219	1.079
7.500	100.000	1.472	1.567	1.648	1.718	1.766	1.803	1.820	1.811	1.754	1.718	1.671	1.603	1.570	1.535	1.462	1.409	1.334	1.274	1.211	1.172	1.148	1.130	1.132	1.140	1.268	1.125
7.500	125.890	1.469	1.570	1.648	1.718	1.770	1.803	1.824	1.816	1.778	1.758	1.718	1.656	1.626	1.589	1.521	1.469	1.393	1.327	1.262	1.222	1.194	1.172	1.172	1.183	1.306	1.161
7.500	158.490	1.469	1.570	1.648	1.718	1.766	1.803	1.824	1.824	1.795	1.782	1.754	1.702	1.675	1.641	1.574	1.521	1.442	1.371	1.303	1.259	1.230	1.208	1.208	1.216	1.337	1.194
7.500	199.530	1.472	1.567	1.644	1.718	1.770	1.803	1.828	1.828	1.811	1.807	1.782	1.738	1.714	1.675	1.611	1.560	1.479	1.409	1.337	1.288	1.259	1.236	1.230	1.242	1.361	1.216
7.500	251.190	1.469	1.567	1.648	1.718	1.766	1.803	1.828	1.832	1.820	1.824	1.807	1.762	1.742	1.702	1.641	1.589	1.507	1.435	1.365	1.312	1.279	1.256	1.250	1.265	1.380	1.233
7.500	316.230	1.469	1.567	1.648	1.718	1.770	1.803	1.832	1.837	1.828	1.841	1.820	1.782	1.762	1.722	1.660	1.611	1.528	1.455	1.380	1.330	1.297	1.271	1.265	1.276	1.393	1.245
7.500	398.110	1.469	1.570	1.648	1.718	1.766	1.803	1.832	1.841	1.837	1.845	1.832	1.795	1.778	1.738	1.679	1.626	1.545	1.469	1.396	1.346	1.306	1.279	1.274	1.288	1.403	1.256
7.500	501.190	1.469	1.570	1.648	1.718	1.766	1.807	1.832	1.837	1.837	1.854	1.841	1.807	1.786	1.750	1.690	1.637	1.552	1.479	1.403	1.352	1.315	1.288	1.282	1.294	1.409	1.262
7.500	630.960	1.469	1.570	1.644	1.714	1.766	1.803	1.832	1.841	1.841	1.858	1.841	1.811	1.795	1.754	1.694	1.644	1.560	1.486	1.413	1.358	1.321	1.294	1.288	1.300	1.416	1.265
7.500	794.330	1.469	1.570	1.648	1.718	1.766	1.803	1.832	1.841	1.841	1.862	1.849	1.811	1.799	1.758	1.698	1.648	1.567	1.493	1.416	1.361	1.327	1.294	1.288	1.303	1.416	1.268
7.500	1000.000	1.469	1.570	1.648	1.718	1.766	1.803	1.832	1.841	1.841	1.862	1.849	1.820	1.803	1.762	1.702	1.652	1.567	1.493	1.419	1.365	1.327	1.297	1.291	1.306	1.419	1.271
7.750	1.000	1.469	1.570	1.644	1.714	1.762	1.786	1.782	1.698	1.469	1.282	1.156	1.021	0.951	0.925	0.839	0.794	0.740	0.710	0.679	0.676	0.678	0.685	0.700	0.697	0.836	0.724
7.750	1.260	1.469	1.570	1.644	1.714	1.766	1.786	1.782	1.698	1.469	1.279	1.159	1.021	0.951	0.925	0.839	0.794	0.740	0.711	0.679	0.676	0.678	0.684	0.700	0.697	0.838	0.723
7.750	1.580	1.472	1.570	1.648	1.718	1.766	1.786	1.778	1.694	1.466	1.279	1.159	1.021	0.953	0.923	0.841	0.796	0.741	0.710	0.679	0.676	0.678	0.685	0.700	0.697	0.836	0.724
7.750	2.000	1.469	1.570	1.644	1.718	1.762	1.786	1.782	1.698	1.469	1.282	1.156	1.023	0.953	0.925	0.839	0.796	0.741	0.711	0.681	0.678	0.678	0.685	0.701	0.698	0.836	0.724
7.750	2.510	1.472	1.567	1.648	1.718	1.762	1.791	1.778	1.698	1.469	1.279	1.159	1.021	0.953	0.927	0.841	0.796	0.743	0.711	0.681	0.678	0.679	0.687	0.701	0.698	0.838	0.726
7.750	3.160	1.472	1.567	1.648	1.718	1.762	1.786	1.778	1.698	1.469	1.285	1.159	1.026	0.955	0.927	0.843	0.798	0.743	0.713	0.682	0.678	0.681	0.687	0.703	0.700	0.838	0.724
7.750	3.980	1.472	1.570	1.644	1.718	1.766	1.791	1.778	1.698	1.472	1.282	1.161	1.028	0.957	0.929	0.845	0.800	0.746	0.716	0.684	0.681	0.682	0.689	0.705	0.701	0.839	0.728
7.750	5.010	1.469	1.570	1.644	1.718	1.762	1.786	1.782	1.702	1.476	1.288	1.167	1.030	0.962	0.933	0.851	0.804	0.750	0.719	0.687	0.684	0.685	0.692	0.706	0.703	0.841	0.729
7.750	6.310	1.469	1.570	1.648	1.718	1.766	1.791	1.778	1.702	1.476	1.294	1.169	1.038	0.968	0.940	0.855	0.811	0.753	0.724	0.692	0.687	0.690	0.695	0.711	0.708	0.847	0.735
7.750	7.940	1.472	1.567	1.644	1.718	1.766	1.786	1.782	1.702	1.479	1.300	1.180	1.045	0.975	0.948	0.865	0.818	0.762	0.733	0.700	0.695	0.697	0.701	0.718	0.714	0.853	0.740
7.750	10.000	1.472	1.570	1.644	1.718	1.762	1.786	1.782	1.706	1.489	1.309	1.191	1.057	0.991	0.962	0.879	0.832	0.774	0.743	0.710	0.706	0.706	0.713	0.728	0.724	0.863	0.748
7.750	12.590	1.469	1.570	1.648	1.714	1.766	1.786	1.786	1.710	1.500	1.324	1.211	1.076	1.009	0.982	0.897	0.851	0.794	0.760	0.726	0.721	0.721	0.726	0.740	0.740	0.877	0.762
7.750	15.850	1.469	1.570	1.644	1.718	1.766	1.791	1.786	1.718	1.514	1.349	1.233	1.104	1.038	1.009	0.925	0.877	0.820	0.787	0.750	0.743	0.743	0.746	0.762	0.759	0.899	0.782
7.750	19.950	1.469	1.567	1.644	1.714	1.766	1.791	1.791	1.726	1.535	1.377	1.265	1.143	1.076	1.047	0.964	0.916	0.855	0.820	0.782	0.774	0.771	0.774	0.789	0.787	0.925	0.805
7.750	25.120	1.469	1.570	1.648	1.718	1.762	1.795	1.795	1.738	1.560	1.416	1.309	1.191	1.127	1.096	1.014	0.964	0.904	0.865	0.824	0.815	0.809	0.811	0.824	0.822	0.962	0.839
7.750	31.620	1.472	1.567	1.644	1.714	1.762	1.795	1.799	1.746	1.589	1.455	1.361	1.247	1.189	1.156	1.074	1.026	0.962	0.918	0.877	0.861	0.855	0.855	0.865	0.867	1.005	0.879
7.750	39.810	1.469	1.567	1.644	1.718	1.766	1.795	1.803	1.758	1.618	1.510	1.422	1.312	1.259	1.227	1.146	1.094	1.028	0.984	0.935	0.918	0.910	0.906	0.916	0.918	1.054	0.925
7.750	50.120	1.469	1.570	1.644	1.718	1.766	1.795	1.807	1.774	1.656	1.563	1.486	1.387	1.337	1.303	1.225	1.169	1.104	1.054	1.002	0.982	0.968	0.962	0.968	0.973	1.107	0.975
7.750	63.100	1.469	1.570	1.644	1.718	1.766	1.799	1.811	1.786	1.690	1.614	1.549	1.459	1.416	1.377	1.303	1.250	1.180	1.127	1.074	1.045	1.028	1.019	1.026	1.030	1.161	1.026
7.750	79.430	1.469	1.570	1.644	1.718	1.766	1.799	1.816	1.799	1.722	1.667	1.611	1.531	1.489	1.455	1.380	1.327	1.253	1.199	1.140	1.107	1.086	1.072	1.076	1.084	1.211	1.074
7.750	100.000	1.472	1.567	1.644	1.718	1.766	1.799	1.820	1.811	1.750	1.710	1.663	1.596	1.560	1.524	1.452	1.400	1.324	1.262	1.199	1.161	1.140	1.122	1.125	1.135	1.262	1.117
7.750	125.890	1.469	1.570	1.648	1.714	1.766	1.803	1.824	1.816	1.774	1.746	1.710	1.648	1.622	1.585	1.514	1.462	1.384	1.318	1.253	1.213	1.186	1.167	1.167	1.175	1.297	1.156
7.750	158.490	1.469	1.567	1.644	1.718	1.766	1.803	1.824	1.824	1.791	1.778	1.750	1.694	1.671	1.629	1.567	1.514	1.432	1.365	1.297	1.253	1.225	1.202	1.199	1.213	1.330	1.189
7.750	199.530	1.469	1.570	1.648	1.718	1.766	1.803	1.828	1.828	1.807	1.807	1.778	1.734	1.710	1.671	1.607	1.552	1.476	1.403	1.330	1.288	1.256	1.230	1.227	1.239	1.358	1.211
7.750	251.190	1.472	1.570	1.644	1.718	1.766	1.803	1.832	1.832	1.820	1.824	1.803	1.758	1.738	1.702	1.637	1.585	1.507	1.432	1.361	1.312	1.276	1.253	1.250	1.259	1.377	1.230
7.750	316.230	1.472	1.570	1.648	1.718	1.766	1.803	1.832	1.837	1.828	1.837	1.820	1.778	1.762	1.722	1.660	1.607	1.528	1.452	1.380	1.327	1.294	1.268	1.265	1.274	1.393	1.245
7.750	398.110	1.469	1.570	1.648	1.718	1.766	1.803	1.832	1.841	1.832	1.845	1.832	1.795	1.774	1.734	1.675	1.626	1.542	1.466	1.393	1.343	1.306	1.279	1.276	1.285	1.403	1.253
7.750	501.190	1.469	1.570	1.648	1.718	1.770	1.803	1.832	1.841	1.837	1.849	1.841	1.803	1.786	1.746	1.687	1.637	1.556	1.479	1.403	1.352	1.315	1.288	1.282	1.294	1.409	1.262
7.750	630.960	1.469	1.570	1.644	1.718	1.766	1.803	1.832	1.841	1.841	1.858	1.845	1.811	1.795	1.754	1.698	1.644	1.563	1.486	1.413	1.355	1.321	1.294	1.285	1.300	1.416	1.265
7.750	794.330	1.472	1.570	1.648	1.718	1.770	1.803	1.832	1.841	1.841	1.858	1.845	1.816	1.799	1.762	1.698	1.648	1.563	1.493	1.416	1.361	1.324	1.297	1.288	1.303	1.419	1.268
7.750	1000.000	1.472	1.567	1.648	1.718	1.766	1.803	1.832	1.845	1.841	1.862	1.849	1.816	1.803	1.766	1.702	1.648	1.570	1.493	1.416	1.365	1.327	1.300	1.291	1.306	1.419	1.271
8.000	1.000	1.469	1.570	1.648	1.718	1.762	1.791	1.782	1.706	1.486	1.306	1.183	1.052	0.982	0.955	0.871	0.826	0.769	0.738	0.706	0.700	0.701	0.706	0.723	0.719	0.859	0.743
8.000	1.260	1.469	1.570	1.648	1.718	1.762	1.786	1.782	1.706	1.483	1.303	1.183	1.050	0.982	0.955	0.871	0.826	0.767	0.738	0.705	0.700	0.701	0.706	0.723	0.719	0.859	0.745
8.000	1.580	1.472	1.567	1.644	1.718	1.762	1.786	1.782	1.702	1.486	1.303	1.186	1.052	0.984	0.955	0.871	0.824	0.769	0.738	0.705	0.700	0.701	0.708	0.723	0.719	0.859	0.745
8.000	2.000	1.469	1.570	1.648	1.714	1.766	1.786	1.782	1.706	1.486	1.306	1.186	1.052	0.984	0.955	0.873	0.826	0.769	0.738	0.706	0.700	0.703	0.708	0.723	0.719	0.859	0.745
8.000	2.510	1.469	1.567	1.644	1.718	1.762	1.786	1.782	1.702	1.483	1.306	1.189	1.054	0.986	0.957	0.871	0.826	0.771	0.740	0.706	0.701	0.703	0.708	0.723	0.721	0.859	0.746
8.000	3.160	1.469	1.570	1.648	1.718	1.762	1.786	1.782	1.706	1.486	1.306	1.189	1.054	0.986	0.957	0.875	0.828	0.771	0.740	0.706	0.703	0.703	0.708	0.724	0.721	0.861	0.746
8.000	3.980	1.472	1.567	1.644	1.718	1.762	1.786	1.786	1.706	1.489	1.309	1.189	1.054	0.986	0.959	0.875	0.828	0.773	0.743	0.710	0.705	0.705	0.711	0.726	0.723	0.863	0.748
8.000	5.010	1.472	1.567	1.644	1.718	1.762	1.786	1.786	1.706	1.489	1.312	1.194	1.059	0.991	0.962	0.879	0.832	0.776	0.745	0.711	0.706	0.708	0.713	0.726	0.726	0.865	0.750
8.000	6.310	1.472	1.570	1.644	1.718	1.766	1.791	1.782	1.706	1.493	1.312	1.194	1.062	0.995	0.966	0.883	0.836	0.780	0.748	0.716	0.710	0.710	0.716	0.731	0.729	0.867	0.752
8.000	7.940	1.472	1.570	1.648	1.718	1.766	1.791	1.782	1.710	1.493	1.321	1.202	1.069	1.002	0.973	0.889	0.843	0.787	0.755	0.721	0.714	0.716	0.721	0.736	0.733	0.873	0.757
8.000	10.000	1.472	1.570	1.644	1.718	1.766	1.791	1.782	1.714	1.503	1.327	1.213	1.081	1.014	0.984	0.902	0.853	0.798	0.764	0.729	0.723	0.724	0.729	0.743	0.741	0.881	0.766
8.000	12.590	1.472	1.570	1.648	1.718	1.766	1.786	1.786	1.714	1.507	1.340	1.227	1.096	1.028	1.002	0.916	0.869	0.811	0.778	0.743	0.736	0.736	0.740	0.755	0.753	0.891	0.776
8.000	15.850	1.469	1.570	1.644	1.718	1.766	1.791	1.786	1.718	1.521	1.358	1.247	1.119	1.052	1.021	0.940	0.893	0.834	0.800	0.762	0.755	0.753	0.757	0.771	0.771	0.908	0.791
8.000	19.950	1.469	1.570	1.648	1.714	1.766	1.791	1.791	1.730	1.538	1.384	1.274	1.148	1.086	1.057	0.973	0.925	0.863	0.828	0.791	0.782	0.778	0.780	0.794	0.793	0.931	0.813
8.000	25.120	1.472	1.567	1.648	1.718	1.766	1.791	1.795	1.738	1.560	1.416	1.312	1.191	1.130	1.099	1.016	0.968	0.906	0.867	0.828	0.815	0.813	0.813	0.824	0.824	0.964	0.839
8.000	31.620	1.469	1.570	1.644	1.718	1.766	1.795	1.799	1.746	1.589	1.455	1.358	1.245	1.186	1.153	1.072	1.021	0.957	0.916	0.875	0.859	0.853	0.851	0.863	0.863	1.002	0.877
8.000	39.810	1.472	1.570	1.644	1.718	1.766	1.795	1.803	1.758	1.614	1.503	1.413	1.306	1.247	1.216	1.135	1.086	1.021	0.975	0.929	0.912	0.902	0.899	0.910	0.910	1.047	0.918
8.000	50.120	1.469	1.567	1.648	1.718	1.766	1.795	1.807	1.774	1.648	1.552	1.472	1.374	1.324	1.288	1.211	1.156	1.091	1.042	0.993	0.971	0.959	0.951	0.962	0.964	1.099	0.968
8.000	63.100	1.469	1.570	1.648	1.718	1.766	1.795	1.811	1.782	1.683	1.607	1.535	1.445	1.400	1.365	1.285	1.236	1.164	1.112	1.057	1.033	1.016	1.007	1.014	1.019	1.151	1.016
8.000	79.430	1.469	1.570	1.644	1.718	1.766	1.799	1.816	1.795	1.714	1.656	1.596	1.514	1.476	1.442	1.365	1.312	1.242	1.183	1.125	1.094	1.074	1.062	1.067	1.072	1.202	1.064
8.000	100.000	1.469	1.567	1.648	1.718	1.766	1.803	1.820	1.807	1.746	1.702	1.652	1.581	1.545	1.510	1.435	1.387	1.309	1.250	1.186	1.151	1.127	1.114	1.114	1.125	1.250	1.109
8.000	125.890	1.469	1.567	1.648	1.718	1.766	1.799	1.820	1.816	1.770	1.742	1.702	1.637	1.607	1.570	1.503	1.449	1.371	1.309	1.245	1.202	1.175	1.159	1.159	1.167	1.291	1.148
8.000	158.490	1.469	1.567	1.644	1.718	1.766	1.803	1.824	1.824	1.786	1.774	1.742	1.687	1.660	1.622	1.552	1.503	1.422	1.358	1.288	1.245	1.216	1.197	1.194	1.205	1.324	1.180
8.000	199.530	1.469	1.567	1.644	1.718	1.766	1.803	1.828	1.828	1.803	1.799	1.770	1.726	1.698	1.663	1.596	1.545	1.466	1.396	1.327	1.279	1.250	1.225	1.222	1.233	1.352	1.208
8.000	251.190	1.472	1.567	1.644	1.718	1.766	1.799	1.828	1.832	1.816	1.820	1.799	1.754	1.734	1.694	1.633	1.578	1.496	1.426	1.352	1.306	1.274	1.250	1.245	1.256	1.374	1.227
8.000	316.230	1.469	1.570	1.648	1.718	1.766	1.803	1.828	1.837	1.828	1.832	1.816	1.774	1.754	1.718	1.652	1.600	1.521	1.449	1.377	1.324	1.294	1.265	1.262	1.274	1.390	1.242
8.000	398.110	1.469	1.567	1.648	1.718	1.770	1.803	1.832	1.837	1.832	1.845	1.828	1.791	1.770	1.734	1.675	1.618	1.538	1.466	1.393	1.340	1.306	1.276	1.271	1.285	1.400	1.253
8.000	501.190	1.469	1.567	1.648	1.718	1.770	1.803	1.832	1.841	1.837	1.854	1.837	1.803	1.782	1.746	1.683	1.633	1.552	1.479	1.403	1.349	1.315	1.285	1.279	1.291	1.409	1.262
8.000	630.960	1.469	1.570	1.644	1.718	1.766	1.803	1.832	1.841	1.841	1.858	1.841	1.807	1.791	1.754	1.690	1.641	1.560	1.483	1.409	1.355	1.318	1.291	1.285	1.300	1.413	1.265
8.000	794.330	1.469	1.570	1.648	1.718	1.766	1.803	1.832	1.841	1.841	1.862	1.849	1.811	1.795	1.758	1.698	1.648	1.567	1.489	1.413	1.358	1.324	1.297	1.288	1.303	1.419	1.268
8.000	1000.000	1.469	1.567	1.644	1.714	1.766	1.803	1.828	1.841	1.845	1.862	1.854	1.820	1.803	1.762	1.702	1.648	1.570	1.493	1.416	1.365	1.327	1.300	1.291	1.306	1.419	1.268
