# Difference between AtkinsonMacias2009.vs1600.h15.txt and AtkinsonMacias2009.vs450.h15.txt ground motions in regular (non-log) units
#           14 31 25 : nmag, ndist, nperiod
#           10.000 7.692 6.250 5.000 4.000 3.125 2.500 2.000 1.587 1.266 1.000 0.794 0.633 0.500 0.400 0.316 0.250 0.200 0.159 0.125 0.100 0.079 0.063 0.050 PGA PGV
#           0.875 0.806 0.783 0.737 0.691 0.691 0.691 0.691 0.668 0.668 0.668 0.645 0.645 0.622 0.622 0.622 0.622 0.622 0.622 0.622 0.622 0.622 0.599 0.599 0.553 0.599
4.750	1.000	0.406	0.382	0.366	0.352	0.348	0.348	0.354	0.366	0.385	0.401	0.423	0.460	0.498	0.553	0.656	0.733	0.849	0.975	1.067	1.122	1.146	1.140	1.069	0.989	0.794	0.989
4.750	1.260	0.406	0.382	0.366	0.353	0.347	0.348	0.354	0.366	0.385	0.401	0.423	0.460	0.498	0.553	0.655	0.733	0.847	0.973	1.067	1.119	1.143	1.138	1.064	0.989	0.794	0.989
4.750	1.580	0.405	0.383	0.366	0.352	0.348	0.348	0.354	0.366	0.385	0.401	0.423	0.460	0.497	0.552	0.653	0.731	0.847	0.973	1.064	1.119	1.140	1.135	1.064	0.984	0.793	0.986
4.750	2.000	0.406	0.382	0.366	0.352	0.348	0.348	0.353	0.366	0.385	0.401	0.423	0.459	0.497	0.552	0.652	0.729	0.845	0.968	1.059	1.114	1.135	1.132	1.062	0.982	0.791	0.986
4.750	2.510	0.406	0.383	0.366	0.352	0.347	0.348	0.354	0.366	0.384	0.399	0.422	0.458	0.495	0.551	0.650	0.726	0.841	0.964	1.054	1.112	1.132	1.130	1.059	0.979	0.789	0.982
4.750	3.160	0.405	0.382	0.366	0.353	0.348	0.348	0.353	0.365	0.384	0.399	0.421	0.456	0.493	0.548	0.647	0.723	0.836	0.957	1.050	1.104	1.125	1.122	1.052	0.975	0.785	0.977
4.750	3.980	0.405	0.382	0.366	0.353	0.347	0.348	0.353	0.365	0.384	0.397	0.419	0.454	0.490	0.546	0.643	0.716	0.828	0.948	1.038	1.091	1.114	1.112	1.045	0.966	0.782	0.971
4.750	5.010	0.406	0.382	0.366	0.352	0.347	0.348	0.352	0.364	0.382	0.396	0.417	0.451	0.486	0.540	0.635	0.708	0.818	0.938	1.023	1.076	1.099	1.096	1.030	0.959	0.776	0.962
4.750	6.310	0.406	0.383	0.366	0.353	0.348	0.347	0.352	0.364	0.380	0.394	0.414	0.448	0.482	0.535	0.628	0.698	0.805	0.920	1.005	1.057	1.079	1.079	1.016	0.944	0.767	0.948
4.750	7.940	0.406	0.382	0.366	0.353	0.347	0.347	0.352	0.362	0.378	0.391	0.411	0.443	0.475	0.526	0.617	0.684	0.787	0.899	0.982	1.030	1.054	1.054	0.998	0.927	0.757	0.935
4.750	10.000	0.405	0.382	0.366	0.352	0.347	0.346	0.351	0.361	0.376	0.387	0.406	0.438	0.468	0.518	0.604	0.670	0.767	0.877	0.955	1.005	1.026	1.030	0.975	0.908	0.745	0.916
4.750	12.590	0.406	0.383	0.366	0.353	0.347	0.346	0.349	0.358	0.373	0.385	0.402	0.431	0.459	0.507	0.590	0.652	0.745	0.849	0.925	0.971	0.993	0.998	0.946	0.885	0.733	0.897
4.750	15.850	0.405	0.383	0.366	0.353	0.347	0.346	0.349	0.356	0.370	0.381	0.397	0.424	0.450	0.495	0.575	0.632	0.721	0.818	0.891	0.935	0.959	0.966	0.920	0.863	0.718	0.875
4.750	19.950	0.405	0.382	0.366	0.353	0.347	0.345	0.348	0.355	0.367	0.377	0.391	0.416	0.441	0.484	0.558	0.614	0.697	0.791	0.857	0.902	0.923	0.933	0.893	0.839	0.701	0.853
4.750	25.120	0.405	0.382	0.366	0.352	0.347	0.344	0.346	0.353	0.363	0.372	0.385	0.408	0.432	0.472	0.543	0.594	0.673	0.760	0.826	0.867	0.887	0.899	0.863	0.815	0.687	0.832
4.750	31.620	0.406	0.383	0.366	0.352	0.346	0.344	0.345	0.351	0.360	0.367	0.380	0.401	0.421	0.461	0.527	0.574	0.649	0.733	0.793	0.832	0.853	0.867	0.836	0.789	0.671	0.809
4.750	39.810	0.406	0.382	0.366	0.353	0.346	0.344	0.344	0.349	0.357	0.363	0.375	0.394	0.412	0.450	0.513	0.557	0.627	0.705	0.762	0.800	0.822	0.836	0.809	0.767	0.656	0.787
4.750	50.120	0.405	0.382	0.366	0.353	0.346	0.344	0.344	0.348	0.354	0.360	0.370	0.386	0.404	0.440	0.499	0.540	0.605	0.679	0.735	0.771	0.793	0.809	0.783	0.746	0.644	0.767
4.750	63.100	0.406	0.383	0.366	0.353	0.346	0.343	0.343	0.346	0.352	0.355	0.366	0.380	0.395	0.430	0.485	0.524	0.586	0.658	0.708	0.745	0.764	0.782	0.762	0.724	0.631	0.750
4.750	79.430	0.405	0.383	0.366	0.352	0.346	0.343	0.341	0.344	0.348	0.352	0.361	0.375	0.388	0.421	0.474	0.511	0.568	0.637	0.685	0.718	0.741	0.757	0.743	0.708	0.619	0.733
4.750	100.000	0.406	0.382	0.366	0.352	0.346	0.342	0.340	0.342	0.346	0.349	0.356	0.369	0.382	0.413	0.465	0.498	0.552	0.619	0.665	0.698	0.718	0.736	0.723	0.692	0.608	0.718
4.750	125.890	0.406	0.383	0.366	0.353	0.346	0.341	0.340	0.341	0.344	0.347	0.354	0.365	0.377	0.406	0.455	0.488	0.540	0.604	0.647	0.679	0.701	0.719	0.708	0.678	0.600	0.706
4.750	158.490	0.406	0.383	0.366	0.352	0.346	0.342	0.340	0.340	0.342	0.344	0.351	0.361	0.372	0.401	0.448	0.480	0.530	0.592	0.634	0.665	0.685	0.705	0.697	0.668	0.593	0.697
4.750	199.530	0.406	0.383	0.366	0.353	0.346	0.341	0.339	0.339	0.341	0.343	0.348	0.358	0.367	0.396	0.443	0.472	0.521	0.581	0.622	0.655	0.675	0.695	0.685	0.659	0.586	0.689
4.750	251.190	0.406	0.382	0.366	0.353	0.345	0.340	0.338	0.339	0.340	0.340	0.347	0.356	0.365	0.394	0.439	0.467	0.514	0.574	0.614	0.646	0.665	0.685	0.678	0.652	0.582	0.681
4.750	316.230	0.406	0.382	0.366	0.352	0.346	0.341	0.338	0.338	0.339	0.340	0.346	0.354	0.363	0.391	0.435	0.463	0.509	0.568	0.608	0.638	0.659	0.679	0.673	0.647	0.578	0.676
4.750	398.110	0.405	0.382	0.366	0.352	0.346	0.340	0.337	0.337	0.338	0.339	0.344	0.352	0.361	0.389	0.433	0.460	0.506	0.564	0.603	0.632	0.653	0.673	0.668	0.644	0.577	0.673
4.750	501.190	0.405	0.382	0.366	0.352	0.345	0.340	0.338	0.337	0.339	0.338	0.344	0.352	0.361	0.387	0.431	0.458	0.505	0.560	0.600	0.630	0.650	0.671	0.665	0.641	0.574	0.670
4.750	630.960	0.405	0.382	0.366	0.352	0.346	0.341	0.337	0.337	0.338	0.338	0.343	0.352	0.360	0.386	0.430	0.457	0.502	0.558	0.598	0.628	0.647	0.670	0.662	0.640	0.573	0.670
4.750	794.330	0.405	0.382	0.366	0.352	0.345	0.340	0.337	0.337	0.338	0.338	0.344	0.351	0.359	0.385	0.429	0.456	0.501	0.557	0.596	0.625	0.647	0.667	0.661	0.638	0.573	0.668
4.750	1000.000	0.405	0.383	0.366	0.353	0.346	0.341	0.337	0.337	0.338	0.337	0.343	0.351	0.359	0.385	0.429	0.456	0.501	0.556	0.594	0.625	0.646	0.667	0.661	0.637	0.571	0.668
5.000	1.000	0.405	0.382	0.366	0.353	0.348	0.348	0.355	0.368	0.388	0.405	0.429	0.467	0.506	0.565	0.670	0.752	0.871	1.002	1.102	1.156	1.178	1.172	1.094	1.009	0.805	1.009
5.000	1.260	0.405	0.382	0.366	0.352	0.348	0.348	0.355	0.367	0.388	0.404	0.428	0.467	0.506	0.564	0.668	0.750	0.869	1.000	1.099	1.153	1.175	1.167	1.091	1.009	0.805	1.009
5.000	1.580	0.406	0.383	0.366	0.353	0.348	0.348	0.355	0.367	0.387	0.404	0.428	0.466	0.506	0.562	0.667	0.746	0.867	0.998	1.094	1.148	1.172	1.164	1.089	1.005	0.805	1.005
5.000	2.000	0.406	0.382	0.366	0.352	0.348	0.348	0.354	0.367	0.386	0.403	0.426	0.465	0.504	0.561	0.665	0.743	0.863	0.991	1.089	1.143	1.164	1.161	1.084	1.002	0.802	1.002
5.000	2.510	0.405	0.383	0.366	0.352	0.348	0.348	0.354	0.367	0.386	0.403	0.426	0.462	0.502	0.558	0.661	0.741	0.857	0.986	1.079	1.135	1.156	1.151	1.079	0.995	0.798	0.998
5.000	3.160	0.405	0.383	0.366	0.353	0.348	0.348	0.354	0.366	0.385	0.401	0.424	0.460	0.499	0.555	0.656	0.735	0.849	0.975	1.069	1.122	1.146	1.140	1.069	0.989	0.793	0.989
5.000	3.980	0.405	0.382	0.366	0.352	0.347	0.348	0.353	0.366	0.384	0.400	0.422	0.458	0.494	0.550	0.649	0.724	0.838	0.959	1.054	1.107	1.130	1.125	1.054	0.977	0.789	0.979
5.000	5.010	0.406	0.382	0.366	0.353	0.347	0.348	0.352	0.364	0.383	0.397	0.418	0.454	0.489	0.542	0.638	0.713	0.822	0.944	1.033	1.084	1.107	1.107	1.038	0.962	0.778	0.966
5.000	6.310	0.406	0.383	0.366	0.353	0.347	0.347	0.352	0.363	0.380	0.394	0.414	0.449	0.482	0.535	0.628	0.698	0.805	0.920	1.009	1.059	1.081	1.079	1.016	0.944	0.767	0.951
5.000	7.940	0.406	0.382	0.366	0.353	0.347	0.347	0.352	0.362	0.378	0.391	0.410	0.442	0.474	0.525	0.615	0.681	0.783	0.895	0.977	1.028	1.047	1.052	0.993	0.925	0.755	0.931
5.000	10.000	0.405	0.383	0.366	0.353	0.347	0.346	0.351	0.360	0.375	0.387	0.406	0.436	0.466	0.513	0.600	0.664	0.760	0.867	0.944	0.993	1.016	1.019	0.964	0.902	0.740	0.910
5.000	12.590	0.406	0.382	0.366	0.353	0.347	0.346	0.350	0.358	0.372	0.383	0.399	0.428	0.455	0.502	0.585	0.644	0.735	0.836	0.910	0.957	0.979	0.986	0.938	0.877	0.726	0.889
5.000	15.850	0.406	0.382	0.366	0.353	0.347	0.345	0.348	0.356	0.368	0.378	0.394	0.420	0.446	0.491	0.568	0.624	0.710	0.805	0.877	0.923	0.942	0.951	0.908	0.851	0.710	0.867
5.000	19.950	0.406	0.382	0.366	0.352	0.347	0.344	0.347	0.354	0.366	0.374	0.389	0.413	0.436	0.478	0.552	0.604	0.684	0.776	0.843	0.885	0.906	0.916	0.877	0.826	0.695	0.843
5.000	25.120	0.406	0.383	0.366	0.353	0.347	0.344	0.346	0.352	0.362	0.369	0.383	0.405	0.427	0.466	0.536	0.585	0.659	0.746	0.809	0.851	0.871	0.883	0.851	0.802	0.679	0.820
5.000	31.620	0.405	0.383	0.366	0.353	0.347	0.344	0.344	0.350	0.359	0.365	0.378	0.397	0.416	0.455	0.520	0.566	0.637	0.718	0.776	0.817	0.838	0.851	0.822	0.778	0.664	0.798
5.000	39.810	0.406	0.382	0.366	0.352	0.346	0.344	0.344	0.348	0.356	0.361	0.372	0.390	0.407	0.444	0.506	0.547	0.615	0.692	0.746	0.785	0.805	0.820	0.796	0.755	0.650	0.778
5.000	50.120	0.405	0.383	0.366	0.352	0.346	0.343	0.343	0.346	0.353	0.357	0.367	0.384	0.399	0.435	0.493	0.532	0.594	0.668	0.719	0.755	0.778	0.794	0.773	0.735	0.635	0.759
5.000	63.100	0.406	0.383	0.366	0.352	0.347	0.343	0.342	0.344	0.350	0.353	0.362	0.377	0.392	0.425	0.480	0.516	0.575	0.647	0.695	0.731	0.752	0.769	0.750	0.716	0.625	0.741
5.000	79.430	0.406	0.383	0.366	0.353	0.346	0.342	0.341	0.343	0.347	0.350	0.358	0.372	0.385	0.417	0.469	0.504	0.560	0.627	0.675	0.708	0.728	0.746	0.731	0.700	0.614	0.724
5.000	100.000	0.406	0.382	0.366	0.352	0.346	0.342	0.340	0.342	0.345	0.348	0.355	0.367	0.378	0.409	0.459	0.493	0.546	0.611	0.656	0.689	0.710	0.729	0.714	0.684	0.604	0.713
5.000	125.890	0.406	0.382	0.366	0.353	0.346	0.341	0.339	0.340	0.343	0.345	0.352	0.363	0.373	0.404	0.451	0.483	0.533	0.597	0.641	0.673	0.693	0.713	0.701	0.673	0.596	0.700
5.000	158.490	0.406	0.382	0.366	0.352	0.346	0.341	0.339	0.340	0.342	0.343	0.349	0.359	0.370	0.398	0.445	0.476	0.525	0.586	0.628	0.659	0.679	0.700	0.690	0.662	0.589	0.692
5.000	199.530	0.406	0.383	0.366	0.352	0.345	0.341	0.338	0.338	0.340	0.342	0.348	0.357	0.366	0.394	0.441	0.470	0.518	0.578	0.618	0.649	0.668	0.690	0.681	0.656	0.585	0.685
5.000	251.190	0.406	0.382	0.366	0.352	0.345	0.341	0.338	0.338	0.340	0.340	0.346	0.355	0.364	0.392	0.437	0.465	0.513	0.570	0.610	0.641	0.662	0.682	0.675	0.650	0.579	0.679
5.000	316.230	0.406	0.382	0.366	0.353	0.346	0.341	0.337	0.337	0.339	0.340	0.345	0.354	0.362	0.389	0.434	0.462	0.508	0.566	0.605	0.635	0.655	0.676	0.670	0.646	0.578	0.675
5.000	398.110	0.406	0.383	0.366	0.353	0.346	0.341	0.338	0.337	0.338	0.339	0.344	0.352	0.361	0.388	0.432	0.459	0.505	0.562	0.601	0.631	0.652	0.673	0.667	0.643	0.575	0.671
5.000	501.190	0.405	0.382	0.366	0.352	0.345	0.341	0.337	0.337	0.338	0.338	0.344	0.352	0.360	0.387	0.431	0.457	0.504	0.560	0.598	0.628	0.649	0.670	0.665	0.640	0.574	0.670
5.000	630.960	0.405	0.382	0.366	0.353	0.346	0.340	0.337	0.337	0.338	0.338	0.343	0.351	0.359	0.386	0.429	0.456	0.502	0.558	0.597	0.627	0.647	0.668	0.662	0.638	0.573	0.668
5.000	794.330	0.405	0.382	0.366	0.352	0.345	0.340	0.337	0.337	0.338	0.338	0.343	0.351	0.358	0.386	0.429	0.456	0.500	0.557	0.596	0.625	0.646	0.667	0.661	0.637	0.571	0.667
5.000	1000.000	0.405	0.382	0.366	0.352	0.346	0.340	0.337	0.337	0.338	0.337	0.343	0.351	0.359	0.385	0.429	0.455	0.500	0.557	0.596	0.624	0.644	0.665	0.661	0.637	0.571	0.667
5.250	1.000	0.406	0.382	0.366	0.352	0.348	0.348	0.356	0.371	0.394	0.411	0.437	0.480	0.524	0.585	0.700	0.787	0.920	1.059	1.167	1.227	1.250	1.236	1.148	1.057	0.834	1.050
5.250	1.260	0.405	0.382	0.366	0.353	0.348	0.348	0.356	0.371	0.393	0.411	0.436	0.479	0.522	0.583	0.697	0.785	0.916	1.057	1.161	1.222	1.242	1.230	1.140	1.052	0.832	1.047
5.250	1.580	0.405	0.382	0.366	0.353	0.348	0.348	0.356	0.371	0.393	0.410	0.435	0.478	0.520	0.581	0.693	0.780	0.910	1.050	1.151	1.213	1.233	1.222	1.135	1.045	0.828	1.040
5.250	2.000	0.406	0.383	0.366	0.353	0.348	0.348	0.356	0.370	0.391	0.409	0.434	0.474	0.518	0.578	0.687	0.773	0.899	1.040	1.140	1.199	1.222	1.211	1.127	1.038	0.822	1.033
5.250	2.510	0.405	0.382	0.366	0.353	0.348	0.348	0.356	0.370	0.390	0.407	0.431	0.472	0.512	0.573	0.681	0.764	0.889	1.023	1.125	1.180	1.202	1.194	1.112	1.028	0.817	1.026
5.250	3.160	0.405	0.383	0.366	0.353	0.348	0.348	0.354	0.368	0.388	0.405	0.429	0.468	0.508	0.565	0.670	0.753	0.875	1.005	1.104	1.159	1.180	1.172	1.094	1.012	0.809	1.009
5.250	3.980	0.405	0.383	0.366	0.353	0.347	0.348	0.354	0.366	0.385	0.402	0.424	0.462	0.501	0.556	0.659	0.738	0.855	0.982	1.076	1.132	1.151	1.148	1.074	0.995	0.796	0.995
5.250	5.010	0.405	0.382	0.366	0.353	0.348	0.348	0.353	0.366	0.383	0.398	0.420	0.456	0.493	0.547	0.646	0.719	0.834	0.955	1.045	1.099	1.122	1.117	1.050	0.971	0.783	0.975
5.250	6.310	0.406	0.382	0.366	0.353	0.348	0.347	0.352	0.363	0.380	0.395	0.415	0.449	0.483	0.536	0.630	0.701	0.807	0.925	1.009	1.062	1.084	1.084	1.019	0.946	0.769	0.953
5.250	7.940	0.406	0.382	0.366	0.352	0.347	0.346	0.352	0.361	0.378	0.390	0.409	0.441	0.473	0.524	0.614	0.681	0.780	0.893	0.975	1.023	1.045	1.047	0.989	0.923	0.755	0.929
5.250	10.000	0.405	0.383	0.366	0.353	0.347	0.346	0.351	0.360	0.374	0.385	0.405	0.433	0.463	0.511	0.596	0.659	0.755	0.861	0.935	0.984	1.007	1.009	0.957	0.895	0.738	0.906
5.250	12.590	0.405	0.382	0.366	0.352	0.347	0.345	0.348	0.358	0.371	0.382	0.397	0.425	0.453	0.499	0.578	0.637	0.726	0.828	0.899	0.944	0.966	0.973	0.927	0.869	0.719	0.881
5.250	15.850	0.405	0.382	0.366	0.353	0.347	0.345	0.348	0.356	0.367	0.377	0.392	0.418	0.442	0.485	0.561	0.617	0.700	0.794	0.863	0.908	0.929	0.938	0.895	0.841	0.705	0.857
5.250	19.950	0.405	0.382	0.366	0.353	0.346	0.345	0.347	0.353	0.364	0.372	0.386	0.409	0.432	0.473	0.545	0.596	0.675	0.764	0.828	0.871	0.891	0.902	0.865	0.817	0.689	0.832
5.250	25.120	0.406	0.382	0.366	0.352	0.346	0.344	0.345	0.351	0.361	0.368	0.380	0.402	0.422	0.461	0.528	0.577	0.650	0.735	0.796	0.834	0.855	0.869	0.838	0.793	0.671	0.811
5.250	31.620	0.405	0.382	0.366	0.352	0.346	0.344	0.344	0.349	0.357	0.363	0.375	0.394	0.412	0.450	0.514	0.557	0.627	0.706	0.762	0.802	0.822	0.838	0.809	0.767	0.658	0.791
5.250	39.810	0.406	0.382	0.366	0.353	0.347	0.343	0.343	0.347	0.355	0.359	0.370	0.386	0.404	0.440	0.500	0.541	0.605	0.681	0.735	0.773	0.793	0.807	0.785	0.746	0.643	0.769
5.250	50.120	0.406	0.382	0.366	0.353	0.346	0.343	0.342	0.345	0.352	0.355	0.365	0.380	0.396	0.430	0.486	0.525	0.586	0.658	0.708	0.745	0.766	0.783	0.762	0.726	0.631	0.750
5.250	63.100	0.406	0.383	0.366	0.352	0.346	0.342	0.341	0.344	0.349	0.352	0.361	0.375	0.388	0.421	0.474	0.511	0.568	0.638	0.684	0.719	0.740	0.759	0.741	0.708	0.618	0.735
5.250	79.430	0.406	0.382	0.366	0.352	0.346	0.342	0.340	0.343	0.346	0.348	0.356	0.369	0.382	0.413	0.465	0.499	0.553	0.618	0.665	0.700	0.719	0.738	0.724	0.692	0.608	0.719
5.250	100.000	0.406	0.383	0.366	0.353	0.346	0.342	0.340	0.341	0.344	0.346	0.353	0.365	0.376	0.406	0.456	0.488	0.541	0.604	0.647	0.681	0.701	0.721	0.710	0.679	0.600	0.706
5.250	125.890	0.406	0.383	0.366	0.352	0.346	0.342	0.339	0.340	0.343	0.344	0.352	0.361	0.372	0.402	0.449	0.480	0.530	0.592	0.634	0.665	0.685	0.706	0.695	0.668	0.593	0.697
5.250	158.490	0.406	0.383	0.366	0.353	0.346	0.341	0.339	0.340	0.341	0.343	0.348	0.359	0.368	0.396	0.443	0.473	0.521	0.581	0.624	0.655	0.675	0.695	0.687	0.659	0.587	0.689
5.250	199.530	0.406	0.382	0.366	0.353	0.346	0.341	0.338	0.338	0.340	0.340	0.347	0.356	0.365	0.394	0.439	0.468	0.515	0.574	0.614	0.646	0.665	0.685	0.679	0.652	0.582	0.682
5.250	251.190	0.406	0.383	0.366	0.353	0.346	0.340	0.337	0.338	0.340	0.340	0.346	0.355	0.363	0.391	0.436	0.463	0.511	0.568	0.608	0.638	0.659	0.679	0.671	0.649	0.579	0.678
5.250	316.230	0.406	0.383	0.366	0.352	0.346	0.341	0.338	0.338	0.339	0.340	0.344	0.353	0.361	0.389	0.433	0.460	0.506	0.564	0.604	0.634	0.653	0.676	0.668	0.644	0.577	0.673
5.250	398.110	0.405	0.382	0.366	0.352	0.346	0.341	0.337	0.337	0.339	0.338	0.344	0.352	0.360	0.388	0.432	0.459	0.504	0.561	0.600	0.630	0.650	0.671	0.665	0.641	0.575	0.671
5.250	501.190	0.405	0.383	0.366	0.353	0.346	0.341	0.337	0.337	0.338	0.338	0.344	0.352	0.359	0.386	0.431	0.457	0.502	0.560	0.597	0.627	0.647	0.670	0.664	0.640	0.574	0.668
5.250	630.960	0.405	0.383	0.366	0.352	0.346	0.341	0.337	0.337	0.338	0.338	0.344	0.351	0.359	0.385	0.429	0.456	0.501	0.558	0.597	0.627	0.647	0.667	0.661	0.638	0.573	0.668
5.250	794.330	0.405	0.383	0.366	0.353	0.346	0.340	0.337	0.337	0.337	0.337	0.343	0.351	0.359	0.386	0.429	0.456	0.500	0.556	0.596	0.625	0.644	0.667	0.662	0.637	0.573	0.667
5.250	1000.000	0.406	0.383	0.366	0.353	0.346	0.341	0.337	0.337	0.337	0.338	0.343	0.351	0.358	0.385	0.429	0.455	0.500	0.556	0.594	0.624	0.644	0.667	0.659	0.637	0.571	0.667
5.500	1.000	0.406	0.382	0.366	0.353	0.348	0.350	0.360	0.378	0.404	0.427	0.456	0.507	0.561	0.631	0.762	0.867	1.026	1.191	1.315	1.384	1.403	1.380	1.265	1.156	0.891	1.138
5.500	1.260	0.406	0.382	0.366	0.353	0.348	0.350	0.359	0.377	0.402	0.425	0.453	0.502	0.555	0.624	0.752	0.855	1.009	1.169	1.291	1.358	1.377	1.355	1.247	1.138	0.881	1.125
5.500	1.580	0.406	0.382	0.366	0.353	0.348	0.350	0.359	0.376	0.400	0.422	0.450	0.498	0.547	0.614	0.740	0.839	0.986	1.143	1.262	1.327	1.346	1.327	1.222	1.119	0.871	1.107
5.500	2.000	0.406	0.383	0.366	0.353	0.348	0.349	0.358	0.374	0.398	0.418	0.445	0.491	0.538	0.604	0.724	0.820	0.962	1.112	1.227	1.288	1.312	1.294	1.194	1.094	0.857	1.086
5.500	2.510	0.406	0.383	0.366	0.352	0.348	0.349	0.356	0.372	0.394	0.414	0.440	0.484	0.528	0.592	0.706	0.798	0.933	1.079	1.186	1.247	1.268	1.256	1.161	1.069	0.841	1.062
5.500	3.160	0.406	0.383	0.366	0.353	0.348	0.348	0.356	0.371	0.392	0.409	0.435	0.475	0.519	0.578	0.689	0.774	0.904	1.040	1.143	1.202	1.222	1.213	1.127	1.040	0.824	1.035
5.500	3.980	0.405	0.383	0.366	0.353	0.348	0.348	0.354	0.368	0.387	0.405	0.428	0.468	0.507	0.565	0.670	0.750	0.871	1.002	1.102	1.156	1.178	1.169	1.091	1.009	0.807	1.009
5.500	5.010	0.406	0.382	0.366	0.353	0.348	0.348	0.353	0.366	0.384	0.400	0.422	0.458	0.495	0.551	0.650	0.726	0.839	0.964	1.057	1.109	1.132	1.127	1.057	0.979	0.787	0.982
5.500	6.310	0.406	0.382	0.366	0.353	0.347	0.347	0.352	0.364	0.380	0.394	0.415	0.449	0.483	0.536	0.631	0.701	0.807	0.923	1.012	1.062	1.086	1.084	1.019	0.948	0.771	0.953
5.500	7.940	0.405	0.382	0.366	0.353	0.348	0.347	0.351	0.361	0.377	0.390	0.408	0.440	0.472	0.521	0.611	0.678	0.778	0.887	0.968	1.019	1.040	1.040	0.986	0.916	0.752	0.927
5.500	10.000	0.405	0.383	0.366	0.352	0.347	0.346	0.350	0.359	0.373	0.385	0.402	0.432	0.459	0.508	0.592	0.653	0.746	0.851	0.927	0.975	0.998	1.002	0.951	0.889	0.733	0.899
5.500	12.590	0.405	0.382	0.366	0.353	0.348	0.346	0.349	0.357	0.370	0.380	0.395	0.423	0.449	0.494	0.573	0.630	0.718	0.817	0.889	0.933	0.955	0.962	0.916	0.861	0.714	0.873
5.500	15.850	0.406	0.383	0.366	0.352	0.347	0.345	0.347	0.355	0.366	0.375	0.390	0.414	0.439	0.481	0.556	0.608	0.690	0.783	0.849	0.895	0.916	0.925	0.885	0.834	0.698	0.849
5.500	19.950	0.406	0.382	0.366	0.353	0.347	0.344	0.346	0.352	0.362	0.371	0.384	0.406	0.429	0.469	0.538	0.587	0.665	0.752	0.815	0.857	0.877	0.889	0.855	0.807	0.682	0.824
5.500	25.120	0.406	0.383	0.366	0.352	0.347	0.344	0.344	0.350	0.359	0.366	0.378	0.399	0.418	0.457	0.522	0.570	0.641	0.723	0.782	0.822	0.843	0.855	0.826	0.783	0.667	0.804
5.500	31.620	0.405	0.383	0.366	0.353	0.347	0.344	0.344	0.348	0.356	0.362	0.372	0.392	0.408	0.446	0.508	0.551	0.618	0.697	0.752	0.791	0.811	0.826	0.800	0.759	0.652	0.782
5.500	39.810	0.405	0.382	0.366	0.353	0.346	0.343	0.343	0.347	0.353	0.357	0.367	0.385	0.400	0.436	0.494	0.535	0.597	0.673	0.723	0.760	0.782	0.798	0.776	0.738	0.638	0.760
5.500	50.120	0.406	0.382	0.366	0.352	0.346	0.343	0.341	0.344	0.350	0.354	0.363	0.378	0.392	0.426	0.482	0.520	0.578	0.650	0.700	0.735	0.755	0.773	0.755	0.719	0.627	0.745
5.500	63.100	0.406	0.383	0.366	0.353	0.346	0.342	0.340	0.343	0.348	0.351	0.359	0.372	0.385	0.418	0.470	0.505	0.562	0.631	0.678	0.711	0.731	0.750	0.735	0.701	0.615	0.728
5.500	79.430	0.406	0.382	0.366	0.353	0.346	0.342	0.340	0.342	0.345	0.348	0.356	0.367	0.379	0.410	0.460	0.494	0.548	0.612	0.658	0.692	0.711	0.731	0.718	0.687	0.605	0.714
5.500	100.000	0.406	0.382	0.366	0.352	0.346	0.342	0.340	0.340	0.344	0.345	0.352	0.364	0.374	0.405	0.453	0.484	0.536	0.600	0.643	0.675	0.695	0.714	0.703	0.675	0.597	0.703
5.500	125.890	0.406	0.382	0.366	0.353	0.346	0.342	0.339	0.340	0.342	0.344	0.350	0.361	0.370	0.399	0.447	0.476	0.526	0.587	0.630	0.661	0.682	0.701	0.692	0.665	0.592	0.693
5.500	158.490	0.406	0.382	0.366	0.352	0.346	0.341	0.338	0.339	0.341	0.342	0.348	0.357	0.366	0.395	0.442	0.470	0.519	0.579	0.619	0.650	0.670	0.692	0.684	0.658	0.585	0.685
5.500	199.530	0.405	0.382	0.366	0.352	0.346	0.341	0.338	0.338	0.340	0.340	0.347	0.355	0.364	0.392	0.438	0.466	0.514	0.571	0.612	0.643	0.664	0.684	0.676	0.652	0.581	0.679
5.500	251.190	0.405	0.382	0.366	0.352	0.345	0.340	0.338	0.338	0.339	0.340	0.345	0.353	0.362	0.390	0.435	0.462	0.508	0.566	0.607	0.637	0.658	0.678	0.671	0.646	0.578	0.675
5.500	316.230	0.405	0.382	0.366	0.353	0.345	0.341	0.337	0.338	0.339	0.339	0.344	0.352	0.361	0.388	0.432	0.459	0.506	0.564	0.603	0.632	0.652	0.673	0.667	0.643	0.575	0.671
5.500	398.110	0.405	0.383	0.366	0.353	0.346	0.341	0.338	0.337	0.338	0.338	0.344	0.352	0.361	0.387	0.431	0.458	0.504	0.560	0.600	0.628	0.650	0.671	0.665	0.640	0.574	0.670
5.500	501.190	0.406	0.382	0.366	0.353	0.346	0.341	0.337	0.337	0.338	0.338	0.344	0.352	0.360	0.387	0.430	0.457	0.501	0.558	0.597	0.627	0.649	0.668	0.662	0.638	0.574	0.670
5.500	630.960	0.406	0.382	0.366	0.353	0.345	0.341	0.337	0.337	0.338	0.338	0.344	0.352	0.359	0.385	0.430	0.456	0.500	0.557	0.596	0.627	0.646	0.667	0.662	0.637	0.573	0.668
5.500	794.330	0.406	0.382	0.366	0.353	0.346	0.340	0.337	0.337	0.338	0.337	0.343	0.351	0.359	0.385	0.428	0.455	0.500	0.556	0.594	0.624	0.644	0.665	0.661	0.637	0.571	0.668
5.500	1000.000	0.406	0.382	0.366	0.352	0.345	0.341	0.337	0.337	0.338	0.338	0.343	0.350	0.358	0.385	0.429	0.455	0.500	0.557	0.594	0.624	0.644	0.665	0.661	0.635	0.571	0.667
5.750	1.000	0.405	0.383	0.366	0.352	0.348	0.351	0.361	0.380	0.408	0.434	0.465	0.520	0.575	0.650	0.791	0.904	1.072	1.247	1.384	1.452	1.472	1.442	1.315	1.197	0.918	1.175
5.750	1.260	0.406	0.382	0.366	0.353	0.348	0.350	0.361	0.378	0.406	0.429	0.459	0.512	0.565	0.637	0.773	0.881	1.038	1.208	1.337	1.406	1.426	1.400	1.282	1.169	0.899	1.151
5.750	1.580	0.406	0.382	0.366	0.353	0.348	0.350	0.360	0.377	0.403	0.424	0.453	0.502	0.553	0.622	0.752	0.855	1.007	1.167	1.288	1.355	1.377	1.355	1.245	1.138	0.881	1.122
5.750	2.000	0.406	0.382	0.366	0.352	0.348	0.349	0.358	0.375	0.399	0.419	0.447	0.494	0.541	0.608	0.729	0.828	0.971	1.125	1.239	1.300	1.324	1.306	1.205	1.104	0.863	1.091
5.750	2.510	0.405	0.383	0.366	0.353	0.348	0.349	0.357	0.372	0.394	0.414	0.441	0.484	0.530	0.592	0.708	0.800	0.935	1.079	1.189	1.250	1.271	1.259	1.167	1.069	0.843	1.062
5.750	3.160	0.406	0.382	0.366	0.352	0.348	0.348	0.356	0.370	0.391	0.409	0.433	0.474	0.516	0.577	0.687	0.773	0.899	1.035	1.140	1.197	1.219	1.211	1.125	1.035	0.822	1.033
5.750	3.980	0.406	0.383	0.366	0.353	0.348	0.348	0.354	0.367	0.387	0.404	0.427	0.466	0.504	0.562	0.665	0.745	0.865	0.995	1.091	1.146	1.167	1.161	1.086	1.005	0.804	1.005
5.750	5.010	0.405	0.383	0.366	0.352	0.347	0.348	0.353	0.365	0.383	0.398	0.420	0.455	0.492	0.547	0.644	0.719	0.832	0.955	1.042	1.099	1.119	1.114	1.047	0.971	0.783	0.975
5.750	6.310	0.406	0.383	0.366	0.352	0.347	0.347	0.352	0.363	0.379	0.394	0.414	0.447	0.480	0.532	0.625	0.693	0.798	0.914	1.000	1.050	1.072	1.072	1.009	0.940	0.764	0.944
5.750	7.940	0.405	0.382	0.366	0.353	0.347	0.346	0.350	0.361	0.376	0.388	0.406	0.438	0.469	0.518	0.604	0.670	0.767	0.875	0.955	1.002	1.026	1.028	0.975	0.908	0.746	0.918
5.750	10.000	0.406	0.382	0.366	0.353	0.347	0.346	0.350	0.358	0.372	0.384	0.400	0.428	0.457	0.504	0.585	0.646	0.738	0.839	0.914	0.962	0.984	0.989	0.940	0.879	0.728	0.891
5.750	12.590	0.406	0.382	0.366	0.353	0.347	0.346	0.348	0.356	0.368	0.378	0.394	0.420	0.446	0.490	0.566	0.624	0.710	0.805	0.875	0.920	0.942	0.951	0.908	0.851	0.711	0.865
5.750	15.850	0.406	0.382	0.366	0.352	0.347	0.345	0.347	0.354	0.365	0.373	0.388	0.411	0.435	0.478	0.550	0.601	0.682	0.773	0.838	0.881	0.904	0.914	0.875	0.824	0.693	0.839
5.750	19.950	0.406	0.382	0.366	0.352	0.347	0.344	0.345	0.352	0.361	0.369	0.382	0.404	0.425	0.465	0.533	0.582	0.656	0.743	0.804	0.845	0.867	0.879	0.845	0.798	0.676	0.818
5.750	25.120	0.406	0.383	0.366	0.353	0.347	0.344	0.344	0.350	0.358	0.365	0.377	0.395	0.415	0.453	0.518	0.562	0.632	0.714	0.771	0.811	0.834	0.847	0.818	0.774	0.662	0.794
5.750	31.620	0.406	0.383	0.366	0.353	0.347	0.344	0.343	0.348	0.355	0.360	0.372	0.388	0.406	0.443	0.504	0.546	0.611	0.689	0.741	0.780	0.802	0.817	0.793	0.753	0.647	0.774
5.750	39.810	0.406	0.382	0.366	0.352	0.346	0.343	0.342	0.346	0.352	0.356	0.366	0.382	0.398	0.433	0.490	0.530	0.590	0.664	0.714	0.750	0.773	0.789	0.767	0.731	0.635	0.755
5.750	50.120	0.406	0.383	0.366	0.353	0.346	0.343	0.341	0.344	0.349	0.353	0.362	0.376	0.390	0.424	0.479	0.515	0.573	0.643	0.690	0.726	0.746	0.764	0.746	0.713	0.621	0.738
5.750	63.100	0.405	0.382	0.366	0.353	0.346	0.342	0.340	0.342	0.347	0.349	0.358	0.371	0.384	0.415	0.468	0.501	0.557	0.624	0.670	0.703	0.724	0.743	0.728	0.697	0.611	0.723
5.750	79.430	0.405	0.383	0.366	0.352	0.345	0.341	0.340	0.341	0.345	0.347	0.355	0.366	0.378	0.408	0.458	0.491	0.543	0.608	0.652	0.685	0.705	0.726	0.713	0.682	0.603	0.710
5.750	100.000	0.405	0.382	0.366	0.352	0.346	0.341	0.339	0.340	0.344	0.345	0.352	0.362	0.372	0.403	0.451	0.482	0.533	0.594	0.638	0.670	0.690	0.710	0.700	0.671	0.594	0.700
5.750	125.890	0.405	0.382	0.366	0.353	0.346	0.341	0.339	0.339	0.341	0.343	0.350	0.359	0.369	0.398	0.445	0.475	0.524	0.583	0.625	0.658	0.678	0.698	0.689	0.661	0.589	0.692
5.750	158.490	0.406	0.382	0.366	0.352	0.346	0.340	0.339	0.339	0.340	0.342	0.348	0.356	0.366	0.394	0.440	0.469	0.516	0.575	0.617	0.649	0.668	0.689	0.681	0.655	0.583	0.684
5.750	199.530	0.406	0.383	0.366	0.352	0.346	0.341	0.338	0.338	0.340	0.340	0.346	0.354	0.363	0.392	0.437	0.465	0.512	0.569	0.610	0.641	0.661	0.681	0.675	0.649	0.579	0.679
5.750	251.190	0.406	0.382	0.366	0.352	0.346	0.341	0.338	0.338	0.339	0.340	0.345	0.354	0.362	0.390	0.434	0.462	0.508	0.565	0.604	0.635	0.655	0.676	0.670	0.646	0.577	0.675
5.750	316.230	0.406	0.382	0.366	0.353	0.346	0.341	0.338	0.337	0.339	0.339	0.344	0.352	0.361	0.388	0.432	0.459	0.505	0.562	0.601	0.632	0.652	0.673	0.667	0.643	0.575	0.671
5.750	398.110	0.406	0.382	0.366	0.353	0.345	0.341	0.337	0.337	0.338	0.338	0.344	0.352	0.360	0.387	0.430	0.458	0.502	0.560	0.598	0.628	0.649	0.670	0.665	0.640	0.573	0.670
5.750	501.190	0.405	0.382	0.366	0.352	0.346	0.341	0.337	0.337	0.337	0.337	0.344	0.352	0.360	0.386	0.429	0.456	0.502	0.558	0.597	0.627	0.647	0.668	0.662	0.638	0.573	0.668
5.750	630.960	0.405	0.382	0.366	0.353	0.346	0.340	0.337	0.337	0.338	0.337	0.344	0.351	0.359	0.385	0.429	0.455	0.501	0.557	0.596	0.627	0.646	0.667	0.662	0.638	0.573	0.668
5.750	794.330	0.405	0.382	0.366	0.353	0.346	0.341	0.337	0.337	0.338	0.337	0.343	0.350	0.358	0.385	0.429	0.455	0.500	0.556	0.596	0.624	0.646	0.667	0.661	0.637	0.573	0.667
5.750	1000.000	0.405	0.383	0.366	0.352	0.345	0.340	0.337	0.337	0.337	0.337	0.343	0.351	0.358	0.385	0.428	0.454	0.500	0.556	0.593	0.624	0.644	0.667	0.661	0.637	0.571	0.667
6.000	1.000	0.406	0.382	0.366	0.352	0.348	0.348	0.356	0.370	0.391	0.409	0.434	0.475	0.516	0.577	0.687	0.773	0.902	1.038	1.140	1.197	1.219	1.208	1.125	1.038	0.824	1.033
6.000	1.260	0.405	0.383	0.366	0.353	0.348	0.348	0.356	0.370	0.391	0.407	0.433	0.474	0.515	0.575	0.685	0.769	0.895	1.033	1.132	1.191	1.211	1.205	1.122	1.030	0.820	1.030
6.000	1.580	0.406	0.382	0.366	0.352	0.347	0.348	0.356	0.369	0.389	0.407	0.432	0.472	0.513	0.573	0.681	0.764	0.887	1.021	1.125	1.180	1.202	1.194	1.112	1.026	0.817	1.023
6.000	2.000	0.406	0.382	0.366	0.353	0.348	0.348	0.355	0.368	0.388	0.406	0.430	0.469	0.509	0.568	0.673	0.755	0.879	1.012	1.109	1.167	1.189	1.180	1.102	1.016	0.811	1.014
6.000	2.510	0.406	0.382	0.366	0.353	0.348	0.348	0.355	0.367	0.387	0.404	0.427	0.465	0.504	0.561	0.665	0.745	0.865	0.995	1.091	1.148	1.169	1.161	1.086	1.005	0.802	1.002
6.000	3.160	0.406	0.383	0.366	0.352	0.347	0.348	0.354	0.366	0.385	0.401	0.423	0.459	0.498	0.555	0.655	0.733	0.847	0.973	1.067	1.122	1.143	1.138	1.064	0.986	0.793	0.989
6.000	3.980	0.405	0.383	0.366	0.353	0.348	0.348	0.352	0.365	0.383	0.397	0.420	0.454	0.490	0.543	0.641	0.716	0.828	0.946	1.038	1.091	1.112	1.109	1.040	0.966	0.780	0.971
6.000	5.010	0.406	0.382	0.366	0.352	0.347	0.347	0.352	0.363	0.379	0.394	0.414	0.448	0.482	0.533	0.627	0.698	0.804	0.920	1.005	1.054	1.079	1.076	1.014	0.944	0.766	0.951
6.000	6.310	0.405	0.382	0.366	0.353	0.347	0.347	0.351	0.361	0.377	0.390	0.409	0.440	0.472	0.522	0.612	0.678	0.778	0.889	0.971	1.019	1.040	1.042	0.986	0.918	0.752	0.927
6.000	7.940	0.405	0.382	0.366	0.353	0.347	0.346	0.349	0.360	0.374	0.385	0.404	0.433	0.462	0.509	0.594	0.656	0.752	0.855	0.933	0.982	1.005	1.007	0.955	0.891	0.736	0.904
6.000	10.000	0.406	0.383	0.366	0.352	0.347	0.345	0.349	0.357	0.370	0.381	0.397	0.425	0.452	0.498	0.578	0.635	0.724	0.824	0.897	0.942	0.964	0.971	0.925	0.867	0.719	0.879
6.000	12.590	0.406	0.383	0.366	0.352	0.347	0.345	0.348	0.356	0.367	0.377	0.392	0.417	0.442	0.485	0.560	0.615	0.698	0.793	0.861	0.906	0.927	0.935	0.893	0.839	0.703	0.857
6.000	15.850	0.406	0.383	0.366	0.352	0.347	0.345	0.347	0.353	0.364	0.372	0.386	0.409	0.431	0.473	0.545	0.596	0.675	0.762	0.826	0.869	0.891	0.902	0.865	0.815	0.687	0.834
6.000	19.950	0.405	0.382	0.366	0.353	0.347	0.344	0.345	0.352	0.361	0.367	0.380	0.402	0.422	0.461	0.528	0.575	0.649	0.735	0.793	0.834	0.855	0.869	0.836	0.791	0.671	0.809
6.000	25.120	0.405	0.382	0.366	0.353	0.346	0.344	0.344	0.349	0.357	0.363	0.375	0.394	0.412	0.450	0.513	0.557	0.627	0.706	0.762	0.802	0.822	0.838	0.809	0.767	0.658	0.789
6.000	31.620	0.406	0.382	0.366	0.353	0.347	0.343	0.344	0.347	0.354	0.359	0.370	0.387	0.404	0.439	0.499	0.541	0.604	0.681	0.733	0.771	0.791	0.807	0.785	0.745	0.644	0.769
6.000	39.810	0.405	0.382	0.366	0.352	0.346	0.343	0.342	0.346	0.351	0.356	0.366	0.380	0.395	0.430	0.485	0.524	0.586	0.658	0.708	0.743	0.766	0.782	0.762	0.726	0.630	0.750
6.000	50.120	0.405	0.382	0.366	0.352	0.346	0.343	0.341	0.344	0.349	0.352	0.361	0.375	0.388	0.421	0.474	0.511	0.569	0.638	0.685	0.719	0.741	0.759	0.741	0.708	0.619	0.735
6.000	63.100	0.405	0.383	0.366	0.353	0.346	0.342	0.340	0.342	0.346	0.348	0.357	0.369	0.382	0.413	0.465	0.499	0.553	0.618	0.665	0.698	0.719	0.738	0.724	0.692	0.608	0.718
6.000	79.430	0.405	0.382	0.366	0.353	0.346	0.342	0.340	0.341	0.344	0.346	0.353	0.365	0.376	0.406	0.456	0.488	0.541	0.604	0.649	0.681	0.701	0.721	0.710	0.679	0.600	0.708
6.000	100.000	0.405	0.383	0.366	0.352	0.346	0.342	0.340	0.340	0.343	0.344	0.351	0.361	0.372	0.401	0.449	0.480	0.530	0.592	0.634	0.667	0.687	0.706	0.697	0.668	0.593	0.697
6.000	125.890	0.405	0.383	0.366	0.352	0.346	0.341	0.339	0.340	0.342	0.342	0.348	0.359	0.368	0.396	0.444	0.473	0.522	0.582	0.624	0.653	0.675	0.697	0.687	0.659	0.587	0.689
6.000	158.490	0.405	0.383	0.366	0.353	0.346	0.341	0.338	0.339	0.340	0.341	0.347	0.356	0.365	0.394	0.439	0.468	0.515	0.574	0.615	0.646	0.665	0.687	0.679	0.652	0.582	0.682
6.000	199.530	0.405	0.382	0.366	0.352	0.346	0.341	0.337	0.338	0.340	0.340	0.346	0.354	0.363	0.391	0.436	0.463	0.511	0.569	0.608	0.638	0.659	0.681	0.673	0.649	0.579	0.678
6.000	251.190	0.406	0.383	0.366	0.352	0.346	0.340	0.337	0.338	0.339	0.340	0.345	0.353	0.361	0.389	0.433	0.461	0.507	0.565	0.603	0.634	0.655	0.676	0.670	0.644	0.577	0.673
6.000	316.230	0.406	0.383	0.366	0.353	0.346	0.341	0.337	0.337	0.338	0.338	0.344	0.352	0.361	0.388	0.431	0.458	0.505	0.561	0.600	0.630	0.650	0.671	0.667	0.641	0.575	0.671
6.000	398.110	0.406	0.382	0.366	0.353	0.345	0.340	0.337	0.337	0.338	0.338	0.344	0.352	0.360	0.386	0.430	0.457	0.502	0.560	0.597	0.628	0.649	0.670	0.664	0.640	0.574	0.670
6.000	501.190	0.406	0.382	0.366	0.353	0.346	0.340	0.337	0.337	0.338	0.338	0.344	0.352	0.359	0.386	0.430	0.457	0.502	0.557	0.596	0.627	0.647	0.667	0.662	0.638	0.573	0.668
6.000	630.960	0.406	0.382	0.366	0.353	0.346	0.341	0.337	0.337	0.338	0.337	0.343	0.351	0.359	0.385	0.429	0.456	0.501	0.557	0.596	0.625	0.646	0.667	0.662	0.637	0.571	0.668
6.000	794.330	0.405	0.382	0.366	0.353	0.346	0.340	0.337	0.337	0.338	0.337	0.343	0.351	0.358	0.385	0.428	0.455	0.500	0.556	0.594	0.625	0.644	0.667	0.661	0.637	0.571	0.667
6.000	1000.000	0.405	0.383	0.366	0.352	0.345	0.341	0.337	0.337	0.338	0.337	0.343	0.350	0.358	0.385	0.428	0.455	0.499	0.556	0.594	0.625	0.644	0.665	0.661	0.635	0.571	0.667
6.250	1.000	0.406	0.382	0.366	0.353	0.347	0.347	0.352	0.364	0.381	0.395	0.416	0.450	0.484	0.537	0.632	0.703	0.811	0.927	1.014	1.064	1.089	1.086	1.023	0.951	0.771	0.957
6.250	1.260	0.405	0.382	0.366	0.352	0.348	0.347	0.352	0.364	0.381	0.394	0.415	0.450	0.483	0.536	0.630	0.701	0.809	0.927	1.012	1.064	1.086	1.084	1.021	0.948	0.771	0.955
6.250	1.580	0.406	0.383	0.366	0.353	0.347	0.347	0.352	0.364	0.381	0.394	0.415	0.448	0.483	0.535	0.630	0.700	0.805	0.923	1.009	1.059	1.084	1.081	1.019	0.946	0.769	0.951
6.250	2.000	0.406	0.383	0.366	0.353	0.348	0.347	0.352	0.363	0.380	0.394	0.414	0.448	0.481	0.533	0.627	0.697	0.804	0.918	1.005	1.057	1.076	1.076	1.014	0.944	0.767	0.951
6.250	2.510	0.406	0.382	0.366	0.353	0.348	0.347	0.352	0.362	0.379	0.393	0.413	0.447	0.479	0.531	0.622	0.693	0.796	0.912	0.998	1.047	1.072	1.069	1.009	0.940	0.764	0.944
6.250	3.160	0.405	0.383	0.366	0.352	0.347	0.347	0.352	0.362	0.378	0.392	0.411	0.444	0.476	0.527	0.618	0.687	0.791	0.904	0.989	1.038	1.057	1.059	1.000	0.931	0.760	0.938
6.250	3.980	0.406	0.383	0.366	0.353	0.347	0.347	0.351	0.361	0.377	0.390	0.409	0.441	0.473	0.524	0.612	0.679	0.780	0.889	0.973	1.023	1.042	1.047	0.989	0.920	0.753	0.929
6.250	5.010	0.405	0.382	0.366	0.353	0.348	0.347	0.350	0.361	0.376	0.388	0.406	0.438	0.468	0.516	0.604	0.668	0.767	0.875	0.955	1.005	1.026	1.028	0.973	0.908	0.745	0.916
6.250	6.310	0.405	0.382	0.366	0.353	0.347	0.346	0.350	0.359	0.374	0.385	0.403	0.433	0.461	0.509	0.594	0.655	0.752	0.855	0.933	0.979	1.000	1.007	0.953	0.891	0.736	0.902
6.250	7.940	0.406	0.382	0.366	0.353	0.347	0.345	0.349	0.358	0.372	0.383	0.399	0.427	0.454	0.500	0.581	0.640	0.731	0.832	0.906	0.951	0.973	0.979	0.931	0.873	0.723	0.883
6.250	10.000	0.405	0.382	0.366	0.352	0.347	0.345	0.348	0.356	0.368	0.378	0.394	0.420	0.446	0.490	0.568	0.624	0.710	0.805	0.875	0.920	0.942	0.951	0.906	0.851	0.711	0.865
6.250	12.590	0.405	0.382	0.366	0.352	0.347	0.344	0.348	0.355	0.366	0.374	0.389	0.413	0.437	0.480	0.553	0.607	0.687	0.780	0.845	0.889	0.910	0.918	0.881	0.828	0.695	0.843
6.250	15.850	0.406	0.382	0.366	0.353	0.347	0.344	0.346	0.352	0.362	0.371	0.384	0.406	0.428	0.468	0.538	0.587	0.664	0.752	0.815	0.855	0.877	0.889	0.853	0.805	0.682	0.824
6.250	19.950	0.405	0.382	0.366	0.352	0.347	0.344	0.345	0.350	0.360	0.366	0.378	0.398	0.418	0.458	0.524	0.569	0.643	0.724	0.783	0.822	0.845	0.857	0.828	0.782	0.667	0.802
6.250	25.120	0.406	0.382	0.366	0.353	0.346	0.343	0.344	0.348	0.356	0.362	0.373	0.392	0.410	0.447	0.508	0.552	0.621	0.698	0.753	0.793	0.813	0.828	0.804	0.760	0.653	0.782
6.250	31.620	0.405	0.383	0.366	0.353	0.346	0.344	0.343	0.347	0.354	0.358	0.368	0.385	0.401	0.437	0.495	0.536	0.600	0.675	0.728	0.764	0.785	0.802	0.780	0.741	0.640	0.764
6.250	39.810	0.406	0.383	0.366	0.352	0.346	0.343	0.342	0.345	0.351	0.355	0.364	0.379	0.394	0.428	0.483	0.521	0.581	0.653	0.703	0.738	0.759	0.776	0.757	0.721	0.628	0.746
6.250	50.120	0.405	0.382	0.366	0.353	0.346	0.343	0.341	0.344	0.348	0.352	0.360	0.373	0.386	0.419	0.473	0.508	0.564	0.634	0.681	0.714	0.735	0.753	0.738	0.703	0.617	0.729
6.250	63.100	0.406	0.382	0.366	0.353	0.346	0.341	0.340	0.342	0.346	0.348	0.356	0.368	0.380	0.411	0.462	0.495	0.551	0.615	0.661	0.693	0.714	0.733	0.721	0.689	0.607	0.718
6.250	79.430	0.406	0.382	0.366	0.353	0.346	0.341	0.340	0.341	0.344	0.346	0.353	0.365	0.375	0.406	0.454	0.486	0.538	0.601	0.646	0.676	0.697	0.716	0.706	0.676	0.598	0.705
6.250	100.000	0.405	0.382	0.366	0.353	0.346	0.341	0.339	0.340	0.343	0.344	0.350	0.361	0.371	0.401	0.447	0.479	0.528	0.589	0.632	0.662	0.684	0.705	0.695	0.667	0.592	0.695
6.250	125.890	0.405	0.383	0.366	0.353	0.346	0.340	0.339	0.339	0.341	0.342	0.348	0.358	0.368	0.395	0.442	0.472	0.520	0.581	0.621	0.653	0.673	0.693	0.685	0.658	0.586	0.687
6.250	158.490	0.405	0.383	0.366	0.353	0.346	0.341	0.338	0.338	0.340	0.340	0.347	0.356	0.365	0.393	0.438	0.467	0.515	0.573	0.612	0.644	0.664	0.684	0.678	0.652	0.582	0.681
6.250	199.530	0.405	0.382	0.366	0.353	0.346	0.341	0.338	0.337	0.339	0.340	0.346	0.355	0.362	0.391	0.435	0.462	0.509	0.568	0.607	0.638	0.658	0.679	0.673	0.647	0.578	0.676
6.250	251.190	0.406	0.383	0.366	0.353	0.345	0.340	0.338	0.337	0.338	0.339	0.344	0.353	0.361	0.389	0.433	0.460	0.506	0.564	0.603	0.634	0.655	0.675	0.668	0.643	0.577	0.673
6.250	316.230	0.406	0.383	0.366	0.352	0.345	0.340	0.337	0.337	0.339	0.338	0.344	0.352	0.360	0.387	0.431	0.459	0.505	0.561	0.600	0.631	0.650	0.671	0.665	0.641	0.574	0.670
6.250	398.110	0.406	0.382	0.366	0.352	0.346	0.340	0.338	0.337	0.338	0.338	0.343	0.352	0.359	0.386	0.430	0.457	0.502	0.560	0.597	0.628	0.649	0.668	0.664	0.638	0.574	0.668
6.250	501.190	0.406	0.382	0.366	0.352	0.346	0.340	0.337	0.337	0.338	0.337	0.344	0.351	0.359	0.385	0.430	0.456	0.501	0.557	0.596	0.625	0.646	0.668	0.662	0.638	0.573	0.668
6.250	630.960	0.406	0.382	0.366	0.352	0.345	0.341	0.337	0.337	0.337	0.337	0.343	0.351	0.359	0.385	0.429	0.455	0.500	0.556	0.596	0.625	0.646	0.665	0.661	0.638	0.571	0.668
6.250	794.330	0.405	0.383	0.366	0.352	0.346	0.340	0.337	0.337	0.337	0.338	0.343	0.351	0.358	0.385	0.428	0.455	0.500	0.556	0.594	0.624	0.644	0.665	0.661	0.637	0.571	0.667
6.250	1000.000	0.405	0.383	0.366	0.353	0.345	0.341	0.337	0.337	0.337	0.337	0.343	0.351	0.358	0.385	0.429	0.455	0.499	0.556	0.593	0.624	0.644	0.665	0.661	0.637	0.571	0.667
6.500	1.000	0.406	0.383	0.366	0.353	0.347	0.347	0.350	0.360	0.374	0.386	0.404	0.434	0.462	0.512	0.596	0.659	0.755	0.859	0.938	0.984	1.007	1.009	0.959	0.897	0.738	0.906
6.500	1.260	0.406	0.382	0.366	0.352	0.347	0.346	0.350	0.360	0.374	0.385	0.404	0.433	0.463	0.511	0.596	0.659	0.753	0.859	0.938	0.984	1.007	1.009	0.957	0.893	0.736	0.906
6.500	1.580	0.406	0.382	0.366	0.352	0.347	0.346	0.350	0.360	0.374	0.385	0.404	0.434	0.462	0.511	0.594	0.658	0.752	0.859	0.933	0.982	1.005	1.007	0.957	0.895	0.736	0.906
6.500	2.000	0.405	0.383	0.366	0.352	0.348	0.346	0.350	0.359	0.373	0.385	0.404	0.433	0.462	0.509	0.593	0.658	0.752	0.855	0.933	0.979	1.000	1.007	0.955	0.893	0.736	0.902
6.500	2.510	0.406	0.383	0.366	0.352	0.348	0.346	0.350	0.360	0.373	0.385	0.403	0.432	0.460	0.508	0.593	0.655	0.748	0.853	0.929	0.975	0.998	1.002	0.953	0.891	0.735	0.899
6.500	3.160	0.405	0.383	0.366	0.353	0.347	0.346	0.350	0.359	0.372	0.385	0.402	0.431	0.459	0.507	0.589	0.652	0.745	0.849	0.925	0.971	0.993	1.000	0.946	0.887	0.733	0.897
6.500	3.980	0.406	0.382	0.366	0.353	0.348	0.346	0.350	0.359	0.372	0.384	0.401	0.430	0.457	0.504	0.587	0.647	0.740	0.843	0.916	0.962	0.986	0.991	0.942	0.881	0.728	0.891
6.500	5.010	0.405	0.382	0.366	0.352	0.348	0.345	0.349	0.358	0.372	0.382	0.399	0.427	0.454	0.501	0.581	0.641	0.731	0.834	0.906	0.953	0.975	0.979	0.933	0.873	0.724	0.885
6.500	6.310	0.406	0.382	0.366	0.353	0.347	0.346	0.348	0.357	0.370	0.381	0.396	0.424	0.450	0.495	0.575	0.632	0.721	0.822	0.891	0.938	0.959	0.968	0.920	0.863	0.718	0.877
6.500	7.940	0.405	0.382	0.366	0.353	0.347	0.345	0.348	0.356	0.368	0.378	0.394	0.420	0.446	0.489	0.566	0.622	0.708	0.804	0.875	0.918	0.942	0.948	0.906	0.849	0.710	0.865
6.500	10.000	0.406	0.382	0.366	0.352	0.347	0.345	0.347	0.355	0.366	0.375	0.390	0.415	0.439	0.483	0.557	0.610	0.692	0.785	0.853	0.897	0.918	0.927	0.887	0.834	0.700	0.849
6.500	12.590	0.405	0.383	0.366	0.353	0.347	0.344	0.347	0.353	0.363	0.372	0.386	0.409	0.432	0.473	0.545	0.596	0.675	0.764	0.828	0.869	0.891	0.904	0.867	0.817	0.687	0.834
6.500	15.850	0.405	0.383	0.366	0.352	0.346	0.344	0.346	0.352	0.361	0.368	0.382	0.403	0.425	0.463	0.532	0.581	0.655	0.740	0.802	0.843	0.863	0.877	0.843	0.796	0.675	0.817
6.500	19.950	0.406	0.383	0.366	0.352	0.347	0.344	0.345	0.350	0.358	0.366	0.377	0.396	0.416	0.454	0.519	0.564	0.635	0.716	0.774	0.815	0.834	0.849	0.820	0.776	0.662	0.796
6.500	25.120	0.405	0.383	0.366	0.352	0.347	0.344	0.344	0.348	0.356	0.361	0.372	0.390	0.407	0.444	0.506	0.547	0.614	0.692	0.746	0.785	0.807	0.820	0.796	0.755	0.650	0.778
6.500	31.620	0.405	0.383	0.366	0.352	0.346	0.343	0.343	0.347	0.352	0.357	0.367	0.384	0.399	0.436	0.493	0.533	0.596	0.670	0.721	0.759	0.780	0.794	0.774	0.736	0.638	0.760
6.500	39.810	0.406	0.382	0.366	0.352	0.346	0.343	0.342	0.345	0.350	0.354	0.363	0.378	0.392	0.426	0.481	0.518	0.577	0.649	0.698	0.733	0.753	0.771	0.753	0.718	0.625	0.743
6.500	50.120	0.406	0.383	0.366	0.352	0.346	0.343	0.341	0.344	0.348	0.351	0.360	0.372	0.385	0.418	0.471	0.506	0.562	0.630	0.678	0.710	0.733	0.750	0.735	0.701	0.615	0.728
6.500	63.100	0.406	0.382	0.366	0.353	0.346	0.342	0.340	0.341	0.345	0.348	0.356	0.367	0.379	0.410	0.461	0.494	0.548	0.614	0.658	0.692	0.711	0.731	0.718	0.687	0.605	0.714
6.500	79.430	0.405	0.382	0.366	0.353	0.346	0.341	0.340	0.340	0.344	0.346	0.352	0.364	0.375	0.405	0.453	0.484	0.536	0.600	0.643	0.675	0.697	0.714	0.705	0.675	0.597	0.703
6.500	100.000	0.406	0.382	0.366	0.353	0.346	0.341	0.339	0.340	0.342	0.344	0.350	0.361	0.370	0.400	0.447	0.476	0.527	0.587	0.630	0.662	0.682	0.701	0.693	0.665	0.592	0.693
6.500	125.890	0.406	0.383	0.366	0.352	0.346	0.341	0.338	0.339	0.341	0.342	0.348	0.358	0.367	0.396	0.442	0.471	0.519	0.579	0.619	0.652	0.671	0.693	0.684	0.658	0.586	0.685
6.500	158.490	0.406	0.383	0.366	0.353	0.345	0.340	0.338	0.338	0.340	0.340	0.347	0.356	0.364	0.393	0.438	0.467	0.513	0.571	0.612	0.643	0.664	0.685	0.676	0.650	0.582	0.681
6.500	199.530	0.406	0.382	0.366	0.352	0.345	0.341	0.338	0.338	0.340	0.340	0.345	0.353	0.363	0.390	0.435	0.462	0.509	0.568	0.607	0.637	0.658	0.679	0.671	0.647	0.578	0.676
6.500	251.190	0.406	0.383	0.366	0.352	0.346	0.340	0.337	0.338	0.339	0.339	0.344	0.353	0.361	0.389	0.433	0.460	0.506	0.562	0.603	0.632	0.653	0.675	0.668	0.643	0.575	0.673
6.500	316.230	0.406	0.383	0.366	0.353	0.346	0.341	0.338	0.337	0.338	0.338	0.344	0.352	0.360	0.387	0.431	0.458	0.505	0.561	0.600	0.630	0.649	0.670	0.665	0.640	0.574	0.670
6.500	398.110	0.406	0.382	0.366	0.353	0.346	0.341	0.337	0.337	0.338	0.338	0.344	0.352	0.359	0.386	0.430	0.457	0.502	0.558	0.598	0.628	0.649	0.668	0.664	0.640	0.574	0.670
6.500	501.190	0.405	0.382	0.366	0.353	0.346	0.341	0.337	0.337	0.338	0.338	0.343	0.351	0.359	0.386	0.430	0.456	0.501	0.557	0.597	0.627	0.647	0.668	0.661	0.638	0.573	0.668
6.500	630.960	0.405	0.382	0.366	0.353	0.346	0.341	0.337	0.337	0.337	0.337	0.343	0.351	0.359	0.385	0.429	0.456	0.501	0.557	0.594	0.625	0.646	0.667	0.661	0.637	0.571	0.668
6.500	794.330	0.405	0.382	0.366	0.353	0.346	0.340	0.337	0.337	0.338	0.337	0.343	0.351	0.359	0.385	0.428	0.455	0.500	0.556	0.594	0.625	0.644	0.667	0.661	0.637	0.571	0.667
6.500	1000.000	0.405	0.383	0.366	0.352	0.346	0.341	0.337	0.337	0.338	0.337	0.343	0.351	0.358	0.385	0.429	0.455	0.499	0.556	0.594	0.624	0.643	0.665	0.661	0.637	0.571	0.667
6.750	1.000	0.405	0.382	0.366	0.352	0.347	0.345	0.348	0.356	0.370	0.379	0.396	0.422	0.448	0.493	0.571	0.630	0.716	0.813	0.885	0.931	0.951	0.957	0.914	0.857	0.714	0.871
6.750	1.260	0.405	0.383	0.366	0.352	0.347	0.345	0.348	0.356	0.370	0.379	0.395	0.422	0.448	0.493	0.571	0.630	0.714	0.813	0.883	0.929	0.951	0.957	0.914	0.857	0.714	0.871
6.750	1.580	0.405	0.382	0.366	0.352	0.347	0.346	0.348	0.356	0.369	0.379	0.395	0.421	0.448	0.492	0.570	0.628	0.714	0.813	0.883	0.929	0.951	0.957	0.914	0.855	0.714	0.869
6.750	2.000	0.405	0.382	0.366	0.352	0.347	0.346	0.348	0.356	0.369	0.379	0.395	0.421	0.447	0.493	0.570	0.628	0.714	0.811	0.881	0.927	0.948	0.955	0.912	0.855	0.713	0.869
6.750	2.510	0.405	0.382	0.366	0.353	0.347	0.346	0.348	0.356	0.369	0.378	0.394	0.421	0.447	0.491	0.569	0.627	0.713	0.811	0.879	0.925	0.946	0.955	0.910	0.853	0.713	0.869
6.750	3.160	0.406	0.383	0.366	0.352	0.347	0.345	0.348	0.356	0.368	0.378	0.394	0.421	0.446	0.491	0.568	0.625	0.711	0.807	0.877	0.923	0.944	0.953	0.908	0.853	0.710	0.867
6.750	3.980	0.406	0.382	0.366	0.353	0.347	0.345	0.348	0.356	0.368	0.378	0.394	0.420	0.445	0.489	0.566	0.622	0.708	0.804	0.873	0.916	0.940	0.946	0.904	0.849	0.710	0.865
6.750	5.010	0.405	0.383	0.366	0.353	0.347	0.345	0.348	0.356	0.367	0.377	0.393	0.418	0.444	0.486	0.562	0.618	0.703	0.798	0.867	0.912	0.931	0.942	0.899	0.845	0.706	0.859
6.750	6.310	0.405	0.383	0.366	0.352	0.347	0.345	0.348	0.355	0.367	0.376	0.391	0.416	0.441	0.483	0.558	0.614	0.697	0.791	0.859	0.904	0.923	0.931	0.893	0.839	0.701	0.853
6.750	7.940	0.405	0.382	0.366	0.352	0.347	0.344	0.348	0.354	0.366	0.374	0.389	0.413	0.437	0.480	0.553	0.607	0.687	0.780	0.845	0.887	0.910	0.920	0.881	0.828	0.697	0.845
6.750	10.000	0.406	0.382	0.366	0.353	0.347	0.344	0.347	0.354	0.364	0.372	0.386	0.409	0.433	0.474	0.546	0.597	0.676	0.766	0.830	0.873	0.893	0.904	0.869	0.817	0.689	0.836
6.750	12.590	0.406	0.383	0.366	0.353	0.347	0.344	0.346	0.352	0.362	0.370	0.384	0.406	0.427	0.468	0.537	0.586	0.662	0.748	0.811	0.851	0.873	0.885	0.851	0.804	0.681	0.822
6.750	15.850	0.405	0.382	0.366	0.353	0.346	0.344	0.345	0.351	0.361	0.366	0.380	0.400	0.420	0.459	0.526	0.573	0.646	0.729	0.791	0.830	0.849	0.865	0.834	0.787	0.670	0.807
6.750	19.950	0.405	0.383	0.366	0.352	0.347	0.344	0.344	0.349	0.357	0.364	0.375	0.394	0.413	0.451	0.514	0.558	0.628	0.708	0.764	0.804	0.824	0.839	0.813	0.769	0.659	0.791
6.750	25.120	0.406	0.382	0.366	0.353	0.347	0.344	0.344	0.348	0.355	0.360	0.371	0.388	0.406	0.443	0.502	0.545	0.611	0.687	0.741	0.780	0.800	0.815	0.791	0.750	0.647	0.774
6.750	31.620	0.405	0.382	0.366	0.353	0.346	0.343	0.343	0.346	0.352	0.356	0.366	0.382	0.398	0.434	0.491	0.530	0.593	0.665	0.718	0.753	0.774	0.793	0.771	0.733	0.635	0.757
6.750	39.810	0.406	0.383	0.366	0.353	0.346	0.342	0.342	0.344	0.350	0.353	0.363	0.378	0.391	0.425	0.480	0.516	0.577	0.646	0.695	0.729	0.752	0.769	0.750	0.714	0.624	0.741
6.750	50.120	0.406	0.382	0.366	0.352	0.346	0.342	0.341	0.343	0.348	0.351	0.359	0.372	0.385	0.417	0.470	0.505	0.561	0.628	0.675	0.710	0.728	0.748	0.731	0.700	0.614	0.726
6.750	63.100	0.406	0.382	0.366	0.353	0.346	0.342	0.340	0.341	0.345	0.348	0.356	0.367	0.379	0.410	0.460	0.493	0.547	0.611	0.656	0.689	0.710	0.729	0.716	0.685	0.604	0.713
6.750	79.430	0.406	0.383	0.366	0.353	0.346	0.342	0.340	0.340	0.344	0.345	0.352	0.363	0.374	0.405	0.452	0.484	0.535	0.598	0.641	0.675	0.693	0.714	0.703	0.675	0.596	0.703
6.750	100.000	0.406	0.383	0.366	0.352	0.346	0.342	0.339	0.340	0.342	0.344	0.350	0.360	0.370	0.400	0.447	0.476	0.527	0.587	0.630	0.661	0.681	0.701	0.692	0.665	0.590	0.693
6.750	125.890	0.406	0.382	0.366	0.353	0.346	0.341	0.339	0.339	0.340	0.342	0.348	0.357	0.367	0.395	0.441	0.470	0.519	0.578	0.619	0.650	0.670	0.692	0.684	0.656	0.585	0.685
6.750	158.490	0.405	0.383	0.366	0.353	0.346	0.341	0.338	0.338	0.340	0.341	0.347	0.356	0.365	0.393	0.438	0.466	0.513	0.573	0.611	0.643	0.662	0.684	0.676	0.650	0.581	0.679
6.750	199.530	0.405	0.382	0.366	0.352	0.346	0.341	0.337	0.337	0.340	0.340	0.345	0.354	0.362	0.390	0.435	0.462	0.509	0.566	0.605	0.637	0.656	0.679	0.670	0.646	0.578	0.676
6.750	251.190	0.405	0.382	0.366	0.352	0.345	0.340	0.337	0.337	0.339	0.339	0.344	0.352	0.361	0.388	0.433	0.460	0.506	0.562	0.603	0.632	0.653	0.673	0.668	0.643	0.575	0.673
6.750	316.230	0.405	0.382	0.366	0.353	0.345	0.340	0.337	0.337	0.338	0.339	0.344	0.352	0.361	0.387	0.431	0.458	0.504	0.561	0.598	0.630	0.649	0.671	0.665	0.641	0.575	0.671
6.750	398.110	0.405	0.382	0.366	0.353	0.346	0.340	0.337	0.337	0.338	0.338	0.344	0.352	0.360	0.386	0.430	0.457	0.502	0.558	0.597	0.628	0.647	0.670	0.664	0.638	0.573	0.670
6.750	501.190	0.406	0.382	0.366	0.352	0.345	0.340	0.337	0.337	0.338	0.337	0.343	0.351	0.359	0.386	0.429	0.456	0.501	0.557	0.596	0.627	0.646	0.667	0.661	0.637	0.571	0.668
6.750	630.960	0.406	0.382	0.366	0.353	0.346	0.340	0.337	0.337	0.338	0.337	0.343	0.351	0.358	0.385	0.429	0.455	0.501	0.557	0.596	0.625	0.644	0.667	0.661	0.637	0.573	0.667
6.750	794.330	0.406	0.382	0.366	0.352	0.345	0.341	0.337	0.337	0.338	0.338	0.343	0.351	0.358	0.385	0.429	0.455	0.500	0.556	0.594	0.624	0.644	0.667	0.661	0.637	0.571	0.667
6.750	1000.000	0.406	0.382	0.366	0.352	0.346	0.340	0.337	0.337	0.338	0.337	0.343	0.351	0.358	0.385	0.428	0.455	0.500	0.556	0.593	0.624	0.644	0.665	0.659	0.637	0.571	0.667
7.000	1.000	0.406	0.383	0.366	0.352	0.347	0.345	0.347	0.355	0.366	0.375	0.389	0.413	0.437	0.480	0.553	0.607	0.689	0.780	0.847	0.889	0.912	0.920	0.883	0.830	0.697	0.845
7.000	1.260	0.405	0.382	0.366	0.353	0.347	0.344	0.348	0.354	0.366	0.374	0.390	0.413	0.437	0.480	0.553	0.605	0.689	0.780	0.847	0.889	0.910	0.920	0.881	0.828	0.697	0.847
7.000	1.580	0.406	0.383	0.366	0.353	0.347	0.344	0.348	0.354	0.365	0.374	0.390	0.413	0.437	0.480	0.553	0.605	0.687	0.778	0.845	0.887	0.910	0.920	0.881	0.830	0.695	0.845
7.000	2.000	0.405	0.382	0.366	0.353	0.347	0.345	0.347	0.355	0.366	0.374	0.389	0.413	0.437	0.480	0.552	0.605	0.685	0.778	0.843	0.887	0.910	0.918	0.881	0.828	0.695	0.845
7.000	2.510	0.406	0.382	0.366	0.353	0.347	0.345	0.347	0.355	0.366	0.374	0.389	0.412	0.436	0.479	0.552	0.604	0.685	0.776	0.843	0.887	0.908	0.918	0.879	0.826	0.697	0.843
7.000	3.160	0.406	0.382	0.366	0.352	0.347	0.345	0.347	0.354	0.365	0.373	0.388	0.413	0.436	0.479	0.551	0.604	0.684	0.776	0.841	0.885	0.906	0.914	0.877	0.826	0.693	0.843
7.000	3.980	0.406	0.383	0.366	0.353	0.347	0.344	0.347	0.354	0.365	0.373	0.387	0.412	0.435	0.478	0.550	0.603	0.682	0.774	0.838	0.881	0.904	0.914	0.877	0.824	0.693	0.841
7.000	5.010	0.405	0.383	0.366	0.353	0.347	0.345	0.347	0.354	0.365	0.373	0.387	0.411	0.434	0.475	0.548	0.600	0.679	0.771	0.836	0.879	0.899	0.910	0.873	0.822	0.692	0.839
7.000	6.310	0.406	0.382	0.366	0.352	0.346	0.344	0.347	0.353	0.364	0.372	0.386	0.409	0.433	0.474	0.546	0.597	0.675	0.766	0.830	0.871	0.893	0.904	0.867	0.817	0.689	0.834
7.000	7.940	0.406	0.382	0.366	0.353	0.347	0.344	0.347	0.353	0.363	0.372	0.385	0.407	0.430	0.471	0.541	0.592	0.670	0.757	0.820	0.863	0.883	0.895	0.861	0.811	0.685	0.828
7.000	10.000	0.405	0.383	0.366	0.353	0.347	0.344	0.346	0.352	0.362	0.370	0.383	0.406	0.427	0.467	0.536	0.585	0.661	0.746	0.809	0.849	0.873	0.885	0.851	0.804	0.679	0.820
7.000	12.590	0.406	0.383	0.366	0.352	0.346	0.344	0.345	0.352	0.361	0.368	0.381	0.402	0.422	0.461	0.528	0.577	0.650	0.736	0.796	0.836	0.859	0.869	0.839	0.793	0.673	0.811
7.000	15.850	0.406	0.382	0.366	0.352	0.347	0.344	0.345	0.351	0.359	0.366	0.378	0.397	0.417	0.455	0.521	0.566	0.638	0.719	0.778	0.818	0.838	0.851	0.822	0.778	0.664	0.798
7.000	19.950	0.405	0.382	0.366	0.353	0.347	0.344	0.344	0.348	0.356	0.363	0.374	0.393	0.410	0.448	0.511	0.555	0.622	0.701	0.757	0.796	0.817	0.832	0.805	0.764	0.655	0.785
7.000	25.120	0.406	0.383	0.366	0.352	0.347	0.343	0.344	0.348	0.355	0.360	0.370	0.387	0.405	0.441	0.500	0.542	0.607	0.682	0.736	0.773	0.794	0.811	0.785	0.748	0.644	0.769
7.000	31.620	0.405	0.382	0.366	0.353	0.346	0.344	0.342	0.346	0.352	0.356	0.366	0.382	0.397	0.432	0.489	0.528	0.590	0.664	0.713	0.750	0.771	0.787	0.767	0.729	0.634	0.753
7.000	39.810	0.405	0.382	0.366	0.353	0.346	0.342	0.341	0.344	0.350	0.353	0.362	0.376	0.391	0.424	0.479	0.515	0.574	0.644	0.693	0.728	0.748	0.767	0.750	0.713	0.624	0.740
7.000	50.120	0.406	0.383	0.366	0.352	0.346	0.342	0.340	0.343	0.347	0.350	0.359	0.371	0.384	0.416	0.469	0.504	0.560	0.627	0.673	0.708	0.728	0.746	0.731	0.698	0.612	0.724
7.000	63.100	0.406	0.382	0.366	0.353	0.346	0.342	0.340	0.342	0.345	0.348	0.355	0.366	0.378	0.409	0.460	0.493	0.547	0.611	0.656	0.689	0.710	0.728	0.714	0.685	0.604	0.713
7.000	79.430	0.406	0.383	0.366	0.353	0.346	0.341	0.339	0.340	0.344	0.345	0.352	0.363	0.373	0.405	0.452	0.483	0.535	0.598	0.641	0.673	0.693	0.714	0.703	0.673	0.597	0.701
7.000	100.000	0.406	0.382	0.366	0.352	0.346	0.341	0.339	0.340	0.342	0.344	0.350	0.360	0.370	0.399	0.446	0.476	0.526	0.587	0.630	0.661	0.681	0.701	0.690	0.664	0.590	0.692
7.000	125.890	0.406	0.382	0.366	0.352	0.346	0.341	0.339	0.339	0.341	0.341	0.348	0.357	0.366	0.395	0.442	0.471	0.519	0.578	0.619	0.650	0.671	0.690	0.682	0.656	0.585	0.685
7.000	158.490	0.405	0.383	0.366	0.352	0.345	0.340	0.338	0.338	0.340	0.340	0.347	0.355	0.364	0.392	0.437	0.466	0.513	0.571	0.611	0.643	0.662	0.682	0.676	0.650	0.581	0.679
7.000	199.530	0.405	0.383	0.366	0.353	0.346	0.341	0.338	0.338	0.339	0.340	0.345	0.354	0.362	0.390	0.435	0.462	0.509	0.566	0.607	0.637	0.656	0.678	0.671	0.646	0.578	0.676
7.000	251.190	0.405	0.382	0.366	0.353	0.345	0.340	0.338	0.337	0.339	0.339	0.344	0.352	0.361	0.389	0.433	0.460	0.506	0.562	0.601	0.634	0.653	0.675	0.667	0.643	0.577	0.673
7.000	316.230	0.406	0.382	0.366	0.353	0.345	0.340	0.337	0.337	0.338	0.338	0.344	0.352	0.360	0.387	0.431	0.458	0.504	0.561	0.598	0.630	0.650	0.670	0.664	0.641	0.574	0.670
7.000	398.110	0.405	0.383	0.366	0.353	0.346	0.340	0.337	0.337	0.338	0.338	0.344	0.352	0.359	0.386	0.430	0.457	0.502	0.560	0.597	0.628	0.647	0.668	0.664	0.638	0.574	0.668
7.000	501.190	0.405	0.383	0.366	0.352	0.345	0.340	0.337	0.337	0.338	0.338	0.344	0.351	0.359	0.385	0.429	0.456	0.501	0.557	0.596	0.627	0.647	0.667	0.661	0.637	0.573	0.668
7.000	630.960	0.405	0.383	0.366	0.353	0.346	0.340	0.338	0.337	0.337	0.337	0.343	0.351	0.359	0.385	0.429	0.455	0.500	0.556	0.596	0.624	0.646	0.667	0.661	0.637	0.571	0.668
7.000	794.330	0.405	0.383	0.366	0.352	0.345	0.341	0.337	0.337	0.338	0.337	0.343	0.351	0.358	0.385	0.429	0.455	0.500	0.556	0.594	0.624	0.644	0.665	0.659	0.637	0.571	0.667
7.000	1000.000	0.405	0.382	0.366	0.352	0.346	0.340	0.337	0.337	0.338	0.338	0.343	0.350	0.358	0.385	0.429	0.455	0.500	0.555	0.594	0.624	0.643	0.665	0.659	0.637	0.571	0.667
7.250	1.000	0.405	0.383	0.366	0.352	0.347	0.344	0.346	0.352	0.362	0.371	0.385	0.407	0.429	0.470	0.540	0.590	0.667	0.755	0.818	0.859	0.879	0.891	0.859	0.809	0.684	0.826
7.250	1.260	0.406	0.382	0.366	0.353	0.347	0.344	0.347	0.352	0.363	0.371	0.385	0.406	0.429	0.470	0.540	0.590	0.667	0.753	0.818	0.859	0.881	0.893	0.857	0.809	0.684	0.826
7.250	1.580	0.405	0.383	0.366	0.352	0.346	0.344	0.346	0.352	0.362	0.371	0.385	0.406	0.429	0.469	0.540	0.590	0.667	0.753	0.818	0.859	0.879	0.891	0.857	0.807	0.684	0.826
7.250	2.000	0.406	0.383	0.366	0.352	0.346	0.344	0.346	0.352	0.362	0.371	0.385	0.406	0.429	0.469	0.540	0.589	0.665	0.755	0.817	0.859	0.879	0.891	0.857	0.809	0.684	0.824
7.250	2.510	0.405	0.383	0.366	0.352	0.347	0.344	0.346	0.353	0.363	0.371	0.384	0.406	0.428	0.469	0.540	0.589	0.665	0.753	0.815	0.859	0.879	0.891	0.857	0.807	0.682	0.826
7.250	3.160	0.405	0.382	0.366	0.352	0.347	0.344	0.347	0.352	0.362	0.371	0.384	0.406	0.429	0.469	0.540	0.587	0.665	0.752	0.815	0.857	0.877	0.889	0.855	0.805	0.682	0.824
7.250	3.980	0.406	0.382	0.366	0.352	0.347	0.344	0.346	0.352	0.362	0.370	0.384	0.406	0.428	0.468	0.538	0.587	0.664	0.752	0.813	0.853	0.877	0.887	0.853	0.805	0.681	0.824
7.250	5.010	0.405	0.382	0.366	0.353	0.346	0.344	0.346	0.352	0.362	0.370	0.384	0.406	0.427	0.467	0.536	0.585	0.662	0.748	0.811	0.853	0.873	0.885	0.853	0.804	0.679	0.820
7.250	6.310	0.406	0.383	0.366	0.352	0.347	0.344	0.346	0.352	0.361	0.369	0.383	0.405	0.426	0.466	0.535	0.583	0.659	0.745	0.805	0.847	0.869	0.881	0.847	0.800	0.678	0.818
7.250	7.940	0.406	0.383	0.366	0.353	0.347	0.344	0.345	0.352	0.361	0.368	0.381	0.403	0.424	0.463	0.531	0.581	0.655	0.740	0.802	0.841	0.863	0.875	0.843	0.796	0.676	0.815
7.250	10.000	0.405	0.383	0.366	0.353	0.346	0.344	0.345	0.351	0.361	0.367	0.381	0.401	0.422	0.461	0.527	0.575	0.649	0.733	0.793	0.834	0.853	0.867	0.838	0.791	0.671	0.809
7.250	12.590	0.406	0.383	0.366	0.353	0.347	0.344	0.345	0.350	0.359	0.366	0.378	0.398	0.418	0.457	0.522	0.569	0.641	0.724	0.782	0.822	0.843	0.857	0.826	0.782	0.667	0.802
7.250	15.850	0.406	0.383	0.366	0.353	0.346	0.344	0.344	0.350	0.357	0.364	0.376	0.394	0.413	0.451	0.515	0.560	0.631	0.711	0.767	0.807	0.828	0.841	0.813	0.771	0.661	0.791
7.250	19.950	0.405	0.382	0.366	0.353	0.346	0.344	0.344	0.348	0.356	0.361	0.372	0.391	0.408	0.446	0.507	0.550	0.617	0.695	0.752	0.789	0.811	0.824	0.800	0.759	0.652	0.782
7.250	25.120	0.406	0.383	0.366	0.352	0.346	0.343	0.343	0.347	0.353	0.359	0.369	0.386	0.403	0.439	0.499	0.540	0.604	0.678	0.733	0.767	0.789	0.805	0.782	0.745	0.643	0.766
7.250	31.620	0.405	0.383	0.366	0.352	0.346	0.343	0.342	0.346	0.352	0.356	0.366	0.381	0.397	0.431	0.489	0.527	0.589	0.661	0.711	0.748	0.767	0.785	0.764	0.728	0.632	0.752
7.250	39.810	0.405	0.383	0.366	0.353	0.346	0.342	0.341	0.344	0.350	0.352	0.362	0.377	0.390	0.424	0.479	0.515	0.573	0.643	0.692	0.728	0.746	0.766	0.746	0.713	0.622	0.738
7.250	50.120	0.405	0.382	0.366	0.353	0.346	0.343	0.340	0.343	0.348	0.351	0.359	0.372	0.385	0.416	0.469	0.504	0.558	0.627	0.673	0.706	0.728	0.746	0.731	0.700	0.612	0.724
7.250	63.100	0.406	0.382	0.366	0.353	0.346	0.342	0.340	0.342	0.345	0.348	0.355	0.366	0.378	0.410	0.460	0.493	0.547	0.611	0.656	0.689	0.710	0.728	0.716	0.685	0.604	0.713
7.250	79.430	0.405	0.383	0.366	0.353	0.346	0.341	0.339	0.340	0.344	0.345	0.352	0.363	0.374	0.404	0.452	0.484	0.536	0.597	0.641	0.673	0.693	0.714	0.703	0.675	0.597	0.701
7.250	100.000	0.405	0.383	0.366	0.353	0.346	0.341	0.339	0.340	0.342	0.343	0.350	0.360	0.370	0.399	0.447	0.478	0.526	0.587	0.630	0.661	0.681	0.701	0.692	0.665	0.590	0.693
7.250	125.890	0.405	0.382	0.366	0.352	0.346	0.341	0.338	0.339	0.340	0.342	0.348	0.357	0.367	0.395	0.442	0.471	0.519	0.578	0.619	0.650	0.670	0.692	0.682	0.656	0.585	0.687
7.250	158.490	0.406	0.383	0.366	0.353	0.345	0.341	0.338	0.338	0.340	0.341	0.346	0.356	0.364	0.392	0.438	0.466	0.514	0.573	0.612	0.643	0.664	0.684	0.678	0.652	0.581	0.681
7.250	199.530	0.405	0.383	0.366	0.352	0.346	0.341	0.337	0.338	0.340	0.340	0.345	0.353	0.362	0.390	0.435	0.462	0.509	0.566	0.607	0.637	0.656	0.678	0.671	0.646	0.578	0.676
7.250	251.190	0.405	0.383	0.366	0.353	0.345	0.340	0.337	0.337	0.339	0.339	0.344	0.352	0.361	0.389	0.433	0.460	0.506	0.564	0.603	0.632	0.653	0.675	0.668	0.643	0.575	0.673
7.250	316.230	0.406	0.383	0.366	0.352	0.346	0.340	0.337	0.337	0.338	0.339	0.344	0.352	0.360	0.387	0.432	0.458	0.504	0.560	0.600	0.631	0.649	0.671	0.665	0.641	0.574	0.671
7.250	398.110	0.406	0.382	0.366	0.352	0.346	0.340	0.338	0.337	0.338	0.338	0.343	0.352	0.359	0.386	0.430	0.457	0.502	0.558	0.597	0.627	0.647	0.670	0.664	0.638	0.574	0.670
7.250	501.190	0.406	0.382	0.366	0.353	0.346	0.340	0.337	0.337	0.338	0.337	0.343	0.351	0.359	0.386	0.429	0.456	0.501	0.557	0.597	0.627	0.646	0.668	0.661	0.638	0.573	0.668
7.250	630.960	0.405	0.382	0.366	0.352	0.346	0.340	0.337	0.337	0.338	0.337	0.343	0.351	0.358	0.385	0.429	0.455	0.501	0.556	0.594	0.625	0.646	0.665	0.661	0.637	0.573	0.667
7.250	794.330	0.405	0.382	0.366	0.353	0.346	0.341	0.337	0.337	0.337	0.337	0.343	0.351	0.358	0.385	0.429	0.455	0.500	0.556	0.594	0.624	0.644	0.665	0.659	0.637	0.571	0.667
7.250	1000.000	0.405	0.383	0.366	0.352	0.346	0.340	0.337	0.337	0.337	0.337	0.342	0.350	0.358	0.385	0.428	0.455	0.500	0.556	0.593	0.624	0.643	0.665	0.659	0.635	0.571	0.667
7.500	1.000	0.405	0.382	0.366	0.352	0.347	0.344	0.345	0.352	0.361	0.368	0.381	0.402	0.423	0.462	0.530	0.577	0.652	0.736	0.796	0.838	0.857	0.871	0.839	0.793	0.673	0.813
7.500	1.260	0.406	0.382	0.366	0.352	0.347	0.344	0.345	0.352	0.361	0.367	0.381	0.402	0.423	0.462	0.530	0.577	0.652	0.736	0.798	0.836	0.859	0.871	0.839	0.793	0.673	0.811
7.500	1.580	0.406	0.383	0.366	0.353	0.346	0.344	0.346	0.352	0.361	0.368	0.380	0.402	0.422	0.461	0.530	0.578	0.652	0.736	0.796	0.836	0.859	0.871	0.839	0.793	0.673	0.811
7.500	2.000	0.406	0.382	0.366	0.352	0.347	0.344	0.345	0.351	0.361	0.367	0.381	0.402	0.423	0.462	0.528	0.578	0.652	0.736	0.796	0.836	0.857	0.871	0.839	0.793	0.675	0.813
7.500	2.510	0.405	0.382	0.366	0.352	0.347	0.344	0.345	0.351	0.361	0.367	0.381	0.401	0.422	0.461	0.530	0.577	0.650	0.735	0.796	0.836	0.857	0.869	0.838	0.793	0.673	0.811
7.500	3.160	0.406	0.383	0.366	0.353	0.346	0.344	0.345	0.352	0.361	0.367	0.381	0.402	0.422	0.461	0.530	0.577	0.650	0.735	0.794	0.836	0.857	0.869	0.838	0.793	0.673	0.811
7.500	3.980	0.405	0.382	0.366	0.353	0.346	0.344	0.345	0.351	0.361	0.368	0.380	0.402	0.422	0.461	0.528	0.575	0.650	0.735	0.794	0.834	0.855	0.869	0.836	0.791	0.671	0.811
7.500	5.010	0.406	0.383	0.366	0.352	0.347	0.344	0.345	0.351	0.361	0.367	0.379	0.401	0.421	0.460	0.527	0.574	0.647	0.733	0.793	0.832	0.853	0.867	0.836	0.789	0.671	0.809
7.500	6.310	0.405	0.382	0.366	0.353	0.346	0.344	0.345	0.351	0.360	0.366	0.380	0.400	0.420	0.459	0.526	0.573	0.646	0.729	0.789	0.828	0.849	0.863	0.832	0.787	0.670	0.807
7.500	7.940	0.405	0.382	0.366	0.352	0.347	0.344	0.344	0.351	0.360	0.366	0.378	0.398	0.419	0.457	0.525	0.570	0.643	0.724	0.785	0.824	0.847	0.859	0.830	0.783	0.667	0.805
7.500	10.000	0.405	0.383	0.366	0.352	0.346	0.344	0.344	0.350	0.359	0.366	0.378	0.398	0.417	0.456	0.521	0.566	0.638	0.719	0.778	0.818	0.839	0.853	0.824	0.780	0.665	0.800
7.500	12.590	0.405	0.382	0.366	0.353	0.347	0.344	0.345	0.349	0.358	0.364	0.376	0.395	0.414	0.453	0.516	0.562	0.631	0.713	0.771	0.809	0.830	0.843	0.817	0.773	0.661	0.794
7.500	15.850	0.406	0.383	0.366	0.352	0.346	0.344	0.344	0.349	0.357	0.362	0.375	0.394	0.411	0.449	0.512	0.556	0.624	0.703	0.759	0.796	0.820	0.834	0.807	0.764	0.656	0.785
7.500	19.950	0.405	0.383	0.366	0.352	0.347	0.343	0.344	0.348	0.355	0.361	0.372	0.389	0.407	0.444	0.505	0.547	0.614	0.690	0.745	0.782	0.804	0.820	0.794	0.755	0.649	0.776
7.500	25.120	0.406	0.382	0.366	0.352	0.346	0.343	0.343	0.347	0.353	0.358	0.368	0.385	0.402	0.438	0.495	0.537	0.601	0.676	0.729	0.766	0.787	0.804	0.780	0.741	0.641	0.766
7.500	31.620	0.406	0.382	0.366	0.353	0.346	0.343	0.342	0.346	0.352	0.356	0.366	0.380	0.396	0.431	0.488	0.526	0.587	0.661	0.711	0.746	0.767	0.785	0.766	0.728	0.632	0.752
7.500	39.810	0.405	0.383	0.366	0.353	0.346	0.342	0.341	0.344	0.349	0.353	0.362	0.376	0.391	0.423	0.478	0.515	0.574	0.643	0.692	0.726	0.748	0.766	0.748	0.713	0.622	0.740
7.500	50.120	0.405	0.383	0.366	0.352	0.346	0.342	0.341	0.343	0.347	0.351	0.358	0.372	0.385	0.417	0.469	0.504	0.560	0.627	0.675	0.708	0.728	0.748	0.731	0.700	0.614	0.726
7.500	63.100	0.405	0.383	0.366	0.353	0.346	0.342	0.340	0.342	0.345	0.348	0.356	0.367	0.379	0.409	0.460	0.494	0.547	0.612	0.656	0.690	0.711	0.729	0.716	0.687	0.604	0.713
7.500	79.430	0.405	0.382	0.366	0.353	0.346	0.342	0.340	0.340	0.344	0.346	0.352	0.363	0.375	0.405	0.453	0.485	0.536	0.600	0.641	0.675	0.695	0.716	0.705	0.675	0.597	0.701
7.500	100.000	0.406	0.382	0.366	0.353	0.345	0.341	0.339	0.340	0.342	0.344	0.350	0.360	0.370	0.400	0.447	0.478	0.527	0.589	0.631	0.662	0.682	0.701	0.692	0.665	0.592	0.695
7.500	125.890	0.405	0.383	0.366	0.353	0.346	0.341	0.339	0.339	0.341	0.342	0.348	0.357	0.366	0.395	0.442	0.471	0.519	0.579	0.619	0.652	0.671	0.692	0.684	0.658	0.586	0.685
7.500	158.490	0.405	0.383	0.366	0.353	0.345	0.341	0.338	0.338	0.340	0.340	0.347	0.356	0.364	0.393	0.439	0.467	0.514	0.573	0.612	0.643	0.664	0.684	0.678	0.652	0.581	0.681
7.500	199.530	0.406	0.382	0.366	0.352	0.346	0.341	0.338	0.338	0.340	0.340	0.345	0.354	0.363	0.391	0.435	0.462	0.509	0.568	0.607	0.637	0.658	0.679	0.671	0.646	0.578	0.676
7.500	251.190	0.405	0.382	0.366	0.353	0.346	0.341	0.337	0.337	0.338	0.339	0.345	0.352	0.361	0.389	0.433	0.460	0.506	0.564	0.603	0.632	0.653	0.675	0.667	0.644	0.575	0.673
7.500	316.230	0.405	0.382	0.366	0.353	0.346	0.340	0.338	0.337	0.338	0.339	0.344	0.352	0.360	0.387	0.431	0.458	0.504	0.561	0.600	0.630	0.650	0.671	0.665	0.641	0.574	0.670
7.500	398.110	0.405	0.383	0.366	0.353	0.345	0.341	0.338	0.337	0.338	0.338	0.344	0.352	0.360	0.386	0.430	0.457	0.502	0.558	0.598	0.628	0.647	0.668	0.664	0.638	0.573	0.670
7.500	501.190	0.405	0.383	0.366	0.352	0.345	0.341	0.337	0.337	0.338	0.338	0.343	0.352	0.359	0.386	0.430	0.456	0.501	0.557	0.596	0.625	0.646	0.667	0.661	0.638	0.573	0.668
7.500	630.960	0.405	0.383	0.366	0.352	0.345	0.341	0.337	0.337	0.337	0.338	0.343	0.351	0.358	0.385	0.429	0.455	0.500	0.556	0.596	0.625	0.646	0.667	0.661	0.637	0.573	0.667
7.500	794.330	0.405	0.383	0.366	0.352	0.345	0.340	0.337	0.337	0.337	0.337	0.343	0.351	0.359	0.385	0.428	0.455	0.500	0.556	0.594	0.624	0.644	0.665	0.659	0.637	0.571	0.667
7.500	1000.000	0.405	0.382	0.366	0.353	0.346	0.340	0.337	0.337	0.337	0.337	0.343	0.351	0.358	0.385	0.428	0.455	0.499	0.555	0.594	0.624	0.643	0.665	0.659	0.635	0.571	0.667
7.750	1.000	0.405	0.383	0.366	0.352	0.346	0.344	0.345	0.350	0.359	0.366	0.378	0.398	0.418	0.457	0.522	0.569	0.640	0.721	0.782	0.822	0.841	0.857	0.826	0.782	0.665	0.802
7.750	1.260	0.405	0.383	0.366	0.352	0.347	0.344	0.345	0.350	0.359	0.366	0.378	0.398	0.418	0.457	0.521	0.568	0.640	0.723	0.780	0.820	0.843	0.855	0.826	0.782	0.667	0.802
7.750	1.580	0.406	0.382	0.366	0.353	0.347	0.344	0.345	0.350	0.359	0.366	0.378	0.398	0.418	0.456	0.522	0.569	0.640	0.721	0.782	0.820	0.841	0.855	0.826	0.782	0.665	0.802
7.750	2.000	0.405	0.383	0.366	0.352	0.346	0.344	0.345	0.350	0.359	0.366	0.378	0.398	0.418	0.456	0.521	0.568	0.640	0.723	0.782	0.820	0.841	0.855	0.826	0.782	0.665	0.802
7.750	2.510	0.406	0.382	0.366	0.353	0.347	0.344	0.344	0.351	0.360	0.366	0.378	0.397	0.418	0.456	0.521	0.568	0.640	0.721	0.780	0.820	0.841	0.855	0.826	0.780	0.667	0.802
7.750	3.160	0.406	0.382	0.366	0.353	0.346	0.344	0.344	0.350	0.359	0.366	0.378	0.398	0.417	0.456	0.521	0.568	0.638	0.721	0.780	0.818	0.841	0.853	0.824	0.780	0.665	0.800
7.750	3.980	0.406	0.382	0.366	0.353	0.347	0.344	0.344	0.351	0.359	0.365	0.378	0.398	0.417	0.455	0.521	0.568	0.638	0.721	0.778	0.818	0.841	0.853	0.824	0.780	0.665	0.800
7.750	5.010	0.405	0.383	0.366	0.352	0.346	0.344	0.344	0.351	0.359	0.365	0.378	0.397	0.417	0.456	0.521	0.566	0.637	0.719	0.778	0.818	0.839	0.853	0.822	0.778	0.664	0.798
7.750	6.310	0.405	0.383	0.366	0.353	0.347	0.344	0.344	0.350	0.358	0.366	0.377	0.397	0.417	0.455	0.519	0.565	0.635	0.718	0.776	0.815	0.838	0.849	0.820	0.776	0.664	0.798
7.750	7.940	0.406	0.382	0.366	0.352	0.347	0.344	0.344	0.350	0.358	0.365	0.377	0.396	0.415	0.454	0.518	0.564	0.634	0.714	0.773	0.813	0.834	0.845	0.818	0.774	0.661	0.796
7.750	10.000	0.406	0.383	0.366	0.352	0.346	0.344	0.344	0.349	0.358	0.364	0.376	0.394	0.414	0.452	0.516	0.560	0.630	0.710	0.767	0.807	0.828	0.843	0.815	0.773	0.659	0.793
7.750	12.590	0.405	0.383	0.366	0.352	0.347	0.344	0.344	0.349	0.357	0.363	0.375	0.393	0.412	0.450	0.513	0.557	0.627	0.705	0.760	0.800	0.822	0.836	0.809	0.767	0.656	0.789
7.750	15.850	0.405	0.382	0.366	0.352	0.346	0.344	0.344	0.348	0.356	0.362	0.372	0.391	0.409	0.447	0.508	0.551	0.619	0.698	0.752	0.791	0.813	0.826	0.802	0.759	0.653	0.782
7.750	19.950	0.405	0.382	0.366	0.352	0.346	0.343	0.344	0.348	0.355	0.361	0.371	0.388	0.406	0.442	0.502	0.545	0.610	0.685	0.740	0.778	0.798	0.815	0.793	0.750	0.646	0.773
7.750	25.120	0.406	0.383	0.366	0.353	0.346	0.344	0.343	0.347	0.354	0.358	0.368	0.385	0.402	0.437	0.495	0.536	0.600	0.675	0.726	0.764	0.785	0.800	0.778	0.740	0.640	0.764
7.750	31.620	0.406	0.382	0.366	0.352	0.346	0.343	0.342	0.346	0.352	0.356	0.366	0.381	0.396	0.431	0.488	0.526	0.587	0.659	0.710	0.746	0.767	0.783	0.764	0.728	0.632	0.752
7.750	39.810	0.406	0.382	0.366	0.353	0.346	0.342	0.341	0.344	0.349	0.353	0.362	0.376	0.390	0.424	0.479	0.515	0.574	0.644	0.692	0.728	0.748	0.767	0.748	0.714	0.624	0.740
7.750	50.120	0.405	0.383	0.366	0.353	0.346	0.342	0.340	0.343	0.348	0.351	0.359	0.372	0.385	0.418	0.470	0.505	0.561	0.628	0.676	0.710	0.729	0.748	0.733	0.701	0.614	0.728
7.750	63.100	0.405	0.383	0.366	0.352	0.346	0.342	0.340	0.342	0.345	0.348	0.356	0.368	0.380	0.410	0.461	0.495	0.550	0.614	0.659	0.692	0.713	0.733	0.719	0.689	0.605	0.714
7.750	79.430	0.406	0.382	0.366	0.353	0.346	0.342	0.340	0.340	0.344	0.346	0.353	0.364	0.375	0.406	0.454	0.485	0.537	0.601	0.644	0.676	0.697	0.716	0.705	0.676	0.597	0.705
7.750	100.000	0.406	0.382	0.366	0.353	0.345	0.341	0.339	0.340	0.343	0.344	0.350	0.361	0.371	0.400	0.448	0.479	0.528	0.589	0.632	0.664	0.684	0.703	0.695	0.667	0.592	0.695
7.750	125.890	0.405	0.383	0.366	0.352	0.346	0.341	0.339	0.339	0.341	0.342	0.348	0.357	0.368	0.396	0.443	0.472	0.521	0.581	0.622	0.653	0.673	0.693	0.685	0.658	0.586	0.687
7.750	158.490	0.405	0.382	0.366	0.352	0.345	0.341	0.338	0.338	0.340	0.340	0.347	0.356	0.365	0.393	0.439	0.468	0.514	0.573	0.614	0.644	0.665	0.685	0.678	0.653	0.582	0.682
7.750	199.530	0.405	0.383	0.366	0.352	0.345	0.341	0.338	0.338	0.339	0.340	0.346	0.355	0.363	0.391	0.436	0.463	0.511	0.569	0.607	0.640	0.658	0.679	0.673	0.647	0.578	0.676
7.750	251.190	0.406	0.382	0.366	0.353	0.345	0.341	0.338	0.337	0.339	0.339	0.345	0.353	0.361	0.389	0.434	0.461	0.507	0.565	0.604	0.634	0.653	0.675	0.670	0.644	0.575	0.673
7.750	316.230	0.406	0.383	0.366	0.353	0.346	0.341	0.338	0.337	0.339	0.339	0.344	0.352	0.361	0.387	0.432	0.458	0.505	0.561	0.601	0.630	0.650	0.671	0.667	0.641	0.575	0.671
7.750	398.110	0.405	0.382	0.366	0.353	0.345	0.340	0.337	0.337	0.338	0.338	0.344	0.352	0.360	0.386	0.430	0.457	0.504	0.558	0.598	0.628	0.647	0.670	0.664	0.640	0.574	0.670
7.750	501.190	0.405	0.382	0.366	0.352	0.346	0.340	0.337	0.337	0.338	0.338	0.344	0.352	0.359	0.385	0.429	0.457	0.502	0.557	0.596	0.627	0.646	0.668	0.662	0.638	0.573	0.668
7.750	630.960	0.405	0.382	0.366	0.352	0.345	0.340	0.337	0.337	0.338	0.338	0.343	0.351	0.359	0.386	0.429	0.456	0.501	0.557	0.596	0.625	0.646	0.667	0.661	0.637	0.573	0.668
7.750	794.330	0.406	0.383	0.366	0.353	0.346	0.341	0.337	0.337	0.337	0.337	0.343	0.351	0.358	0.385	0.428	0.456	0.500	0.557	0.594	0.625	0.644	0.667	0.659	0.637	0.573	0.667
7.750	1000.000	0.406	0.382	0.366	0.353	0.345	0.340	0.337	0.337	0.337	0.337	0.343	0.350	0.358	0.385	0.428	0.454	0.500	0.556	0.593	0.624	0.644	0.667	0.659	0.637	0.571	0.667
8.000	1.000	0.405	0.382	0.366	0.353	0.346	0.344	0.344	0.350	0.358	0.365	0.376	0.395	0.414	0.453	0.518	0.562	0.631	0.713	0.771	0.809	0.832	0.845	0.817	0.773	0.661	0.793
8.000	1.260	0.405	0.382	0.366	0.353	0.346	0.344	0.344	0.349	0.358	0.364	0.376	0.395	0.414	0.453	0.516	0.562	0.631	0.713	0.771	0.809	0.830	0.843	0.817	0.774	0.662	0.794
8.000	1.580	0.406	0.382	0.366	0.352	0.346	0.344	0.344	0.349	0.358	0.364	0.377	0.395	0.415	0.452	0.516	0.561	0.632	0.711	0.769	0.809	0.832	0.845	0.817	0.773	0.661	0.793
8.000	2.000	0.406	0.383	0.366	0.352	0.347	0.344	0.344	0.350	0.358	0.365	0.376	0.395	0.415	0.453	0.518	0.562	0.631	0.713	0.771	0.809	0.832	0.845	0.815	0.773	0.661	0.793
8.000	2.510	0.405	0.382	0.366	0.353	0.346	0.344	0.344	0.349	0.357	0.364	0.377	0.395	0.415	0.453	0.516	0.561	0.631	0.713	0.771	0.809	0.830	0.843	0.817	0.773	0.661	0.794
8.000	3.160	0.405	0.382	0.366	0.353	0.346	0.344	0.344	0.349	0.357	0.364	0.377	0.395	0.415	0.453	0.516	0.562	0.631	0.711	0.769	0.809	0.830	0.843	0.815	0.773	0.661	0.794
8.000	3.980	0.406	0.382	0.366	0.353	0.346	0.344	0.344	0.350	0.358	0.365	0.376	0.395	0.414	0.452	0.515	0.560	0.630	0.711	0.769	0.807	0.830	0.843	0.815	0.773	0.661	0.793
8.000	5.010	0.406	0.382	0.366	0.353	0.346	0.344	0.344	0.349	0.357	0.364	0.376	0.395	0.414	0.452	0.515	0.560	0.631	0.710	0.767	0.805	0.828	0.841	0.813	0.773	0.661	0.793
8.000	6.310	0.406	0.383	0.366	0.352	0.347	0.344	0.344	0.349	0.358	0.363	0.375	0.394	0.414	0.451	0.515	0.560	0.628	0.710	0.767	0.805	0.826	0.839	0.813	0.771	0.659	0.791
8.000	7.940	0.406	0.383	0.366	0.353	0.347	0.344	0.344	0.349	0.357	0.364	0.375	0.394	0.413	0.450	0.513	0.558	0.627	0.708	0.764	0.802	0.824	0.838	0.811	0.767	0.659	0.791
8.000	10.000	0.406	0.382	0.366	0.353	0.347	0.344	0.344	0.349	0.357	0.363	0.375	0.393	0.412	0.449	0.513	0.556	0.625	0.705	0.760	0.798	0.820	0.834	0.807	0.767	0.656	0.787
8.000	12.590	0.406	0.382	0.366	0.353	0.347	0.344	0.344	0.348	0.356	0.362	0.374	0.392	0.409	0.448	0.509	0.553	0.621	0.698	0.755	0.794	0.815	0.828	0.804	0.762	0.653	0.783
8.000	15.850	0.405	0.382	0.366	0.352	0.347	0.344	0.344	0.348	0.356	0.361	0.372	0.391	0.407	0.444	0.506	0.550	0.615	0.693	0.748	0.785	0.807	0.820	0.796	0.757	0.650	0.778
8.000	19.950	0.405	0.382	0.366	0.352	0.347	0.343	0.344	0.348	0.355	0.360	0.371	0.387	0.405	0.442	0.501	0.543	0.607	0.685	0.740	0.776	0.796	0.811	0.789	0.748	0.646	0.773
8.000	25.120	0.406	0.382	0.366	0.353	0.346	0.343	0.343	0.347	0.353	0.358	0.368	0.385	0.401	0.437	0.495	0.536	0.600	0.673	0.726	0.762	0.785	0.800	0.778	0.740	0.640	0.762
8.000	31.620	0.405	0.383	0.366	0.352	0.347	0.343	0.342	0.346	0.352	0.356	0.366	0.381	0.396	0.432	0.488	0.527	0.589	0.661	0.711	0.746	0.769	0.785	0.766	0.728	0.632	0.752
8.000	39.810	0.406	0.382	0.366	0.353	0.346	0.343	0.342	0.344	0.349	0.354	0.363	0.378	0.391	0.425	0.480	0.516	0.577	0.646	0.695	0.729	0.752	0.769	0.752	0.714	0.624	0.740
8.000	50.120	0.405	0.382	0.366	0.352	0.346	0.342	0.341	0.344	0.348	0.351	0.360	0.372	0.386	0.419	0.472	0.506	0.564	0.631	0.679	0.711	0.735	0.752	0.736	0.703	0.617	0.729
8.000	63.100	0.405	0.383	0.366	0.353	0.346	0.342	0.340	0.342	0.346	0.348	0.356	0.369	0.381	0.412	0.462	0.498	0.551	0.617	0.661	0.695	0.716	0.735	0.721	0.690	0.607	0.716
8.000	79.430	0.405	0.382	0.366	0.353	0.346	0.342	0.340	0.340	0.344	0.347	0.353	0.365	0.376	0.406	0.456	0.488	0.541	0.604	0.647	0.681	0.700	0.719	0.710	0.679	0.600	0.706
8.000	100.000	0.406	0.382	0.366	0.353	0.345	0.342	0.339	0.340	0.343	0.344	0.351	0.361	0.372	0.401	0.449	0.481	0.530	0.593	0.634	0.667	0.687	0.708	0.697	0.668	0.593	0.697
8.000	125.890	0.405	0.382	0.366	0.353	0.345	0.341	0.338	0.339	0.341	0.342	0.348	0.358	0.368	0.397	0.444	0.473	0.522	0.582	0.625	0.655	0.675	0.695	0.687	0.661	0.587	0.689
8.000	158.490	0.405	0.382	0.366	0.352	0.345	0.341	0.338	0.339	0.340	0.341	0.348	0.356	0.366	0.394	0.439	0.469	0.515	0.575	0.615	0.646	0.667	0.689	0.679	0.653	0.583	0.682
8.000	199.530	0.405	0.382	0.366	0.353	0.346	0.341	0.338	0.337	0.340	0.340	0.345	0.355	0.363	0.392	0.436	0.463	0.512	0.569	0.610	0.640	0.661	0.681	0.675	0.649	0.579	0.679
8.000	251.190	0.406	0.382	0.366	0.353	0.346	0.340	0.338	0.337	0.339	0.339	0.345	0.353	0.362	0.389	0.434	0.461	0.507	0.565	0.604	0.635	0.655	0.676	0.670	0.646	0.577	0.675
8.000	316.230	0.405	0.383	0.366	0.353	0.345	0.340	0.337	0.337	0.339	0.339	0.344	0.352	0.361	0.388	0.431	0.458	0.505	0.561	0.601	0.631	0.652	0.671	0.667	0.641	0.575	0.671
8.000	398.110	0.405	0.382	0.366	0.353	0.346	0.341	0.337	0.337	0.338	0.338	0.344	0.352	0.359	0.387	0.431	0.457	0.502	0.560	0.598	0.630	0.649	0.670	0.664	0.640	0.573	0.670
8.000	501.190	0.406	0.382	0.366	0.353	0.346	0.340	0.337	0.337	0.338	0.338	0.343	0.352	0.359	0.386	0.430	0.456	0.501	0.558	0.597	0.627	0.647	0.668	0.662	0.638	0.573	0.670
8.000	630.960	0.406	0.382	0.366	0.352	0.345	0.340	0.338	0.337	0.338	0.338	0.343	0.351	0.359	0.385	0.429	0.456	0.501	0.557	0.596	0.625	0.646	0.667	0.661	0.637	0.573	0.668
8.000	794.330	0.406	0.382	0.366	0.353	0.345	0.341	0.337	0.337	0.338	0.338	0.343	0.351	0.358	0.385	0.429	0.455	0.501	0.557	0.594	0.624	0.644	0.667	0.659	0.637	0.573	0.667
8.000	1000.000	0.405	0.382	0.366	0.352	0.346	0.340	0.337	0.337	0.338	0.337	0.343	0.351	0.359	0.385	0.428	0.454	0.500	0.556	0.593	0.624	0.644	0.667	0.661	0.637	0.571	0.665
