NGA-East_Model_02 NGA-East USGS GMM as published in PEER Report No. 2017/03, distance is Rrup. Log10 hazard values in cgs units. Uses NRCan simplified, magnitude-independent sigma
          11 34 25 : nmag, ndist, nperiod
          10.000 7.519 5.000 4.000 3.003 2.000 1.499 1.000 0.750 0.500 0.400 0.300 0.250 0.200 0.150 0.100 0.075 0.050 0.040 0.030 0.025 0.020 0.010 PGA PGV
          0.57 0.58 0.61 0.62 0.63 0.65 0.67 0.69 0.70 0.73 0.74 0.75 0.76 0.77 0.79 0.81 0.80 0.78 0.77 0.75 0.74 0.73 0.70 0.70 0.81
4.00000 0.00000 -0.99824 -0.64683 -0.16885 0.07530 0.37614 0.77972 1.04350 1.41071 1.67185 2.02465 2.20603 2.41823 2.53799 2.66798 2.79823 2.94133 3.04218 3.13592 3.15460 3.13823 3.10510 3.04561 2.83039 2.70060 4.03967
4.00000 1.00000 -1.10212 -0.75078 -0.27286 -0.02873 0.27212 0.67583 0.93979 1.30745 1.56911 1.92305 2.10535 2.31909 2.44009 2.57189 2.70499 2.85296 2.95755 3.05609 3.07669 3.06166 3.02864 2.96854 2.74815 2.61754 3.92239
4.00000 5.00000 -1.50200 -1.15110 -0.67366 -0.42978 -0.12918 0.27428 0.53816 0.90588 1.16780 1.52251 1.70551 1.92058 2.04265 2.17612 2.31196 2.46499 2.57400 2.67968 2.70440 2.69450 2.66447 2.60764 2.39372 2.26357 3.41678
4.00000 10.00000 -1.80180 -1.45148 -0.97483 -0.73134 -0.43128 -0.02861 0.23466 0.60140 0.86247 1.21571 1.39770 1.61116 1.73201 1.86373 1.99683 2.14524 2.25077 2.35211 2.37528 2.36472 2.33514 2.27963 2.07305 1.94395 3.07508
4.00000 15.00000 -2.02647 -1.67669 -1.20084 -0.95779 -0.65830 -0.25648 0.00608 0.37162 0.63162 0.98288 1.16346 1.37465 1.49375 1.62291 1.75196 1.89330 1.99312 2.08665 2.10624 2.09240 2.06166 2.00574 1.80259 1.67419 2.80335
4.00000 20.00000 -2.20012 -1.85091 -1.37580 -1.13314 -0.83416 -0.43314 -0.17120 0.19332 0.45244 0.80211 0.98158 1.19101 1.30873 1.43590 1.56183 1.69765 1.79300 1.88030 1.89697 1.88033 1.84850 1.79197 1.59053 1.46255 2.58917
4.00000 25.00000 -2.33966 -1.99097 -1.51658 -1.27431 -0.97581 -0.57553 -0.31413 0.04947 0.30782 0.65614 0.83468 1.04264 1.15923 1.28476 1.40812 1.53935 1.63102 1.71312 1.72731 1.70827 1.67547 1.61835 1.41797 1.29030 2.41855
4.00000 30.00000 -2.45074 -2.10258 -1.62889 -1.38699 -1.08895 -0.68936 -0.42850 -0.06576 0.19187 0.53893 0.71660 0.92321 1.03876 1.16280 1.28380 1.41095 1.49933 1.57694 1.58910 1.56820 1.53475 1.47738 1.27878 1.15144 2.28504
4.00000 40.00000 -2.62756 -2.28040 -1.80802 -1.56679 -1.26965 -0.87129 -0.61136 -0.25006 0.00641 0.35150 0.52792 0.73254 0.84660 0.96849 1.08611 1.20732 1.29093 1.36191 1.37098 1.34722 1.31271 1.25482 1.05829 0.93141 2.07594
4.00000 50.00000 -2.76178 -2.41554 -1.94442 -1.70387 -1.40756 -1.01040 -0.75137 -0.39145 -0.13612 0.20708 0.38221 0.58489 0.69748 0.81723 0.93151 1.04688 1.12578 1.19034 1.19647 1.17003 1.13455 1.07625 0.88193 0.75550 1.91406
4.00000 60.00000 -2.84977 -2.50445 -2.03450 -1.79457 -1.49902 -1.10299 -0.84480 -0.48615 -0.23184 0.10967 0.28369 0.48470 0.59598 0.71392 0.82531 0.93562 1.01045 1.06940 1.07298 1.04415 1.00780 0.94911 0.75655 0.63049 1.80922
4.00000 70.00000 -2.89477 -2.55032 -2.08162 -1.84234 -1.54768 -1.15296 -0.89584 -0.53901 -0.28631 0.05226 0.22422 0.42191 0.53068 0.64495 0.75068 0.85137 0.91879 0.96819 0.96777 0.93576 0.89863 0.84019 0.65332 0.52817 1.72887
4.00000 80.00000 -2.92829 -2.58468 -2.11708 -1.87839 -1.58447 -1.19087 -0.93460 -0.57915 -0.32757 0.00900 0.17960 0.37520 0.48232 0.59427 0.69635 0.79068 0.85307 0.89560 0.89205 0.85708 0.81883 0.75978 0.57449 0.44971 1.67141
4.00000 90.00000 -2.95552 -2.61270 -2.14616 -1.90803 -1.61484 -1.22229 -0.96684 -0.61271 -0.36225 -0.02760 0.14168 0.33517 0.44075 0.55041 0.64891 0.73706 0.79452 0.83038 0.82375 0.78591 0.74657 0.68688 0.50296 0.37851 1.62443
4.00000 100.00000 -2.97989 -2.63785 -2.17231 -1.93472 -1.64222 -1.25067 -0.99602 -0.64316 -0.39377 -0.06100 0.10701 0.29854 0.40257 0.51004 0.60511 0.68730 0.74009 0.76960 0.76011 0.71962 0.67927 0.61906 0.43659 0.31245 1.58120
4.00000 110.00000 -3.00207 -2.66075 -2.19619 -1.95911 -1.66723 -1.27671 -1.02282 -0.67118 -0.42288 -0.09195 0.07479 0.26429 0.36682 0.47213 0.56380 0.64021 0.68849 0.71206 0.69997 0.65720 0.61608 0.55563 0.37523 0.25147 1.54198
4.00000 120.00000 -3.02316 -2.68251 -2.21890 -1.98230 -1.69109 -1.30148 -1.04833 -0.69789 -0.45061 -0.12151 0.04400 0.23159 0.33264 0.43582 0.52420 0.59503 0.63900 0.65699 0.64252 0.59775 0.55604 0.49550 0.31744 0.19409 1.50370
4.00000 130.00000 -3.04876 -2.70875 -2.24602 -2.00989 -1.71926 -1.33055 -1.07807 -0.72874 -0.48238 -0.15488 0.00953 0.19542 0.29516 0.39648 0.48197 0.54786 0.58799 0.60093 0.58428 0.53759 0.49525 0.43450 0.25818 0.13515 1.46273
4.00000 140.00000 -3.07431 -2.73494 -2.27303 -2.03734 -1.74728 -1.35941 -1.10758 -0.75933 -0.51386 -0.18795 -0.02460 0.15962 0.25810 0.35759 0.44024 0.50129 0.53767 0.54573 0.52694 0.47841 0.43548 0.37455 0.19995 0.07718 1.42089
4.00000 150.00000 -3.09909 -2.76033 -2.29921 -2.06396 -1.77447 -1.38746 -1.13633 -0.78923 -0.54479 -0.22066 -0.05856 0.12370 0.22069 0.31804 0.39743 0.45305 0.48540 0.48850 0.46777 0.41787 0.37471 0.31413 0.14273 0.02044 1.38005
4.00000 175.00000 -3.16043 -2.82304 -2.36378 -2.12952 -1.84131 -1.45625 -1.20671 -0.86222 -0.62005 -0.29997 -0.14064 0.03726 0.13093 0.22356 0.29569 0.33927 0.36270 0.35486 0.32984 0.27684 0.23317 0.17332 0.00872 -0.11264 1.28165
4.00000 200.00000 -3.21568 -2.87950 -2.42184 -2.18846 -1.90140 -1.51812 -1.26998 -0.92788 -0.68780 -0.37147 -0.21475 -0.04090 0.04969 0.13793 0.20334 0.23581 0.25102 0.23317 0.20430 0.14847 0.10432 0.04505 -0.11371 -0.23425 1.19233
4.00000 250.00000 -3.30450 -2.97030 -2.51541 -2.28354 -1.99853 -1.61855 -1.37322 -1.03609 -0.80051 -0.49246 -0.34155 -0.17683 -0.09316 -0.01469 0.03609 0.04538 0.04446 0.00880 -0.02589 -0.08422 -0.12727 -0.18294 -0.32474 -0.44328 1.03030
4.00000 300.00000 -3.38124 -3.04850 -2.59566 -2.36496 -2.08159 -1.70439 -1.46153 -1.12891 -0.89752 -0.59731 -0.45189 -0.29585 -0.21871 -0.14936 -0.11206 -0.12354 -0.13837 -0.18851 -0.22737 -0.28677 -0.32821 -0.38013 -0.50663 -0.62349 0.89223
4.00000 350.00000 -3.44675 -3.11499 -2.66361 -2.43382 -2.15179 -1.77705 -1.53651 -1.20829 -0.98113 -0.68894 -0.54923 -0.40212 -0.33166 -0.27158 -0.24770 -0.27915 -0.30669 -0.36904 -0.41081 -0.46986 -0.50909 -0.55679 -0.66829 -0.78360 0.76700
4.00000 400.00000 -3.50618 -3.17498 -2.72454 -2.49540 -2.21443 -1.84182 -1.60341 -1.27946 -1.05647 -0.77232 -0.63832 -0.50014 -0.43629 -0.38526 -0.37431 -0.42433 -0.46318 -0.53557 -0.57922 -0.63705 -0.67377 -0.71726 -0.81499 -0.92896 0.64548
4.00000 450.00000 -3.55263 -3.22158 -2.77161 -2.54291 -2.26277 -1.89207 -1.65572 -1.33599 -1.11725 -0.84139 -0.71332 -0.58431 -0.52726 -0.48544 -0.48740 -0.55560 -0.60516 -0.68672 -0.73197 -0.78853 -0.82292 -0.86257 -0.94834 -1.06120 0.53381
4.00000 500.00000 -3.59827 -3.26701 -2.81705 -2.58856 -2.30904 -1.93996 -1.70552 -1.38990 -1.17536 -0.90773 -0.78550 -0.66557 -0.61512 -0.58219 -0.59637 -0.68107 -0.73989 -0.82861 -0.87456 -0.92917 -0.96110 -0.99692 -1.07174 -1.18366 0.43077
4.00000 600.00000 -3.67696 -3.34438 -2.89357 -2.66527 -2.38679 -2.02138 -1.79153 -1.48610 -1.28213 -1.03523 -0.92760 -0.82980 -0.79505 -0.78243 -0.82299 -0.93942 -1.01254 -1.10624 -1.14794 -1.19188 -1.21525 -1.24010 -1.28902 -1.39899 0.24450
4.00000 700.00000 -3.76216 -3.42682 -2.97332 -2.74428 -2.46578 -2.10242 -1.87593 -1.57857 -1.38328 -1.15345 -1.05776 -0.97784 -0.95558 -0.95891 -1.01981 -1.16037 -1.24462 -1.34393 -1.38428 -1.42323 -1.44232 -1.46156 -1.49733 -1.60634 0.08010
4.00000 800.00000 -3.84296 -3.50373 -3.04630 -2.81604 -2.53708 -2.17568 -1.95277 -1.66436 -1.47870 -1.26775 -1.18502 -1.12405 -1.11462 -1.13377 -1.21365 -1.37416 -1.46553 -1.56483 -1.60135 -1.63317 -1.64726 -1.66055 -1.68421 -1.79245 -0.07135
4.00000 1000.00000 -4.03126 -3.68048 -3.21085 -2.97619 -2.69414 -2.33385 -2.11632 -1.84305 -1.67424 -1.49612 -1.43558 -1.40610 -1.41732 -1.46102 -1.56890 -1.75626 -1.85563 -1.95270 -1.98349 -2.00580 -2.01360 -2.01977 -2.02993 -2.13741 -0.32887
4.00000 1200.00000 -4.18969 -3.82321 -3.33751 -3.09730 -2.81171 -2.45406 -2.24462 -1.99288 -1.84723 -1.71266 -1.68032 -1.68899 -1.72383 -1.79376 -1.92824 -2.13478 -2.23485 -2.32035 -2.34185 -2.35216 -2.35322 -2.35262 -2.35236 -2.45937 -0.58536
4.00000 1500.00000 -4.44908 -4.05033 -3.53158 -3.27966 -2.98578 -2.63015 -2.43282 -2.21450 -2.10452 -2.03492 -2.04284 -2.10341 -2.16856 -2.27030 -2.43427 -2.65837 -2.75677 -2.82923 -2.84213 -2.84269 -2.83892 -2.83391 -2.82786 -2.93464 -0.94175
4.50000 0.00000 -0.53282 -0.18652 0.28725 0.53051 0.83133 1.23579 1.49906 1.85946 2.10769 2.42519 2.57810 2.74717 2.83868 2.93677 3.03402 3.14633 3.23158 3.30730 3.31850 3.29610 3.26149 3.20260 2.99959 2.87189 4.33603
4.50000 1.00000 -0.61151 -0.26532 0.20835 0.45153 0.75235 1.15684 1.42022 1.78091 2.02949 2.34778 2.50138 2.67154 2.76394 2.86329 2.96249 3.07799 3.16551 3.24382 3.25579 3.23355 3.19852 3.13863 2.93105 2.80273 4.24685
4.50000 5.00000 -0.95063 -0.60489 -0.13179 0.11115 0.41168 0.81596 1.07931 1.44032 1.68944 2.00919 2.16398 2.33633 2.43047 2.53242 2.63577 2.75851 2.85200 2.93895 2.95532 2.93786 2.90524 2.84749 2.64199 2.51357 3.82386
4.50000 10.00000 -1.23430 -0.88923 -0.41702 -0.17458 0.12533 0.52865 0.79127 1.15111 1.39927 1.71735 1.87101 2.04157 2.13435 2.23432 2.33458 2.45223 2.54192 2.62444 2.63937 2.62151 2.58952 2.53337 2.33564 2.20828 3.48669
4.50000 15.00000 -1.44849 -1.10406 -0.63277 -0.39082 -0.09156 0.31077 0.57261 0.93118 1.17824 1.49438 1.64667 1.81505 1.90614 2.00365 2.10006 2.21107 2.29557 2.37126 2.38328 2.36298 2.33033 2.27423 2.08049 1.95380 3.22655
4.50000 20.00000 -1.61218 -1.26838 -0.79796 -0.55646 -0.25783 0.14360 0.40475 0.76219 1.00833 1.32287 1.47407 1.64072 1.73047 1.82602 1.91936 2.02506 2.10540 2.17557 2.18513 2.16276 2.12944 2.07321 1.88200 1.75578 3.02622
4.50000 25.00000 -1.74045 -1.39729 -0.92772 -0.68667 -0.38866 0.01187 0.27230 0.62861 0.87379 1.18663 1.33667 1.50150 1.58981 1.68330 1.77343 1.87362 1.94973 2.01440 2.02165 1.99740 1.96362 1.90752 1.71960 1.59391 2.86704
4.50000 30.00000 -1.84541 -1.50284 -1.03409 -0.79351 -0.49605 -0.09636 0.16344 0.51875 0.76313 1.07460 1.22373 1.38711 1.47430 1.56620 1.65379 1.74967 1.82244 1.88279 1.88821 1.86249 1.82831 1.77229 1.58682 1.46152 2.74034
4.50000 40.00000 -2.01095 -1.66952 -1.20234 -0.96258 -0.66615 -0.26800 -0.00933 0.34426 0.58729 0.89659 1.04430 1.20546 1.29099 1.38043 1.46421 1.55350 1.62113 1.67470 1.67721 1.64899 1.61409 1.55800 1.37572 1.25096 2.54348
4.50000 50.00000 -2.13774 -1.79741 -1.33171 -1.09273 -0.79732 -0.40061 -0.14301 0.20899 0.45075 0.75806 0.90446 1.06362 1.14762 1.23484 1.31516 1.39845 1.46138 1.50881 1.50867 1.47822 1.44263 1.38645 1.20700 1.08269 2.39117
4.50000 60.00000 -2.21995 -1.88067 -1.41638 -1.17815 -0.88368 -0.48832 -0.23171 0.11880 0.35946 0.66497 0.81025 0.96768 1.05035 1.13567 1.21294 1.29103 1.34989 1.39191 1.38941 1.35694 1.32070 1.26439 1.08714 0.96324 2.29256
4.50000 70.00000 -2.26254 -1.92430 -1.46145 -1.22400 -0.93056 -0.53677 -0.28138 0.06713 0.30608 0.60859 0.75180 0.90594 0.98608 1.06776 1.13940 1.20804 1.25989 1.29317 1.28724 1.25222 1.21554 1.15978 0.98816 0.86508 2.21663
4.50000 80.00000 -2.29184 -1.95458 -1.49306 -1.25632 -0.96379 -0.57135 -0.31699 0.02996 0.26763 0.56803 0.70982 0.86176 0.94020 1.01942 1.08722 1.14932 1.19610 1.22281 1.21397 1.17643 1.13893 1.08286 0.91338 0.79069 2.16288
4.50000 90.00000 -2.31648 -1.98015 -1.51990 -1.28382 -0.99218 -0.60099 -0.34760 -0.00216 0.23432 0.53272 0.67319 0.82307 0.89993 0.97686 1.04108 1.09704 1.13907 1.15954 1.14797 1.10799 1.06964 1.01321 0.84543 0.72308 2.11900
4.50000 100.00000 -2.33856 -2.00313 -1.54409 -1.30867 -1.01786 -0.62789 -0.37544 -0.03144 0.20388 0.50036 0.63956 0.78745 0.86278 0.93750 0.99826 1.04837 1.08588 1.10051 1.08643 1.04427 1.00520 0.94853 0.78266 0.66063 2.07881
4.50000 110.00000 -2.35849 -2.02392 -1.56604 -1.33125 -1.04125 -0.65251 -0.40094 -0.05835 0.17583 0.47041 0.60835 0.75425 0.82806 0.90059 0.95796 1.00234 1.03553 1.04467 1.02830 0.98428 0.94469 0.88801 0.72447 0.60281 2.04228
4.50000 120.00000 -2.37698 -2.04323 -1.58647 -1.35229 -1.06306 -0.67544 -0.42477 -0.08354 0.14954 0.44227 0.57898 0.72299 0.79533 0.86576 0.91986 0.95876 0.98784 0.99182 0.97334 0.92764 0.88762 0.83101 0.66985 0.54856 2.00811
4.50000 130.00000 -2.40030 -2.06732 -1.61162 -1.37802 -1.08951 -0.70298 -0.45311 -0.11313 0.11895 0.41003 0.54566 0.68795 0.75902 0.82757 0.87877 0.91279 0.93819 0.93752 0.91711 0.86985 0.82939 0.77278 0.61357 0.49259 1.97036
4.50000 140.00000 -2.42385 -2.09162 -1.63694 -1.40387 -1.11608 -0.73059 -0.48150 -0.14276 0.08834 0.37783 0.51237 0.65303 0.72281 0.78955 0.83790 0.86719 0.88903 0.88394 0.86171 0.81302 0.77219 0.71563 0.55846 0.43777 1.93315
4.50000 150.00000 -2.44643 -2.11494 -1.66125 -1.42873 -1.14165 -0.75721 -0.50895 -0.17153 0.05848 0.34611 0.47940 0.61809 0.68637 0.75097 0.79605 0.82000 0.83800 0.82839 0.80453 0.75481 0.71396 0.65791 0.50405 0.38378 1.89532
4.50000 175.00000 -2.50263 -2.17280 -1.72142 -1.49013 -1.20467 -0.82266 -0.57630 -0.24185 -0.01427 0.26921 0.39976 0.53414 0.59913 0.65903 0.69692 0.70919 0.71877 0.69928 0.67181 0.61978 0.57881 0.52382 0.37681 0.25741 1.80532
4.50000 200.00000 -2.55258 -2.22424 -1.77491 -1.54476 -1.26075 -0.88098 -0.63637 -0.30471 -0.07946 0.20010 0.32800 0.45826 0.52012 0.57552 0.60661 0.60790 0.60970 0.58127 0.55062 0.49670 0.45578 0.40189 0.26146 0.14286 1.72316
4.50000 250.00000 -2.63198 -2.30621 -1.86046 -1.63228 -1.35096 -0.97539 -0.73420 -0.40826 -0.18790 0.08305 0.20507 0.32613 0.38105 0.42666 0.44318 0.42201 0.40886 0.36497 0.32993 0.27509 0.23604 0.18640 0.06289 -0.05383 1.57243
4.50000 300.00000 -2.69904 -2.37523 -1.93232 -1.70577 -1.42671 -1.05479 -0.81669 -0.49604 -0.28033 -0.01766 0.09867 0.21085 0.25909 0.29539 0.29834 0.25697 0.23098 0.17484 0.13692 0.08251 0.04578 0.00051 -0.10749 -0.22263 1.44293
4.50000 350.00000 -2.75809 -2.43575 -1.99506 -1.76983 -1.49265 -1.12399 -0.88873 -0.57312 -0.36194 -0.10750 0.00315 0.10652 0.14820 0.17546 0.16548 0.10553 0.06831 0.00238 -0.03722 -0.09015 -0.12420 -0.16503 -0.25875 -0.37253 1.32668
4.50000 400.00000 -2.81110 -2.48982 -2.05079 -1.82662 -1.55103 -1.18526 -0.95265 -0.64190 -0.43524 -0.18901 -0.08405 0.01052 0.04570 0.06415 0.04181 -0.03520 -0.08214 -0.15564 -0.19594 -0.24656 -0.27770 -0.31407 -0.39469 -0.50728 1.22160
4.50000 450.00000 -2.85172 -2.53106 -2.09318 -1.86984 -1.59560 -1.23244 -1.00237 -0.69646 -0.49429 -0.25648 -0.15737 -0.07180 -0.04319 -0.03361 -0.06819 -0.16171 -0.21779 -0.29819 -0.33908 -0.38758 -0.41614 -0.44862 -0.51812 -0.62976 1.11874
4.50000 500.00000 -2.89190 -2.57150 -2.13429 -1.91155 -1.63840 -1.27759 -1.04990 -0.74864 -0.55097 -0.32152 -0.22820 -0.15147 -0.12926 -0.12819 -0.17423 -0.28261 -0.34640 -0.43188 -0.47262 -0.51846 -0.54436 -0.57303 -0.63250 -0.74331 1.02374
4.50000 600.00000 -2.96223 -2.64138 -2.20458 -1.98271 -1.71153 -1.35557 -1.13320 -0.84283 -0.65585 -0.44660 -0.36716 -0.31117 -0.30354 -0.32116 -0.39095 -0.52663 -0.60166 -0.68924 -0.72519 -0.76074 -0.77886 -0.79785 -0.83554 -0.94480 0.85442
4.50000 700.00000 -3.03620 -2.71355 -2.27550 -2.05370 -1.78356 -1.43131 -1.21348 -0.93290 -0.75571 -0.56486 -0.49791 -0.46028 -0.46525 -0.49862 -0.58777 -0.74439 -0.82735 -0.91583 -0.94823 -0.97672 -0.98968 -1.00242 -1.02688 -1.13526 0.70473
4.50000 800.00000 -3.11110 -2.78540 -2.34463 -2.12225 -1.85243 -1.50305 -1.28928 -1.01788 -0.85004 -0.67671 -0.62153 -0.60077 -0.61705 -0.66419 -0.76958 -0.94254 -1.03083 -1.11862 -1.14774 -1.17045 -1.17947 -1.18762 -1.20299 -1.31083 0.56706
4.50000 1000.00000 -3.28135 -2.94608 -2.49590 -2.27063 -1.99962 -1.65400 -1.44732 -1.19311 -1.04307 -0.90286 -0.86928 -0.87857 -0.91414 -0.98379 -1.11382 -1.30806 -1.40066 -1.48268 -1.50520 -1.51827 -1.52135 -1.52308 -1.52702 -1.63424 0.32922
4.50000 1200.00000 -3.42351 -3.07483 -2.61165 -2.38246 -2.10994 -1.76971 -1.57297 -1.34235 -1.21637 -1.11964 -1.11335 -1.15866 -1.21598 -1.30919 -1.46199 -1.67016 -1.76067 -1.82950 -1.84294 -1.84509 -1.84238 -1.83848 -1.83430 -1.94118 0.09320
4.50000 1500.00000 -3.65907 -3.28221 -2.79131 -2.55311 -2.27556 -1.94154 -1.75947 -1.56494 -1.47543 -1.44236 -1.47414 -1.56709 -1.65144 -1.77211 -1.94885 -2.16808 -2.25402 -2.30873 -2.31420 -2.30811 -2.30164 -2.29453 -2.28650 -2.39323 -0.23569
5.00000 0.00000 -0.08010 0.25469 0.71448 0.95101 1.24369 1.63575 1.88766 2.22439 2.44783 2.71840 2.84201 2.97490 3.04681 3.12582 3.20572 3.30101 3.37574 3.43888 3.44526 3.41970 3.38493 3.32757 3.13603 3.01004 4.59498
5.00000 1.00000 -0.13862 0.19605 0.65570 0.89217 1.18478 1.57682 1.82875 2.16564 2.38930 2.66040 2.78446 2.91810 2.99058 3.07040 3.15152 3.24862 3.32458 3.38873 3.39513 3.36900 3.33358 3.27505 3.07956 2.95309 4.52668
5.00000 5.00000 -0.41284 -0.07866 0.38037 0.61656 0.90890 1.30069 1.55265 1.88995 2.11428 2.38710 2.51261 2.64870 2.72315 2.80584 2.89139 2.99603 3.07779 3.14966 3.15954 3.13663 3.10242 3.04460 2.84725 2.72031 4.19369
5.00000 10.00000 -0.67228 -0.33880 0.11927 0.35496 0.64661 1.03745 1.28869 1.62493 1.84845 2.11997 2.24459 2.37932 2.45273 2.53389 2.61709 2.71788 2.79689 2.86580 2.87490 2.85214 2.81869 2.76241 2.57153 2.44540 3.87808
5.00000 15.00000 -0.87373 -0.54095 -0.08386 0.15129 0.44227 0.83206 1.08251 1.41752 1.64000 1.90974 2.03313 2.16590 2.23776 2.31669 2.39639 2.49122 2.56570 2.62884 2.63558 2.61104 2.57725 2.52129 2.33442 2.20893 3.63259
5.00000 20.00000 -1.02333 -0.69126 -0.23512 -0.00050 0.28979 0.67855 0.92821 1.26194 1.48337 1.75128 1.87340 2.00412 2.07438 2.15098 2.22707 2.31582 2.38573 2.44317 2.44766 2.42149 2.38748 2.33202 2.14949 2.02461 3.44756
5.00000 25.00000 -1.14378 -0.81238 -0.35718 -0.12308 0.16654 0.55430 0.80318 1.13567 1.35608 1.62222 1.74311 1.87187 1.94058 2.01496 2.08759 2.17054 2.23608 2.28807 2.29043 2.26273 2.22850 2.17341 1.99475 1.87045 3.29568
5.00000 30.00000 -1.24250 -0.91175 -0.45747 -0.22384 0.06514 0.45196 0.70015 1.03157 1.25113 1.51581 1.63572 1.76291 1.83042 1.90302 1.97290 2.05122 2.11327 2.16091 2.16150 2.13250 2.09799 2.04318 1.86734 1.74346 3.17547
5.00000 40.00000 -1.39737 -1.06788 -0.61532 -0.38260 -0.09481 0.29030 0.53721 0.86673 1.08484 1.34714 1.46548 1.59019 1.65577 1.72557 1.79107 1.86202 1.91850 1.95918 1.95698 1.92588 1.89099 1.83656 1.66513 1.54189 2.98901
5.00000 50.00000 -1.51761 -1.18932 -0.73838 -0.50655 -0.21986 0.16365 0.40939 0.73725 0.95407 1.21439 1.33143 1.45410 1.51810 1.58560 1.64750 1.71232 1.76417 1.79901 1.79442 1.76147 1.72616 1.67193 1.50381 1.38106 2.84470
5.00000 60.00000 -1.59563 -1.26848 -0.81908 -0.58809 -0.30243 0.07958 0.32428 0.65056 0.86626 1.12484 1.24077 1.36168 1.42435 1.48990 1.54869 1.60825 1.65606 1.68571 1.67893 1.64419 1.60839 1.55417 1.38846 1.26610 2.75137
5.00000 70.00000 -1.63588 -1.30984 -0.86203 -0.63188 -0.34739 0.03294 0.27630 0.60051 0.81449 1.07008 1.18395 1.30159 1.36169 1.42353 1.47668 1.52692 1.56792 1.58942 1.57956 1.54276 1.50674 1.45326 1.29317 1.17158 2.67878
5.00000 80.00000 -1.66152 -1.33655 -0.89020 -0.66086 -0.37736 0.00147 0.24372 0.56624 0.77891 1.03233 1.14475 1.26008 1.31841 1.37763 1.42672 1.47021 1.50611 1.52118 1.50867 1.46966 1.43303 1.37951 1.22203 1.10086 2.62831
5.00000 90.00000 -1.68405 -1.36013 -0.91517 -0.68658 -0.40405 -0.02663 0.21459 0.53558 0.74704 0.99854 1.10967 1.22298 1.27970 1.33666 1.38216 1.41958 1.45088 1.46001 1.44496 1.40379 1.36642 1.31265 1.15693 1.03605 2.58686
5.00000 100.00000 -1.70429 -1.38132 -0.93772 -0.70984 -0.42825 -0.05219 0.18802 0.50748 0.71782 0.96743 1.07732 1.18866 1.24385 1.29860 1.34063 1.37222 1.39919 1.40284 1.38552 1.34246 1.30455 1.25070 1.09708 0.97654 2.54910
5.00000 110.00000 -1.72241 -1.40039 -0.95808 -0.73090 -0.45021 -0.07546 0.16377 0.48177 0.69096 0.93873 1.04739 1.15677 1.21045 1.26300 1.30160 1.32757 1.35035 1.34882 1.32942 1.28473 1.24643 1.19267 1.04141 0.92121 2.51485
5.00000 120.00000 -1.73885 -1.41771 -0.97665 -0.75013 -0.47033 -0.09682 0.14147 0.45809 0.66618 0.91218 1.01967 1.12720 1.17945 1.22990 1.26531 1.28590 1.30471 1.29831 1.27694 1.23071 1.19205 1.13836 0.98928 0.86939 2.48415
5.00000 130.00000 -1.76018 -1.43993 -1.00005 -0.77418 -0.49518 -0.12289 0.11452 0.42983 0.63690 0.88130 0.98773 1.09358 1.14453 1.19309 1.22557 1.24134 1.25658 1.24580 1.22269 1.17514 1.13616 1.08262 0.93563 0.81604 2.44920
5.00000 140.00000 -1.78205 -1.46262 -1.02388 -0.79862 -0.52043 -0.14928 0.08726 0.40125 0.60735 0.85014 0.95549 1.05967 1.10932 1.15601 1.18560 1.19663 1.20848 1.19366 1.16899 1.12037 1.08124 1.02801 0.88347 0.76420 2.41607
5.00000 150.00000 -1.80280 -1.48419 -1.04655 -0.82190 -0.54449 -0.17454 0.06109 0.37369 0.57868 0.81960 0.92371 1.02589 1.07401 1.11850 1.14476 1.15050 1.15862 1.13964 1.11358 1.06424 1.02525 0.97270 0.83163 0.71277 2.38079
5.00000 175.00000 -1.85421 -1.53745 -1.10240 -0.87916 -0.60361 -0.23639 -0.00282 0.30662 0.50910 0.74587 0.84721 0.94501 0.98975 1.02941 1.04834 1.04243 1.04244 1.01440 0.98528 0.93436 0.89566 0.84455 0.71086 0.59289 2.29853
5.00000 200.00000 -1.89889 -1.58381 -1.15113 -0.92918 -0.65532 -0.29066 -0.05907 0.24732 0.44736 0.68002 0.77859 0.87203 0.91342 0.94831 0.96008 0.94299 0.93543 0.89927 0.86761 0.81570 0.77759 0.72819 0.60207 0.48494 2.22185
5.00000 250.00000 -1.97147 -1.65929 -1.23071 -1.01106 -0.74028 -0.38037 -0.15254 0.14784 0.34288 0.56705 0.65979 0.74406 0.77848 0.80357 0.80091 0.76215 0.74066 0.69090 0.65589 0.60410 0.56831 0.52345 0.41388 0.29846 2.08226
5.00000 300.00000 -2.03045 -1.72061 -1.29540 -1.07768 -0.80956 -0.45390 -0.22953 0.06512 0.25531 0.47095 0.55787 0.63298 0.66053 0.67605 0.65965 0.60108 0.56759 0.50736 0.47052 0.42034 0.38743 0.34743 0.25348 0.13957 1.96123
5.00000 350.00000 -2.08455 -1.77651 -1.35402 -1.13790 -0.87204 -0.52011 -0.29890 -0.00961 0.17597 0.38344 0.46476 0.53116 0.55221 0.55885 0.52990 0.45396 0.41052 0.34246 0.30484 0.25701 0.22708 0.19167 0.11140 -0.00127 1.85440
5.00000 400.00000 -2.13329 -1.82659 -1.40624 -1.19144 -0.92754 -0.57902 -0.36074 -0.07661 0.10441 0.30376 0.37945 0.43719 0.45188 0.44992 0.40921 0.31763 0.26586 0.19225 0.15488 0.11017 0.08345 0.05262 -0.01517 -0.12677 1.76448
5.00000 450.00000 -2.16890 -1.86314 -1.44440 -1.23073 -0.96851 -0.62306 -0.40763 -0.12860 0.04780 0.23878 0.30872 0.35762 0.36589 0.35532 0.30296 0.19635 0.13680 0.05815 0.02096 -0.02095 -0.04488 -0.07177 -0.12908 -0.23983 1.67132
5.00000 500.00000 -2.20501 -1.89981 -1.48222 -1.26941 -1.00864 -0.66600 -0.45324 -0.17915 -0.00730 0.17541 0.23969 0.27998 0.28198 0.26328 0.20016 0.08023 0.01430 -0.06770 -0.10406 -0.14283 -0.16396 -0.18711 -0.23513 -0.34516 1.58457
5.00000 600.00000 -2.26778 -1.96277 -1.54656 -1.33516 -1.07708 -0.74033 -0.53354 -0.27110 -0.11027 0.05214 0.10264 0.12245 0.11026 0.07359 -0.01173 -0.15555 -0.22992 -0.31069 -0.34111 -0.36893 -0.38229 -0.39609 -0.42421 -0.53290 1.43118
5.00000 700.00000 -2.33556 -2.02935 -1.61273 -1.40184 -1.14533 -0.81285 -0.61086 -0.35802 -0.20644 -0.06093 -0.02177 -0.01847 -0.04192 -0.09255 -0.19468 -0.35604 -0.43659 -0.51746 -0.54470 -0.56655 -0.57570 -0.58443 -0.60210 -0.71012 1.29538
5.00000 800.00000 -2.40366 -2.09511 -1.67683 -1.46594 -1.21051 -0.88197 -0.68474 -0.44198 -0.30017 -0.17252 -0.14509 -0.15846 -0.19291 -0.25665 -0.37361 -0.54848 -0.63220 -0.70990 -0.73295 -0.74840 -0.75346 -0.75766 -0.76686 -0.87444 1.17090
5.00000 1000.00000 -2.55878 -2.24224 -1.81673 -1.60415 -1.34901 -1.02622 -0.83734 -0.61302 -0.48942 -0.39454 -0.38810 -0.43012 -0.48265 -0.56700 -0.70552 -0.89675 -0.98182 -1.05128 -1.06732 -1.07341 -1.07303 -1.07153 -1.07113 -1.17819 0.95329
5.00000 1200.00000 -2.68838 -2.36024 -1.92421 -1.70896 -1.45383 -1.13832 -0.96037 -0.76043 -0.66075 -0.60785 -0.62717 -0.70265 -0.77499 -0.88025 -1.03799 -1.23900 -1.32038 -1.37659 -1.38440 -1.38112 -1.37599 -1.37005 -1.36355 -1.47036 0.73830
5.00000 1500.00000 -2.90405 -2.55133 -2.09207 -1.87002 -1.61240 -1.30611 -1.14438 -0.98151 -0.91784 -0.92588 -0.98079 -1.09987 -1.19640 -1.32560 -1.50306 -1.71089 -1.78647 -1.82925 -1.83023 -1.82043 -1.81259 -1.80448 -1.79562 -1.90236 0.43734
5.50000 0.00000 0.36643 0.68387 1.12068 1.34516 1.62223 1.99014 2.22172 2.52268 2.71504 2.93747 3.03621 3.14280 3.20220 3.26979 3.33880 3.42090 3.48675 3.53974 3.54276 3.51579 3.48184 3.42687 3.24767 3.12332 4.79293
5.50000 1.00000 0.32222 0.63956 1.07621 1.30063 1.57762 1.94546 2.17705 2.47812 2.67065 2.89353 2.99261 3.09979 3.15963 3.22781 3.29770 3.38105 3.44755 3.50080 3.50347 3.47556 3.44076 3.38461 3.20166 3.07692 4.74139
5.50000 5.00000 0.10846 0.42528 0.86130 1.08542 1.36210 1.72973 1.96136 2.26287 2.45613 2.68080 2.78133 2.89096 2.95272 3.02365 3.09774 3.18787 3.25936 3.31862 3.32359 3.29727 3.26269 3.20607 3.01893 2.89353 4.50633
5.50000 10.00000 -0.11976 0.19635 0.63142 0.85503 1.13109 1.49783 1.72885 2.02956 2.22228 2.44621 2.54625 2.65516 2.71635 2.78646 2.85924 2.94730 3.01736 3.07523 3.07997 3.05406 3.02012 2.96463 2.78167 2.65675 4.23023
5.50000 15.00000 -0.30304 0.01236 0.44643 0.66951 0.94488 1.31059 1.54084 1.84041 2.03221 2.25456 2.35354 2.46067 2.52046 2.58854 2.65818 2.74096 2.80708 2.86014 2.86305 2.83592 2.80190 2.74695 2.56799 2.44364 4.00636
5.50000 20.00000 -0.43815 -0.12346 0.30961 0.53214 0.80678 1.17143 1.40086 1.69913 1.88986 2.11031 2.20796 2.31290 2.37100 2.43657 2.50241 2.57891 2.64043 2.68806 2.68900 2.66075 2.62683 2.57276 2.39899 2.27535 3.83627
5.50000 25.00000 -0.54876 -0.23477 0.19734 0.41931 0.69327 1.05686 1.28549 1.58248 1.77215 1.99075 2.08707 2.18987 2.24628 2.30944 2.37152 2.44186 2.49890 2.54116 2.54014 2.51067 2.47675 2.42340 2.25417 2.13113 3.69413
5.50000 30.00000 -0.64082 -0.32749 0.10369 0.32518 0.59847 0.96109 1.18900 1.48493 1.67372 1.89087 1.98617 2.08733 2.14245 2.20375 2.26294 2.32851 2.38204 2.42012 2.41750 2.38700 2.35303 2.30013 2.13414 2.01154 3.57921
5.50000 40.00000 -0.78257 -0.47056 -0.04117 0.17936 0.45140 0.81222 1.03882 1.33275 1.52006 1.73468 1.82826 1.92662 1.97954 2.03766 2.09191 2.14934 2.19692 2.22781 2.22246 2.19013 2.15602 2.10383 1.94306 1.82118 3.40375
5.50000 50.00000 -0.89418 -0.58337 -0.15567 0.06395 0.33485 0.69402 0.91944 1.21171 1.39776 1.61041 1.70266 1.79888 1.85013 1.90579 1.95624 2.00733 2.05021 2.07536 2.06779 2.03388 1.99950 1.94769 1.79055 1.66917 3.26772
5.50000 60.00000 -0.96701 -0.65737 -0.23128 -0.01251 0.25730 0.61495 0.83930 1.13007 1.31508 1.52604 1.61721 1.71167 1.76154 1.81518 1.86243 1.90817 1.94703 1.96712 1.95748 1.92192 1.88713 1.83541 1.68070 1.55969 3.17961
5.50000 70.00000 -1.00208 -0.69359 -0.26914 -0.05128 0.21735 0.57324 0.79624 1.08491 1.26817 1.47612 1.56516 1.65619 1.70336 1.75311 1.79446 1.83065 1.86271 1.87488 1.86238 1.82507 1.79024 1.73945 1.59052 1.47024 3.11063
5.50000 80.00000 -1.02429 -0.71692 -0.29396 -0.07692 0.19065 0.54503 0.76688 1.05390 1.23588 1.44173 1.52931 1.61798 1.66331 1.71040 1.74759 1.77697 1.80399 1.80998 1.79500 1.75574 1.72045 1.66973 1.52353 1.40365 3.06293
5.50000 90.00000 -1.04385 -0.73752 -0.31601 -0.09974 0.16682 0.51975 0.74057 1.02604 1.20686 1.41080 1.49710 1.58368 1.62736 1.67205 1.70553 1.72875 1.75123 1.75155 1.73425 1.69310 1.65727 1.60652 1.46243 1.34288 3.02434
5.50000 100.00000 -1.06132 -0.75598 -0.33588 -0.12037 0.14524 0.49678 0.71657 1.00058 1.18027 1.38239 1.46742 1.55199 1.59409 1.63648 1.66640 1.68377 1.70194 1.69700 1.67759 1.63479 1.59855 1.54786 1.40603 1.28681 2.98906
5.50000 110.00000 -1.07689 -0.77254 -0.35377 -0.13897 0.12569 0.47587 0.69470 0.97725 1.15586 1.35617 1.44000 1.52257 1.56313 1.60327 1.62970 1.64138 1.65540 1.64542 1.62403 1.57973 1.54311 1.49256 1.35300 1.23410 2.95861
5.50000 120.00000 -1.09130 -0.78788 -0.37040 -0.15630 0.10747 0.45634 0.67422 0.95539 1.13294 1.33153 1.41417 1.49486 1.53390 1.57185 1.59498 1.60123 1.61133 1.59665 1.57343 1.52779 1.49091 1.44055 1.30330 1.18470 2.93021
5.50000 130.00000 -1.11069 -0.80815 -0.39190 -0.17848 0.08444 0.43208 0.64904 0.92891 1.10548 1.30250 1.38404 1.46296 1.50066 1.53662 1.55671 1.55805 1.56468 1.54592 1.52118 1.47450 1.43751 1.38748 1.25265 1.13437 2.89954
5.50000 140.00000 -1.13054 -0.82887 -0.41380 -0.20101 0.06107 0.40751 0.62361 0.90220 1.07782 1.27328 1.35378 1.43099 1.46737 1.50141 1.51856 1.51519 1.51848 1.49585 1.46970 1.42213 1.38509 1.33540 1.20304 1.08507 2.86907
5.50000 150.00000 -1.14923 -0.84838 -0.43447 -0.22232 0.03893 0.38414 0.59935 0.87657 1.05112 1.24478 1.32407 1.39929 1.43411 1.46594 1.47975 1.47117 1.47087 1.44431 1.41686 1.36866 1.33177 1.28278 1.15364 1.03603 2.83775
5.50000 175.00000 -1.19538 -0.89646 -0.48526 -0.27458 -0.01527 0.32711 0.54015 0.81421 0.98627 1.17576 1.25217 1.32284 1.35408 1.38083 1.38701 1.36661 1.35836 1.32335 1.29334 1.24415 1.20792 1.16071 1.03944 0.92270 2.76210
5.50000 200.00000 -1.23497 -0.93781 -0.52908 -0.31977 -0.06225 0.27743 0.48847 0.75942 0.92901 1.11434 1.18788 1.25393 1.28163 1.30332 1.30205 1.27033 1.25467 1.21219 1.18008 1.13051 1.09518 1.05002 0.93667 0.82078 2.69049
5.50000 250.00000 -1.30001 -1.00589 -0.60150 -0.39464 -0.14039 0.19427 0.40139 0.66620 0.83078 1.00741 1.07491 1.13132 1.15168 1.16314 1.14701 1.09364 1.06468 1.01014 0.97564 0.92732 0.89491 0.85480 0.75830 0.64407 2.55837
5.50000 300.00000 -1.35473 -1.06305 -0.66228 -0.45745 -0.20605 0.12416 0.32771 0.58678 0.74655 0.91477 0.97640 1.02356 1.03696 1.03882 1.00911 0.93680 0.89689 0.83356 0.79807 0.75214 0.72290 0.68778 0.60630 0.49345 2.44521
5.50000 350.00000 -1.40502 -1.11528 -0.71743 -0.51436 -0.26538 0.06085 0.26114 0.51480 0.67000 0.83011 0.88612 0.92446 0.93131 0.92430 0.88232 0.79363 0.74489 0.67548 0.64005 0.59722 0.57125 0.54086 0.47257 0.36083 2.35327
5.50000 400.00000 -1.45001 -1.16176 -0.76626 -0.56469 -0.31785 0.00477 0.20197 0.45037 0.60099 0.75293 0.80329 0.83287 0.83330 0.81771 0.76422 0.66092 0.60489 0.53147 0.49690 0.45777 0.43514 0.40934 0.35288 0.24211 2.27004
5.50000 450.00000 -1.48675 -1.19958 -0.80594 -0.60558 -0.36062 -0.04132 0.15296 0.39624 0.54233 0.68608 0.73080 0.75170 0.74587 0.72203 0.65765 0.54099 0.47867 0.40218 0.36866 0.33301 0.31337 0.29159 0.24503 0.13500 2.18444
5.50000 500.00000 -1.52203 -1.23558 -0.84334 -0.64401 -0.40067 -0.08443 0.10703 0.34525 0.48678 0.62232 0.66139 0.67373 0.66179 0.63004 0.55554 0.42709 0.35969 0.28160 0.24961 0.21767 0.20097 0.18298 0.14514 0.03577 2.10511
5.50000 600.00000 -1.58440 -1.29846 -0.90811 -0.71048 -0.47017 -0.16025 0.02505 0.25166 0.38240 0.49825 0.52402 0.51677 0.49136 0.44290 0.34838 0.19983 0.12661 0.05223 0.02676 0.00567 -0.00365 -0.01310 -0.03348 -0.14173 1.96729
5.50000 700.00000 -1.64886 -1.36212 -0.97194 -0.77517 -0.53686 -0.23179 -0.05159 0.16514 0.28664 0.38580 0.40047 0.37721 0.34105 0.27960 0.17001 0.00713 -0.06996 -0.14195 -0.16344 -0.17814 -0.18325 -0.18788 -0.19883 -0.30652 1.84522
5.50000 800.00000 -1.71461 -1.42599 -1.03481 -0.83841 -0.60166 -0.30110 -0.12599 0.08047 0.19223 0.27396 0.27728 0.23810 0.19168 0.11823 -0.00430 -0.17764 -0.25601 -0.32321 -0.34023 -0.34866 -0.35001 -0.35056 -0.35434 -0.46164 1.73392
5.50000 1000.00000 -1.86016 -1.56468 -1.16792 -0.97067 -0.73526 -0.44176 -0.27572 -0.08824 0.00536 0.05512 0.03832 -0.02790 -0.09101 -0.18287 -0.32357 -0.50849 -0.58565 -0.64292 -0.65292 -0.65272 -0.64930 -0.64506 -0.64113 -0.74804 1.53595
5.50000 1200.00000 -1.97765 -1.67218 -1.26696 -1.06812 -0.83401 -0.54940 -0.39519 -0.23280 -0.16307 -0.15424 -0.19568 -0.29321 -0.37436 -0.48470 -0.64126 -0.83192 -0.90379 -0.94765 -0.95014 -0.94190 -0.93464 -0.92696 -0.91859 -1.02534 1.34178
5.50000 1500.00000 -2.17428 -1.84745 -1.42311 -1.21945 -0.98515 -0.71242 -0.57576 -0.45125 -0.41700 -0.46649 -0.54108 -0.67814 -0.78049 -0.91085 -1.08223 -1.27462 -1.33903 -1.36952 -1.36607 -1.35274 -1.34365 -1.33473 -1.32523 -1.43192 1.06963
6.00000 0.00000 0.77370 1.06900 1.47539 1.68342 1.93890 2.27382 2.47921 2.73859 2.89944 3.08069 3.16160 3.25205 3.30473 3.36657 3.42996 3.50472 3.56566 3.61357 3.61527 3.58842 3.55554 3.50269 3.33211 3.20881 4.95303
6.00000 1.00000 0.73960 1.03479 1.44102 1.64897 1.90439 2.23927 2.44467 2.70418 2.86523 3.04694 3.12820 3.21923 3.27238 3.33478 3.39905 3.47494 3.53645 3.58443 3.58569 3.55780 3.52401 3.46995 3.29564 3.17196 4.91394
6.00000 5.00000 0.57514 0.86983 1.27548 1.48315 1.73830 2.07297 2.27842 2.53846 2.70026 2.88379 2.96648 3.05988 3.11483 3.17985 3.24798 3.32996 3.39570 3.44824 3.45086 3.42330 3.38896 3.33358 3.15333 3.02888 4.75443
6.00000 10.00000 0.38695 0.68096 1.08568 1.29287 1.54740 1.88126 2.08616 2.34548 2.50686 2.68974 2.77201 2.86473 2.91915 2.98337 3.05028 3.13032 3.19474 3.24602 3.24848 3.22133 3.18762 3.13331 2.95694 2.83293 4.53866
6.00000 15.00000 0.22650 0.51984 0.92360 1.13029 1.38416 1.71712 1.92137 2.17976 2.34042 2.52210 2.60354 2.69486 2.74817 2.81078 2.87515 2.95101 3.01232 3.05987 3.06091 3.03289 2.99916 2.94532 2.77216 2.64857 4.34673
6.00000 20.00000 0.10260 0.39526 0.79808 1.00426 1.25749 1.58949 1.79305 2.05043 2.21026 2.39054 2.47100 2.56065 2.61267 2.67337 2.73480 2.80580 2.86357 2.90689 2.90638 2.87741 2.84370 2.79046 2.62099 2.49790 4.19722
6.00000 25.00000 0.00217 0.29414 0.69604 0.90169 1.15424 1.48522 1.68803 1.94422 2.10307 2.28157 2.36073 2.44828 2.49862 2.55688 2.61461 2.67957 2.73298 2.77122 2.76889 2.73892 2.70533 2.65289 2.48808 2.36560 4.06627
6.00000 30.00000 -0.08320 0.20813 0.60911 0.81428 1.06620 1.39626 1.59839 1.85358 2.01163 2.18875 2.26690 2.35281 2.40186 2.45825 2.51307 2.57330 2.62329 2.65750 2.65373 2.62289 2.58934 2.53746 2.37604 2.25402 3.95766
6.00000 40.00000 -0.21701 0.07308 0.47234 0.67657 0.92731 1.25569 1.45661 1.71005 1.86678 2.04164 2.11821 2.20148 2.24845 2.30181 2.35195 2.40442 2.44872 2.47610 2.46973 2.43711 2.40333 2.35205 2.19528 2.07386 3.79111
6.00000 50.00000 -0.32184 -0.03295 0.36467 0.56805 0.81766 1.14449 1.34432 1.59624 1.75182 1.92485 2.00011 2.08126 2.12652 2.17740 2.22370 2.26984 2.30952 2.33132 2.32283 2.28877 2.25485 2.20410 2.05112 1.93023 3.66216
6.00000 60.00000 -0.38854 -0.10077 0.29532 0.49784 0.74642 1.07179 1.27061 1.52116 1.67577 1.84722 1.92141 2.00075 2.04456 2.09332 2.13630 2.17695 2.21254 2.22934 2.21884 2.18327 2.14902 2.09845 1.94820 1.82769 3.57919
6.00000 70.00000 -0.42015 -0.13351 0.26099 0.46266 0.71009 1.03379 1.23134 1.47991 1.63292 1.80149 1.87359 1.94950 1.99062 2.03551 2.07260 2.10382 2.13276 2.14189 2.12869 2.09154 2.05737 2.00778 1.86334 1.74356 3.51351
6.00000 80.00000 -0.44009 -0.15451 0.23853 0.43941 0.68584 1.00809 1.20461 1.45171 1.60358 1.77022 1.84096 1.91462 1.95395 1.99624 2.02929 2.05390 2.07799 2.08118 2.06559 2.02657 1.99194 1.94244 1.80055 1.68115 3.46961
6.00000 90.00000 -0.45733 -0.17275 0.21888 0.41902 0.66448 0.98534 1.18089 1.42657 1.57740 1.74224 1.81172 1.88328 1.92094 1.96079 1.99010 2.00856 2.02814 2.02582 2.00802 1.96728 1.93221 1.88278 1.74323 1.62417 3.43326
6.00000 100.00000 -0.47249 -0.18889 0.20140 0.40079 0.64533 0.96489 1.15949 1.40385 1.55365 1.71679 1.78506 1.85462 1.89071 1.92827 1.95402 1.96670 1.98209 1.97470 1.95491 1.91267 1.87727 1.82799 1.69082 1.57209 3.40192
6.00000 110.00000 -0.48663 -0.20396 0.18502 0.38373 0.62737 0.94563 1.13931 1.38233 1.53113 1.69256 1.75961 1.82716 1.86166 1.89689 1.91911 1.92604 1.93731 1.92501 1.90334 1.85974 1.82409 1.77505 1.64039 1.52198 3.37348
6.00000 120.00000 -0.49924 -0.21748 0.17027 0.36831 0.61107 0.92809 1.12088 1.36262 1.51045 1.67021 1.73608 1.80170 1.83465 1.86766 1.88647 1.88792 1.89528 1.87840 1.85500 1.81020 1.77437 1.72563 1.59350 1.47543 3.34975
6.00000 130.00000 -0.51709 -0.23618 0.15038 0.34777 0.58970 0.90555 1.09749 1.33804 1.48493 1.64319 1.70798 1.77180 1.80335 1.83431 1.85002 1.84651 1.85039 1.82953 1.80470 1.75901 1.72316 1.67485 1.54536 1.42761 3.32137
6.00000 140.00000 -0.53548 -0.25540 0.13001 0.32678 0.56790 0.88259 1.07371 1.31306 1.45905 1.61578 1.67949 1.74153 1.77167 1.80061 1.81324 1.80489 1.80542 1.78081 1.75471 1.70833 1.67255 1.62478 1.49814 1.38072 3.29080
6.00000 150.00000 -0.55277 -0.27349 0.11079 0.30694 0.54727 0.86080 1.05105 1.28911 1.43414 1.58912 1.65161 1.71160 1.74017 1.76683 1.77606 1.76244 1.75940 1.73098 1.70368 1.65679 1.62125 1.57423 1.45093 1.33390 3.26164
6.00000 175.00000 -0.59418 -0.31676 0.06490 0.25960 0.49805 0.80882 0.99704 1.23208 1.37467 1.52552 1.58503 1.64018 1.66495 1.68623 1.68747 1.66168 1.65066 1.61404 1.58443 1.53701 1.50243 1.45756 1.34284 1.22672 3.19427
6.00000 200.00000 -0.63094 -0.35519 0.02406 0.21743 0.45413 0.76232 0.94862 1.18075 1.32104 1.46780 1.52439 1.57482 1.59593 1.61203 1.60564 1.56845 1.55013 1.50634 1.47487 1.42736 1.39385 1.35116 1.24459 1.12929 3.12885
6.00000 250.00000 -0.69314 -0.42033 -0.04529 0.14573 0.37927 0.68263 0.86525 1.09165 1.22724 1.36564 1.41627 1.45704 1.47078 1.47659 1.45545 1.39710 1.36605 1.31123 1.27793 1.23223 1.20191 1.16449 1.07476 0.96110 3.00762
6.00000 300.00000 -0.75152 -0.48104 -0.10940 0.07965 0.31053 0.60981 0.78924 1.01068 1.14217 1.27328 1.31875 1.35122 1.35867 1.35581 1.32245 1.24716 1.20643 1.14393 1.10981 1.06631 1.03885 1.00592 0.92960 0.81715 2.90553
6.00000 350.00000 -0.79668 -0.52805 -0.15930 0.02803 0.25649 0.55184 0.72804 0.94417 1.07110 1.19391 1.23348 1.25664 1.25718 1.24503 1.19896 1.10723 1.05802 0.99044 0.95705 0.91754 0.89384 0.86617 0.80387 0.69258 2.81844
6.00000 400.00000 -0.83967 -0.57251 -0.20605 -0.02017 0.20618 0.49800 0.67124 0.88234 1.00488 1.11971 1.15365 1.16804 1.16216 1.14149 1.08415 0.97845 0.92263 0.85199 0.81992 0.78451 0.76433 0.74134 0.69076 0.58040 2.74177
6.00000 450.00000 -0.87788 -0.61175 -0.24713 -0.06247 0.16204 0.45064 0.62106 0.82731 0.94555 1.05250 1.08094 1.08683 1.07482 1.04617 0.97849 0.86058 0.79940 0.72696 0.69648 0.66505 0.64805 0.62919 0.58842 0.47879 2.66304
6.00000 500.00000 -0.91633 -0.65086 -0.28763 -0.10397 0.11896 0.40463 0.57242 0.77402 0.88809 0.98742 1.01056 1.00843 0.99072 0.95478 0.87792 0.74977 0.68459 0.61168 0.58312 0.55563 0.54159 0.52642 0.49395 0.38489 2.59378
6.00000 600.00000 -0.97667 -0.71178 -0.35046 -0.16855 0.05130 0.33072 0.49248 0.68285 0.78650 0.86676 0.87694 0.85570 0.82498 0.77304 0.67742 0.53138 0.46189 0.39424 0.37260 0.35609 0.34928 0.34240 0.32638 0.21836 2.47081
6.00000 700.00000 -1.04288 -0.77729 -0.41636 -0.23540 -0.01765 0.25688 0.41365 0.59447 0.68924 0.75344 0.75293 0.71634 0.67544 0.61136 0.50213 0.34413 0.27233 0.20864 0.19146 0.18157 0.17892 0.17673 0.16955 0.06205 2.35621
6.00000 800.00000 -1.10171 -0.83451 -0.47298 -0.29264 -0.07674 0.19283 0.34420 0.51442 0.59920 0.64554 0.63344 0.58081 0.52968 0.45397 0.33273 0.16622 0.09467 0.03757 0.02551 0.02236 0.02363 0.02553 0.02520 -0.08195 2.25695
6.00000 1000.00000 -1.23419 -0.96098 -0.59507 -0.41452 -0.20079 0.06062 0.20227 0.35268 0.41885 0.43269 0.40035 0.32088 0.25360 0.16050 0.02305 -0.15174 -0.22007 -0.26558 -0.27033 -0.26498 -0.25923 -0.25297 -0.24661 -0.35346 2.07888
6.00000 1200.00000 -1.34795 -1.06594 -0.69308 -0.51160 -0.29988 -0.04791 0.08192 0.20802 0.25154 0.22720 0.17224 0.06464 -0.01843 -0.12706 -0.27681 -0.45381 -0.51585 -0.54850 -0.54670 -0.53477 -0.52608 -0.51731 -0.50788 -0.61461 1.89774
6.00000 1500.00000 -1.52798 -1.22750 -0.83903 -0.65437 -0.44419 -0.20581 -0.09415 -0.00558 0.00364 -0.07594 -0.16169 -0.30525 -0.40706 -0.53275 -0.69405 -0.87016 -0.92453 -0.94529 -0.93875 -0.92333 -0.91364 -0.90441 -0.89480 -1.00150 1.64852
6.50000 0.00000 1.13271 1.40239 1.77301 1.96146 2.19131 2.48797 2.66454 2.88226 3.01523 3.16552 3.23542 3.31774 3.36782 3.42796 3.49015 3.56362 3.62387 3.67150 3.67350 3.64755 3.61546 3.56376 3.39661 3.27371 5.10171
6.50000 1.00000 1.10395 1.37352 1.74401 1.93242 2.16222 2.45889 2.63551 2.85345 2.98669 3.13759 3.20795 3.29100 3.34167 3.40257 3.46589 3.54097 3.60213 3.65028 3.65204 3.62522 3.59231 3.53943 3.36855 3.24522 5.07093
6.50000 5.00000 0.97363 1.24277 1.61272 1.80087 2.03044 2.32698 2.50372 2.72222 2.85624 3.00892 3.08066 3.16596 3.21835 3.28168 3.34864 3.42933 3.49430 3.54632 3.54909 3.52217 3.48844 3.43400 3.25683 3.13274 4.96017
6.50000 10.00000 0.82444 1.09296 1.46205 1.64979 1.87881 2.17464 2.35092 2.56884 2.70249 2.85462 2.92597 3.01060 3.06245 3.12502 3.19073 3.26946 3.33310 3.38381 3.38634 3.35974 3.32659 3.27309 3.09953 2.97583 4.80432
6.50000 15.00000 0.68671 0.95461 1.32289 1.51019 1.73868 2.03378 2.20958 2.42691 2.56020 2.71169 2.78260 2.86647 2.91770 2.97932 3.04355 3.11972 3.18140 3.22957 3.23105 3.20357 3.17019 3.11675 2.94449 2.82099 4.65035
6.50000 20.00000 0.57500 0.84229 1.20974 1.39661 1.62454 1.91889 2.09417 2.31080 2.44356 2.59418 2.66442 2.74720 2.79753 2.85784 2.92002 2.99278 3.05189 3.09696 3.09718 3.06886 3.03538 2.98223 2.81229 2.68911 4.52230
6.50000 25.00000 0.48243 0.74912 1.11572 1.30214 1.52949 1.82299 1.99766 2.21339 2.34538 2.49463 2.56389 2.64495 2.69395 2.75231 2.81147 2.87928 2.93480 2.97561 2.97429 2.94505 2.91162 2.85908 2.69290 2.57022 4.40538
6.50000 30.00000 0.40395 0.67006 1.03586 1.22182 1.44862 1.74133 1.91544 2.13035 2.26170 2.40978 2.47816 2.55777 2.60561 2.66227 2.71882 2.78233 2.83474 2.87184 2.86916 2.83909 2.80566 2.75363 2.59053 2.46827 4.30662
6.50000 40.00000 0.27769 0.54267 0.90691 1.09205 1.31779 1.60909 1.78220 1.99571 2.12600 2.27222 2.33925 2.41657 2.46258 2.51656 2.56891 2.62548 2.67275 2.70359 2.69848 2.66669 2.63302 2.58144 2.42249 2.30079 4.14948
6.50000 50.00000 0.17924 0.44316 0.80593 0.99028 1.21505 1.50495 1.67714 1.88937 2.01871 2.16329 2.22910 2.30440 2.34872 2.40032 2.44895 2.49939 2.54222 2.56777 2.56069 2.52769 2.49401 2.44310 2.28841 2.16724 4.02724
6.50000 60.00000 0.11834 0.38122 0.74260 0.92621 1.15004 1.43867 1.60999 1.82104 1.94952 2.09264 2.15737 2.23084 2.27374 2.32312 2.36838 2.41325 2.45196 2.47246 2.46343 2.42902 2.39510 2.34454 2.19296 2.07220 3.94954
6.50000 70.00000 0.08914 0.35100 0.71095 0.89378 1.11660 1.40376 1.57398 1.78334 1.91041 2.05091 2.11370 2.18391 2.22422 2.26991 2.30950 2.34527 2.37751 2.39052 2.37881 2.34278 2.30889 2.25929 2.11335 1.99335 3.88862
6.50000 80.00000 0.07120 0.33211 0.69075 0.87286 1.09478 1.38069 1.54999 1.75809 1.88417 2.02291 2.08438 2.15238 2.19092 2.23402 2.26962 2.29883 2.32623 2.33337 2.31931 2.28149 2.24716 2.19770 2.05451 1.93490 3.84757
6.50000 90.00000 0.05591 0.31591 0.67327 0.85472 1.07578 1.36045 1.52896 1.73586 1.86102 1.99814 2.05841 2.12438 2.16129 2.20201 2.23395 2.25711 2.28011 2.28183 2.26562 2.22609 2.19138 2.14202 2.00132 1.88206 3.81569
6.50000 100.00000 0.04216 0.30130 0.65746 0.83825 1.05849 1.34202 1.50970 1.71546 1.83975 1.97529 2.03441 2.09841 2.13375 2.17218 2.20057 2.21798 2.23683 2.23351 2.21531 2.17436 2.13937 2.09021 1.95206 1.83316 3.78658
6.50000 110.00000 0.02940 0.28769 0.64269 0.82285 1.04229 1.32469 1.49156 1.69619 1.81958 1.95352 2.01145 2.07344 2.10718 2.14329 2.16811 2.17978 2.19445 2.18623 2.16616 2.12388 2.08866 2.03980 1.90436 1.78579 3.76327
6.50000 120.00000 0.01758 0.27508 0.62894 0.80852 1.02717 1.30848 1.47457 1.67809 1.80063 1.93303 1.98981 2.04986 2.08205 2.11592 2.13731 2.14346 2.15422 2.14141 2.11964 2.07619 2.04084 1.99234 1.85960 1.74138 3.74150
6.50000 130.00000 0.00081 0.25751 0.61033 0.78932 1.00724 1.28750 1.45286 1.65531 1.77701 1.90793 1.96361 2.02182 2.05254 2.08428 2.10245 2.10350 2.11072 2.09393 2.07080 2.02662 1.99135 1.94344 1.81383 1.69598 3.71342
6.50000 140.00000 -0.01657 0.23938 0.59119 0.76961 0.98680 1.26606 1.43068 1.63210 1.75300 1.88245 1.93704 1.99343 2.02271 2.05236 2.06739 2.06349 2.06732 2.04678 2.02242 1.97763 1.94253 1.89527 1.76880 1.65132 3.68534
6.50000 150.00000 -0.03190 0.22336 0.57412 0.75200 0.96847 1.24667 1.41053 1.61080 1.73075 1.85846 1.91176 1.96600 1.99360 2.02084 2.03228 2.02286 2.02300 1.99860 1.97308 1.92794 1.89321 1.84689 1.72431 1.60725 3.66165
6.50000 175.00000 -0.06995 0.18364 0.53205 0.70862 0.92340 1.19912 1.36117 1.55868 1.67638 1.79997 1.85021 1.89937 1.92299 1.94459 1.94769 1.92565 1.91760 1.88501 1.85734 1.81202 1.77851 1.73471 1.62173 1.50569 3.60106
6.50000 200.00000 -0.10549 0.14660 0.49288 0.66826 0.88150 1.15494 1.31530 1.51025 1.62584 1.74554 1.79290 1.83728 1.85719 1.87355 1.86894 1.83545 1.82008 1.78040 1.75096 1.70568 1.67337 1.63193 1.52746 1.41231 3.54193
6.50000 250.00000 -0.17303 0.07652 0.41913 0.59248 0.80298 1.07236 1.22968 1.41999 1.53173 1.64432 1.68642 1.72218 1.73543 1.74245 1.72442 1.67163 1.64457 1.59463 1.56339 1.51971 1.49030 1.45371 1.36502 1.25139 3.43174
6.50000 300.00000 -0.23012 0.01741 0.35703 0.52864 0.73678 1.00256 1.15708 1.34296 1.45098 1.55661 1.59362 1.62103 1.62796 1.62627 1.59599 1.52633 1.48974 1.43252 1.40077 1.35974 1.33349 1.30172 1.22727 1.11494 3.33719
6.50000 350.00000 -0.27388 -0.02795 0.30916 0.47923 0.68523 0.94748 1.09912 1.28018 1.38393 1.48149 1.51263 1.53069 1.53068 1.51963 1.47665 1.39068 1.34582 1.28396 1.25323 1.21661 1.19437 1.16819 1.10838 0.99724 3.25657
6.50000 400.00000 -0.31291 -0.06820 0.26686 0.43563 0.63969 0.89866 1.04752 1.22376 1.32316 1.41249 1.43773 1.44654 1.43974 1.41975 1.36507 1.26484 1.21353 1.14932 1.12049 1.08873 1.07051 1.04954 1.00252 0.89237 3.18347
6.50000 450.00000 -0.35478 -0.11092 0.22261 0.39032 0.59279 0.84892 0.99530 1.16725 1.26275 1.34478 1.36479 1.36551 1.35291 1.32540 1.26103 1.14966 1.09375 1.02857 1.00166 0.97416 0.95922 0.94245 0.90520 0.79577 3.11422
6.50000 500.00000 -0.39389 -0.15052 0.18184 0.34866 0.54969 0.80315 0.94711 1.11472 1.20624 1.28082 1.29554 1.28826 1.27000 1.23527 1.16197 1.04097 0.98160 0.91676 0.89215 0.86899 0.85721 0.84429 0.81555 0.70671 3.05001
6.50000 600.00000 -0.45210 -0.20906 0.12164 0.28688 0.48505 0.73266 0.87094 1.02787 1.10935 1.16522 1.16713 1.14096 1.10987 1.05955 0.96820 0.83061 0.76787 0.70927 0.69192 0.67992 0.67538 0.67069 0.65803 0.55017 2.93955
6.50000 700.00000 -0.51973 -0.27592 0.05451 0.21886 0.41502 0.65790 0.79134 0.93900 1.01177 1.05169 1.04297 1.00160 0.96056 0.89855 0.79453 0.64675 0.58301 0.52995 0.51764 0.51274 0.51254 0.51262 0.50865 0.40129 2.83036
6.50000 800.00000 -0.57168 -0.32636 0.00451 0.16813 0.36230 0.59999 0.72787 0.86457 0.92700 0.94835 0.92761 0.86975 0.81838 0.74485 0.62936 0.47446 0.41210 0.36692 0.36022 0.36239 0.36619 0.37032 0.37296 0.26594 2.74150
6.50000 1000.00000 -0.69164 -0.44091 -0.10651 0.05686 0.24827 0.47703 0.59463 0.71074 0.75391 0.74193 0.70063 0.61610 0.54906 0.45933 0.32985 0.17033 0.11350 0.08197 0.08305 0.09381 0.10188 0.11005 0.11855 0.01178 2.58001
6.50000 1200.00000 -0.80150 -0.54301 -0.20292 -0.03919 0.14963 0.36848 0.47425 0.56663 0.58803 0.53987 0.47761 0.36758 0.28674 0.18397 0.04521 -0.11372 -0.16371 -0.18334 -0.17674 -0.16092 -0.15078 -0.14098 -0.13064 -0.23733 2.40995
6.50000 1500.00000 -0.96363 -0.68951 -0.33724 -0.17186 0.01372 0.21724 0.30417 0.35902 0.34693 0.24610 0.15521 0.01275 -0.08432 -0.20108 -0.34797 -0.50328 -0.54538 -0.55451 -0.54440 -0.52661 -0.51629 -0.50676 -0.49710 -0.60380 2.18046
7.00000 0.00000 1.44986 1.69202 2.02394 2.19124 2.39360 2.65047 2.79864 2.97873 3.08938 3.21864 3.28268 3.36205 3.41201 3.47295 3.53691 3.61346 3.67607 3.72674 3.73009 3.70537 3.67374 3.62233 3.45474 3.33167 5.26198
7.00000 1.00000 1.42371 1.66578 1.99760 2.16486 2.36719 2.62411 2.77237 2.95274 3.06371 3.19365 3.25817 3.33836 3.38898 3.45081 3.51607 3.59452 3.65832 3.70996 3.71332 3.68805 3.65577 3.60334 3.43236 3.30891 5.23601
7.00000 5.00000 1.31624 1.55794 1.88932 2.05638 2.25854 2.51539 2.66376 2.84467 2.95634 3.08783 3.15354 3.23564 3.28771 3.35156 3.41985 3.50306 3.57005 3.62499 3.62920 3.60388 3.57096 3.51724 3.34099 3.21689 5.15408
7.00000 10.00000 1.18839 1.42959 1.76031 1.92705 2.12883 2.38524 2.53344 2.71428 2.82602 2.95780 3.02371 3.10612 3.15839 3.22253 3.29120 3.37490 3.44221 3.49744 3.50172 3.47641 3.44347 3.38973 3.21333 3.08920 5.03590
7.00000 15.00000 1.07117 1.31184 1.64189 1.80827 2.00964 2.26552 2.41341 2.59385 2.70539 2.83680 2.90242 2.98433 3.03617 3.09964 3.16721 3.24899 3.31479 3.36789 3.37117 3.34492 3.31164 3.25772 3.08178 2.95775 4.90899
7.00000 20.00000 0.97278 1.21297 1.54231 1.70836 1.90929 2.16459 2.31212 2.49209 2.60329 2.73411 2.79930 2.88040 2.93158 2.99408 3.06010 3.13926 3.20300 3.25356 3.25579 3.22869 3.19519 3.14138 2.96699 2.84318 4.80115
7.00000 25.00000 0.88964 1.12931 1.45796 1.62363 1.82410 2.07877 2.22584 2.40518 2.51587 2.64570 2.71013 2.78994 2.84008 2.90105 2.96470 3.03993 3.10079 3.14781 3.14872 3.12079 3.08730 3.03393 2.86257 2.73917 4.70261
7.00000 30.00000 0.82120 1.06038 1.38835 1.55365 1.75367 2.00768 2.15430 2.33299 2.44309 2.57188 2.63549 2.71390 2.76294 2.82228 2.88342 2.95448 3.01229 3.05565 3.05519 3.02640 2.99291 2.94002 2.77179 2.64880 4.62089
7.00000 40.00000 0.70702 0.94526 1.27194 1.43658 1.63571 1.88857 2.03440 2.21197 2.32124 2.44839 2.51073 2.58703 2.63432 2.69111 2.74827 2.81272 2.86565 2.90306 2.90031 2.86998 2.83633 2.78405 2.62029 2.49792 4.48310
7.00000 50.00000 0.61929 0.85661 1.18206 1.34602 1.54435 1.79610 1.94115 2.11766 2.22607 2.35165 2.41276 2.48694 2.53253 2.58684 2.64013 2.69823 2.74652 2.77839 2.77360 2.74200 2.70836 2.65682 2.49773 2.37596 4.37642
7.00000 60.00000 0.56413 0.80058 1.12485 1.28820 1.48573 1.73644 1.88078 2.05629 2.16392 2.28803 2.34801 2.42026 2.46428 2.51627 2.56597 2.61821 2.66218 2.68891 2.68219 2.64934 2.61566 2.56473 2.40967 2.28843 4.30533
7.00000 70.00000 0.53738 0.77298 1.09606 1.25876 1.45545 1.70494 1.84838 2.02247 2.12887 2.25057 2.30875 2.37785 2.41940 2.46781 2.51204 2.55542 2.59307 2.61240 2.60302 2.56859 2.53494 2.48496 2.33573 2.21523 4.24874
7.00000 80.00000 0.52124 0.75606 1.07803 1.24015 1.43612 1.68457 1.82730 2.00038 2.10594 2.22604 2.28296 2.34996 2.38981 2.43571 2.47609 2.51310 2.54606 2.55966 2.54799 2.51182 2.47781 2.42803 2.28173 2.16170 4.21359
7.00000 90.00000 0.50762 0.74168 1.06262 1.22417 1.41942 1.66690 1.80894 1.98101 2.08575 2.20428 2.26002 2.32490 2.36306 2.40653 2.44313 2.47398 2.50247 2.51067 2.49690 2.45925 2.42498 2.37553 2.23238 2.11273 4.18329
7.00000 100.00000 0.49490 0.72823 1.04816 1.20919 1.40377 1.65030 1.79169 1.96282 2.06679 2.18386 2.23843 2.30137 2.33796 2.37914 2.41223 2.43735 2.46167 2.46488 2.44921 2.41020 2.37574 2.32662 2.18636 2.06711 4.15624
7.00000 110.00000 0.48256 0.71520 1.03418 1.19469 1.38863 1.63422 1.77497 1.94514 2.04832 2.16385 2.21725 2.27817 2.31314 2.35199 2.38146 2.40077 2.42093 2.41923 2.40174 2.36149 2.32690 2.27817 2.14102 2.02216 4.13472
7.00000 120.00000 0.47084 0.70280 1.02086 1.18086 1.37417 1.61886 1.75897 1.92820 2.03059 2.14460 2.19682 2.25575 2.28910 2.32561 2.35154 2.36519 2.38137 2.37509 2.35594 2.31472 2.28011 2.23196 2.09810 1.97965 4.11213
7.00000 130.00000 0.45466 0.68601 1.00318 1.16271 1.35541 1.59925 1.73876 1.90711 2.00878 2.12138 2.17251 2.22957 2.26144 2.29580 2.31850 2.32702 2.33966 2.32939 2.30892 2.26702 2.23257 2.18509 2.05466 1.93661 4.08646
7.00000 140.00000 0.43762 0.66836 0.98469 1.14377 1.33589 1.57893 1.71786 1.88538 1.98636 2.09764 2.14773 2.20304 2.23352 2.26585 2.28550 2.28921 2.29848 2.28453 2.26283 2.22032 2.18606 2.13926 2.01205 1.89438 4.06074
7.00000 150.00000 0.42284 0.65298 0.96848 1.12711 1.31862 1.56081 1.69911 1.86564 1.96578 2.07539 2.12421 2.17736 2.20615 2.23609 2.25207 2.25022 2.25582 2.23799 2.21515 2.17238 2.13853 2.09276 1.96973 1.85251 4.03937
7.00000 175.00000 0.38456 0.61337 0.92697 1.08454 1.27469 1.51488 1.65171 1.81597 1.91414 2.01992 2.06580 2.11400 2.13891 2.16329 2.17113 2.15688 2.15438 2.12849 2.10356 2.06067 2.02812 1.98497 1.87187 1.75572 3.98336
7.00000 200.00000 0.34736 0.57496 0.88687 1.04350 1.23243 1.47085 1.60637 1.76862 1.86507 1.96746 2.01074 2.05457 2.07605 2.09557 2.09626 2.07130 2.06192 2.02927 2.00262 1.95975 1.92832 1.88744 1.78267 1.66738 3.92832
7.00000 250.00000 0.27978 0.50543 0.81443 0.96942 1.15617 1.39134 1.52441 1.68278 1.77585 1.87160 1.90979 1.94515 1.96008 1.97043 1.95793 1.91400 1.89318 1.85065 1.82245 1.78153 1.75327 1.71759 1.62957 1.51589 3.82563
7.00000 300.00000 0.22924 0.45329 0.75994 0.91353 1.09834 1.33046 1.46107 1.61542 1.70480 1.79328 1.82599 1.85240 1.86054 1.86156 1.83602 1.77434 1.74366 1.69402 1.66575 1.62829 1.60383 1.57376 1.50190 1.38968 3.74427
7.00000 350.00000 0.18598 0.40889 0.71360 0.86597 1.04902 1.27819 1.40635 1.55637 1.64173 1.72228 1.74911 1.76609 1.76722 1.75884 1.72059 1.64269 1.60396 1.55013 1.52320 1.49058 1.47041 1.44621 1.38968 1.27871 3.67048
7.00000 400.00000 0.14630 0.36834 0.67155 0.82290 1.00439 1.23085 1.35664 1.50238 1.58373 1.65642 1.67747 1.68538 1.67990 1.66285 1.61325 1.52180 1.47710 1.42154 1.39679 1.36935 1.35331 1.33451 1.29096 1.18102 3.60513
7.00000 450.00000 0.10398 0.32552 0.62760 0.77814 0.95831 1.18233 1.30592 1.44771 1.52526 1.59061 1.60636 1.60602 1.59463 1.56995 1.51070 1.40836 1.35938 1.30352 1.28105 1.25833 1.24584 1.23147 1.19811 1.08891 3.54094
7.00000 500.00000 0.06600 0.28732 0.58855 0.73838 0.91735 1.13900 1.26036 1.39796 1.47158 1.52924 1.53953 1.53087 1.51368 1.48166 1.41350 1.30188 1.24997 1.19532 1.17566 1.15787 1.14885 1.13864 1.11425 1.00565 3.48108
7.00000 600.00000 0.00629 0.22768 0.52785 0.67641 0.85293 1.06934 1.18547 1.31298 1.37689 1.41610 1.41369 1.38639 1.35663 1.30944 1.22399 1.09704 1.04257 0.99489 0.98260 0.97588 0.97394 0.97172 0.96271 0.85505 3.37805
7.00000 700.00000 -0.05824 0.16414 0.46433 0.61211 0.78678 0.99869 1.11012 1.22840 1.28345 1.30627 1.29288 1.25008 1.21029 1.15152 1.05382 0.91775 0.86314 0.82195 0.81503 0.81561 0.81804 0.82051 0.81987 0.71266 3.27680
7.00000 800.00000 -0.10823 0.11571 0.41635 0.56345 0.73614 0.94289 1.04872 1.15592 1.20040 1.20428 1.17874 1.11951 1.06962 0.99989 0.89185 0.75066 0.69873 0.66671 0.66575 0.67352 0.67985 0.68623 0.69171 0.58479 3.19183
7.00000 1000.00000 -0.22114 0.00777 0.31135 0.45787 0.62741 0.82466 0.91975 1.00561 1.03022 0.99996 0.95374 0.86831 0.80356 0.71911 0.59956 0.45738 0.41295 0.39591 0.40279 0.41874 0.42893 0.43878 0.44905 0.34235 3.04702
7.00000 1200.00000 -0.31865 -0.08309 0.22479 0.37097 0.53715 0.72348 0.80616 0.86760 0.87014 0.80394 0.73737 0.62798 0.55077 0.45518 0.32880 0.18963 0.15256 0.14664 0.15812 0.17781 0.18929 0.20003 0.21111 0.10442 2.88902
7.00000 1500.00000 -0.46140 -0.21320 0.10327 0.24941 0.41046 0.57927 0.64195 0.66500 0.63416 0.51700 0.42371 0.28527 0.19431 0.08778 -0.04342 -0.17653 -0.20571 -0.20294 -0.18932 -0.16934 -0.15849 -0.14879 -0.13922 -0.24592 2.67804
7.50000 0.00000 1.72075 1.93516 2.22809 2.37419 2.54938 2.76815 2.89054 3.03903 3.13278 3.24809 3.30887 3.38714 3.43738 3.49914 3.56458 3.64359 3.70803 3.76108 3.76543 3.74160 3.71028 3.65899 3.49074 3.36756 5.40112
7.50000 1.00000 1.69642 1.91077 2.20364 2.34974 2.52492 2.74375 2.86625 3.01502 3.10908 3.22506 3.28636 3.36541 3.41627 3.47890 3.54561 3.62655 3.69225 3.74642 3.75092 3.72673 3.69490 3.64278 3.47156 3.34804 5.37826
7.50000 5.00000 1.60609 1.82016 2.11270 2.25865 2.43370 2.65253 2.77517 2.92443 3.01908 3.13631 3.19853 3.27906 3.33107 3.39527 3.46433 3.54894 3.61713 3.67389 3.67908 3.65489 3.62261 3.56955 3.39440 3.27038 5.31559
7.50000 10.00000 1.49223 1.70592 1.99800 2.14376 2.31862 2.53729 2.66000 2.80957 2.90467 3.02284 3.08576 3.16738 3.22019 3.28553 3.35625 3.44342 3.51331 3.57172 3.57727 3.55289 3.52014 3.46625 3.28794 3.16350 5.22205
7.50000 15.00000 1.39266 1.60598 1.89758 2.04308 2.21767 2.43606 2.55863 2.70814 2.80329 2.92156 2.98452 3.06617 3.11897 3.18425 3.25480 3.34157 3.41100 3.46858 3.47359 3.44854 3.41540 3.36113 3.18200 3.05749 5.12344
7.50000 20.00000 1.30862 1.52155 1.81264 1.95789 2.13216 2.35015 2.47249 2.62174 2.71667 2.83455 2.89717 2.97820 3.03048 3.09499 3.16431 3.24895 3.31672 3.37211 3.37618 3.35032 3.31697 3.26269 3.08471 2.96037 5.03701
7.50000 25.00000 1.23734 1.44991 1.74049 1.88547 2.05943 2.27700 2.39907 2.54791 2.64255 2.75981 2.82193 2.90206 2.95362 3.01705 3.08466 3.16641 3.23200 3.28460 3.28754 3.26082 3.22727 3.17315 2.99696 2.87288 4.96065
7.50000 30.00000 1.17579 1.38799 1.67805 1.82276 1.99639 2.21352 2.33530 2.48371 2.57799 2.69451 2.75603 2.83513 2.88584 2.94804 3.01372 3.09223 3.15540 3.20502 3.20680 3.17931 3.14572 3.09192 2.91815 2.79440 4.89194
7.50000 40.00000 1.07420 1.28566 1.57474 1.71894 1.89194 2.10823 2.22942 2.37702 2.47058 2.58568 2.64604 2.72314 2.77223 2.83203 2.89398 2.96632 3.02496 3.06914 3.06889 3.04019 3.00667 2.95373 2.78511 2.66204 4.77841
7.50000 50.00000 0.99771 1.20848 1.49663 1.64035 1.81272 2.02816 2.14876 2.29551 2.38829 2.50181 2.56094 2.63588 2.68322 2.74046 2.79846 2.86429 2.91816 2.95668 2.95437 2.92446 2.89105 2.83902 2.67570 2.55333 4.69178
7.50000 60.00000 0.94775 1.15786 1.44513 1.58837 1.76015 1.97481 2.09487 2.24081 2.33292 2.44501 2.50299 2.57596 2.62169 2.67657 2.73093 2.79077 2.84030 2.87366 2.86948 2.83847 2.80514 2.75391 2.59532 2.47355 4.62769
7.50000 70.00000 0.92432 1.13379 1.42014 1.56290 1.73407 1.94782 2.06718 2.21199 2.30306 2.41298 2.46925 2.53930 2.58272 2.63426 2.68345 2.73491 2.77841 2.80467 2.79791 2.76537 2.73209 2.68182 2.52909 2.40810 4.57943
7.50000 80.00000 0.90949 1.11836 1.40392 1.54622 1.71686 1.92984 2.04868 2.19268 2.28302 2.39147 2.44655 2.51454 2.55628 2.60536 2.65078 2.69603 2.73491 2.75554 2.74657 2.71237 2.67878 2.62881 2.47933 2.35877 4.54772
7.50000 90.00000 0.89703 1.10534 1.39010 1.53203 1.70213 1.91438 2.03270 2.17591 2.26553 2.37252 2.42641 2.49234 2.53242 2.57911 2.62082 2.65998 2.69445 2.70973 2.69869 2.66306 2.62927 2.57969 2.43360 2.31348 4.52061
7.50000 100.00000 0.88570 1.09347 1.37750 1.51902 1.68863 1.90019 2.01801 2.16046 2.24940 2.35495 2.40770 2.47164 2.51014 2.55450 2.59266 2.62602 2.65630 2.66661 2.65370 2.61683 2.58293 2.53383 2.39112 2.27147 4.49576
7.50000 110.00000 0.87341 1.08067 1.36399 1.50514 1.67424 1.88512 2.00243 2.14409 2.23231 2.33635 2.38792 2.44979 2.48665 2.52861 2.56311 2.59058 2.61665 2.62202 2.60732 2.56930 2.53537 2.48682 2.34769 2.22849 4.47415
7.50000 120.00000 0.86197 1.06875 1.35140 1.49217 1.66080 1.87102 1.98786 2.12875 2.21627 2.31886 2.36928 2.42915 2.46441 2.50405 2.53502 2.55685 2.57894 2.57971 2.56337 2.52442 2.49051 2.44258 2.30701 2.18822 4.45400
7.50000 130.00000 0.84586 1.05219 1.33422 1.47462 1.64284 1.85244 1.96885 2.10905 2.19597 2.29729 2.34665 2.40476 2.43862 2.47619 2.50406 2.52094 2.53956 2.53645 2.51879 2.47916 2.44544 2.39821 2.26611 2.14775 4.43108
7.50000 140.00000 0.82919 1.03507 1.31648 1.45657 1.62437 1.83339 1.94935 2.08890 2.17519 2.27522 2.32355 2.37989 2.41233 2.44788 2.47264 2.48466 2.49994 2.49314 2.47429 2.43415 2.40064 2.35417 2.22562 2.10766 4.40805
7.50000 150.00000 0.81358 1.01905 1.29986 1.43963 1.60698 1.81537 1.93086 2.06960 2.15515 2.25362 2.30072 2.35497 2.38578 2.41897 2.44022 2.44683 2.45851 2.44796 2.42806 2.38772 2.35472 2.30936 2.18526 2.06781 4.38867
7.50000 175.00000 0.77523 0.97975 1.25922 1.39824 1.56460 1.77154 1.88593 2.02285 2.10671 2.20161 2.24590 2.29538 2.32239 2.35024 2.36353 2.35805 2.36172 2.34310 2.32104 2.28055 2.24881 2.20607 2.09201 1.97564 4.33820
7.50000 200.00000 0.73619 0.93990 1.21820 1.35656 1.52209 1.72777 1.84122 1.97663 2.05905 2.15095 2.19285 2.23826 2.26206 2.28537 2.29199 2.27639 2.27358 2.24855 2.22489 2.18446 2.15388 2.11343 2.00782 1.89233 4.28785
7.50000 250.00000 0.67260 0.87499 1.15132 1.28854 1.45248 1.65572 1.76723 1.89928 1.97849 2.06366 2.10030 2.13693 2.15396 2.16778 2.16076 2.12569 2.11118 2.07633 2.05139 2.01354 1.98662 1.95206 1.86507 1.75139 4.19598
7.50000 300.00000 0.62507 0.82651 1.10127 1.23751 1.40002 1.60091 1.71039 1.83879 1.91440 1.99213 2.02305 2.05032 2.06028 2.06440 2.04388 1.99051 1.96595 1.92414 1.89941 1.86562 1.84293 1.81455 1.74523 1.63314 4.12341
7.50000 350.00000 0.58105 0.78183 1.05539 1.19081 1.35206 1.55071 1.65819 1.78286 1.85477 1.92487 1.95005 1.96810 1.97121 1.96618 1.93333 1.86433 1.83213 1.78667 1.76355 1.73487 1.71665 1.69433 1.64070 1.52991 4.05687
7.50000 400.00000 0.54201 0.74242 1.01508 1.14980 1.30993 1.50638 1.61183 1.73258 1.80059 1.86279 1.88211 1.89095 1.88737 1.87359 1.82937 1.74694 1.70900 1.66226 1.64160 1.61850 1.60468 1.58799 1.54790 1.43812 3.99640
7.50000 450.00000 0.50134 0.70162 0.97370 1.10786 1.26699 1.46143 1.56492 1.68185 1.74607 1.80063 1.81440 1.81466 1.80496 1.78336 1.72934 1.63615 1.59427 1.54793 1.53004 1.51222 1.50227 1.49037 1.46107 1.35208 3.93551
7.50000 500.00000 0.46400 0.66438 0.93608 1.06976 1.22797 1.42039 1.52184 1.63476 1.69496 1.74161 1.74971 1.74140 1.72576 1.69671 1.63377 1.53157 1.48711 1.44261 1.42784 1.41530 1.40896 1.40138 1.38118 1.27282 3.87903
7.50000 600.00000 0.40413 0.60509 0.87637 1.00913 1.16531 1.35305 1.44957 1.55261 1.60300 1.63086 1.62602 1.59884 1.57061 1.52653 1.44677 1.33033 1.28413 1.24753 1.24041 1.23907 1.23981 1.24011 1.23483 1.12734 3.78262
7.50000 700.00000 0.34333 0.54559 0.81721 0.94937 1.10391 1.28733 1.37920 1.47279 1.51404 1.52476 1.50854 1.46550 1.42716 1.37162 1.28018 1.15590 1.11057 1.08152 1.08012 1.08627 1.09135 1.09623 1.09889 0.99182 3.68856
7.50000 800.00000 0.29628 0.50014 0.77230 0.90377 1.05631 1.23447 1.32058 1.40262 1.43275 1.42366 1.39489 1.33520 1.28690 1.22087 1.12007 0.99244 0.95091 0.93198 0.93669 0.94994 0.95873 0.96724 0.97532 0.86850 3.60682
7.50000 1000.00000 0.19163 0.40001 0.67448 0.80505 0.95399 1.12189 1.19658 1.25608 1.26534 1.22087 1.17115 1.08565 1.02323 0.94384 0.83378 0.70812 0.67534 0.67164 0.68369 0.70406 0.71603 0.72723 0.73878 0.63210 3.47792
7.50000 1200.00000 0.10667 0.32050 0.59775 0.72723 0.87191 1.02773 1.08919 1.12322 1.10989 1.02953 0.96015 0.85239 0.77897 0.69045 0.57601 0.45553 0.43039 0.43664 0.45221 0.47491 0.48739 0.49867 0.51007 0.40339 3.33177
7.50000 1500.00000 -0.01703 0.20624 0.48818 0.61579 0.75321 0.88896 0.92899 0.92330 0.87649 0.74680 0.65265 0.51929 0.43463 0.33812 0.22189 0.10930 0.09155 0.10419 0.12040 0.14169 0.15268 0.16226 0.17149 0.06477 3.13858
7.80000 0.00000 1.85171 2.05010 2.32061 2.45464 2.61454 2.81252 2.92145 3.05448 3.14070 3.25063 3.31055 3.38901 3.43979 3.50247 3.56931 3.65059 3.71664 3.77148 3.77643 3.75285 3.72141 3.66972 3.49951 3.37609 5.47296
7.80000 1.00000 1.82824 2.02658 2.29707 2.43107 2.59099 2.78904 2.89810 3.03141 3.11793 3.22850 3.28889 3.36810 3.41948 3.48299 3.55104 3.63414 3.70138 3.75727 3.76233 3.73838 3.70642 3.65390 3.48073 3.35693 5.44971
7.80000 5.00000 1.74347 1.94159 2.21182 2.34574 2.50561 2.70375 2.81299 2.94687 3.03403 3.14593 3.20732 3.28810 3.34067 3.40583 3.47640 3.56344 3.63336 3.69209 3.69791 3.67399 3.64154 3.58800 3.41055 3.28621 5.39240
7.80000 10.00000 1.64173 1.83956 2.10945 2.24324 2.40298 2.60107 2.71042 2.84468 2.93231 3.04517 3.10725 3.18911 3.24252 3.30883 3.38106 3.47071 3.54241 3.60292 3.60919 3.58519 3.55234 3.49808 3.31750 3.19276 5.31612
7.80000 15.00000 1.55072 1.74826 2.01778 2.15140 2.31095 2.50888 2.61823 2.75261 2.84041 2.95363 3.01593 3.09811 3.15172 3.21830 3.29088 3.38097 3.45282 3.51316 3.51911 3.49447 3.46116 3.40628 3.22397 3.09901 5.23272
7.80000 20.00000 1.47393 1.67118 1.94031 2.07373 2.23306 2.43073 2.53995 2.67417 2.76191 2.87490 2.93701 3.01881 3.07208 3.13815 3.20989 3.29851 3.36916 3.42786 3.43305 3.40770 3.37416 3.31915 3.13736 3.01251 5.15912
7.80000 25.00000 1.40833 1.60529 1.87401 2.00725 2.16633 2.36371 2.47273 2.60672 2.69423 2.80679 2.86852 2.94962 3.00232 3.06753 3.13793 3.22420 3.29308 3.34948 3.35369 3.32760 3.29387 3.23896 3.05861 2.93396 5.09272
7.80000 30.00000 1.35261 1.54924 1.81758 1.95061 2.10944 2.30648 2.41528 2.54894 2.63618 2.74810 2.80930 2.88949 2.94144 3.00554 3.07421 3.15759 3.22428 3.27800 3.28119 3.25442 3.22067 3.16612 2.98814 2.86382 5.03420
7.80000 40.00000 1.25726 1.45331 1.72089 1.85351 2.01186 2.20824 2.31658 2.44959 2.53623 2.64685 2.70697 2.78528 2.83569 2.89754 2.96268 3.04021 3.10257 3.15104 3.15227 3.12433 3.09063 3.03691 2.86400 2.74035 4.92952
7.80000 50.00000 1.18417 1.37968 1.64653 1.77877 1.93665 2.13241 2.24034 2.37269 2.45871 2.56805 2.62714 2.70357 2.75248 2.81211 2.87380 2.94557 3.00369 3.04700 3.04630 3.01714 2.98346 2.93046 2.76221 2.63917 4.84854
7.80000 60.00000 1.13624 1.33127 1.59739 1.72927 1.88671 2.08186 2.18937 2.32105 2.40649 2.51453 2.57252 2.64709 2.69446 2.75186 2.81007 2.87611 2.93001 2.96826 2.96568 2.93538 2.90175 2.84951 2.68587 2.56345 4.78992
7.80000 70.00000 1.11433 1.30885 1.57427 1.70578 1.86271 2.05714 2.16410 2.29487 2.37936 2.48542 2.54182 2.61367 2.65888 2.71311 2.76644 2.82450 2.87258 2.90389 2.89874 2.86681 2.83316 2.78179 2.62381 2.50213 4.74592
7.80000 80.00000 1.10063 1.29466 1.55947 1.69065 1.84715 2.04098 2.14749 2.27754 2.36136 2.46593 2.52114 2.59088 2.63441 2.68616 2.73565 2.78738 2.83079 2.85638 2.84898 2.81545 2.78154 2.73057 2.57624 2.45508 4.71535
7.80000 90.00000 1.08848 1.28210 1.54630 1.67713 1.83323 2.02650 2.13261 2.26198 2.34515 2.44830 2.50238 2.57013 2.61205 2.66145 2.70731 2.75308 2.79210 2.81236 2.80289 2.76791 2.73378 2.68321 2.53237 2.41166 4.68886
7.80000 100.00000 1.07693 1.27014 1.53377 1.66431 1.82004 2.01277 2.11849 2.24723 2.32978 2.43163 2.48462 2.55049 2.59089 2.63806 2.68053 2.72068 2.75563 2.77096 2.75962 2.72334 2.68907 2.63894 2.49141 2.37117 4.66387
7.80000 110.00000 1.06449 1.25731 1.52041 1.65066 1.80599 1.99819 2.10350 2.23157 2.31348 2.41390 2.46572 2.52957 2.56834 2.61318 2.65204 2.68637 2.71711 2.72749 2.71431 2.67686 2.64255 2.59297 2.44912 2.32933 4.64286
7.80000 120.00000 1.05242 1.24485 1.50745 1.63743 1.79241 1.98410 2.08903 2.21647 2.29775 2.39681 2.44752 2.50950 2.54674 2.58936 2.62483 2.65370 2.68053 2.68636 2.67154 2.63311 2.59882 2.54984 2.40957 2.29022 4.62323
7.80000 130.00000 1.03645 1.22854 1.49067 1.62039 1.77505 1.96627 2.07085 2.19770 2.27841 2.37624 2.42594 2.48614 2.52198 2.56258 2.59494 2.61886 2.64222 2.64410 2.62794 2.58882 2.55469 2.50644 2.36980 2.25088 4.60140
7.80000 140.00000 1.02005 1.21183 1.47348 1.60297 1.75730 1.94804 2.05228 2.17854 2.25869 2.35523 2.40390 2.46230 2.49673 2.53525 2.56449 2.58349 2.60344 2.60158 2.58420 2.54459 2.51075 2.46332 2.33051 2.21205 4.57972
7.80000 150.00000 1.00481 1.19628 1.45750 1.58672 1.74072 1.93098 2.03481 2.16037 2.23982 2.33485 2.38230 2.43864 2.47144 2.50762 2.53338 2.54696 2.56326 2.55757 2.53909 2.49929 2.46594 2.41965 2.29149 2.17356 4.56169
7.80000 175.00000 0.96645 1.15724 1.41746 1.54615 1.69940 1.88853 1.99148 2.11549 2.19339 2.28504 2.32979 2.38148 2.41064 2.44160 2.45957 2.46125 2.46966 2.45587 2.43519 2.39518 2.36309 2.31943 2.20162 2.08482 4.51341
7.80000 200.00000 0.92872 1.11894 1.37833 1.50654 1.65917 1.84732 1.94949 2.07215 2.14869 2.23735 2.27970 2.32728 2.35318 2.37954 2.39073 2.38212 2.38381 2.36337 2.34101 2.30104 2.27019 2.22892 2.12003 2.00417 4.46464
7.80000 250.00000 0.86633 1.05568 1.31368 1.44104 1.59247 1.77864 1.87913 1.99868 2.07204 2.15383 2.19075 2.22932 2.24824 2.26485 2.26206 2.23344 2.22319 2.19288 2.16949 2.13266 2.10593 2.07123 1.98293 1.86907 4.38560
7.80000 300.00000 0.81725 1.00603 1.26301 1.38965 1.54001 1.72429 1.82307 1.93929 2.00923 2.08375 2.11504 2.14436 2.15628 2.16331 2.14713 2.10031 2.08006 2.04287 2.01978 1.98720 1.96487 1.93660 1.86670 1.75449 4.31277
7.80000 350.00000 0.77323 0.96170 1.21795 1.34402 1.49342 1.67585 1.77288 1.88564 1.95199 2.01897 2.04453 2.06464 2.06973 2.06762 2.03910 1.97661 1.94866 1.90781 1.88640 1.85910 1.84138 1.81937 1.76577 1.65493 4.25103
7.80000 400.00000 0.73418 0.92258 1.17833 1.30390 1.45245 1.63307 1.72829 1.83739 1.89996 1.95914 1.97889 1.98987 1.98831 1.97751 1.93771 1.86188 1.82826 1.78627 1.76743 1.74591 1.73269 1.71650 1.67686 1.56709 4.19638
7.80000 450.00000 0.69411 0.88264 1.13814 1.26334 1.41109 1.58998 1.68340 1.78884 1.84765 1.89915 1.91328 1.91557 1.90784 1.88914 1.83946 1.75275 1.71514 1.67361 1.65760 1.64148 1.63226 1.62100 1.59251 1.48355 4.13975
7.80000 500.00000 0.65845 0.84726 1.10267 1.22753 1.37451 1.55163 1.64312 1.74460 1.79936 1.84278 1.85112 1.84467 1.83084 1.80455 1.74570 1.64967 1.60930 1.56944 1.55653 1.54571 1.54014 1.53324 1.51401 1.40566 4.08969
7.80000 600.00000 0.60106 0.79078 1.04617 1.17031 1.31553 1.48821 1.57490 1.66649 1.71130 1.73554 1.73068 1.70506 1.67852 1.63711 1.56154 1.45180 1.41030 1.37930 1.37460 1.37561 1.37740 1.37870 1.37482 1.26739 3.99552
7.80000 700.00000 0.54167 0.73282 0.98879 1.11244 1.25613 1.42464 1.50668 1.58873 1.62417 1.63090 1.61447 1.57281 1.53613 1.48336 1.39639 1.27946 1.23937 1.21657 1.21778 1.22643 1.23264 1.23855 1.24252 1.13548 3.90953
7.80000 800.00000 0.49751 0.69031 0.94684 1.06981 1.21151 1.37467 1.45086 1.52106 1.54512 1.53155 1.50236 1.44391 1.39733 1.33420 1.23830 1.11874 1.08285 1.07047 1.07782 1.09346 1.10328 1.11262 1.12171 1.01493 3.83158
7.80000 1000.00000 0.40087 0.59785 0.85620 0.97801 1.11575 1.26803 1.33222 1.37886 1.38118 1.33109 1.28056 1.19628 1.13584 1.05998 0.95587 0.83978 0.81334 0.81643 0.83093 0.85328 0.86595 0.87765 0.88965 0.78299 3.71550
7.80000 1200.00000 0.31919 0.52092 0.78124 0.90162 1.03472 1.17461 1.22549 1.24679 1.22687 1.14201 1.07278 0.96777 0.89739 0.81363 0.70635 0.59598 0.57672 0.58837 0.60551 0.62914 0.64182 0.65317 0.66449 0.55781 3.57665
7.80000 1500.00000 0.20472 0.41394 0.67678 0.79431 0.91919 1.03814 1.06734 1.04920 0.99657 0.86434 0.77183 0.64333 0.56297 0.47246 0.36429 0.26149 0.24859 0.26463 0.28139 0.30262 0.31337 0.32267 0.33153 0.22480 3.39600
8.00000 0.00000 1.92778 2.11595 2.37224 2.49866 2.64902 2.83425 2.93518 3.05936 3.14151 3.24884 3.30852 3.38736 3.43864 3.50203 3.56995 3.65292 3.72006 3.77592 3.78102 3.75714 3.72525 3.67281 3.49994 3.37617 5.51842
8.00000 1.00000 1.90494 2.09308 2.34934 2.47575 2.62612 2.81144 2.91249 3.03693 3.11937 3.22729 3.28741 3.36692 3.41874 3.48290 3.55194 3.63658 3.70483 3.76166 3.76686 3.74262 3.71025 3.65703 3.48134 3.35727 5.49328
8.00000 5.00000 1.82415 2.01211 2.26818 2.39452 2.54489 2.73031 2.83158 2.95659 3.03966 3.14885 3.20991 3.29092 3.34388 3.40964 3.48112 3.56958 3.64048 3.70016 3.70621 3.68216 3.64941 3.59534 3.41577 3.29118 5.43854
8.00000 10.00000 1.73102 1.91874 2.17454 2.30080 2.45105 2.63647 2.73786 2.86324 2.94674 3.05679 3.11845 3.20043 3.25410 3.32087 3.39382 3.48464 3.55718 3.61864 3.62524 3.60139 3.56848 3.51399 3.33232 3.20740 5.37383
8.00000 15.00000 1.64492 1.83240 2.08791 2.21404 2.36417 2.54955 2.65096 2.77658 2.86034 2.97090 3.03291 3.11539 3.16943 3.23668 3.31032 3.40213 3.47520 3.53696 3.54337 3.51893 3.48551 3.43027 3.24621 3.12099 5.29937
8.00000 20.00000 1.57313 1.76036 2.01555 2.14153 2.29150 2.47669 2.57802 2.70358 2.78732 2.89778 2.95966 3.04189 3.09568 3.16257 3.23558 3.32626 3.39842 3.45885 3.46463 3.43958 3.40593 3.35055 3.16670 3.04157 5.23408
8.00000 25.00000 1.51220 1.69918 1.95406 2.07987 2.22966 2.41461 2.51578 2.64115 2.72470 2.83475 2.89627 2.97783 3.03108 3.09714 3.16887 3.25733 3.32781 3.38613 3.39102 3.36533 3.33156 3.27636 3.09416 2.96925 5.17524
8.00000 30.00000 1.45918 1.64593 1.90048 2.02614 2.17572 2.36041 2.46144 2.58656 2.66991 2.77945 2.84054 2.92134 2.97397 3.03910 3.10937 3.19540 3.26400 3.31999 3.32399 3.29769 3.26389 3.20896 3.02876 2.90413 5.12221
8.00000 40.00000 1.36802 1.55429 1.80821 1.93355 2.08273 2.26689 2.36756 2.49212 2.57492 2.68323 2.74331 2.82230 2.87345 2.93642 3.00330 3.08369 3.14813 3.19905 3.20113 3.17367 3.13995 3.08584 2.91062 2.78665 5.02351
8.00000 50.00000 1.29744 1.48328 1.73661 1.86165 2.01046 2.19414 2.29449 2.41852 2.50083 2.60803 2.66716 2.74450 2.79430 2.85525 2.91901 2.99416 3.05470 3.10083 3.10111 3.07245 3.03868 2.98519 2.81418 2.69077 4.94666
8.00000 60.00000 1.25078 1.43620 1.68897 1.81371 1.96217 2.14536 2.24537 2.36885 2.45061 2.55661 2.61472 2.69026 2.73861 2.79743 2.85787 2.92751 2.98397 3.02516 3.02357 2.99376 2.95999 2.90719 2.74061 2.61779 4.89230
8.00000 70.00000 1.23056 1.41554 1.66774 1.79217 1.94023 2.12281 2.22234 2.34498 2.42587 2.52994 2.58652 2.65942 2.70563 2.76137 2.81703 2.87884 2.92957 2.96388 2.95972 2.92828 2.89447 2.84254 2.68165 2.55959 4.85055
8.00000 80.00000 1.21731 1.40195 1.65363 1.77778 1.92549 2.10757 2.20672 2.32870 2.40896 2.51159 2.56698 2.63782 2.68236 2.73566 2.78752 2.84307 2.88917 2.91777 2.91137 2.87832 2.84426 2.79274 2.63560 2.51405 4.82110
8.00000 90.00000 1.20501 1.38930 1.64052 1.76441 1.91178 2.09342 2.19223 2.31363 2.39327 2.49458 2.54886 2.61777 2.66077 2.71180 2.76016 2.80991 2.85172 2.87507 2.86661 2.83208 2.79779 2.74665 2.59290 2.47183 4.79439
8.00000 100.00000 1.19375 1.37769 1.62846 1.75212 1.89919 2.08038 2.17886 2.29971 2.37878 2.47878 2.53202 2.59905 2.64055 2.68938 2.73436 2.77854 2.81627 2.83470 2.82434 2.78851 2.75408 2.70337 2.55305 2.43242 4.76991
8.00000 110.00000 1.18080 1.36446 1.61479 1.73822 1.88500 2.06575 2.16390 2.28414 2.36261 2.46127 2.51337 2.57848 2.61842 2.66497 2.70647 2.74498 2.77861 2.79215 2.77998 2.74297 2.70848 2.65831 2.51161 2.39147 4.74928
8.00000 120.00000 1.16876 1.35213 1.60207 1.72527 1.87176 2.05210 2.14992 2.26959 2.34745 2.44479 2.49581 2.55904 2.59745 2.64181 2.67993 2.71298 2.74271 2.75166 2.73783 2.69981 2.66534 2.61577 2.47272 2.35302 4.73000
8.00000 130.00000 1.15293 1.33603 1.58560 1.70862 1.85483 2.03479 2.13231 2.25145 2.32878 2.42486 2.47488 2.53631 2.57335 2.61565 2.65065 2.67873 2.70494 2.70993 2.69473 2.65606 2.62176 2.57297 2.43372 2.31449 4.70913
8.00000 140.00000 1.13667 1.31952 1.56876 1.69156 1.83753 2.01710 2.11432 2.23293 2.30971 2.40454 2.45349 2.51318 2.54876 2.58903 2.62093 2.64409 2.66688 2.66807 2.65165 2.61247 2.57845 2.53050 2.39520 2.27645 4.68818
8.00000 150.00000 1.12232 1.30493 1.55382 1.67643 1.82212 2.00127 2.09814 2.21608 2.29217 2.38547 2.43321 2.49082 2.52477 2.56266 2.59103 2.60869 2.62777 2.62504 2.60750 2.56810 2.53462 2.48785 2.35739 2.23917 4.67136
8.00000 175.00000 1.08285 1.26498 1.51309 1.63530 1.78041 1.95866 2.05480 2.17138 2.24605 2.33617 2.38133 2.43448 2.46490 2.49781 2.51866 2.52480 2.53617 2.52550 2.50577 2.46612 2.43386 2.38970 2.26953 2.15247 4.62383
8.00000 200.00000 1.04655 1.22828 1.47578 1.59762 1.74222 1.91968 2.01514 2.13044 2.20375 2.29084 2.33354 2.38249 2.40962 2.43782 2.45173 2.44730 2.45177 2.43419 2.41270 2.37310 2.34207 2.30042 2.18959 2.07348 4.57647
8.00000 250.00000 0.98619 1.16732 1.41384 1.53500 1.67866 1.85441 1.94832 2.06060 2.13070 2.21073 2.24785 2.28751 2.30748 2.32568 2.32521 2.30023 2.29242 2.26481 2.24238 2.20623 2.17965 2.14498 2.05606 1.94211 4.50317
8.00000 300.00000 0.93498 1.11581 1.36166 1.48229 1.62512 1.79928 1.89168 2.00087 2.06768 2.14059 2.17218 2.20275 2.21584 2.22460 2.21101 2.16814 2.15053 2.11627 2.09426 2.06254 2.04049 2.01238 1.94228 1.83004 4.43298
8.00000 350.00000 0.89099 1.07174 1.31716 1.43740 1.57944 1.75204 1.84284 1.94873 2.01203 2.07749 2.10340 2.12484 2.13115 2.13083 2.10499 2.04655 2.02130 1.98344 1.96317 1.93683 1.91947 1.89773 1.84427 1.73341 4.37593
8.00000 400.00000 0.85215 1.03301 1.27819 1.39806 1.53944 1.71041 1.79950 1.90185 1.96139 2.01903 2.03910 2.05135 2.05098 2.04194 2.00478 1.93296 1.90202 1.86309 1.84546 1.82503 1.81230 1.79650 1.75735 1.64760 4.32366
8.00000 450.00000 0.81337 0.99453 1.23968 1.35929 1.49999 1.66939 1.75678 1.85549 1.91124 1.96109 1.97545 1.97888 1.97224 1.95518 1.90793 1.82495 1.78985 1.75116 1.73629 1.72126 1.71250 1.70165 1.67374 1.56481 4.27211
8.00000 500.00000 0.77809 0.95968 1.20491 1.32428 1.46434 1.63205 1.71757 1.81237 1.86404 1.90571 1.91421 1.90879 1.89601 1.87129 1.81484 1.72258 1.68479 1.64796 1.63633 1.62674 1.62174 1.61538 1.59693 1.48863 4.22413
8.00000 600.00000 0.72274 0.90541 1.15086 1.26961 1.40801 1.57143 1.65213 1.73689 1.77842 1.80046 1.79547 1.77056 1.74488 1.70490 1.63168 1.52594 1.48739 1.46008 1.45700 1.45963 1.46223 1.46423 1.46142 1.35403 4.13138
8.00000 700.00000 0.66438 0.84857 1.09472 1.21304 1.34998 1.50922 1.58528 1.66036 1.69234 1.69657 1.67988 1.63882 1.60305 1.55182 1.46754 1.35532 1.31869 1.30016 1.30326 1.31372 1.32073 1.32735 1.33232 1.22534 4.05073
8.00000 800.00000 0.62243 0.80827 1.05495 1.17258 1.30747 1.46130 1.53134 1.59425 1.61455 1.59806 1.56842 1.51051 1.46482 1.40342 1.31053 1.19622 1.16416 1.15631 1.16552 1.18285 1.19342 1.20337 1.21318 1.10640 3.97530
8.00000 1000.00000 0.53138 0.72111 0.96925 1.08551 1.21615 1.35861 1.41623 1.45482 1.45281 1.39910 1.34794 1.26425 1.20497 1.13130 1.03100 0.92111 0.89878 0.90627 0.92234 0.94592 0.95903 0.97102 0.98326 0.87660 3.86755
8.00000 1200.00000 0.45185 0.64581 0.89532 1.00987 1.13559 1.26535 1.30953 1.32282 1.29875 1.21099 1.14179 1.03846 0.96999 0.88927 0.78661 0.68279 0.66732 0.68240 0.70050 0.72467 0.73743 0.74878 0.76001 0.65334 3.73350
8.00000 1500.00000 0.34423 0.54434 0.79469 0.90564 1.02233 1.13024 1.15232 1.12594 1.06937 0.93524 0.84363 0.71814 0.64050 0.55391 0.45101 0.35472 0.34498 0.36326 0.38038 0.40154 0.41210 0.42117 0.42977 0.32306 3.56097
8.20000 0.00000 1.99829 2.17670 2.41945 2.53866 2.68001 2.85338 2.94697 3.06318 3.14168 3.24652 3.30576 3.38445 3.43573 3.49924 3.56732 3.65060 3.71803 3.77435 3.77973 3.75621 3.72454 3.67236 3.50000 3.37628 5.56051
8.20000 1.00000 1.97534 2.15373 2.39645 2.51568 2.65707 2.83053 2.92424 3.04072 3.11953 3.22498 3.28466 3.36406 3.41595 3.48022 3.54946 3.63449 3.70304 3.76035 3.76582 3.74189 3.70970 3.65667 3.48134 3.35729 5.53218
8.20000 5.00000 1.89766 2.07591 2.31851 2.43771 2.57911 2.75277 2.84673 2.96384 3.04331 3.15010 3.21076 3.29178 3.34484 3.41079 3.48259 3.57163 3.64294 3.70318 3.70944 3.68559 3.65289 3.59884 3.41903 3.29440 5.47957
8.20000 10.00000 1.81272 1.99080 2.23320 2.35232 2.49371 2.66741 2.76154 2.87907 2.95901 3.06671 3.12802 3.21003 3.26387 3.33091 3.40430 3.49581 3.56885 3.63092 3.63769 3.61390 3.58095 3.52629 3.34384 3.21885 5.42773
8.20000 15.00000 1.73147 1.90936 2.15156 2.27061 2.41193 2.58566 2.67990 2.79776 2.87805 2.98642 3.04819 3.13090 3.18525 3.25298 3.32739 3.42046 3.49445 3.55723 3.56399 3.53969 3.50620 3.45068 3.26526 3.13987 5.36276
8.20000 20.00000 1.66335 1.84106 2.08303 2.20197 2.34317 2.51681 2.61101 2.72890 2.80923 2.91760 2.97934 3.06193 3.11615 3.18368 3.25772 3.35006 3.42342 3.48526 3.49149 3.46665 3.43288 3.37716 3.19155 3.06620 5.30358
8.20000 25.00000 1.60812 1.78563 2.02734 2.14616 2.28721 2.46067 2.55478 2.67249 2.75265 2.86062 2.92199 3.00393 3.05761 3.12434 3.19712 3.28734 3.35909 3.41894 3.42440 3.39904 3.36527 3.30984 3.12615 3.00104 5.25397
8.20000 30.00000 1.55776 1.73508 1.97655 2.09523 2.23615 2.40944 2.50344 2.62100 2.70101 2.80862 2.86967 2.95100 3.00418 3.07016 3.14176 3.22995 3.30020 3.35810 3.36281 3.33693 3.30307 3.24786 3.06579 2.94089 5.20637
8.20000 40.00000 1.47146 1.64842 1.88939 2.00783 2.14844 2.32129 2.41501 2.53206 2.61157 2.71798 2.77801 2.85755 2.90929 2.97313 3.04138 3.12402 3.19013 3.24300 3.24584 3.21884 3.18509 3.13071 2.95372 2.82949 5.11367
8.20000 50.00000 1.40265 1.57927 1.81980 1.93802 2.07836 2.25087 2.34436 2.46104 2.54018 2.64569 2.70493 2.78306 2.83362 2.89574 2.96129 3.03939 3.10207 3.15072 3.15189 3.12375 3.08992 3.03604 2.86266 2.73891 5.04104
8.20000 60.00000 1.35722 1.53351 1.77361 1.89160 2.03167 2.20381 2.29703 2.41328 2.49192 2.59627 2.65457 2.73099 2.78018 2.84026 2.90265 2.97547 3.03424 3.07809 3.07744 3.04813 3.01428 2.96104 2.79190 2.66873 4.99094
8.20000 70.00000 1.33873 1.51468 1.75436 1.87210 2.01184 2.18348 2.27628 2.39176 2.46957 2.57209 2.62889 2.70274 2.74984 2.80693 2.86464 2.92980 2.98293 3.01998 3.01678 2.98583 2.95193 2.89954 2.73609 2.61369 4.95154
8.20000 80.00000 1.32595 1.50166 1.74093 1.85846 1.99792 2.16916 2.26165 2.37653 2.45374 2.55484 2.61047 2.68229 2.72775 2.78241 2.83638 2.89533 2.94386 2.97525 2.96981 2.93726 2.90313 2.85117 2.69158 2.56970 4.92313
8.20000 90.00000 1.31352 1.48896 1.72787 1.84521 1.98443 2.15532 2.24753 2.36192 2.43856 2.53840 2.59296 2.66293 2.70690 2.75937 2.80994 2.86328 2.90763 2.93385 2.92637 2.89234 2.85795 2.80634 2.65005 2.52865 4.89620
8.20000 100.00000 1.30254 1.47773 1.71632 1.83348 1.97247 2.14301 2.23495 2.34881 2.42494 2.52351 2.57701 2.64513 2.68761 2.73790 2.78512 2.83293 2.87322 2.89452 2.88513 2.84980 2.81527 2.76411 2.61130 2.49035 4.87223
8.20000 110.00000 1.28917 1.46413 1.70241 1.81939 1.95816 2.12837 2.22002 2.33338 2.40893 2.50621 2.55862 2.62488 2.66585 2.71395 2.75780 2.80009 2.83637 2.85287 2.84169 2.80517 2.77058 2.71995 2.57077 2.45028 4.85196
8.20000 120.00000 1.27717 1.45193 1.68990 1.80674 1.94528 2.11515 2.20653 2.31936 2.39433 2.49032 2.54167 2.60604 2.64551 2.69141 2.73191 2.76878 2.80116 2.81304 2.80018 2.76264 2.72806 2.67803 2.53254 2.41254 4.83305
8.20000 130.00000 1.26147 1.43607 1.67378 1.79045 1.92879 2.09836 2.18949 2.30182 2.37626 2.47103 2.52135 2.58396 2.62201 2.66587 2.70324 2.73510 2.76394 2.77182 2.75759 2.71940 2.68503 2.63579 2.49426 2.37474 4.81314
8.20000 140.00000 1.24537 1.41978 1.65725 1.77378 1.91193 2.08120 2.17208 2.28393 2.35785 2.45134 2.50064 2.56147 2.59811 2.63994 2.67421 2.70116 2.72658 2.73065 2.71518 2.67648 2.64238 2.59402 2.45657 2.33752 4.79292
8.20000 150.00000 1.23196 1.40618 1.64340 1.75977 1.89772 2.06664 2.15719 2.26842 2.34165 2.43362 2.48169 2.54042 2.57539 2.61483 2.64552 2.66689 2.68853 2.68860 2.67198 2.63305 2.59951 2.55236 2.41995 2.30148 4.77740
8.20000 175.00000 1.19142 1.36534 1.60204 1.71815 1.85567 2.02390 2.11387 2.22391 2.29584 2.38475 2.43036 2.48482 2.51643 2.55103 2.57452 2.58472 2.59887 2.59116 2.57238 2.53320 2.50086 2.45630 2.33412 2.21680 4.73060
8.20000 200.00000 1.15663 1.33031 1.56661 1.68245 1.81960 1.98718 2.07654 2.18537 2.25593 2.34176 2.38485 2.43501 2.46325 2.49307 2.50944 2.50885 2.51589 2.50104 2.48043 2.44127 2.41022 2.36822 2.25579 2.13950 4.68460
8.20000 250.00000 1.09838 1.27174 1.50743 1.62281 1.75920 1.92534 2.01329 2.11914 2.18645 2.26505 2.30235 2.34299 2.36387 2.38341 2.38505 2.36337 2.35782 2.33280 2.31133 2.27595 2.24961 2.21503 2.12580 2.01178 4.61625
8.20000 300.00000 1.04503 1.21836 1.45373 1.56875 1.70457 1.86942 1.95603 2.05904 2.12320 2.19491 2.22685 2.25862 2.27282 2.28319 2.27202 2.23295 2.21786 2.18644 2.16553 2.13468 2.11294 2.08502 2.01483 1.90254 4.54951
8.20000 350.00000 1.00131 1.17478 1.41000 1.52479 1.66000 1.82348 1.90863 2.00843 2.06910 2.13331 2.15954 2.18214 2.18950 2.19077 2.16733 2.11261 2.08990 2.05499 2.03590 2.01064 1.99375 1.97239 1.91934 1.80849 4.49708
8.20000 400.00000 0.96277 1.13654 1.37178 1.48632 1.62098 1.78304 1.86656 1.96287 2.01978 2.07611 2.09644 2.10978 2.11043 2.10292 2.06810 1.99996 1.97158 1.93570 1.91937 1.90019 1.88803 1.87276 1.83436 1.72465 4.44726
8.20000 450.00000 0.92543 1.09965 1.33506 1.44942 1.58355 1.74414 1.82602 1.91871 1.97177 2.02015 2.03466 2.03902 2.03329 2.01761 1.97252 1.89296 1.86025 1.82446 1.81085 1.79704 1.78887 1.77858 1.75151 1.64262 4.40078
8.20000 500.00000 0.89069 1.06545 1.30110 1.41531 1.54887 1.70791 1.78796 1.87670 1.92563 1.96568 1.97423 1.96961 1.95768 1.93427 1.87994 1.79113 1.75584 1.72217 1.71191 1.70374 1.69944 1.69373 1.67631 1.56808 4.35484
8.20000 600.00000 0.83766 1.01367 1.24974 1.36343 1.49541 1.65016 1.72533 1.80380 1.84227 1.86213 1.85687 1.83238 1.80738 1.76861 1.69760 1.59590 1.56052 1.53742 1.53628 1.54094 1.54451 1.54742 1.54595 1.43864 4.26357
8.20000 700.00000 0.78070 0.95830 1.19513 1.30843 1.43894 1.58951 1.65992 1.72845 1.75707 1.75868 1.74149 1.70067 1.66552 1.61560 1.53377 1.42617 1.39312 1.37924 1.38440 1.39689 1.40486 1.41233 1.41839 1.31146 4.18831
8.20000 800.00000 0.74137 0.92057 1.15788 1.27041 1.39880 1.54375 1.60792 1.66385 1.68041 1.66073 1.63035 1.57254 1.52755 1.46760 1.37761 1.26869 1.24067 1.23776 1.24906 1.26831 1.27970 1.29037 1.30094 1.19421 4.11541
8.20000 1000.00000 0.65595 0.83875 1.07707 1.18800 1.31182 1.44483 1.49613 1.52696 1.52060 1.46313 1.41116 1.32781 1.26960 1.19801 1.10144 0.99777 0.97963 0.99156 1.00920 1.03402 1.04754 1.05982 1.07227 0.96562 4.01542
8.20000 1200.00000 0.57909 0.76553 1.00451 1.11340 1.23194 1.35183 1.38943 1.39479 1.36652 1.27560 1.20625 1.10438 1.03773 0.95998 0.86193 0.76472 0.75310 0.77165 0.79072 0.81542 0.82826 0.83959 0.85072 0.74404 3.88682
8.20000 1500.00000 0.47874 0.66986 0.90792 1.01239 1.12096 1.21792 1.23289 1.19817 1.13753 1.00122 0.91035 0.78766 0.71268 0.62992 0.53227 0.44247 0.43588 0.45637 0.47379 0.49482 0.50521 0.51407 0.52236 0.41564 3.72254
