NGA-East_Model_04 NGA-East USGS GMM as published in PEER Report No. 2017/03, distance is Rrup. Log10 hazard values in cgs units. Uses NRCan simplified, magnitude-independent sigma
          11 34 25 : nmag, ndist, nperiod
          10.000 7.519 5.000 4.000 3.003 2.000 1.499 1.000 0.750 0.500 0.400 0.300 0.250 0.200 0.150 0.100 0.075 0.050 0.040 0.030 0.025 0.020 0.010 PGA PGV
          0.57 0.58 0.61 0.62 0.63 0.65 0.67 0.69 0.70 0.73 0.74 0.75 0.76 0.77 0.79 0.81 0.80 0.78 0.77 0.75 0.74 0.73 0.70 0.70 0.81
4.00000 0.00000 -0.95446 -0.63972 -0.19545 0.03959 0.33837 0.75678 1.04194 1.44849 1.73748 2.11491 2.29696 2.49516 2.59972 2.70926 2.81802 2.95007 3.05670 3.17721 3.22083 3.24716 3.24595 3.22823 3.12782 3.00921 4.15198
4.00000 1.00000 -1.07483 -0.76016 -0.31603 -0.08109 0.21751 0.63551 0.92031 1.32605 1.61419 1.98993 2.17070 2.36679 2.46972 2.57695 2.68216 2.80838 2.91066 3.02567 3.06700 3.09137 3.08958 3.07176 2.97376 2.85558 4.03462
4.00000 5.00000 -1.66279 -1.34802 -0.90364 -0.66848 -0.36952 0.04934 0.33501 0.74272 1.03291 1.41286 1.59680 1.79807 1.90500 2.01785 2.13147 2.27071 2.38172 2.50527 2.54819 2.57073 2.56559 2.54181 2.41982 2.29859 3.45019
4.00000 10.00000 -2.05949 -1.74479 -1.30042 -1.06528 -0.76628 -0.34733 -0.06151 0.34650 0.63703 1.01774 1.20228 1.40452 1.51216 1.62599 1.74094 1.88181 1.99324 2.11526 2.15589 2.17380 2.16485 2.13571 1.99635 1.87305 3.05696
4.00000 15.00000 -2.31096 -1.99632 -1.55209 -1.31703 -1.01813 -0.59935 -0.31371 0.09399 0.38424 0.76442 0.94856 1.15012 1.25723 1.37020 1.48377 1.62173 1.73029 1.84692 1.88394 1.89667 1.88426 1.85089 1.70035 1.57589 2.80111
4.00000 20.00000 -2.49789 -2.18331 -1.73920 -1.50420 -1.20539 -0.78677 -0.50125 -0.09374 0.19633 0.57615 0.76003 0.96118 1.06792 1.18041 1.29306 1.42907 1.53562 1.64828 1.68254 1.69118 1.67598 1.63913 1.47901 1.35352 2.60855
4.00000 25.00000 -2.65276 -2.33826 -1.89423 -1.65928 -1.36054 -0.94201 -0.65656 -0.24915 0.04085 0.42057 0.60439 0.80544 0.91210 1.02442 1.13670 1.27171 1.37694 1.48652 1.51832 1.52304 1.50496 1.46437 1.29311 1.16634 2.44810
4.00000 30.00000 -2.77581 -2.46136 -2.01743 -1.78253 -1.48387 -1.06546 -0.78010 -0.37286 -0.08297 0.29653 0.48023 0.68105 0.78752 0.89958 1.01137 1.14535 1.24950 1.35683 1.38703 1.38931 1.36958 1.32684 1.14945 1.02205 2.32165
4.00000 40.00000 -2.96476 -2.65047 -2.20676 -1.97200 -1.67351 -1.25543 -0.97034 -0.56355 -0.27411 0.10464 0.28777 0.48771 0.59350 0.70454 0.81466 0.94546 1.04668 1.14897 1.17605 1.17406 1.15164 1.10575 0.92068 0.79253 2.12624
4.00000 50.00000 -3.10882 -2.79468 -2.35121 -2.11658 -1.81831 -1.40054 -1.11574 -0.70946 -0.42049 -0.04262 0.13989 0.33882 0.44381 0.55368 0.66190 0.78908 0.88698 0.98361 1.00717 1.00055 0.97518 0.92587 0.73257 0.60364 1.97613
4.00000 60.00000 -3.18280 -2.86880 -2.42553 -2.19103 -1.89291 -1.47541 -1.19080 -0.78487 -0.49614 -0.11875 0.06346 0.26192 0.36656 0.47592 0.58333 0.70901 0.80556 0.89994 0.92215 0.91375 0.88729 0.83673 0.64055 0.51137 1.88443
4.00000 70.00000 -3.23992 -2.92606 -2.48302 -2.24863 -1.95070 -1.53347 -1.24912 -0.84361 -0.55526 -0.17852 0.00324 0.20100 0.30510 0.41367 0.51983 0.64321 0.73775 0.82889 0.84923 0.83847 0.81063 0.75855 0.55925 0.42980 1.80564
4.00000 80.00000 -3.28062 -2.96692 -2.52414 -2.28992 -1.99221 -1.57539 -1.29141 -0.88658 -0.59886 -0.22336 -0.04250 0.15382 0.25681 0.36370 0.46728 0.58601 0.67668 0.76194 0.77915 0.76483 0.73512 0.68126 0.47972 0.35028 1.74398
4.00000 90.00000 -3.31203 -2.99850 -2.55597 -2.32192 -2.02445 -1.60806 -1.32445 -0.92032 -0.63327 -0.25901 -0.07906 0.11578 0.21762 0.32288 0.42386 0.53806 0.62501 0.70489 0.71941 0.70223 0.67117 0.61621 0.41448 0.28527 1.69018
4.00000 100.00000 -3.34058 -3.02721 -2.58495 -2.35105 -2.05382 -1.63783 -1.35459 -0.95116 -0.66476 -0.29174 -0.11268 0.08072 0.18144 0.28510 0.38352 0.49333 0.57668 0.65141 0.66335 0.64347 0.61116 0.55516 0.35334 0.22432 1.64094
4.00000 110.00000 -3.36607 -3.05285 -2.61084 -2.37711 -2.08014 -1.66461 -1.38175 -0.97903 -0.69332 -0.32162 -0.14351 0.04836 0.14790 0.24983 0.34561 0.45084 0.53054 0.60019 0.60970 0.58740 0.55408 0.49742 0.29659 0.16792 1.59579
4.00000 120.00000 -3.39039 -3.07735 -2.63562 -2.40206 -2.10531 -1.69021 -1.40774 -1.00578 -0.72077 -0.35042 -0.17327 0.01703 0.11535 0.21555 0.30864 0.40924 0.48528 0.54989 0.55705 0.53248 0.49824 0.44104 0.24149 0.11319 1.55317
4.00000 130.00000 -3.41351 -3.10063 -2.65914 -2.42575 -2.12927 -1.71459 -1.43253 -1.03131 -0.74699 -0.37797 -0.20179 -0.01305 0.08408 0.18255 0.27295 0.36894 0.44132 0.50080 0.50549 0.47845 0.44312 0.38514 0.18602 0.05798 1.51230
4.00000 140.00000 -3.43622 -3.12351 -2.68229 -2.44906 -2.15281 -1.73857 -1.45690 -1.05638 -0.77275 -0.40501 -0.22977 -0.04252 0.05344 0.15025 0.23805 0.32960 0.39845 0.45296 0.45523 0.42571 0.38928 0.33042 0.13131 0.00346 1.47166
4.00000 150.00000 -3.46297 -3.15043 -2.70948 -2.47637 -2.18036 -1.76651 -1.48519 -1.08531 -0.80227 -0.43567 -0.26122 -0.07525 0.01974 0.11514 0.20077 0.28861 0.35454 0.40506 0.40547 0.37408 0.33687 0.27745 0.07888 -0.04876 1.43233
4.00000 175.00000 -3.52782 -3.21568 -2.77536 -2.54267 -2.24722 -1.83437 -1.55393 -1.15571 -0.87420 -0.51050 -0.33812 -0.15544 -0.06298 0.02881 0.10890 0.18741 0.24610 0.28687 0.28281 0.24720 0.20832 0.14794 -0.04838 -0.17540 1.33431
4.00000 200.00000 -3.58567 -3.27393 -2.83424 -2.60197 -2.30708 -1.89524 -1.61573 -1.21915 -0.93919 -0.57843 -0.40816 -0.22881 -0.13891 -0.05076 0.02377 0.09298 0.14452 0.17579 0.16743 0.12781 0.08738 0.02612 -0.16796 -0.29441 1.24595
4.00000 250.00000 -3.69684 -3.38592 -2.94758 -2.71614 -2.42250 -2.01288 -1.73538 -1.34255 -1.06615 -0.71209 -0.54662 -0.37490 -0.29079 -0.21078 -0.14850 -0.09901 -0.06178 -0.04778 -0.06276 -0.10699 -0.14801 -0.20782 -0.38889 -0.51334 1.08558
4.00000 300.00000 -3.78991 -3.47987 -3.04291 -2.81233 -2.52001 -2.11271 -1.83736 -1.44853 -1.17591 -0.82905 -0.66868 -0.50506 -0.42702 -0.35548 -0.30570 -0.27563 -0.25181 -0.25265 -0.27248 -0.31890 -0.35906 -0.41585 -0.58143 -0.70381 0.94788
4.00000 350.00000 -3.87021 -3.56103 -3.12548 -2.89581 -2.60484 -2.19997 -1.92685 -1.54223 -1.27360 -0.93433 -0.77936 -0.62416 -0.55244 -0.48966 -0.45260 -0.44184 -0.43094 -0.44550 -0.46955 -0.51750 -0.55658 -0.61035 -0.76183 -0.88243 0.82490
4.00000 400.00000 -3.94192 -3.63363 -3.19952 -2.97078 -2.68121 -2.27888 -2.00811 -1.62792 -1.36352 -1.03223 -0.88289 -0.73650 -0.67132 -0.61751 -0.59331 -0.60155 -0.60290 -0.62971 -0.65707 -0.70554 -0.74307 -0.79349 -0.93130 -1.05028 0.71059
4.00000 450.00000 -4.02114 -3.71378 -3.28126 -3.05353 -2.76552 -2.36606 -2.09802 -1.72297 -1.46351 -1.14159 -0.99887 -0.86270 -0.80500 -0.76131 -0.75131 -0.77944 -0.79260 -0.82931 -0.85801 -0.90417 -0.93832 -0.98336 -1.10365 -1.22077 0.60341
4.00000 500.00000 -4.09124 -3.78482 -3.35390 -3.12723 -2.84081 -2.44432 -2.17905 -1.80930 -1.55490 -1.24255 -1.10653 -0.98063 -0.93038 -0.89664 -0.90024 -0.94685 -0.97032 -1.01473 -1.04379 -1.08680 -1.11740 -1.15715 -1.26158 -1.37714 0.50338
4.00000 600.00000 -4.20468 -3.90042 -3.47323 -3.24909 -2.96661 -2.57760 -2.31953 -1.96365 -1.72258 -1.43543 -1.31689 -1.21743 -1.18599 -1.17681 -1.21276 -1.29993 -1.34335 -1.39788 -1.42349 -1.45473 -1.47510 -1.50112 -1.56985 -1.68226 0.32013
4.00000 700.00000 -4.30795 -4.00570 -3.58194 -3.36008 -3.08110 -2.69864 -2.44678 -2.10272 -1.87288 -1.60657 -1.50225 -1.42396 -1.40734 -1.41723 -1.47787 -1.59542 -1.65383 -1.71739 -1.74224 -1.76811 -1.78347 -1.80275 -1.85447 -1.96550 0.15466
4.00000 800.00000 -4.39889 -4.09876 -3.67864 -3.45922 -3.18404 -2.80873 -2.56371 -2.23257 -2.01497 -1.77107 -1.68178 -1.62532 -1.62357 -1.65194 -1.73519 -1.87741 -1.94525 -2.00947 -2.02944 -2.04572 -2.05415 -2.06509 -2.09895 -2.20871 0.00144
4.00000 1000.00000 -4.55844 -4.26250 -3.84961 -3.63504 -3.36736 -3.00617 -2.77450 -2.46859 -2.27454 -2.07314 -2.01175 -1.99503 -2.01969 -2.08014 -2.20136 -2.38284 -2.46455 -2.52870 -2.54118 -2.54359 -2.54244 -2.54226 -2.55412 -2.66246 -0.27188
4.00000 1200.00000 -4.68925 -4.39763 -3.99232 -3.78285 -3.52318 -3.17707 -2.95969 -2.68064 -2.51150 -2.35437 -2.32153 -2.34457 -2.39506 -2.48621 -2.64258 -2.85884 -2.95233 -3.01659 -3.02338 -3.01564 -3.00769 -2.99988 -2.99795 -3.10552 -0.52991
4.00000 1500.00000 -4.87205 -4.58701 -4.19322 -3.99156 -3.74408 -3.42095 -3.22536 -2.98705 -2.85536 -2.76395 -2.77290 -2.85338 -2.94073 -3.07519 -3.28092 -3.54695 -3.65946 -3.73061 -3.73431 -3.71908 -3.70577 -3.69191 -3.67933 -3.78634 -0.90044
4.50000 0.00000 -0.58948 -0.25340 0.21552 0.46090 0.76928 1.19281 1.47413 1.86199 2.12692 2.45625 2.60777 2.76770 2.85098 2.93876 3.02514 3.12959 3.21613 3.30835 3.33785 3.34873 3.33977 3.31482 3.20535 3.08656 4.37397
4.50000 1.00000 -0.67110 -0.33513 0.13358 0.37881 0.68691 1.10986 1.39058 1.77721 2.04088 2.36762 2.51720 2.67397 2.75480 2.83910 2.92023 3.01613 3.09640 3.18076 3.20696 3.21503 3.20515 3.17991 3.07290 2.95461 4.29036
4.50000 5.00000 -1.14105 -0.80503 -0.33620 -0.09085 0.21748 0.64097 0.92229 1.31022 1.57522 1.90479 2.05648 2.21669 2.30016 2.38814 2.47469 2.57886 2.66454 2.75423 2.78156 2.78902 2.77763 2.74961 2.63179 2.51218 3.80817
4.50000 10.00000 -1.51406 -1.17809 -0.70927 -0.46392 -0.15554 0.26808 0.54959 0.93794 1.20345 1.53404 1.68651 1.84796 1.93233 2.02155 2.10972 2.21570 2.30175 2.38952 2.41430 2.41693 2.40177 2.36869 2.23593 2.11467 3.43915
4.50000 15.00000 -1.75508 -1.41918 -0.95050 -0.70523 -0.39695 0.02651 0.30788 0.69600 0.96131 1.29153 1.44370 1.60466 1.68862 1.77720 1.86422 1.96768 2.05108 2.13369 2.15496 2.15256 2.13407 2.09698 1.95396 1.83171 3.19445
4.50000 20.00000 -1.93512 -1.59932 -1.13076 -0.88557 -0.57741 -0.15410 0.12715 0.51503 0.78014 1.10999 1.26190 1.42240 1.50599 1.59395 1.67991 1.78112 1.86219 1.94032 1.95855 1.95182 1.93047 1.88991 1.73809 1.61497 3.01117
4.50000 25.00000 -2.08482 -1.74910 -1.28064 -1.03550 -0.72740 -0.30420 -0.02303 0.36477 0.62983 0.95960 1.11146 1.27190 1.35541 1.44322 1.52881 1.62896 1.70865 1.78368 1.79954 1.78917 1.76530 1.72156 1.56107 1.43705 2.85789
4.50000 30.00000 -2.20447 -1.86883 -1.40050 -1.15542 -0.84741 -0.42434 -0.14327 0.24438 0.50931 0.83889 0.99062 1.15083 1.23416 1.32168 1.40677 1.50575 1.58418 1.65660 1.67063 1.65759 1.63188 1.58591 1.41948 1.29486 2.73620
4.50000 40.00000 -2.38651 -2.05105 -1.58298 -1.33807 -1.03026 -0.60755 -0.32677 0.06037 0.32487 0.65361 0.80476 0.96403 1.04661 1.13305 1.21636 1.31190 1.38722 1.45430 1.46510 1.44771 1.41933 1.37024 1.19659 1.07130 2.54970
4.50000 50.00000 -2.52629 -2.19101 -1.72322 -1.47845 -1.17088 -0.74853 -0.46806 -0.08145 0.18254 0.51041 0.66093 0.81919 0.90098 0.98624 1.06762 1.15959 1.23166 1.29334 1.30084 1.27919 1.24818 1.19614 1.01563 0.88974 2.40686
4.50000 60.00000 -2.59748 -2.26235 -1.79481 -1.55018 -1.24279 -0.82072 -0.54046 -0.15419 0.10953 0.43697 0.58719 0.74501 0.82647 0.91125 0.99186 1.08238 1.15314 1.21258 1.21876 1.19532 1.16318 1.10983 0.92636 0.80019 2.32041
4.50000 70.00000 -2.65398 -2.31905 -1.85175 -1.60729 -1.30008 -0.87831 -0.59829 -0.21243 0.05094 0.37780 0.52762 0.68480 0.76578 0.84985 0.92931 1.01769 1.08652 1.14277 1.14699 1.12102 1.08736 1.03225 0.84477 0.71824 2.24616
4.50000 80.00000 -2.69067 -2.35594 -1.88896 -1.64469 -1.33777 -0.91648 -0.63691 -0.25187 0.01077 0.33617 0.48492 0.64042 0.72008 0.80226 0.87878 0.96210 1.02689 1.07742 1.07881 1.04985 1.01475 0.95842 0.77008 0.64366 2.18874
4.50000 90.00000 -2.71998 -2.38541 -1.91875 -1.67465 -1.36803 -0.94723 -0.66811 -0.28384 -0.02196 0.30202 0.44977 0.60361 0.68200 0.76235 0.83607 0.91466 0.97577 1.02130 1.02039 0.98916 0.95314 0.89617 0.70846 0.58229 2.13877
4.50000 100.00000 -2.74648 -2.41214 -1.94578 -1.70188 -1.39552 -0.97520 -0.69651 -0.31304 -0.05190 0.27065 0.41741 0.56962 0.64677 0.72533 0.79631 0.87030 0.92787 0.96866 0.96558 0.93231 0.89546 0.83798 0.65112 0.52521 2.09314
4.50000 110.00000 -2.76994 -2.43581 -1.96977 -1.72606 -1.41999 -1.00019 -0.72194 -0.33930 -0.07896 0.24208 0.38776 0.53824 0.61406 0.69072 0.75881 0.82803 0.88199 0.91813 0.91303 0.87801 0.84059 0.78292 0.59788 0.47232 2.05131
4.50000 120.00000 -2.79171 -2.45777 -1.99206 -1.74855 -1.44277 -1.02346 -0.74567 -0.36388 -0.10430 0.21525 0.35985 0.50862 0.58313 0.65793 0.72318 0.78775 0.83823 0.86995 0.86298 0.82639 0.78848 0.73073 0.54762 0.42242 2.01240
4.50000 130.00000 -2.81286 -2.47913 -2.01373 -1.77041 -1.46492 -1.04612 -0.76879 -0.38784 -0.12907 0.18897 0.33249 0.47952 0.55267 0.62559 0.68794 0.74770 0.79455 0.82155 0.81251 0.77401 0.73539 0.67726 0.49529 0.37037 1.97467
4.50000 140.00000 -2.83404 -2.50051 -2.03542 -1.79231 -1.48709 -1.06880 -0.79191 -0.41177 -0.15377 0.16281 0.30526 0.45063 0.52252 0.59361 0.65320 0.70841 0.75183 0.77437 0.76336 0.72307 0.68378 0.62528 0.44431 0.31965 1.93758
4.50000 150.00000 -2.85895 -2.52560 -2.06082 -1.81790 -1.51295 -1.09510 -0.81862 -0.43921 -0.18190 0.13341 0.27496 0.41887 0.48968 0.55921 0.61644 0.66781 0.70836 0.72723 0.71465 0.67296 0.63320 0.57449 0.39460 0.27014 1.90115
4.50000 175.00000 -2.91865 -2.58580 -2.12178 -1.87931 -1.57503 -1.15837 -0.88293 -0.50542 -0.24987 0.06214 0.20135 0.34153 0.40950 0.47503 0.52627 0.56792 0.60136 0.61139 0.59517 0.55053 0.50989 0.45109 0.27488 0.15108 1.81032
4.50000 200.00000 -2.97247 -2.64010 -2.17687 -1.93488 -1.63130 -1.21582 -0.94144 -0.56587 -0.31213 -0.00353 0.13325 0.26961 0.33470 0.39616 0.44133 0.47337 0.49990 0.50172 0.48233 0.43533 0.39421 0.33579 0.16421 0.04114 1.72842
4.50000 250.00000 -3.07447 -2.74313 -2.28152 -2.04056 -1.73848 -1.32562 -1.05364 -0.68250 -0.43289 -0.13214 -0.00092 0.12668 0.18518 0.23754 0.26935 0.28099 0.29380 0.28095 0.25701 0.20836 0.16842 0.11327 -0.04285 -0.16395 1.57768
4.50000 300.00000 -3.16036 -2.83007 -2.37013 -2.13018 -1.82963 -1.41948 -1.14997 -0.78338 -0.53810 -0.24545 -0.11994 -0.00125 0.05061 0.09386 0.11264 0.10505 0.10557 0.08071 0.05382 0.00529 -0.03258 -0.08369 -0.22415 -0.34343 1.44816
4.50000 350.00000 -3.23456 -2.90532 -2.44705 -2.20819 -1.90921 -1.50185 -1.23489 -0.87305 -0.63221 -0.34798 -0.22837 -0.11883 -0.07372 -0.03965 -0.03387 -0.06015 -0.07119 -0.10680 -0.13606 -0.18400 -0.21974 -0.26698 -0.39349 -0.51122 1.33303
4.50000 400.00000 -3.30051 -2.97233 -2.51576 -2.27798 -1.98060 -1.57612 -1.31175 -0.95477 -0.71853 -0.44284 -0.32923 -0.22890 -0.19049 -0.16548 -0.17227 -0.21606 -0.23739 -0.28168 -0.31226 -0.35859 -0.39178 -0.43490 -0.54804 -0.66439 1.22897
4.50000 450.00000 -3.37535 -3.04829 -2.59358 -2.35695 -2.06131 -1.66002 -1.39863 -1.04722 -0.81625 -0.55046 -0.44371 -0.35389 -0.32309 -0.30816 -0.32866 -0.39067 -0.42196 -0.47327 -0.50388 -0.54681 -0.57641 -0.61430 -0.71233 -0.82723 1.12717
4.50000 500.00000 -3.44170 -3.11575 -2.66288 -2.42744 -2.13360 -1.73557 -1.47720 -1.13150 -0.90590 -0.65012 -0.55031 -0.47097 -0.44764 -0.44252 -0.47609 -0.55481 -0.59468 -0.65109 -0.68097 -0.71989 -0.74579 -0.77859 -0.86291 -0.97658 1.03247
4.50000 600.00000 -3.55049 -3.22700 -2.77825 -2.54554 -2.25588 -1.86558 -1.61456 -1.28274 -1.07036 -0.83918 -0.75620 -0.70196 -0.69628 -0.71379 -0.77647 -0.89007 -0.94581 -1.00838 -1.03400 -1.06179 -1.07867 -1.09985 -1.15604 -1.26741 0.86063
4.50000 700.00000 -3.64880 -3.32766 -2.88280 -2.65262 -2.36679 -1.98358 -1.73914 -1.41970 -1.21891 -1.00892 -0.94018 -0.90682 -0.91545 -0.95103 -1.03628 -1.17569 -1.24245 -1.30854 -1.33092 -1.35099 -1.36191 -1.37570 -1.41521 -1.52535 0.70559
4.50000 800.00000 -3.73918 -3.42037 -2.97937 -2.75169 -2.46969 -2.09343 -1.85548 -1.54811 -1.35850 -1.16872 -1.11336 -1.09919 -1.12076 -1.17225 -1.27669 -1.43654 -1.51085 -1.57726 -1.59570 -1.60825 -1.61382 -1.62127 -1.64769 -1.75694 0.56229
4.50000 1000.00000 -3.89428 -3.58017 -3.14708 -2.92456 -2.65038 -2.28854 -2.06398 -1.78143 -1.61471 -1.46554 -1.43652 -1.45938 -1.50521 -1.58579 -1.72377 -1.91652 -2.00082 -2.06362 -2.07373 -2.07236 -2.06876 -2.06584 -2.07273 -2.18079 0.30525
4.50000 1200.00000 -4.02150 -3.71220 -3.28715 -3.06991 -2.80382 -2.45680 -2.24607 -1.98905 -1.84571 -1.73767 -1.73491 -1.79424 -1.86369 -1.97221 -2.14219 -2.36667 -2.46205 -2.52604 -2.53179 -2.52232 -2.51325 -2.50421 -2.50008 -2.60753 0.06450
4.50000 1500.00000 -4.19692 -3.89500 -3.48252 -3.27359 -3.02024 -2.69679 -2.50798 -2.29138 -2.18471 -2.14011 -2.17717 -2.29043 -2.39398 -2.54193 -2.75552 -3.02112 -3.12980 -3.19424 -3.19440 -3.17526 -3.15999 -3.14427 -3.12914 -3.23605 -0.28036
5.00000 0.00000 -0.19434 0.15083 0.62637 0.87195 1.17656 1.58582 1.84957 2.20100 2.43208 2.70723 2.82975 2.95785 3.02525 3.09784 3.16898 3.25410 3.32662 3.40012 3.42083 3.42286 3.40987 3.38161 3.27022 3.15172 4.55353
5.00000 1.00000 -0.25278 0.09228 0.56759 0.81297 1.11727 1.52585 1.78893 2.13893 2.36856 2.64071 2.76099 2.88543 2.95002 3.01859 3.08367 3.15889 3.22412 3.28821 3.30480 3.30297 3.28841 3.25911 3.14838 3.03021 4.49241
5.00000 5.00000 -0.60195 -0.25692 0.21835 0.46374 0.76808 1.17679 1.44004 1.79043 2.02050 2.29359 2.41459 2.54018 2.60565 2.67545 2.74229 2.82011 2.88691 2.95236 2.96905 2.96669 2.95147 2.92109 2.80672 2.68812 4.11692
5.00000 10.00000 -0.93840 -0.59342 -0.11820 0.12718 0.43154 0.84035 1.10374 1.45450 1.68498 1.95894 2.08058 2.20719 2.27338 2.34414 2.41214 2.49101 2.55762 2.62069 2.63488 2.62820 2.60981 2.57533 2.44974 2.32999 3.78080
5.00000 15.00000 -1.16444 -0.81956 -0.34449 -0.09918 0.20507 0.61372 0.87700 1.22756 1.45788 1.73153 1.85294 1.97915 2.04499 2.11517 2.18214 2.25865 2.32276 2.38099 2.39194 2.38070 2.35932 2.32132 2.18720 2.06664 3.55095
5.00000 20.00000 -1.33549 -0.99073 -0.51579 -0.27057 0.03356 0.44206 0.70515 1.05547 1.28554 1.55878 1.67989 1.80558 1.87099 1.94051 2.00634 2.08052 2.14234 2.19639 2.20462 2.18967 2.16598 2.12527 1.98468 1.86357 3.37949
5.00000 25.00000 -1.47589 -1.13122 -0.65643 -0.41130 -0.10726 0.30104 0.56400 0.91409 1.14398 1.41682 1.53766 1.66290 1.72793 1.79684 1.86162 1.93358 1.99316 2.04304 2.04856 2.02985 2.00374 1.96018 1.81276 1.69102 3.23405
5.00000 30.00000 -1.59015 -1.24557 -0.77091 -0.52584 -0.22192 0.18622 0.44907 0.79896 1.02870 1.30127 1.42191 1.54681 1.61157 1.68006 1.74407 1.81438 1.87227 1.91892 1.92228 1.90055 1.87248 1.82661 1.67352 1.55126 3.11835
5.00000 40.00000 -1.76515 -1.42077 -0.94643 -0.70155 -0.39787 0.00991 0.27244 0.62178 0.85102 1.12271 1.24271 1.36656 1.43050 1.49779 1.55983 1.62643 1.68101 1.72219 1.72229 1.69636 1.66576 1.61704 1.45770 1.33489 2.94069
5.00000 50.00000 -1.90137 -1.55720 -1.08316 -0.83845 -0.53501 -0.12761 0.13460 0.48341 0.71220 0.98304 1.10243 1.22532 1.28849 1.35464 1.41487 1.47811 1.52970 1.56596 1.56318 1.53354 1.50072 1.44951 1.28476 1.16152 2.80465
5.00000 60.00000 -1.97148 -1.62750 -1.15371 -0.90916 -0.60589 -0.19878 0.06324 0.41175 0.64032 0.91083 1.03001 1.15258 1.21551 1.28130 1.34088 1.40284 1.45319 1.48718 1.48292 1.45127 1.41716 1.36444 1.19606 1.07250 2.72303
5.00000 70.00000 -2.02718 -1.68339 -1.20990 -0.96548 -0.66241 -0.25561 0.00617 0.35436 0.58261 0.85262 0.97149 1.09354 1.15607 1.22125 1.27984 1.33989 1.38844 1.41926 1.41303 1.37876 1.34299 1.28837 1.11557 0.99157 2.65298
5.00000 80.00000 -2.06057 -1.71703 -1.24387 -0.99968 -0.69694 -0.29068 -0.02938 0.31786 0.54531 0.81370 0.93139 1.05156 1.11263 1.17574 1.23116 1.28590 1.33039 1.35574 1.34699 1.31019 1.27333 1.21786 1.04498 0.92113 2.59945
5.00000 90.00000 -2.08825 -1.74491 -1.27211 -1.02813 -0.72570 -0.31996 -0.05912 0.28729 0.51394 0.78084 0.89746 1.01591 1.07567 1.13690 1.18949 1.23955 1.28044 1.30117 1.29033 1.25157 1.21389 1.15789 0.98550 0.86183 2.55280
5.00000 100.00000 -2.11322 -1.77013 -1.29767 -1.05391 -0.75178 -0.34655 -0.08619 0.25938 0.48523 0.75063 0.86617 0.98291 1.04135 1.10072 1.15049 1.19594 1.23344 1.24982 1.23709 1.19663 1.15836 1.10206 0.93067 0.80723 2.51025
5.00000 110.00000 -2.13516 -1.79229 -1.32021 -1.07666 -0.77484 -0.37018 -0.11029 0.23438 0.45939 0.72320 0.83759 0.95250 1.00954 1.06693 1.11374 1.15444 1.18846 1.20056 1.18610 1.14425 1.10557 1.04923 0.87960 0.75646 2.47138
5.00000 120.00000 -2.15501 -1.81237 -1.34063 -1.09729 -0.79579 -0.39166 -0.13224 0.21159 0.43580 0.69811 0.81143 0.92463 0.98038 1.03593 1.07999 1.11628 1.14712 1.15531 1.13925 1.09610 1.05704 1.00065 0.83255 0.70968 2.43559
5.00000 130.00000 -2.17459 -1.83219 -1.36081 -1.11769 -0.81651 -0.41292 -0.15400 0.18891 0.41225 0.67294 0.78508 0.89641 0.95074 1.00430 1.04534 1.07680 1.10411 1.10793 1.09007 1.04538 1.00583 0.94927 0.78249 0.65988 2.40055
5.00000 140.00000 -2.19438 -1.85221 -1.38120 -1.13829 -0.83744 -0.43441 -0.17599 0.16601 0.38849 0.64755 0.75854 0.86801 0.92093 0.97252 1.01062 1.03743 1.06144 1.06132 1.04193 0.99610 0.95629 0.89985 0.73500 0.61270 2.36651
5.00000 150.00000 -2.21760 -1.87564 -1.40497 -1.16229 -0.86172 -0.45919 -0.20122 0.13996 0.36169 0.61934 0.72931 0.83720 0.88892 0.93882 0.97442 0.99726 1.01847 1.01500 0.99431 0.94748 0.90743 0.85105 0.68773 0.56566 2.33248
5.00000 175.00000 -2.27268 -1.93130 -1.46150 -1.21935 -0.91955 -0.51836 -0.26154 0.07752 0.29730 0.55120 0.65856 0.76228 0.81087 0.85640 0.88556 0.89846 0.91277 0.90149 0.87801 0.82944 0.78930 0.73367 0.57555 0.45421 2.24803
5.00000 200.00000 -2.32205 -1.98124 -1.51233 -1.27073 -0.97172 -0.57189 -0.31631 0.02051 0.23818 0.48819 0.59274 0.69208 0.73740 0.77837 0.80094 0.80384 0.81151 0.79320 0.76757 0.71815 0.67849 0.62429 0.47283 0.35233 2.17138
5.00000 250.00000 -2.41731 -2.07769 -1.61064 -1.37018 -1.07283 -0.67592 -0.42294 -0.09094 0.12220 0.36369 0.46221 0.55214 0.59046 0.62183 0.63065 0.61340 0.60825 0.57742 0.54863 0.49914 0.46145 0.41113 0.27475 0.15598 2.03008
5.00000 300.00000 -2.49758 -2.15913 -1.69393 -1.45464 -1.15898 -0.76501 -0.51473 -0.18764 0.02090 0.25374 0.34622 0.42676 0.45818 0.48019 0.47586 0.43998 0.42364 0.38298 0.35240 0.30426 0.26911 0.22312 0.10135 -0.01585 1.90837
5.00000 350.00000 -2.56744 -2.23019 -1.76691 -1.52875 -1.23481 -0.84385 -0.59630 -0.27422 -0.07038 0.15369 0.24005 0.31119 0.33571 0.34853 0.33142 0.27800 0.25146 0.20239 0.17065 0.12429 0.09174 0.04986 -0.05889 -0.17477 1.80103
5.00000 400.00000 -2.63026 -2.29422 -1.83283 -1.59586 -1.30365 -0.91574 -0.67096 -0.35397 -0.15486 0.06040 0.14066 0.20250 0.22036 0.22430 0.19525 0.12604 0.09101 0.03616 0.00458 -0.03868 -0.06805 -0.10537 -0.20118 -0.31585 1.70660
5.00000 450.00000 -2.70176 -2.36697 -1.90757 -1.67188 -1.38150 -0.99692 -0.75516 -0.44384 -0.25004 -0.04463 0.02883 0.08039 0.09090 0.08519 0.04331 -0.04232 -0.08578 -0.14581 -0.17680 -0.21642 -0.24235 -0.27493 -0.35798 -0.47151 1.60975
5.00000 500.00000 -2.76611 -2.43257 -1.97517 -1.74073 -1.45225 -1.07102 -0.83234 -0.52672 -0.33827 -0.14271 -0.07600 -0.03456 -0.03120 -0.04615 -0.10011 -0.20062 -0.25125 -0.31484 -0.34463 -0.38022 -0.40270 -0.43070 -0.50219 -0.61474 1.51982
5.00000 600.00000 -2.87053 -2.53966 -2.08670 -1.85510 -1.57093 -1.19758 -0.96624 -0.67439 -0.49891 -0.32726 -0.27676 -0.25930 -0.27258 -0.30868 -0.38930 -0.52056 -0.58423 -0.65121 -0.67619 -0.70091 -0.71507 -0.73263 -0.78019 -0.89088 1.35688
5.00000 700.00000 -2.96665 -2.63829 -2.18939 -1.96035 -1.68000 -1.31349 -1.08840 -0.80808 -0.64320 -0.49079 -0.45306 -0.45415 -0.48006 -0.53187 -0.63177 -0.78426 -0.85637 -0.92484 -0.94635 -0.96384 -0.97268 -0.98383 -1.01749 -1.12720 1.21035
5.00000 800.00000 -3.05491 -2.72912 -2.28430 -2.05787 -1.78140 -1.42187 -1.20316 -0.93454 -0.78043 -0.64723 -0.62212 -0.64118 -0.67911 -0.74554 -0.86282 -1.03318 -1.11132 -1.17883 -1.19621 -1.20634 -1.21014 -1.21543 -1.23739 -1.34634 1.07543
5.00000 1000.00000 -3.20719 -2.88650 -2.44998 -2.22885 -1.96029 -1.61491 -1.40919 -1.16425 -1.03169 -0.93637 -0.93562 -0.98862 -1.04858 -1.14116 -1.28798 -1.48591 -1.57112 -1.63269 -1.64133 -1.63772 -1.63275 -1.62833 -1.63250 -1.74041 0.83357
5.00000 1200.00000 -3.33122 -3.01566 -2.58753 -2.37175 -2.11120 -1.78027 -1.58772 -1.36681 -1.25599 -1.19858 -1.22193 -1.30820 -1.38961 -1.50745 -1.68298 -1.90894 -2.00356 -2.06549 -2.06993 -2.05887 -2.04892 -2.03898 -2.03338 -2.14075 0.61004
5.00000 1500.00000 -3.50236 -3.19472 -2.77964 -2.57228 -2.32442 -2.01648 -1.84496 -1.66234 -1.58588 -1.58739 -1.64743 -1.78318 -1.89563 -2.04910 -2.26348 -2.52483 -2.62979 -2.68972 -2.68798 -2.66708 -2.65101 -2.63459 -2.61852 -2.72540 0.28946
5.50000 0.00000 0.20833 0.54926 1.01266 1.24834 1.53655 1.91460 2.15020 2.45417 2.64811 2.87298 2.97276 3.07945 3.13783 3.20300 3.26785 3.34542 3.41233 3.47787 3.49457 3.49214 3.47686 3.44637 3.33162 3.21298 4.66978
5.50000 1.00000 0.16241 0.50319 0.96633 1.20182 1.48968 1.86702 2.10188 2.40431 2.59667 2.81832 2.91568 3.01842 3.07373 3.13454 3.19274 3.25947 3.31822 3.37304 3.38485 3.37762 3.36020 3.32802 3.21262 3.09416 4.62291
5.50000 5.00000 -0.06817 0.27248 0.73541 0.97076 1.25841 1.63537 1.86984 2.17153 2.36315 2.58333 2.67962 2.78061 2.83458 2.89347 2.94876 3.01069 3.06584 3.11589 3.12548 3.11600 3.09755 3.06453 2.94845 2.83005 4.35898
5.50000 10.00000 -0.34941 -0.00884 0.45397 0.68927 0.97686 1.35378 1.58821 1.88996 2.08164 2.30202 2.39842 2.49957 2.55364 2.61258 2.66776 2.72883 2.78261 2.82933 2.83641 2.82320 2.80225 2.76618 2.64255 2.52344 4.07193
5.50000 15.00000 -0.55416 -0.21369 0.24897 0.48420 0.77167 1.14841 1.38274 1.68428 1.87579 2.09585 2.19204 2.29279 2.34653 2.40493 2.45913 2.51815 2.56979 2.61255 2.61704 2.60029 2.57708 2.53840 2.40869 2.28902 3.86361
5.50000 20.00000 -0.71495 -0.37461 0.08789 0.32301 0.61037 0.98691 1.22108 1.52233 1.71360 1.93318 2.02901 2.12918 2.18242 2.24009 2.29309 2.34966 2.39901 2.43782 2.43987 2.41990 2.39474 2.35380 2.21907 2.09897 3.70541
5.50000 25.00000 -0.84705 -0.50680 -0.04449 0.19053 0.47775 0.85405 1.08803 1.38891 1.57985 1.79880 1.89417 1.99356 2.04616 2.10289 2.15429 2.20784 2.25442 2.28857 2.28781 2.26417 2.23675 2.19333 2.05308 1.93253 3.56968
5.50000 30.00000 -0.95739 -0.61727 -0.15508 0.07984 0.36696 0.74309 0.97692 1.27760 1.46835 1.68693 1.78204 1.88100 1.93325 1.98943 2.03990 2.09154 2.13630 2.16714 2.16429 2.13785 2.10870 2.06327 1.91836 1.79741 3.45994
5.50000 40.00000 -1.12595 -0.78604 -0.32418 -0.08944 0.19744 0.57319 0.80671 1.10687 1.29717 1.51492 1.60944 1.70740 1.75888 1.81389 1.86245 1.91046 1.95193 1.97727 1.97114 1.94045 1.90874 1.86042 1.70924 1.58775 3.29174
5.50000 50.00000 -1.25852 -0.91883 -0.45728 -0.22271 0.06392 0.43930 0.67255 0.97223 1.16209 1.37909 1.47307 1.57017 1.62095 1.67495 1.72186 1.76680 1.80555 1.82639 1.81762 1.78357 1.74985 1.69929 1.54331 1.42143 3.16281
5.50000 60.00000 -1.32919 -0.98969 -0.52841 -0.29398 -0.00752 0.36762 0.60073 0.90021 1.08997 1.30686 1.40075 1.49776 1.54846 1.60231 1.64886 1.69289 1.73052 1.74901 1.73854 1.70205 1.66671 1.61420 1.45337 1.33101 3.08574
5.50000 70.00000 -1.38300 -1.04373 -0.58273 -0.34846 -0.06220 0.31266 0.54553 0.84468 1.03418 1.25062 1.34425 1.44077 1.49109 1.54438 1.59000 1.63216 1.66800 1.68337 1.67095 1.63184 1.59486 1.54049 1.37539 1.25266 3.01965
5.50000 80.00000 -1.41581 -1.07677 -0.61617 -0.38210 -0.09617 0.27814 0.51052 0.80879 0.99745 1.21230 1.30479 1.39947 1.44836 1.49961 1.54215 1.57920 1.61117 1.62136 1.60656 1.56506 1.52702 1.47180 1.30631 1.18368 2.96954
5.50000 90.00000 -1.44257 -1.10379 -0.64355 -0.40972 -0.12410 0.24966 0.48158 0.77897 0.96682 1.18012 1.27147 1.36436 1.41189 1.46122 1.50085 1.53320 1.56169 1.56749 1.55078 1.50756 1.46889 1.41330 1.24859 1.12617 2.92619
5.50000 100.00000 -1.46676 -1.12821 -0.66836 -0.43474 -0.14944 0.22378 0.45519 0.75173 0.93876 1.15052 1.24077 1.33188 1.37807 1.42547 1.46224 1.48999 1.51515 1.51681 1.49838 1.45371 1.41453 1.35876 1.19515 1.07292 2.88666
5.50000 110.00000 -1.48748 -1.14918 -0.68971 -0.45632 -0.17135 0.20131 0.43222 0.72787 0.91405 1.12420 1.21328 1.30255 1.34734 1.39277 1.42657 1.44967 1.47148 1.46913 1.44912 1.40315 1.36365 1.30784 1.14582 1.02387 2.85107
5.50000 120.00000 -1.50666 -1.16862 -0.70953 -0.47635 -0.19172 0.18040 0.41084 0.70554 0.89089 1.09944 1.18738 1.27483 1.31823 1.36169 1.39263 1.41118 1.42979 1.42364 1.40215 1.35512 1.31535 1.25965 1.09933 0.97765 2.81807
5.50000 130.00000 -1.52591 -1.18811 -0.72939 -0.49648 -0.21218 0.15934 0.38925 0.68299 0.86741 1.07421 1.16088 1.24634 1.28818 1.32956 1.35733 1.37095 1.38613 1.37596 1.35297 1.30484 1.26484 1.20928 1.05100 0.92962 2.78597
5.50000 140.00000 -1.54513 -1.20758 -0.74925 -0.51657 -0.23261 0.13832 0.36771 0.66051 0.84404 1.04914 1.13459 1.21810 1.25851 1.29782 1.32258 1.33153 1.34346 1.32954 1.30516 1.25604 1.21590 1.16055 1.00422 0.88313 2.75430
5.50000 150.00000 -1.56730 -1.22998 -0.77202 -0.53955 -0.25589 0.11452 0.34344 0.63542 0.81821 1.02187 1.10631 1.18820 1.22739 1.26501 1.28724 1.29228 1.30146 1.28433 1.25868 1.20864 1.16824 1.11292 0.95786 0.83697 2.72302
5.50000 175.00000 -1.62120 -1.28451 -0.82749 -0.59559 -0.31277 0.05625 0.28394 0.57367 0.75433 0.95402 1.03563 1.11307 1.14893 1.18192 1.19749 1.19246 1.19499 1.17084 1.14306 1.09215 1.05223 0.99828 0.84960 0.72949 2.64397
5.50000 200.00000 -1.66863 -1.33257 -0.87653 -0.64523 -0.36323 0.00431 0.23070 0.51803 0.69645 0.89192 0.97052 1.04325 1.07560 1.10377 1.11242 1.09725 1.09329 1.06280 1.03338 0.98235 0.94335 0.89127 0.74997 0.63073 2.57192
5.50000 250.00000 -1.75984 -1.42506 -0.97098 -0.74088 -0.46063 -0.09607 0.12761 0.41002 0.58379 0.77050 0.84294 0.90605 0.93127 0.94973 0.94467 0.90983 0.89378 0.85214 0.82031 0.76999 0.73325 0.68525 0.55846 0.44080 2.43700
5.50000 300.00000 -1.83663 -1.50312 -1.05104 -0.82215 -0.54364 -0.18215 0.03881 0.31620 0.48528 0.66319 0.72945 0.78301 0.80126 0.81035 0.79229 0.73952 0.71312 0.66306 0.63021 0.58198 0.54812 0.50462 0.39199 0.27578 2.32153
5.50000 350.00000 -1.90315 -1.57093 -1.12086 -0.89319 -0.61647 -0.25811 -0.03996 0.23226 0.39655 0.56545 0.62547 0.66946 0.68078 0.68066 0.65010 0.58076 0.54533 0.48892 0.45605 0.41088 0.38024 0.34146 0.24234 0.12741 2.22290
5.50000 400.00000 -1.96237 -1.63144 -1.18339 -0.95696 -0.68203 -0.32682 -0.11150 0.15551 0.31496 0.47490 0.52868 0.56329 0.56787 0.55893 0.51658 0.43217 0.38902 0.32802 0.29587 0.25431 0.22704 0.19283 0.10614 -0.00768 2.13393
5.50000 450.00000 -2.02665 -1.69706 -1.25105 -1.02590 -0.75287 -0.40093 -0.18862 0.07289 0.22718 0.37760 0.42485 0.44958 0.44718 0.42914 0.37484 0.27557 0.22512 0.16023 0.12907 0.09132 0.06737 0.03767 -0.03755 -0.15038 2.04179
5.50000 500.00000 -2.08469 -1.75640 -1.31247 -1.08861 -0.81744 -0.46881 -0.25946 -0.00343 0.14577 0.28685 0.32771 0.34292 0.33386 0.30719 0.24184 0.12918 0.07255 0.00497 -0.02486 -0.05874 -0.07949 -0.10505 -0.17015 -0.28215 1.95649
5.50000 600.00000 -2.18203 -1.85655 -1.41713 -1.19612 -0.92920 -0.58822 -0.38594 -0.14305 -0.00613 0.11240 0.13804 0.13085 0.10632 0.06018 -0.02944 -0.16930 -0.23679 -0.30580 -0.33043 -0.35363 -0.36646 -0.38231 -0.42576 -0.53614 1.80339
5.50000 700.00000 -2.27388 -1.95102 -1.51568 -1.29722 -1.03401 -0.69954 -0.50311 -0.27080 -0.14358 -0.04244 -0.02828 -0.05201 -0.08770 -0.14757 -0.25369 -0.41081 -0.48425 -0.55224 -0.57262 -0.58810 -0.59558 -0.60513 -0.63554 -0.74503 1.66591
5.50000 800.00000 -2.35935 -2.03912 -1.60795 -1.39205 -1.13263 -0.80480 -0.61434 -0.39291 -0.27558 -0.19202 -0.18936 -0.22944 -0.27598 -0.34902 -0.47061 -0.64326 -0.72159 -0.78797 -0.80427 -0.81280 -0.81558 -0.81975 -0.83955 -0.94836 1.53978
5.50000 1000.00000 -2.50603 -2.19108 -1.76831 -1.55764 -1.30591 -0.99161 -0.81332 -0.61388 -0.51639 -0.46754 -0.48708 -0.55796 -0.62439 -0.72079 -0.86840 -1.06420 -1.14729 -1.20586 -1.21305 -1.20790 -1.20213 -1.19694 -1.19990 -1.30774 1.31277
5.50000 1200.00000 -2.62460 -2.31504 -1.90084 -1.69554 -1.45171 -1.15146 -0.98583 -0.80927 -0.73239 -0.71934 -0.76159 -0.86378 -0.95034 -1.07038 -1.24458 -1.46583 -1.55695 -1.61478 -1.61750 -1.60477 -1.59407 -1.58346 -1.57694 -1.68426 1.10581
5.50000 1500.00000 -2.79138 -2.49002 -2.08903 -1.89208 -1.66068 -1.38250 -1.23684 -1.09621 -1.05131 -1.09270 -1.16863 -1.31580 -1.43032 -1.58196 -1.78968 -2.03919 -2.13635 -2.18770 -2.18263 -2.15871 -2.14139 -2.12393 -2.10667 -2.21351 0.80981
6.00000 0.00000 0.62254 0.94631 1.38033 1.59733 1.85866 2.19291 2.39374 2.64590 2.80403 2.98670 3.06991 3.16284 3.21613 3.27758 3.33938 3.41300 3.47649 3.53628 3.54952 3.54261 3.52461 3.49108 3.36966 3.25048 4.75409
6.00000 1.00000 0.58166 0.90531 1.33909 1.55589 1.81692 2.15053 2.35068 2.60144 2.75814 2.93784 3.01883 3.10810 3.15855 3.21589 3.27149 3.33466 3.39007 3.43886 3.44681 3.43434 3.41365 3.37773 3.25363 3.13445 4.71404
6.00000 5.00000 0.43351 0.75697 1.19036 1.40693 1.66755 2.00031 2.19961 2.44870 2.60364 2.77987 2.85828 2.94338 2.99063 3.04347 3.09233 3.14488 3.19275 3.23246 3.23679 3.22145 3.19995 3.16391 3.04306 2.92441 4.53568
6.00000 10.00000 0.22332 0.54662 0.97980 1.19623 1.45665 1.78904 1.98801 2.23643 2.39077 2.56575 2.64327 2.72689 2.77302 2.82425 2.87067 2.91919 2.96400 2.99961 3.00202 2.98469 2.96225 2.92539 2.80370 2.68506 4.31134
6.00000 15.00000 0.04749 0.37068 0.80369 1.02002 1.28029 1.61248 1.81126 2.05934 2.21337 2.38778 2.46484 2.54776 2.59331 2.64368 2.68873 2.73472 2.77732 2.80938 2.80974 2.78985 2.76591 2.72742 2.60234 2.48343 4.13411
6.00000 20.00000 -0.09686 0.22621 0.65906 0.87529 1.13543 1.46740 1.66602 1.91383 2.06759 2.24148 2.31819 2.40044 2.44549 2.49508 2.53884 2.58237 2.62272 2.65099 2.64908 2.62626 2.60056 2.56011 2.43080 2.31154 3.99332
6.00000 25.00000 -0.21816 0.10479 0.53743 0.75355 1.01353 1.34522 1.54358 1.79093 1.94426 2.11729 2.19334 2.27454 2.31873 2.36711 2.40888 2.44877 2.48597 2.50929 2.50458 2.47830 2.45058 2.40795 2.27423 2.15464 3.86831
6.00000 30.00000 -0.32374 -0.00091 0.43158 0.64761 0.90746 1.23897 1.43717 1.68426 1.83736 2.00994 2.08567 2.16632 2.21006 2.25773 2.29837 2.33606 2.37120 2.39099 2.38416 2.35509 2.32568 2.28112 2.14324 2.02328 3.76486
6.00000 40.00000 -0.48789 -0.16527 0.26690 0.48278 0.74239 1.07356 1.27150 1.51814 1.67084 1.84270 1.91790 1.99767 2.04069 2.08727 2.12604 2.16005 2.19171 2.20551 2.19495 2.16102 2.12863 2.08071 1.93532 1.81473 3.60678
6.00000 50.00000 -0.61705 -0.29466 0.13721 0.35290 0.61231 0.94315 1.14083 1.38705 1.53939 1.71061 1.78535 1.86436 1.90678 1.95245 1.98972 2.02088 2.04996 2.05936 2.04618 2.00885 1.97442 1.92422 1.77387 1.65286 3.48545
6.00000 60.00000 -0.68680 -0.36461 0.06701 0.28258 0.54185 0.87252 1.07012 1.31628 1.46865 1.64002 1.71487 1.79407 1.83663 1.88245 1.91983 1.95073 1.97914 1.98668 1.97199 1.93236 1.89634 1.84418 1.68886 1.56738 3.41260
6.00000 70.00000 -0.74012 -0.41811 0.01321 0.22864 0.48773 0.81815 1.01557 1.26151 1.41374 1.58483 1.65955 1.73849 1.78082 1.82630 1.86305 1.89258 1.91954 1.92431 1.90779 1.86563 1.82798 1.77394 1.61417 1.49229 3.34994
6.00000 80.00000 -0.77248 -0.45072 -0.01975 0.19546 0.45425 0.78417 0.98116 1.22633 1.37782 1.54753 1.62123 1.69855 1.73963 1.78333 1.81735 1.84231 1.86575 1.86569 1.84684 1.80220 1.76335 1.70820 1.54715 1.42525 3.30324
6.00000 90.00000 -0.79884 -0.47731 -0.04673 0.16826 0.42672 0.75614 0.95266 1.19699 1.34767 1.51591 1.58850 1.66407 1.70382 1.74563 1.77683 1.79727 1.81742 1.81324 1.79265 1.74645 1.70703 1.65158 1.49124 1.36951 3.26235
6.00000 100.00000 -0.82118 -0.49993 -0.06972 0.14505 0.40320 0.73206 0.92813 1.17161 1.32151 1.48821 1.55972 1.63355 1.67197 1.71192 1.74036 1.75646 1.77354 1.76575 1.74375 1.69648 1.65680 1.60142 1.44265 1.32115 3.22576
6.00000 110.00000 -0.84150 -0.52050 -0.09068 0.12386 0.38170 0.70998 0.90555 1.14810 1.29713 1.46214 1.53248 1.60437 1.64134 1.67926 1.70469 1.71609 1.72988 1.71822 1.69475 1.64639 1.60648 1.55118 1.39416 1.27295 3.19232
6.00000 120.00000 -0.85822 -0.53750 -0.10806 0.10624 0.36370 0.69140 0.88642 1.12797 1.27605 1.43923 1.50823 1.57804 1.61342 1.64913 1.67133 1.67781 1.68827 1.67300 1.64834 1.59938 1.55957 1.50484 1.35073 1.22989 3.16227
6.00000 130.00000 -0.87714 -0.55668 -0.12763 0.08641 0.34354 0.67065 0.86513 1.10568 1.25281 1.41421 1.48187 1.54961 1.58344 1.61696 1.63595 1.63748 1.64456 1.62542 1.59938 1.54947 1.50955 1.45505 1.30307 1.18252 3.13197
6.00000 140.00000 -0.89781 -0.57760 -0.14895 0.06488 0.32167 0.64825 0.84225 1.08193 1.22823 1.38804 1.45461 1.52056 1.55301 1.58466 1.60088 1.59814 1.60223 1.57967 1.55233 1.50147 1.46134 1.40692 1.25636 1.13604 3.10103
6.00000 150.00000 -0.91959 -0.59964 -0.17135 0.04226 0.29876 0.62479 0.81833 1.05718 1.20271 1.36107 1.42658 1.49085 1.52207 1.55194 1.56561 1.55893 1.56032 1.53464 1.50614 1.45444 1.41413 1.35980 1.21060 1.09048 3.07134
6.00000 175.00000 -0.97138 -0.65207 -0.22477 -0.01175 0.24391 0.56850 0.76076 0.99724 1.14056 1.29468 1.35718 1.41672 1.44441 1.46944 1.47616 1.45930 1.45424 1.42230 1.39223 1.34054 1.30123 1.24888 1.10729 0.98804 2.99710
6.00000 200.00000 -1.01929 -0.70060 -0.27430 -0.06187 0.19296 0.51611 0.70707 0.94121 1.08231 1.23224 1.29173 1.34661 1.37081 1.39106 1.39099 1.36421 1.35288 1.31485 1.28322 1.23136 1.19288 1.14221 1.00717 0.88867 2.92898
6.00000 250.00000 -1.10579 -0.78843 -0.36412 -0.15291 0.10015 0.42025 0.60849 0.83759 0.97394 1.11486 1.16800 1.21292 1.22980 1.24014 1.22616 1.17982 1.15681 1.10857 1.07510 1.02466 0.98880 0.94257 0.82229 0.70535 2.80308
6.00000 300.00000 -1.17876 -0.86270 -0.44040 -0.23040 0.02091 0.33797 0.52351 0.74764 0.87931 1.01145 1.05842 1.09384 1.10380 1.10488 1.07821 1.01476 0.98219 0.92677 0.89289 0.84517 0.81244 0.77087 0.66453 0.54895 2.69598
6.00000 350.00000 -1.24267 -0.92795 -0.50768 -0.29894 -0.04941 0.26454 0.44727 0.66623 0.79306 0.91613 0.95677 0.98256 0.98558 0.97749 0.93854 0.85916 0.81828 0.75770 0.72442 0.68039 0.65119 0.61455 0.52174 0.40741 2.60260
6.00000 400.00000 -1.30014 -0.98674 -0.56851 -0.36100 -0.11327 0.19756 0.37750 0.59129 0.71333 0.82746 0.86193 0.87838 0.87475 0.85799 0.80760 0.71395 0.66607 0.60189 0.56976 0.52972 0.50399 0.47200 0.39126 0.27797 2.51900
6.00000 450.00000 -1.35979 -1.04772 -0.63157 -0.42529 -0.17939 0.12827 0.30534 0.51390 0.63102 0.73608 0.76433 0.77144 0.76120 0.73590 0.67442 0.56728 0.51302 0.44593 0.41510 0.37895 0.35648 0.32878 0.25865 0.14627 2.43233
6.00000 500.00000 -1.41437 -1.10362 -0.68950 -0.48450 -0.24044 0.06404 0.23825 0.44157 0.55382 0.64993 0.67208 0.67014 0.65359 0.62022 0.54853 0.42948 0.37013 0.30165 0.27271 0.24089 0.22180 0.19828 0.13806 0.02644 2.35346
6.00000 600.00000 -1.50624 -1.19830 -0.78863 -0.58639 -0.34637 -0.04911 0.11850 0.30961 0.41047 0.48571 0.49379 0.47123 0.44058 0.38956 0.29622 0.15365 0.08570 0.01797 -0.00524 -0.02622 -0.03760 -0.05179 -0.09183 -0.20198 2.21088
6.00000 700.00000 -1.59522 -1.28990 -0.88426 -0.68445 -0.44799 -0.15686 0.00529 0.18653 0.27841 0.33755 0.33498 0.29712 0.25619 0.19256 0.08415 -0.07389 -0.14691 -0.21319 -0.23224 -0.24594 -0.25232 -0.26068 -0.28879 -0.39814 2.08081
6.00000 800.00000 -1.67393 -1.37129 -0.96978 -0.77252 -0.53972 -0.25503 -0.09862 0.07222 0.15464 0.19701 0.18353 0.13026 0.07915 0.00339 -0.11890 -0.28984 -0.36584 -0.42809 -0.44200 -0.44769 -0.44891 -0.45148 -0.46856 -0.57721 1.96346
6.00000 1000.00000 -1.81509 -1.51776 -1.12448 -0.93224 -0.70675 -0.43470 -0.28958 -0.13899 -0.07479 -0.06424 -0.09805 -0.17950 -0.24873 -0.34566 -0.49129 -0.68240 -0.76194 -0.81597 -0.82108 -0.81381 -0.80704 -0.80090 -0.80246 -0.91022 1.75182
6.00000 1200.00000 -1.93111 -1.63918 -1.25433 -1.06732 -0.84947 -0.59078 -0.45763 -0.32859 -0.28374 -0.30674 -0.36180 -0.47240 -0.56023 -0.67881 -0.84836 -1.06130 -1.14666 -1.19762 -1.19747 -1.18197 -1.17002 -1.15830 -1.15031 -1.25758 1.55788
6.00000 1500.00000 -2.09590 -1.81215 -1.44026 -1.26130 -1.05528 -0.81737 -0.70284 -0.60708 -0.59178 -0.66497 -0.75096 -0.90270 -1.01591 -1.16294 -1.36210 -1.59864 -1.68766 -1.73030 -1.72190 -1.69507 -1.67656 -1.65813 -1.63980 -1.74657 1.28285
6.50000 0.00000 1.03868 1.33475 1.72618 1.91841 2.14636 2.43076 2.59539 2.79862 2.92638 3.07716 3.14931 3.23394 3.28448 3.34400 3.40430 3.47563 3.53696 3.59287 3.60367 3.59348 3.57343 3.53754 3.41067 3.29100 4.81837
6.50000 1.00000 1.00255 1.29849 1.68973 1.88180 2.10948 2.39331 2.55736 2.75939 2.88589 3.03409 3.10429 3.18570 3.23372 3.28960 3.34428 3.40600 3.45970 3.50482 3.51015 3.49393 3.47076 3.43183 3.30042 3.18052 4.78134
6.50000 5.00000 0.90308 1.19880 1.58962 1.78138 2.00857 2.29138 2.45441 2.65432 2.77868 2.92254 2.98953 3.06574 3.10978 3.16006 3.20640 3.25507 3.29958 3.33400 3.33529 3.31619 3.29248 3.25402 3.12827 3.00923 4.65928
6.50000 10.00000 0.75780 1.05333 1.44379 1.63534 1.86213 2.14423 2.30653 2.50502 2.62792 2.76892 2.83380 2.90665 2.94815 2.99493 3.03621 3.07739 3.11714 3.14694 3.14720 3.12834 3.10561 3.06900 2.95010 2.83188 4.49673
6.50000 15.00000 0.61688 0.91228 1.30254 1.49398 1.72061 2.00241 2.16444 2.36240 2.48485 2.62488 2.68908 2.76080 2.80144 2.84699 2.88640 2.92452 2.96196 2.98867 2.98746 2.96708 2.94363 2.90637 2.78675 2.66851 4.35577
6.50000 20.00000 0.49096 0.78624 1.17635 1.36768 1.59419 1.87576 2.03762 2.23528 2.35741 2.49691 2.56066 2.63168 2.67176 2.71649 2.75457 2.79024 2.82554 2.84884 2.84566 2.82287 2.79800 2.75919 2.63645 2.51797 4.23439
6.50000 25.00000 0.37684 0.67202 1.06196 1.25318 1.47957 1.76094 1.92262 2.11997 2.24180 2.38068 2.44400 2.51428 2.55377 2.59758 2.63418 2.66701 2.69976 2.71882 2.71315 2.68716 2.66039 2.61950 2.49233 2.37348 4.12354
6.50000 30.00000 0.27741 0.57247 0.96228 1.15343 1.37972 1.66094 1.82252 2.01969 2.14138 2.27999 2.34312 2.41302 2.45220 2.49553 2.53127 2.56231 2.59325 2.60906 2.60132 2.57259 2.54411 2.50127 2.36974 2.25051 4.02924
6.50000 40.00000 0.11981 0.41467 0.80417 0.99517 1.22125 1.50220 1.66355 1.86037 1.98175 2.11978 2.18247 2.25163 2.29018 2.33256 2.36661 2.39419 2.42176 2.43152 2.41997 2.38618 2.35457 2.30816 2.16867 2.04878 3.88110
6.50000 50.00000 -0.00381 0.29084 0.68005 0.87089 1.09678 1.37744 1.53854 1.73501 1.85607 1.99355 2.05583 2.12432 2.16234 2.20390 2.23660 2.26160 2.28681 2.29261 2.27871 2.24182 2.20840 2.15992 2.01601 1.89575 3.76635
6.50000 60.00000 -0.07248 0.22199 0.61100 0.80175 1.02753 1.30811 1.46926 1.66583 1.78712 1.92507 1.98773 2.05683 2.09528 2.13741 2.17085 2.19655 2.22180 2.22647 2.21139 2.17246 2.13751 2.08713 1.93811 1.81735 3.69753
6.50000 70.00000 -0.12485 0.16942 0.55819 0.74880 0.97445 1.25486 1.41589 1.61243 1.73369 1.87168 1.93437 2.00352 2.04198 2.08407 2.11730 2.14220 2.16626 2.16833 2.15130 2.10953 2.07270 2.02006 1.86548 1.74420 3.63880
6.50000 80.00000 -0.15694 0.13710 0.52552 0.71594 0.94132 1.22129 1.38197 1.57779 1.69840 1.83514 1.89692 1.96460 2.00193 2.04239 2.07314 2.09384 2.11460 2.11204 2.09271 2.04841 2.01029 1.95642 1.80004 1.67868 3.59483
6.50000 90.00000 -0.18160 0.11221 0.50028 0.69049 0.91557 1.19506 1.35531 1.55036 1.67024 1.80560 1.86638 1.93244 1.96854 2.00727 2.03544 2.05203 2.06984 2.06362 2.04276 1.99715 1.95856 1.90446 1.74884 1.62765 3.55709
6.50000 100.00000 -0.20390 0.08966 0.47735 0.66737 0.89217 1.17117 1.33098 1.52525 1.64442 1.77836 1.83812 1.90257 1.93743 1.97443 2.00002 2.01256 2.02748 2.01782 1.99557 1.94883 1.90991 1.85573 1.70120 1.58020 3.52276
6.50000 110.00000 -0.22186 0.07144 0.45876 0.64854 0.87299 1.15141 1.31070 1.50396 1.62219 1.75430 1.81274 1.87505 1.90830 1.94307 1.96538 1.97291 1.98442 1.97097 1.94742 1.89993 1.86102 1.80729 1.65539 1.53475 3.49244
6.50000 120.00000 -0.23848 0.05456 0.44150 0.63103 0.85516 1.13299 1.29174 1.48404 1.60132 1.73163 1.78875 1.84898 1.88067 1.91325 1.93238 1.93505 1.94331 1.92631 1.90159 1.85348 1.81465 1.76141 1.61218 1.49189 3.46426
6.50000 130.00000 -0.25905 0.03374 0.42030 0.60963 0.83343 1.11072 1.26899 1.46040 1.57684 1.70552 1.76146 1.81981 1.85008 1.88068 1.89690 1.89508 1.90022 1.87962 1.85355 1.80442 1.76537 1.71219 1.56446 1.44438 3.43503
6.50000 140.00000 -0.27942 0.01313 0.39929 0.58841 0.81190 1.08866 1.24646 1.43700 1.55260 1.67968 1.73446 1.79098 1.81987 1.84854 1.86194 1.85579 1.85796 1.83400 1.80669 1.75671 1.71751 1.66449 1.51834 1.39847 3.40590
6.50000 150.00000 -0.29961 -0.00732 0.37847 0.56737 0.79055 1.06676 1.22407 1.41374 1.52848 1.65394 1.70757 1.76224 1.78974 1.81651 1.82716 1.81690 1.81638 1.78960 1.76143 1.71109 1.67205 1.61954 1.47578 1.35622 3.37907
6.50000 175.00000 -0.35052 -0.05886 0.32599 0.51431 0.73665 1.01144 1.16748 1.35476 1.46728 1.58841 1.63896 1.68877 1.71266 1.73449 1.73811 1.71772 1.71091 1.67831 1.64888 1.59897 1.56119 1.51095 1.37531 1.25666 3.30936
6.50000 200.00000 -0.39907 -0.10804 0.27587 0.46362 0.68517 0.95857 1.11338 1.29840 1.40874 1.52573 1.57332 1.61851 1.63897 1.65606 1.65296 1.62279 1.60979 1.57110 1.54002 1.48976 1.45264 1.40384 1.27406 1.15605 3.24538
6.50000 250.00000 -0.48312 -0.19336 0.18860 0.37518 0.59503 0.86553 1.01770 1.19783 1.30355 1.41169 1.45302 1.48845 1.50170 1.50911 1.49253 1.44359 1.41960 1.37172 1.33933 1.29100 1.25672 1.21254 1.09745 0.98097 3.12731
6.50000 300.00000 -0.55414 -0.26566 0.11435 0.29976 0.51793 0.78549 0.93502 1.11027 1.21135 1.31079 1.34594 1.37191 1.37829 1.37651 1.34741 1.28183 1.24873 1.19433 1.16189 1.11660 1.08561 1.04617 0.94497 0.82983 3.02623
6.50000 350.00000 -0.61615 -0.32898 0.04905 0.23324 0.44968 0.71419 0.86097 1.03110 1.12735 1.21770 1.24651 1.26280 1.26223 1.25129 1.21002 1.12891 1.08793 1.02911 0.99762 0.95644 0.92916 0.89482 0.80725 0.69333 2.93815
6.50000 400.00000 -0.67175 -0.38587 -0.00983 0.17316 0.38786 0.64934 0.79338 0.95845 1.04994 1.13138 1.15403 1.16100 1.15383 1.13434 1.08188 0.98703 0.93960 0.87798 0.84803 0.81124 0.78763 0.75810 0.68262 0.56973 2.85856
6.50000 450.00000 -0.72753 -0.44297 -0.06892 0.11286 0.32581 0.58425 0.72555 0.88556 0.97231 1.04493 1.06153 1.05944 1.04591 1.01826 0.95534 0.84813 0.79524 0.73194 0.70383 0.67150 0.65140 0.62634 0.56160 0.44958 2.77895
6.50000 500.00000 -0.77866 -0.49537 -0.12331 0.05727 0.26848 0.52388 0.66245 0.81743 0.89946 0.96342 0.97412 0.96327 0.94367 0.90830 0.83567 0.71741 0.65998 0.59596 0.56998 0.54211 0.52534 0.50444 0.44925 0.33796 2.70515
6.50000 600.00000 -0.86413 -0.58356 -0.21572 -0.03774 0.16963 0.41826 0.55064 0.69415 0.76547 0.80980 0.80727 0.77715 0.74440 0.69275 0.60040 0.46151 0.39733 0.33588 0.31626 0.29952 0.29050 0.27875 0.24293 0.13303 2.57282
6.50000 700.00000 -0.94869 -0.67068 -0.30674 -0.13113 0.07285 0.31562 0.44276 0.57672 0.63930 0.66790 0.65497 0.60993 0.56718 0.50336 0.39664 0.24337 0.17488 0.11571 0.10050 0.09124 0.08725 0.08130 0.05719 -0.05194 2.44983
6.50000 800.00000 -1.02009 -0.74467 -0.38475 -0.21157 -0.01113 0.22546 0.34708 0.47101 0.52443 0.53679 0.51335 0.45351 0.40117 0.32602 0.20676 0.04281 -0.02700 -0.08002 -0.08917 -0.08953 -0.08797 -0.08781 -0.10064 -0.20908 2.34093
6.50000 1000.00000 -1.15621 -0.88592 -0.53380 -0.36534 -0.17172 0.05310 0.16425 0.26943 0.30595 0.28881 0.24653 0.16079 0.09189 -0.00243 -0.14238 -0.32323 -0.39490 -0.43856 -0.43884 -0.42657 -0.41732 -0.40892 -0.40728 -0.51491 2.14323
6.50000 1200.00000 -1.27049 -1.00542 -0.66137 -0.49787 -0.31146 -0.09918 0.00074 0.08569 0.10405 0.05537 -0.00682 -0.11972 -0.20582 -0.31994 -0.48136 -0.68082 -0.75655 -0.79558 -0.79016 -0.76948 -0.75508 -0.74121 -0.73044 -0.83761 1.96014
6.50000 1500.00000 -1.42871 -1.17167 -0.84019 -0.68449 -0.50945 -0.31721 -0.23526 -0.18250 -0.19274 -0.28987 -0.38174 -0.53377 -0.64367 -0.78402 -0.97180 -1.19012 -1.26652 -1.29406 -1.27930 -1.24642 -1.22521 -1.20450 -1.18345 -1.29015 1.70236
7.00000 0.00000 1.43438 1.69597 2.03775 2.20266 2.39552 2.63104 2.76273 2.92488 3.02924 3.15736 3.22202 3.30087 3.34906 3.40638 3.46400 3.53098 3.58885 3.63987 3.64816 3.63521 3.61371 3.57641 3.44736 3.32760 4.90777
7.00000 1.00000 1.40286 1.66437 2.00598 2.17076 2.36343 2.59844 2.72966 2.89083 2.99416 3.12014 3.18320 3.25937 3.30551 3.35976 3.41261 3.47141 3.52265 3.56401 3.56728 3.54854 3.52395 3.48352 3.34919 3.22909 4.87059
7.00000 5.00000 1.32973 1.59103 1.93224 2.09674 2.28894 2.52306 2.65333 2.81255 2.91392 3.03592 3.09603 3.16741 3.20989 3.25900 3.30421 3.35099 3.39380 3.42527 3.42481 3.40343 3.37835 3.33838 3.20924 3.08990 4.77678
7.00000 10.00000 1.22320 1.48433 1.82523 1.98951 2.18137 2.41479 2.54439 2.70228 2.80229 2.92159 2.97972 3.04794 3.08804 3.13389 3.17437 3.21424 3.25273 3.28028 3.27909 3.25836 3.23446 3.19655 3.07471 2.95623 4.65514
7.00000 15.00000 1.11260 1.37358 1.71428 1.87843 2.07009 2.30318 2.43245 2.58969 2.68907 2.80712 2.86434 2.93111 2.97011 3.01442 3.05264 3.08903 3.12513 3.14997 3.14782 3.12642 3.10244 3.06466 2.94426 2.82598 4.54372
7.00000 20.00000 1.00636 1.26723 1.60777 1.77182 1.96336 2.19622 2.32529 2.48219 2.58121 2.69861 2.75533 2.82128 2.85963 2.90301 2.93976 2.97358 3.00755 3.02919 3.02531 3.00186 2.97673 2.93776 2.81513 2.69668 4.44178
7.00000 25.00000 0.90718 1.16795 1.50833 1.67229 1.86370 2.09637 2.22526 2.38184 2.48055 2.59734 2.65362 2.71881 2.75658 2.79907 2.83441 2.86564 2.89736 2.91543 2.90952 2.88354 2.85695 2.81639 2.69055 2.57186 4.34843
7.00000 30.00000 0.82152 1.08219 1.42243 1.58634 1.77766 2.01019 2.13900 2.29543 2.39400 2.51053 2.56660 2.63145 2.66892 2.71096 2.74548 2.77502 2.80508 2.82014 2.81234 2.78383 2.75569 2.71336 2.58357 2.46455 4.26753
7.00000 40.00000 0.67665 0.93712 1.27711 1.44089 1.63206 1.86435 1.99300 2.14916 2.24755 2.36369 2.41949 2.48385 2.52089 2.56224 2.59555 2.62247 2.64986 2.66001 2.64907 2.61633 2.58554 2.54019 2.40356 2.28395 4.13358
7.00000 50.00000 0.56328 0.82358 1.16332 1.32698 1.51799 1.75009 1.87858 2.03454 2.13277 2.24864 2.30421 2.36823 2.40500 2.44587 2.47836 2.50344 2.52897 2.53564 2.52246 2.48667 2.45399 2.40643 2.26481 2.14475 4.02914
7.00000 60.00000 0.49835 0.75849 1.09805 1.26163 1.45254 1.68463 1.81315 1.96927 2.06772 2.18410 2.24008 2.30470 2.34191 2.38341 2.41665 2.44258 2.46828 2.47416 2.45997 2.42242 2.38841 2.33918 2.19296 2.07250 3.96469
7.00000 70.00000 0.44770 0.70768 1.04702 1.21049 1.40131 1.63326 1.76175 1.91786 2.01637 2.13290 2.18900 2.25380 2.29111 2.33266 2.36589 2.39126 2.41592 2.41923 2.40310 2.36259 2.32659 2.27495 2.12279 2.00173 3.90971
7.00000 80.00000 0.41729 0.67704 1.01609 1.17938 1.36996 1.60152 1.72967 1.88520 1.98314 2.09859 2.15390 2.21742 2.25376 2.29390 2.32498 2.34676 2.36864 2.36811 2.35006 2.30752 2.27050 2.21790 2.06447 1.94337 3.86941
7.00000 90.00000 0.39169 0.65121 0.98994 1.15306 1.34338 1.57451 1.70230 1.85716 1.95446 2.06870 2.12311 2.18522 2.22046 2.25912 2.28793 2.30609 2.32537 2.32166 2.30230 2.25861 2.22122 2.16842 2.01565 1.89469 3.83349
7.00000 100.00000 0.36923 0.62854 0.96693 1.12987 1.31991 1.55063 1.67805 1.83220 1.92885 2.04180 2.09531 2.15594 2.19005 2.22712 2.25360 2.26806 2.28470 2.27772 2.25704 2.21226 2.17445 2.12152 1.96953 1.84873 3.80102
7.00000 110.00000 0.35093 0.61000 0.94804 1.11075 1.30051 1.53068 1.65757 1.81080 1.90654 2.01774 2.06995 2.12853 2.16110 2.19601 2.21932 2.22892 2.24226 2.23162 2.20964 2.16409 2.12630 2.07377 1.92427 1.80380 3.77231
7.00000 120.00000 0.33081 0.58968 0.92737 1.08988 1.27935 1.50903 1.63549 1.78788 1.88285 1.99251 2.04361 2.10042 2.13165 2.16468 2.18523 2.19059 2.20093 2.18686 2.16360 2.11708 2.07908 2.02664 1.87864 1.75839 3.74477
7.00000 130.00000 0.31033 0.56895 0.90630 1.06860 1.25777 1.48693 1.61296 1.76450 1.85863 1.96671 2.01665 2.07161 2.10144 2.13253 2.15021 2.15112 2.15841 2.14079 2.11619 2.06868 2.03046 1.97809 1.83157 1.71155 3.71700
7.00000 140.00000 0.29080 0.54918 0.88619 1.04829 1.23716 1.46584 1.59137 1.74208 1.83539 1.94187 1.99067 2.04380 2.07225 2.10142 2.11630 2.11298 2.11740 2.09662 2.07093 2.02277 1.98452 1.93246 1.78790 1.66813 3.68953
7.00000 150.00000 0.27081 0.52897 0.86562 1.02751 1.21609 1.44423 1.56933 1.71918 1.81168 1.91658 1.96423 2.01556 2.04265 2.06994 2.08212 2.07474 2.07650 2.05293 2.02637 1.97785 1.93976 1.88819 1.74596 1.62649 3.66423
7.00000 175.00000 0.21899 0.47654 0.81232 0.97370 1.16152 1.38836 1.51229 1.65992 1.75031 1.85114 1.89587 1.94258 1.96623 1.98882 1.99428 1.97716 1.97284 1.94349 1.91560 1.86728 1.83026 1.78072 1.64593 1.52730 3.59773
7.00000 200.00000 0.17222 0.42918 0.76410 0.92494 1.11202 1.33759 1.46034 1.60580 1.69408 1.79090 1.83276 1.87496 1.89527 1.91326 1.91223 1.88574 1.87558 1.84069 1.81147 1.76320 1.72709 1.67927 1.55091 1.43298 3.53668
7.00000 250.00000 0.08899 0.34478 0.67787 0.83765 1.02319 1.24605 1.36634 1.50722 1.59114 1.67958 1.71546 1.74834 1.76181 1.77060 1.75678 1.71263 1.69226 1.64921 1.61914 1.57326 1.54023 1.49721 1.38386 1.26747 3.42486
7.00000 300.00000 0.02084 0.27546 0.60677 0.76546 0.94945 1.16962 1.28748 1.42382 1.50339 1.58357 1.61363 1.63757 1.64454 1.64468 1.61913 1.55952 1.53086 1.48235 1.45269 1.41032 1.38081 1.34275 1.24360 1.12854 3.33162
7.00000 350.00000 -0.04061 0.21278 0.54224 0.69984 0.88220 1.09952 1.21479 1.34624 1.42122 1.49260 1.51652 1.53107 1.53130 1.52258 1.48524 1.41057 1.37435 1.32169 1.29308 1.25489 1.22907 1.19610 1.11053 0.99671 3.24893
7.00000 400.00000 -0.09650 0.15569 0.48334 0.63982 0.82058 1.03511 1.14784 1.27458 1.34508 1.40808 1.42617 1.43198 1.42601 1.40930 1.36158 1.27461 1.23295 1.17884 1.15243 1.11936 1.09759 1.06980 0.99694 0.88419 3.17494
7.00000 450.00000 -0.14984 0.10114 0.42696 0.58231 0.76146 0.97317 1.08333 1.20528 1.27124 1.32580 1.33810 1.33517 1.32311 1.29852 1.24080 1.14203 1.09523 1.03978 1.01531 0.98674 0.96848 0.94514 0.88294 0.77104 3.10170
7.00000 500.00000 -0.19859 0.05119 0.37517 0.52944 0.70701 0.91593 1.02358 1.14088 1.20248 1.24897 1.25576 1.24469 1.22701 1.19534 1.12880 1.02026 0.96982 0.91470 0.89278 0.86911 0.85441 0.83541 0.78297 0.67183 3.03357
7.00000 600.00000 -0.28141 -0.03415 0.28596 0.43784 0.61189 0.81460 0.91653 1.02316 1.07473 1.10274 1.09705 1.06774 1.03758 0.99044 0.90511 0.77677 0.71966 0.66657 0.65044 0.63711 0.62961 0.61917 0.58502 0.47520 2.91089
7.00000 700.00000 -0.36187 -0.11696 0.19956 0.34928 0.52022 0.71752 0.81461 0.91239 0.95577 0.96899 0.95350 0.91013 0.87058 0.81201 0.71330 0.57182 0.51109 0.46091 0.44944 0.44370 0.44127 0.43666 0.41418 0.30512 2.79675
7.00000 800.00000 -0.43266 -0.19017 0.12268 0.27017 0.43789 0.62956 0.72159 0.81010 0.84499 0.84308 0.81775 0.76059 0.71207 0.64296 0.53264 0.38153 0.31996 0.27615 0.27067 0.27368 0.27670 0.27803 0.26660 0.15820 2.69464
7.00000 1000.00000 -0.56475 -0.32698 -0.02133 0.12182 0.28328 0.46411 0.54643 0.61743 0.63643 0.60656 0.56331 0.48144 0.41710 0.32967 0.19955 0.03218 -0.03127 -0.06624 -0.06326 -0.04817 -0.03779 -0.02849 -0.02593 -0.13354 2.51235
7.00000 1200.00000 -0.67687 -0.44400 -0.14583 -0.00726 0.14753 0.31669 0.38853 0.44047 0.44229 0.38256 0.32047 0.21296 0.13250 0.02671 -0.12295 -0.30619 -0.37195 -0.40028 -0.39080 -0.36652 -0.35067 -0.33561 -0.32352 -0.43064 2.34005
7.00000 1500.00000 -0.83220 -0.60683 -0.32041 -0.18911 -0.04500 0.10530 0.16011 0.18139 0.15584 0.04967 -0.04081 -0.18552 -0.28842 -0.41864 -0.59224 -0.79104 -0.85548 -0.87027 -0.85068 -0.81360 -0.79068 -0.76864 -0.74616 -0.85279 2.09897
7.50000 0.00000 1.76854 1.99383 2.28592 2.42487 2.58579 2.77952 2.88500 3.01686 3.10538 3.21943 3.27986 3.35551 3.40248 3.45851 3.51442 3.57857 3.63414 3.68177 3.68827 3.67323 3.65062 3.61215 3.48111 3.36120 5.00521
7.50000 1.00000 1.74296 1.96817 2.26012 2.39896 2.55969 2.75303 2.85810 2.98913 3.07678 3.18903 3.24809 3.32150 3.36666 3.42012 3.47193 3.52897 3.57874 3.61775 3.61970 3.59933 3.57380 3.53235 3.39593 3.27567 4.97147
7.50000 5.00000 1.68774 1.91277 2.20439 2.34297 2.50333 2.69589 2.80015 2.92951 3.01548 3.12431 3.18082 3.25013 3.29214 3.34112 3.38632 3.43291 3.47524 3.50545 3.50397 3.48102 3.45489 3.41360 3.28119 3.16156 4.89527
7.50000 10.00000 1.60810 1.83298 2.12434 2.26276 2.42283 2.61486 2.71859 2.84691 2.93181 3.03854 3.09352 3.16036 3.20054 3.24700 3.28854 3.32987 3.36897 3.39640 3.39458 3.37247 3.34745 3.30803 3.18204 3.06316 4.80098
7.50000 15.00000 1.52146 1.74621 2.03738 2.17567 2.33556 2.52724 2.63063 2.75829 2.84253 2.94798 3.00201 3.06735 3.10640 3.15128 3.19059 3.22854 3.26544 3.29066 3.28827 3.26611 3.24141 3.20268 3.07942 2.96084 4.71005
7.50000 20.00000 1.43586 1.66051 1.95151 2.08970 2.24945 2.44086 2.54401 2.67120 2.75500 2.85953 2.91289 2.97714 3.01535 3.05902 3.09650 3.13138 3.16595 3.18795 3.18399 3.16012 3.13460 3.09507 2.97072 2.85209 4.62750
7.50000 25.00000 1.35454 1.57911 1.87000 2.00813 2.16780 2.35909 2.46214 2.58919 2.67285 2.77711 2.83026 2.89415 2.93207 2.97529 3.01197 3.04526 3.07827 3.09754 3.09188 3.06578 3.03889 2.99781 2.87003 2.75112 4.55185
7.50000 30.00000 1.27964 1.50413 1.79490 1.93298 2.09258 2.28377 2.38679 2.51372 2.59729 2.70141 2.75444 2.81812 2.85585 2.89879 2.93492 2.96697 2.99871 3.01556 3.00832 2.98006 2.95182 2.90917 2.77783 2.65861 4.48294
7.50000 40.00000 1.15104 1.37537 1.66591 1.80388 1.96333 2.15432 2.25717 2.38386 2.46723 2.57096 2.62371 2.68692 2.72426 2.76658 2.80168 2.83165 2.86138 2.87469 2.86525 2.83408 2.80405 2.75938 2.62356 2.50397 4.36788
7.50000 50.00000 1.05243 1.27658 1.56694 1.70480 1.86413 2.05494 2.15768 2.28422 2.36747 2.47100 2.52360 2.58655 2.62367 2.66564 2.70011 2.72866 2.75691 2.76740 2.75612 2.72244 2.69081 2.64431 2.50426 2.38428 4.27835
7.50000 60.00000 0.99173 1.21576 1.50596 1.64374 1.80302 1.99384 2.09662 2.22336 2.30685 2.41092 2.46393 2.52754 2.56516 2.60777 2.64311 2.67267 2.70123 2.71121 2.69910 2.66386 2.63104 2.58298 2.43864 2.31825 4.21859
7.50000 70.00000 0.94630 1.17018 1.46017 1.59790 1.75706 1.94779 2.05053 2.17725 2.26077 2.36495 2.41803 2.48176 2.51946 2.56213 2.59743 2.62654 2.65427 2.66221 2.64854 2.61095 2.57656 2.52660 2.37751 2.25669 4.16907
7.50000 80.00000 0.91706 1.14075 1.43051 1.56805 1.72703 1.91742 2.01989 2.14612 2.22917 2.33246 2.38488 2.44754 2.48439 2.52589 2.55936 2.58536 2.61063 2.61503 2.59955 2.55995 2.52449 2.47348 2.32270 2.20178 4.13174
7.50000 90.00000 0.89244 1.11593 1.40541 1.54279 1.70157 1.89159 1.99374 2.11938 2.20189 2.30407 2.35574 2.41715 2.45304 2.49319 2.52462 2.54737 2.57026 2.57162 2.55482 2.51397 2.47802 2.42668 2.27612 2.15527 4.09893
7.50000 100.00000 0.87005 1.09336 1.38253 1.51978 1.67832 1.86798 1.96980 2.09483 2.17676 2.27782 2.32870 2.38880 2.42369 2.46244 2.49183 2.51127 2.53180 2.53025 2.51222 2.47034 2.43400 2.38247 2.23249 2.11179 4.06888
7.50000 110.00000 0.84902 1.07212 1.36101 1.49806 1.65634 1.84554 1.94694 2.07120 2.15238 2.25198 2.30177 2.36016 2.39374 2.43065 2.45728 2.47246 2.48993 2.48473 2.46523 2.42213 2.38544 2.33382 2.18492 2.06439 4.04166
7.50000 120.00000 0.82957 1.05246 1.34105 1.47791 1.63592 1.82468 1.92567 2.04916 2.12957 2.22770 2.27641 2.33305 2.36537 2.40044 2.42438 2.43536 2.44987 2.44120 2.42039 2.37626 2.33930 2.28771 2.14019 2.01988 4.01636
7.50000 130.00000 0.81006 1.03274 1.32100 1.45769 1.61544 1.80370 1.90427 2.02692 2.10654 2.20309 2.25066 2.30550 2.33640 2.36957 2.39070 2.39736 2.40891 2.39689 2.37485 2.32990 2.29288 2.24149 2.09581 1.97576 3.99055
7.50000 140.00000 0.79048 1.01295 1.30089 1.43740 1.59490 1.78270 1.88283 2.00470 2.08355 2.17860 2.22507 2.27817 2.30777 2.33910 2.35758 2.36014 2.36894 2.35380 2.33066 2.28503 2.24789 2.19676 2.05287 1.93306 3.96487
7.50000 150.00000 0.76872 0.99099 1.27864 1.41498 1.57218 1.75956 1.85930 1.98042 2.05854 2.15220 2.19766 2.24914 2.27756 2.30723 2.32325 2.32212 2.32845 2.31060 2.28654 2.24041 2.20329 2.15248 2.01039 1.89081 3.94113
7.50000 175.00000 0.71760 0.93935 1.22622 1.36208 1.51861 1.70481 1.80347 1.92255 1.99870 2.08853 2.13122 2.17836 2.20350 2.22869 2.23834 2.22785 2.22823 2.20458 2.17910 2.13289 2.09669 2.04766 1.91246 1.79368 3.87858
7.50000 200.00000 0.67194 0.89316 1.17924 1.31463 1.47051 1.65549 1.75307 1.87010 1.94427 2.03028 2.07023 2.11305 2.13498 2.15580 2.15924 2.13987 2.13478 2.10616 2.07961 2.03384 1.99876 1.95169 1.82347 1.70545 3.82090
7.50000 250.00000 0.59305 0.81320 1.09766 1.23208 1.38653 1.56904 1.66431 1.77699 1.84696 1.92488 1.95906 1.99289 2.00823 2.02017 2.01132 1.97513 1.96050 1.92471 1.89788 1.85521 1.82365 1.78188 1.66986 1.55347 3.71601
7.50000 300.00000 0.52804 0.74713 1.02997 1.16340 1.31641 1.49640 1.58935 1.69763 1.76337 1.83319 1.86164 1.88664 1.89557 1.89898 1.87857 1.82714 1.80438 1.76339 1.73711 1.69819 1.67029 1.63368 1.53632 1.42133 3.62857
7.50000 350.00000 0.46703 0.68503 0.96622 1.09864 1.25021 1.42759 1.51812 1.62188 1.68330 1.74487 1.76755 1.78375 1.78636 1.78150 1.75015 1.68504 1.65569 1.61179 1.58718 1.55309 1.52924 1.49808 1.41492 1.30120 3.55069
7.50000 400.00000 0.41198 0.62892 0.90846 1.03989 1.18999 1.36478 1.45295 1.55223 1.60937 1.66289 1.67997 1.68772 1.68436 1.67175 1.63039 1.55327 1.51858 1.47324 1.45072 1.42159 1.40166 1.37555 1.30487 1.19221 3.48030
7.50000 450.00000 0.36106 0.57690 0.85481 0.98523 1.13387 1.30608 1.39188 1.48671 1.53961 1.58521 1.59682 1.59639 1.58733 1.56742 1.51681 1.42905 1.39002 1.34428 1.32415 1.29997 1.28379 1.26234 1.20268 1.09089 3.41211
7.50000 500.00000 0.31406 0.52884 0.80510 0.93453 1.08172 1.25135 1.33481 1.42521 1.47393 1.51176 1.51808 1.50980 1.49527 1.46851 1.40937 1.31218 1.26967 1.22431 1.20672 1.18737 1.17466 1.15751 1.10750 0.99646 3.34873
7.50000 600.00000 0.23153 0.44408 0.71686 0.84413 0.98816 1.15210 1.23028 1.31076 1.35010 1.37053 1.36506 1.33948 1.31314 1.27161 1.19443 1.07789 1.02852 0.98422 0.97167 0.96163 0.95556 0.94629 0.91339 0.80358 3.23561
7.50000 700.00000 0.15295 0.36335 0.63298 0.75833 0.89957 1.05867 1.13246 1.20486 1.23668 1.24345 1.22890 1.19033 1.15527 1.10320 1.01370 0.88521 0.83270 0.79159 0.78365 0.78106 0.77993 0.77636 0.75487 0.64582 3.13031
7.50000 800.00000 0.08124 0.28949 0.55583 0.67918 0.81753 0.97150 1.04063 1.10446 1.12834 1.12091 1.09709 1.04548 1.00194 0.93987 0.83930 0.70156 0.64814 0.61296 0.61071 0.61644 0.62052 0.62267 0.61188 0.50349 3.03499
7.50000 1000.00000 -0.04904 0.15497 0.41483 0.53426 0.66689 0.81089 0.87102 0.91835 0.92715 0.89301 0.85200 0.77657 0.71774 0.63789 0.51798 0.36407 0.30848 0.28139 0.28711 0.30442 0.31557 0.32543 0.32836 0.22074 2.86834
7.50000 1200.00000 -0.16128 0.03839 0.29157 0.40689 0.53353 0.66694 0.71747 0.74731 0.74021 0.67837 0.61989 0.52076 0.44710 0.35044 0.21294 0.04545 -0.01122 -0.03055 -0.01793 0.00882 0.02557 0.04127 0.05387 -0.05323 2.70649
7.50000 1500.00000 -0.31893 -0.12601 0.11661 0.22539 0.34236 0.45854 0.49339 0.49474 0.46210 0.35673 0.27156 0.13739 0.04258 -0.07709 -0.23714 -0.41920 -0.47450 -0.48085 -0.45860 -0.41961 -0.39609 -0.37368 -0.35096 -0.45762 2.48108
7.80000 0.00000 1.93454 2.13917 2.40408 2.52936 2.67400 2.84740 2.94075 3.05932 3.14123 3.24960 3.30826 3.38246 3.42868 3.48384 3.53846 3.60055 3.65453 3.70002 3.70553 3.68947 3.66637 3.62752 3.49612 3.37624 5.06416
7.80000 1.00000 1.91107 2.11564 2.38044 2.50560 2.65006 2.82313 2.91611 3.03391 3.11503 3.22176 3.27917 3.35129 3.39586 3.44859 3.49939 3.55468 3.60297 3.63981 3.64060 3.61886 3.59256 3.55033 3.41248 3.29211 5.03245
7.80000 5.00000 1.86194 2.06634 2.33083 2.45579 2.59992 2.77225 2.86451 2.98083 3.06044 3.16411 3.21924 3.28767 3.32938 3.37809 3.42288 3.46858 3.50999 3.53844 3.53579 3.51125 3.48407 3.44160 3.30637 3.18652 4.96353
7.80000 10.00000 1.79669 2.00097 2.26522 2.39001 2.53390 2.70575 2.79753 2.91290 2.99155 3.09332 3.14706 3.21327 3.25334 3.29982 3.34146 3.38274 3.42164 3.44843 3.44609 3.42315 3.39762 3.35751 3.22980 3.11073 4.88390
7.80000 15.00000 1.72356 1.92772 2.19181 2.31651 2.46022 2.63181 2.72331 2.83815 2.91628 3.01703 3.07003 3.13506 3.17426 3.21950 3.25934 3.29799 3.33517 3.36025 3.35748 3.33454 3.30927 3.26974 3.14423 3.02543 4.80646
7.80000 20.00000 1.64957 1.85364 2.11759 2.24219 2.38579 2.55712 2.64842 2.76286 2.84060 2.94056 2.99298 3.05707 3.09556 3.13977 3.17808 3.21420 3.24950 3.27206 3.26813 3.24400 3.21817 3.17820 3.05226 2.93348 4.73535
7.80000 25.00000 1.57769 1.78168 2.04551 2.17005 2.31358 2.48480 2.57601 2.69028 2.76786 2.86755 2.91976 2.98350 3.02169 3.06547 3.10306 3.13776 3.17176 3.19213 3.18686 3.16104 3.13418 3.09302 2.96461 2.84562 4.66907
7.80000 30.00000 1.51132 1.71524 1.97897 2.10346 2.24691 2.41805 2.50918 2.62335 2.70084 2.80035 2.85243 2.91595 2.95396 2.99747 3.03458 3.06834 3.10141 3.12016 3.11387 3.08668 3.05899 3.01689 2.88640 2.76724 4.60913
7.80000 40.00000 1.39118 1.59495 1.85847 1.98286 2.12618 2.29713 2.38813 2.50203 2.57931 2.67843 2.73022 2.79325 2.83087 2.87375 2.90981 2.94145 2.97248 2.98762 2.97910 2.94895 2.91944 2.87528 2.74024 2.62068 4.50328
7.80000 50.00000 1.30264 1.50627 1.76961 1.89390 2.03711 2.20791 2.29880 2.41260 2.48977 2.58872 2.64039 2.70320 2.74063 2.78323 2.81875 2.84914 2.87884 2.89142 2.88121 2.84874 2.81775 2.77188 2.63288 2.51297 4.42124
7.80000 60.00000 1.24394 1.44745 1.71068 1.83493 1.97810 2.14894 2.23991 2.35395 2.43144 2.53104 2.58320 2.64681 2.68484 2.72821 2.76480 2.79647 2.82663 2.83879 2.82772 2.79356 2.76127 2.71367 2.56988 2.44948 4.36538
7.80000 70.00000 1.20133 1.40466 1.66773 1.79189 1.93498 2.10572 2.19665 2.31068 2.38819 2.48785 2.54009 2.60378 2.64184 2.68524 2.72174 2.75285 2.78214 2.79218 2.77952 2.74298 2.70911 2.65960 2.51107 2.39023 4.31944
7.80000 80.00000 1.17378 1.37696 1.63978 1.76380 1.90671 2.07713 2.16780 2.28133 2.35839 2.45714 2.50871 2.57132 2.60854 2.65075 2.68539 2.71340 2.74023 2.74674 2.73230 2.69378 2.65886 2.60833 2.45819 2.33726 4.28375
7.80000 90.00000 1.14968 1.35271 1.61525 1.73914 1.88185 2.05195 2.14233 2.25534 2.33189 2.42966 2.48054 2.54202 2.57837 2.61934 2.65214 2.67713 2.70171 2.70529 2.68950 2.64966 2.61417 2.56318 2.41283 2.29195 4.25189
7.80000 100.00000 1.12751 1.33035 1.59267 1.71641 1.85891 2.02868 2.11877 2.23123 2.30725 2.40407 2.45420 2.51451 2.54999 2.58972 2.62064 2.64262 2.66496 2.66569 2.64864 2.60759 2.57162 2.52026 2.36999 2.24917 4.22244
7.80000 110.00000 1.10678 1.30942 1.57145 1.69501 1.83728 2.00662 2.09631 2.20803 2.28332 2.37870 2.42778 2.48642 2.52062 2.55856 2.58681 2.60458 2.62395 2.62106 2.60255 2.56032 2.52395 2.47252 2.32329 2.20270 4.19594
7.80000 120.00000 1.08723 1.28968 1.55144 1.67484 1.81685 1.98575 2.07504 2.18601 2.26057 2.35449 2.40251 2.45948 2.49242 2.52857 2.55422 2.56792 2.58448 2.57838 2.55866 2.51559 2.47908 2.42779 2.28021 2.15985 4.17138
7.80000 130.00000 1.06813 1.27041 1.53185 1.65506 1.79683 1.96527 2.05414 2.16430 2.23806 2.33042 2.37736 2.43252 2.46407 2.49832 2.52118 2.53060 2.54418 2.53470 2.51377 2.46986 2.43322 2.38215 2.23638 2.11626 4.14621
7.80000 140.00000 1.04887 1.25094 1.51210 1.63516 1.77665 1.94466 2.03311 2.14248 2.21547 2.30635 2.35215 2.40557 2.43579 2.46821 2.48838 2.49372 2.50454 2.49199 2.46997 2.42542 2.38878 2.33800 2.19416 2.07433 4.12143
7.80000 150.00000 1.02776 1.22966 1.49053 1.61339 1.75466 1.92225 2.01032 2.11897 2.19126 2.28078 2.32562 2.37744 2.40651 2.43730 2.45510 2.45682 2.46523 2.45003 2.42714 2.38207 2.34545 2.29498 2.15296 2.03334 4.09857
7.80000 175.00000 0.97872 1.18012 1.44027 1.56271 1.70334 1.86980 1.95684 2.06351 2.13390 2.21968 2.26181 2.30944 2.33533 2.36178 2.37339 2.36608 2.36880 2.34815 2.32399 2.27909 2.24348 2.19490 2.06007 1.94127 4.03767
7.80000 200.00000 0.93367 1.13459 1.39402 1.51603 1.65602 1.82136 1.90738 2.01210 2.08060 2.16274 2.20225 2.24573 2.26855 2.29081 2.29643 2.28055 2.27793 2.25236 2.22708 2.18247 2.14786 2.10113 1.97287 1.85479 3.98129
7.80000 250.00000 0.85598 1.05589 1.31376 1.43480 1.57341 1.73623 1.81989 1.92011 1.98423 2.05790 2.09138 2.12548 2.14144 2.15446 2.14743 2.11446 2.10248 2.07062 2.04588 2.00567 1.97548 1.93511 1.82568 1.70948 3.88399
7.80000 300.00000 0.79093 0.98984 1.24618 1.36631 1.50350 1.66385 1.74519 1.84101 1.90089 1.96640 1.99410 2.01930 2.02881 2.03325 2.01462 1.96643 1.94644 1.90964 1.88565 1.84945 1.82306 1.78805 1.69366 1.57888 3.79882
7.80000 350.00000 0.73071 0.92862 1.18341 1.30257 1.43838 1.59622 1.67523 1.76664 1.82223 1.87962 1.90164 1.91816 1.92146 1.91778 1.88843 1.82689 1.80051 1.76104 1.73879 1.70745 1.68513 1.65553 1.57519 1.46164 3.72456
7.80000 400.00000 0.67719 0.87410 1.12736 1.24559 1.38002 1.53542 1.61218 1.69926 1.75076 1.80040 1.81702 1.82543 1.82299 1.81192 1.77301 1.70013 1.66882 1.62829 1.60823 1.58188 1.56346 1.53883 1.47069 1.35817 3.65789
7.80000 450.00000 0.62618 0.82208 1.07382 1.19110 1.32415 1.47709 1.55156 1.63435 1.68171 1.72363 1.73493 1.73536 1.72734 1.70912 1.66114 1.57775 1.54207 1.50086 1.48294 1.46120 1.44626 1.42603 1.36833 1.25666 3.59288
7.80000 500.00000 0.57822 0.77314 1.02335 1.13973 1.27144 1.42198 1.49427 1.57291 1.61637 1.65094 1.65722 1.65017 1.63694 1.61212 1.55582 1.46285 1.42320 1.38121 1.36502 1.34702 1.33496 1.31828 1.26887 1.15785 3.53332
7.80000 600.00000 0.49766 0.69049 0.93746 1.05180 1.18050 1.32556 1.39274 1.46174 1.49603 1.51363 1.50840 1.48455 1.45985 1.42079 1.34725 1.23634 1.19084 1.15142 1.14103 1.13318 1.12816 1.11985 1.08828 0.97854 3.42343
7.80000 700.00000 0.41918 0.61007 0.85405 0.96656 1.09261 1.23299 1.29588 1.35692 1.38380 1.38788 1.37365 1.33689 1.30357 1.25405 1.16832 1.04555 0.99701 0.96076 0.95495 0.95450 0.95439 0.95173 0.93151 0.82253 3.32326
7.80000 800.00000 0.34860 0.53746 0.77837 0.88900 1.01228 1.14775 1.20613 1.25882 1.27794 1.26805 1.24469 1.19507 1.15337 1.09394 0.99719 0.86501 0.81528 0.78440 0.78394 0.79140 0.79625 0.79909 0.78917 0.68083 3.23126
7.80000 1000.00000 0.21951 0.40443 0.63925 0.74614 0.86397 0.98977 1.03933 1.07579 1.07996 1.04359 1.00317 0.92991 0.87303 0.79597 0.68003 0.53185 0.48000 0.45718 0.46468 0.48358 0.49548 0.50595 0.50969 0.40213 3.07307
7.80000 1200.00000 0.10640 0.28732 0.51595 0.61904 0.73129 0.84718 0.88773 0.90766 0.89681 0.83423 0.77728 0.68164 0.61076 0.51786 0.38540 0.22462 0.17193 0.15666 0.17074 0.19873 0.21594 0.23200 0.24496 0.13788 2.91729
7.80000 1500.00000 -0.05093 0.12370 0.34248 0.43938 0.54247 0.64191 0.66741 0.65989 0.62430 0.51954 0.43674 0.30712 0.21578 0.10064 -0.05354 -0.22818 -0.27934 -0.28179 -0.25825 -0.21832 -0.19448 -0.17185 -0.14897 -0.25562 2.70124
8.00000 0.00000 2.03049 2.22238 2.47092 2.58812 2.72335 2.88533 2.97205 3.08355 3.16204 3.26750 3.32525 3.39859 3.44433 3.49886 3.55263 3.61329 3.66625 3.71041 3.71536 3.69876 3.67547 3.63649 3.50529 3.38543 5.10366
8.00000 1.00000 2.00650 2.19833 2.44676 2.56387 2.69895 2.86061 2.94700 3.05781 3.13560 3.23959 3.29621 3.36764 3.41189 3.46422 3.51444 3.56873 3.61622 3.65191 3.65210 3.62969 3.60304 3.56044 3.42201 3.30160 5.07223
8.00000 5.00000 1.96026 2.15194 2.40008 2.51700 2.65177 2.81278 2.89851 3.00796 3.08435 3.18552 3.24003 3.30806 3.34970 3.39829 3.44293 3.48823 3.52920 3.55675 3.55348 3.52806 3.50033 3.45718 3.32039 3.20038 5.00729
8.00000 10.00000 1.90465 2.09619 2.34409 2.46087 2.59540 2.75594 2.84118 2.94970 3.02514 3.12443 3.17757 3.24345 3.28347 3.32987 3.37143 3.41250 3.45116 3.47742 3.47472 3.45125 3.42535 3.38485 3.25618 3.13700 4.93688
8.00000 15.00000 1.84027 2.03172 2.27950 2.39616 2.53055 2.69083 2.77583 2.88387 2.95885 3.05724 3.10972 3.17455 3.21377 3.25908 3.29904 3.33776 3.37485 3.39950 3.39635 3.37282 3.34713 3.30707 3.18025 3.06131 4.86751
8.00000 20.00000 1.77383 1.96518 2.21282 2.32942 2.46369 2.62377 2.70859 2.81630 2.89095 2.98867 3.04067 3.10473 3.14336 3.18784 3.22657 3.26329 3.29896 3.32181 3.31788 3.29360 3.26765 3.22739 3.10066 2.98178 4.80330
8.00000 25.00000 1.70870 1.89998 2.14751 2.26404 2.39823 2.55819 2.64290 2.75038 2.82483 2.92219 2.97391 3.03752 3.07580 3.11979 3.15774 3.19313 3.22766 3.24888 3.24408 3.21876 3.19221 3.15137 3.02358 2.90463 4.74348
8.00000 30.00000 1.64738 1.83860 2.08603 2.20251 2.33664 2.49651 2.58117 2.68855 2.76293 2.86014 2.91176 2.97519 3.01334 3.05710 3.09468 3.12927 3.16306 3.18293 3.17725 3.15082 3.12357 3.08193 2.95237 2.83327 4.68893
8.00000 40.00000 1.53330 1.72437 1.97162 2.08799 2.22199 2.38168 2.46616 2.57331 2.64746 2.74425 2.79554 2.85845 2.89616 2.93927 2.97572 3.00810 3.03979 3.05597 3.04805 3.01865 2.98958 2.94590 2.81185 2.69237 4.58941
8.00000 50.00000 1.45253 1.64345 1.89051 2.00680 2.14069 2.30022 2.38464 2.49163 2.56568 2.66227 2.71344 2.77612 2.81363 2.85643 2.89234 2.92349 2.95391 2.96769 2.95820 2.92664 2.89623 2.85098 2.71336 2.59356 4.51277
8.00000 60.00000 1.39519 1.58601 1.83298 1.94923 2.08311 2.24270 2.32721 2.43453 2.50892 2.60626 2.65799 2.72157 2.75974 2.80344 2.84055 2.87318 2.90416 2.91756 2.90716 2.87382 2.84199 2.79488 2.65203 2.53169 4.45982
8.00000 70.00000 1.35530 1.54600 1.79279 1.90896 2.04275 2.20222 2.28668 2.39394 2.46829 2.56558 2.61730 2.68083 2.71894 2.76252 2.79933 2.83111 2.86103 2.87213 2.86011 2.82442 2.79106 2.74214 2.59486 2.47414 4.41613
8.00000 80.00000 1.32853 1.51907 1.76563 1.88168 2.01529 2.17448 2.25869 2.36546 2.43940 2.53585 2.58693 2.64944 2.68677 2.72923 2.76432 2.79315 2.82070 2.82841 2.81464 2.77697 2.74256 2.69260 2.54361 2.42277 4.38170
8.00000 90.00000 1.30464 1.49499 1.74135 1.85726 1.99069 2.14958 2.23352 2.33982 2.41330 2.50889 2.55933 2.62081 2.65738 2.69871 2.73211 2.75815 2.78358 2.78841 2.77326 2.73416 2.69906 2.64848 2.49884 2.37800 4.35028
8.00000 100.00000 1.28282 1.47303 1.71912 1.83491 1.96815 2.12673 2.21040 2.31620 2.38916 2.48384 2.53359 2.59399 2.62971 2.66985 2.70147 2.72464 2.74791 2.74994 2.73354 2.69320 2.65759 2.60659 2.45682 2.33605 4.32145
8.00000 110.00000 1.26198 1.45203 1.69786 1.81347 1.94648 2.10464 2.18793 2.29299 2.36524 2.45849 2.50723 2.56599 2.60044 2.63884 2.66787 2.68696 2.70736 2.70599 2.68825 2.64688 2.61098 2.56000 2.41153 2.29097 4.29555
8.00000 120.00000 1.24270 1.43256 1.67813 1.79359 1.92635 2.08410 2.16699 2.27131 2.34285 2.43467 2.48236 2.53947 2.57266 2.60931 2.63575 2.65083 2.66846 2.66384 2.64490 2.60265 2.56658 2.51571 2.36880 2.24846 4.27136
8.00000 130.00000 1.22383 1.41349 1.65877 1.77406 1.90656 2.06385 2.14633 2.24983 2.32057 2.41083 2.45740 2.51267 2.54451 2.57923 2.60286 2.61360 2.62826 2.62029 2.60012 2.55709 2.52092 2.47030 2.32531 2.20523 4.24678
8.00000 140.00000 1.20489 1.39435 1.63936 1.75448 1.88675 2.04360 2.12567 2.22840 2.29837 2.38713 2.43261 2.48617 2.51668 2.54960 2.57057 2.57728 2.58919 2.57817 2.55694 2.51327 2.47708 2.42675 2.28369 2.16389 4.22254
8.00000 150.00000 1.18443 1.37377 1.61851 1.73346 1.86551 2.02197 2.10367 2.20573 2.27505 2.36255 2.40709 2.45916 2.48859 2.51998 2.53872 2.54207 2.55173 2.53825 2.51618 2.47204 2.43588 2.38586 2.24452 2.12492 4.20042
8.00000 175.00000 1.13684 1.32569 1.56974 1.68427 1.81570 1.97105 2.05173 2.15181 2.21923 2.30297 2.34485 2.39267 2.41894 2.44598 2.45855 2.45292 2.45695 2.43822 2.41502 2.37126 2.33624 2.28831 2.15451 2.03576 4.14030
8.00000 200.00000 1.09208 1.28049 1.52384 1.63795 1.76877 1.92305 2.00275 2.10094 2.16653 2.24673 2.28604 2.32985 2.35311 2.37605 2.38280 2.36875 2.36756 2.34387 2.31952 2.27588 2.24178 2.19552 2.06793 1.94989 4.08490
8.00000 250.00000 1.01576 1.20318 1.44504 1.55822 1.68765 1.83939 1.91670 2.01031 2.07141 2.14296 2.17609 2.21031 2.22656 2.24009 2.23395 2.20264 2.19209 2.16250 2.13902 2.10037 2.07105 2.03162 1.92402 1.80795 3.99173
8.00000 300.00000 0.95021 1.13667 1.37705 1.48930 1.61735 1.76663 1.84162 1.93077 1.98756 2.05082 2.07809 2.10328 2.11300 2.11788 2.10007 2.05362 2.03526 2.00124 1.97887 1.94472 1.91953 1.88582 1.79400 1.67941 3.90915
8.00000 350.00000 0.89145 1.07697 1.31584 1.42721 1.55393 1.70078 1.77349 1.85832 1.91094 1.96626 1.98798 2.00470 2.00838 2.00537 1.97719 1.91790 1.89350 1.85719 1.83669 1.80748 1.78636 1.75802 1.68004 1.56668 3.83783
8.00000 400.00000 0.83827 1.02283 1.26026 1.37071 1.49607 1.64053 1.71101 1.79157 1.84011 1.88771 1.90406 1.91271 1.91069 1.90033 1.86269 1.79219 1.76297 1.72566 1.70737 1.68313 1.66587 1.64246 1.57655 1.46419 3.77310
8.00000 450.00000 0.78650 0.97013 1.20611 1.31568 1.43973 1.58184 1.65015 1.72659 1.77119 1.81137 1.82260 1.82356 1.81613 1.79883 1.75227 1.67119 1.63723 1.59830 1.58149 1.56092 1.54660 1.52694 1.47016 1.35853 3.71098
8.00000 500.00000 0.73879 0.92147 1.15601 1.26468 1.38745 1.52721 1.59336 1.66574 1.70645 1.73938 1.74562 1.73920 1.72662 1.70275 1.64795 1.55739 1.51950 1.47978 1.46470 1.44783 1.43631 1.42019 1.37161 1.26062 3.65318
8.00000 600.00000 0.65984 0.84054 1.07194 1.17865 1.29847 1.43286 1.49398 1.55679 1.58839 1.60447 1.59934 1.57626 1.55238 1.51453 1.44290 1.33517 1.29209 1.25593 1.24709 1.24093 1.23679 1.22930 1.19901 1.08937 3.54543
8.00000 700.00000 0.58147 0.76029 0.98883 1.09379 1.21103 1.34086 1.39772 1.45269 1.47695 1.47963 1.46556 1.42972 1.39727 1.34909 1.26542 1.14602 1.09997 1.06700 1.06273 1.06391 1.06461 1.06272 1.04366 0.93474 3.44861
8.00000 800.00000 0.51108 0.68801 0.91366 1.01683 1.13145 1.25659 1.30918 1.35610 1.37294 1.36217 1.33932 1.29108 1.25053 1.19268 1.09816 0.96912 0.92138 0.89270 0.89311 0.90135 0.90653 0.90964 0.90004 0.79171 3.35880
8.00000 1000.00000 0.38205 0.55525 0.77512 0.87474 0.98415 1.10002 1.14412 1.17539 1.17777 1.14137 1.10198 1.03076 0.97544 0.90044 0.78716 0.64230 0.59222 0.57096 0.57887 0.59802 0.60995 0.62040 0.62398 0.51642 3.20592
8.00000 1200.00000 0.26953 0.43892 0.65286 0.74880 0.85278 0.95894 0.99414 1.00909 0.99657 0.93415 0.87834 0.78491 0.71574 0.62508 0.49556 0.33850 0.28791 0.27464 0.28937 0.31782 0.33520 0.35136 0.36441 0.25730 3.05405
8.00000 1500.00000 0.11068 0.27418 0.47887 0.56901 0.66436 0.75501 0.77602 0.76501 0.72910 0.62668 0.54630 0.42055 0.33184 0.21986 0.06934 -0.10156 -0.15123 -0.15301 -0.12961 -0.09011 -0.06657 -0.04427 -0.02185 -0.12851 2.84395
8.20000 0.00000 2.12047 2.30061 2.53425 2.64423 2.77111 2.92301 3.00385 3.10887 3.18392 3.28566 3.34160 3.41252 3.45658 3.50879 3.55917 3.61473 3.66431 3.70502 3.70902 3.69234 3.66956 3.63166 3.50504 3.38576 5.14176
8.20000 1.00000 2.09378 2.27387 2.50743 2.61735 2.74412 2.89579 2.97639 3.08092 3.15545 3.25611 3.31120 3.38072 3.42361 3.47412 3.52166 3.57193 3.61677 3.64969 3.64911 3.62660 3.60033 3.55859 3.42374 3.30379 5.10951
8.20000 5.00000 2.04873 2.22871 2.46205 2.57180 2.69832 2.84946 2.92956 3.03303 3.10648 3.20494 3.25839 3.32526 3.36608 3.41365 3.45674 3.49972 3.53907 3.56480 3.56092 3.53513 3.50738 3.46445 3.32896 3.20912 5.04826
8.20000 10.00000 2.00237 2.18222 2.41537 2.52502 2.65133 2.80212 2.88185 2.98461 3.05734 3.15439 3.20683 3.27206 3.31171 3.35769 3.39857 3.43857 3.47641 3.50162 3.49842 3.47448 3.44836 3.40767 3.27888 3.15974 4.98780
8.20000 15.00000 1.94749 2.12725 2.36029 2.46981 2.59601 2.74656 2.82605 2.92837 3.00067 3.09687 3.14869 3.21294 3.25183 3.29677 3.33619 3.37400 3.41040 3.43419 3.43066 3.40671 3.38083 3.34063 3.21369 3.09477 4.92689
8.20000 20.00000 1.88755 2.06722 2.30010 2.40959 2.53569 2.68602 2.76534 2.86731 2.93927 3.03482 3.08615 3.14964 3.18797 3.23208 3.27026 3.30615 3.34119 3.36332 3.35907 3.33454 3.30844 3.26817 3.14157 3.02273 4.86842
8.20000 25.00000 1.83002 2.00962 2.24242 2.35182 2.47781 2.62803 2.70726 2.80902 2.88081 2.97600 3.02709 3.09020 3.12823 3.17194 3.20958 3.24459 3.27912 3.30068 3.29629 3.27175 3.24573 3.20559 3.07966 2.96089 4.81564
8.20000 30.00000 1.77375 1.95329 2.18600 2.29537 2.42130 2.57145 2.65061 2.75231 2.82403 2.91911 2.97012 3.03308 3.07101 3.11455 3.15189 3.18631 3.22020 3.24071 3.23562 3.21016 3.18361 3.14281 3.01545 2.89656 4.76646
8.20000 40.00000 1.66658 1.84597 2.07850 2.18776 2.31358 2.46351 2.54252 2.64394 2.71541 2.81001 2.86066 2.92302 2.96046 3.00328 3.03939 3.07143 3.10311 3.11979 3.11241 3.08394 3.05555 3.01273 2.88097 2.76171 4.67415
8.20000 50.00000 1.59305 1.77232 2.00468 2.11386 2.23957 2.38937 2.46827 2.56954 2.64088 2.73527 2.78576 2.84788 2.88512 2.92761 2.96316 2.99401 3.02450 3.03899 3.03020 2.99984 2.97027 2.92611 2.79130 2.67178 4.60224
8.20000 60.00000 1.53701 1.71619 1.94846 2.05762 2.18334 2.33323 2.41228 2.51390 2.58565 2.68089 2.73202 2.79515 2.83313 2.87664 2.91355 2.94609 2.97725 2.99137 2.98163 2.94934 2.91825 2.87208 2.73163 2.61154 4.55221
8.20000 70.00000 1.49997 1.67903 1.91114 2.02022 2.14583 2.29560 2.37456 2.47607 2.54771 2.64283 2.69386 2.75680 2.79464 2.83787 2.87429 2.90569 2.93558 2.94723 2.93583 2.90122 2.86865 2.82074 2.67623 2.55578 4.51090
8.20000 80.00000 1.47400 1.65290 1.88479 1.99375 2.11921 2.26870 2.34743 2.44849 2.51973 2.61405 2.66449 2.72649 2.76359 2.80578 2.84058 2.86917 2.89682 2.90519 2.89208 2.85552 2.82189 2.77292 2.62658 2.50601 4.47770
8.20000 90.00000 1.45024 1.62900 1.86069 1.96953 2.09482 2.24405 2.32252 2.42318 2.49404 2.58755 2.63745 2.69854 2.73494 2.77613 2.80939 2.83543 2.86107 2.86663 2.85210 2.81398 2.77957 2.72984 2.58237 2.46175 4.44671
8.20000 100.00000 1.42886 1.60745 1.83892 1.94764 2.07275 2.22168 2.29990 2.40008 2.47046 2.56310 2.61232 2.67237 2.70798 2.74804 2.77962 2.80289 2.82647 2.82931 2.81353 2.77417 2.73920 2.68902 2.54127 2.42068 4.41848
8.20000 110.00000 1.40795 1.58637 1.81758 1.92614 2.05103 2.19955 2.27739 2.37685 2.44654 2.53776 2.58600 2.64444 2.67880 2.71716 2.74620 2.76555 2.78639 2.78604 2.76906 2.72883 2.69369 2.64360 2.49740 2.37702 4.39329
8.20000 120.00000 1.38901 1.56726 1.79820 1.90661 2.03126 2.17937 2.25683 2.35554 2.42451 2.51434 2.56154 2.61832 2.65147 2.68807 2.71454 2.72992 2.74798 2.74442 2.72622 2.68511 2.64976 2.59980 2.45505 2.33491 4.36939
8.20000 130.00000 1.37027 1.54836 1.77903 1.88726 2.01167 2.15934 2.23638 2.33428 2.40244 2.49070 2.53675 2.59172 2.62346 2.65814 2.68179 2.69284 2.70793 2.70104 2.68166 2.63978 2.60437 2.55468 2.41190 2.29203 4.34540
8.20000 140.00000 1.35170 1.52961 1.76001 1.86809 1.99225 2.13948 2.21612 2.31322 2.38063 2.46742 2.51239 2.56561 2.59606 2.62895 2.64996 2.65700 2.66939 2.65950 2.63909 2.59660 2.56119 2.51178 2.37095 2.25133 4.32165
8.20000 150.00000 1.33198 1.50973 1.73989 1.84781 1.97177 2.11863 2.19493 2.29140 2.35821 2.44379 2.48787 2.53974 2.56915 2.60061 2.61955 2.62346 2.63375 2.62159 2.60043 2.55753 2.52217 2.47307 2.33388 2.21446 4.30043
8.20000 175.00000 1.28587 1.46316 1.69266 1.80017 1.92352 2.06928 2.14455 2.23905 2.30392 2.38570 2.42711 2.47469 2.50092 2.52800 2.54076 2.53573 2.54053 2.52335 2.50123 2.45894 2.42486 2.37800 2.24672 2.12820 4.24106
8.20000 200.00000 1.24149 1.41836 1.64720 1.75431 1.87707 2.02180 2.09611 2.18878 2.25184 2.33016 2.36908 2.41270 2.43601 2.45910 2.46618 2.45292 2.45255 2.43046 2.40714 2.36488 2.33162 2.28634 2.16091 2.04304 4.18672
8.20000 250.00000 1.16668 1.34263 1.57000 1.67619 1.79755 1.93972 2.01160 2.09957 2.15805 2.22748 2.26002 2.29384 2.30999 2.32347 2.31742 2.28677 2.27718 2.24961 2.22754 2.19084 2.16275 2.12474 2.02023 1.90441 4.09732
8.20000 300.00000 1.10167 1.27670 1.50265 1.60793 1.72797 1.86769 1.93727 2.02080 2.07496 2.13614 2.16285 2.18769 2.19734 2.20226 2.18474 2.13931 2.12224 2.09079 2.07011 2.03822 2.01440 1.98223 1.89363 1.77930 4.01760
8.20000 350.00000 1.04364 1.21776 1.44227 1.54666 1.66537 1.80268 1.86997 1.94913 1.99907 2.05220 2.07329 2.08959 2.09316 2.09017 2.06232 2.00429 1.98150 1.94835 1.92988 1.90334 1.88383 1.85726 1.78290 1.66979 3.94925
8.20000 400.00000 0.99090 1.16411 1.38720 1.49072 1.60811 1.74304 1.80811 1.88300 1.92886 1.97426 1.98999 1.99823 1.99612 1.98582 1.94859 1.87953 1.85203 1.81802 1.80181 1.78021 1.76453 1.74283 1.68027 1.56815 3.88645
8.20000 450.00000 0.93851 1.11084 1.33257 1.43525 1.55138 1.68408 1.74705 1.81799 1.86005 1.89830 1.90908 1.90988 1.90252 1.88545 1.83946 1.75974 1.72719 1.69069 1.67532 1.65652 1.64319 1.62462 1.56986 1.45838 3.82726
8.20000 500.00000 0.89118 1.06261 1.28296 1.38476 1.49965 1.63003 1.69087 1.75777 1.79596 1.82698 1.83280 1.82624 1.81375 1.79018 1.73601 1.64694 1.61052 1.57330 1.55961 1.54446 1.53394 1.51885 1.47213 1.36127 3.77131
8.20000 600.00000 0.81371 0.98325 1.20060 1.30054 1.41255 1.53771 1.59364 1.65118 1.68048 1.69504 1.68973 1.66700 1.64355 1.60647 1.53620 1.43099 1.39007 1.35711 1.34998 1.34574 1.34257 1.33612 1.30755 1.19798 3.66581
8.20000 700.00000 0.73601 0.90375 1.11831 1.21650 1.32594 1.44650 1.49813 1.54763 1.56937 1.57017 1.55575 1.51993 1.48778 1.44018 1.35770 1.24089 1.19721 1.16788 1.16556 1.16899 1.17089 1.17020 1.15310 1.04428 3.57250
8.20000 800.00000 0.66659 0.83256 1.04433 1.14080 1.24770 1.36367 1.41105 1.45263 1.46703 1.45456 1.43143 1.38338 1.34324 1.28617 1.19312 1.06699 1.02176 0.99677 0.99907 1.00941 1.01569 1.01987 1.01195 0.90370 3.48490
8.20000 1000.00000 0.53789 0.70032 0.90662 0.99970 1.10162 1.20865 1.24785 1.27428 1.27467 1.23731 1.19812 1.12772 1.07317 0.99928 0.88767 0.74537 0.69708 0.67797 0.68681 0.70689 0.71925 0.73008 0.73422 0.62666 3.33723
8.20000 1200.00000 0.42565 0.58446 0.78508 0.87462 0.97128 1.06888 1.09939 1.10983 1.09562 1.03275 0.97748 0.88534 0.81725 0.72808 0.60063 0.44656 0.39785 0.38663 0.40218 0.43135 0.44905 0.46545 0.47882 0.37175 3.18974
8.20000 1500.00000 0.27208 0.42506 0.61633 0.69991 0.78755 0.86875 0.88407 0.86660 0.82720 0.72139 0.63990 0.51358 0.42505 0.31398 0.16570 -0.00020 -0.04561 -0.04153 -0.01539 0.02691 0.05177 0.07525 0.09911 -0.00749 2.98585
