NGA-East_Model_12 NGA-East USGS GMM as published in PEER Report No. 2017/03, distance is Rrup. Log10 hazard values in cgs units. Uses NRCan simplified, magnitude-independent sigma
          11 34 25 : nmag, ndist, nperiod
          10.000 7.519 5.000 4.000 3.003 2.000 1.499 1.000 0.750 0.500 0.400 0.300 0.250 0.200 0.150 0.100 0.075 0.050 0.040 0.030 0.025 0.020 0.010 PGA PGV
          0.57 0.58 0.61 0.62 0.63 0.65 0.67 0.69 0.70 0.73 0.74 0.75 0.76 0.77 0.79 0.81 0.80 0.78 0.77 0.75 0.74 0.73 0.70 0.70 0.81
4.00000 0.00000 -0.71505 -0.40320 0.03251 0.26057 0.54798 0.94598 1.21442 1.59686 1.87090 2.23448 2.41270 2.60649 2.70545 2.80189 2.88222 2.96553 3.04805 3.16407 3.21884 3.26939 3.28784 3.29792 3.29301 3.18536 4.08267
4.00000 1.00000 -0.82026 -0.50852 -0.07296 0.15500 0.44227 0.84002 1.10823 1.49027 1.76396 2.12701 2.30499 2.49860 2.59766 2.69456 2.77622 2.86327 2.94970 3.07219 3.13046 3.18497 3.20547 3.21747 3.21523 3.10766 3.99394
4.00000 5.00000 -1.51475 -1.20244 -0.76532 -0.53597 -0.24605 0.15781 0.43285 0.82980 1.11930 1.51463 1.71610 1.94595 2.07067 2.20009 2.32095 2.44321 2.53050 2.61602 2.63937 2.64232 2.63051 2.60697 2.53993 2.42858 3.60316
4.00000 10.00000 -1.97892 -1.66680 -1.22979 -1.00035 -0.71018 -0.30542 -0.02916 0.37072 0.66361 1.06629 1.27351 1.51281 1.64474 1.78405 1.91858 2.05795 2.15185 2.23370 2.24818 2.23438 2.21024 2.17148 2.06947 1.95540 3.31080
4.00000 15.00000 -2.26739 -1.95560 -1.51900 -1.28978 -0.99982 -0.59523 -0.31897 0.08123 0.37464 0.77880 0.98729 1.22879 1.36247 1.50423 1.64220 1.78583 1.88110 1.96072 1.97166 1.95132 1.92236 1.87760 1.76119 1.64593 3.08708
4.00000 20.00000 -2.47729 -2.16583 -1.72971 -1.50073 -1.21107 -0.80685 -0.53080 -0.13076 0.16269 0.56718 0.77607 1.01835 1.15268 1.29536 1.43462 1.57961 1.67485 1.75207 1.76037 1.73558 1.70345 1.65479 1.52905 1.41299 2.90774
4.00000 25.00000 -2.65333 -2.34222 -1.90653 -1.67777 -1.38838 -0.98449 -0.70861 -0.30865 -0.01508 0.38995 0.59940 0.84274 0.97794 1.12190 1.26302 1.41040 1.50646 1.58247 1.58870 1.55998 1.52488 1.47242 1.33710 1.22022 2.76516
4.00000 30.00000 -2.79277 -2.48199 -2.04677 -1.81826 -1.52916 -1.12569 -0.85006 -0.45040 -0.15696 0.24811 0.45770 0.70143 0.83698 0.98149 1.12341 1.27178 1.36805 1.44296 1.44776 1.41646 1.37949 1.32461 1.18331 1.06588 2.64958
4.00000 40.00000 -3.00796 -2.69783 -2.26351 -2.03549 -1.74703 -1.34445 -1.06942 -0.67055 -0.37763 0.02692 0.23638 0.48010 0.61579 0.76056 0.90291 1.05161 1.14746 1.22020 1.22288 1.18808 1.14860 1.09065 0.94172 0.82364 2.46377
4.00000 50.00000 -3.17285 -2.86334 -2.42993 -2.20238 -1.91456 -1.51287 -1.23851 -0.84059 -0.54829 -0.14461 0.06442 0.30768 0.44311 0.58761 0.72958 0.87751 0.97240 1.04291 1.04395 1.00670 0.96559 0.90570 0.75224 0.63378 2.31640
4.00000 60.00000 -3.24606 -2.93719 -2.50471 -2.27774 -1.99066 -1.59017 -1.31684 -0.92065 -0.62993 -0.22906 -0.02200 0.21818 0.35128 0.49248 0.62945 0.76924 0.85821 0.92170 0.92016 0.88127 0.84004 0.78077 0.63140 0.51345 2.20597
4.00000 70.00000 -3.30642 -2.99809 -2.56635 -2.33977 -2.05317 -1.65329 -1.38032 -0.98448 -0.69380 -0.29253 -0.08493 0.15638 0.29049 0.43321 0.57262 0.71610 0.80722 0.87174 0.86942 0.82807 0.78465 0.72233 0.56425 0.44547 2.11079
4.00000 80.00000 -3.34430 -3.03652 -2.60558 -2.37938 -2.09334 -1.69426 -1.42184 -1.02682 -0.73672 -0.33623 -0.12900 0.11187 0.24573 0.38820 0.52723 0.66993 0.76010 0.82253 0.81863 0.77498 0.73004 0.66590 0.50357 0.38443 2.03339
4.00000 90.00000 -3.37257 -3.06532 -2.63512 -2.40936 -2.12385 -1.72558 -1.45377 -1.05967 -0.77025 -0.37079 -0.16417 0.07590 0.20921 0.35097 0.48895 0.62987 0.71850 0.77841 0.77306 0.72762 0.68163 0.61636 0.45184 0.33254 1.96510
4.00000 100.00000 -3.39848 -3.09173 -2.66224 -2.43688 -2.15192 -1.75443 -1.48322 -1.08999 -0.80125 -0.40282 -0.19680 0.04244 0.17521 0.31623 0.45316 0.59226 0.67933 0.73681 0.73011 0.68302 0.63611 0.56986 0.40348 0.28403 1.90288
4.00000 110.00000 -3.42253 -3.11626 -2.68749 -2.46252 -2.17805 -1.78132 -1.51067 -1.11833 -0.83027 -0.43289 -0.22750 0.01089 0.14306 0.28330 0.41908 0.55624 0.64172 0.69683 0.68886 0.64032 0.59262 0.52559 0.35793 0.23838 1.84610
4.00000 120.00000 -3.44525 -3.13946 -2.71135 -2.48675 -2.20278 -1.80679 -1.53673 -1.14524 -0.85785 -0.46153 -0.25678 -0.01930 0.11225 0.25166 0.38624 0.52135 0.60519 0.65794 0.64878 0.59890 0.55055 0.48290 0.31432 0.19476 1.79277
4.00000 130.00000 -3.46634 -3.16101 -2.73359 -2.50939 -2.22595 -1.83080 -1.56141 -1.17106 -0.88467 -0.49008 -0.28650 -0.05083 0.07937 0.21687 0.34857 0.47897 0.55930 0.60772 0.59685 0.54569 0.49705 0.42950 0.26273 0.14344 1.74244
4.00000 140.00000 -3.48787 -3.18300 -2.75624 -2.53242 -2.24949 -1.85513 -1.58639 -1.19710 -0.91160 -0.51862 -0.31609 -0.08205 0.04693 0.18274 0.31186 0.43808 0.51531 0.55984 0.54740 0.49502 0.44605 0.37849 0.21306 0.09395 1.69313
4.00000 150.00000 -3.51292 -3.20849 -2.78235 -2.55886 -2.27641 -1.88279 -1.61463 -1.22627 -0.94157 -0.54989 -0.34826 -0.11552 0.01252 0.14702 0.27418 0.39723 0.47209 0.51371 0.50008 0.44679 0.39754 0.32999 0.16550 0.04652 1.64643
4.00000 175.00000 -3.57223 -3.26881 -2.84421 -2.62159 -2.34034 -1.94860 -1.68197 -1.29625 -1.01381 -0.62617 -0.42729 -0.19882 -0.07398 0.05603 0.17645 0.28851 0.35529 0.38716 0.36980 0.31378 0.26400 0.19680 0.03647 -0.08195 1.53649
4.00000 200.00000 -3.62611 -3.32368 -2.90049 -2.67872 -2.39855 -2.00857 -1.74340 -1.36012 -1.07984 -0.69604 -0.49981 -0.27543 -0.15365 -0.02793 0.08606 0.18770 0.24698 0.26991 0.24921 0.19088 0.14073 0.07395 -0.08239 -0.20030 1.43836
4.00000 250.00000 -3.73289 -3.43219 -3.01156 -2.79123 -2.51307 -2.12629 -1.86375 -1.48491 -1.20850 -0.83164 -0.64012 -0.42305 -0.30672 -0.18860 -0.08586 -0.00203 0.04471 0.05348 0.02790 -0.03322 -0.08330 -0.14855 -0.29679 -0.41377 1.28306
4.00000 300.00000 -3.82573 -3.52658 -3.10825 -2.88925 -2.61292 -2.22908 -1.96899 -1.59436 -1.32174 -0.95168 -0.76487 -0.55513 -0.44424 -0.33370 -0.24215 -0.17568 -0.14075 -0.14456 -0.17398 -0.23663 -0.28597 -0.34905 -0.48841 -0.60449 1.15220
4.00000 350.00000 -3.90857 -3.61085 -3.19460 -2.97684 -2.70221 -2.32117 -2.06344 -1.69300 -1.42414 -1.06107 -0.87914 -0.67702 -0.57185 -0.46921 -0.38921 -0.34021 -0.31670 -0.33182 -0.36415 -0.42705 -0.47491 -0.53506 -0.66454 -0.77962 1.03672
4.00000 400.00000 -3.98440 -3.68798 -3.27368 -3.05706 -2.78404 -2.40568 -2.15028 -1.78399 -1.51896 -1.16302 -0.98614 -0.79191 -0.69263 -0.59816 -0.52991 -0.49828 -0.48568 -0.51079 -0.54515 -0.60728 -0.65310 -0.70987 -0.82899 -0.94318 0.92989
4.00000 450.00000 -4.05931 -3.76408 -3.35165 -3.13614 -2.86470 -2.48905 -2.23605 -1.87413 -1.61322 -1.26516 -1.09388 -0.90849 -0.81583 -0.73048 -0.67535 -0.66278 -0.66189 -0.69735 -0.73365 -0.79473 -0.83839 -0.89157 -1.00040 -1.11371 0.86963
4.00000 500.00000 -4.12740 -3.83332 -3.42265 -3.20822 -2.93835 -2.56538 -2.31484 -1.95751 -1.70097 -1.36129 -1.19605 -1.02017 -0.93461 -0.85898 -0.81764 -0.82464 -0.83521 -0.88009 -0.91766 -0.97688 -1.01791 -1.06717 -1.16552 -1.27800 0.80923
4.00000 600.00000 -4.22927 -3.93761 -3.53096 -3.31914 -3.05327 -2.68788 -2.44468 -2.10189 -1.85987 -1.54880 -1.40420 -1.26048 -1.19830 -1.15353 -1.15280 -1.20800 -1.23774 -1.28092 -1.30459 -1.33745 -1.35980 -1.38701 -1.44089 -1.55052 0.69284
4.00000 700.00000 -4.33479 -4.04515 -3.64177 -3.43206 -3.16938 -2.80988 -2.57231 -2.24048 -2.00924 -1.71905 -1.58926 -1.46830 -1.42240 -1.39886 -1.42570 -1.51375 -1.55798 -1.60623 -1.62611 -1.65000 -1.66570 -1.68503 -1.72399 -1.83280 0.58450
4.00000 800.00000 -4.42707 -4.13934 -3.73917 -3.53157 -3.27215 -2.91886 -2.68732 -2.36749 -2.14816 -1.88128 -1.76814 -1.67276 -1.64526 -1.64579 -1.70428 -1.83176 -1.89586 -1.95769 -1.97872 -1.99968 -2.01214 -2.02722 -2.05768 -2.16601 0.48199
4.00000 1000.00000 -4.59311 -4.30887 -3.91465 -3.71101 -3.45781 -3.11653 -2.89687 -2.60063 -2.40477 -2.18351 -2.10252 -2.05581 -2.06261 -2.10707 -2.22136 -2.41426 -2.50853 -2.58752 -2.60783 -2.62165 -2.62806 -2.63584 -2.65356 -2.76129 0.29975
4.00000 1200.00000 -4.73232 -4.45142 -4.06307 -3.86350 -3.61684 -3.28854 -3.08190 -2.81191 -2.64226 -2.47153 -2.42573 -2.43129 -2.47411 -2.56353 -2.73284 -2.98609 -3.10557 -3.19587 -3.21360 -3.21956 -3.22023 -3.22169 -3.22966 -3.33702 0.09031
4.00000 1500.00000 -4.93934 -4.66290 -4.28262 -4.08871 -3.85127 -3.54146 -3.35357 -3.12148 -2.98968 -2.89181 -2.89647 -2.97673 -3.07089 -3.22441 -3.47263 -3.81588 -3.97745 -4.09676 -4.11890 -4.12363 -4.12161 -4.11951 -4.12154 -4.22869 -0.19180
4.50000 0.00000 -0.38487 -0.05463 0.40946 0.65401 0.96322 1.39112 1.67690 2.07029 2.33615 2.65856 2.80125 2.94483 3.01531 3.08544 3.14686 3.21574 3.28105 3.35483 3.38064 3.39367 3.39057 3.37838 3.33734 3.22783 4.39901
4.50000 1.00000 -0.44837 -0.11818 0.34581 0.59037 0.89960 1.32759 1.61356 2.00741 2.27383 2.59758 2.74136 2.88684 2.95886 3.03129 3.09639 3.17169 3.24215 3.32316 3.35257 3.36944 3.36828 3.35790 3.31943 3.21002 4.33103
4.50000 5.00000 -0.96684 -0.63671 -0.17249 0.07238 0.38234 0.81228 1.10057 1.49978 1.77213 2.10847 2.26177 2.42243 2.50571 2.59312 2.67793 2.77568 2.85320 2.92702 2.94462 2.94135 2.92636 2.89982 2.82842 2.71685 3.99226
4.50000 10.00000 -1.39632 -1.06647 -0.60249 -0.35765 -0.04757 0.38305 0.67235 1.07414 1.34955 1.69266 1.85126 2.02071 2.11066 2.20725 2.30474 2.41847 2.50245 2.57388 2.58413 2.56665 2.54116 2.50166 2.40051 2.28665 3.71657
4.50000 15.00000 -1.67461 -1.34514 -0.88168 -0.63709 -0.32724 0.10317 0.39249 0.79476 1.07090 1.41597 1.57624 1.74857 1.84079 1.94054 2.04249 2.16203 2.24840 2.31875 2.32589 2.30227 2.27216 2.22678 2.11139 1.99637 3.50121
4.50000 20.00000 -1.87871 -1.54967 -1.08675 -0.84243 -0.53292 -0.10292 0.18622 0.58843 0.86477 1.21067 1.37173 1.54549 1.63883 1.74020 1.84444 1.96686 2.05419 2.12315 2.12794 2.09996 2.06659 2.01711 1.89178 1.77590 3.33287
4.50000 25.00000 -2.04966 -1.72100 -1.25862 -1.01458 -0.70539 -0.27576 0.01321 0.41539 0.69198 1.03876 1.20065 1.37593 1.47050 1.57365 1.68047 1.80639 1.89533 1.96397 1.96701 1.93532 1.89903 1.84575 1.71065 1.59391 3.19905
4.50000 30.00000 -2.18666 -1.85840 -1.39655 -1.15280 -0.84397 -0.41479 -0.12608 0.27589 0.55251 0.89965 1.06199 1.23815 1.33348 1.43771 1.54615 1.67432 1.76431 1.83275 1.83466 1.80051 1.76226 1.70642 1.56459 1.44724 3.08951
4.50000 40.00000 -2.39658 -2.06909 -1.60835 -1.36516 -1.05707 -0.62890 -0.34083 0.06036 0.33661 0.68370 0.84629 1.02314 1.11911 1.22432 1.33422 1.46432 1.55502 1.62253 1.62272 1.58524 1.54442 1.48526 1.33478 1.21668 2.91430
4.50000 50.00000 -2.55887 -2.23212 -1.77241 -1.52980 -1.22245 -0.79529 -0.50792 -0.10762 0.16812 0.51477 0.67733 0.85436 0.95058 1.05620 1.16675 1.29769 1.38857 1.45517 1.45412 1.41438 1.37189 1.31054 1.15443 1.03579 2.77542
4.50000 60.00000 -2.62987 -2.30387 -1.84528 -1.60329 -1.29679 -0.87097 -0.58468 -0.18609 0.08821 0.43239 0.59330 0.76777 0.86205 0.96493 1.07129 1.19536 1.28116 1.34169 1.33838 1.29711 1.25442 1.19346 1.04053 0.92230 2.67127
4.50000 70.00000 -2.68841 -2.36307 -1.90538 -1.66388 -1.35798 -0.93293 -0.64711 -0.24896 0.02528 0.36992 0.53147 0.70724 0.80265 0.90721 1.01619 1.14423 1.23246 1.29449 1.29060 1.24716 1.20244 1.13858 0.97716 0.85810 2.58142
4.50000 80.00000 -2.72384 -2.39915 -1.94239 -1.70140 -1.39614 -0.97203 -0.68689 -0.28966 -0.01602 0.32793 0.48914 0.66460 0.75986 0.86425 0.97297 1.10040 1.18783 1.24797 1.24271 1.19713 1.15097 1.08543 0.91996 0.80055 2.50890
4.50000 90.00000 -2.75041 -2.42634 -1.97048 -1.73000 -1.42539 -1.00224 -0.71778 -0.32156 -0.04863 0.29436 0.45505 0.62986 0.72468 0.82850 0.93634 1.06222 1.14829 1.20619 1.19963 1.15241 1.10530 1.03871 0.87113 0.75156 2.44484
4.50000 100.00000 -2.77475 -2.45131 -1.99633 -1.75632 -1.45235 -1.03012 -0.74634 -0.35109 -0.07886 0.26315 0.42333 0.59744 0.69178 0.79497 0.90187 1.02610 1.11077 1.16649 1.15868 1.11001 1.06206 0.99461 0.82538 0.70568 2.38657
4.50000 110.00000 -2.79730 -2.47441 -2.02026 -1.78072 -1.47735 -1.05602 -0.77291 -0.37862 -0.10709 0.23392 0.39357 0.56692 0.66077 0.76328 0.86915 0.99160 1.07481 1.12835 1.11940 1.06941 1.02076 0.95260 0.78218 0.66241 2.33334
4.50000 120.00000 -2.81835 -2.49606 -2.04270 -1.80361 -1.50084 -1.08037 -0.79791 -0.40457 -0.13374 0.20628 0.36533 0.53793 0.63124 0.73302 0.83778 0.95835 1.04004 1.09138 1.08132 1.03011 0.98084 0.91210 0.74084 0.62102 2.28401
4.50000 130.00000 -2.83812 -2.51639 -2.06385 -1.82522 -1.52306 -1.10355 -0.82183 -0.42969 -0.15984 0.17855 0.33656 0.50753 0.59963 0.69967 0.80181 0.91801 0.99645 1.04379 1.03214 0.97976 0.93024 0.86162 0.69210 0.57254 2.23686
4.50000 140.00000 -2.85838 -2.53717 -2.08542 -1.84723 -1.54569 -1.12707 -0.84607 -0.45505 -0.18611 0.15078 0.30780 0.47729 0.56828 0.66676 0.76653 0.87879 0.95430 0.99804 0.98497 0.93152 0.88177 0.81323 0.64520 0.52584 2.19124
4.50000 150.00000 -2.88207 -2.56138 -2.11036 -1.87259 -1.57160 -1.15384 -0.87348 -0.48348 -0.21530 0.12033 0.27658 0.44490 0.53504 0.63235 0.73031 0.83964 0.91298 0.95403 0.93990 0.88562 0.83566 0.76716 0.60011 0.48090 2.14738
4.50000 175.00000 -2.93794 -2.61847 -2.16927 -1.93253 -1.63292 -1.21731 -0.93867 -0.55139 -0.28551 0.04628 0.19996 0.36436 0.45156 0.54468 0.63627 0.73513 0.80076 0.83249 0.81480 0.75798 0.70755 0.63944 0.47658 0.35791 2.04452
4.50000 200.00000 -2.98889 -2.67057 -2.22305 -1.98726 -1.68894 -1.27536 -0.99833 -0.61368 -0.34995 -0.02187 0.12934 0.28994 0.37425 0.46331 0.54877 0.63761 0.69597 0.71919 0.69836 0.63949 0.58882 0.52131 0.36276 0.24465 1.95251
4.50000 250.00000 -3.08809 -2.77185 -2.32735 -2.09330 -1.79732 -1.38739 -1.11328 -0.73337 -0.47361 -0.15233 -0.00564 0.14800 0.22710 0.30883 0.38329 0.45458 0.50064 0.51011 0.48473 0.42352 0.37323 0.30762 0.15806 0.04093 1.80626
4.50000 300.00000 -3.17483 -2.86043 -2.41865 -2.18616 -1.89231 -1.48573 -1.21435 -0.83895 -0.58307 -0.26848 -0.12634 0.02025 0.09407 0.16839 0.23182 0.28594 0.32036 0.31766 0.28874 0.22651 0.17729 0.11425 -0.02547 -0.14160 1.68254
4.50000 350.00000 -3.25241 -2.93967 -2.50038 -2.26931 -1.97744 -1.57405 -1.30527 -0.93429 -0.68227 -0.37455 -0.23714 -0.09791 -0.02961 0.03698 0.08905 0.12591 0.14911 0.13551 0.10398 0.04190 -0.00556 -0.06535 -0.19444 -0.30955 1.57387
4.50000 400.00000 -3.32324 -3.01203 -2.57502 -2.34531 -2.05529 -1.65490 -1.38869 -1.02207 -0.77393 -0.47328 -0.34076 -0.20920 -0.14663 -0.08802 -0.04754 -0.02784 -0.01535 -0.03853 -0.07182 -0.13271 -0.17789 -0.23399 -0.35214 -0.46629 1.47700
4.50000 450.00000 -3.39112 -3.08133 -2.64647 -2.41803 -2.12982 -1.73244 -1.46879 -1.10676 -0.86277 -0.56984 -0.44276 -0.31973 -0.26358 -0.21385 -0.18619 -0.18516 -0.18405 -0.21713 -0.25210 -0.31163 -0.35443 -0.40677 -0.51422 -0.62746 1.42117
4.50000 500.00000 -3.45326 -3.14482 -2.71203 -2.48482 -2.19836 -1.80396 -1.54292 -1.18561 -0.94601 -0.66132 -0.54011 -0.42630 -0.37706 -0.33680 -0.32263 -0.34070 -0.35073 -0.39266 -0.42857 -0.48585 -0.52584 -0.57402 -0.67064 -0.78302 1.36502
4.50000 600.00000 -3.54638 -3.24069 -2.81239 -2.58806 -2.30593 -1.91953 -1.66609 -1.32347 -1.09830 -0.84167 -0.74058 -0.65808 -0.63160 -0.62144 -0.64696 -0.71213 -0.74067 -0.78042 -0.80234 -0.83330 -0.85469 -0.88093 -0.93340 -1.04297 1.25771
4.50000 700.00000 -3.64427 -3.34090 -2.91628 -2.69425 -2.41561 -2.03546 -1.78781 -1.45623 -1.24169 -1.00543 -0.91875 -0.85844 -0.84800 -0.85895 -0.91241 -1.01226 -1.05760 -1.10650 -1.12702 -1.15181 -1.16803 -1.18786 -1.22760 -1.33644 1.15743
4.50000 800.00000 -3.73307 -3.43186 -3.01076 -2.79101 -2.51577 -2.14191 -1.90026 -1.58023 -1.37693 -1.16229 -1.09085 -1.05383 -1.06003 -1.09260 -1.17408 -1.30756 -1.36846 -1.42538 -1.44444 -1.46367 -1.47539 -1.48985 -1.51960 -1.62791 1.06256
4.50000 1000.00000 -3.88794 -3.59072 -3.17630 -2.96097 -2.69255 -2.33163 -2.10250 -1.80704 -1.62787 -1.45956 -1.42052 -1.43234 -1.47279 -1.54900 -1.68538 -1.88161 -1.96979 -2.03906 -2.05484 -2.06410 -2.06835 -2.07422 -2.08954 -2.19720 0.89183
4.50000 1200.00000 -4.02475 -3.73116 -3.32303 -3.11195 -2.85024 -2.50232 -2.28602 -2.01598 -1.86186 -1.74152 -1.73576 -1.79698 -1.87156 -1.99053 -2.17956 -2.43448 -2.54807 -2.63045 -2.64506 -2.64824 -2.64775 -2.64824 -2.65517 -2.76249 0.69551
4.50000 1500.00000 -4.22427 -3.93570 -3.53649 -3.33159 -3.07978 -2.75145 -2.55473 -2.32384 -2.20836 -2.16159 -2.20633 -2.34165 -2.46667 -2.64801 -2.91252 -3.25037 -3.40017 -3.50363 -3.51906 -3.51755 -3.51284 -3.50855 -3.50832 -3.61540 0.43052
5.00000 0.00000 0.02925 0.36678 0.84099 1.09043 1.40419 1.83167 2.10849 2.47029 2.69800 2.95130 3.05680 3.16373 3.21997 3.28134 3.33967 3.40453 3.46033 3.50941 3.51764 3.50688 3.48951 3.46192 3.39299 3.28182 4.64603
5.00000 1.00000 -0.00524 0.33222 0.80632 1.05573 1.36947 1.79699 2.07392 2.43608 2.66421 2.91853 3.02485 3.13318 3.19053 3.25347 3.31421 3.38285 3.44130 3.49351 3.50298 3.49333 3.47636 3.44907 3.38016 3.26897 4.59692
5.00000 5.00000 -0.37618 -0.03899 0.43493 0.68436 0.99831 1.42663 1.70473 2.06980 2.30134 2.56312 2.67529 2.79331 2.85812 2.93152 3.00730 3.09746 3.16858 3.23094 3.24156 3.22942 3.20932 3.17738 3.09614 2.98395 4.31738
5.00000 10.00000 -0.75666 -0.41985 0.05362 0.30287 0.61676 1.04538 1.32407 1.69090 1.92465 2.19153 2.30772 2.43237 2.50227 2.58266 2.66818 2.77081 2.84723 2.90852 2.91399 2.89161 2.86383 2.82229 2.71888 2.60497 4.06506
5.00000 15.00000 -1.01981 -0.68346 -0.21057 0.03842 0.35198 0.78034 1.05905 1.42638 1.66093 1.92993 2.04790 2.17564 2.24790 2.33166 2.42193 2.53092 2.61030 2.67154 2.67458 2.64700 2.61516 2.56845 2.45232 2.33736 3.86332
5.00000 20.00000 -1.21563 -0.87974 -0.40748 -0.15880 0.15439 0.58234 0.86087 1.22824 1.46314 1.73331 1.85233 1.98189 2.05561 2.14137 2.23456 2.34737 2.42842 2.48913 2.49020 2.45860 2.42369 2.37301 2.24709 2.13132 3.70905
5.00000 25.00000 -1.37683 -1.04139 -0.56974 -0.32138 -0.00856 0.41892 0.69728 1.06462 1.29982 1.57092 1.69082 1.82195 1.89693 1.98448 2.08025 2.19663 2.27932 2.33986 2.33933 2.30429 2.26667 2.21242 2.07746 1.96088 3.58349
5.00000 30.00000 -1.50885 -1.17386 -0.70280 -0.45479 -0.14235 0.28467 0.56274 0.92995 1.16525 1.43700 1.55756 1.68989 1.76583 1.85476 1.95257 2.07185 2.15604 2.21684 2.21531 2.17790 2.13828 2.08143 1.93945 1.82224 3.48085
5.00000 40.00000 -1.71379 -1.37966 -0.90983 -0.66244 -0.35082 0.07513 0.35257 0.71914 0.95431 1.22651 1.34770 1.48129 1.55830 1.64883 1.74900 1.87169 1.95766 2.01880 2.01600 1.97555 1.93344 1.87322 1.72213 1.60407 3.31669
5.00000 50.00000 -1.87456 -1.54128 -1.07263 -0.82588 -0.51506 -0.09015 0.18661 0.55247 0.78736 1.05969 1.18125 1.31568 1.39343 1.48505 1.58692 1.71214 1.79953 1.86116 1.85765 1.81523 1.77139 1.70883 1.55113 1.43244 3.18653
5.00000 60.00000 -1.94495 -1.61252 -1.14510 -0.89904 -0.58912 -0.16562 0.11010 0.47435 0.70802 0.97836 1.09862 1.23106 1.30729 1.39675 1.49533 1.61513 1.69851 1.75528 1.74988 1.70609 1.66200 1.59962 1.44405 1.32564 3.08873
5.00000 70.00000 -2.00258 -1.67088 -1.20452 -0.95900 -0.64978 -0.22711 0.04810 0.41195 0.64561 0.91661 1.03764 1.17156 1.24905 1.34038 1.44179 1.56598 1.65212 1.71086 1.70516 1.65949 1.61348 1.54830 1.38437 1.26514 3.00428
5.00000 80.00000 -2.03655 -1.70560 -1.24028 -0.99534 -0.68685 -0.26525 0.00927 0.37219 0.60531 0.87575 0.99659 1.13036 1.20778 1.29904 1.40036 1.52420 1.60976 1.66700 1.66007 1.61248 1.56517 1.49838 1.33054 1.21093 2.93665
5.00000 90.00000 -2.06209 -1.73186 -1.26756 -1.02319 -0.71542 -0.29484 -0.02108 0.34085 0.57334 0.84298 0.96341 1.09667 1.17375 1.26453 1.36513 1.48770 1.57214 1.62744 1.61936 1.57028 1.52207 1.45430 1.28433 1.16458 2.87681
5.00000 100.00000 -2.08559 -1.75607 -1.29273 -1.04889 -0.74183 -0.32226 -0.04921 0.31175 0.54357 0.81240 0.93240 1.06509 1.14178 1.23204 1.33181 1.45296 1.53618 1.58959 1.58042 1.53003 1.48107 1.41250 1.24097 1.12111 2.82240
5.00000 110.00000 -2.10716 -1.77828 -1.31591 -1.07260 -0.76621 -0.34763 -0.07527 0.28472 0.51592 0.78386 0.90342 1.03549 1.11175 1.20141 1.30030 1.41987 1.50180 1.55325 1.54305 1.49145 1.44181 1.37258 1.19983 1.07988 2.77272
5.00000 120.00000 -2.12713 -1.79890 -1.33744 -1.09464 -0.78891 -0.37128 -0.09959 0.25946 0.49001 0.75711 0.87620 1.00763 1.08344 1.17247 1.27041 1.38833 1.46891 1.51840 1.50718 1.45442 1.40417 1.33433 1.16062 1.04060 2.72727
5.00000 130.00000 -2.14612 -1.81852 -1.35797 -1.11568 -0.81064 -0.39403 -0.12313 0.23475 0.46439 0.73001 0.84814 0.97809 1.05277 1.14021 1.23566 1.34954 1.42712 1.47292 1.46026 1.40648 1.35609 1.28644 1.11453 0.99476 2.68325
5.00000 140.00000 -2.16555 -1.83855 -1.37888 -1.13708 -0.83269 -0.41706 -0.14690 0.20987 0.43865 0.70292 0.82017 0.94879 1.02247 1.10846 1.20173 1.31196 1.38682 1.42936 1.41542 1.36073 1.31016 1.24063 1.07028 0.95071 2.64119
5.00000 150.00000 -2.18820 -1.86178 -1.40294 -1.16162 -0.85785 -0.44313 -0.17365 0.18213 0.41018 0.67335 0.78992 0.91752 0.99044 1.07537 1.16701 1.27457 1.34745 1.38756 1.37266 1.31725 1.26649 1.19705 1.02761 0.90817 2.60009
5.00000 175.00000 -2.24157 -1.91654 -1.45975 -1.21956 -0.91732 -0.50492 -0.23719 0.11586 0.34176 0.60139 0.71564 0.83961 0.90977 0.99074 1.07632 1.17393 1.23948 1.27078 1.25255 1.19478 1.14364 1.07464 0.90942 0.79053 2.50433
5.00000 200.00000 -2.29015 -1.96641 -1.51150 -1.27239 -0.97158 -0.56137 -0.29530 0.05515 0.27897 0.53513 0.64708 0.76746 0.83487 0.91194 0.99156 1.07946 1.13802 1.16115 1.13997 1.08037 1.02913 0.96086 0.80023 0.68190 2.41794
5.00000 250.00000 -2.38353 -2.06214 -1.61064 -1.37346 -1.07523 -0.66894 -0.40596 -0.06026 0.15974 0.40954 0.51725 0.63101 0.69340 0.76333 0.83221 0.90295 0.94954 0.95945 0.93402 0.87249 0.82187 0.75579 0.60479 0.48751 2.28065
5.00000 300.00000 -2.46539 -2.14607 -1.69762 -1.46219 -1.16629 -0.76364 -0.50350 -0.16233 0.05394 0.29737 0.40072 0.50768 0.56492 0.62754 0.68554 0.73933 0.77452 0.77269 0.74404 0.68192 0.63268 0.56951 0.42912 0.31292 2.16393
5.00000 350.00000 -2.53924 -2.22181 -1.77613 -1.54228 -1.24858 -0.84930 -0.59188 -0.25513 -0.04260 0.19429 0.29316 0.39304 0.44492 0.50001 0.54688 0.58377 0.60806 0.59581 0.56485 0.50326 0.45600 0.39632 0.26712 0.15197 2.06220
5.00000 400.00000 -2.60708 -2.29136 -1.84825 -1.61588 -1.32420 -0.92814 -0.67333 -0.34094 -0.13216 0.09802 0.19222 0.28475 0.33107 0.37840 0.41396 0.43415 0.44808 0.42678 0.39432 0.33427 0.28947 0.23370 0.11585 0.00169 1.97455
5.00000 450.00000 -2.66820 -2.35409 -1.91338 -1.68240 -1.39269 -0.99978 -0.74762 -0.41975 -0.21498 0.00787 0.09690 0.18126 0.22138 0.26013 0.28321 0.28527 0.28814 0.25740 0.22343 0.16493 0.12260 0.07069 -0.03633 -0.14957 1.92220
5.00000 500.00000 -2.72514 -2.41254 -1.97409 -1.74447 -1.45663 -1.06686 -0.81735 -0.49417 -0.29361 -0.07863 0.00483 0.08035 0.11383 0.14339 0.15341 0.13697 0.12913 0.09002 0.05534 -0.00070 -0.04010 -0.08776 -0.18375 -0.29613 1.86933
5.00000 600.00000 -2.80939 -2.49979 -2.06619 -1.83962 -1.55631 -1.17467 -0.93270 -0.62382 -0.43712 -0.24892 -0.18469 -0.13920 -0.12765 -0.12715 -0.15555 -0.21771 -0.24361 -0.28063 -0.30168 -0.33200 -0.35317 -0.37929 -0.43180 -0.54139 1.76895
5.00000 700.00000 -2.89788 -2.59086 -2.16136 -1.93735 -1.65781 -1.28283 -1.04695 -0.74948 -0.57367 -0.40620 -0.35670 -0.33388 -0.33874 -0.35982 -0.41663 -0.51341 -0.55532 -0.59949 -0.61774 -0.64009 -0.65508 -0.67371 -0.71173 -0.82048 1.67509
5.00000 800.00000 -2.98182 -2.67718 -2.25143 -2.02979 -1.75375 -1.38512 -1.15512 -0.86871 -0.70349 -0.55627 -0.52099 -0.52000 -0.54049 -0.58194 -0.66516 -0.79373 -0.85039 -0.90223 -0.91920 -0.93638 -0.94718 -0.96079 -0.98946 -1.09774 1.58651
5.00000 1000.00000 -3.12906 -2.82874 -2.41015 -2.19314 -1.92413 -1.56853 -1.35090 -1.08835 -0.94630 -0.84329 -0.83894 -0.88460 -0.93785 -1.02102 -1.15667 -1.34478 -1.42691 -1.48951 -1.50275 -1.50972 -1.51299 -1.51808 -1.53245 -1.64008 1.42581
5.00000 1200.00000 -3.26218 -2.96581 -2.55392 -2.34134 -2.07925 -1.73683 -1.53200 -1.29449 -1.17691 -1.12057 -1.14857 -1.24234 -1.32885 -1.45375 -1.64070 -1.88584 -1.99248 -2.06743 -2.07927 -2.08009 -2.07863 -2.07837 -2.08443 -2.19174 1.24259
5.00000 1500.00000 -3.45591 -3.16497 -2.76256 -2.55649 -2.30470 -1.98234 -1.79732 -1.59895 -1.51972 -1.53592 -1.61345 -1.77962 -1.91511 -2.10007 -2.35870 -2.68007 -2.81787 -2.90763 -2.91763 -2.91126 -2.90455 -2.89865 -2.89681 -3.00385 0.99450
5.50000 0.00000 0.45155 0.78495 1.25119 1.49445 1.79710 2.19930 2.44866 2.75653 2.93837 3.13118 3.21295 3.30277 3.35481 3.41535 3.47516 3.54008 3.59193 3.62849 3.62703 3.60250 3.57651 3.53932 3.45168 3.33928 4.82791
5.50000 1.00000 0.43957 0.77284 1.23893 1.48209 1.78464 2.18668 2.43594 2.74372 2.92553 3.11835 3.20018 3.29010 3.34225 3.40295 3.46308 3.52869 3.58117 3.61881 3.61797 3.59420 3.56866 3.53191 3.44505 3.33271 4.79516
5.50000 5.00000 0.21345 0.54637 1.01209 1.25515 1.55766 1.96006 2.20999 2.51964 2.70373 2.90173 2.98766 3.08447 3.14198 3.21028 3.28168 3.36432 3.42777 3.47623 3.47835 3.45537 3.42897 3.39028 3.29665 3.18368 4.57941
5.50000 10.00000 -0.09429 0.23820 0.70335 0.94616 1.24849 1.65096 1.90128 2.21232 2.39822 2.60047 2.68978 2.79228 2.85422 2.92875 3.00924 3.10496 3.17600 3.22983 3.23162 3.20539 3.17570 3.13241 3.02666 2.91266 4.35836
5.50000 15.00000 -0.33195 0.00003 0.46450 0.70701 1.00896 1.41107 1.66133 1.97268 2.15925 2.36327 2.45409 2.55912 2.62303 2.70033 2.78475 2.88575 2.95926 3.01313 3.01304 2.98266 2.94976 2.90236 2.78657 2.67175 4.17628
5.50000 20.00000 -0.51532 -0.18385 0.27998 0.52212 0.82368 1.22536 1.47546 1.78699 1.97400 2.17937 2.27135 2.37836 2.44384 2.52331 2.61089 2.71610 2.79158 2.84536 2.84354 2.80946 2.77367 2.72255 2.59752 2.48190 4.03946
5.50000 25.00000 -0.66752 -0.33655 0.12660 0.36842 0.66959 1.07082 1.32079 1.63235 1.81973 2.02624 2.11921 2.22799 2.29482 2.37630 2.46670 2.57590 2.65335 2.70745 2.70429 2.66711 2.62879 2.57436 2.44081 2.32445 3.92614
5.50000 30.00000 -0.79524 -0.46474 -0.00225 0.23923 0.54001 0.94079 1.19054 1.50211 1.68979 1.89727 1.99112 2.10144 2.16952 2.25273 2.34577 2.45878 2.53836 2.59345 2.58955 2.55014 2.50989 2.45280 2.31205 2.19502 3.83220
5.50000 40.00000 -0.99338 -0.66384 -0.20263 0.03818 0.33813 0.73788 0.98707 1.29827 1.48609 1.69456 1.78942 1.90158 1.97118 2.05658 2.15289 2.27074 2.35311 2.40947 2.40458 2.36217 2.31924 2.25851 2.10762 1.98966 3.68313
5.50000 50.00000 -1.15012 -0.82146 -0.36153 -0.12138 0.17776 0.57648 0.82507 1.13576 1.32358 1.53267 1.62824 1.74176 1.81247 1.89954 1.99839 2.12016 2.20490 2.26280 2.25743 2.21310 2.16836 2.10499 1.94640 1.82770 3.56489
5.50000 60.00000 -1.21987 -0.89212 -0.43348 -0.19406 0.10415 0.50150 0.74913 1.05848 1.24531 1.45291 1.54754 1.65962 1.72923 1.81474 1.91120 2.02904 2.11082 2.16506 2.15822 2.11266 2.06756 2.00410 1.84648 1.72792 3.47599
5.50000 70.00000 -1.27592 -0.94898 -0.49144 -0.25262 0.04487 0.44136 0.68851 0.99751 1.18448 1.39295 1.48848 1.60221 1.67320 1.76070 1.86025 1.98292 2.06780 2.12444 2.11747 2.07017 2.02320 1.95695 1.79079 1.67138 3.39934
5.50000 80.00000 -1.30889 -0.98276 -0.52635 -0.28813 0.00858 0.40402 0.65047 0.95867 1.14520 1.35334 1.44877 1.56251 1.63352 1.72112 1.82079 1.94352 2.02814 2.08367 2.07564 2.02657 1.97833 1.91048 1.74024 1.62044 3.33847
5.50000 90.00000 -1.33329 -1.00793 -0.55265 -0.31501 -0.01907 0.37529 0.62104 0.92832 1.11430 1.32178 1.41690 1.53020 1.60093 1.68813 1.78720 1.90885 1.99252 2.04641 2.03738 1.98698 1.93793 1.86917 1.69694 1.57698 3.28484
5.50000 100.00000 -1.35567 -1.03104 -0.57682 -0.33975 -0.04455 0.34880 0.59382 0.90020 1.08562 1.29242 1.38719 1.50001 1.57039 1.65713 1.75551 1.87593 1.95854 2.01075 2.00074 1.94912 1.89936 1.82983 1.65599 1.53591 3.23609
5.50000 110.00000 -1.37604 -1.05213 -0.59893 -0.36243 -0.06793 0.32439 0.56876 0.87424 1.05909 1.26518 1.35958 1.47185 1.54187 1.62808 1.72565 1.84469 1.92617 1.97663 1.96567 1.91291 1.86251 1.79233 1.61722 1.49705 3.19232
5.50000 120.00000 -1.39510 -1.07188 -0.61967 -0.38369 -0.08989 0.30147 0.54515 0.84976 1.03406 1.23940 1.33339 1.44512 1.51471 1.60035 1.69705 1.81460 1.89486 1.94354 1.93164 1.87782 1.82685 1.75609 1.58003 1.45979 3.15180
5.50000 130.00000 -1.41356 -1.09102 -0.63978 -0.40435 -0.11127 0.27906 0.52200 0.82554 1.00904 1.21314 1.30630 1.41675 1.48538 1.56961 1.66416 1.77818 1.85581 1.90126 1.88810 1.83336 1.78223 1.71160 1.53705 1.41702 3.11306
5.50000 140.00000 -1.43241 -1.11054 -0.66023 -0.42534 -0.13294 0.25640 0.49861 0.80110 0.98382 1.18669 1.27904 1.38824 1.45592 1.53878 1.63124 1.74181 1.81692 1.85939 1.84512 1.78967 1.73847 1.66811 1.49534 1.37553 3.07535
5.50000 150.00000 -1.45433 -1.13307 -0.68364 -0.44928 -0.15750 0.23090 0.47246 0.77402 0.95610 1.15800 1.24977 1.35802 1.42502 1.50691 1.59787 1.70600 1.77933 1.81963 1.80454 1.74849 1.69718 1.62692 1.45514 1.33547 3.03903
5.50000 175.00000 -1.50639 -1.18665 -0.73941 -0.50622 -0.21606 0.17002 0.40984 0.70888 0.88901 1.08776 1.17742 1.28237 1.34677 1.42497 1.51031 1.60919 1.67574 1.70789 1.68974 1.63160 1.58001 1.51029 1.34266 1.22353 2.95312
5.50000 200.00000 -1.55360 -1.23525 -0.79002 -0.55795 -0.26928 0.11458 0.35277 0.64935 0.82760 1.02323 1.11077 1.21236 1.27418 1.34869 1.42840 1.51813 1.57807 1.60257 1.58170 1.52192 1.47032 1.40141 1.23847 1.11988 2.87515
5.50000 250.00000 -1.64389 -1.32805 -0.88648 -0.65648 -0.37049 0.00936 0.24455 0.53666 0.71138 0.90116 0.98474 1.08006 1.13709 1.20475 1.27415 1.34743 1.39596 1.40803 1.38328 1.32206 1.27133 1.20486 1.05216 0.93468 2.74530
5.50000 300.00000 -1.72287 -1.40929 -0.97099 -0.74282 -0.45929 -0.08311 0.14927 0.43703 0.60830 0.79214 0.87162 0.96042 1.01245 1.07303 1.13182 1.18867 1.22620 1.22712 1.19946 1.13805 1.08894 1.02568 0.88421 0.76786 2.63542
5.50000 350.00000 -1.79343 -1.48186 -1.04652 -0.82003 -0.53876 -0.16605 0.06365 0.34718 0.51492 0.69255 0.76768 0.84954 0.89629 0.94941 0.99719 1.03736 1.06418 1.05508 1.02539 0.96492 0.91808 0.85867 0.72920 0.61396 2.54326
5.50000 400.00000 -1.85782 -1.54810 -1.11551 -0.89059 -0.61144 -0.24202 -0.01494 0.26433 0.42845 0.59956 0.67009 0.74462 0.78577 0.83107 0.86745 0.89086 0.90739 0.88955 0.85870 0.80028 0.75626 0.70119 0.58411 0.46995 2.46093
5.50000 450.00000 -1.91363 -1.60565 -1.17560 -0.95218 -0.67504 -0.30888 -0.08444 0.19041 0.35065 0.51460 0.58003 0.64638 0.68132 0.71798 0.74188 0.74723 0.75294 0.72622 0.69430 0.63806 0.59693 0.54619 0.44095 0.32776 2.39958
5.50000 500.00000 -1.96548 -1.65912 -1.23150 -1.00950 -0.73436 -0.37138 -0.14960 0.12065 0.27675 0.43298 0.49286 0.55036 0.57863 0.60609 0.61688 0.60386 0.59912 0.56469 0.53254 0.47942 0.44162 0.39559 0.30223 0.18999 2.34143
5.50000 600.00000 -2.04098 -1.73788 -1.31541 -1.09663 -0.82625 -0.47170 -0.25767 -0.00200 0.14001 0.26886 0.30898 0.33563 0.34136 0.33903 0.31073 0.25211 0.23041 0.20085 0.18416 0.15918 0.14095 0.11783 0.07014 -0.03921 2.23651
5.50000 700.00000 -2.12582 -1.82542 -1.40721 -1.19100 -0.92433 -0.57618 -0.36786 -0.12262 0.00959 0.11977 0.14664 0.15270 0.14352 0.12153 0.06729 -0.02327 -0.06015 -0.09748 -0.11246 -0.13129 -0.14451 -0.16149 -0.19716 -0.30583 2.14118
5.50000 800.00000 -2.20431 -1.90643 -1.49224 -1.27852 -1.01554 -0.67392 -0.47156 -0.23746 -0.11591 -0.02609 -0.01361 -0.02959 -0.05452 -0.09687 -0.17725 -0.29836 -0.34856 -0.39111 -0.40346 -0.41567 -0.42395 -0.43520 -0.46065 -0.56879 2.05302
5.50000 1000.00000 -2.34289 -2.04959 -1.64282 -1.43389 -1.17805 -0.84945 -0.65926 -0.44841 -0.34931 -0.30238 -0.31998 -0.38138 -0.43819 -0.52113 -0.65234 -0.83095 -0.90564 -0.95854 -0.96734 -0.96986 -0.97104 -0.97424 -0.98630 -1.09385 1.89346
5.50000 1200.00000 -2.46911 -2.18001 -1.78033 -1.57604 -1.32740 -1.01235 -0.83520 -0.64965 -0.57521 -0.57514 -0.62510 -0.73438 -0.82401 -0.94762 -1.12783 -1.35846 -1.45339 -1.51287 -1.51770 -1.51156 -1.50692 -1.50392 -1.50688 -1.61409 1.72314
5.50000 1500.00000 -2.66073 -2.37724 -1.98717 -1.78935 -1.55080 -1.25512 -1.09682 -0.94819 -0.90966 -0.97744 -1.07371 -1.25052 -1.38576 -1.56516 -1.81174 -2.11267 -2.23637 -2.30983 -2.31331 -2.30108 -2.29193 -2.28407 -2.28031 -2.38731 1.49209
6.00000 0.00000 0.90307 1.22145 1.66296 1.89020 2.16855 2.52691 2.73770 2.98429 3.12402 3.27252 3.34025 3.42093 3.47030 3.52881 3.58612 3.64574 3.69210 3.71879 3.71130 3.67916 3.64879 3.60692 3.51083 3.39791 4.93873
6.00000 1.00000 0.90517 1.22343 1.66475 1.89189 2.17011 2.52827 2.73891 2.98530 3.12487 3.27307 3.34067 3.42105 3.47020 3.52842 3.58535 3.64446 3.69055 3.71712 3.70973 3.67784 3.64764 3.60601 3.51051 3.39762 4.91540
6.00000 5.00000 0.78566 1.10341 1.54397 1.77071 2.04840 2.40575 2.61584 2.86138 3.00027 3.14737 3.21419 3.29345 3.34180 3.39899 3.45464 3.51260 3.55880 3.58730 3.58178 3.55280 3.52455 3.48519 3.39437 3.28182 4.75274
6.00000 10.00000 0.56528 0.88246 1.32226 1.54860 1.82580 2.18261 2.39242 2.63785 2.77694 2.92474 2.99219 3.07254 3.12171 3.18002 3.23720 3.29685 3.34348 3.37093 3.36402 3.33274 3.30288 3.26163 3.16674 3.05389 4.57013
6.00000 15.00000 0.36275 0.67938 1.11846 1.34442 1.62120 1.97753 2.18716 2.43264 2.57209 2.72096 2.78930 2.87114 2.92146 2.98132 3.04057 3.10264 3.14993 3.17600 3.16723 3.13272 3.10065 3.05674 2.95608 2.84281 4.41652
6.00000 20.00000 0.19770 0.51381 0.95219 1.17782 1.45422 1.81017 2.01971 2.26546 2.40546 2.55577 2.62532 2.70916 2.76102 2.82300 2.88517 2.95086 2.99948 3.02466 3.01393 2.97581 2.94112 2.89401 2.78612 2.67229 4.29904
6.00000 25.00000 0.05812 0.37374 0.81145 1.03674 1.31276 1.66833 1.87777 2.12376 2.26427 2.41597 2.48668 2.57246 2.62583 2.68988 2.75498 2.82446 2.87474 2.89967 2.88739 2.84617 2.80914 2.75910 2.64431 2.52995 4.19812
6.00000 30.00000 -0.06272 0.25241 0.68946 0.91444 1.19011 1.54532 1.75467 2.00089 2.14191 2.29500 2.36687 2.45461 2.50951 2.57571 2.64389 2.71761 2.77002 2.79555 2.78225 2.73851 2.69944 2.64677 2.52550 2.41058 4.11287
6.00000 40.00000 -0.25491 0.05926 0.49505 0.71937 0.99428 1.34868 1.55770 1.80404 1.94573 2.10077 2.17432 2.26496 2.32214 2.39157 2.46443 2.54474 2.60059 2.62736 2.61259 2.56505 2.52285 2.46603 2.33424 2.21842 3.97705
6.00000 50.00000 -0.40807 -0.09481 0.33973 0.56340 0.83755 1.19107 1.39970 1.64598 1.78806 1.94449 2.01929 2.11213 2.17103 2.24297 2.31954 2.40527 2.46419 2.49266 2.47716 2.42714 2.38271 2.32286 2.18289 2.06638 3.86931
6.00000 60.00000 -0.47636 -0.16403 0.26920 0.49217 0.76542 1.11769 1.32550 1.57067 1.71204 1.86747 1.94166 2.03357 2.09180 2.16278 2.23789 2.32125 2.37838 2.40442 2.38785 2.33672 2.29182 2.23155 2.09125 1.97474 3.78858
6.00000 70.00000 -0.53210 -0.22059 0.21152 0.43391 0.70650 1.05802 1.26551 1.51072 1.65254 1.80947 1.88497 1.97918 2.03924 2.11284 2.19190 2.28105 2.34157 2.36969 2.35248 2.29880 2.25153 2.18800 2.03864 1.92130 3.71890
6.00000 80.00000 -0.56453 -0.25385 0.17712 0.39893 0.67075 1.02130 1.22820 1.47282 1.61443 1.77136 1.84701 1.94157 2.00192 2.07597 2.15566 2.24558 2.30618 2.33337 2.31497 2.25929 2.21052 2.14515 1.99126 1.87352 3.66460
6.00000 90.00000 -0.58833 -0.27845 0.15139 0.37258 0.64367 0.99322 1.19947 1.44333 1.58456 1.74105 1.81651 1.91086 1.97106 2.04493 2.12433 2.21365 2.27361 2.29939 2.28004 2.22300 2.17341 2.10702 1.95092 1.83300 3.61640
6.00000 100.00000 -0.60967 -0.30055 0.12821 0.34881 0.61917 0.96774 1.17337 1.41649 1.55725 1.71326 1.78847 1.88248 1.94247 2.01601 2.09494 2.18336 2.24252 2.26688 2.24661 2.18837 2.13801 2.07083 1.91298 1.79492 3.57338
6.00000 110.00000 -0.62950 -0.32112 0.10660 0.32665 0.59631 0.94391 1.14891 1.39124 1.53156 1.68701 1.76192 1.85550 1.91517 1.98830 2.06658 2.15391 2.21211 2.23495 2.21381 2.15452 2.10358 2.03576 1.87668 1.75852 3.53410
6.00000 120.00000 -0.64719 -0.33953 0.08718 0.30668 0.57566 0.92232 1.12670 1.36828 1.50811 1.66291 1.73745 1.83050 1.88978 1.96236 2.03982 2.12574 2.18281 2.20401 2.18200 2.12173 2.07028 2.00194 1.84200 1.72379 3.49900
6.00000 130.00000 -0.66520 -0.35823 0.06749 0.28646 0.55471 0.90037 1.10404 1.34460 1.48372 1.63732 1.71107 1.80286 1.86118 1.93240 2.00780 2.09044 2.14520 2.16374 2.14085 2.08005 2.02862 1.96058 1.80220 1.68416 3.46412
6.00000 140.00000 -0.68427 -0.37799 0.04678 0.26522 0.53280 0.87750 1.08050 1.32013 1.45857 1.61110 1.68414 1.77482 1.83228 1.90229 1.97589 2.05566 2.10840 2.12468 2.10102 2.03981 1.98841 1.92066 1.76366 1.64579 3.42889
6.00000 150.00000 -0.70577 -0.40011 0.02372 0.24166 0.50861 0.85241 1.05481 1.29363 1.43150 1.58320 1.65571 1.74556 1.80240 1.87155 1.94386 2.02158 2.07287 2.08747 2.06321 2.00159 1.95015 1.88250 1.72625 1.60846 3.39600
6.00000 175.00000 -0.75594 -0.45187 -0.03026 0.18645 0.45178 0.79331 0.99405 1.23048 1.36652 1.51511 1.58549 1.67193 1.72618 1.79160 1.85831 1.92716 1.97226 1.97996 1.95341 1.89062 1.83935 1.77264 1.62077 1.50348 3.31936
6.00000 200.00000 -0.80230 -0.49968 -0.08013 0.13544 0.39927 0.73865 0.93782 1.17196 1.30620 1.45179 1.52006 1.60316 1.65482 1.71659 1.77784 1.83807 1.87725 1.87855 1.84999 1.78635 1.73542 1.66978 1.52240 1.40557 3.24901
6.00000 250.00000 -0.88784 -0.58783 -0.17204 0.04144 0.30257 0.63794 0.83420 1.06400 1.19480 1.33448 1.39861 1.47508 1.52166 1.57630 1.62695 1.67095 1.69942 1.69006 1.65878 1.59504 1.54569 1.48307 1.34603 1.23019 3.12813
6.00000 300.00000 -0.96278 -0.66508 -0.25267 -0.04106 0.21759 0.54931 0.74281 0.96839 1.09576 1.22934 1.28917 1.35876 1.40012 1.44740 1.48727 1.51512 1.53335 1.51460 1.48152 1.41876 1.37159 1.31259 1.18648 1.07164 3.02655
6.00000 350.00000 -1.03040 -0.73482 -0.32545 -0.11557 0.14078 0.46905 0.65988 0.88124 1.00505 1.13219 1.18743 1.24970 1.28546 1.32494 1.35353 1.36502 1.37342 1.34658 1.31259 1.25207 1.20772 1.15300 1.03870 0.92486 2.93928
6.00000 400.00000 -1.09254 -0.79888 -0.39233 -0.18407 0.07013 0.39508 0.58332 0.80045 0.92059 1.04100 1.09141 1.14595 1.17590 1.20732 1.22441 1.21970 1.21876 1.18513 1.15101 1.09359 1.05248 1.00232 0.89977 0.78687 2.86224
6.00000 450.00000 -1.14574 -0.85387 -0.44998 -0.24323 0.00890 0.33059 0.51621 0.72895 0.84519 0.95825 1.00338 1.04946 1.07304 1.09570 1.10043 1.07855 1.06803 1.02757 0.99344 0.93916 0.90126 0.85556 0.76405 0.65199 2.79651
6.00000 500.00000 -1.19532 -0.90513 -0.50374 -0.29844 -0.04831 0.27017 0.45314 0.66128 0.77337 0.87855 0.91798 0.95501 0.97182 0.98526 0.97715 0.93805 0.91838 0.87229 0.83885 0.78847 0.75412 0.71311 0.63247 0.52119 2.73712
6.00000 600.00000 -1.26743 -0.98058 -0.58447 -0.38242 -0.13706 0.17305 0.34839 0.54225 0.64051 0.71873 0.73873 0.74558 0.74058 0.72554 0.68085 0.60090 0.56766 0.52924 0.51127 0.48732 0.47078 0.45008 0.40795 0.29894 2.63031
6.00000 700.00000 -1.35021 -1.06614 -0.67433 -0.47490 -0.23326 0.07057 0.24037 0.42416 0.51290 0.57292 0.57997 0.56679 0.54736 0.51347 0.44421 0.33475 0.28801 0.24337 0.22739 0.20944 0.19758 0.18247 0.15088 0.04244 2.53211
6.00000 800.00000 -1.42425 -1.14279 -0.75509 -0.55820 -0.32027 -0.02297 0.14090 0.31359 0.39174 0.43140 0.42403 0.38889 0.35388 0.30004 0.20561 0.06767 0.00926 -0.03871 -0.05141 -0.06230 -0.06921 -0.07870 -0.10072 -0.20870 2.44478
6.00000 1000.00000 -1.55849 -1.28172 -0.90154 -0.70941 -0.47856 -0.19397 -0.04190 0.10840 0.16488 0.16304 0.12659 0.04763 -0.01799 -0.11057 -0.25311 -0.44466 -0.52543 -0.58237 -0.59157 -0.59344 -0.59387 -0.59609 -0.60636 -0.71382 2.28751
6.00000 1200.00000 -1.68268 -1.41021 -1.03716 -0.84966 -0.62591 -0.35462 -0.21521 -0.08944 -0.05683 -0.10413 -0.17196 -0.29717 -0.39432 -0.52573 -0.71460 -0.95439 -1.05328 -1.11507 -1.11999 -1.11329 -1.10810 -1.10444 -1.10631 -1.21348 2.12661
6.00000 1500.00000 -1.87392 -1.60706 -1.24360 -1.06245 -0.84855 -0.59587 -0.47448 -0.38383 -0.38541 -0.49734 -0.60928 -0.79876 -0.93922 -1.12349 -1.37494 -1.68069 -1.80642 -1.88124 -1.88496 -1.87269 -1.86341 -1.85535 -1.85117 -1.95816 1.91018
6.50000 0.00000 1.35840 1.65246 2.05560 2.25939 2.50435 2.80871 2.97783 3.16770 3.27465 3.39391 3.45324 3.52742 3.57357 3.62805 3.67943 3.72927 3.76833 3.78564 3.77399 3.73780 3.70562 3.66228 3.56483 3.45191 5.00065
6.50000 1.00000 1.37168 1.66561 2.06856 2.27223 2.51706 2.82118 2.99014 3.17974 3.28643 3.40522 3.46422 3.53784 3.58356 3.63745 3.68794 3.73645 3.77463 3.79104 3.77911 3.74278 3.71061 3.66736 3.57031 3.45743 4.97838
6.50000 5.00000 1.31470 1.60805 2.01007 2.21318 2.45718 2.75992 2.92763 3.11484 3.21919 3.33327 3.38875 3.45672 3.49821 3.54625 3.58858 3.62620 3.65889 3.67292 3.66254 3.63051 3.60186 3.56312 3.47658 3.36447 4.85176
6.50000 10.00000 1.17150 1.46418 1.86522 2.06777 2.31101 2.61252 2.77919 2.96462 3.06731 3.17816 3.23125 3.29535 3.33390 3.37785 3.41431 3.44345 3.47095 3.48032 3.46894 3.43702 3.40906 3.37153 3.28841 3.17660 4.70941
6.50000 15.00000 1.01073 1.30283 1.70310 1.90522 2.14794 2.44878 2.61502 2.79997 2.90238 3.01289 3.06577 3.12958 3.16788 3.21148 3.24730 3.27512 3.30133 3.30844 3.29570 3.26220 3.23333 3.19486 3.11021 2.99829 4.58603
6.50000 20.00000 0.86907 1.16066 1.56022 1.76202 2.00436 2.30481 2.47097 2.65609 2.75892 2.87056 2.92436 2.98966 3.02908 3.07419 3.11200 3.14194 3.16857 3.17419 3.15968 3.12327 3.09246 3.05176 2.96247 2.85024 4.48567
6.50000 25.00000 0.74092 1.03204 1.43097 1.63246 1.87449 2.17468 2.34086 2.52643 2.63000 2.74337 2.79855 2.86614 2.90729 2.95476 2.99582 3.02985 3.05819 3.06358 3.04764 3.00844 2.97561 2.93242 2.83773 2.72511 4.39675
6.50000 30.00000 0.62766 0.91831 1.31664 1.51784 1.75957 2.05954 2.22577 2.41185 2.51617 2.63138 2.68803 2.75803 2.80103 2.85104 2.89566 2.93433 2.96482 2.97056 2.95343 2.91162 2.87679 2.83112 2.73079 2.61776 4.32065
6.50000 40.00000 0.44475 0.73446 1.13159 1.33220 1.57331 1.87272 2.03888 2.22559 2.33105 2.44901 2.50791 2.58169 2.62759 2.68163 2.73193 2.77813 2.81222 2.81871 2.79967 2.75358 2.71543 2.66558 2.55551 2.44172 4.19652
6.50000 50.00000 0.29861 0.58744 0.98338 1.18343 1.42385 1.72260 1.88859 2.07561 2.18179 2.30178 2.36236 2.43894 2.48705 2.54417 2.59893 2.65128 2.68857 2.69636 2.67627 2.62730 2.58678 2.53383 2.41619 2.30180 4.09771
6.50000 60.00000 0.23192 0.51986 0.91455 1.11394 1.35358 1.65124 1.81660 2.00288 2.10869 2.22826 2.28861 2.36495 2.41291 2.46981 2.52420 2.57583 2.61234 2.61867 2.59763 2.54742 2.50618 2.45244 2.33325 2.21876 4.02421
6.50000 70.00000 0.17681 0.46393 0.85758 1.05645 1.29551 1.59266 1.75791 1.94463 2.05127 2.17302 2.23516 2.31453 2.36482 2.42503 2.48420 2.54250 2.58249 2.59015 2.56780 2.51413 2.47001 2.41253 2.28399 2.16871 3.96139
6.50000 80.00000 0.14493 0.43126 0.82379 1.02210 1.26048 1.55682 1.72162 1.90802 2.01468 2.13680 2.19936 2.27946 2.33033 2.39142 2.45177 2.51147 2.55184 2.55854 2.53483 2.47882 2.43300 2.37345 2.24015 2.12446 3.91247
6.50000 90.00000 0.12200 0.40755 0.79900 0.99674 1.23443 1.52989 1.69416 1.88002 1.98643 2.10839 2.17093 2.25107 2.30200 2.36313 2.42357 2.48320 2.52316 2.52863 2.50393 2.44642 2.39963 2.33895 2.20312 2.08726 3.86995
6.50000 100.00000 0.10102 0.38580 0.77623 0.97342 1.21043 1.50501 1.66878 1.85405 1.96017 2.08184 2.14427 2.22428 2.27514 2.33618 2.39647 2.45567 2.49511 2.49933 2.47372 2.41495 2.36736 2.30577 2.16803 2.05202 3.83124
6.50000 110.00000 0.08240 0.36647 0.75587 0.95253 1.18887 1.48261 1.64581 1.83047 1.93624 2.05749 2.11969 2.19938 2.25002 2.31078 2.37057 2.42890 2.46753 2.47032 2.44386 2.38400 2.33579 2.27351 2.13438 2.01827 3.79733
6.50000 120.00000 0.06504 0.34839 0.73682 0.93296 1.16867 1.46156 1.62422 1.80825 1.91362 2.03437 2.09627 2.17554 2.22586 2.28617 2.34533 2.40256 2.44024 2.44160 2.41438 2.35357 2.30484 2.24204 2.10202 1.98584 3.76589
6.50000 130.00000 0.04669 0.32936 0.71681 0.91243 1.14747 1.43943 1.60148 1.78463 1.88937 2.00906 2.07025 2.14838 2.19785 2.25696 2.31438 2.36888 2.40476 2.40420 2.37637 2.31535 2.26677 2.20434 2.06561 1.94956 3.73330
6.50000 140.00000 0.02803 0.31002 0.69655 0.89166 1.12606 1.41714 1.57860 1.76094 1.86507 1.98378 2.04429 2.12137 2.17005 2.22806 2.28383 2.33585 2.37007 2.36780 2.33948 2.27830 2.22983 2.16771 2.03023 1.91431 3.70136
6.50000 150.00000 0.00731 0.28867 0.67430 0.86893 1.10273 1.39297 1.55391 1.73553 1.83920 1.95715 2.01718 2.09351 2.14163 2.19887 2.25352 2.30381 2.33684 2.33328 2.30452 2.24312 2.19466 2.13267 1.99584 1.87997 3.67292
6.50000 175.00000 -0.04147 0.23837 0.62181 0.81525 1.04752 1.33565 1.49503 1.67445 1.77636 1.89129 1.94917 2.02209 2.06760 2.12118 2.17042 2.21246 2.24000 2.23086 2.20052 2.13866 2.09073 2.02992 1.89734 1.78189 3.60379
6.50000 200.00000 -0.08721 0.19119 0.57262 0.76494 0.99580 1.28189 1.43984 1.61713 1.71735 1.82927 1.88505 1.95459 1.99753 2.04751 2.09146 2.12548 2.14785 2.13354 2.10189 2.03992 1.99265 1.93315 1.80491 1.68987 3.54017
6.50000 250.00000 -0.17080 0.10501 0.48274 0.67306 0.90131 1.18365 1.33888 1.51209 1.60899 1.71498 1.76654 1.82934 1.86718 1.91003 1.94363 1.96241 1.97529 1.95247 1.91924 1.85830 1.81305 1.75684 1.63828 1.52409 3.42842
6.50000 300.00000 -0.24387 0.02963 0.40408 0.59254 0.81841 1.09725 1.24987 1.41903 1.51250 1.61223 1.65931 1.71495 1.74735 1.78270 1.80553 1.80887 1.81259 1.78243 1.74848 1.68969 1.64707 1.59478 1.48673 1.37340 3.33361
6.50000 350.00000 -0.30920 -0.03779 0.33360 0.52040 0.74403 1.01952 1.16956 1.33455 1.42442 1.51738 1.55957 1.60743 1.63397 1.66127 1.67273 1.66028 1.65519 1.61895 1.58522 1.52978 1.49047 1.44272 1.34600 1.23354 3.25208
6.50000 400.00000 -0.36885 -0.09936 0.26925 0.45446 0.67597 0.94822 1.09569 1.25643 1.34247 1.42827 1.46527 1.50485 1.52524 1.54411 1.54385 1.51573 1.50237 1.46136 1.42861 1.37735 1.34172 1.29883 1.21337 1.10174 3.17910
6.50000 450.00000 -0.42103 -0.15332 0.21267 0.39637 0.61585 0.88493 1.02981 1.18613 1.26816 1.34625 1.37769 1.40843 1.42225 1.43220 1.41972 1.37547 1.35386 1.30832 1.27667 1.22957 1.19754 1.15924 1.08413 0.97320 3.11395
6.50000 500.00000 -0.46930 -0.20328 0.16023 0.34250 0.55999 0.82591 0.96816 1.11987 1.19761 1.26745 1.29288 1.31420 1.32107 1.32168 1.29657 1.23630 1.20692 1.15793 1.12794 1.08558 1.05732 1.02375 0.95862 0.84834 3.05377
6.50000 600.00000 -0.53885 -0.27616 0.08212 0.26117 0.47399 0.73167 0.86643 1.00395 1.06786 1.11066 1.11671 1.10819 1.09374 1.06703 1.00766 0.91121 0.87158 0.83280 0.81810 0.80034 0.78803 0.77218 0.73872 0.63017 2.94796
6.50000 700.00000 -0.62012 -0.36019 -0.00617 0.17033 0.37949 0.63104 0.76040 0.88799 0.94245 0.96701 0.96011 0.93173 0.90316 0.85822 0.77562 0.65236 0.60129 0.55846 0.54636 0.53477 0.52696 0.51630 0.49199 0.38391 2.84872
6.50000 800.00000 -0.69064 -0.43332 -0.08339 0.09060 0.29610 0.54120 0.66468 0.78120 0.82495 0.82892 0.80749 0.75719 0.71327 0.64893 0.54239 0.39317 0.33232 0.28814 0.27983 0.27540 0.27237 0.26691 0.25102 0.14333 2.76341
6.50000 1000.00000 -0.82255 -0.56987 -0.22737 -0.05805 0.14052 0.37320 0.48515 0.57968 0.60204 0.56498 0.51490 0.42177 0.34822 0.24679 0.09502 -0.10320 -0.18362 -0.23455 -0.23909 -0.23498 -0.23210 -0.23110 -0.23702 -0.34435 2.60987
6.50000 1200.00000 -0.94806 -0.69954 -0.36387 -0.19896 -0.00706 0.21329 0.31354 0.38542 0.38573 0.30659 0.22754 0.09188 -0.01055 -0.14739 -0.34127 -0.58339 -0.68066 -0.73734 -0.73901 -0.72850 -0.72132 -0.71581 -0.71537 -0.82246 2.45780
6.50000 1500.00000 -1.12586 -0.88315 -0.55740 -0.39912 -0.21755 -0.01694 0.06407 0.09820 0.06162 -0.08702 -0.21310 -0.41636 -0.56358 -0.75400 -1.00937 -1.31218 -1.43099 -1.49330 -1.49047 -1.47137 -1.45891 -1.44813 -1.44107 -1.54798 2.25497
7.00000 0.00000 1.78315 2.04620 2.40199 2.57806 2.78550 3.03432 3.16509 3.30923 3.39337 3.49438 3.54818 3.61671 3.65918 3.70860 3.75246 3.79068 3.82188 3.83058 3.81590 3.77765 3.74506 3.70190 3.60660 3.49392 5.06968
7.00000 1.00000 1.80136 2.06428 2.41989 2.59587 2.80316 3.05177 3.18238 3.32625 3.41011 3.51061 3.56401 3.63191 3.67391 3.72266 3.76552 3.80222 3.83238 3.83995 3.82489 3.78638 3.75374 3.71061 3.61561 3.50295 5.04089
7.00000 5.00000 1.77492 2.03723 2.39188 2.56728 2.77369 3.02073 3.14986 3.29080 3.37171 3.46620 3.51511 3.57575 3.61227 3.65347 3.68581 3.70835 3.73115 3.73483 3.72107 3.68701 3.65817 3.61996 3.53647 3.42467 4.92954
7.00000 10.00000 1.68248 1.94410 2.29770 2.47244 2.67796 2.92341 3.05111 3.18931 3.26750 3.35645 3.40125 3.45523 3.48673 3.52101 3.54357 3.55254 3.56766 3.56547 3.55118 3.51873 3.49179 3.45632 3.37959 3.26832 4.80885
7.00000 15.00000 1.55965 1.82072 2.17351 2.34781 2.55275 2.79740 2.92447 3.06173 3.13909 3.22652 3.27022 3.32248 3.35265 3.38514 3.40515 3.41050 3.42342 3.41921 3.40440 3.37189 3.34515 3.31003 3.23446 3.12328 4.70458
7.00000 20.00000 1.44461 1.70517 2.05730 2.23127 2.43582 2.68004 2.80695 2.94415 3.02166 3.10957 3.15366 3.20658 3.23726 3.27043 3.29123 3.29721 3.30990 3.30426 3.28824 3.25395 3.22609 3.18975 3.11184 3.00050 4.61725
7.00000 25.00000 1.33627 1.59636 1.94788 2.12156 2.32581 2.56976 2.69662 2.83412 2.91213 3.00124 3.04630 3.10080 3.13267 3.16743 3.19040 3.19893 3.21254 3.20643 3.18934 3.15308 3.12388 3.08599 3.00488 2.89333 4.53983
7.00000 30.00000 1.23769 1.49732 1.84828 2.02170 2.22568 2.46946 2.59638 2.73437 2.81307 2.90382 2.95016 3.00676 3.04021 3.07712 3.10301 3.11514 3.13021 3.12387 3.10557 3.06706 3.03622 2.99638 2.91116 2.79932 4.47438
7.00000 40.00000 1.06940 1.32820 1.67805 1.85097 2.05443 2.29784 2.42490 2.56379 2.64380 2.73765 2.78644 2.84706 2.88357 2.92466 2.95634 2.97583 2.99419 2.98817 2.96793 2.92536 2.89151 2.84799 2.75475 2.64233 4.36422
7.00000 50.00000 0.93656 1.19451 1.54331 1.71571 1.91863 2.16154 2.28856 2.42798 2.50887 2.60493 2.65548 2.71907 2.75784 2.80209 2.83815 2.86338 2.88442 2.87896 2.85735 2.81178 2.77565 2.72927 2.62963 2.51674 4.27655
7.00000 60.00000 0.87262 1.12974 1.47738 1.64922 1.85144 2.09353 2.22010 2.35910 2.43991 2.53603 2.58675 2.65065 2.68969 2.73430 2.77087 2.79656 2.81750 2.81104 2.78852 2.74158 2.70455 2.65714 2.55542 2.44238 4.20963
7.00000 70.00000 0.81941 1.07579 1.42252 1.59389 1.79568 2.03746 2.16412 2.30391 2.38583 2.48464 2.53750 2.60494 2.64670 2.69508 2.73693 2.76960 2.79383 2.78793 2.76358 2.71260 2.67247 2.62119 2.51051 2.39679 4.15245
7.00000 80.00000 0.78902 1.04465 1.39037 1.56125 1.76246 2.00360 2.12999 2.26969 2.35182 2.45137 2.50488 2.57342 2.61603 2.66560 2.70908 2.74365 2.76838 2.76138 2.73552 2.68193 2.63999 2.58653 2.47104 2.35698 4.10934
7.00000 90.00000 0.76585 1.02075 1.36549 1.53588 1.73647 1.97690 2.10291 2.24230 2.32440 2.42408 2.47777 2.54668 2.58961 2.63962 2.68368 2.71884 2.74353 2.73551 2.70862 2.65340 2.61035 2.55561 2.43737 2.32310 4.07037
7.00000 100.00000 0.74484 0.99902 1.34278 1.51269 1.71273 1.95244 2.07805 2.21706 2.29899 2.39869 2.45242 2.52150 2.56459 2.61479 2.65911 2.69443 2.71887 2.70977 2.68194 2.62533 2.58139 2.52563 2.40519 2.29074 4.03523
7.00000 110.00000 0.72609 0.97960 1.32246 1.49187 1.69131 1.93030 2.05549 2.19405 2.27578 2.37520 2.42888 2.49785 2.54085 2.59099 2.63518 2.67011 2.69404 2.68377 2.65513 2.59740 2.55280 2.49626 2.37430 2.25975 4.00446
7.00000 120.00000 0.70753 0.96037 1.30233 1.47128 1.67015 1.90843 2.03319 2.17129 2.25275 2.35189 2.40537 2.47416 2.51705 2.56698 2.61091 2.64529 2.66865 2.65734 2.62803 2.56944 2.52432 2.46724 2.34422 2.22959 3.97479
7.00000 130.00000 0.68932 0.94151 1.28257 1.45104 1.64932 1.88679 2.01102 2.14838 2.22930 2.32752 2.38039 2.44817 2.49031 2.53925 2.58172 2.61393 2.63591 2.62323 2.59356 2.53492 2.48995 2.43322 2.31123 2.19670 3.94501
7.00000 140.00000 0.67108 0.92265 1.26283 1.43084 1.62856 1.86527 1.98898 2.12565 2.20606 2.30340 2.35567 2.42258 2.46405 2.51204 2.55318 2.58342 2.60412 2.59017 2.56018 2.50149 2.45666 2.40020 2.27919 2.16472 3.91575
7.00000 150.00000 0.65074 0.90172 1.24106 1.40865 1.60582 1.84181 1.96508 2.10117 2.18116 2.27786 2.32972 2.39596 2.43697 2.48433 2.52456 2.55343 2.57326 2.55839 2.52811 2.46931 2.42454 2.36822 2.24775 2.13333 3.88991
7.00000 175.00000 0.60268 0.85220 1.18951 1.35599 1.55179 1.78588 1.90778 2.04187 2.12024 2.21403 2.26381 2.32677 2.36530 2.40921 2.44444 2.46594 2.48111 2.46185 2.43056 2.37186 2.32778 2.27275 2.15615 2.04208 3.82619
7.00000 200.00000 0.55852 0.80668 1.14210 1.30758 1.50206 1.73431 1.85492 1.98705 2.06381 2.15465 2.20235 2.26196 2.29793 2.33839 2.36856 2.38274 2.39335 2.36999 2.33791 2.27956 2.23634 2.18272 2.07023 1.95651 3.76741
7.00000 250.00000 0.47550 0.72122 1.05320 1.21679 1.40888 1.63778 1.75592 1.88429 1.95786 2.04289 2.08642 2.13941 2.17044 2.20401 2.22445 2.22478 2.22724 2.19737 2.16465 2.10816 2.06722 2.01696 1.91343 1.80043 3.66312
7.00000 300.00000 0.40424 0.64777 0.97663 1.13853 1.32844 1.55409 1.66984 1.79435 1.86458 1.94331 1.98229 2.02806 2.05368 2.07985 2.08988 2.07580 2.07025 2.03477 2.00210 1.94845 1.91037 1.86406 1.77028 1.65803 3.57774
7.00000 350.00000 0.33981 0.58137 0.90739 1.06770 1.25552 1.47807 1.59137 1.71188 1.77850 1.85032 1.88432 1.92216 1.94188 1.96004 1.95897 1.93011 1.91685 1.87700 1.84532 1.79567 1.76108 1.71934 1.63612 1.52461 3.50217
7.00000 400.00000 0.28095 0.52065 0.84403 1.00286 1.18870 1.40822 1.51912 1.63548 1.69828 1.76282 1.79152 1.82100 1.83454 1.84439 1.83199 1.78856 1.76817 1.72517 1.69515 1.65018 1.61936 1.58237 1.50951 1.39869 3.43518
7.00000 450.00000 0.22756 0.46558 0.78648 0.94390 1.12784 1.34435 1.45276 1.56484 1.62362 1.68032 1.70334 1.72392 1.73091 1.73199 1.70782 1.64956 1.62218 1.57638 1.54817 1.50791 1.48079 1.44838 1.38504 1.27486 3.37198
7.00000 500.00000 0.17848 0.41490 0.73343 0.88950 1.07157 1.28509 1.39098 1.49852 1.55299 1.60133 1.61832 1.62945 1.62953 1.62151 1.58528 1.51238 1.47854 1.43099 1.40509 1.36999 1.34670 1.31887 1.26467 1.15502 3.31359
7.00000 600.00000 0.10732 0.34054 0.65407 0.80704 0.98460 1.19017 1.28872 1.38215 1.42274 1.44384 1.44142 1.42289 1.40206 1.36755 1.29887 1.19342 1.15184 1.11657 1.10600 1.09445 1.08601 1.07429 1.04763 0.93941 3.21098
7.00000 700.00000 0.02550 0.25606 0.56560 0.71616 0.89033 1.09015 1.18360 1.26754 1.29899 1.30238 1.28741 1.24978 1.21549 1.16373 1.07341 0.94356 0.89194 0.85355 0.84553 0.83963 0.83518 0.82799 0.80905 0.70118 3.11532
7.00000 800.00000 -0.04715 0.18097 0.48664 0.63486 0.80560 0.99940 1.08734 1.16082 1.18206 1.16578 1.13695 1.07858 1.02986 0.96003 0.84765 0.69434 0.63414 0.59481 0.59025 0.59068 0.59040 0.58769 0.57578 0.46821 3.03182
7.00000 1000.00000 -0.18262 0.04112 0.33985 0.48374 0.64811 0.83048 0.90779 0.96086 0.96215 0.90747 0.85185 0.75356 0.67732 0.57320 0.41911 0.22067 0.14220 0.09577 0.09393 0.10121 0.10574 0.10832 0.10446 -0.00279 2.88639
7.00000 1200.00000 -0.30454 -0.08480 0.20734 0.34699 0.50491 0.67533 0.74120 0.77188 0.75121 0.65465 0.57029 0.43006 0.32557 0.18707 -0.00727 -0.24653 -0.33980 -0.38986 -0.38813 -0.37400 -0.36509 -0.35803 -0.35578 -0.46284 2.74372
7.00000 1500.00000 -0.48598 -0.27162 0.01148 0.14516 0.29382 0.44669 0.49545 0.49255 0.43892 0.28003 0.15344 -0.04761 -0.19249 -0.37955 -0.63009 -0.92627 -1.04124 -1.10000 -1.09610 -1.07624 -1.06351 -1.05254 -1.04524 -1.15214 2.55405
7.50000 0.00000 2.12685 2.35545 2.66060 2.80833 2.97916 3.17820 3.27810 3.38998 3.46039 3.55218 3.60352 3.66949 3.71018 3.75710 3.79716 3.82925 3.85600 3.85925 3.84228 3.80193 3.76849 3.72468 3.62907 3.51643 5.11943
7.50000 1.00000 2.14595 2.37445 2.67941 2.82704 2.99775 3.19659 3.29631 3.40788 3.47799 3.56921 3.62011 3.68535 3.72550 3.77164 3.81056 3.84091 3.86652 3.86853 3.85113 3.81051 3.77703 3.73328 3.63803 3.52542 5.08612
7.50000 5.00000 2.13462 2.36256 2.66664 2.81370 2.98356 3.18087 3.27912 3.38771 3.45481 3.53978 3.58602 3.64373 3.67819 3.71651 3.74446 3.76001 3.77779 3.77533 3.75895 3.72247 3.69263 3.65364 3.56956 3.45779 4.98561
7.50000 10.00000 2.07579 2.30308 2.60612 2.75253 2.92145 3.11706 3.21370 3.31912 3.38295 3.46132 3.50260 3.55236 3.58081 3.61091 3.62738 3.62729 3.63655 3.62832 3.61206 3.57838 3.55127 3.51600 3.44071 3.32957 4.88045
7.50000 15.00000 1.99478 2.22151 2.52374 2.66969 2.83800 3.03260 3.12839 3.23226 3.29464 3.37002 3.40916 3.45544 3.48133 3.50792 3.51953 3.51290 3.51864 3.50795 3.49166 3.45903 3.43295 3.39909 3.32714 3.21622 4.79082
7.50000 20.00000 1.90719 2.13343 2.43499 2.58063 2.74850 2.94255 3.03797 3.14134 3.20331 3.27807 3.31672 3.36235 3.38769 3.41359 3.42417 3.41594 3.42056 3.40851 3.39165 3.35850 3.33223 3.29825 3.22624 3.11533 4.71538
7.50000 25.00000 1.81925 2.04507 2.34607 2.49142 2.65901 2.85278 2.94813 3.05161 3.11386 3.18932 3.22856 3.27511 3.30118 3.32804 3.33986 3.33301 3.33797 3.32525 3.30755 3.27302 3.24584 3.21083 3.13685 3.02581 4.65018
7.50000 30.00000 1.73516 1.96056 2.26106 2.40618 2.57353 2.76713 2.86253 2.96640 3.02920 3.10595 3.14620 3.19440 3.22173 3.25025 3.26435 3.26025 3.26628 3.25338 3.23476 3.19856 3.17020 3.13381 3.05701 2.94579 4.59260
7.50000 40.00000 1.58605 1.81069 2.11023 2.25491 2.42185 2.61519 2.71077 2.81554 2.87958 2.95919 3.00170 3.05358 3.08369 3.11602 3.13530 3.13770 3.14656 3.13391 3.11369 3.07420 3.04344 3.00416 2.92126 2.80962 4.49702
7.50000 50.00000 1.47331 1.69718 1.99576 2.13999 2.30643 2.49936 2.59490 2.70007 2.76481 2.84615 2.89004 2.94422 2.97609 3.01082 3.03340 3.03990 3.05047 3.03768 3.01616 2.97417 2.94162 2.90019 2.81275 2.70080 4.42105
7.50000 60.00000 1.41315 1.63629 1.93387 2.07761 2.24349 2.43583 2.53105 2.63610 2.70094 2.78277 2.82709 2.88206 2.91453 2.95011 2.97386 2.98172 2.99268 2.97931 2.95694 2.91354 2.88004 2.83751 2.74783 2.63572 4.36001
7.50000 70.00000 1.36478 1.58727 1.88406 2.02744 2.19300 2.38520 2.48064 2.58664 2.65274 2.73741 2.78397 2.84261 2.87789 2.91730 2.94631 2.96084 2.97467 2.96123 2.93681 2.88928 2.85277 2.80655 2.70883 2.59615 4.30961
7.50000 80.00000 1.33621 1.55802 1.85394 1.99692 2.16200 2.35373 2.44903 2.55515 2.62160 2.70723 2.75462 2.81462 2.85094 2.89177 2.92272 2.93947 2.95392 2.93935 2.91336 2.86319 2.82485 2.77649 2.67424 2.56123 4.27049
7.50000 90.00000 1.31448 1.53564 1.83068 1.97322 2.13782 2.32900 2.42404 2.52997 2.59650 2.68247 2.73017 2.79075 2.82754 2.86900 2.90080 2.91845 2.93299 2.91742 2.89035 2.83848 2.79901 2.74935 2.64435 2.53116 4.23525
7.50000 100.00000 1.29457 1.51508 1.80929 1.95142 2.11552 2.30612 2.40090 2.50659 2.57308 2.65917 2.70705 2.76796 2.80501 2.84686 2.87916 2.89726 2.91170 2.89515 2.86716 2.81389 2.77351 2.72280 2.61564 2.50230 4.20310
7.50000 110.00000 1.27574 1.49562 1.78902 1.93073 2.09435 2.28437 2.37880 2.48421 2.55054 2.63655 2.68445 2.74541 2.78253 2.82448 2.85689 2.87499 2.88913 2.87166 2.84293 2.78863 2.74760 2.69617 2.58757 2.47411 4.17415
7.50000 120.00000 1.25813 1.47744 1.77004 1.91134 2.07448 2.26391 2.35804 2.46305 2.52919 2.61501 2.66280 2.72366 2.76072 2.80260 2.83489 2.85267 2.86638 2.84795 2.81859 2.76343 2.72190 2.66991 2.56027 2.44674 4.14728
7.50000 130.00000 1.24039 1.45912 1.75092 1.89181 2.05443 2.24320 2.33685 2.44129 2.50699 2.59201 2.63928 2.69934 2.73581 2.77690 2.80809 2.82424 2.83695 2.81759 2.78802 2.73287 2.69148 2.63978 2.53092 2.41744 4.12007
7.50000 140.00000 1.22209 1.44027 1.73129 1.87177 2.03392 2.22204 2.31530 2.41916 2.48439 2.56872 2.61551 2.67486 2.71080 2.75116 2.78134 2.79607 2.80791 2.78775 2.75801 2.70291 2.66168 2.61022 2.50210 2.38871 4.09323
7.50000 150.00000 1.20116 1.41880 1.70910 1.84921 2.01090 2.19843 2.29131 2.39472 2.45965 2.54347 2.58994 2.64882 2.68445 2.72439 2.75399 2.76792 2.77928 2.75868 2.72885 2.67378 2.63265 2.58136 2.47368 2.36032 4.06946
7.50000 175.00000 1.15373 1.37005 1.65854 1.79769 1.95816 2.14404 2.23576 2.33738 2.40084 2.48201 2.52658 2.58244 2.61583 2.65270 2.67793 2.68556 2.69309 2.66910 2.63861 2.58389 2.54348 2.49337 2.38902 2.27591 4.01089
7.50000 200.00000 1.11030 1.32541 1.61219 1.75043 1.90977 2.09406 2.18462 2.28448 2.34641 2.42474 2.46732 2.52000 2.55103 2.58466 2.60528 2.60641 2.61011 2.58301 2.55216 2.49818 2.45873 2.41007 2.30959 2.19676 3.95655
7.50000 250.00000 1.03090 1.24377 1.52746 1.66403 1.82125 2.00250 2.09082 2.18709 2.24589 2.31829 2.35660 2.40262 2.42865 2.45547 2.46656 2.45462 2.45104 2.41886 2.38806 2.33666 2.29978 2.25467 2.16297 2.05083 3.86111
7.50000 300.00000 0.96247 1.17334 1.45423 1.58926 1.74450 1.92284 2.00891 2.10145 2.15687 2.22281 2.25645 2.29507 2.31562 2.33502 2.33584 2.31019 2.29942 2.26294 2.23287 2.18492 2.15114 2.11013 2.02786 1.91640 3.78304
7.50000 350.00000 0.89954 1.10861 1.38689 1.52051 1.67388 1.84937 1.93319 2.02184 2.07366 2.13264 2.16125 2.19193 2.20663 2.21816 2.20828 2.16892 2.15142 2.11197 2.08348 2.03994 2.00975 1.97325 1.90084 1.79004 3.71360
7.50000 400.00000 0.84206 1.04945 1.32532 1.45760 1.60915 1.78187 1.86338 1.94797 1.99596 2.04751 2.07073 2.09298 2.10149 2.10479 2.08393 2.03088 2.00715 1.96576 1.93941 1.90089 1.87450 1.84266 1.77988 1.66969 3.65131
7.50000 450.00000 0.78754 0.99337 1.26700 1.39800 1.54778 1.71771 1.79689 1.87727 1.92122 1.96489 1.98241 1.99578 1.99783 1.99260 1.96051 1.89393 1.86435 1.82168 1.79774 1.76436 1.74176 1.71443 1.66061 1.55096 3.59187
7.50000 500.00000 0.73731 0.94169 1.21315 1.34289 1.49099 1.65812 1.73487 1.81081 1.85046 1.88573 1.89720 1.90119 1.89646 1.88240 1.83885 1.75894 1.72399 1.68088 1.65970 1.63175 1.61297 1.59009 1.54463 1.43548 3.53705
7.50000 600.00000 0.65932 0.86077 1.12769 1.25464 1.39866 1.55854 1.62855 1.69140 1.71807 1.72787 1.72124 1.69780 1.67390 1.63569 1.56300 1.45460 1.41345 1.38202 1.37449 1.36711 1.36110 1.35191 1.32921 1.22117 3.44096
7.50000 700.00000 0.57477 0.77381 1.03705 1.16180 1.30270 1.45720 1.52237 1.57603 1.59372 1.58613 1.56721 1.52520 1.48827 1.43362 1.34056 1.20992 1.16023 1.12723 1.12277 1.12131 1.11932 1.11457 1.09916 0.99144 3.35155
7.50000 800.00000 0.49709 0.69391 0.95371 1.07637 1.21422 1.36340 1.42364 1.46786 1.47632 1.45078 1.41928 1.35839 1.30840 1.23733 1.12424 0.97206 0.91409 0.87911 0.87705 0.88041 0.88166 0.88044 0.87059 0.76310 3.27212
7.50000 1000.00000 0.35710 0.54988 0.80328 0.92194 1.05387 1.19235 1.24249 1.26705 1.25612 1.19326 1.13580 1.03647 0.96013 0.85648 0.70421 0.51065 0.43678 0.39700 0.39834 0.40896 0.41510 0.41911 0.41701 0.30981 3.13831
7.50000 1200.00000 0.23431 0.42345 0.67086 0.78566 0.91173 1.03926 1.07882 1.08256 1.05110 0.94906 0.86475 0.72636 0.62382 0.48840 0.29911 0.06829 -0.01897 -0.06195 -0.05732 -0.04052 -0.03045 -0.02243 -0.01912 -0.12614 3.00470
7.50000 1500.00000 0.05946 0.24339 0.48201 0.59090 0.70770 0.81727 0.83911 0.80760 0.74141 0.57385 0.44543 0.24408 0.10016 -0.08433 -0.32923 -0.61382 -0.71959 -0.76667 -0.75785 -0.73340 -0.71874 -0.70623 -0.69738 -0.80427 2.82757
7.80000 0.00000 2.30046 2.50826 2.78369 2.91537 3.06626 3.23988 3.32521 3.42321 3.48839 3.57692 3.62736 3.69225 3.73217 3.77795 3.81632 3.84570 3.87055 3.87152 3.85362 3.81246 3.77871 3.73471 3.63910 3.52648 5.13892
7.80000 1.00000 2.31786 2.52557 2.80085 2.93244 3.08321 3.25664 3.34183 3.43952 3.50440 3.59238 3.64240 3.70658 3.74596 3.79100 3.82827 3.85597 3.87969 3.87943 3.86111 3.81968 3.78587 3.74191 3.64662 3.53402 5.10404
7.80000 5.00000 2.31004 2.51723 2.79166 2.92271 3.07269 3.24463 3.32837 3.42318 3.48507 3.56687 3.61229 3.66902 3.70277 3.74007 3.76648 3.77944 3.79530 3.79032 3.77280 3.73519 3.70479 3.66535 3.58075 3.46895 5.00863
7.80000 10.00000 2.26618 2.47273 2.74615 2.87657 3.02560 3.19580 3.27786 3.36929 3.42768 3.50241 3.54249 3.59066 3.61799 3.64650 3.66063 3.65704 3.66401 3.65330 3.63617 3.60186 3.57459 3.53930 3.46437 3.35325 4.91448
7.80000 15.00000 2.20071 2.40672 2.67936 2.80933 2.95773 3.12688 3.20800 3.29764 3.35430 3.42554 3.46304 3.50711 3.53136 3.55574 3.56418 3.55303 3.55606 3.54294 3.52608 3.49335 3.46748 3.43405 3.36335 3.25252 4.83372
7.80000 20.00000 2.12711 2.33266 2.60466 2.73429 2.88226 3.05080 3.13147 3.22040 3.27642 3.34643 3.38311 3.42585 3.44913 3.47218 3.47880 3.46519 3.46678 3.45251 3.43545 3.40289 3.37729 3.34425 3.27450 3.16375 4.76566
7.80000 25.00000 2.05063 2.25578 2.52724 2.65660 2.80428 2.97250 3.05303 3.14191 3.19800 3.26831 3.30522 3.34842 3.37205 3.39557 3.40275 3.38973 3.39139 3.37656 3.35895 3.32552 3.29942 3.26579 3.19499 3.08419 4.70641
7.80000 30.00000 1.97646 2.18122 2.45222 2.58135 2.72879 2.89683 2.97738 3.06650 3.12300 3.19425 3.23192 3.27636 3.30091 3.32571 3.33461 3.32362 3.32607 3.31107 3.29278 3.25815 3.23117 3.19655 3.12378 3.01284 4.65470
7.80000 40.00000 1.83747 2.04153 2.31163 2.44042 2.58747 2.75533 2.83606 2.92608 2.98375 3.05771 3.09750 3.14542 3.17262 3.20098 3.21478 3.20996 3.21511 3.20056 3.18098 3.14353 3.11450 3.07743 2.99952 2.88823 4.56532
7.80000 50.00000 1.73853 1.94188 2.21109 2.33942 2.48603 2.65347 2.73409 2.82431 2.88244 2.95758 2.99834 3.04789 3.07634 3.10641 3.12254 3.12051 3.12675 3.11182 3.09114 3.05181 3.02146 2.98284 2.90176 2.79027 4.49336
7.80000 60.00000 1.68047 1.88315 2.15147 2.27937 2.42551 2.59243 2.67287 2.76311 2.82146 2.89731 2.93869 2.98930 3.01856 3.04976 3.06744 3.06727 3.07418 3.05888 3.03739 2.99663 2.96531 2.92557 2.84218 2.73052 4.43645
7.80000 70.00000 1.63508 1.83716 2.10477 2.23236 2.37825 2.54511 2.62582 2.71703 2.77668 2.85540 2.89902 2.95329 2.98532 3.02029 3.04310 3.04930 3.05882 3.04318 3.01958 2.97477 2.94055 2.89730 2.80651 2.69434 4.38977
7.80000 80.00000 1.60778 1.80924 2.07606 2.20328 2.34877 2.51525 2.59586 2.68729 2.74732 2.82709 2.87156 2.92727 2.96040 2.99686 3.02167 3.03016 3.04031 3.02357 2.99843 2.95107 2.91510 2.86984 2.77483 2.66236 4.35256
7.80000 90.00000 1.58630 1.78716 2.05321 2.18005 2.32509 2.49111 2.57154 2.66290 2.72306 2.80329 2.84818 2.90461 2.93831 2.97556 3.00143 3.01107 3.02143 3.00375 2.97755 2.92848 2.89137 2.84479 2.74707 2.63442 4.31900
7.80000 100.00000 1.56648 1.76677 2.03205 2.15853 2.30313 2.46868 2.54887 2.64008 2.70027 2.78075 2.82589 2.88278 2.91684 2.95460 2.98115 2.99149 3.00187 2.98330 2.95620 2.90572 2.86769 2.82006 2.72018 2.60738 4.28794
7.80000 110.00000 1.54779 1.74750 2.01205 2.13815 2.28233 2.44738 2.52729 2.61825 2.67836 2.75883 2.80404 2.86108 2.89530 2.93326 2.96008 2.97060 2.98081 2.96142 2.93362 2.88211 2.84344 2.79508 2.69377 2.58086 4.26043
7.80000 120.00000 1.53027 1.72944 1.99325 2.11899 2.26274 2.42729 2.50692 2.59758 2.65754 2.73788 2.78305 2.84010 2.87433 2.91232 2.93916 2.94957 2.95948 2.93926 2.91085 2.85851 2.81933 2.77043 2.66804 2.55508 4.23486
7.80000 130.00000 1.51276 1.71139 1.97447 2.09984 2.24313 2.40708 2.48631 2.57640 2.63593 2.71557 2.76025 2.81657 2.85026 2.88755 2.91342 2.92247 2.93158 2.91070 2.88219 2.82999 2.79101 2.74240 2.64082 2.52790 4.20884
7.80000 140.00000 1.49471 1.69282 1.95520 2.08020 2.22305 2.38641 2.46528 2.55484 2.61399 2.69293 2.73718 2.79282 2.82604 2.86269 2.88768 2.89553 2.90395 2.88250 2.85394 2.80189 2.76311 2.71480 2.61398 2.50112 4.18345
7.80000 150.00000 1.47422 1.67185 1.93355 2.05821 2.20065 2.36348 2.44202 2.53119 2.59002 2.66851 2.71248 2.76770 2.80063 2.83692 2.86143 2.86866 2.87673 2.85504 2.82646 2.77454 2.73590 2.68778 2.58745 2.47462 4.16090
7.80000 175.00000 1.42790 1.62429 1.88433 2.00810 2.14944 2.31076 2.38820 2.47568 2.53306 2.60891 2.65098 2.70327 2.73401 2.76732 2.78765 2.78897 2.79360 2.76908 2.74014 2.68884 2.65105 2.60421 2.50724 2.39468 4.10494
7.80000 200.00000 1.38538 1.58063 1.83912 1.96206 2.10236 2.26220 2.33856 2.42432 2.48023 2.55325 2.59334 2.64250 2.67092 2.70107 2.71697 2.71217 2.71331 2.68615 2.65704 2.60668 2.56993 2.52457 2.43138 2.31910 4.05264
7.80000 250.00000 1.30634 1.49954 1.75516 1.87655 2.01489 2.17191 2.24613 2.32839 2.38114 2.44825 2.48408 2.52656 2.55005 2.57351 2.58018 2.56305 2.55764 2.52656 2.49812 2.45091 2.41698 2.37542 2.29103 2.17938 3.96533
7.80000 300.00000 1.23792 1.42926 1.68227 1.80226 1.93876 2.09305 2.16512 2.24374 2.29313 2.35376 2.38495 2.42006 2.43815 2.45433 2.45106 2.42095 2.40901 2.37460 2.34731 2.30391 2.27320 2.23574 2.16050 2.04949 3.88896
7.80000 350.00000 1.17533 1.36499 1.61561 1.73427 1.86902 2.02063 2.09052 2.16531 2.21111 2.26475 2.29089 2.31814 2.33044 2.33889 2.32524 2.28210 2.26407 2.22750 2.20211 2.16334 2.13625 2.10325 2.03745 1.92706 3.82331
7.80000 400.00000 1.11839 1.30651 1.55488 1.67229 1.80535 1.95429 2.02196 2.09274 2.13470 2.18089 2.20162 2.22045 2.22662 2.22698 2.20262 2.14652 2.12287 2.08511 2.06211 2.02852 2.00523 1.97680 1.92019 1.81036 3.76509
7.80000 450.00000 1.06403 1.25070 1.49695 1.61316 1.74459 1.89090 1.95631 2.02295 2.06091 2.09927 2.11437 2.12446 2.12430 2.11639 2.08124 2.01245 1.98359 1.94524 1.92485 1.89644 1.87687 1.85280 1.80459 1.69524 3.70890
7.80000 500.00000 1.01385 1.19915 1.44341 1.55846 1.68826 1.83192 1.89501 1.95731 1.99105 2.02113 2.03028 2.03120 2.02446 2.00801 1.96192 1.88066 1.84698 1.80865 1.79107 1.76794 1.75202 1.73212 1.69163 1.58270 3.65819
7.80000 600.00000 0.93561 1.11819 1.35823 1.47066 1.59668 1.73350 1.79018 1.83996 1.86123 1.86689 1.85874 1.83353 1.80858 1.76933 1.69587 1.58817 1.54896 1.52160 1.51663 1.51232 1.50799 1.50045 1.48019 1.37224 3.56507
7.80000 700.00000 0.85189 1.03219 1.26877 1.37913 1.50217 1.63384 1.68576 1.72646 1.73880 1.72712 1.70674 1.66311 1.62533 1.56991 1.47658 1.34751 1.30026 1.27185 1.27001 1.27161 1.27123 1.26803 1.25471 1.14710 3.48108
7.80000 800.00000 0.77714 0.95531 1.18855 1.29686 1.41685 1.54304 1.58981 1.62045 1.62288 1.59197 1.55817 1.49457 1.44306 1.37061 1.25690 1.10682 1.05241 1.02407 1.02573 1.03332 1.03673 1.03755 1.03033 0.92293 3.40485
7.80000 1000.00000 0.63891 0.81326 1.04039 1.14486 1.25908 1.37474 1.41142 1.42229 1.40513 1.33664 1.27682 1.17499 1.09751 0.99323 0.84185 0.65325 0.58502 0.55421 0.56012 0.57557 0.58403 0.59010 0.59040 0.48328 3.27946
7.80000 1200.00000 0.51057 0.68163 0.90348 1.00457 1.11372 1.21994 1.24760 1.24064 1.20590 1.10372 1.02074 0.88496 0.78449 0.65200 0.46692 0.24219 0.15876 0.11981 0.12590 0.14394 0.15449 0.16290 0.16663 0.05962 3.15123
7.80000 1500.00000 0.33773 0.50388 0.71727 0.81267 0.91282 1.00149 1.01167 0.96981 0.90061 0.73347 0.60685 0.40897 0.26786 0.08734 -0.15176 -0.42790 -0.52833 -0.56987 -0.55903 -0.53296 -0.51765 -0.50466 -0.49538 -0.60224 2.98238
8.00000 0.00000 2.40121 2.59554 2.85210 2.97383 3.11263 3.27141 3.34866 3.43940 3.50197 3.58906 3.63910 3.70350 3.74305 3.78835 3.82593 3.85413 3.87815 3.87815 3.85989 3.81843 3.78458 3.74053 3.64501 3.53241 5.14878
8.00000 1.00000 2.41422 2.60846 2.86490 2.98655 3.12527 3.28393 3.36109 3.45165 3.51411 3.60095 3.65080 3.71490 3.75422 3.79917 3.83623 3.86352 3.88683 3.88584 3.86708 3.82510 3.79099 3.74671 3.65085 3.53822 5.11330
8.00000 5.00000 2.40676 2.60049 2.85613 2.97728 3.11525 3.27251 3.34831 3.43611 3.49572 3.57667 3.62211 3.67909 3.71301 3.75054 3.77717 3.79016 3.80569 3.79972 3.78146 3.74277 3.71173 3.67157 3.58561 3.47372 5.02141
8.00000 10.00000 2.37260 2.56573 2.82038 2.94090 3.07791 3.23340 3.30745 3.39172 3.44768 3.52117 3.56103 3.60899 3.63615 3.66442 3.67814 3.67371 3.67991 3.66797 3.65018 3.61508 3.58738 3.55167 3.47608 3.36493 4.93448
8.00000 15.00000 2.31834 2.51097 2.76482 2.88489 3.02125 3.17560 3.24861 3.33087 3.38482 3.45422 3.49108 3.53425 3.55786 3.58130 3.58838 3.57523 3.57691 3.56236 3.54499 3.51188 3.48593 3.45248 3.38194 3.27114 4.85897
8.00000 20.00000 2.25377 2.44594 2.69919 2.81891 2.95483 3.10852 3.18102 3.26240 3.31551 3.38335 3.41904 3.46043 3.48272 3.50442 3.50910 3.49279 3.49283 3.47725 3.45997 3.42748 3.40210 3.36941 3.30055 3.18986 4.79586
8.00000 25.00000 2.18499 2.37678 2.62950 2.74899 2.88460 3.03793 3.11023 3.19141 3.24443 3.31219 3.34787 3.38933 3.41163 3.43338 3.43813 3.42186 3.42179 3.40585 3.38830 3.35546 3.32987 3.29698 3.22777 3.11707 4.74106
8.00000 30.00000 2.11730 2.30870 2.56097 2.68023 2.81562 2.96874 3.04101 3.12234 3.17564 3.24409 3.28035 3.32273 3.34579 3.36850 3.37457 3.35989 3.36045 3.34442 3.32635 3.29265 3.26642 3.23280 3.16220 3.05140 4.69268
8.00000 40.00000 1.98576 2.17650 2.42795 2.54684 2.68189 2.83486 2.90731 2.98946 3.04385 3.11482 3.15307 3.19869 3.22418 3.25025 3.26091 3.25200 3.25518 3.23974 3.22059 3.18446 3.15651 3.12077 3.04573 2.93464 4.60753
8.00000 50.00000 1.89776 2.08783 2.33841 2.45688 2.59148 2.74396 2.81622 2.89837 2.95298 3.02462 3.06346 3.11009 3.13637 3.16351 3.17561 3.16838 3.17208 3.15610 3.13608 3.09854 3.06962 3.03279 2.95562 2.84440 4.53837
8.00000 60.00000 1.84126 2.03070 2.28045 2.39855 2.53272 2.68478 2.75692 2.83916 2.89408 2.96659 3.00614 3.05401 3.08124 3.10969 3.12359 3.11855 3.12309 3.10687 3.08608 3.04711 3.01721 2.97924 2.89975 2.78836 4.48448
8.00000 70.00000 1.79849 1.98738 2.23647 2.35428 2.48819 2.64026 2.71266 2.79590 2.85208 2.92738 2.96912 3.02053 3.05045 3.08253 3.10135 3.10230 3.10922 3.09249 3.06961 3.02675 2.99408 2.95282 2.86647 2.75462 4.44004
8.00000 80.00000 1.77205 1.96035 2.20872 2.32620 2.45975 2.61149 2.68384 2.76731 2.82393 2.90033 2.94296 2.99587 3.02692 3.06056 3.08144 3.08476 3.09234 3.07455 3.05016 3.00480 2.97045 2.92722 2.83686 2.72473 4.40431
8.00000 90.00000 1.75071 1.93845 2.18610 2.30322 2.43641 2.58772 2.65992 2.74340 2.80017 2.87712 2.92024 2.97398 3.00568 3.04019 3.06227 3.06691 3.07479 3.05613 3.03069 2.98362 2.94813 2.90359 2.81055 2.69824 4.37151
8.00000 100.00000 1.73108 1.91828 2.16522 2.28199 2.41477 2.56569 2.63770 2.72107 2.77791 2.85518 2.89859 2.95288 2.98501 3.02012 3.04299 3.04847 3.05645 3.03695 3.01061 2.96214 2.92572 2.88013 2.78496 2.67250 4.34158
8.00000 110.00000 1.71243 1.89910 2.14535 2.26178 2.39418 2.54464 2.61640 2.69958 2.75637 2.83369 2.87723 2.93175 2.96409 2.99948 3.02275 3.02858 3.03648 3.01624 2.98922 2.93974 2.90269 2.85637 2.75976 2.64720 4.31498
8.00000 120.00000 1.69501 1.88117 2.12674 2.24284 2.37485 2.52484 2.59636 2.67925 2.73594 2.81318 2.85671 2.91129 2.94368 2.97917 3.00255 3.00840 3.01608 2.99508 2.96749 2.91718 2.87962 2.83277 2.73509 2.62246 4.29024
8.00000 130.00000 1.67763 1.86328 2.10817 2.22392 2.35549 2.50492 2.57608 2.65845 2.71472 2.79127 2.83434 2.88823 2.92013 2.95498 2.97747 2.98213 2.98914 2.96765 2.94003 2.88994 2.85262 2.80610 2.70924 2.59667 4.26521
8.00000 140.00000 1.65978 1.84494 2.08917 2.20458 2.33572 2.48462 2.55542 2.63731 2.69320 2.76911 2.81176 2.86503 2.89649 2.93074 2.95245 2.95605 2.96248 2.94060 2.91300 2.86314 2.82605 2.77985 2.68377 2.57125 4.24064
8.00000 150.00000 1.63966 1.82437 2.06797 2.18306 2.31384 2.46225 2.53274 2.61423 2.66986 2.74535 2.78774 2.84064 2.87185 2.90580 2.92711 2.93023 2.93643 2.91440 2.88685 2.83715 2.80020 2.75421 2.65858 2.54610 4.21916
8.00000 175.00000 1.59404 1.77758 2.01962 2.13388 2.26363 2.41058 2.48003 2.55986 2.61403 2.68686 2.72739 2.77736 2.80640 2.83742 2.85464 2.85211 2.85510 2.83067 2.80297 2.75414 2.71816 2.67355 2.58141 2.46919 4.16452
8.00000 200.00000 1.55218 1.73466 1.97523 2.08871 2.21747 2.36304 2.43144 2.50960 2.56227 2.63234 2.67087 2.71775 2.74451 2.77243 2.78534 2.77694 2.77666 2.74990 2.72218 2.67440 2.63950 2.59641 2.50797 2.39600 4.11376
8.00000 250.00000 1.47364 1.65416 1.89203 2.00406 2.13096 2.27382 2.34014 2.41487 2.46444 2.52854 2.56284 2.60306 2.62494 2.64627 2.65018 2.62993 2.62361 2.59361 2.56687 2.52254 2.49060 2.45134 2.37164 2.26031 4.03063
8.00000 300.00000 1.40499 1.58375 1.81917 1.92985 2.05501 2.19524 2.25948 2.33059 2.37678 2.43441 2.46404 2.49693 2.51345 2.52758 2.52177 2.48911 2.47675 2.44417 2.41891 2.37873 2.35012 2.31504 2.24444 2.13370 3.95668
8.00000 350.00000 1.34297 1.52015 1.75328 1.86270 1.98619 2.12385 2.18594 2.25325 2.29584 2.34646 2.37104 2.39608 2.40683 2.41336 2.39734 2.35214 2.33409 2.29994 2.27677 2.24138 2.21641 2.18577 2.12434 2.01419 3.89423
8.00000 400.00000 1.28621 1.46193 1.69293 1.80116 1.92302 2.05810 2.11801 2.18132 2.22007 2.26319 2.28239 2.29904 2.30368 2.30222 2.27571 2.21798 2.19474 2.15984 2.13927 2.10912 2.08795 2.06182 2.00926 1.89965 3.83800
8.00000 450.00000 1.23192 1.40626 1.63527 1.74236 1.86266 1.99521 2.05292 2.11217 2.14697 2.18237 2.19600 2.20407 2.20255 2.19300 2.15609 2.08625 2.05813 2.02293 2.00495 1.97986 1.96226 1.94028 1.89560 1.78644 3.78498
8.00000 500.00000 1.18183 1.35487 1.58196 1.68794 1.80671 1.93668 1.99211 2.04705 2.07765 2.10482 2.11255 2.11155 2.10356 2.08565 2.03811 1.95635 1.92382 1.88903 1.87397 1.85414 1.84013 1.82224 1.78495 1.67619 3.73595
8.00000 600.00000 1.10360 1.27407 1.49713 1.60064 1.71575 1.83915 1.88837 1.93113 1.94956 1.95294 1.94384 1.91751 1.89191 1.85203 1.77826 1.67142 1.63380 1.60968 1.60664 1.60462 1.60150 1.59519 1.57665 1.46876 3.64478
8.00000 700.00000 1.02037 1.18867 1.40846 1.50995 1.62221 1.74058 1.78514 1.81891 1.82848 1.81464 1.79342 1.74887 1.71062 1.65483 1.56156 1.43386 1.38851 1.36346 1.36346 1.36717 1.36789 1.36572 1.35383 1.24623 3.56436
8.00000 800.00000 0.94446 1.11076 1.32743 1.42701 1.53645 1.64975 1.68954 1.71399 1.71433 1.68255 1.64880 1.58550 1.53427 1.46229 1.34929 1.20036 1.14670 1.11921 1.12122 1.12912 1.13270 1.13366 1.12665 1.01926 3.49021
8.00000 1000.00000 0.80175 0.96454 1.17566 1.27180 1.37610 1.48007 1.51101 1.51806 1.50122 1.43633 1.37958 1.28229 1.20782 1.10709 0.95953 0.77383 0.70561 0.67264 0.67688 0.69024 0.69760 0.70267 0.70180 0.59463 3.37029
8.00000 1200.00000 0.67822 0.83776 1.04358 1.13629 1.23532 1.32935 1.35056 1.33839 1.30245 1.20108 1.11935 0.98573 0.88689 0.75659 0.57451 0.35377 0.27261 0.23585 0.24263 0.26117 0.27192 0.28044 0.28433 0.17730 3.24557
8.00000 1500.00000 0.49444 0.64960 0.84802 0.93580 1.02715 1.10633 1.11284 1.07125 1.00624 0.84971 0.73055 0.54305 0.40842 0.23506 0.00296 -0.26903 -0.37042 -0.41666 -0.40892 -0.38635 -0.37273 -0.36115 -0.35329 -0.46019 3.08207
8.20000 0.00000 2.49448 2.67588 2.91459 3.02708 3.15486 3.30047 3.37073 3.45539 3.51584 3.60153 3.65103 3.71467 3.75365 3.79812 3.83452 3.86092 3.88378 3.88262 3.86400 3.82240 3.78859 3.74467 3.64967 3.53712 5.15549
8.20000 1.00000 2.50049 2.68180 2.92044 3.03288 3.16062 3.30621 3.37653 3.46128 3.52184 3.60783 3.65756 3.72158 3.76085 3.80570 3.84259 3.86947 3.89236 3.89063 3.87144 3.82891 3.79449 3.74988 3.65345 3.54079 5.11958
8.20000 5.00000 2.49247 2.67332 2.91120 3.02317 3.15021 3.29449 3.36351 3.44566 3.50355 3.58397 3.62955 3.68684 3.72100 3.75882 3.78577 3.79896 3.81427 3.80741 3.78841 3.74866 3.71696 3.67605 3.58867 3.47668 5.03144
8.20000 10.00000 2.46802 2.64827 2.88519 2.99653 3.12260 3.26505 3.33226 3.41071 3.46475 3.53728 3.57695 3.62470 3.65170 3.67972 3.69305 3.68785 3.69339 3.68041 3.66204 3.62631 3.59827 3.56222 3.48610 3.37492 4.95202
8.20000 15.00000 2.42725 2.60700 2.84313 2.95399 3.07935 3.22054 3.28655 3.36262 3.41425 3.48188 3.51791 3.55988 3.58258 3.60477 3.61008 3.59437 3.59452 3.57852 3.56075 3.52752 3.50164 3.46836 3.39842 3.28767 4.88192
8.20000 20.00000 2.37162 2.55093 2.78643 2.89695 3.02185 3.16231 3.22771 3.30266 3.35321 3.41873 3.45324 3.49284 3.51375 3.53361 3.53571 3.51594 3.51409 3.49711 3.47970 3.44760 3.42264 3.39055 3.32310 3.21251 4.82274
8.20000 25.00000 2.31091 2.48986 2.72486 2.83513 2.95973 3.09978 3.16492 3.23951 3.28982 3.35492 3.38913 3.42836 3.44903 3.46853 3.47020 3.44987 3.44771 3.43049 3.41305 3.38102 3.35614 3.32418 3.25704 3.14648 4.77320
8.20000 30.00000 2.24982 2.42839 2.66294 2.77299 2.89736 3.03718 3.10224 3.17684 3.22727 3.29275 3.32734 3.36712 3.38824 3.40837 3.41092 3.39168 3.38997 3.37279 3.35512 3.32261 3.29740 3.26505 3.19713 3.08652 4.72818
8.20000 40.00000 2.12595 2.30392 2.53771 2.64744 2.77149 2.91116 2.97640 3.05176 3.10321 3.17106 3.20750 3.25034 3.27378 3.29707 3.30397 3.29030 3.29123 3.27505 3.25661 3.22226 3.19565 3.16157 3.09007 2.97921 4.64757
8.20000 50.00000 2.04927 2.22660 2.45954 2.56885 2.69241 2.83153 2.89645 2.97154 3.02290 3.09075 3.12728 3.17032 3.19394 3.21750 3.22474 3.21131 3.21211 3.19515 3.17609 3.14086 3.11374 3.07911 3.00665 2.89574 4.58094
8.20000 60.00000 1.99432 2.17105 2.40326 2.51222 2.63540 2.77418 2.83902 2.91430 2.96603 3.03490 3.07226 3.11671 3.14142 3.16646 3.17573 3.16478 3.16656 3.14948 3.12967 3.09304 3.06493 3.02917 2.95440 2.84333 4.53015
8.20000 70.00000 1.95422 2.13043 2.36202 2.47072 2.59373 2.73250 2.79766 2.87391 2.92688 2.99848 3.03798 3.08589 3.11320 3.14175 3.15572 3.15042 3.15435 3.13656 3.11468 3.07428 3.04355 3.00470 2.92364 2.81216 4.48800
8.20000 80.00000 1.92862 2.10430 2.33525 2.44364 2.56629 2.70481 2.76994 2.84649 2.89994 2.97271 3.01314 3.06263 3.09113 3.12130 3.13742 3.13454 3.13915 3.12032 3.09696 3.05413 3.02175 2.98101 2.89616 2.78442 4.45373
8.20000 90.00000 1.90735 2.08251 2.31276 2.42086 2.54317 2.68136 2.74638 2.82298 2.87665 2.95008 2.99107 3.04152 3.07076 3.10192 3.11939 3.11803 3.12301 3.10335 3.07893 3.03436 3.00084 2.95878 2.87127 2.75935 4.42175
8.20000 100.00000 1.88794 2.06259 2.29221 2.39996 2.52195 2.65974 2.72462 2.80116 2.85494 2.92876 2.97012 3.02120 3.05093 3.08279 3.10117 3.10079 3.10595 3.08548 3.06016 3.01418 2.97973 2.93662 2.84699 2.73493 4.39288
8.20000 110.00000 1.86928 2.04344 2.27241 2.37985 2.50146 2.63887 2.70354 2.77995 2.83372 2.90768 2.94921 3.00063 3.03063 3.06287 3.08177 3.08193 3.08711 3.06599 3.04001 2.99304 2.95795 2.91412 2.82305 2.71090 4.36723
8.20000 120.00000 1.85202 2.02571 2.25405 2.36118 2.48246 2.61943 2.68386 2.76004 2.81372 2.88764 2.92920 2.98072 3.01083 3.04322 3.06231 3.06258 3.06759 3.04577 3.01924 2.97146 2.93589 2.89151 2.79942 2.68720 4.34334
8.20000 130.00000 1.83482 2.00802 2.23573 2.34253 2.46341 2.59985 2.66395 2.73962 2.79290 2.86617 2.90730 2.95816 2.98783 3.01962 3.03792 3.03718 3.04166 3.01953 2.99306 2.94558 2.91027 2.86627 2.77501 2.66285 4.31928
8.20000 140.00000 1.81715 1.98989 2.21698 2.32346 2.44395 2.57992 2.64367 2.71887 2.77179 2.84445 2.88518 2.93547 2.96472 2.99599 3.01359 3.01196 3.01599 2.99366 2.96729 2.92012 2.88507 2.84142 2.75097 2.63885 4.29555
8.20000 150.00000 1.79738 1.96968 2.19620 2.30240 2.42253 2.55804 2.62150 2.69636 2.74902 2.82131 2.86181 2.91179 2.94083 2.97185 2.98917 2.98720 2.99109 2.96873 2.94245 2.89547 2.86058 2.81713 2.72712 2.61503 4.27512
8.20000 175.00000 1.75253 1.92376 2.14880 2.25423 2.37337 2.50752 2.56995 2.64317 2.69438 2.76397 2.80258 2.84962 2.87652 2.90464 2.91794 2.91058 2.91155 2.88723 2.86105 2.81521 2.78141 2.73946 2.65304 2.54121 4.22181
8.20000 200.00000 1.71138 1.88161 2.10527 2.20995 2.32818 2.46096 2.52240 2.59395 2.64369 2.71050 2.74715 2.79111 2.81574 2.84082 2.84993 2.83695 2.83488 2.80859 2.78255 2.73790 2.70525 2.66485 2.58207 2.47050 4.17265
8.20000 250.00000 1.63346 1.80185 2.02295 2.12627 2.24272 2.37293 2.43236 2.50047 2.54706 2.60791 2.64028 2.67760 2.69737 2.71594 2.71624 2.69197 2.68437 2.65565 2.63095 2.59012 2.56057 2.52411 2.44999 2.33901 4.09327
8.20000 300.00000 1.56497 1.73170 1.95049 2.05254 2.16733 2.29501 2.35238 2.41688 2.46008 2.51436 2.54205 2.57205 2.58649 2.59795 2.58876 2.55262 2.53952 2.50899 2.48614 2.44974 2.42362 2.39139 2.32620 2.21579 4.02216
8.20000 350.00000 1.50329 1.66853 1.88516 1.98601 2.09920 2.22437 2.27962 2.34032 2.37988 2.42709 2.44969 2.47177 2.48046 2.48437 2.46517 2.41698 2.39870 2.36725 2.34676 2.31538 2.29298 2.26516 2.20888 2.09906 3.96287
8.20000 400.00000 1.44683 1.61066 1.82529 1.92499 2.03662 2.15928 2.21236 2.26906 2.30473 2.34439 2.36155 2.37523 2.37785 2.37384 2.34435 2.28419 2.26114 2.22957 2.21187 2.18585 2.16723 2.14385 2.09611 1.98676 3.90865
8.20000 450.00000 1.39274 1.55527 1.76800 1.86662 1.97677 2.09697 2.14789 2.20056 2.23231 2.26427 2.27596 2.28122 2.27776 2.26589 2.22637 2.15468 2.12722 2.09567 2.08062 2.05956 2.04438 2.02496 1.98456 1.87562 3.85877
8.20000 500.00000 1.34285 1.50417 1.71508 1.81263 1.92129 2.03897 2.08763 2.13601 2.16354 2.18727 2.19304 2.18927 2.17945 2.15936 2.10951 2.02656 1.99516 1.96456 1.95256 1.93682 1.92519 1.90974 1.87640 1.76783 3.81145
8.20000 600.00000 1.26346 1.42235 1.62952 1.72478 1.83006 1.94166 1.98457 2.02163 2.03789 2.03958 2.02981 2.00265 1.97659 1.93626 1.86221 1.75586 1.71924 1.69713 1.69528 1.69471 1.69239 1.68685 1.66943 1.56160 3.72225
8.20000 700.00000 1.18175 1.33858 1.54253 1.63582 1.73822 1.84467 1.88275 1.91037 1.91728 1.90083 1.87833 1.83215 1.79294 1.73624 1.64244 1.51571 1.47231 1.45107 1.45330 1.45959 1.46165 1.46078 1.45061 1.34309 3.64546
8.20000 800.00000 1.10609 1.26100 1.46203 1.55348 1.65317 1.75474 1.78816 1.80665 1.80450 1.77050 1.73575 1.67130 1.61951 1.54711 1.43428 1.28724 1.23600 1.21254 1.21668 1.22697 1.23174 1.23382 1.22819 1.12088 3.57342
8.20000 1000.00000 0.96279 1.11441 1.31021 1.39844 1.49334 1.58608 1.61112 1.61315 1.59469 1.52926 1.47268 1.37597 1.30211 1.20234 1.05647 0.87375 0.80781 0.77771 0.78319 0.79775 0.80565 0.81119 0.81087 0.70373 3.45865
8.20000 1200.00000 0.83986 0.98840 1.17911 1.26401 1.35378 1.43680 1.45229 1.43525 1.39786 1.29629 1.21500 1.08236 0.98441 0.85547 0.67557 0.45840 0.37976 0.34585 0.35380 0.37342 0.38461 0.39353 0.39780 0.29081 3.33777
8.20000 1500.00000 0.67126 0.81516 0.99777 1.07711 1.15797 1.22336 1.22110 1.16840 1.09581 0.92811 0.80265 0.60775 0.46946 0.29344 0.06174 -0.20219 -0.29409 -0.32585 -0.31117 -0.28173 -0.26507 -0.25104 -0.24079 -0.34763 3.17968
