NGA-East_Model_06 NGA-East USGS GMM as published in PEER Report No. 2017/03, distance is Rrup. Log10 hazard values in cgs units. Uses NRCan simplified, magnitude-independent sigma
          11 34 25 : nmag, ndist, nperiod
          10.000 7.519 5.000 4.000 3.003 2.000 1.499 1.000 0.750 0.500 0.400 0.300 0.250 0.200 0.150 0.100 0.075 0.050 0.040 0.030 0.025 0.020 0.010 PGA PGV
          0.57 0.58 0.61 0.62 0.63 0.65 0.67 0.69 0.70 0.73 0.74 0.75 0.76 0.77 0.79 0.81 0.80 0.78 0.77 0.75 0.74 0.73 0.70 0.70 0.81
4.00000 0.00000 -0.80221 -0.46536 -0.00769 0.22553 0.51263 0.89763 1.14942 1.50288 1.75784 2.10956 2.29498 2.51716 2.64524 2.78603 2.92829 3.07899 3.17725 3.25701 3.26407 3.23192 3.19096 3.12696 2.93720 2.81288 3.73473
4.00000 1.00000 -0.89186 -0.55503 -0.09736 0.13591 0.42310 0.80842 1.06056 1.41481 1.67063 2.02417 2.21100 2.43546 2.56532 2.70871 2.85489 3.01197 3.11490 3.20040 3.20964 3.17910 3.13838 3.07396 2.87999 2.75502 3.67379
4.00000 5.00000 -1.26879 -0.93226 -0.47495 -0.24182 0.04526 0.43056 0.68287 1.03765 1.29418 1.64940 1.83762 2.06450 2.19633 2.34267 2.49370 2.65971 2.77050 2.86875 2.88547 2.86442 2.82935 2.77125 2.59080 2.46692 3.44236
4.00000 10.00000 -1.57309 -1.23701 -0.78030 -0.54746 -0.26075 0.12405 0.37601 0.73032 0.98652 1.34129 1.52926 1.75590 1.88759 2.03383 2.18482 2.35127 2.46294 2.56362 2.58237 2.56464 2.53199 2.47695 2.30490 2.18188 3.24583
4.00000 15.00000 -1.81678 -1.48122 -1.02523 -0.79281 -0.50666 -0.12277 0.12839 0.48127 0.73611 1.08828 1.27438 1.49800 1.62738 1.77027 1.91611 2.07386 2.17871 2.27015 2.28456 2.26252 2.22796 2.17151 1.99945 1.87671 2.95958
4.00000 20.00000 -2.00599 -1.67088 -1.21553 -0.98348 -0.69780 -0.31466 -0.06413 0.28764 0.54150 0.89182 1.07659 1.29804 1.42576 1.56628 1.70845 1.85983 1.95958 2.04373 2.05453 2.02859 1.99211 1.93390 1.75975 1.63699 2.71849
4.00000 25.00000 -2.15745 -1.82279 -1.36804 -1.13630 -0.85104 -0.46854 -0.21855 0.13233 0.38539 0.73420 0.91794 1.13775 1.26419 1.40289 1.54223 1.68875 1.78460 1.86323 1.87130 1.84244 1.80455 1.74506 1.56950 1.44672 2.53420
4.00000 30.00000 -2.27594 -1.94170 -1.48752 -1.25610 -0.97126 -0.58942 -0.33994 0.01001 0.26224 0.60955 0.79220 1.01030 1.13544 1.27229 1.40877 1.55053 1.64268 1.71639 1.72222 1.69121 1.65245 1.59237 1.41718 1.29455 2.38867
4.00000 40.00000 -2.46692 -2.13344 -1.68030 -1.44942 -1.16528 -0.78447 -0.53581 -0.18716 0.06392 0.40920 0.59046 0.80639 0.92987 1.06436 1.19722 1.33280 1.42009 1.48709 1.48976 1.45557 1.41540 1.35420 1.17854 1.05603 2.16239
4.00000 50.00000 -2.61199 -2.27921 -1.82701 -1.59664 -1.31314 -0.93331 -0.68538 -0.33800 -0.08799 0.25535 0.43528 0.64910 0.77100 0.90323 1.03263 1.16235 1.24511 1.30605 1.30596 1.26914 1.22793 1.16600 0.99072 0.86840 1.98892
4.00000 60.00000 -2.70961 -2.37748 -1.92618 -1.69627 -1.41339 -1.03446 -0.78728 -0.44109 -0.19214 0.14930 0.32789 0.53963 0.65995 0.78993 0.91589 1.03985 1.11821 1.17341 1.17077 1.13167 1.08956 1.02719 0.85292 0.73084 1.85859
4.00000 70.00000 -2.75208 -2.42064 -1.97027 -1.74091 -1.45877 -1.08104 -0.83492 -0.49069 -0.24356 0.09436 0.27043 0.47810 0.59534 0.72094 0.84033 0.95374 1.02448 1.07053 1.06437 1.02272 0.98016 0.91825 0.74906 0.62774 1.78605
4.00000 80.00000 -2.78526 -2.45439 -2.00481 -1.77586 -1.49425 -1.11737 -0.87193 -0.52885 -0.28278 0.05321 0.22790 0.43342 0.54899 0.67224 0.78801 0.89541 0.96156 1.00161 0.99278 0.94866 0.90512 0.84259 0.67393 0.55279 1.73465
4.00000 90.00000 -2.81213 -2.48181 -2.03296 -1.80440 -1.52330 -1.14722 -0.90243 -0.56048 -0.31544 0.01863 0.19195 0.39529 0.50919 0.63007 0.74224 0.84364 0.90525 0.93939 0.92797 0.88148 0.83703 0.77395 0.60596 0.48500 1.69023
4.00000 100.00000 -2.83661 -2.50678 -2.05860 -1.83040 -1.54978 -1.17443 -0.93026 -0.58936 -0.34531 -0.01307 0.15895 0.36022 0.47253 0.59116 0.69988 0.79558 0.85289 0.88152 0.86769 0.81903 0.77377 0.71025 0.54304 0.42229 1.64965
4.00000 110.00000 -2.85882 -2.52946 -2.08192 -1.85406 -1.57388 -1.19926 -0.95568 -0.61586 -0.37276 -0.04235 0.12836 0.32753 0.43826 0.55463 0.65990 0.74997 0.80314 0.82658 0.81060 0.76012 0.71430 0.65059 0.48479 0.36429 1.61272
4.00000 120.00000 -2.87994 -2.55102 -2.10407 -1.87653 -1.59680 -1.22283 -0.97982 -0.64102 -0.39884 -0.07023 0.09920 0.29635 0.40550 0.51965 0.62159 0.70624 0.75545 0.77402 0.75609 0.70406 0.65780 0.59406 0.42994 0.30968 1.57727
4.00000 130.00000 -2.90776 -2.57926 -2.13285 -1.90563 -1.62629 -1.25296 -1.01050 -0.67268 -0.43145 -0.10459 0.06358 0.25870 0.36631 0.47826 0.57689 0.65619 0.70149 0.71531 0.69547 0.64193 0.59524 0.53147 0.36900 0.24900 1.52888
4.00000 140.00000 -2.93594 -2.60783 -2.16194 -1.93498 -1.65601 -1.28327 -1.04131 -0.70440 -0.46401 -0.13879 0.02819 0.22142 0.32758 0.43749 0.53303 0.60731 0.64893 0.65827 0.63661 0.58159 0.53451 0.47067 0.30959 0.18983 1.48141
4.00000 150.00000 -2.96175 -2.63400 -2.18864 -1.96197 -1.68342 -1.31133 -1.06996 -0.73417 -0.49488 -0.17177 -0.00631 0.18447 0.28880 0.39610 0.48775 0.55599 0.59343 0.59806 0.57478 0.51881 0.47174 0.40843 0.25052 0.13113 1.43626
4.00000 175.00000 -3.02559 -2.69866 -2.25440 -2.02837 -1.75066 -1.38004 -1.14000 -0.80667 -0.56978 -0.25135 -0.08928 0.09607 0.19626 0.29778 0.38085 0.43571 0.46394 0.45826 0.43142 0.37342 0.32638 0.26428 0.11301 -0.00554 1.33150
4.00000 200.00000 -3.08392 -2.75765 -2.31435 -2.08883 -1.81185 -1.44247 -1.20357 -0.87246 -0.63774 -0.32353 -0.16457 0.01582 0.11225 0.20846 0.28372 0.32647 0.34641 0.33153 0.30152 0.24163 0.19466 0.13352 -0.01213 -0.13000 1.23770
4.00000 250.00000 -3.17039 -2.84521 -2.40342 -2.17880 -1.90313 -1.53620 -1.29969 -0.97333 -0.74340 -0.43875 -0.28674 -0.11744 -0.02938 0.05525 0.11375 0.13154 0.13533 0.10415 0.06957 0.00853 -0.03686 -0.09424 -0.22528 -0.34157 1.07651
4.00000 300.00000 -3.24707 -2.92258 -2.48179 -2.25780 -1.98311 -1.61813 -1.38363 -1.06144 -0.83581 -0.53980 -0.39412 -0.23489 -0.15435 -0.08006 -0.03632 -0.03996 -0.04953 -0.09347 -0.13122 -0.19240 -0.23599 -0.28983 -0.40845 -0.52349 0.94176
4.00000 350.00000 -3.31065 -2.98657 -2.54644 -2.32292 -2.04905 -1.68588 -1.45334 -1.13544 -0.91429 -0.62731 -0.48828 -0.33946 -0.26665 -0.20284 -0.17374 -0.19782 -0.21947 -0.27385 -0.31353 -0.37352 -0.41469 -0.46451 -0.57067 -0.68453 0.82197
4.00000 400.00000 -3.36805 -3.04411 -2.60431 -2.38110 -2.10787 -1.74630 -1.51563 -1.20191 -0.98517 -0.70721 -0.57468 -0.43613 -0.37080 -0.31706 -0.30180 -0.34454 -0.37671 -0.43948 -0.48023 -0.53837 -0.57699 -0.62287 -0.71769 -0.83057 0.70980
4.00000 450.00000 -3.39932 -3.07531 -2.63558 -2.41255 -2.13980 -1.77967 -1.55081 -1.24122 -1.02894 -0.76002 -0.63410 -0.50582 -0.44798 -0.40423 -0.40252 -0.46342 -0.50576 -0.57680 -0.61882 -0.67573 -0.71229 -0.75497 -0.84062 -0.95270 0.61721
4.00000 500.00000 -3.43230 -3.10801 -2.66805 -2.44509 -2.17270 -1.81385 -1.58673 -1.28114 -1.07324 -0.81323 -0.69378 -0.57544 -0.52479 -0.49051 -0.50146 -0.57870 -0.62976 -0.70725 -0.74985 -0.80493 -0.83934 -0.87879 -0.95598 -1.06738 0.53094
4.00000 600.00000 -3.48752 -3.16225 -2.72154 -2.49866 -2.22708 -1.87141 -1.64853 -1.35287 -1.15560 -0.91690 -0.81253 -0.71699 -0.68232 -0.66844 -0.70534 -0.81322 -0.87824 -0.96198 -1.00201 -1.04938 -1.07740 -1.10863 -1.16704 -1.27710 0.37387
4.00000 700.00000 -3.55483 -3.22776 -2.78520 -2.56178 -2.29024 -1.93649 -1.71681 -1.42917 -1.24076 -1.01985 -0.92803 -0.85118 -0.82948 -0.83193 -0.88925 -1.02068 -1.09634 -1.18536 -1.22408 -1.26672 -1.29073 -1.31681 -1.36380 -1.47310 0.23397
4.00000 800.00000 -3.61987 -3.29048 -2.84543 -2.62123 -2.34955 -1.99771 -1.78139 -1.50231 -1.32328 -1.12093 -1.04195 -0.98382 -0.97471 -0.99258 -1.06827 -1.21907 -1.30206 -1.39234 -1.42819 -1.46495 -1.48467 -1.50562 -1.54239 -1.65105 0.10507
4.00000 1000.00000 -3.79450 -3.45823 -3.00535 -2.77810 -2.50410 -2.15291 -1.94068 -1.67383 -1.50895 -1.33498 -1.27547 -1.24527 -1.25462 -1.29462 -1.39599 -1.57296 -1.66558 -1.75766 -1.79012 -1.81983 -1.83442 -1.84929 -1.87429 -1.98230 -0.11846
4.00000 1200.00000 -3.91433 -3.56974 -3.10828 -2.87835 -2.60343 -2.25715 -2.05388 -1.80925 -1.66792 -1.53813 -1.50721 -1.51580 -1.54921 -1.61614 -1.74527 -1.94362 -2.03864 -2.12079 -2.14406 -2.16105 -2.16811 -2.17510 -2.18755 -2.29499 -0.34189
4.00000 1500.00000 -4.13291 -3.77112 -3.29139 -3.05497 -2.77601 -2.43373 -2.24161 -2.02646 -1.91653 -1.84445 -1.84976 -1.90572 -1.96740 -2.06475 -2.22371 -2.44372 -2.54122 -2.61518 -2.63114 -2.63842 -2.63994 -2.64130 -2.64540 -2.75248 -0.64209
4.50000 0.00000 -0.32122 0.01093 0.46371 0.69512 0.98060 1.36379 1.61341 1.95945 2.20313 2.52531 2.68634 2.86941 2.96995 3.07706 3.18057 3.29139 3.37032 3.43118 3.43171 3.39570 3.35483 3.29324 3.11897 2.99687 4.12291
4.50000 1.00000 -0.38661 -0.05451 0.39824 0.62970 0.91528 1.29873 1.54869 1.89546 2.13996 2.46386 2.62622 2.81143 2.91361 3.02306 3.13001 3.24613 3.32869 3.39333 3.39497 3.35921 3.31785 3.25510 3.07581 2.95306 4.07435
4.50000 5.00000 -0.70704 -0.37528 0.07714 0.30847 0.59400 0.97763 1.22797 1.57578 1.82152 2.14823 2.31279 2.50179 2.60697 2.72080 2.83458 2.96245 3.05436 3.13246 3.14096 3.11288 3.07553 3.01672 2.84332 2.72083 3.87447
4.50000 10.00000 -0.99393 -0.66269 -0.21104 0.01990 0.30490 0.68776 0.93748 1.28433 1.52926 1.85461 2.01829 2.20594 2.31013 2.42263 2.53457 2.65981 2.75028 2.82778 2.83691 2.81072 2.77509 2.71874 2.55303 2.43137 3.64874
4.50000 15.00000 -1.22704 -0.89637 -0.44548 -0.21499 0.06942 0.45132 0.70027 1.04574 1.28944 1.61248 1.77454 1.95959 2.06182 2.17149 2.27907 2.39713 2.48213 2.55236 2.55823 2.52890 2.49197 2.43472 2.26932 2.14785 3.38229
4.50000 20.00000 -1.40574 -1.07558 -0.62542 -0.39530 -0.11141 0.26972 0.51802 0.86243 1.10521 1.42658 1.58749 1.77071 1.87154 1.97922 2.08374 2.19659 2.27752 2.34219 2.34539 2.31331 2.27512 2.21680 2.05053 1.92911 3.17090
4.50000 25.00000 -1.54229 -1.21263 -0.76318 -0.53348 -0.25012 0.13015 0.37772 0.72091 0.96258 1.28190 1.44136 1.62229 1.72138 1.82659 1.92740 2.03420 2.11065 2.16974 2.17063 2.13662 2.09782 2.03933 1.87477 1.75367 3.00843
4.50000 30.00000 -1.65440 -1.32522 -0.87643 -0.64710 -0.36422 0.01530 0.26230 0.60446 0.84524 1.16294 1.32128 1.50046 1.59823 1.70155 1.79953 1.90169 1.97473 2.02954 2.02864 1.99314 1.95387 1.89523 1.73190 1.61102 2.87767
4.50000 40.00000 -1.83252 -1.50424 -1.05665 -0.82795 -0.54591 -0.16765 0.07836 0.41893 0.65833 0.97368 1.13039 1.30708 1.40293 1.50359 1.59748 1.69293 1.76093 1.80931 1.80565 1.76770 1.72754 1.66846 1.50634 1.38570 2.67294
4.50000 50.00000 -1.96962 -1.64214 -1.19567 -0.96756 -0.68630 -0.30916 -0.06404 0.27509 0.51331 0.82654 0.98183 1.15630 1.25053 1.34882 1.43912 1.52869 1.59231 1.63512 1.62911 1.58914 1.54828 1.48892 1.32805 1.20768 2.51457
4.50000 60.00000 -2.06140 -1.73470 -1.28924 -1.06169 -0.78113 -0.40508 -0.16080 0.17697 0.41400 0.72519 0.87908 1.05135 1.14391 1.23988 1.32666 1.41047 1.46984 1.50736 1.49918 1.45743 1.41604 1.35657 1.19729 1.07718 2.39489
4.50000 70.00000 -2.10259 -1.77664 -1.33227 -1.10534 -0.82561 -0.45092 -0.20779 0.12791 0.36304 0.67066 0.82202 0.99029 1.07981 1.17152 1.25199 1.32586 1.37827 1.40783 1.39676 1.35311 1.31155 1.25273 1.09812 0.97864 2.32779
4.50000 80.00000 -2.13148 -1.80620 -1.36275 -1.13631 -0.85725 -0.48355 -0.24126 0.09306 0.32696 0.63240 0.78221 0.94806 1.03575 1.12487 1.20140 1.26894 1.31672 1.34051 1.32705 1.28139 1.23918 1.18008 1.02677 0.90751 2.27896
4.50000 90.00000 -2.15619 -1.83154 -1.38896 -1.16297 -0.88452 -0.51176 -0.27021 0.06283 0.29564 0.59898 0.74738 0.91100 0.99698 1.08368 1.15656 1.21817 1.26156 1.27997 1.26424 1.21661 1.17375 1.11435 0.96207 0.84301 2.23665
4.50000 100.00000 -2.17854 -1.85447 -1.41269 -1.18713 -0.90925 -0.53737 -0.29654 0.03528 0.26699 0.56838 0.71541 0.87684 0.96117 1.04553 1.11489 1.17080 1.21008 1.22339 1.20563 1.15631 1.11290 1.05335 0.90234 0.78349 2.19805
4.50000 110.00000 -2.19888 -1.87537 -1.43433 -1.20920 -0.93185 -0.56083 -0.32067 0.00994 0.24059 0.54003 0.68569 0.84495 0.92764 1.00968 1.07557 1.12593 1.16126 1.16987 1.15025 1.09954 1.05577 0.99627 0.84695 0.72834 2.16288
4.50000 120.00000 -2.21788 -1.89488 -1.45454 -1.22979 -0.95296 -0.58272 -0.34325 -0.01376 0.21586 0.51341 0.65773 0.81491 0.89600 0.97580 1.03833 1.08337 1.11494 1.11913 1.09783 1.04588 1.00186 0.94248 0.79493 0.67656 2.12997
4.50000 130.00000 -2.24377 -1.92126 -1.48159 -1.25721 -0.98085 -0.61138 -0.37253 -0.04415 0.18445 0.48013 0.62313 0.77822 0.85772 0.93530 0.99449 1.03429 1.06218 1.06210 1.03921 0.98614 0.94191 0.88271 0.73700 0.61890 2.08539
4.50000 140.00000 -2.27011 -1.94805 -1.50899 -1.28494 -1.00904 -0.64027 -0.40203 -0.07468 0.15298 0.44692 0.58870 0.74182 0.81985 0.89532 0.95139 0.98628 1.01073 1.00667 0.98229 0.92818 0.88377 0.82473 0.68076 0.56287 2.04262
4.50000 150.00000 -2.29408 -1.97246 -1.53403 -1.31032 -1.03491 -0.66694 -0.42938 -0.10330 0.12318 0.41488 0.55505 0.70565 0.78178 0.85460 0.90680 0.93581 0.95636 0.94818 0.92252 0.86785 0.82365 0.76534 0.62453 0.50701 2.00103
4.50000 175.00000 -2.35393 -2.03330 -1.59625 -1.37330 -1.09893 -0.73268 -0.49664 -0.17330 0.05059 0.33741 0.47407 0.61915 0.69110 0.75812 0.80184 0.81802 0.83007 0.81291 0.78445 0.72854 0.68479 0.62794 0.49370 0.37692 1.90517
4.50000 200.00000 -2.40716 -2.08735 -1.65148 -1.42918 -1.15571 -0.79102 -0.55635 -0.23560 -0.01415 0.26797 0.40131 0.54108 0.60906 0.67054 0.70624 0.71043 0.71470 0.68956 0.65872 0.60197 0.55877 0.50344 0.37545 0.25934 1.81891
4.50000 250.00000 -2.48469 -2.16626 -1.73231 -1.51118 -1.23939 -0.87768 -0.64582 -0.33046 -0.11427 0.15766 0.28369 0.41193 0.47132 0.52103 0.53999 0.52024 0.50983 0.47113 0.43725 0.38094 0.34010 0.28911 0.17566 0.06097 1.67114
4.50000 300.00000 -2.55000 -2.23253 -1.80002 -1.57977 -1.30933 -0.95017 -0.72083 -0.41049 -0.19928 0.06290 0.18189 0.29915 0.35044 0.38920 0.39289 0.35199 0.32930 0.28028 0.24466 0.18992 0.15178 0.10511 0.00469 -0.10879 1.54626
4.50000 350.00000 -2.60825 -2.29141 -1.85991 -1.64033 -1.37098 -1.01406 -0.78703 -0.48146 -0.27508 -0.02240 0.08981 0.19650 0.24006 0.26844 0.25802 0.19832 0.16523 0.10830 0.07197 0.01952 -0.01583 -0.05828 -0.14701 -0.25948 1.43574
4.50000 400.00000 -2.66007 -2.34360 -1.91275 -1.69370 -1.42525 -1.07034 -0.84553 -0.54464 -0.34306 -0.09984 0.00559 0.10187 0.13789 0.15636 0.13264 0.05588 0.01396 -0.04885 -0.08510 -0.13466 -0.16707 -0.20539 -0.28341 -0.39501 1.33653
4.50000 450.00000 -2.68526 -2.36890 -1.93840 -1.71969 -1.45197 -1.09888 -0.87615 -0.57978 -0.38290 -0.14901 -0.05023 0.03583 0.06451 0.07331 0.03679 -0.05631 -0.10675 -0.17560 -0.21219 -0.25975 -0.28989 -0.32496 -0.39460 -0.50555 1.25307
4.50000 500.00000 -2.71290 -2.39645 -1.96603 -1.74754 -1.48038 -1.12893 -0.90817 -0.61621 -0.42397 -0.19924 -0.10698 -0.03082 -0.00918 -0.00950 -0.05789 -0.16556 -0.22318 -0.29644 -0.33278 -0.37790 -0.40571 -0.43759 -0.49955 -0.60991 1.17483
4.50000 600.00000 -2.76094 -2.44384 -2.01313 -1.79498 -1.52901 -1.18127 -0.96515 -0.68356 -0.50219 -0.29870 -0.22121 -0.16701 -0.16056 -0.17996 -0.25201 -0.38613 -0.45464 -0.53100 -0.56391 -0.60109 -0.62287 -0.64726 -0.69321 -0.80253 1.03304
4.50000 700.00000 -2.81862 -2.50007 -2.06806 -1.84973 -1.58433 -1.23936 -1.02717 -0.75479 -0.58316 -0.39865 -0.33421 -0.29907 -0.30554 -0.34084 -0.43199 -0.58637 -0.66257 -0.74028 -0.77020 -0.80127 -0.81851 -0.83752 -0.87258 -0.98123 0.90603
4.50000 800.00000 -2.87901 -2.55836 -2.12422 -1.90534 -1.64005 -1.29738 -1.08880 -0.82517 -0.66286 -0.49645 -0.44425 -0.42666 -0.44475 -0.49404 -0.60143 -0.77192 -0.85349 -0.93091 -0.95786 -0.98346 -0.99694 -1.01158 -1.03837 -1.14655 0.78873
4.50000 1000.00000 -3.03829 -2.71133 -2.27026 -2.04887 -1.78205 -1.44133 -1.23785 -0.98798 -0.84084 -0.70375 -0.67116 -0.68102 -0.71684 -0.78691 -0.91743 -1.10942 -1.19720 -1.27277 -1.29518 -1.31319 -1.32164 -1.33056 -1.34708 -1.45474 0.58233
4.50000 1200.00000 -3.14747 -2.81278 -2.36414 -2.14068 -1.87384 -1.53952 -1.34622 -1.12035 -0.99786 -0.90569 -0.90142 -0.94875 -1.00722 -1.10192 -1.25664 -1.46470 -1.55180 -1.61520 -1.62833 -1.63439 -1.63609 -1.63820 -1.64454 -1.75177 0.37444
4.50000 1500.00000 -3.35024 -2.99936 -2.53403 -2.30513 -2.03573 -1.70792 -1.52781 -1.33440 -1.24516 -1.21198 -1.24352 -1.33628 -1.42097 -1.54298 -1.72285 -1.94593 -2.03169 -2.08391 -2.08934 -2.08615 -2.08294 -2.08032 -2.08009 -2.18706 0.09333
5.00000 0.00000 0.14183 0.46351 0.90290 1.12762 1.40479 1.77566 2.01479 2.34047 2.56351 2.84528 2.97917 3.12528 3.20342 3.28640 3.36574 3.45369 3.52108 3.57071 3.56813 3.53155 3.49214 3.43381 3.27347 3.15311 4.47092
5.00000 1.00000 0.09714 0.41875 0.85812 1.08287 1.36015 1.73125 1.97070 2.29713 2.52092 2.80440 2.93956 3.08773 3.16743 3.25257 3.33503 3.42753 3.49773 3.54980 3.54753 3.51029 3.46990 3.40997 3.24408 3.12309 4.43441
5.00000 5.00000 -0.16143 0.15984 0.59887 0.82351 1.10077 1.47215 1.71209 2.03984 2.26520 2.55209 2.68993 2.84255 2.92571 3.01582 3.10577 3.21044 3.28970 3.35343 3.35634 3.32402 3.28570 3.22727 3.06112 2.93978 4.27112
5.00000 10.00000 -0.42304 -0.10235 0.33590 0.56010 0.83681 1.20741 1.44676 1.77358 1.99824 2.28397 2.42106 2.57258 2.65496 2.74401 2.83246 2.93509 3.01328 3.07670 3.08022 3.04951 3.01261 2.95617 2.79594 2.67522 4.05246
5.00000 15.00000 -0.64415 -0.32403 0.11339 0.33716 0.61327 0.98296 1.22158 1.54722 1.77081 2.05468 2.19049 2.33997 2.42080 2.50762 2.59268 2.68966 2.76357 2.82134 2.82230 2.78913 2.75120 2.69400 2.53375 2.41315 3.80842
5.00000 20.00000 -0.80440 -0.48485 -0.04826 0.17506 0.45054 0.81926 1.05707 1.38131 1.60368 1.88528 2.01948 2.16644 2.24535 2.32946 2.41041 2.50082 2.56993 2.62185 2.62046 2.58537 2.54687 2.48959 2.33129 2.21102 3.61889
5.00000 25.00000 -0.93346 -0.61447 -0.17865 0.04424 0.31913 0.68695 0.92399 1.24694 1.46815 1.74766 1.88042 2.02507 2.10222 2.18386 2.26114 2.34562 2.41052 2.45736 2.45399 2.41740 2.37854 2.32135 2.16515 2.04520 3.46975
5.00000 30.00000 -1.03905 -0.72058 -0.28549 -0.06301 0.21137 0.57835 0.81473 1.13658 1.35684 1.63465 1.76620 1.90900 1.98475 2.06440 2.13870 2.21845 2.27994 2.32273 2.31775 2.27997 2.24082 2.18365 2.02911 1.90941 3.34986
5.00000 40.00000 -1.20469 -0.88719 -0.45344 -0.23168 0.04174 0.40725 0.64252 0.96249 1.18116 1.45617 1.58582 1.72562 1.79911 1.87560 1.94515 2.01731 2.07338 2.10972 2.10228 2.06264 2.02310 1.96614 1.81436 1.69506 3.16179
5.00000 50.00000 -1.33446 -1.01785 -0.58530 -0.36420 -0.09162 0.27263 0.50690 0.82533 1.04270 1.31550 1.44364 1.58113 1.65286 1.72686 1.79268 1.85885 1.91061 1.94177 1.93229 1.89110 1.85117 1.79428 1.64447 1.52544 3.01581
5.00000 60.00000 -1.42227 -1.10649 -0.67507 -0.45456 -0.18278 0.18032 0.41372 0.73069 0.94688 1.21763 1.34439 1.47972 1.54984 1.62153 1.68387 1.74448 1.79221 1.81853 1.80712 1.76444 1.72414 1.66727 1.51913 1.40037 2.90503
5.00000 70.00000 -1.46170 -1.14673 -0.71648 -0.49664 -0.22576 0.13589 0.36805 0.68287 0.89711 1.16424 1.28845 1.41977 1.48683 1.55428 1.61036 1.66131 1.70246 1.72147 1.70755 1.66339 1.62309 1.56700 1.42337 1.30517 2.84098
5.00000 80.00000 -1.48663 -1.17241 -0.74318 -0.52390 -0.25376 0.10675 0.33795 0.65125 0.86415 1.12884 1.25137 1.38002 1.44506 1.50965 1.56150 1.60574 1.64216 1.65560 1.63956 1.59378 1.55307 1.49703 1.35534 1.23742 2.79443
5.00000 90.00000 -1.50956 -1.19601 -0.76772 -0.54896 -0.27946 0.08002 0.31044 0.62236 0.83409 1.09671 1.21780 1.34417 1.40748 1.46966 1.51781 1.55621 1.58840 1.59673 1.57862 1.53113 1.48989 1.43367 1.29314 1.17542 2.75389
5.00000 100.00000 -1.53012 -1.21722 -0.78981 -0.57153 -0.30267 0.05584 0.28546 0.59609 0.80668 1.06726 1.18693 1.31105 1.37269 1.43242 1.47700 1.50973 1.53793 1.54155 1.52160 1.47274 1.43114 1.37495 1.23596 1.11842 2.71700
5.00000 110.00000 -1.54897 -1.23667 -0.81009 -0.59226 -0.32401 0.03359 0.26247 0.57185 0.78132 1.03991 1.15820 1.28014 1.34009 1.39749 1.43859 1.46585 1.49026 1.48949 1.46790 1.41787 1.37604 1.32002 1.18276 1.06546 2.68336
5.00000 120.00000 -1.56620 -1.25447 -0.82867 -0.61126 -0.34356 0.01316 0.24133 0.54953 0.75795 1.01464 1.13159 1.25141 1.30977 1.36495 1.40272 1.42476 1.44556 1.44064 1.41753 1.36642 1.32439 1.26852 1.13295 1.01587 2.65273
5.00000 130.00000 -1.59046 -1.27926 -0.85419 -0.63717 -0.37003 -0.01415 0.21334 0.52035 0.72774 0.98253 1.09814 1.21587 1.27262 1.32554 1.36000 1.37691 1.39424 1.38544 1.36096 1.30898 1.26691 1.21131 1.07772 0.96087 2.61200
5.00000 140.00000 -1.61517 -1.30446 -0.88008 -0.66344 -0.39679 -0.04170 0.18513 0.49103 0.69741 0.95037 1.06470 1.18039 1.23561 1.28637 1.31766 1.32975 1.34381 1.33144 1.30580 1.25312 1.21107 1.15591 1.02437 0.90776 2.57369
5.00000 150.00000 -1.63757 -1.32736 -0.90367 -0.68743 -0.42132 -0.06709 0.15898 0.46354 0.66868 0.91931 1.03200 1.14510 1.19838 1.24646 1.27385 1.28021 1.29057 1.27457 1.24789 1.19499 1.15332 1.09899 0.97069 0.85443 2.53551
5.00000 175.00000 -1.69321 -1.38410 -0.96195 -0.74656 -0.48161 -0.12933 0.09509 0.39668 0.59907 0.84460 0.95367 1.06106 1.11004 1.15219 1.17102 1.16479 1.16718 1.14323 1.11436 1.06096 1.02010 0.96758 0.84614 0.73058 2.44837
5.00000 200.00000 -1.74078 -1.43263 -1.01180 -0.79719 -0.53332 -0.18283 0.04000 0.33866 0.53832 0.77869 0.88409 0.98568 1.03035 1.06655 1.07694 1.05858 1.05350 1.02259 0.99207 0.93877 0.89901 0.84859 0.73423 0.61939 2.36893
5.00000 250.00000 -1.81178 -1.50515 -1.08656 -0.87325 -0.61126 -0.26409 -0.04431 0.24862 0.44282 0.67269 0.77061 0.86052 0.89652 0.92095 0.91490 0.87371 0.85527 0.81294 0.78045 0.72865 0.69171 0.64588 0.54560 0.43207 2.23403
5.00000 300.00000 -1.86693 -1.56146 -1.14458 -0.93235 -0.67198 -0.32783 -0.11098 0.17627 0.36489 0.58403 0.67430 0.75235 0.77970 0.79255 0.77075 0.70874 0.67900 0.62841 0.59544 0.54663 0.51306 0.47220 0.38552 0.27312 2.11898
5.00000 350.00000 -1.92086 -1.61615 -1.20052 -0.98909 -0.72999 -0.38835 -0.17402 0.10815 0.29175 0.50116 0.58454 0.65196 0.67160 0.67429 0.63890 0.55954 0.52084 0.46441 0.43161 0.38589 0.35540 0.31884 0.24323 0.13173 2.01793
5.00000 400.00000 -1.96900 -1.66478 -1.25000 -1.03920 -0.78117 -0.44184 -0.22990 0.04731 0.22593 0.42566 0.50221 0.55920 0.57141 0.56441 0.51641 0.42166 0.37561 0.31532 0.28345 0.24134 0.21401 0.18166 0.11613 0.00539 1.93101
5.00000 450.00000 -1.98827 -1.68430 -1.27003 -1.05969 -0.80254 -0.46524 -0.25557 0.01687 0.19062 0.38088 0.45074 0.49756 0.50253 0.48621 0.42609 0.31669 0.26354 0.19910 0.16766 0.12819 0.10334 0.07432 0.01666 -0.09349 1.85726
5.00000 500.00000 -2.01154 -1.70756 -1.29352 -1.08350 -0.82706 -0.49160 -0.28406 -0.01624 0.15277 0.33378 0.39717 0.43423 0.43236 0.40728 0.33613 0.21385 0.15490 0.08772 0.05719 0.02064 -0.00177 -0.02765 -0.07821 -0.18788 1.78724
5.00000 600.00000 -2.05281 -1.74836 -1.33437 -1.12488 -0.86992 -0.53863 -0.33609 -0.07916 0.07870 0.23824 0.28689 0.30236 0.28581 0.24259 0.14963 0.00455 -0.06250 -0.12966 -0.15570 -0.18374 -0.20008 -0.21876 -0.25485 -0.36362 1.66066
5.00000 700.00000 -2.10374 -1.79799 -1.38293 -1.17339 -0.91914 -0.59089 -0.39243 -0.14478 0.00340 0.14441 0.18048 0.17780 0.14910 0.09118 -0.01892 -0.18113 -0.25389 -0.32066 -0.34341 -0.36544 -0.37761 -0.39143 -0.41820 -0.52643 1.54641
5.00000 800.00000 -2.15902 -1.85134 -1.43447 -1.22456 -0.97072 -0.64525 -0.45078 -0.21246 -0.07398 0.04861 0.07244 0.05250 0.01260 -0.05849 -0.18322 -0.35862 -0.43465 -0.49889 -0.51791 -0.53408 -0.54246 -0.55206 -0.57136 -0.67921 1.44068
5.00000 1000.00000 -2.30458 -1.99091 -1.56766 -1.35561 -1.10079 -0.77820 -0.58961 -0.36614 -0.24354 -0.15091 -0.14667 -0.19354 -0.25046 -0.34097 -0.48635 -0.67878 -0.75799 -0.81749 -0.83115 -0.83943 -0.84293 -0.84722 -0.85751 -0.96492 1.25187
5.00000 1200.00000 -2.40505 -2.08403 -1.65378 -1.44011 -1.18590 -0.87073 -0.69315 -0.49488 -0.39753 -0.34996 -0.37356 -0.45654 -0.53479 -0.64792 -0.81440 -1.01867 -1.09514 -1.14147 -1.14622 -1.14361 -1.14122 -1.13974 -1.14181 -1.24889 1.05970
5.00000 1500.00000 -2.59493 -2.25827 -1.81236 -1.59389 -1.33806 -1.03104 -0.86790 -0.70372 -0.64039 -0.65158 -0.70995 -0.83598 -0.93843 -1.07593 -1.26341 -1.47733 -1.54987 -1.58371 -1.58106 -1.57018 -1.56365 -1.55831 -1.55528 -1.66220 0.79829
5.50000 0.00000 0.59807 0.90393 1.32199 1.53542 1.79803 2.14688 2.36813 2.66295 2.85880 3.09545 3.20326 3.31814 3.37945 3.44569 3.50899 3.58073 3.63920 3.68064 3.67634 3.64057 3.60315 3.54836 3.40094 3.28203 4.75086
5.50000 1.00000 0.56941 0.87524 1.29330 1.50673 1.76946 2.11860 2.34022 2.63589 2.83264 3.07120 3.18042 3.29758 3.36055 3.42911 3.49567 3.57191 3.63296 3.67615 3.67167 3.63452 3.59572 3.53890 3.38520 3.26561 4.72668
5.50000 5.00000 0.36929 0.67477 1.09249 1.30587 1.56858 1.91808 2.14026 2.43747 2.63597 2.87834 2.99049 3.11244 3.17909 3.25281 3.32696 3.41500 3.48415 3.53665 3.53560 3.50088 3.46254 3.40534 3.24712 3.12688 4.60467
5.50000 10.00000 0.13953 0.44442 0.86136 1.07433 1.33655 1.68536 1.90708 2.20366 2.40176 2.64358 2.75544 2.87699 2.94337 3.01672 3.09040 3.17781 3.24679 3.29968 3.29919 3.26562 3.22816 3.17214 3.01718 2.89725 4.40633
5.50000 15.00000 -0.06164 0.24264 0.65877 0.87130 1.13294 1.48086 1.70189 1.99736 2.19454 2.43476 2.54550 2.66529 2.73034 2.80178 2.87253 2.95513 3.02048 3.06861 3.06605 3.03049 2.99223 2.93565 2.78079 2.66096 4.18706
5.50000 20.00000 -0.20368 0.10003 0.51529 0.72731 0.98829 1.33514 1.55530 1.84925 2.04506 2.28277 2.39174 2.50869 2.57160 2.64003 2.70629 2.78187 2.84234 2.88490 2.88032 2.84347 2.80509 2.74897 2.59739 2.47800 4.01809
5.50000 25.00000 -0.32130 -0.01817 0.39629 0.60784 0.86821 1.21411 1.43343 1.72603 1.92063 2.15612 2.26352 2.37805 2.43908 2.50488 2.56729 2.63679 2.69305 2.73081 2.72451 2.68653 2.64805 2.59231 2.44342 2.32440 3.88328
5.50000 30.00000 -0.41949 -0.11689 0.29682 0.50797 0.76779 1.11284 1.33152 1.62301 1.81666 2.05047 2.15673 2.26941 2.32907 2.39292 2.45237 2.51732 2.57037 2.60441 2.59673 2.55780 2.51917 2.46361 2.31651 2.19772 3.77350
5.50000 40.00000 -0.56837 -0.26679 0.14549 0.35588 0.61467 0.95814 1.17554 1.46496 1.65682 1.88744 1.99149 2.10070 2.15771 2.21787 2.27187 2.32833 2.37555 2.40305 2.39306 2.35274 2.31407 2.25915 2.11597 1.99768 3.60283
5.50000 50.00000 -0.68719 -0.38654 0.02448 0.23418 0.49206 0.83422 1.05061 1.33839 1.52892 1.75721 1.85968 1.96640 2.02153 2.07904 2.12908 2.17931 2.22215 2.24463 2.23280 2.19121 2.15232 2.09769 1.95690 1.83892 3.47001
5.50000 60.00000 -0.76897 -0.46918 -0.05932 0.14976 0.40684 0.74784 0.96334 1.24973 1.43913 1.66549 1.76666 1.87132 1.92488 1.98018 2.02688 2.07176 2.11080 2.12870 2.11509 2.07210 2.03285 1.97823 1.83889 1.72111 3.36878
5.50000 70.00000 -0.80175 -0.50280 -0.09417 0.11422 0.37035 0.70979 0.92399 1.20811 1.39542 1.61796 1.71642 1.81679 1.86711 1.91789 1.95801 1.99293 2.02537 2.03620 2.02030 1.97618 1.93714 1.88350 1.74895 1.63174 3.30853
5.50000 80.00000 -0.82230 -0.52411 -0.11655 0.09126 0.34663 0.68487 0.89810 1.18063 1.36655 1.58662 1.68332 1.78093 1.82917 1.87699 1.91276 1.94093 1.96870 1.97422 1.95635 1.91084 1.87154 1.81809 1.68565 1.56872 3.26475
5.50000 90.00000 -0.84115 -0.54367 -0.13708 0.07018 0.32483 0.66202 0.87440 1.15551 1.34023 1.55812 1.65329 1.74851 1.79490 1.84014 1.87207 1.89424 1.91782 1.91846 1.89874 1.85182 1.81218 1.75876 1.62788 1.51115 3.22685
5.50000 100.00000 -0.85818 -0.56138 -0.15570 0.05107 0.30508 0.64122 0.85280 1.13257 1.31611 1.53190 1.62563 1.71852 1.76314 1.80590 1.83414 1.85058 1.87023 1.86637 1.84499 1.79689 1.75702 1.70377 1.57457 1.45807 3.19228
5.50000 110.00000 -0.87373 -0.57754 -0.17273 0.03357 0.28695 0.62213 0.83293 1.11142 1.29384 1.50761 1.59991 1.69053 1.73343 1.77377 1.79843 1.80938 1.82526 1.81717 1.79425 1.74512 1.70509 1.65203 1.52459 1.40830 3.16168
5.50000 120.00000 -0.88825 -0.59265 -0.18865 0.01721 0.27000 0.60429 0.81434 1.09159 1.27295 1.48475 1.57566 1.66409 1.70532 1.74333 1.76456 1.77024 1.78257 1.77054 1.74623 1.69622 1.65610 1.60333 1.47770 1.36162 3.13311
5.50000 130.00000 -0.90959 -0.61456 -0.21132 -0.00589 0.24635 0.57975 0.78908 1.06510 1.24538 1.45520 1.54470 1.63092 1.67048 1.70614 1.72395 1.72453 1.73349 1.71790 1.69248 1.64191 1.60191 1.54962 1.42627 1.31043 3.09770
5.50000 140.00000 -0.93167 -0.63715 -0.23463 -0.02959 0.22212 0.55468 0.76336 1.03825 1.21752 1.42551 1.51371 1.59788 1.63587 1.66936 1.68400 1.67983 1.68568 1.66682 1.64035 1.58927 1.54936 1.49754 1.37626 1.26064 3.06355
5.50000 150.00000 -0.95170 -0.65766 -0.25588 -0.05124 0.19992 0.53159 0.73951 1.01306 1.19111 1.39681 1.48339 1.56497 1.60106 1.63189 1.64272 1.63300 1.63537 1.61313 1.58576 1.53453 1.49500 1.44398 1.32565 1.21037 3.03013
5.50000 175.00000 -0.99988 -0.70701 -0.30680 -0.10307 0.14683 0.47645 0.68259 0.95299 1.12815 1.32842 1.41116 1.48669 1.51821 1.54280 1.54477 1.52240 1.51705 1.48762 1.45860 1.40750 1.36916 1.32033 1.20928 1.09473 2.95228
5.50000 200.00000 -1.04034 -0.74845 -0.34967 -0.14677 0.10199 0.42967 0.63411 0.90139 1.07363 1.26839 1.34721 1.41654 1.44349 1.46183 1.45505 1.42051 1.40800 1.37238 1.34222 1.29186 1.25496 1.20852 1.10491 0.99102 2.88056
5.50000 250.00000 -1.10081 -0.81055 -0.41416 -0.21270 0.03400 0.35805 0.55915 0.82016 0.98642 1.16977 1.24046 1.29712 1.31478 1.32063 1.29675 1.23940 1.21428 1.16912 1.13815 1.09071 1.05737 1.01625 0.92749 0.81489 2.75686
5.50000 300.00000 -1.15174 -0.86268 -0.46812 -0.26777 -0.02280 0.29808 0.49610 0.75125 0.91179 1.08418 1.14708 1.19173 1.20067 1.19502 1.15581 1.07889 1.04376 0.99223 0.96163 0.91792 0.88822 0.85217 0.77638 0.66482 2.65176
5.50000 350.00000 -1.20203 -0.91379 -0.52053 -0.32105 -0.07742 0.24080 0.43620 0.68609 0.84149 1.00394 1.05983 1.09374 1.09497 1.07928 1.02696 0.93401 0.89117 0.83552 0.80584 0.76586 0.73945 0.70779 0.64259 0.53183 2.56379
5.50000 400.00000 -1.24680 -0.95909 -0.56677 -0.36796 -0.12549 0.19029 0.38318 0.62791 0.77819 0.93074 0.97968 1.00305 0.99686 0.97163 0.90719 0.80011 0.75106 0.69302 0.66488 0.62896 0.60583 0.57836 0.52263 0.41254 2.48446
5.50000 450.00000 -1.27239 -0.98492 -0.59316 -0.39485 -0.15331 0.16034 0.35088 0.59081 0.73620 0.87931 0.92165 0.93507 0.92191 0.88782 0.81226 0.69248 0.63796 0.57780 0.55093 0.51840 0.49797 0.47394 0.42581 0.31623 2.41513
5.50000 500.00000 -1.29831 -1.01087 -0.61939 -0.42146 -0.18070 0.13098 0.31926 0.55440 0.69493 0.82865 0.86446 0.86819 0.84831 0.80584 0.72002 0.58907 0.53014 0.46907 0.44384 0.41485 0.39710 0.37632 0.33499 0.22585 2.35013
5.50000 600.00000 -1.34507 -1.05718 -0.66582 -0.46847 -0.22924 0.07813 0.26139 0.48559 0.61503 0.72766 0.74911 0.73208 0.69829 0.63898 0.53365 0.38384 0.31946 0.26117 0.24123 0.22110 0.20932 0.19536 0.16706 0.05870 2.23442
5.50000 700.00000 -1.39632 -1.10717 -0.71481 -0.51751 -0.27916 0.02494 0.20391 0.41852 0.53811 0.63208 0.64106 0.60626 0.56087 0.48784 0.36718 0.20349 0.13572 0.08027 0.06449 0.05090 0.04333 0.03412 0.01437 -0.09354 2.13013
5.50000 800.00000 -1.45318 -1.16211 -0.76803 -0.57041 -0.33255 -0.03141 0.14340 0.34855 0.45840 0.53416 0.53117 0.47985 0.42392 0.33886 0.20545 0.03158 -0.03760 -0.08880 -0.10044 -0.10810 -0.11203 -0.11734 -0.13051 -0.23810 2.03385
5.50000 1000.00000 -1.59397 -1.29697 -0.89672 -0.69713 -0.45861 -0.16091 0.00758 0.19714 0.29070 0.33631 0.31393 0.23650 0.16450 0.06163 -0.08959 -0.27599 -0.34561 -0.38959 -0.39532 -0.39506 -0.39436 -0.39479 -0.40017 -0.50740 1.85944
5.50000 1200.00000 -1.68645 -1.38225 -0.97540 -0.77446 -0.53702 -0.24762 -0.09089 0.07247 0.14024 0.14076 0.09119 -0.02069 -0.11240 -0.23534 -0.40380 -0.59670 -0.66076 -0.68972 -0.68644 -0.67585 -0.66983 -0.66525 -0.66382 -0.77082 1.68292
5.50000 1500.00000 -1.86411 -1.54459 -1.12271 -0.91745 -0.67919 -0.39930 -0.25815 -0.13038 -0.09734 -0.15541 -0.23886 -0.39167 -0.50567 -0.65025 -0.83594 -1.03396 -1.09230 -1.10839 -1.09834 -1.08071 -1.07135 -1.06378 -1.05862 -1.16548 1.44144
6.00000 0.00000 1.00329 1.28889 1.67898 1.87732 2.12035 2.43987 2.63818 2.89666 3.06384 3.25930 3.34675 3.44077 3.49247 3.55055 3.60729 3.67319 3.72873 3.76800 3.76369 3.72911 3.69298 3.64014 3.49879 3.38053 4.98298
6.00000 1.00000 0.98574 1.27127 1.66139 1.85980 2.10296 2.42285 2.62163 2.88109 3.04933 3.24698 3.33606 3.43266 3.48629 3.54697 3.60734 3.67824 3.73653 3.77754 3.77292 3.73667 3.69895 3.64378 3.49550 3.37651 4.96967
6.00000 5.00000 0.83276 1.11798 1.50779 1.70612 1.94935 2.26967 2.46911 2.73029 2.90044 3.10222 3.19443 3.29604 3.35351 3.41950 3.48757 3.56997 3.63573 3.68437 3.68192 3.64624 3.60775 3.55080 3.39471 3.27478 4.88274
6.00000 10.00000 0.64735 0.93199 1.32100 1.51894 1.76162 2.08120 2.28012 2.54053 2.71014 2.91106 3.00273 3.10353 3.16037 3.22551 3.29234 3.37299 3.43775 3.48576 3.48350 3.44861 3.41093 3.35509 3.20244 3.08286 4.71451
6.00000 15.00000 0.47189 0.75596 1.14419 1.34167 1.58383 1.90260 2.10092 2.36042 2.52926 2.72890 2.81969 2.91908 2.97483 3.03841 3.10284 3.17948 3.24119 3.28520 3.28112 3.24452 3.20607 3.14972 2.99693 2.87740 4.52570
6.00000 20.00000 0.33945 0.62297 1.01042 1.20748 1.44907 1.76701 1.96468 2.22313 2.39111 2.58921 2.67893 2.77659 2.83103 2.89273 2.95432 3.02637 3.08476 3.12469 3.11895 3.08096 3.04209 2.98559 2.83383 2.71448 4.37984
6.00000 25.00000 0.23346 0.51639 0.90304 1.09966 1.34064 1.65765 1.85458 2.11175 2.27863 2.47466 2.56291 2.65823 2.71090 2.77009 2.82798 2.89425 2.94867 2.98412 2.97680 2.93786 2.89896 2.84290 2.69391 2.57491 4.26006
6.00000 30.00000 0.14268 0.42509 0.81103 1.00726 1.24772 1.56395 1.76025 2.01641 2.18243 2.37697 2.46417 2.55783 2.60921 2.66658 2.72178 2.78381 2.83525 2.86729 2.85872 2.81891 2.77989 2.72405 2.57679 2.45801 4.16111
6.00000 40.00000 0.00125 0.28267 0.66726 0.86276 1.10227 1.41707 1.61229 1.86674 2.03133 2.22333 2.30875 2.39962 2.44887 2.50322 2.55384 2.60868 2.65506 2.68115 2.67034 2.62893 2.58960 2.53398 2.38928 2.27087 4.00609
6.00000 50.00000 -0.10995 0.17059 0.55394 0.74877 0.98744 1.30101 1.49529 1.74827 1.91165 2.10160 2.18561 2.27422 2.32171 2.37359 2.42052 2.46951 2.51176 2.53313 2.52055 2.47796 2.43846 2.38311 2.24071 2.12260 3.88540
6.00000 60.00000 -0.18360 0.09611 0.47832 0.67255 0.91044 1.22286 1.41627 1.66792 1.83022 2.01827 2.10097 2.18747 2.23336 2.28292 2.32640 2.36991 2.40831 2.42510 2.41080 2.36694 2.32717 2.27199 2.13141 2.01352 3.79381
6.00000 70.00000 -0.21170 0.06717 0.44820 0.64173 0.87869 1.18961 1.38178 1.63123 1.79154 1.97586 2.05589 2.13813 2.18079 2.22586 2.26275 2.29632 2.32814 2.33800 2.32153 2.27667 2.23720 2.18306 2.04756 1.93027 3.73733
6.00000 80.00000 -0.22973 0.04839 0.42838 0.62136 0.85759 1.16739 1.35866 1.60668 1.76574 1.94780 2.02623 2.10591 2.14660 2.18889 2.22164 2.24877 2.27612 2.28078 2.26238 2.21610 2.17635 2.12238 1.98880 1.87176 3.69695
6.00000 90.00000 -0.24545 0.03199 0.41103 0.60349 0.83903 1.14779 1.33823 1.58492 1.74283 1.92279 1.99973 2.07701 2.11585 2.15555 2.18443 2.20555 2.22869 2.22861 2.20840 2.16086 2.12085 2.06704 1.93526 1.81846 3.66152
6.00000 100.00000 -0.26002 0.01676 0.39492 0.58690 0.82180 1.12962 1.31931 1.56475 1.72159 1.89962 1.97517 2.05024 2.08738 2.12466 2.14997 2.16552 2.18488 2.18042 2.15865 2.11001 2.06982 2.01620 1.88619 1.76961 3.63027
6.00000 110.00000 -0.27337 0.00281 0.38013 0.57164 0.80595 1.11283 1.30178 1.54598 1.70174 1.87779 1.95192 2.02470 2.06010 2.09492 2.11661 2.12660 2.14220 2.13358 2.11034 2.06079 2.02052 1.96722 1.83924 1.72290 3.60175
6.00000 120.00000 -0.28582 -0.01021 0.36631 0.55743 0.79115 1.09716 1.28542 1.52846 1.68320 1.85735 1.93015 2.00075 2.03449 2.06698 2.08522 2.08997 2.10204 2.08957 2.06500 2.01465 1.97436 1.92140 1.79542 1.67931 3.57681
6.00000 130.00000 -0.30500 -0.02993 0.34585 0.53656 0.76974 1.07491 1.26247 1.50436 1.65806 1.83031 1.90172 1.97013 2.00219 2.03233 2.04716 2.04680 2.05555 2.03964 2.01401 1.96324 1.92313 1.87076 1.74724 1.63139 3.54562
6.00000 140.00000 -0.32452 -0.04995 0.32513 0.51545 0.74811 1.05248 1.23938 1.48013 1.63284 1.80321 1.87328 1.93953 1.96995 1.99780 2.00931 2.00404 2.00964 1.99053 1.96399 1.91291 1.87306 1.82134 1.70034 1.58475 3.51406
6.00000 150.00000 -0.34261 -0.06853 0.30586 0.49580 0.72794 1.03145 1.21762 1.45709 1.60863 1.77676 1.84523 1.90892 1.93741 1.96260 1.97030 1.95951 1.96167 1.93928 1.91190 1.86076 1.82137 1.77053 1.65265 1.53738 3.48437
6.00000 175.00000 -0.38329 -0.11031 0.26251 0.45153 0.68243 0.98389 1.16830 1.40458 1.55313 1.71565 1.78006 1.83729 1.86094 1.87951 1.87785 1.85385 1.84810 1.81871 1.78996 1.73947 1.70162 1.65340 1.54389 1.42942 3.41700
6.00000 200.00000 -0.41864 -0.14662 0.22483 0.41305 0.64284 0.94238 1.12510 1.35828 1.50396 1.66089 1.72129 1.77217 1.79110 1.80323 1.79259 1.75622 1.74331 1.70795 1.67827 1.62884 1.59264 1.54709 1.44554 1.33179 3.35380
6.00000 250.00000 -0.47716 -0.20667 0.16253 0.34943 0.57726 0.87339 1.05297 1.28027 1.42028 1.56629 1.61882 1.65740 1.66724 1.66719 1.63994 1.58156 1.55667 1.51260 1.48250 1.43640 1.40394 1.36385 1.27731 1.16486 3.24269
6.00000 300.00000 -0.54001 -0.27056 0.09713 0.28310 0.50961 0.80327 0.98053 1.20339 1.33906 1.47667 1.52311 1.55214 1.55500 1.54562 1.50579 1.43111 1.39762 1.34760 1.31741 1.27395 1.24426 1.20820 1.13217 1.02058 3.14901
6.00000 350.00000 -0.58190 -0.31321 0.05323 0.23836 0.46348 0.75443 0.92897 1.14635 1.27659 1.40360 1.44252 1.45993 1.45450 1.43435 1.38059 1.28924 1.24811 1.19478 1.16627 1.12762 1.10196 1.07107 1.00724 0.89656 3.06810
6.00000 400.00000 -0.62516 -0.35691 0.00872 0.19324 0.41733 0.70600 0.87815 1.09065 1.21597 1.33338 1.36550 1.37258 1.35982 1.33032 1.26474 1.15980 1.11291 1.05785 1.03120 0.99698 0.97478 0.94827 0.89420 0.78420 2.99625
6.00000 450.00000 -0.65673 -0.38861 -0.02341 0.16069 0.38394 0.67070 0.84071 1.04870 1.16942 1.27782 1.30359 1.30114 1.28171 1.24373 1.16762 1.05103 0.99946 0.94337 0.91850 0.88821 0.86899 0.84615 0.80000 0.69054 2.93151
6.00000 500.00000 -0.69220 -0.42399 -0.05887 0.12500 0.34768 0.63288 0.80103 1.00498 1.12155 1.22181 1.24185 1.23081 1.20545 1.16009 1.07503 0.94893 0.89386 0.83759 0.81453 0.78783 0.77123 0.75156 0.71194 0.60290 2.87317
6.00000 600.00000 -0.74012 -0.47134 -0.10609 0.07729 0.29856 0.57965 0.74288 0.93616 1.04182 1.12117 1.12696 1.09528 1.05617 0.99428 0.89038 0.74681 0.68752 0.63575 0.61885 0.60191 0.59169 0.57927 0.55320 0.44494 2.76780
6.00000 700.00000 -0.80025 -0.52995 -0.16345 0.02008 0.24075 0.51900 0.67840 0.86291 0.95946 1.02145 1.01554 0.96729 0.91737 0.84285 0.72511 0.56974 0.50827 0.46057 0.44820 0.43805 0.43217 0.42447 0.40684 0.29902 2.66938
6.00000 800.00000 -0.85069 -0.57843 -0.21015 -0.02636 0.19371 0.46874 0.62365 0.79803 0.88421 0.92685 0.90832 0.84272 0.78192 0.69517 0.56495 0.40069 0.33921 0.29786 0.29066 0.28754 0.28577 0.28244 0.27185 0.16437 2.58160
6.00000 1000.00000 -0.97818 -0.69990 -0.32552 -0.13993 0.08049 0.35130 0.49906 0.65624 0.72466 0.73470 0.69541 0.60224 0.52479 0.42012 0.27280 0.09855 0.03892 0.00785 0.00788 0.01389 0.01726 0.01915 0.01657 -0.09056 2.42133
6.00000 1200.00000 -1.07781 -0.79198 -0.41049 -0.22319 -0.00340 0.25998 0.39687 0.52965 0.57402 0.54229 0.47800 0.35359 0.25855 0.13640 -0.02507 -0.20291 -0.25621 -0.27276 -0.26449 -0.24935 -0.24138 -0.23522 -0.23214 -0.33908 2.25602
6.00000 1500.00000 -1.24641 -0.94511 -0.54848 -0.35689 -0.13635 0.11735 0.23857 0.33576 0.34571 0.25645 0.15927 -0.00432 -0.12026 -0.26215 -0.43840 -0.61866 -0.66522 -0.66877 -0.65409 -0.63256 -0.62170 -0.61300 -0.60683 -0.71366 2.03143
6.50000 0.00000 1.35640 1.61822 1.97524 2.15564 2.37534 2.66054 2.83314 3.05353 3.19361 3.35534 3.42882 3.51107 3.55882 3.61478 3.67146 3.73916 3.79626 3.83775 3.83456 3.80120 3.76571 3.71348 3.57314 3.45492 5.18772
6.50000 1.00000 1.34297 1.60478 1.96185 2.14232 2.36222 2.64786 2.82098 3.04254 3.18386 3.34810 3.42345 3.50869 3.55863 3.61760 3.67852 3.75211 3.81259 3.85649 3.85321 3.81832 3.78122 3.72662 3.57886 3.45988 5.18176
6.50000 5.00000 1.22134 1.48287 1.83969 2.02013 2.24012 2.52628 2.70013 2.92348 3.06681 3.23529 3.31386 3.40421 3.45802 3.52234 3.59099 3.67598 3.74374 3.79470 3.79311 3.75806 3.71971 3.66266 3.50549 3.38539 5.11921
6.50000 10.00000 1.07802 1.33898 1.69502 1.87505 2.09452 2.37993 2.55322 2.77576 2.91843 3.08581 3.16359 3.25273 3.30562 3.36869 3.43541 3.51760 3.58356 3.63291 3.63110 3.59649 3.55879 3.50282 3.34922 3.22950 4.98405
6.50000 15.00000 0.92624 1.18668 1.54203 1.72171 1.94074 2.22555 2.39843 2.62043 2.76274 2.92955 3.00695 3.09547 3.14785 3.21012 3.27560 3.35543 3.41940 3.46570 3.46225 3.42576 3.38703 3.33002 3.17462 3.05476 4.82714
6.50000 20.00000 0.80602 1.06596 1.42064 1.59995 1.81854 2.10274 2.27521 2.49659 2.63847 2.80455 2.88146 2.96916 3.02090 3.08222 3.14618 3.22339 3.28527 3.32866 3.32378 3.28580 3.24639 3.18879 3.03263 2.91275 4.70286
6.50000 25.00000 0.70852 0.96795 1.32195 1.50085 1.71896 2.00240 2.17428 2.39475 2.53580 2.70043 2.77630 2.86233 2.91277 2.97225 3.03344 3.10622 3.16495 3.20462 3.19836 3.15936 3.11974 3.06228 2.90787 2.78824 4.59805
6.50000 30.00000 0.62599 0.88494 1.23825 1.41684 1.63444 1.91722 2.08859 2.30824 2.44859 2.61200 2.68699 2.77160 2.82096 2.87888 2.93770 3.00674 3.06280 3.09933 3.09186 3.05202 3.01225 2.95493 2.80200 2.68258 4.51085
6.50000 40.00000 0.49157 0.74962 1.10173 1.27967 1.49647 1.77810 1.94864 2.16703 2.30640 2.46810 2.54189 2.62452 2.67233 2.72802 2.78344 2.84690 2.89886 2.93029 2.92071 2.87913 2.83880 2.78131 2.62963 2.51040 4.37115
6.50000 50.00000 0.38771 0.64492 0.99592 1.17326 1.38933 1.66986 1.83960 2.05677 2.19518 2.35516 2.42772 2.50841 2.55467 2.60817 2.66025 2.71840 2.76661 2.79368 2.78250 2.73985 2.69941 2.64227 2.49297 2.37406 4.26213
6.50000 60.00000 0.32206 0.57852 0.92845 1.10524 1.32060 1.60008 1.76901 1.98498 2.12236 2.28053 2.35177 2.43034 2.47496 2.52607 2.57462 2.62710 2.67134 2.69379 2.68092 2.63714 2.59655 2.53973 2.39285 2.27425 4.18007
6.50000 70.00000 0.29681 0.55248 0.90134 1.07750 1.29201 1.57017 1.73800 1.95203 2.08765 2.24243 2.31127 2.38586 2.42745 2.47432 2.51660 2.55952 2.59732 2.61285 2.59773 2.55285 2.51252 2.45673 2.31494 2.19695 4.12797
6.50000 80.00000 0.28171 0.53672 0.88462 1.06029 1.27413 1.55127 1.71833 1.93105 2.06554 2.21822 2.28551 2.35762 2.39727 2.44138 2.47954 2.51602 2.54932 2.55966 2.54261 2.49639 2.45582 2.40025 2.26071 2.14301 4.09042
6.50000 90.00000 0.26822 0.52256 0.86961 1.04480 1.25804 1.53428 1.70061 1.91218 2.04566 2.19646 2.26237 2.33223 2.37017 2.41179 2.44625 2.47688 2.50611 2.51172 2.49293 2.44544 2.40463 2.34925 2.21163 2.09420 4.05862
6.50000 100.00000 0.25594 0.50971 0.85595 1.03071 1.24338 1.51875 1.68443 1.89489 2.02740 2.17638 2.24098 2.30866 2.34490 2.38417 2.41504 2.44010 2.46547 2.46673 2.44635 2.39780 2.35688 2.30178 2.16621 2.04901 4.02960
6.50000 110.00000 0.24432 0.49755 0.84304 1.01738 1.22951 1.50406 1.66908 1.87845 2.00999 2.15714 2.22038 2.28586 2.32039 2.35724 2.38451 2.40404 2.42564 2.42269 2.40084 2.35139 2.31041 2.25564 2.12231 2.00538 4.00492
6.50000 120.00000 0.23343 0.48614 0.83092 1.00489 1.21651 1.49028 1.65468 1.86301 1.99361 2.13897 2.20091 2.26425 2.29714 2.33163 2.35545 2.36969 2.38772 2.38083 2.35765 2.30746 2.26649 2.21219 2.08111 1.96444 3.98188
6.50000 130.00000 0.21647 0.46869 0.81280 0.98639 1.19753 1.47054 1.63430 1.84155 1.97116 2.11465 2.17520 2.23630 2.26745 2.29952 2.31984 2.32878 2.34340 2.33307 2.30889 2.25840 2.21774 2.16421 2.03614 1.91979 3.95359
6.50000 140.00000 0.19858 0.45035 0.79384 0.96709 1.17777 1.45005 1.61324 1.81947 1.94816 2.08987 2.14911 2.20807 2.23759 2.26737 2.28434 2.28834 2.29978 2.28620 2.26114 2.21044 2.17014 2.11733 1.99212 1.87606 3.92611
6.50000 150.00000 0.18391 0.43524 0.77808 0.95098 1.16116 1.43266 1.59512 1.80009 1.92758 2.06697 2.12452 2.18075 2.20820 2.23510 2.24798 2.24602 2.25381 2.23686 2.21103 2.16050 2.12082 2.06917 1.94784 1.83218 3.90204
6.50000 175.00000 0.14919 0.39952 0.74094 0.91302 1.12206 1.39164 1.55245 1.75433 1.87892 2.01261 2.06598 2.11550 2.13790 2.15787 2.16092 2.14515 2.14469 2.12063 2.09357 2.04408 2.00627 1.95773 1.84613 1.73141 3.84397
6.50000 200.00000 0.11671 0.36618 0.70641 0.87779 1.08584 1.35373 1.51299 1.71206 1.83391 1.96224 2.01167 2.05490 2.07258 2.08611 2.08015 2.05191 2.04422 2.01418 1.98626 1.93798 1.90199 1.85630 1.75327 1.63934 3.78902
6.50000 250.00000 0.04461 0.29288 0.63134 0.80172 1.00834 1.27375 1.43075 1.62559 1.74330 1.86343 1.90679 1.94031 1.95072 1.95437 1.93467 1.88777 1.86954 1.83120 1.80239 1.75636 1.72328 1.68207 1.59179 1.47899 3.69111
6.50000 300.00000 -0.01680 0.23064 0.56795 0.73759 0.94311 1.20645 1.36148 1.55235 1.66611 1.77831 1.81583 1.84004 1.84358 1.83800 1.80581 1.74268 1.71589 1.67181 1.64312 1.60014 1.57019 1.53339 1.45476 1.34293 3.60720
6.50000 350.00000 -0.05718 0.18972 0.52606 0.69503 0.89941 1.16041 1.31298 1.49890 1.60759 1.70967 1.73986 1.75270 1.74805 1.73179 1.68570 1.60582 1.57134 1.52409 1.49727 1.45948 1.43381 1.40259 1.33716 1.22630 3.53450
6.50000 400.00000 -0.09322 0.15340 0.48914 0.65758 0.86101 1.11983 1.27005 1.45094 1.55453 1.64642 1.66931 1.67100 1.65845 1.63209 1.57331 1.47901 1.43864 1.39026 1.36597 1.33364 1.31215 1.28610 1.23215 1.12214 3.46846
6.50000 450.00000 -0.13495 0.11173 0.44738 0.61562 0.81854 1.07596 1.22453 1.40175 1.50148 1.58562 1.60291 1.59610 1.57758 1.54362 1.47541 1.37071 1.32632 1.27738 1.25500 1.22662 1.20812 1.18572 1.13972 1.03022 3.41028
6.50000 500.00000 -0.17418 0.07279 0.40862 0.57678 0.77932 1.03546 1.18240 1.35595 1.45177 1.52807 1.53982 1.52463 1.50028 1.45910 1.38216 1.26838 1.22083 1.17233 1.15211 1.12781 1.11216 1.09324 1.05429 0.94524 3.35584
6.50000 600.00000 -0.22284 0.02505 0.36141 0.52928 0.73067 0.98307 1.12535 1.28851 1.37356 1.42895 1.42632 1.39026 1.35204 1.29423 1.19849 1.06777 1.01670 0.97403 0.96077 0.94723 0.93855 0.92744 0.90303 0.79483 3.25965
6.50000 700.00000 -0.29150 -0.04181 0.29628 0.46460 0.66576 0.91593 1.05485 1.21006 1.28664 1.32562 1.31188 1.26008 1.21163 1.14195 1.03341 0.89234 0.84001 0.80242 0.79410 0.78771 0.78347 0.77724 0.76138 0.65363 3.16604
6.50000 800.00000 -0.33563 -0.08376 0.25631 0.42494 0.62548 0.87229 1.00649 1.15093 1.21643 1.23476 1.20753 1.13731 1.07741 0.99501 0.87380 0.72447 0.67306 0.64338 0.64109 0.64262 0.64299 0.64150 0.63323 0.52583 3.08581
6.50000 1000.00000 -0.45059 -0.19242 0.15396 0.32437 0.52510 0.76701 0.89323 1.01881 1.06494 1.04795 0.99851 0.89921 0.82210 0.72168 0.58430 0.42774 0.38070 0.36469 0.37106 0.38311 0.38917 0.39335 0.39338 0.28631 2.93782
6.50000 1200.00000 -0.55720 -0.29095 0.06327 0.23579 0.43648 0.67199 0.78828 0.89116 0.91482 0.85893 0.78639 0.65858 0.56577 0.45013 0.30108 0.14308 0.10269 0.10028 0.11400 0.13396 0.14390 0.15164 0.15629 0.04938 2.78322
6.50000 1500.00000 -0.71557 -0.43351 -0.06385 0.11304 0.31448 0.54012 0.64054 0.70760 0.69688 0.58411 0.47950 0.31427 0.20198 0.06858 -0.09267 -0.25027 -0.28289 -0.27213 -0.25236 -0.22670 -0.21429 -0.20446 -0.19732 -0.30415 2.57464
7.00000 0.00000 1.65720 1.89304 2.21377 2.37448 2.56884 2.81753 2.96387 3.14816 3.26513 3.40228 3.46785 3.54596 3.59400 3.65244 3.71428 3.79042 3.85316 3.90060 3.89930 3.86681 3.83109 3.77794 3.63306 3.51429 5.38121
7.00000 1.00000 1.64471 1.88054 2.20131 2.36212 2.55666 2.80578 2.95263 3.13804 3.25619 3.39576 3.46312 3.54409 3.59427 3.65567 3.72168 3.80384 3.87019 3.92064 3.91965 3.88619 3.84918 3.79400 3.64237 3.52285 5.37812
7.00000 5.00000 1.54798 1.78354 2.10407 2.26482 2.45944 2.70893 2.85636 3.04321 3.16298 3.30596 3.37589 3.46096 3.51425 3.57997 3.65223 3.74371 3.81611 3.87259 3.87318 3.83984 3.80195 3.74492 3.58569 3.46526 5.32929
7.00000 10.00000 1.42131 1.65642 1.97638 2.13686 2.33113 2.58030 2.72759 2.91439 3.03428 3.17763 3.24786 3.33340 3.38704 3.45321 3.52608 3.61835 3.69115 3.74784 3.74835 3.71475 3.67661 3.61925 3.45889 3.33833 5.22145
7.00000 15.00000 1.29323 1.52789 1.84724 2.00741 2.20132 2.44999 2.59696 2.78336 2.90297 3.04589 3.11581 3.20083 3.25401 3.31950 3.39121 3.48130 3.55220 3.60590 3.60474 3.56916 3.52993 3.47141 3.30886 3.18809 5.08721
7.00000 20.00000 1.18886 1.42306 1.74182 1.90171 2.09526 2.34348 2.49011 2.67611 2.79543 2.93791 3.00750 3.09198 3.14471 3.20950 3.28010 3.36814 3.43732 3.48848 3.48600 3.44893 3.40891 3.34966 3.18585 3.06501 4.98091
7.00000 25.00000 1.10206 1.33583 1.65401 1.81358 2.00673 2.25436 2.40058 2.58592 2.70471 2.84619 2.91505 2.99833 3.05011 3.11354 3.18204 3.26667 3.33331 3.38132 3.37757 3.33945 3.29913 3.23985 3.07703 2.95635 4.89125
7.00000 30.00000 1.03231 1.26565 1.58323 1.74248 1.93522 2.18224 2.32800 2.51256 2.63068 2.77089 2.83883 2.92059 2.97119 3.03293 3.09888 3.17944 3.24319 3.28781 3.28281 3.24389 3.20349 3.14448 2.98373 2.86332 4.81819
7.00000 40.00000 0.91397 1.14653 1.46308 1.62176 1.81380 2.05982 2.20485 2.38829 2.50550 2.64405 2.71076 2.79049 2.83951 2.89893 2.96135 3.03615 3.09573 3.13531 3.12832 3.08790 3.04719 2.98830 2.82975 2.70965 4.69823
7.00000 50.00000 0.82446 1.05628 1.37182 1.53000 1.72136 1.96642 2.11070 2.29299 2.40919 2.54589 2.61124 2.68872 2.73596 2.79286 2.85147 2.92020 2.97555 3.01030 3.00163 2.96025 2.91959 2.86134 2.70627 2.58660 4.60496
7.00000 60.00000 0.76649 0.99764 1.31227 1.46996 1.66068 1.90483 2.04842 2.22960 2.34482 2.47968 2.54368 2.61891 2.66442 2.71880 2.77362 2.83640 2.88759 2.91763 2.90732 2.86501 2.82442 2.76678 2.61505 2.49579 4.53270
7.00000 70.00000 0.74471 0.97519 1.28886 1.44603 1.63605 1.87904 2.02166 2.20113 2.31476 2.44649 2.50818 2.57962 2.62221 2.67247 2.72120 2.77458 2.81940 2.84253 2.82999 2.78660 2.74630 2.68980 2.54354 2.42494 4.48424
7.00000 80.00000 0.73214 0.96203 1.27493 1.43164 1.62111 1.86325 2.00522 2.18358 2.29622 2.42602 2.48627 2.55534 2.59606 2.64366 2.68840 2.73547 2.77589 2.79393 2.77952 2.73488 2.69439 2.63822 2.49449 2.37624 4.45103
7.00000 90.00000 0.72216 0.95150 1.26366 1.41997 1.60891 1.85024 1.99156 2.16882 2.28044 2.40833 2.46713 2.53378 2.57264 2.61758 2.65833 2.69920 2.73535 2.74860 2.73250 2.68685 2.64636 2.59065 2.44976 2.33186 4.42111
7.00000 100.00000 0.71175 0.94059 1.25206 1.40801 1.59647 1.83709 1.97784 2.15413 2.26488 2.39102 2.44852 2.51302 2.55018 2.59274 2.62990 2.66519 2.69748 2.70640 2.68879 2.64222 2.60170 2.54641 2.40800 2.29040 4.39414
7.00000 110.00000 0.70150 0.92988 1.24072 1.39633 1.58434 1.82427 1.96444 2.13976 2.24961 2.37396 2.43013 2.49242 2.52786 2.56796 2.60148 2.63113 2.65960 2.66433 2.64531 2.59794 2.55748 2.50271 2.36697 2.24969 4.37130
7.00000 120.00000 0.69306 0.92099 1.23123 1.38651 1.57408 1.81329 1.95289 2.12719 2.23607 2.35854 2.41324 2.47316 2.50676 2.54428 2.57398 2.59788 2.62252 2.62323 2.60296 2.55509 2.51488 2.46084 2.32830 2.21133 4.34851
7.00000 130.00000 0.67738 0.90492 1.21460 1.36957 1.55673 1.79532 1.93438 2.10774 2.21573 2.33642 2.38980 2.44752 2.47942 2.51453 2.54076 2.55941 2.58068 2.57797 2.55676 2.50871 2.46889 2.41572 2.28647 2.16988 4.32430
7.00000 140.00000 0.66018 0.88735 1.19653 1.35125 1.53804 1.77606 1.91464 2.08716 2.19435 2.31342 2.36560 2.42133 2.45169 2.48462 2.50764 2.52155 2.53973 2.53392 2.51186 2.46365 2.42418 2.37178 2.24547 2.12922 4.30077
7.00000 150.00000 0.64666 0.87346 1.18213 1.33652 1.52292 1.76026 1.89824 2.06962 2.17571 2.29258 2.34309 2.39612 2.42443 2.45451 2.47346 2.48143 2.49598 2.48680 2.46401 2.41604 2.37727 2.32613 2.20401 2.08817 4.28041
7.00000 175.00000 0.61214 0.83813 1.14568 1.29946 1.48491 1.72070 1.85730 2.02607 2.12958 2.24125 2.28789 2.33460 2.35812 2.38160 2.39116 2.38581 2.39238 2.37626 2.35231 2.30541 2.26859 2.22059 2.10842 1.99353 4.23029
7.00000 200.00000 0.57538 0.80075 1.10741 1.26068 1.44544 1.68002 1.81552 1.98217 2.08358 2.19097 2.23437 2.27584 2.29535 2.31337 2.31513 2.29883 2.29890 2.27721 2.25229 2.20631 2.17099 2.12551 2.02105 1.90689 4.18233
7.00000 250.00000 0.50400 0.72850 1.03394 1.18648 1.37019 1.60285 1.73653 1.89959 1.99733 2.09715 2.13480 2.16695 2.17946 2.18786 2.17629 2.14180 2.13161 2.10203 2.07650 2.03315 2.00104 1.96037 1.86964 1.75670 4.09561
7.00000 300.00000 0.45582 0.67978 0.98435 1.13631 1.31909 1.54978 1.68143 1.84026 1.93359 2.02432 2.05521 2.07664 2.08124 2.07910 2.05336 2.00078 1.98140 1.94648 1.92189 1.88306 1.85509 1.82014 1.74403 1.63229 4.02494
7.00000 350.00000 0.41653 0.64023 0.94426 1.09575 1.27767 1.50644 1.63592 1.79011 1.87857 1.95937 1.98298 1.99306 1.98949 1.97669 1.93715 1.86810 1.84135 1.80385 1.78149 1.74835 1.72498 1.69592 1.63368 1.52300 3.96072
7.00000 400.00000 0.37811 0.60184 0.90569 1.05692 1.23821 1.46530 1.59282 1.74267 1.82650 1.89788 1.91465 1.91423 1.90323 1.88093 1.82946 1.74703 1.71500 1.67690 1.65723 1.62966 1.61047 1.58660 1.53575 1.42587 3.90305
7.00000 450.00000 0.33376 0.55778 0.86190 1.01309 1.19409 1.42007 1.54613 1.69250 1.77252 1.83609 1.84721 1.83816 1.82110 1.79116 1.73031 1.63779 1.60208 1.56416 1.54682 1.52372 1.50781 1.48789 1.44544 1.33612 3.84909
7.00000 500.00000 0.29624 0.52076 0.82530 0.97653 1.15725 1.38202 1.50643 1.64891 1.72473 1.77976 1.78480 1.76667 1.74338 1.70577 1.63583 1.53430 1.49595 1.45959 1.44514 1.42697 1.41443 1.39847 1.36391 1.25509 3.79843
7.00000 600.00000 0.23986 0.46578 0.77150 0.92281 1.10284 1.32456 1.44477 1.57756 1.64309 1.67793 1.66904 1.63076 1.59411 1.54066 1.45303 1.33612 1.29515 1.26537 1.25804 1.25059 1.24489 1.23656 1.21598 1.10794 3.70882
7.00000 700.00000 0.17280 0.40088 0.70879 0.86069 1.04068 1.26027 1.37709 1.50156 1.55816 1.57562 1.55501 1.50027 1.45307 1.38754 1.28724 1.16082 1.11949 1.09610 1.09427 1.09458 1.09357 1.09028 1.07836 0.97077 3.62178
7.00000 800.00000 0.12710 0.35770 0.66796 0.82035 0.99989 1.21619 1.32825 1.44175 1.48700 1.48334 1.44908 1.37597 1.31754 1.23984 1.12801 0.99535 0.95633 0.94238 0.94709 0.95566 0.95930 0.96075 0.95612 0.84885 3.54545
7.00000 1000.00000 0.01229 0.24971 0.56686 0.72123 0.90106 1.11237 1.21613 1.30998 1.33509 1.29508 1.23837 1.13647 1.06156 0.96718 0.84154 0.70540 0.67304 0.67478 0.68870 0.70789 0.71710 0.72390 0.72684 0.61987 3.41008
7.00000 1200.00000 -0.08292 0.16294 0.48820 0.64472 0.82441 1.02881 1.12201 1.19193 1.19363 1.11364 1.03358 0.90357 0.81356 0.70505 0.56937 0.43367 0.40856 0.42364 0.44428 0.47043 0.48292 0.49268 0.49929 0.39243 3.26700
7.00000 1500.00000 -0.22729 0.03464 0.37535 0.53605 0.71598 0.90933 0.98548 1.01772 0.98386 0.84638 0.73483 0.56918 0.46141 0.33757 0.19290 0.06090 0.04457 0.07249 0.09847 0.12918 0.14346 0.15463 0.16285 0.05605 3.07398
7.50000 0.00000 1.90964 2.11857 2.40176 2.54222 2.71070 2.92295 3.04409 3.19576 3.29355 3.41267 3.47347 3.55019 3.59944 3.66074 3.72752 3.81149 3.87953 3.93281 3.93349 3.90215 3.86641 3.81263 3.66393 3.54465 5.53983
7.50000 1.00000 1.89542 2.10433 2.38757 2.52813 2.69677 2.90942 3.03103 3.18370 3.28259 3.40385 3.46625 3.54555 3.59673 3.66071 3.73134 3.82093 3.89247 3.94889 3.95011 3.91819 3.88146 3.82601 3.67139 3.55144 5.53639
7.50000 5.00000 1.81635 2.02503 2.30806 2.44856 2.61720 2.83014 2.95218 3.10594 3.20602 3.32983 3.39413 3.47645 3.52992 3.59710 3.67236 3.76894 3.84511 3.90633 3.90894 3.87742 3.84021 3.78359 3.62369 3.50306 5.49622
7.50000 10.00000 1.69902 1.90736 2.18999 2.33035 2.49888 2.71178 2.83398 2.98825 3.08898 3.21419 3.27953 3.36350 3.41817 3.48700 3.56462 3.66453 3.74265 3.80534 3.80792 3.77550 3.73730 3.67916 3.51417 3.39294 5.40272
7.50000 15.00000 1.59493 1.80291 2.08511 2.22524 2.39353 2.60620 2.72829 2.88252 2.98331 3.10873 3.17419 3.25832 3.31310 3.38203 3.45960 3.55911 3.63655 3.69757 3.69893 3.66473 3.62534 3.56580 3.39720 3.27564 5.29738
7.50000 20.00000 1.50824 1.71586 1.99758 2.13748 2.30550 2.51781 2.63965 2.79359 2.89418 3.01922 3.08440 3.16804 3.22239 3.29066 3.36718 3.46479 3.54062 3.59929 3.59942 3.56386 3.52380 3.46359 3.29390 3.17223 5.21095
7.50000 25.00000 1.43586 1.64313 1.92440 2.06405 2.23177 2.44367 2.56521 2.71871 2.81892 2.94325 3.00791 3.09063 3.14426 3.21146 3.28634 3.38116 3.45487 3.51077 3.50969 3.47305 3.43260 3.37216 3.20292 3.08135 5.13976
7.50000 30.00000 1.37369 1.58063 1.86142 2.00083 2.16826 2.37970 2.50096 2.65395 2.75373 2.87722 2.94124 3.02291 3.07569 3.14167 3.21465 3.30640 3.37786 3.43104 3.42888 3.39141 3.35078 3.29047 3.12253 3.00117 5.07897
7.50000 40.00000 1.27123 1.47754 1.75749 1.89647 2.06333 2.27399 2.39463 2.54672 2.64566 2.76758 2.83039 2.91005 2.96124 3.02490 3.09437 3.18042 3.24778 3.29613 3.29222 3.25366 3.21302 3.15320 2.98857 2.86764 4.98069
7.50000 50.00000 1.19615 1.40184 1.68097 1.81951 1.98582 2.19567 2.31564 2.46663 2.56458 2.68454 2.74586 2.82301 2.87224 2.93311 2.99834 3.07770 3.14042 3.18357 3.17794 3.13858 3.09817 3.03935 2.87946 2.75911 4.90475
7.50000 60.00000 1.14488 1.35002 1.62846 1.76660 1.93241 2.14153 2.26095 2.41097 2.50803 2.62622 2.68620 2.76112 2.80858 2.86691 2.92833 3.00165 3.06018 3.09863 3.09144 3.05132 3.01112 2.95312 2.79729 2.67744 4.84236
7.50000 70.00000 1.12706 1.33167 1.60936 1.74709 1.91234 2.12052 2.23916 2.38774 2.48340 2.59876 2.65660 2.72801 2.77273 2.82719 2.88283 2.94718 2.99957 3.03131 3.02193 2.98080 2.94092 2.88411 2.73398 2.61483 4.79994
7.50000 80.00000 1.11655 1.32071 1.59777 1.73516 1.89998 2.10751 2.22561 2.37323 2.46801 2.58156 2.63804 2.70710 2.75000 2.80184 2.85355 2.91166 2.95967 2.98639 2.97520 2.93292 2.89297 2.83661 2.68945 2.57068 4.76941
7.50000 90.00000 1.10846 1.31220 1.58868 1.72577 1.89018 2.09708 2.21466 2.36134 2.45524 2.56694 2.62200 2.68870 2.72977 2.77896 2.82671 2.87864 2.92238 2.94432 2.93148 2.88827 2.84838 2.79262 2.64869 2.53031 4.74190
7.50000 100.00000 1.10098 1.30435 1.58029 1.71712 1.88115 2.08746 2.20455 2.35035 2.44338 2.55332 2.60702 2.67144 2.71072 2.75738 2.80134 2.84738 2.88710 2.90462 2.89033 2.84637 2.80662 2.75151 2.61084 2.49285 4.71673
7.50000 110.00000 1.09309 1.29606 1.57156 1.70811 1.87178 2.07751 2.19409 2.33897 2.43107 2.53911 2.59134 2.65337 2.69076 2.73473 2.77473 2.81469 2.85035 2.86351 2.84783 2.80330 2.76379 2.70949 2.57236 2.45476 4.69424
7.50000 120.00000 1.08561 1.28826 1.56330 1.69961 1.86295 2.06813 2.18424 2.32823 2.41944 2.52566 2.57647 2.63613 2.67169 2.71309 2.74927 2.78343 2.81523 2.82435 2.80747 2.76251 2.72332 2.66985 2.53624 2.41905 4.67331
7.50000 130.00000 1.07027 1.27263 1.54726 1.68336 1.84642 2.05115 2.16686 2.31010 2.40058 2.50522 2.55481 2.61245 2.64643 2.68559 2.71849 2.74770 2.77628 2.78215 2.76436 2.71925 2.68046 2.62788 2.49762 2.38078 4.65318
7.50000 140.00000 1.05404 1.25614 1.53044 1.66633 1.82913 2.03343 2.14876 2.29127 2.38101 2.48412 2.53254 2.58819 2.62063 2.65760 2.68731 2.71175 2.73726 2.74007 2.72150 2.67631 2.63799 2.58630 2.45934 2.34286 4.63357
7.50000 150.00000 1.03979 1.24164 1.51557 1.65125 1.81376 2.01754 2.13240 2.27397 2.36272 2.46384 2.51071 2.56383 2.59432 2.62860 2.65444 2.67323 2.69526 2.69490 2.67568 2.63084 2.59328 2.54292 2.42039 2.30435 4.61664
7.50000 175.00000 1.00536 1.20667 1.47985 1.61512 1.77698 1.97962 2.09340 2.23280 2.31931 2.41573 2.45897 2.50618 2.53216 2.56019 2.57707 2.58307 2.59734 2.59019 2.56981 2.52604 2.49037 2.44317 2.33066 2.21560 4.57470
7.50000 200.00000 0.96463 1.16558 1.43826 1.57326 1.73472 1.93664 2.04970 2.18763 2.27258 2.36557 2.40620 2.44898 2.47160 2.49491 2.50507 2.50147 2.50995 2.49771 2.47641 2.43338 2.39909 2.35414 2.24877 2.13441 4.53388
7.50000 250.00000 0.90172 1.10221 1.37423 1.50877 1.66951 1.86996 1.98141 2.11589 2.19709 2.28207 2.31650 2.34928 2.36436 2.37738 2.37327 2.35038 2.34818 2.32827 2.30685 2.26751 2.23720 2.19811 2.10904 1.99612 4.46064
7.50000 300.00000 0.85987 1.06020 1.33184 1.46605 1.62614 1.82497 1.93456 2.06485 2.14150 2.21690 2.24416 2.26549 2.27217 2.27402 2.25492 2.21314 2.20158 2.17673 2.15683 2.12295 2.09748 2.06489 1.99232 1.88076 4.40072
7.50000 350.00000 0.81836 1.01881 1.29047 1.42452 1.58418 1.78163 1.88950 2.01581 2.08805 2.15422 2.17462 2.18524 2.18415 2.17593 2.14383 2.08660 2.06829 2.04146 2.02400 1.99597 1.97514 1.94847 1.88974 1.77922 4.34555
7.50000 400.00000 0.78132 0.98214 1.25408 1.38810 1.54740 1.74356 1.84971 1.97188 2.03956 2.09625 2.10974 2.10975 2.10116 2.08339 2.03938 1.96904 1.94579 1.91903 1.90467 1.88272 1.86635 1.84516 1.79836 1.68867 4.29491
7.50000 450.00000 0.74006 0.94148 1.21403 1.34819 1.50735 1.70253 1.80718 1.92565 1.98917 2.03723 2.04448 2.03503 2.01987 1.99390 1.93998 1.85939 1.83281 1.80724 1.79588 1.77930 1.76671 1.75003 1.71255 1.60346 4.24510
7.50000 500.00000 0.70187 0.90406 1.17741 1.31177 1.47090 1.66510 1.76820 1.88279 1.94200 1.98123 1.98219 1.96340 1.94190 1.90817 1.84524 1.75604 1.72729 1.70401 1.69592 1.68465 1.67563 1.66304 1.63357 1.52500 4.19838
7.50000 600.00000 0.64004 0.84418 1.11943 1.25423 1.41307 1.60472 1.70393 1.80908 1.85805 1.87705 1.86410 1.82533 1.79072 1.74161 1.66187 1.55886 1.52855 1.51298 1.51232 1.51194 1.50973 1.50466 1.48867 1.38083 4.11571
7.50000 700.00000 0.57640 0.78312 1.06106 1.19666 1.35565 1.54524 1.64086 1.73716 1.77655 1.77701 1.75167 1.69572 1.65026 1.58900 1.49692 1.38552 1.35589 1.34801 1.35337 1.36115 1.36374 1.36377 1.35620 1.24877 4.03537
7.50000 800.00000 0.53070 0.74032 1.02102 1.15727 1.31592 1.50217 1.59287 1.67759 1.70506 1.68347 1.64410 1.56958 1.51306 1.44010 1.33745 1.22160 1.19544 1.19803 1.21020 1.22624 1.23336 1.23784 1.23698 1.12982 3.96307
7.50000 1000.00000 0.41820 0.63522 0.92340 1.06183 1.22081 1.40174 1.48353 1.54729 1.55343 1.49395 1.43160 1.32839 1.25589 1.16737 1.05292 0.93646 0.91836 0.93734 0.95851 0.98450 0.99666 1.00590 1.01145 0.90455 3.84044
7.50000 1200.00000 0.33505 0.56085 0.85736 0.99785 1.15640 1.32952 1.39974 1.43774 1.41906 1.31806 1.23217 1.10141 1.01469 0.91348 0.79112 0.67750 0.66749 0.69962 0.72693 0.75890 0.77373 0.78526 0.79352 0.68671 3.70885
7.50000 1500.00000 0.20481 0.44688 0.75863 0.90294 1.06094 1.22123 1.27273 1.27040 1.21454 1.05526 0.93855 0.77434 0.67182 0.55803 0.43001 0.32326 0.32273 0.36692 0.39855 0.43372 0.44958 0.46183 0.47087 0.36407 3.53122
7.80000 0.00000 2.02574 2.21873 2.47980 2.60846 2.76201 2.95377 3.06130 3.19639 3.28537 3.39754 3.45742 3.53543 3.58653 3.65086 3.72227 3.81325 3.88585 3.94368 3.94554 3.91425 3.87780 3.82257 3.66809 3.54812 5.61731
7.80000 1.00000 2.01069 2.20367 2.46481 2.59354 2.74723 2.93936 3.04730 3.18329 3.27321 3.38736 3.44866 3.52896 3.58179 3.64855 3.72345 3.81961 3.89550 3.95640 3.95886 3.92719 3.88988 3.83316 3.67317 3.55256 5.61222
7.80000 5.00000 1.93427 2.12706 2.38804 2.51674 2.67050 2.86298 2.97139 3.10850 3.19965 3.31634 3.37955 3.46288 3.51805 3.58802 3.66766 3.77104 3.85178 3.91783 3.92188 3.89076 3.85303 3.79514 3.62957 3.50824 5.57423
7.80000 10.00000 1.83121 2.02371 2.28438 2.41291 2.56658 2.75903 2.86757 3.00510 3.09677 3.21456 3.27855 3.36317 3.41928 3.49052 3.57198 3.67796 3.76024 3.82749 3.83154 3.79976 3.76128 3.70222 3.53254 3.41070 5.49287
7.80000 15.00000 1.73548 1.92769 2.18799 2.31643 2.46990 2.66224 2.77077 2.90848 3.00037 3.11867 3.18304 3.26822 3.32468 3.39640 3.47840 3.58490 3.66715 3.73349 3.73658 3.70310 3.66338 3.60273 3.42852 3.30620 5.40155
7.80000 20.00000 1.65643 1.84833 2.10826 2.23649 2.38977 2.58186 2.69026 2.82780 2.91961 3.03775 3.10198 3.18687 3.24308 3.31441 3.39574 3.50094 3.58203 3.64649 3.64851 3.61378 3.57335 3.51194 3.33618 3.21372 5.32660
7.80000 25.00000 1.59003 1.78165 2.04120 2.16924 2.32231 2.51407 2.62226 2.75949 2.85104 2.96869 3.03253 3.11673 3.17239 3.24289 3.32292 3.42588 3.50523 3.56733 3.56829 3.53254 3.49170 3.43003 3.25439 3.13195 5.26420
7.80000 30.00000 1.53471 1.72604 1.98520 2.11304 2.26585 2.45727 2.56518 2.70200 2.79317 2.91003 2.97328 3.05646 3.11132 3.18066 3.25887 3.35887 3.43602 3.49550 3.49542 3.45896 3.41800 3.35648 3.18238 3.06018 5.21159
7.80000 40.00000 1.43921 1.63000 1.88847 2.01596 2.16831 2.35909 2.46655 2.60257 2.69304 2.80849 2.87065 2.95197 3.00534 3.07251 3.14741 3.24201 3.31523 3.37004 3.36825 3.33066 3.28967 3.22865 3.05784 2.93609 5.12272
7.80000 50.00000 1.36620 1.55649 1.81433 1.94147 2.09341 2.28359 2.39058 2.52580 2.61555 2.72952 2.79051 2.86987 2.92167 2.98658 3.05802 3.14702 3.21629 3.26646 3.26305 3.22455 3.18365 3.12334 2.95629 2.83502 5.05281
7.80000 60.00000 1.31694 1.50681 1.76405 1.89090 2.04245 2.23205 2.33856 2.47305 2.56202 2.67447 2.73426 2.81159 2.86177 2.92435 2.99225 3.07557 3.14081 3.18640 3.18140 3.14206 3.10130 3.04173 2.87857 2.75779 4.99685
7.80000 70.00000 1.30049 1.48991 1.74656 1.87307 2.02416 2.21301 2.31888 2.45213 2.53989 2.64979 2.70764 2.78174 2.82940 2.88837 2.95084 3.02562 3.08491 3.12383 3.11656 3.07606 3.03552 2.97703 2.81947 2.69939 4.95746
7.80000 80.00000 1.29124 1.48030 1.73643 1.86268 2.01342 2.20172 2.30712 2.43952 2.52641 2.63455 2.69101 2.76276 2.80859 2.86489 2.92336 2.99176 3.04655 3.08029 3.07117 3.02955 2.98900 2.93108 2.77699 2.65737 4.92781
7.80000 90.00000 1.28337 1.47209 1.72778 1.85379 2.00422 2.19201 2.29698 2.42855 2.51466 2.62109 2.67619 2.74569 2.78973 2.84349 2.89810 2.96040 3.01093 3.03984 3.02902 2.98643 2.94592 2.88860 2.73792 2.61871 4.90104
7.80000 100.00000 1.27511 1.46351 1.71882 1.84461 1.99476 2.18211 2.28670 2.41755 2.50293 2.60779 2.66169 2.72912 2.77152 2.82293 2.87400 2.93072 2.97737 3.00190 2.98958 2.94614 2.90569 2.84896 2.70138 2.58257 4.87613
7.80000 110.00000 1.26697 1.45511 1.71005 1.83563 1.98550 2.17240 2.27657 2.40663 2.49118 2.59428 2.64680 2.71191 2.75250 2.80131 2.84852 2.89923 2.94179 2.96185 2.94809 2.90400 2.86378 2.80783 2.66396 2.54556 4.85438
7.80000 120.00000 1.25817 1.44604 1.70065 1.82608 1.97570 2.16220 2.26601 2.39536 2.47914 2.58065 2.63192 2.69489 2.73381 2.78026 2.82391 2.86916 2.90801 2.92409 2.90906 2.86444 2.82448 2.76930 2.62882 2.51084 4.83409
7.80000 130.00000 1.24312 1.43080 1.68513 1.81039 1.95980 2.14595 2.24944 2.37815 2.46125 2.56129 2.61137 2.67238 2.70977 2.75402 2.79443 2.83472 2.87031 2.88301 2.86704 2.82224 2.78267 2.72841 2.59151 2.47391 4.81605
7.80000 140.00000 1.22776 1.41523 1.66930 1.79443 1.94365 2.12945 2.23262 2.36068 2.44309 2.54158 2.59048 2.64949 2.68530 2.72733 2.76447 2.79983 2.83220 2.84171 2.82491 2.78006 2.74100 2.68774 2.55457 2.43736 4.79872
7.80000 150.00000 1.21418 1.40149 1.65529 1.78026 1.92926 2.11465 2.21741 2.34460 2.42611 2.52270 2.57010 2.62662 2.66051 2.69986 2.73312 2.76276 2.79153 2.79770 2.78019 2.73566 2.69739 2.64551 2.51707 2.40037 4.78388
7.80000 175.00000 1.17959 1.36653 1.61988 1.74454 1.89310 2.07764 2.17953 2.30487 2.38438 2.47662 2.52065 2.57156 2.60115 2.63450 2.65908 2.67613 2.69717 2.69635 2.67754 2.63398 2.59758 2.54887 2.43085 2.31517 4.74631
7.80000 200.00000 1.14173 1.32847 1.58153 1.70604 1.85434 2.03832 2.13960 2.26356 2.34154 2.43034 2.47163 2.51800 2.54409 2.57253 2.59008 2.59701 2.61187 2.60561 2.58584 2.54313 2.50827 2.46209 2.35214 2.23727 4.70903
7.80000 250.00000 1.08140 1.26798 1.52076 1.64504 1.79288 1.97568 2.07556 2.19626 2.27053 2.35126 2.38629 2.42243 2.44077 2.45866 2.46151 2.44845 2.45225 2.43817 2.41854 2.38008 2.34972 2.31009 2.21853 2.10533 4.64715
7.80000 300.00000 1.03685 1.22356 1.47639 1.60057 1.74805 1.92971 2.02807 2.14511 2.21523 2.28701 2.31522 2.34046 2.35074 2.35782 2.34612 2.31444 2.30889 2.28977 2.27154 2.23855 2.21306 2.18004 2.10549 1.99372 4.59008
7.80000 350.00000 0.99530 1.18240 1.43560 1.55984 1.70712 1.88777 1.98467 2.09806 2.16402 2.22685 2.24836 2.26305 2.26566 2.26272 2.23801 2.19076 2.17832 2.15708 2.14134 2.11434 2.09364 2.06681 2.00685 1.89621 4.54041
7.80000 400.00000 0.95765 1.14536 1.39920 1.52357 1.67076 1.85047 1.94588 2.05552 2.11716 2.17089 2.18569 2.19000 2.18526 2.17292 2.13642 2.07611 2.05869 2.03755 2.02498 2.00422 1.98814 1.96698 1.91952 1.80975 4.49552
7.80000 450.00000 0.91728 1.10580 1.36054 1.48521 1.63248 1.81147 1.90555 2.01165 2.06924 2.11442 2.12298 2.11779 2.10644 2.08580 2.03923 1.96841 1.94754 1.92757 1.91809 1.90290 1.89077 1.87431 1.83667 1.72756 4.45019
7.80000 500.00000 0.88191 1.07142 1.32723 1.45220 1.59956 1.77772 1.87031 1.97254 2.02572 2.06179 2.06384 2.04896 2.03098 2.00225 1.94621 1.86625 1.84300 1.82531 1.81922 1.80961 1.80121 1.78908 1.75997 1.65138 4.40903
7.80000 600.00000 0.82373 1.01553 1.27367 1.39934 1.54663 1.72249 1.81127 1.90403 1.94681 1.96220 1.95001 1.91469 1.88335 1.83897 1.76590 1.67225 1.64786 1.63879 1.64074 1.64278 1.64163 1.63746 1.62261 1.51481 4.33079
7.80000 700.00000 0.75856 0.95328 1.21457 1.34128 1.48898 1.66318 1.74865 1.83286 1.86626 1.86338 1.83896 1.78672 1.74474 1.68845 1.60343 1.50194 1.47854 1.47746 1.48557 1.49583 1.49953 1.50047 1.49403 1.38666 4.25786
7.80000 800.00000 0.71665 0.91451 1.17884 1.30630 1.45378 1.62464 1.70505 1.77733 1.79836 1.77269 1.73381 1.66253 1.60927 1.54112 1.44560 1.34004 1.32051 1.33051 1.34565 1.36444 1.37277 1.37830 1.37859 1.27149 4.19001
7.80000 1000.00000 0.61225 0.81790 1.09005 1.21976 1.36758 1.53278 1.60382 1.65402 1.65270 1.58757 1.52495 1.42433 1.35487 1.27126 1.16435 1.05918 1.04843 1.07556 1.09990 1.12871 1.14204 1.15222 1.15872 1.05184 4.07850
7.80000 1200.00000 0.52695 0.74180 1.02284 1.15490 1.30263 1.46054 1.52043 1.54555 1.52003 1.41463 1.32939 1.20251 1.11970 1.02432 0.91036 0.80836 0.80530 0.84442 0.87419 0.90812 0.92368 0.93576 0.94449 0.83768 3.95400
7.80000 1500.00000 0.40163 0.63299 0.92952 1.06544 1.21261 1.35745 1.39836 1.38278 1.31998 1.15670 1.04122 0.88200 0.78420 0.67722 0.55861 0.46408 0.47034 0.52071 0.55426 0.59077 0.60705 0.61954 0.62876 0.52198 3.78692
8.00000 0.00000 2.09390 2.27654 2.52329 2.64435 2.78835 2.96721 3.06634 3.19151 3.27541 3.38397 3.44353 3.52255 3.57487 3.64112 3.71543 3.81079 3.88626 3.94695 3.94954 3.91826 3.88132 3.82511 3.66668 3.54625 5.66361
8.00000 1.00000 2.07857 2.26120 2.50802 2.62913 2.77327 2.95248 3.05198 3.17798 3.26277 3.37309 3.43399 3.51510 3.56903 3.63750 3.71504 3.81524 3.89381 3.95745 3.96067 3.92907 3.89137 3.83376 3.67012 3.54906 5.65700
8.00000 5.00000 2.00432 2.18678 2.43350 2.55460 2.69883 2.87840 2.97838 3.10550 3.19148 3.30431 3.36704 3.45112 3.50732 3.57896 3.66115 3.76850 3.85194 3.92087 3.92577 3.89489 3.85684 3.79817 3.62905 3.50727 5.62021
8.00000 10.00000 1.91111 2.09332 2.33973 2.46072 2.60486 2.78441 2.88449 3.01196 3.09836 3.21207 3.27546 3.36052 3.41748 3.49009 3.57372 3.68315 3.76785 3.83782 3.84280 3.81151 3.77294 3.71342 3.54120 3.41903 5.54818
8.00000 15.00000 1.81978 2.00174 2.24788 2.36875 2.51280 2.69232 2.79247 2.92022 3.00698 3.12142 3.18531 3.27121 3.32868 3.40208 3.48668 3.59732 3.68248 3.75210 3.75630 3.72340 3.68357 3.62233 3.44491 3.32217 5.46525
8.00000 20.00000 1.74613 1.92784 2.17366 2.29439 2.43825 2.61758 2.71764 2.84530 2.93201 3.04638 3.11018 3.19587 3.25318 3.32627 3.41035 3.51991 3.60407 3.67204 3.67529 3.64122 3.60069 3.53874 3.35966 3.23675 5.39769
8.00000 25.00000 1.68522 1.86666 2.11216 2.23272 2.37640 2.55545 2.65531 2.78269 2.86915 2.98299 3.04639 3.13136 3.18809 3.26029 3.34305 3.45031 3.53271 3.59837 3.60061 3.56564 3.52482 3.46270 3.28413 3.16128 5.34158
8.00000 30.00000 1.63257 1.81376 2.05893 2.17933 2.32278 2.50156 2.60124 2.72831 2.81447 2.92771 2.99064 3.07479 3.13086 3.20212 3.28336 3.38812 3.46867 3.53202 3.53333 3.49766 3.45668 3.39466 3.21720 3.09452 5.29355
8.00000 40.00000 1.54169 1.72241 1.96699 2.08708 2.23017 2.40840 2.50769 2.63406 2.71961 2.83153 2.89343 2.97581 3.03047 3.09966 3.17771 3.27728 3.35403 3.41285 3.41245 3.37572 3.33469 3.27313 3.09897 2.97675 5.21081
8.00000 50.00000 1.47033 1.65064 1.89469 2.01452 2.15728 2.33506 2.43399 2.55977 2.64473 2.75547 2.81641 2.89715 2.95048 3.01775 3.09283 3.18753 3.26078 3.31544 3.31353 3.27584 3.23480 3.17375 3.00272 2.88091 5.14498
8.00000 60.00000 1.42221 1.60217 1.84573 1.96531 2.10776 2.28506 2.38362 2.50874 2.59307 2.70243 2.76227 2.84115 2.89299 2.95810 3.02987 3.11924 3.18862 3.23885 3.23532 3.19676 3.15579 3.09543 2.92803 2.80668 5.09357
8.00000 70.00000 1.40745 1.58703 1.83009 1.94939 2.09144 2.26809 2.36607 2.49008 2.57325 2.68021 2.73819 2.81397 2.86336 2.92496 2.99146 3.07244 3.13597 3.17948 3.17371 3.13390 3.09314 3.03384 2.87213 2.75150 5.05587
8.00000 80.00000 1.39868 1.57796 1.82060 1.93969 2.08145 2.25763 2.35520 2.47840 2.56078 2.66604 2.72268 2.79614 2.84373 2.90272 2.96523 3.03988 3.09889 3.13719 3.12953 3.08858 3.04781 2.98910 2.83101 2.71086 5.02699
8.00000 90.00000 1.39019 1.56917 1.81147 1.93035 2.07186 2.24764 2.34484 2.46738 2.54904 2.65271 2.70812 2.77948 2.82539 2.88197 2.94083 3.00964 3.06453 3.09808 3.08871 3.04674 3.00596 2.94779 2.79296 2.67323 5.00038
8.00000 100.00000 1.38224 1.56099 1.80296 1.92169 2.06297 2.23838 2.33526 2.45712 2.53811 2.64029 2.69449 2.76381 2.80811 2.86236 2.91771 2.98094 3.03193 3.06104 3.05014 3.00731 2.96659 2.90902 2.75745 2.63813 4.97603
8.00000 110.00000 1.37302 1.55156 1.79326 1.91182 2.05289 2.22794 2.32449 2.44566 2.52592 2.62652 2.67944 2.74662 2.78924 2.84106 2.89278 2.95029 2.99734 3.02208 3.00972 2.96617 2.92564 2.86879 2.72077 2.60186 4.95471
8.00000 120.00000 1.36429 1.54265 1.78410 1.90253 2.04341 2.21813 2.31436 2.43491 2.51444 2.61347 2.66518 2.73027 2.77123 2.82070 2.86889 2.92092 2.96422 2.98489 2.97123 2.92712 2.88682 2.83075 2.68627 2.56778 4.93489
8.00000 130.00000 1.34978 1.52800 1.76923 1.88753 2.02826 2.20269 2.29862 2.41858 2.49745 2.59503 2.64555 2.70867 2.74808 2.79534 2.84025 2.88723 2.92718 2.94438 2.92975 2.88544 2.84560 2.79050 2.64983 2.53177 4.91839
8.00000 140.00000 1.33459 1.51265 1.75370 1.87192 2.01249 2.18665 2.28231 2.40165 2.47987 2.57600 2.62535 2.68650 2.72436 2.76944 2.81108 2.85315 2.88985 2.90378 2.88829 2.84394 2.80460 2.75051 2.61371 2.49608 4.90249
8.00000 150.00000 1.32282 1.50074 1.74159 1.85968 2.00006 2.17385 2.26912 2.38764 2.46492 2.55904 2.60685 2.66541 2.70127 2.74355 2.78113 2.81717 2.85009 2.86047 2.84423 2.80021 2.76172 2.70916 2.57756 2.46047 4.88927
8.00000 175.00000 1.28570 1.46341 1.70398 1.82189 1.96198 2.13516 2.22974 2.34669 2.42225 2.51251 2.55726 2.61070 2.64259 2.67929 2.70878 2.73293 2.75841 2.76195 2.74434 2.70110 2.66435 2.61480 2.49328 2.37723 4.85413
8.00000 200.00000 1.25089 1.42850 1.66893 1.78675 1.92666 2.09936 2.19338 2.30894 2.38292 2.46958 2.51146 2.56011 2.58832 2.61987 2.64193 2.65536 2.67428 2.67201 2.65338 2.61111 2.57603 2.52924 2.41666 2.30150 4.81941
8.00000 250.00000 1.19438 1.37201 1.61242 1.73012 1.86972 2.04142 2.13410 2.24642 2.31659 2.39490 2.43030 2.46834 2.48851 2.50906 2.51581 2.50839 2.51579 2.50545 2.48709 2.44953 2.41935 2.37967 2.28717 2.17383 4.76344
8.00000 300.00000 1.14601 1.32397 1.56474 1.68252 1.82198 1.99287 2.08430 2.19340 2.25978 2.32972 2.35869 2.38636 2.39887 2.40912 2.40192 2.37653 2.37485 2.35955 2.34257 2.31038 2.28503 2.25193 2.17643 2.06456 4.70997
8.00000 350.00000 1.10397 1.28251 1.52391 1.64187 1.78130 1.95144 2.04157 2.14728 2.20967 2.27095 2.29336 2.31067 2.31562 2.31598 2.29590 2.25503 2.24643 2.22907 2.21460 2.18850 2.16805 2.14126 2.08079 1.97006 4.66483
8.00000 400.00000 1.06650 1.24580 1.48807 1.60628 1.74578 1.91514 2.00392 2.10598 2.16413 2.21636 2.23207 2.23902 2.23661 2.22753 2.19558 2.14152 2.12790 2.11066 2.09946 2.07980 2.06410 2.04317 1.99567 1.88587 4.62287
8.00000 450.00000 1.02846 1.20873 1.45207 1.57066 1.71033 1.87909 1.96657 2.06510 2.11912 2.16260 2.17190 2.16910 2.15987 2.14224 2.09986 2.03485 2.01754 2.00134 1.99329 1.97933 1.96768 1.95161 1.91429 1.80518 4.58189
8.00000 500.00000 0.99337 1.17475 1.41932 1.53836 1.67821 1.84628 1.93236 2.02710 2.07674 2.11112 2.11389 2.10137 2.08550 2.05975 2.00787 1.93372 1.91407 1.90029 1.89573 1.88749 1.87968 1.86805 1.83949 1.73092 4.54309
8.00000 600.00000 0.93784 1.12175 1.36896 1.48876 1.62873 1.79460 1.87687 1.96199 2.00103 2.01428 2.00252 1.96916 1.93968 1.89801 1.82890 1.74105 1.72048 1.71588 1.71972 1.72357 1.72327 1.71987 1.70599 1.59823 4.46775
8.00000 700.00000 0.87180 1.05885 1.30949 1.43049 1.57102 1.73543 1.81449 1.89118 1.92088 1.91592 1.89199 1.84186 1.80188 1.74855 1.66787 1.57281 1.55367 1.55755 1.56773 1.57998 1.58458 1.58631 1.58086 1.47352 4.39974
8.00000 800.00000 0.83268 1.02303 1.27687 1.39869 1.53900 1.69998 1.77382 1.83819 1.85514 1.82675 1.78801 1.71849 1.66708 1.60185 1.51074 1.41200 1.39713 1.41258 1.42998 1.45091 1.46019 1.46654 1.46777 1.36069 4.33482
8.00000 1000.00000 0.73367 0.93204 1.19392 1.31801 1.45865 1.61372 1.67784 1.71937 1.71328 1.64441 1.58153 1.48229 1.41468 1.33407 1.23190 1.13416 1.12834 1.16101 1.18753 1.21829 1.23242 1.24326 1.25041 1.14351 4.23065
8.00000 1200.00000 0.64718 0.85499 1.12606 1.25268 1.39338 1.54139 1.59449 1.61123 1.58128 1.47293 1.38795 1.26342 1.18303 1.09138 0.98289 0.88868 0.89035 0.93432 0.96580 1.00113 1.01720 1.02965 1.03871 0.93191 4.11083
8.00000 1500.00000 0.52585 0.75025 1.03679 1.16716 1.30708 1.44153 1.47517 1.45046 1.38281 1.21648 1.10159 0.94545 0.85069 0.74820 0.63595 0.54989 0.56094 0.61572 0.65067 0.68814 0.70473 0.71742 0.72675 0.61997 3.95069
8.20000 0.00000 2.15839 2.33096 2.56387 2.67759 2.81243 2.97903 3.07027 3.18627 3.26556 3.37077 3.42992 3.50954 3.56272 3.63030 3.70668 3.80526 3.88295 3.94610 3.94954 3.91872 3.88174 3.82519 3.66482 3.54412 5.70526
8.20000 1.00000 2.14188 2.31446 2.54743 2.66121 2.79620 2.96312 3.05474 3.17154 3.25167 3.35858 3.41901 3.50066 3.55538 3.62512 3.70462 3.80790 3.88862 3.95469 3.95876 3.92767 3.88994 3.83204 3.66651 3.54520 5.69687
8.20000 5.00000 2.06909 2.24152 2.47445 2.58824 2.72335 2.89067 2.98279 3.10073 3.18207 3.29149 3.35378 3.43839 3.49539 3.56828 3.65246 3.76297 3.84862 3.92006 3.92584 3.89545 3.85735 3.79831 3.62703 3.50493 5.66128
8.20000 10.00000 1.98521 2.15743 2.39010 2.50382 2.63885 2.80618 2.89840 3.01669 3.09843 3.20864 3.27152 3.35705 3.41468 3.48849 3.57395 3.68629 3.77307 3.84545 3.85130 3.82053 3.78196 3.72214 3.54793 3.42547 5.59994
8.20000 15.00000 1.89834 2.07037 2.30283 2.41647 2.55146 2.71884 2.81120 2.92989 3.01209 3.12323 3.18676 3.27328 3.33170 3.40650 3.49331 3.60751 3.69520 3.76776 3.77302 3.74076 3.70089 3.63926 3.45925 3.33612 5.52523
8.20000 20.00000 1.82817 1.99998 2.23219 2.34571 2.48059 2.64786 2.74018 2.85887 2.94111 3.05231 3.11586 3.20239 3.26074 3.33543 3.42201 3.53558 3.62262 3.69392 3.69835 3.66498 3.62442 3.56197 3.37992 3.25657 5.46369
8.20000 25.00000 1.77422 1.94580 2.17772 2.29110 2.42578 2.59282 2.68496 2.80334 2.88529 2.99589 3.05895 3.14464 3.20230 3.27601 3.36104 3.47207 3.55716 3.62602 3.62946 3.59531 3.55457 3.49216 3.31123 3.18803 5.41471
8.20000 30.00000 1.72408 1.89545 2.12712 2.24037 2.37493 2.54173 2.63374 2.75192 2.83367 2.94384 3.00655 3.09162 3.14877 3.22172 3.30557 3.41460 3.49818 3.56510 3.56771 3.53290 3.49195 3.42955 3.24932 3.12624 5.37112
8.20000 40.00000 1.63825 1.80924 2.04041 2.15341 2.28764 2.45403 2.54568 2.66326 2.74443 2.85334 2.91504 2.99839 3.05415 3.12508 3.20581 3.30971 3.38954 3.45198 3.45294 3.41706 3.37610 3.31422 3.13739 3.01477 5.29449
8.20000 50.00000 1.56782 1.73848 1.96924 2.08204 2.21603 2.38210 2.47353 2.59070 2.67147 2.77951 2.84049 2.92256 2.97728 3.04668 3.12503 3.22497 3.30188 3.36076 3.36037 3.32359 3.28254 3.22098 3.04651 2.92421 5.23264
8.20000 60.00000 1.52080 1.69116 1.92153 2.03414 2.16789 2.33357 2.42474 2.54135 2.62158 2.72840 2.78838 2.86874 2.92210 2.98948 3.06475 3.15967 3.23295 3.28757 3.28560 3.24793 3.20692 3.14596 2.97488 2.85302 5.18578
8.20000 70.00000 1.50775 1.67781 1.90778 2.02015 2.15358 2.31873 2.40936 2.52495 2.60411 2.70865 2.76687 2.84423 2.89523 2.95923 3.02937 3.11610 3.18357 3.23155 3.22727 3.18833 3.14750 3.08758 2.92221 2.80110 5.14979
8.20000 80.00000 1.49951 1.66931 1.89895 2.01116 2.14435 2.30911 2.39939 2.51426 2.59266 2.69553 2.75243 2.82753 2.87674 2.93816 3.00437 3.08477 3.14775 3.19046 3.18433 3.14420 3.10335 3.04404 2.88246 2.76184 5.12167
8.20000 90.00000 1.49034 1.65994 1.88933 2.00138 2.13439 2.29884 2.38882 2.50312 2.58087 2.68234 2.73808 2.81122 2.85885 2.91800 2.98076 3.05559 3.11460 3.15267 3.14482 3.10364 3.06276 3.00394 2.84548 2.72527 5.09518
8.20000 100.00000 1.48276 1.65217 1.88132 1.99326 2.12610 2.29025 2.37994 2.49366 2.57077 2.67075 2.72533 2.79646 2.84250 2.89936 2.95861 3.02789 3.08297 3.11656 3.10714 3.06508 3.02426 2.96605 2.81098 2.69119 5.07139
8.20000 110.00000 1.47251 1.64177 1.87072 1.98255 2.11524 2.27912 2.36854 2.48169 2.55816 2.65671 2.71011 2.77926 2.82373 2.87831 2.93413 2.99798 3.04927 3.07859 3.06773 3.02492 2.98424 2.92670 2.77504 2.65568 5.05050
8.20000 120.00000 1.46386 1.63301 1.86178 1.97352 2.10607 2.26969 2.35885 2.47140 2.54720 2.64425 2.69645 2.76354 2.80639 2.85865 2.91097 2.96933 3.01685 3.04203 3.02982 2.98641 2.94596 2.88921 2.74120 2.62227 5.03114
8.20000 130.00000 1.44991 1.61892 1.84757 1.95923 2.09166 2.25505 2.34396 2.45595 2.53110 2.62670 2.67774 2.74284 2.78413 2.83415 2.88315 2.93639 2.98048 3.00210 2.98889 2.94529 2.90531 2.84958 2.70565 2.58717 5.01619
8.20000 140.00000 1.43489 1.60384 1.83237 1.94397 2.07630 2.23948 2.32817 2.43961 2.51414 2.60834 2.65821 2.72138 2.76115 2.80900 2.85478 2.90308 2.94392 2.96221 2.94811 2.90444 2.86497 2.81028 2.67033 2.55231 5.00165
8.20000 150.00000 1.42488 1.59375 1.82214 1.93365 2.06583 2.22868 2.31697 2.42761 2.50117 2.59331 2.64158 2.70208 2.73977 2.78471 2.82625 2.86825 2.90508 2.91961 2.90471 2.86140 2.82284 2.76977 2.63549 2.51808 4.99010
8.20000 175.00000 1.38535 1.55411 1.78241 1.89385 2.02589 2.18835 2.27614 2.38549 2.45759 2.54627 2.59176 2.64757 2.68161 2.72140 2.75538 2.78620 2.81595 2.82382 2.80752 2.76485 2.72792 2.67771 2.55320 2.43679 4.95742
8.20000 200.00000 1.35357 1.52236 1.75066 1.86207 1.99400 2.15607 2.24333 2.35129 2.42175 2.50667 2.54917 2.59999 2.63015 2.66454 2.69073 2.71022 2.73303 2.73472 2.71735 2.67573 2.64060 2.59340 2.47865 2.36322 4.92526
8.20000 250.00000 1.30089 1.46990 1.69846 1.80988 1.94163 2.10284 2.18883 2.29355 2.36007 2.43636 2.47215 2.51192 2.53374 2.55672 2.56698 2.56476 2.57555 2.56894 2.55196 2.51551 2.48570 2.44621 2.35323 2.23981 4.87472
8.20000 300.00000 1.24810 1.41766 1.64686 1.75853 1.89039 2.05115 2.13618 2.23811 2.30130 2.36992 2.39973 2.42986 2.44446 2.45774 2.45483 2.43557 2.43768 2.42629 2.41067 2.37940 2.35429 2.32122 2.24503 2.13303 4.82534
8.20000 350.00000 1.20637 1.37669 1.60675 1.71873 1.85072 2.01092 2.09478 2.19345 2.25269 2.31273 2.33599 2.35578 2.36287 2.36622 2.35039 2.31551 2.31066 2.29724 2.28423 2.25929 2.23926 2.21270 2.15214 2.04138 4.78467
8.20000 400.00000 1.16921 1.34044 1.57160 1.68395 1.81613 1.97575 2.05835 2.15352 2.20860 2.25964 2.27625 2.28566 2.28538 2.27929 2.25156 2.20341 2.19350 2.18025 2.17055 2.15220 2.13702 2.11649 2.06926 1.95946 4.74566
8.20000 450.00000 1.13361 1.30594 1.53836 1.65118 1.78360 1.94268 2.02399 2.11555 2.16638 2.20837 2.21835 2.21768 2.21033 2.19539 2.15683 2.09728 2.08350 2.07128 2.06484 2.05240 2.04143 2.02595 1.98933 1.88024 4.70900
8.20000 500.00000 1.09891 1.27252 1.50632 1.61964 1.75236 1.91087 1.99083 2.07862 2.12504 2.15785 2.16125 2.15076 2.13672 2.11360 2.06550 1.99685 1.98082 1.97126 1.96846 1.96195 1.95494 1.94402 1.91640 1.80787 4.67256
8.20000 600.00000 1.04632 1.22266 1.45937 1.57358 1.70648 1.86281 1.93889 2.01679 2.05226 2.06331 2.05177 2.01996 1.99206 1.95281 1.88742 1.80546 1.78910 1.78976 1.79595 1.80221 1.80305 1.80069 1.78824 1.68054 4.60017
8.20000 700.00000 0.97980 1.15950 1.39989 1.51542 1.64906 1.80403 1.87696 1.94642 1.97252 1.96529 1.94158 1.89306 1.85475 1.80401 1.72736 1.63868 1.62404 1.63345 1.64604 1.66066 1.66637 1.66910 1.66488 1.55758 4.53700
8.20000 800.00000 0.94369 1.12681 1.37055 1.48691 1.62027 1.77168 1.83915 1.89577 1.90863 1.87721 1.83831 1.77004 1.72018 1.65754 1.57068 1.47895 1.46902 1.49051 1.51051 1.53394 1.54435 1.55165 1.55403 1.44699 4.47506
8.20000 1000.00000 0.85038 1.04174 1.29368 1.41238 1.54597 1.69116 1.74850 1.78147 1.77060 1.69776 1.63435 1.53618 1.47017 1.39238 1.29491 1.20466 1.20397 1.24249 1.27133 1.30416 1.31915 1.33066 1.33847 1.23164 4.37780
8.20000 1200.00000 0.76327 0.96427 1.22561 1.34687 1.48062 1.61873 1.66502 1.67315 1.63849 1.52665 1.44167 1.31909 1.24097 1.15292 1.05000 0.96395 0.97072 1.02001 1.05339 1.09026 1.10691 1.11977 1.12919 1.02240 4.26305
8.20000 1500.00000 0.64654 0.86414 1.14079 1.26560 1.39819 1.52196 1.54804 1.51369 1.44077 1.27078 1.15620 1.00288 0.91111 0.81313 0.70745 0.63033 0.64649 0.70608 0.74251 0.78103 0.79795 0.81084 0.82029 0.71352 4.10985
