NGA-East_Model_13 NGA-East USGS GMM as published in PEER Report No. 2017/03, distance is Rrup. Log10 hazard values in cgs units. Uses NRCan simplified, magnitude-independent sigma
          11 34 25 : nmag, ndist, nperiod
          10.000 7.519 5.000 4.000 3.003 2.000 1.499 1.000 0.750 0.500 0.400 0.300 0.250 0.200 0.150 0.100 0.075 0.050 0.040 0.030 0.025 0.020 0.010 PGA PGV
          0.57 0.58 0.61 0.62 0.63 0.65 0.67 0.69 0.70 0.73 0.74 0.75 0.76 0.77 0.79 0.81 0.80 0.78 0.77 0.75 0.74 0.73 0.70 0.70 0.81
4.00000 0.00000 -0.85935 -0.54250 -0.09864 0.13439 0.42880 0.83799 1.11519 1.51087 1.79476 2.17307 2.36073 2.57048 2.68355 2.80303 2.92257 3.06779 3.18480 3.32082 3.37194 3.40613 3.40932 3.39741 3.32196 3.20668 3.97432
4.00000 1.00000 -0.96835 -0.65154 -0.20777 0.02522 0.31956 0.72857 1.00561 1.40098 1.68456 2.06222 2.24936 2.45826 2.57063 2.68905 2.80678 2.94846 3.06216 3.19242 3.24004 3.26953 3.26981 3.25449 3.17104 3.05502 3.90368
4.00000 5.00000 -1.47168 -1.15475 -0.71071 -0.47752 -0.18276 0.22714 0.50513 0.90237 1.18780 1.56898 1.75854 1.97103 2.08585 2.20732 2.32861 2.47303 2.58559 2.70795 2.74770 2.76381 2.75420 2.72600 2.60490 2.48472 3.60000
4.00000 10.00000 -1.82006 -1.50324 -1.05934 -0.82620 -0.53154 -0.12177 0.15612 0.55324 0.83859 1.21963 1.40910 1.62138 1.73599 1.85710 1.97762 2.12003 2.23025 2.34760 2.38373 2.39447 2.38121 2.34841 2.21464 2.09306 3.36192
4.00000 15.00000 -2.06582 -1.74914 -1.30545 -1.07243 -0.77796 -0.36851 -0.09089 0.30575 0.59059 0.97076 1.15959 1.37087 1.48469 1.60464 1.72327 1.86215 1.96914 2.08097 2.11371 2.11985 2.10365 2.06742 1.92501 1.80258 3.11122
4.00000 20.00000 -2.25296 -1.93639 -1.49291 -1.26000 -0.96570 -0.55652 -0.27915 0.11706 0.40153 0.78100 0.96933 1.17982 1.29306 1.41211 1.52934 1.66562 1.77027 1.87821 1.90855 1.91151 1.89332 1.85476 1.70656 1.58356 2.90302
4.00000 25.00000 -2.40603 -2.08956 -1.64621 -1.41340 -1.11920 -0.71018 -0.43294 -0.03691 0.24743 0.62665 0.81482 1.02504 1.13804 1.25675 1.37330 1.50807 1.61104 1.71562 1.74361 1.74310 1.72253 1.68103 1.52463 1.40073 2.74299
4.00000 30.00000 -2.52512 -2.20878 -1.76562 -1.53292 -1.23886 -0.83010 -0.55308 -0.15742 0.12657 0.50517 0.69292 0.90250 1.01500 1.13300 1.24849 1.38132 1.48271 1.58470 1.61122 1.60882 1.58713 1.54435 1.38504 1.26089 2.61501
4.00000 40.00000 -2.71232 -2.39621 -1.95340 -1.72090 -1.42715 -1.01887 -0.74227 -0.34736 -0.06402 0.31338 0.50034 0.70866 0.82021 0.93688 1.05029 1.17952 1.27783 1.37506 1.39886 1.39306 1.36935 1.32430 1.15994 1.03533 2.40999
4.00000 50.00000 -2.85345 -2.53757 -2.09510 -1.86281 -1.56936 -1.16162 -0.88545 -0.49134 -0.20872 0.16739 0.35343 0.56030 0.67076 0.78589 0.89689 1.02183 1.11650 1.20792 1.22835 1.21821 1.19192 1.14393 0.97278 0.84753 2.24847
4.00000 60.00000 -2.94248 -2.62679 -2.18462 -1.95251 -1.65932 -1.25193 -0.97609 -0.58251 -0.30032 0.07504 0.26057 0.46673 0.57668 0.69110 0.80107 0.92439 1.01784 1.10766 1.12736 1.11654 1.08994 1.04174 0.87079 0.74562 2.12622
4.00000 70.00000 -3.00154 -2.68607 -2.24426 -2.01238 -1.71949 -1.31268 -1.03732 -0.64460 -0.36325 0.01061 0.19513 0.39971 0.50847 0.62125 0.72880 0.84819 0.93870 1.02457 1.04242 1.02976 1.00231 0.95347 0.78248 0.65746 2.03680
4.00000 80.00000 -3.03394 -2.71874 -2.27742 -2.04583 -1.75340 -1.34745 -1.07290 -0.68173 -0.40180 -0.03067 0.15191 0.35345 0.45995 0.56957 0.67243 0.78428 0.86916 0.94764 0.96209 0.94609 0.91722 0.86732 0.69678 0.57208 1.96828
4.00000 90.00000 -3.05990 -2.74495 -2.30403 -2.07269 -1.78067 -1.37543 -1.10155 -0.71158 -0.43283 -0.06387 0.11719 0.31638 0.42111 0.52831 0.62759 0.73380 0.81457 0.88785 0.90002 0.88195 0.85228 0.80194 0.63268 0.50832 1.90910
4.00000 100.00000 -3.08340 -2.76867 -2.32814 -2.09706 -1.80542 -1.40086 -1.12759 -0.73881 -0.46113 -0.09421 0.08543 0.28241 0.38550 0.49043 0.58641 0.68737 0.76434 0.83276 0.84283 0.82279 0.79236 0.74157 0.57324 0.44915 1.85505
4.00000 110.00000 -3.10497 -2.79050 -2.35035 -2.11955 -1.82829 -1.42444 -1.15186 -0.76431 -0.48780 -0.12309 0.05502 0.24961 0.35097 0.45350 0.54601 0.64165 0.71487 0.77887 0.78719 0.76582 0.73508 0.68441 0.51866 0.39500 1.80601
4.00000 120.00000 -3.12582 -2.81160 -2.37185 -2.14130 -1.85045 -1.44734 -1.17544 -0.78920 -0.51391 -0.15148 0.02502 0.21716 0.31671 0.41674 0.50570 0.59593 0.66547 0.72520 0.73194 0.70949 0.67861 0.62826 0.46561 0.34244 1.75909
4.00000 130.00000 -3.14854 -2.83454 -2.39515 -2.16483 -1.87433 -1.47187 -1.20053 -0.81536 -0.54109 -0.18052 -0.00532 0.18480 0.28288 0.38090 0.46687 0.55256 0.61886 0.67461 0.67966 0.65572 0.62430 0.57369 0.41200 0.28908 1.70862
4.00000 140.00000 -3.17320 -2.85938 -2.42032 -2.19018 -1.89997 -1.49801 -1.22716 -0.84284 -0.56935 -0.21024 -0.03605 0.15253 0.24943 0.34587 0.42954 0.51155 0.57512 0.62727 0.63066 0.60500 0.57279 0.52149 0.35921 0.23634 1.65859
4.00000 150.00000 -3.20055 -2.88693 -2.44817 -2.21826 -1.92834 -1.52693 -1.25656 -0.87313 -0.60050 -0.24290 -0.06977 0.11718 0.21291 0.30774 0.38907 0.46755 0.52867 0.57792 0.58015 0.55356 0.52108 0.46975 0.30867 0.18602 1.61117
4.00000 175.00000 -3.26598 -2.95282 -2.51484 -2.28541 -1.99624 -1.59616 -1.32700 -0.94583 -0.67525 -0.32155 -0.15108 0.03178 0.12452 0.21525 0.29073 0.36028 0.41517 0.45695 0.45614 0.42695 0.39361 0.34196 0.18306 0.06086 1.50004
4.00000 200.00000 -3.32410 -3.01139 -2.57412 -2.34517 -2.05670 -1.65785 -1.38986 -1.01078 -0.74218 -0.39209 -0.22412 -0.04510 0.04482 0.13171 0.20168 0.26273 0.31167 0.34612 0.34216 0.31016 0.27567 0.22331 0.06530 -0.05662 1.40048
4.00000 250.00000 -3.42462 -3.11281 -2.67707 -2.44908 -2.16212 -1.76604 -1.50060 -1.12631 -0.86220 -0.52043 -0.35821 -0.18790 -0.10430 -0.02590 0.03214 0.07585 0.11344 0.13567 0.12758 0.09310 0.05864 0.00762 -0.14162 -0.26227 1.24226
4.00000 300.00000 -3.51024 -3.19927 -2.76499 -2.53799 -2.25250 -1.85919 -1.59633 -1.22690 -0.96734 -0.63399 -0.47752 -0.31593 -0.23858 -0.16848 -0.12188 -0.09425 -0.06662 -0.05423 -0.06510 -0.10038 -0.13394 -0.18275 -0.32202 -0.44139 1.11000
4.00000 350.00000 -3.58185 -3.27172 -2.83888 -2.61286 -2.32889 -1.93840 -1.67820 -1.31381 -1.05900 -0.73439 -0.58397 -0.43143 -0.36055 -0.29902 -0.26413 -0.25280 -0.23517 -0.23268 -0.24645 -0.28284 -0.31580 -0.36285 -0.49389 -0.61220 0.99207
4.00000 400.00000 -3.64561 -3.33630 -2.90487 -2.67979 -2.39733 -2.00965 -1.75214 -1.39278 -1.14274 -0.82694 -0.68249 -0.53899 -0.47451 -0.42141 -0.39796 -0.40237 -0.39429 -0.40116 -0.41768 -0.45521 -0.48772 -0.53329 -0.65740 -0.77487 0.87974
4.00000 450.00000 -3.69733 -3.38886 -2.95897 -2.73496 -2.45416 -2.06969 -1.81523 -1.46168 -1.21710 -0.91137 -0.77373 -0.64028 -0.58287 -0.53888 -0.52741 -0.54724 -0.54756 -0.56098 -0.57829 -0.61427 -0.64466 -0.68691 -0.80017 -0.91648 0.81413
4.00000 500.00000 -3.74509 -3.43745 -3.00908 -2.78613 -2.50701 -2.12575 -1.87438 -1.52667 -1.28761 -0.99195 -0.86108 -0.73758 -0.68708 -0.65194 -0.65193 -0.68619 -0.69414 -0.71313 -0.73086 -0.76513 -0.79349 -0.83261 -0.93629 -1.05160 0.74943
4.00000 600.00000 -3.81884 -3.51317 -3.08849 -2.86816 -2.59326 -2.22021 -1.97675 -1.64416 -1.41926 -1.14935 -1.03561 -0.93689 -0.90324 -0.88926 -0.91579 -0.98141 -1.00422 -1.03139 -1.04765 -1.07528 -1.09759 -1.12847 -1.20961 -1.32280 0.62624
4.00000 700.00000 -3.89575 -3.59168 -3.17001 -2.95180 -2.68031 -2.31384 -2.07675 -1.75618 -1.54255 -1.29298 -1.19271 -1.11347 -1.09309 -1.09580 -1.14348 -1.23513 -1.27167 -1.30999 -1.32848 -1.35576 -1.37651 -1.40469 -1.47721 -1.58955 0.51357
4.00000 800.00000 -3.96406 -3.66169 -3.24321 -3.02730 -2.75951 -2.40022 -2.17003 -1.86253 -1.66101 -1.43304 -1.34678 -1.28732 -1.28009 -1.29881 -1.36585 -1.47910 -1.52515 -1.56815 -1.58545 -1.60859 -1.62581 -1.64936 -1.71050 -1.82189 0.40699
4.00000 1000.00000 -4.10940 -3.80989 -3.39686 -3.18483 -2.92331 -2.57618 -2.35764 -2.07212 -1.89090 -1.69885 -1.63578 -1.60894 -1.62328 -1.66834 -1.76728 -1.91706 -1.98061 -2.03558 -2.05410 -2.07481 -2.08906 -2.10830 -2.15820 -2.26867 0.22389
4.00000 1200.00000 -4.20702 -3.91101 -3.50479 -3.29772 -3.04428 -2.71296 -2.50969 -2.25289 -2.09807 -1.95229 -1.91873 -1.93282 -1.97383 -2.05094 -2.18797 -2.37993 -2.46293 -2.53065 -2.55020 -2.56810 -2.57915 -2.59397 -2.63306 -2.74270 0.00437
4.00000 1500.00000 -4.37817 -4.08634 -3.68829 -3.48715 -3.24338 -2.93101 -2.74603 -2.52362 -2.40051 -2.31055 -2.31284 -2.37715 -2.45137 -2.56913 -2.75620 -3.00830 -3.12362 -3.22110 -3.24995 -3.27413 -3.28674 -3.30183 -3.33818 -3.44750 -0.28462
4.50000 0.00000 -0.40596 -0.08264 0.36907 0.60562 0.90329 1.31347 1.58723 1.96864 2.23298 2.56786 2.72487 2.89265 2.98049 3.07311 3.16546 3.28160 3.38000 3.49112 3.52991 3.55042 3.54649 3.52750 3.44041 3.32447 4.33773
4.50000 1.00000 -0.47783 -0.15460 0.29699 0.53340 0.83093 1.24077 1.51422 1.89497 2.15869 2.49232 2.64841 2.81470 2.90139 2.99237 3.08216 3.19383 3.28857 3.39406 3.42974 3.44644 3.44029 3.41889 3.32674 3.21037 4.28432
4.50000 5.00000 -0.88939 -0.56607 -0.11428 0.12234 0.42021 0.83086 1.10513 1.48759 1.75299 2.08980 2.24808 2.41759 2.50648 2.60018 2.69314 2.80735 2.90141 3.00108 3.03103 3.03812 3.02499 2.99465 2.87747 2.75845 4.02050
4.50000 10.00000 -1.21915 -0.89593 -0.44426 -0.20772 0.09010 0.50067 0.77492 1.15741 1.42287 1.75981 1.91818 2.08775 2.17663 2.27015 2.36256 2.47489 2.56645 2.66069 2.68669 2.68797 2.67092 2.63576 2.50577 2.38541 3.77800
4.50000 15.00000 -1.45633 -1.13325 -0.68177 -0.44536 -0.14770 0.26259 0.53662 0.91873 1.18384 1.52017 1.67808 1.84692 1.93520 2.02785 2.11874 2.22804 2.31672 2.40580 2.42854 2.42535 2.40544 2.36694 2.22854 2.10739 3.54041
4.50000 20.00000 -1.63545 -1.31251 -0.86127 -0.62497 -0.32751 0.08249 0.35625 0.73788 1.00258 1.33814 1.49551 1.66349 1.75110 1.84276 1.93208 2.03847 2.12455 2.20928 2.22942 2.22281 2.20081 2.15983 2.01563 1.89390 3.35133
4.50000 25.00000 -1.77866 -1.45589 -1.00484 -0.76866 -0.47137 -0.06166 0.21188 0.59312 0.85745 1.19238 1.34934 1.51661 1.60369 1.69459 1.78265 1.88669 1.97067 2.05188 2.06985 2.06041 2.03663 1.99362 1.84451 1.72231 3.20643
4.50000 30.00000 -1.89376 -1.57109 -1.12027 -0.88421 -0.58707 -0.17765 0.09566 0.47649 0.74047 1.07477 1.23128 1.39789 1.48447 1.57461 1.66153 1.76354 1.84577 1.92419 1.94057 1.92907 1.90407 1.85968 1.70740 1.58492 3.08833
4.50000 40.00000 -2.07189 -1.74951 -1.29908 -1.06326 -0.76650 -0.35763 -0.08485 0.29513 0.55834 0.89122 1.04678 1.21191 1.29737 1.38596 1.47047 1.56836 1.64723 1.72058 1.73417 1.71929 1.69235 1.64585 1.48917 1.36632 2.89926
4.50000 50.00000 -2.20783 -1.88570 -1.43568 -1.20011 -0.90369 -0.49542 -0.22312 0.15596 0.41838 0.74985 0.90443 1.06803 1.15233 1.23929 1.32128 1.41480 1.49007 1.55793 1.56847 1.54984 1.52071 1.47183 1.31006 1.18678 2.74973
4.50000 60.00000 -2.29356 -1.97166 -1.52199 -1.28661 -0.99046 -0.58261 -0.31068 0.06781 0.32974 0.66039 0.81444 0.97725 1.06099 1.14717 1.22807 1.31989 1.39390 1.46017 1.46999 1.45068 1.42127 1.37219 1.21056 1.08735 2.63572
4.50000 70.00000 -2.35273 -2.03107 -1.58178 -1.34665 -1.05084 -0.64360 -0.37216 0.00544 0.26657 0.59577 0.74882 0.91011 0.99271 1.07733 1.15592 1.24396 1.31516 1.37757 1.38552 1.36421 1.33382 1.28379 1.12099 0.99774 2.55173
4.50000 80.00000 -2.38095 -2.05962 -1.61087 -1.37610 -1.08085 -0.67462 -0.40411 -0.02828 0.23118 0.55722 0.70807 0.86593 0.94600 1.02712 1.10062 1.18081 1.24639 1.30188 1.30692 1.28301 1.25168 1.20122 1.04006 0.91722 2.48734
4.50000 90.00000 -2.40499 -2.08394 -1.63565 -1.40119 -1.10639 -0.70096 -0.43122 -0.05678 0.20138 0.52502 0.67420 0.82949 0.90766 0.98620 1.05596 1.13043 1.19200 1.24275 1.24584 1.22032 1.18846 1.13783 0.97835 0.85584 2.43158
4.50000 100.00000 -2.42677 -2.10600 -1.65819 -1.42400 -1.12963 -0.72499 -0.45599 -0.08289 0.17401 0.49534 0.64289 0.79571 0.87207 0.94812 1.01433 1.08339 1.14125 1.18758 1.18892 1.16200 1.12974 1.07907 0.92133 0.79913 2.38075
4.50000 110.00000 -2.44660 -2.12611 -1.67876 -1.44487 -1.15095 -0.74714 -0.47888 -0.10720 0.14838 0.46726 0.61312 0.76335 0.83782 0.91131 0.97389 1.03758 1.09186 1.13420 1.13416 1.10637 1.07406 1.02378 0.86889 0.74713 2.33455
4.50000 120.00000 -2.46497 -2.14475 -1.69783 -1.46425 -1.17078 -0.76777 -0.50027 -0.12996 0.12433 0.44081 0.58503 0.73274 0.80539 0.87641 0.93549 0.99406 1.04496 1.08365 1.08236 1.05385 1.02156 0.97171 0.81965 0.69830 2.29161
4.50000 130.00000 -2.48600 -2.16602 -1.71955 -1.48622 -1.19313 -0.79085 -0.52400 -0.15490 0.09826 0.41267 0.55546 0.70099 0.77202 0.84088 0.89688 0.95081 0.99857 1.03359 1.03085 1.00118 0.96854 0.91862 0.76780 0.64667 2.24460
4.50000 140.00000 -2.50934 -2.18959 -1.74347 -1.51040 -1.21766 -0.81598 -0.54968 -0.18161 0.07061 0.38331 0.52491 0.66864 0.73837 0.80544 0.85889 0.90898 0.95407 0.98588 0.98182 0.95098 0.91792 0.86775 0.71746 0.59647 2.19921
4.50000 150.00000 -2.53507 -2.21554 -1.76979 -1.53695 -1.24456 -0.84350 -0.57777 -0.21072 0.04055 0.35150 0.49194 0.63389 0.70232 0.76764 0.81864 0.86512 0.90783 0.93699 0.93198 0.90047 0.86731 0.81729 0.66843 0.54766 2.15495
4.50000 175.00000 -2.59633 -2.27737 -1.83250 -1.60021 -1.30869 -0.90915 -0.64480 -0.28026 -0.03130 0.27543 0.41294 0.55047 0.61570 0.67672 0.72163 0.75912 0.79583 0.81817 0.81056 0.77706 0.74336 0.69335 0.54704 0.42671 2.05221
4.50000 200.00000 -2.64986 -2.33141 -1.88742 -1.65570 -1.36499 -0.96697 -0.70399 -0.34200 -0.09540 0.20700 0.34156 0.47462 0.53662 0.59331 0.63214 0.66079 0.69168 0.70762 0.69766 0.66251 0.62848 0.57867 0.43529 0.31539 1.95962
4.50000 250.00000 -2.74070 -2.42330 -1.98109 -1.75052 -1.46160 -1.06684 -0.80688 -0.45049 -0.20912 0.08371 0.21176 0.33499 0.38999 0.43741 0.46354 0.47457 0.49467 0.50013 0.48728 0.45136 0.41829 0.37084 0.23772 0.11911 1.81246
4.50000 300.00000 -2.81643 -2.50005 -2.05954 -1.83012 -1.54294 -1.15139 -0.89444 -0.54367 -0.30751 -0.02425 0.09732 0.21090 0.25905 0.29748 0.31159 0.30634 0.31694 0.31385 0.29906 0.26333 0.23166 0.18686 0.06367 -0.05376 1.68818
4.50000 350.00000 -2.88228 -2.56682 -2.12798 -1.89965 -1.61417 -1.22582 -0.97185 -0.62667 -0.39571 -0.12195 -0.00681 0.09720 0.13862 0.16827 0.17060 0.14966 0.15113 0.13970 0.12289 0.08692 0.05626 0.01348 -0.10180 -0.21832 1.57825
4.50000 400.00000 -2.94034 -2.62583 -2.18859 -1.96135 -1.67760 -1.29240 -1.04142 -0.70181 -0.47611 -0.21192 -0.10320 -0.00868 0.02612 0.04721 0.03827 0.00265 -0.00410 -0.02254 -0.04077 -0.07635 -0.10577 -0.14635 -0.25393 -0.36962 1.48010
4.50000 450.00000 -2.98432 -2.67074 -2.23521 -2.00914 -1.72721 -1.34548 -1.09780 -0.76441 -0.54447 -0.29076 -0.18907 -0.10476 -0.07702 -0.06490 -0.08537 -0.13528 -0.14937 -0.17294 -0.19142 -0.22510 -0.25239 -0.28984 -0.38810 -0.50285 1.42156
4.50000 500.00000 -3.02574 -2.71310 -2.27922 -2.05432 -1.77419 -1.39592 -1.15151 -0.82429 -0.61010 -0.36677 -0.27197 -0.19765 -0.17675 -0.17326 -0.20467 -0.26783 -0.28855 -0.31649 -0.33498 -0.36674 -0.39204 -0.42660 -0.51665 -0.63062 1.36316
4.50000 600.00000 -3.09183 -2.78125 -2.35121 -2.12899 -1.85318 -1.48319 -1.24675 -0.93456 -0.73436 -0.51614 -0.43780 -0.38709 -0.38208 -0.39825 -0.45391 -0.54492 -0.57834 -0.61265 -0.62951 -0.65529 -0.67539 -0.70302 -0.77507 -0.88739 1.25329
4.50000 700.00000 -3.16006 -2.85126 -2.42449 -2.20459 -1.93246 -1.56954 -1.33985 -1.04035 -0.85191 -0.65457 -0.58990 -0.55854 -0.56645 -0.59857 -0.67383 -0.78750 -0.83169 -0.87290 -0.88989 -0.91311 -0.93058 -0.95454 -1.01687 -1.12838 1.15198
4.50000 800.00000 -3.22605 -2.91891 -2.49525 -2.27754 -2.00892 -1.65276 -1.42950 -1.14204 -0.96469 -0.78696 -0.73487 -0.72123 -0.74083 -0.78718 -0.87952 -1.01232 -1.06516 -1.11129 -1.12792 -1.14849 -1.16354 -1.18427 -1.23864 -1.34950 1.05604
4.50000 1000.00000 -3.36068 -3.05661 -2.63870 -2.42504 -2.16294 -1.81934 -1.60805 -1.34296 -1.18608 -1.04415 -1.01490 -1.03297 -1.07329 -1.14453 -1.26643 -1.43171 -1.49906 -1.55351 -1.56980 -1.58655 -1.59805 -1.61408 -1.65731 -1.76729 0.88765
4.50000 1200.00000 -3.45976 -3.15904 -2.74759 -2.53859 -2.28404 -1.95509 -1.75787 -1.51912 -1.38639 -1.28666 -1.28429 -1.33965 -1.40432 -1.50492 -1.66200 -1.86718 -1.95390 -2.02294 -2.04195 -2.05840 -2.06832 -2.08173 -2.11786 -2.22729 0.68428
4.50000 1500.00000 -3.62037 -3.32426 -2.92172 -2.71917 -2.47506 -2.16646 -1.98876 -1.78645 -1.68692 -1.64480 -1.67883 -1.78433 -1.88149 -2.02110 -2.22467 -2.48260 -2.59532 -2.68515 -2.70904 -2.72694 -2.73604 -2.74745 -2.77754 -2.88650 0.41464
5.00000 0.00000 0.05367 0.37521 0.82269 1.05579 1.34748 1.74464 2.00449 2.35692 2.59272 2.87731 3.00477 3.13756 3.20700 3.28184 3.35727 3.45444 3.53991 3.63345 3.66352 3.67433 3.66530 3.64126 3.54568 3.42923 4.64215
5.00000 1.00000 0.00937 0.33079 0.77809 1.01106 1.30253 1.69927 1.95868 2.31027 2.54519 2.82814 2.95438 3.08523 3.15318 3.22589 3.29806 3.38976 3.47080 3.55780 3.58435 3.59095 3.57956 3.55298 3.45230 3.33542 4.60557
5.00000 5.00000 -0.29865 0.02277 0.47011 0.70314 0.99476 1.39186 1.65171 2.00417 2.24000 2.52467 2.65207 2.78464 2.85374 2.92785 3.00158 3.09426 3.17458 3.25790 3.28112 3.28237 3.26716 3.23581 3.12223 3.00405 4.38829
5.00000 10.00000 -0.59683 -0.27552 0.17168 0.40465 0.69621 1.09326 1.35308 1.70563 1.94156 2.22642 2.35395 2.48661 2.55569 2.62961 2.70267 2.79312 2.87063 2.94795 2.96695 2.96212 2.94292 2.90674 2.78089 2.66149 4.16032
5.00000 15.00000 -0.82175 -0.50058 -0.05359 0.17927 0.47066 0.86748 1.12712 1.47935 1.71503 1.99941 2.12661 2.25870 2.32734 2.40052 2.47231 2.56007 2.63494 2.70746 2.72341 2.71443 2.69260 2.65332 2.51993 2.39982 3.94007
5.00000 20.00000 -0.98733 -0.66633 -0.21962 0.01306 0.30419 0.70055 0.95980 1.31129 1.54631 1.82947 1.95580 2.08654 2.15413 2.22586 2.29544 2.37949 2.45136 2.51950 2.53311 2.52133 2.49793 2.45698 2.32027 2.19990 3.76984
5.00000 25.00000 -1.12213 -0.80131 -0.35486 -0.12233 0.16858 0.56455 0.82344 1.17434 1.40880 1.69094 1.81655 1.94617 2.01292 2.08344 2.15116 2.23200 2.30130 2.36550 2.37694 2.36256 2.33764 2.29508 2.15497 2.03431 3.63490
5.00000 30.00000 -1.23201 -0.91134 -0.46512 -0.23273 0.05800 0.45364 0.71230 1.06273 1.29676 1.57820 1.70331 1.83215 1.89829 1.96795 2.03432 2.11279 2.18004 2.24108 2.25070 2.23404 2.20780 2.16373 2.02034 1.89939 3.52553
5.00000 40.00000 -1.40121 -1.08084 -0.63508 -0.40300 -0.11269 0.28229 0.54033 0.88973 1.12285 1.40259 1.52658 1.65364 1.71845 1.78624 1.84982 1.92365 1.98727 2.04310 2.05002 2.03024 2.00227 1.95644 1.80975 1.68856 3.35069
5.00000 50.00000 -1.53295 -1.21287 -0.76755 -0.53570 -0.24578 0.14858 0.40611 0.75458 0.98689 1.26518 1.38818 1.51370 1.57736 1.64353 1.70464 1.77432 1.83461 1.88553 1.88983 1.86694 1.83721 1.78953 1.63913 1.51766 3.21216
5.00000 60.00000 -1.61760 -1.29775 -0.85281 -0.62119 -0.33153 0.06237 0.31952 0.66745 0.89927 1.17681 1.29931 1.42407 1.48722 1.55267 1.61274 1.68073 1.73977 1.78901 1.79249 1.76872 1.73857 1.69047 1.53950 1.41801 3.10575
5.00000 70.00000 -1.67640 -1.35685 -0.91232 -0.68095 -0.39164 0.00168 0.25833 0.60536 0.83642 1.11256 1.23410 1.35742 1.41948 1.48345 1.54130 1.60572 1.66204 1.70754 1.70917 1.68335 1.65215 1.60300 1.45038 1.32881 3.02636
5.00000 80.00000 -1.70136 -1.38215 -0.93824 -0.70726 -0.41857 -0.02639 0.22921 0.57428 0.80348 1.07616 1.19529 1.31490 1.37425 1.43449 1.48702 1.54346 1.59434 1.63348 1.63262 1.60482 1.57304 1.52382 1.37351 1.25232 2.96604
5.00000 90.00000 -1.72419 -1.40531 -0.96191 -0.73126 -0.44307 -0.05176 0.20304 0.54662 0.77447 1.04463 1.16202 1.27898 1.33637 1.39399 1.44275 1.49357 1.54062 1.57531 1.57271 1.54350 1.51129 1.46198 1.31312 1.19224 2.91357
5.00000 100.00000 -1.74490 -1.42632 -0.98342 -0.75310 -0.46539 -0.07495 0.17904 0.52116 0.74764 1.01528 1.13094 1.24526 1.30073 1.35574 1.40083 1.44626 1.48970 1.52040 1.51632 1.48606 1.45364 1.40450 1.25765 1.13707 2.86585
5.00000 110.00000 -1.76365 -1.44538 -1.00298 -0.77298 -0.48577 -0.09621 0.15697 0.49759 0.72267 0.98776 1.10166 1.21330 1.26684 1.31925 1.36070 1.40084 1.44092 1.46801 1.46274 1.43181 1.39943 1.35070 1.20643 1.08623 2.82246
5.00000 120.00000 -1.78049 -1.46248 -1.02055 -0.79086 -0.50407 -0.11534 0.13711 0.47638 0.70022 0.96302 1.07536 1.18463 1.23644 1.28656 1.32478 1.36028 1.39731 1.42110 1.41470 1.38303 1.35058 1.30210 1.15977 1.03983 2.78329
5.00000 130.00000 -1.80038 -1.48263 -1.04115 -0.81174 -0.52540 -0.13744 0.11431 0.45228 0.67492 0.93553 1.04636 1.15335 1.20350 1.25137 1.28648 1.31738 1.35136 1.37175 1.36405 1.33138 1.29870 1.25022 1.10911 0.98938 2.73975
5.00000 140.00000 -1.82262 -1.50515 -1.06411 -0.83496 -0.54902 -0.16179 0.08931 0.42609 0.64765 0.90626 1.01573 1.12067 1.16934 1.21523 1.24758 1.27450 1.30593 1.32353 1.31488 1.28163 1.24884 1.20056 1.06096 0.94145 2.69889
5.00000 150.00000 -1.84707 -1.52985 -1.08921 -0.86033 -0.57476 -0.18822 0.06225 0.39790 0.61843 0.87516 0.98336 1.08638 1.13367 1.17772 1.20750 1.23082 1.25993 1.27512 1.26569 1.23196 1.19918 1.15116 1.01313 0.89384 2.65771
5.00000 175.00000 -1.90442 -1.58780 -1.14817 -0.91993 -0.63532 -0.25046 -0.00152 0.33134 0.54927 0.80135 0.90637 1.00460 1.04845 1.08793 1.11139 1.12562 1.14897 1.15806 1.14653 1.11150 1.07863 1.03105 0.89636 0.77754 2.56346
5.00000 200.00000 -1.95322 -1.63722 -1.19859 -0.97100 -0.68739 -0.30431 -0.05703 0.27280 0.48793 0.73492 0.83647 0.92951 0.96966 1.00425 1.02103 1.02604 1.04377 1.04739 1.03431 0.99878 0.96631 0.91980 0.78987 0.67164 2.47714
5.00000 250.00000 -2.03687 -1.72203 -1.28538 -1.05907 -0.77742 -0.39793 -0.15392 0.16982 0.37933 0.61603 0.71066 0.79336 0.82621 0.85122 0.85511 0.84274 0.85028 0.84457 0.82924 0.79359 0.76237 0.71835 0.59812 0.48101 2.34078
5.00000 300.00000 -2.10418 -1.79046 -1.35570 -1.13067 -0.85096 -0.47502 -0.23436 0.08321 0.28698 0.51332 0.60097 0.67332 0.69892 0.71455 0.70603 0.67743 0.67586 0.66245 0.64566 0.61068 0.58103 0.53974 0.42895 0.31289 2.22447
5.00000 350.00000 -2.16559 -1.85291 -1.41995 -1.19612 -0.91825 -0.54575 -0.30824 0.00340 0.20170 0.41810 0.49908 0.56166 0.58043 0.58726 0.56719 0.52360 0.51369 0.49318 0.47491 0.44027 0.41180 0.37266 0.26925 0.15396 2.12291
5.00000 400.00000 -2.21999 -1.90834 -1.47715 -1.25453 -0.97852 -0.60948 -0.37523 -0.06965 0.12304 0.32931 0.40359 0.45640 0.46844 0.46670 0.43567 0.37857 0.36169 0.33627 0.31772 0.28470 0.25815 0.22180 0.12668 0.01225 2.03788
5.00000 450.00000 -2.25628 -1.94563 -1.51622 -1.29480 -1.02068 -0.65519 -0.42428 -0.12492 0.06202 0.25795 0.32539 0.36826 0.37352 0.36329 0.32145 0.25131 0.22789 0.19811 0.17948 0.14823 0.12353 0.08986 0.00240 -0.11130 1.98625
5.00000 500.00000 -2.29207 -1.98240 -1.55475 -1.33451 -1.06226 -0.70029 -0.47274 -0.17960 0.00158 0.18720 0.24785 0.28098 0.27966 0.26118 0.20906 0.12674 0.09747 0.06408 0.04560 0.01622 -0.00663 -0.03774 -0.11819 -0.23125 1.93372
5.00000 600.00000 -2.34901 -2.04150 -1.61781 -1.40036 -1.13254 -0.77904 -0.55955 -0.28153 -0.11433 0.04645 0.09094 0.10119 0.08462 0.04746 -0.02726 -0.13472 -0.17481 -0.21268 -0.22898 -0.25223 -0.27008 -0.29472 -0.35918 -0.47087 1.83595
5.00000 700.00000 -2.41012 -2.10442 -1.68404 -1.46891 -1.20472 -0.85817 -0.64523 -0.37951 -0.22356 -0.08262 -0.05090 -0.05861 -0.08704 -0.13865 -0.23079 -0.35768 -0.40649 -0.44905 -0.46476 -0.48494 -0.50010 -0.52116 -0.57680 -0.68777 1.74507
5.00000 800.00000 -2.47139 -2.16739 -1.75017 -1.53722 -1.27655 -0.93666 -0.73007 -0.47611 -0.33090 -0.20879 -0.18911 -0.21360 -0.25304 -0.31791 -0.42581 -0.57004 -0.62649 -0.67310 -0.68829 -0.70597 -0.71888 -0.73702 -0.78572 -0.89614 1.65904
5.00000 1000.00000 -2.59691 -2.29606 -1.88464 -1.67576 -1.42158 -1.09409 -0.89925 -0.66705 -0.54163 -0.45384 -0.45583 -0.51017 -0.56889 -0.65673 -0.79150 -0.96434 -1.03290 -1.08542 -1.09946 -1.11277 -1.12207 -1.13561 -1.17390 -1.28355 1.50475
5.00000 1200.00000 -2.69210 -2.39467 -1.98981 -1.78563 -1.53901 -1.22619 -1.04534 -0.83921 -0.73753 -0.69088 -0.71887 -0.80899 -0.89087 -1.00642 -1.17390 -1.38299 -1.46853 -1.53296 -1.54871 -1.56084 -1.56824 -1.57897 -1.61030 -1.71943 1.31762
5.00000 1500.00000 -2.84855 -2.55576 -2.15980 -1.96201 -1.72574 -1.43291 -1.27117 -1.10048 -1.03095 -1.03969 -1.10247 -1.24016 -1.35269 -1.50478 -1.71540 -1.97278 -2.08164 -2.16413 -2.18382 -2.19677 -2.20313 -2.21183 -2.23747 -2.34619 1.06793
5.50000 0.00000 0.51990 0.83145 1.26279 1.48581 1.76275 2.13422 2.37130 2.68395 2.88629 3.12102 3.22347 3.33053 3.38809 3.45243 3.51839 3.60453 3.68219 3.76500 3.78973 3.79458 3.78242 3.75524 3.65432 3.53753 4.88126
5.50000 1.00000 0.49705 0.80850 1.23965 1.46252 1.73923 2.11024 2.34688 2.65861 2.86004 3.09300 3.19416 3.29911 3.35507 3.41713 3.47959 3.55977 3.63258 3.70821 3.72904 3.72923 3.71442 3.68440 3.57771 3.46046 4.86088
5.50000 5.00000 0.29050 0.60184 1.03284 1.25565 1.53229 1.90322 2.13980 2.45153 2.65300 2.88602 2.98721 3.09217 3.14806 3.20991 3.27183 3.35038 3.42130 3.49306 3.51129 3.50783 3.49066 3.45786 3.34436 3.22648 4.69544
5.50000 10.00000 0.03839 0.34960 0.78044 1.00317 1.27971 1.65053 1.88707 2.19876 2.40022 2.63328 2.73447 2.83935 2.89510 2.95663 3.01774 3.09410 3.16245 3.22911 3.24389 3.23559 3.21531 3.17880 3.05623 2.93747 4.49176
5.50000 15.00000 -0.16685 0.14421 0.57483 0.79744 1.07381 1.44440 1.68073 1.99214 2.19335 2.42599 2.52688 2.63126 2.68659 2.74747 2.80745 2.88150 2.94763 3.01034 3.02267 3.01109 2.98876 2.94989 2.82171 2.70242 4.29427
5.50000 20.00000 -0.31822 -0.00735 0.42296 0.64537 0.92144 1.29151 1.52739 1.83796 2.03840 2.26963 2.36951 2.47231 2.52647 2.58571 2.64327 2.71336 2.77646 2.83497 2.84518 2.83124 2.80764 2.76751 2.63715 2.51772 4.14448
5.50000 25.00000 -0.44292 -0.13223 0.29778 0.52001 0.79582 1.16543 1.40090 1.71072 1.91049 2.14045 2.23945 2.34087 2.39401 2.45178 2.50712 2.57357 2.63383 2.68823 2.69631 2.67991 2.65496 2.61341 2.48038 2.36078 4.02337
5.50000 30.00000 -0.54712 -0.23660 0.19315 0.41521 0.69084 1.06007 1.29524 1.60453 1.80382 2.03291 2.13133 2.23183 2.28425 2.34105 2.39489 2.45885 2.51709 2.56859 2.57511 2.55685 2.53086 2.48823 2.35306 2.23327 3.92354
5.50000 40.00000 -0.70536 -0.39518 0.03408 0.25585 0.53102 0.89954 1.13410 1.44233 1.64066 1.86802 1.96525 2.06391 2.11496 2.16985 2.22084 2.28011 2.33475 2.38113 2.38506 2.36385 2.33627 2.29202 2.15392 2.03394 3.76668
5.50000 50.00000 -0.83096 -0.52106 -0.09225 0.12926 0.40409 0.77199 1.00604 1.31343 1.51101 1.73707 1.83340 1.93069 1.98071 2.03413 2.08293 2.13851 2.19021 2.23238 2.23404 2.21020 2.18115 2.13534 1.99421 1.87399 3.64231
5.50000 60.00000 -0.91420 -0.60456 -0.17610 0.04521 0.31974 0.68727 0.92103 1.22794 1.42519 1.65071 1.74671 1.84350 1.89316 1.94606 1.99406 2.04824 2.09878 2.13912 2.13978 2.11466 2.08490 2.03831 1.89549 1.77513 3.54610
5.50000 70.00000 -0.96911 -0.65976 -0.23174 -0.01069 0.26348 0.63040 0.86364 1.16967 1.36613 1.59027 1.68533 1.78067 1.82924 1.88068 1.92651 1.97723 2.02520 2.06206 2.06104 2.03412 2.00344 1.95598 1.81185 1.69143 3.47387
5.50000 80.00000 -0.99193 -0.68297 -0.25556 -0.03493 0.23862 0.60438 0.83657 1.14062 1.33524 1.55592 1.64859 1.74024 1.78614 1.83393 1.87458 1.91764 1.96045 1.99142 1.98812 1.95940 1.92821 1.88067 1.73854 1.61847 3.41945
5.50000 90.00000 -1.01256 -0.70390 -0.27707 -0.05678 0.21623 0.58107 0.81239 1.11488 1.30802 1.52606 1.61689 1.70574 1.74960 1.79466 1.83147 1.86890 1.90802 1.93490 1.93013 1.90037 1.86897 1.82159 1.68141 1.56163 3.37248
5.50000 100.00000 -1.03122 -0.72288 -0.29659 -0.07664 0.19587 0.55981 0.79029 1.09126 1.28302 1.49847 1.58751 1.67370 1.71561 1.75805 1.79118 1.82333 1.85902 1.88218 1.87610 1.84548 1.81398 1.76682 1.62861 1.50913 3.32969
5.50000 110.00000 -1.04749 -0.73948 -0.31367 -0.09406 0.17797 0.54102 0.77073 1.07024 1.26066 1.47365 1.56103 1.64466 1.68474 1.72472 1.75445 1.78168 1.81422 1.83401 1.82679 1.79544 1.76388 1.71700 1.58073 1.46152 3.29217
5.50000 120.00000 -1.06258 -0.75486 -0.32956 -0.11027 0.16129 0.52350 0.75242 1.05052 1.23965 1.45027 1.53603 1.61719 1.65551 1.69311 1.71956 1.74212 1.77169 1.78836 1.78010 1.74815 1.71658 1.67000 1.53562 1.41669 3.25731
5.50000 130.00000 -1.08084 -0.77345 -0.34863 -0.12965 0.14143 0.50277 0.73089 1.02755 1.21533 1.42348 1.50757 1.58622 1.62271 1.65789 1.68101 1.69887 1.72551 1.73920 1.73000 1.69760 1.66611 1.61992 1.48770 1.36903 3.22020
5.50000 140.00000 -1.10152 -0.79439 -0.37003 -0.15134 0.11931 0.47989 0.70734 1.00277 1.18942 1.39554 1.47821 1.55476 1.58973 1.62292 1.64327 1.65722 1.68137 1.69247 1.68240 1.64947 1.61796 1.57200 1.44125 1.32279 3.18412
5.50000 150.00000 -1.12423 -0.81735 -0.39341 -0.17498 0.09527 0.45519 0.68202 0.97634 1.16197 1.36625 1.44772 1.52241 1.55607 1.58747 1.60538 1.61588 1.63784 1.64664 1.63578 1.60236 1.57080 1.52500 1.39541 1.27711 3.14874
5.50000 175.00000 -1.17669 -0.87048 -0.44763 -0.22990 0.03931 0.39736 0.62250 0.91371 1.09651 1.29565 1.37362 1.44306 1.47302 1.49952 1.51074 1.51208 1.52853 1.53201 1.51967 1.48583 1.45469 1.40997 1.28503 1.16731 3.06559
5.50000 200.00000 -1.22077 -0.91522 -0.49350 -0.27648 -0.00835 0.34769 0.57104 0.85891 1.03863 1.23218 1.30637 1.37019 1.39613 1.41744 1.42169 1.41370 1.42474 1.42345 1.41010 1.37642 1.34612 1.30291 1.18361 1.06651 2.98840
5.50000 250.00000 -1.29668 -0.99238 -0.57276 -0.35714 -0.09111 0.26112 0.48091 0.76229 0.93599 1.11863 1.18548 1.23841 1.25669 1.26805 1.25907 1.23359 1.23472 1.22470 1.20944 1.17605 1.14717 1.10658 0.99671 0.88069 2.86103
5.50000 300.00000 -1.36006 -1.05695 -0.63935 -0.42504 -0.16105 0.18745 0.40377 0.67876 0.84657 1.01854 1.07825 1.12069 1.13168 1.13364 1.11241 1.07127 1.06384 1.04701 1.03069 0.99829 0.97110 0.93323 0.83226 0.71717 2.75319
5.50000 350.00000 -1.41729 -1.11531 -0.69965 -0.48664 -0.22466 0.12015 0.33304 0.60165 0.76358 0.92497 0.97765 1.00984 1.01377 1.00677 0.97404 0.91868 0.90390 0.88180 0.86509 0.83431 0.80901 0.77399 0.68150 0.56726 2.66561
5.50000 400.00000 -1.46794 -1.16703 -0.75326 -0.54153 -0.28149 0.05967 0.26916 0.53144 0.68755 0.83854 0.88433 0.90658 0.90371 0.88817 0.84465 0.77630 0.75510 0.72881 0.71211 0.68319 0.65983 0.62756 0.54281 0.42931 2.58706
5.50000 450.00000 -1.50316 -1.20330 -0.79135 -0.58085 -0.32276 0.01482 0.22094 0.47697 0.62734 0.76803 0.80706 0.81959 0.81015 0.78636 0.73254 0.65193 0.62475 0.59462 0.57792 0.55067 0.52901 0.49916 0.42107 0.30819 2.52898
5.50000 500.00000 -1.53666 -1.23780 -0.82763 -0.61835 -0.36211 -0.02809 0.17472 0.42458 0.56926 0.69989 0.73233 0.73544 0.71964 0.68799 0.62441 0.53246 0.49990 0.46649 0.44994 0.42440 0.40435 0.37672 0.30461 0.19227 2.47350
5.50000 600.00000 -1.59100 -1.29437 -0.88826 -0.68178 -0.43007 -0.10457 0.09014 0.32493 0.45576 0.56190 0.57857 0.55950 0.52910 0.47973 0.39506 0.28044 0.23873 0.20264 0.18888 0.16974 0.15468 0.13332 0.07602 -0.03514 2.37571
5.50000 700.00000 -1.65019 -1.35536 -0.95250 -0.74828 -0.50007 -0.18123 0.00722 0.23040 0.35069 0.43845 0.44336 0.40799 0.36692 0.30475 0.20497 0.07419 0.02582 -0.01277 -0.02518 -0.04070 -0.05292 -0.07071 -0.11976 -0.23027 2.28707
5.50000 800.00000 -1.71005 -1.41695 -1.01723 -0.81518 -0.57043 -0.25814 -0.07584 0.13594 0.24586 0.31557 0.30906 0.25782 0.20644 0.13191 0.01761 -0.12881 -0.18385 -0.22568 -0.23741 -0.25041 -0.26051 -0.27561 -0.31843 -0.42848 2.20483
5.50000 1000.00000 -1.83012 -1.54014 -1.14620 -0.94817 -0.70978 -0.40959 -0.23872 -0.04794 0.04302 0.08015 0.05321 -0.02589 -0.09509 -0.19060 -0.32894 -0.50006 -0.56474 -0.60990 -0.61960 -0.62756 -0.63386 -0.64431 -0.67717 -0.78650 2.05563
5.50000 1200.00000 -1.92052 -1.63404 -1.24668 -1.05337 -0.82255 -0.53696 -0.37994 -0.21490 -0.14725 -0.15035 -0.20255 -0.31621 -0.40765 -0.52956 -0.69885 -0.90371 -0.98385 -1.03942 -1.05031 -1.05683 -1.06119 -1.06888 -1.09522 -1.20409 1.88454
5.50000 1500.00000 -2.07258 -1.79071 -1.41217 -1.22516 -1.00449 -0.73844 -0.59998 -0.46921 -0.43243 -0.48827 -0.57327 -0.73141 -0.85120 -1.00655 -1.21466 -1.46160 -1.56114 -1.63042 -1.64354 -1.64936 -1.65208 -1.65725 -1.67764 -1.78610 1.65503
6.00000 0.00000 0.96915 1.26331 1.66797 1.87516 2.13004 2.46593 2.67411 2.94135 3.10982 3.30083 3.38450 3.47467 3.52544 3.58431 3.64538 3.72477 3.79675 3.87042 3.88984 3.88798 3.87180 3.84014 3.72934 3.61169 5.04953
6.00000 1.00000 0.96168 1.25574 1.66026 1.86735 2.12205 2.45759 2.66546 2.93202 3.09983 3.28950 3.37216 3.46070 3.51016 3.56714 3.62518 3.69913 3.76640 3.83262 3.84776 3.84052 3.82115 3.78596 3.66740 3.54909 5.03991
6.00000 5.00000 0.82991 1.12380 1.52802 1.73492 1.98935 2.32439 2.53181 2.79753 2.96455 3.15274 3.23432 3.32113 3.36933 3.42444 3.47968 3.54885 3.61231 3.67288 3.68499 3.67413 3.65272 3.61535 3.49243 3.37378 4.91813
6.00000 10.00000 0.64154 0.93521 1.33905 1.54573 1.79982 2.13426 2.34115 2.60586 2.77195 2.95842 3.03879 3.12374 3.17053 3.22373 3.27615 3.34096 3.40123 3.45763 3.46779 3.45492 3.43252 3.39427 3.27022 3.15154 4.75037
6.00000 15.00000 0.46425 0.75774 1.16136 1.36790 1.62178 1.95590 2.16250 2.42679 2.59249 2.77827 2.85816 2.94233 2.98851 3.04082 3.09184 3.15408 3.21215 3.26502 3.27316 3.25772 3.23382 3.19387 3.06615 2.94715 4.58349
6.00000 20.00000 0.32701 0.62032 1.02366 1.23002 1.48370 1.81744 2.02372 2.28745 2.45267 2.63754 2.71679 2.79996 2.84537 2.89661 2.94597 3.00538 3.06113 3.11058 3.11685 3.09916 3.07398 3.03266 2.90214 2.78292 4.45668
6.00000 25.00000 0.21426 0.50738 0.91041 1.11659 1.36996 1.70322 1.90906 2.17199 2.33646 2.51995 2.59824 2.67989 2.72417 2.77381 2.82081 2.87638 2.92919 2.97455 2.97877 2.95876 2.93235 2.88978 2.75708 2.63771 4.34971
6.00000 30.00000 0.11621 0.40917 0.81195 1.01798 1.27115 1.60406 1.80963 2.07208 2.23613 2.41885 2.49661 2.57741 2.62104 2.66975 2.71532 2.76841 2.81921 2.86148 2.86400 2.84194 2.81433 2.77048 2.63510 2.51552 4.25984
6.00000 40.00000 -0.03606 0.25659 0.65892 0.86467 1.11746 1.44976 1.65482 1.91642 2.07971 2.26109 2.33789 2.41721 2.45972 2.50684 2.54990 2.59864 2.64583 2.68262 2.68209 2.65632 2.62657 2.58037 2.44012 2.32011 4.11729
6.00000 50.00000 -0.15668 0.13568 0.53757 0.74308 0.99552 1.32728 1.53189 1.79274 1.95541 2.13568 2.21175 2.28990 2.33152 2.37738 2.41852 2.46405 2.50863 2.54157 2.53896 2.51073 2.47959 2.43193 2.28867 2.16844 4.00451
6.00000 60.00000 -0.23576 0.05636 0.45790 0.66323 0.91544 1.24688 1.45126 1.71183 1.87430 2.05433 2.13025 2.20821 2.24968 2.29532 2.33610 2.38089 2.42479 2.45650 2.45314 2.42391 2.39217 2.34381 2.19897 2.07857 3.91800
6.00000 70.00000 -0.28793 0.00391 0.40502 0.61012 0.86199 1.19287 1.39680 1.65659 1.81841 1.99726 2.07240 2.14913 2.18970 2.23411 2.27303 2.31488 2.35654 2.38525 2.38043 2.34957 2.31701 2.26782 2.12168 2.00123 3.85226
6.00000 80.00000 -0.30998 -0.01850 0.38202 0.58672 0.83801 1.16787 1.37085 1.62888 1.78906 1.96486 2.03788 2.11136 2.14954 2.19068 2.22503 2.25997 2.29691 2.32008 2.31300 2.28024 2.24698 2.19750 2.05238 1.93216 3.80424
6.00000 90.00000 -0.32888 -0.03774 0.36223 0.56660 0.81737 1.14631 1.34847 1.60499 1.76376 1.93701 2.00825 2.07903 2.11525 2.15375 2.18438 2.21393 2.24738 2.26670 2.25826 2.22455 2.19113 2.14181 1.99865 1.87873 3.76219
6.00000 100.00000 -0.34541 -0.05459 0.34488 0.54889 0.79918 1.12723 1.32858 1.58367 1.74110 1.91189 1.98146 2.04971 2.08410 2.12016 2.14741 2.17219 2.20268 2.21896 2.20964 2.17557 2.14236 2.09360 1.95309 1.83351 3.72545
6.00000 110.00000 -0.36017 -0.06967 0.32929 0.53295 0.78276 1.10993 1.31048 1.56411 1.72022 1.88855 1.95644 2.02213 2.05467 2.08827 2.11209 2.13199 2.15936 2.17242 2.16202 2.12734 2.09413 2.04570 1.90727 1.78798 3.69203
6.00000 120.00000 -0.37243 -0.08225 0.31616 0.51952 0.76880 1.09508 1.29481 1.54691 1.70160 1.86737 1.93349 1.99652 2.02715 2.05823 2.07861 2.09373 2.11822 2.12855 2.11743 2.08266 2.04978 2.00207 1.86662 1.74769 3.66345
6.00000 130.00000 -0.38929 -0.09941 0.29849 0.50153 0.75032 1.07573 1.27467 1.52530 1.67866 1.84194 1.90638 1.96686 1.99567 2.02431 2.04134 2.05179 2.07338 2.08079 2.06880 2.03362 2.00086 1.95360 1.82034 1.70171 3.63078
6.00000 140.00000 -0.40897 -0.11936 0.27810 0.48084 0.72921 1.05387 1.25214 1.50156 1.65378 1.81505 1.87810 1.93648 1.96379 1.99043 2.00471 2.01126 2.03039 2.03525 2.02240 1.98671 1.95393 1.90688 1.77505 1.65661 3.59697
6.00000 150.00000 -0.43034 -0.14100 0.25603 0.45850 0.70648 1.03045 1.22810 1.47641 1.62763 1.78705 1.84886 1.90536 1.93133 1.95618 1.96800 1.97110 1.98806 1.99066 1.97707 1.94095 1.90815 1.86131 1.73074 1.61246 3.56564
6.00000 175.00000 -0.47733 -0.18869 0.20719 0.40892 0.65580 0.97778 1.17362 1.41861 1.56677 1.72065 1.77871 1.82960 1.85160 1.87125 1.87610 1.86986 1.88147 1.87943 1.86492 1.82919 1.79739 1.75228 1.62796 1.51040 3.49460
6.00000 200.00000 -0.51968 -0.23172 0.16306 0.36407 0.60988 0.92993 1.12399 1.36575 1.51091 1.65933 1.71368 1.75905 1.77714 1.79167 1.78963 1.77413 1.78032 1.77328 1.75754 1.72166 1.69044 1.64656 1.52704 1.41003 3.42698
6.00000 250.00000 -0.59167 -0.30497 0.08766 0.28728 0.53097 0.84715 1.03768 1.27289 1.41203 1.54951 1.59649 1.63094 1.64133 1.64589 1.63064 1.59784 1.59427 1.57889 1.56147 1.52611 1.49647 1.45533 1.34542 1.22947 3.31064
6.00000 300.00000 -0.65955 -0.37397 0.01678 0.21517 0.45702 0.76985 0.95730 1.18687 1.32085 1.44898 1.48972 1.51498 1.51899 1.51530 1.48929 1.44270 1.43157 1.41002 1.39149 1.35683 1.32851 1.28960 1.18707 1.07194 3.21343
6.00000 350.00000 -0.70988 -0.42550 -0.03678 0.16025 0.39999 0.70891 0.89273 1.11557 1.24331 1.36024 1.39353 1.40793 1.40447 1.39133 1.35332 1.29209 1.27361 1.24731 1.22888 1.19651 1.17058 1.13508 1.04233 0.92811 3.13095
6.00000 400.00000 -0.75878 -0.47545 -0.08863 0.10714 0.34493 0.65024 0.83069 1.04727 1.16927 1.27589 1.30239 1.30697 1.29680 1.27527 1.22661 1.15276 1.12815 1.09799 1.07973 1.04941 1.02547 0.99278 0.90785 0.79436 3.05887
6.00000 450.00000 -0.79524 -0.51298 -0.12796 0.06660 0.30251 0.60433 0.78150 0.99204 1.10846 1.20517 1.22511 1.22029 1.20375 1.17427 1.11572 1.03011 0.99983 0.96613 0.94796 0.91935 0.89712 0.86681 0.78839 0.67550 2.99788
6.00000 500.00000 -0.83254 -0.55125 -0.16793 0.02548 0.25960 0.55811 0.73219 0.93701 1.04819 1.13559 1.14946 1.13597 1.11363 1.07696 1.00958 0.91384 0.87891 0.84271 0.82496 0.79826 0.77772 0.74969 0.67714 0.56477 2.94404
6.00000 600.00000 -0.88399 -0.60492 -0.22559 -0.03495 0.19480 0.48498 0.65122 0.84140 0.93918 1.00296 1.00165 0.96687 0.93054 0.87703 0.78980 0.67328 0.63052 0.59335 0.57916 0.55971 0.54455 0.52316 0.46600 0.35486 2.84796
6.00000 700.00000 -0.94749 -0.67013 -0.29390 -0.10537 0.12107 0.40506 0.56550 0.74498 0.83304 0.87984 0.86767 0.81779 0.77157 0.70617 0.60486 0.47320 0.42413 0.38437 0.37134 0.35506 0.34246 0.32430 0.27468 0.16413 2.75706
6.00000 800.00000 -0.99915 -0.72357 -0.35061 -0.16437 0.05848 0.33565 0.48968 0.65732 0.73463 0.76286 0.73896 0.67302 0.61648 0.53891 0.42370 0.27813 0.22416 0.18399 0.17319 0.16133 0.15185 0.13744 0.09586 -0.01411 2.67818
6.00000 1000.00000 -1.10983 -0.83740 -0.47019 -0.28793 -0.07142 0.19375 0.33648 0.48338 0.54200 0.53810 0.49414 0.40087 0.32691 0.22892 0.09049 -0.07850 -0.14127 -0.18370 -0.19198 -0.19840 -0.20385 -0.21344 -0.24486 -0.35411 2.53501
6.00000 1200.00000 -1.20399 -0.93493 -0.57406 -0.39629 -0.18699 0.06438 0.19399 0.31669 0.35343 0.31195 0.24452 0.11929 0.02493 -0.09714 -0.26339 -0.46192 -0.53750 -0.58747 -0.59583 -0.59972 -0.60280 -0.60927 -0.63381 -0.74256 2.37380
6.00000 1500.00000 -1.35194 -1.08740 -0.73510 -0.56346 -0.36397 -0.13149 -0.01974 0.07001 0.07720 -0.01461 -0.11325 -0.28053 -0.40157 -0.55487 -0.75700 -0.99357 -1.08606 -1.14693 -1.15640 -1.15857 -1.15956 -1.16318 -1.18136 -1.28972 2.16049
6.50000 0.00000 1.39816 1.66892 2.03867 2.22575 2.45337 2.74743 2.92382 3.14507 3.28268 3.43862 3.50919 3.58905 3.63623 3.69246 3.75121 3.82688 3.89530 3.96269 3.97821 3.97112 3.95170 3.91628 3.79669 3.67823 5.17467
6.50000 1.00000 1.40147 1.67217 2.04183 2.22883 2.45633 2.75019 2.92636 3.14720 3.28439 3.43946 3.50934 3.58803 3.63423 3.68901 3.74527 3.81612 3.88008 3.93989 3.95080 3.93767 3.91454 3.87489 3.74548 3.62614 5.16792
6.50000 5.00000 1.31477 1.58525 1.95457 2.14135 2.36854 2.66178 2.83740 3.05718 3.19336 3.34650 3.41501 3.49153 3.53609 3.58854 3.64132 3.70643 3.76595 3.81942 3.82707 3.81019 3.78500 3.74324 3.60993 3.49032 5.07501
6.50000 10.00000 1.18530 1.45549 1.82426 2.01069 2.23729 2.52946 2.70409 2.92193 3.05628 3.20599 3.27214 3.34503 3.38698 3.43595 3.48397 3.54257 3.59827 3.64850 3.65565 3.63946 3.61535 3.57541 3.44872 3.32990 4.94497
6.50000 15.00000 1.03846 1.30849 1.67700 1.86328 2.08969 2.38157 2.55591 2.77331 2.90726 3.05627 3.12191 3.19404 3.23540 3.28357 3.33031 3.38677 3.44071 3.48835 3.49411 3.47626 3.45123 3.41027 3.28156 3.16257 4.81060
6.50000 20.00000 0.91792 1.18779 1.55610 1.74223 1.96847 2.26006 2.43418 2.65123 2.78489 2.93333 2.99860 3.07011 3.11099 3.15845 3.20410 3.25854 3.31079 3.35569 3.35986 3.34001 3.31381 3.27157 3.14003 3.02079 4.70373
6.50000 25.00000 0.81311 1.08281 1.45088 1.63686 1.86289 2.15414 2.32796 2.54454 2.67773 2.82538 2.89005 2.96063 3.00081 3.04724 3.09131 3.14298 3.19292 3.23427 3.23649 3.21428 3.18669 3.14294 3.00823 2.88873 4.60995
6.50000 30.00000 0.72261 0.99216 1.36000 1.54585 1.77172 2.06271 2.23633 2.45254 2.58546 2.73257 2.79688 2.86687 2.90657 2.95232 2.99529 3.04498 3.09317 3.13176 3.13238 3.10811 3.07932 3.03423 2.89655 2.77679 4.53074
6.50000 40.00000 0.57774 0.84701 1.21444 1.40006 1.62563 1.91616 2.08942 2.30504 2.43748 2.58374 2.64745 2.71644 2.75536 2.79993 2.84096 2.88696 2.93183 2.96489 2.96221 2.93370 2.90232 2.85432 2.71004 2.58970 4.40122
6.50000 50.00000 0.46343 0.73241 1.09944 1.28485 1.51008 1.80013 1.97303 2.18805 2.31998 2.46533 2.52845 2.59651 2.63470 2.67827 2.71777 2.76115 2.80387 2.83374 2.82932 2.79873 2.76616 2.71690 2.57004 2.44948 4.29870
6.50000 60.00000 0.38903 0.65780 1.02452 1.20978 1.43486 1.72469 1.89746 2.11241 2.24434 2.38986 2.45308 2.52134 2.55971 2.60347 2.64322 2.68680 2.72952 2.75906 2.75430 2.72315 2.69018 2.64040 2.49212 2.37143 4.22105
6.50000 70.00000 0.33906 0.60758 0.97394 1.15899 1.38379 1.67318 1.84563 2.06004 2.19153 2.33627 2.39898 2.46644 2.50421 2.54709 2.58550 2.62680 2.66765 2.69437 2.68807 2.65505 2.62103 2.57010 2.41948 2.29859 4.16230
6.50000 80.00000 0.31872 0.58688 0.95267 1.13737 1.36163 1.65008 1.82164 2.03445 2.16444 2.30639 2.36717 2.43161 2.46716 2.50707 2.54116 2.57596 2.61234 2.63371 2.62521 2.59022 2.55547 2.50411 2.35417 2.23348 4.11927
6.50000 90.00000 0.30198 0.56981 0.93510 1.11947 1.34326 1.63085 1.80167 2.01311 2.14184 2.28149 2.34064 2.40265 2.43642 2.47394 2.50472 2.53475 2.56808 2.58626 2.57672 2.54120 2.50652 2.45560 2.30813 2.18776 4.08339
6.50000 100.00000 0.28676 0.55429 0.91908 1.10313 1.32645 1.61323 1.78332 1.99343 2.12093 2.25831 2.31593 2.37558 2.40765 2.44288 2.47047 2.49600 2.52646 2.54170 2.53125 2.49531 2.46075 2.41030 2.26523 2.14518 4.05066
6.50000 110.00000 0.27483 0.54207 0.90633 1.09005 1.31286 1.59877 1.76803 1.97663 2.10274 2.23755 2.29340 2.35037 2.38052 2.41316 2.43721 2.45777 2.48517 2.49742 2.48614 2.44999 2.41572 2.36594 2.22393 2.10430 4.02359
6.50000 120.00000 0.26374 0.53064 0.89440 1.07780 1.30013 1.58516 1.75364 1.96079 2.08554 2.21787 2.27202 2.32641 2.35471 2.38487 2.40554 2.42139 2.44593 2.45542 2.44338 2.40707 2.37312 2.32402 2.18492 2.06564 3.99839
6.50000 130.00000 0.24777 0.51439 0.87767 1.06075 1.28261 1.56681 1.73453 1.94029 2.06375 2.19371 2.24623 2.29815 2.32464 2.35244 2.36985 2.38108 2.40274 2.40924 2.39630 2.35949 2.32562 2.27690 2.13989 2.02088 3.96799
6.50000 140.00000 0.22943 0.49576 0.85858 1.04139 1.26284 1.54631 1.71336 1.91794 2.04031 2.16826 2.21939 2.26924 2.29425 2.32006 2.33467 2.34199 2.36118 2.36511 2.35130 2.31403 2.28011 2.23166 2.09615 1.97734 3.93817
6.50000 150.00000 0.21131 0.47737 0.83975 1.02227 1.24329 1.52601 1.69239 1.89571 2.01693 2.14280 2.19252 2.24023 2.26370 2.28751 2.29946 2.30313 2.32020 2.32227 2.30809 2.27095 2.23743 2.18967 2.05677 1.93827 3.91328
6.50000 175.00000 0.16823 0.43361 0.79482 0.97662 1.19653 1.47727 1.64181 1.84180 1.95995 2.08018 2.12607 2.16805 2.18747 2.20596 2.21079 2.20502 2.21668 2.21428 2.19938 2.16293 2.13063 2.08489 1.95897 1.84125 3.85185
6.50000 200.00000 0.12686 0.39158 0.75176 0.93287 1.15177 1.43069 1.59359 1.79052 1.90585 2.02092 2.06330 2.10001 2.11566 2.12920 2.12730 2.11231 2.11843 2.11055 2.09401 2.05687 2.02481 1.97988 1.85779 1.74054 3.79289
6.50000 250.00000 0.04856 0.31213 0.67036 0.85023 1.06728 1.34286 1.50275 1.69413 1.80436 1.91018 1.94629 1.97367 1.98275 1.98772 1.97440 1.94424 1.94165 1.92601 1.90769 1.87061 1.83967 1.79689 1.68274 1.56639 3.68868
6.50000 300.00000 -0.01732 0.24514 0.60155 0.78024 0.99550 1.26783 1.42474 1.61068 1.71590 1.81260 1.84261 1.86095 1.86372 1.86055 1.83655 1.79265 1.78251 1.76072 1.74135 1.70505 1.67552 1.63510 1.52875 1.41323 3.59992
6.50000 350.00000 -0.06554 0.19576 0.55018 0.72754 0.94075 1.20930 1.36267 1.54206 1.64116 1.72687 1.74953 1.75712 1.75248 1.73992 1.70393 1.64538 1.62791 1.60139 1.58217 1.54832 1.52127 1.48443 1.38833 1.27382 3.52455
6.50000 400.00000 -0.10849 0.15171 0.50420 0.68029 0.89149 1.15633 1.30622 1.47913 1.57226 1.64721 1.66273 1.66002 1.64836 1.62697 1.57990 1.50827 1.48458 1.45460 1.43593 1.40476 1.38019 1.34667 1.25979 1.14612 3.45665
6.50000 450.00000 -0.15022 0.10900 0.45980 0.63474 0.84419 1.10577 1.25263 1.41993 1.50791 1.57366 1.58310 1.57166 1.55410 1.52534 1.46911 1.38679 1.35805 1.32525 1.30698 1.27783 1.25510 1.22416 1.14401 1.03096 3.39833
6.50000 500.00000 -0.18896 0.06932 0.41847 0.59228 0.80002 1.05842 1.20230 1.36411 1.44701 1.50375 1.50731 1.48746 1.46420 1.42845 1.36359 1.27140 1.23817 1.20304 1.18526 1.15815 1.13718 1.10857 1.03451 0.92200 3.34415
6.50000 600.00000 -0.23819 0.01792 0.36317 0.53429 0.73775 0.98805 1.12428 1.27182 1.34169 1.37537 1.36412 1.32349 1.28667 1.23458 1.15072 1.03906 0.99911 0.96463 0.95133 0.93254 0.91757 0.89627 0.83892 0.72775 3.25116
6.50000 700.00000 -0.30583 -0.05139 0.29090 0.45998 0.66029 0.90465 1.03532 1.17262 1.23316 1.25053 1.22882 1.17365 1.12729 1.06374 0.96629 0.84011 0.79418 0.75745 0.74541 0.72991 0.71754 0.69953 0.64980 0.53922 3.15878
6.50000 800.00000 -0.35081 -0.09817 0.24080 0.40760 0.60428 0.84175 0.96593 1.09124 1.14091 1.13951 1.10601 1.03476 0.97815 0.90265 0.79182 0.65298 0.60334 0.56819 0.55950 0.54969 0.54118 0.52765 0.48730 0.37740 3.08360
6.50000 1000.00000 -0.45510 -0.20556 0.12775 0.29061 0.48103 0.70670 0.81977 0.92467 0.95597 0.92307 0.86993 0.77208 0.69862 0.60352 0.47073 0.31060 0.25377 0.21845 0.21329 0.21008 0.20611 0.19795 0.16863 0.05948 2.94645
6.50000 1200.00000 -0.55357 -0.30718 0.02022 0.17889 0.36265 0.57549 0.67645 0.75898 0.77010 0.70260 0.62788 0.50073 0.40862 0.29164 0.13370 -0.05272 -0.12063 -0.16183 -0.16656 -0.16696 -0.16842 -0.17346 -0.19605 -0.30474 2.79470
6.50000 1500.00000 -0.69171 -0.44987 -0.13112 0.02138 0.19521 0.38899 0.47195 0.52134 0.50285 0.38515 0.27958 0.11123 -0.00670 -0.15354 -0.34496 -0.56524 -0.64677 -0.69452 -0.69832 -0.69484 -0.69315 -0.69436 -0.70924 -0.81745 2.59703
7.00000 0.00000 1.78846 2.03190 2.36177 2.52641 2.72437 2.97495 3.12011 3.29959 3.41168 3.54185 3.60402 3.67810 3.72355 3.77865 3.83628 3.90963 3.97543 4.03764 4.04966 4.03770 4.01513 3.97598 3.84718 3.72784 5.29436
7.00000 1.00000 1.79670 2.04009 2.36988 2.53444 2.73234 2.98275 3.12775 3.30691 3.41869 3.54818 3.60982 3.68297 3.72763 3.78152 3.83708 3.90626 3.96810 4.02341 4.03117 4.01353 3.98741 3.94418 3.80571 3.68548 5.28401
7.00000 5.00000 1.73500 1.97819 2.30766 2.47204 2.66961 2.91944 3.06392 3.24206 3.35288 3.48054 3.54086 3.61191 3.65499 3.70667 3.75892 3.82268 3.88037 3.92987 3.93467 3.91369 3.88580 3.84076 3.69913 3.57868 5.20553
7.00000 10.00000 1.63283 1.87580 2.20488 2.36901 2.56619 2.81534 2.95917 3.13611 3.24582 3.37137 3.43024 3.49909 3.54057 3.59014 3.63944 3.69917 3.75445 3.80184 3.80630 3.78570 3.75848 3.71458 3.57720 3.45727 5.09719
7.00000 15.00000 1.51303 1.75582 2.08463 2.24860 2.44557 2.69434 2.83784 3.01421 3.12340 3.24803 3.30626 3.37413 3.41488 3.46344 3.51137 3.56895 3.62279 3.66849 3.67225 3.65108 3.62364 3.57966 3.44263 3.32279 4.98240
7.00000 20.00000 1.41144 1.65410 1.98269 2.14653 2.34334 2.59184 2.73513 2.91116 3.02005 3.14414 3.20199 3.26924 3.30954 3.35743 3.40432 3.46008 3.51238 3.55569 3.55811 3.53528 3.50688 3.46185 3.32255 3.20251 4.89047
7.00000 25.00000 1.32058 1.56309 1.89145 2.05516 2.25178 2.50000 2.64306 2.81869 2.92723 3.05066 3.10805 3.17457 3.21429 3.26139 3.30699 3.36051 3.41095 3.45136 3.45219 3.42738 3.39785 3.35153 3.20960 3.08933 4.80987
7.00000 30.00000 1.24447 1.48683 1.81500 1.97858 2.17504 2.42302 2.56588 2.74118 2.84944 2.97235 3.02938 3.09532 3.13460 3.18103 3.22557 3.27728 3.32613 3.36405 3.36343 3.33684 3.30621 3.25876 3.11420 2.99372 4.74445
7.00000 40.00000 1.11510 1.35719 1.68496 1.84834 2.04452 2.29207 2.43461 2.60938 2.71721 2.83935 2.89584 2.96090 2.99950 3.04493 3.08790 3.13665 3.18293 3.21668 3.21361 3.18391 3.15143 3.10187 2.95265 2.83175 4.63365
7.00000 50.00000 1.01413 1.25594 1.58336 1.74653 1.94243 2.18954 2.33173 2.50599 2.61335 2.73470 2.79065 2.85486 2.89281 2.93733 2.97890 3.02525 3.06957 3.10038 3.09573 3.06410 3.03053 2.97979 2.82816 2.70707 4.54667
7.00000 60.00000 0.94635 1.18795 1.51507 1.67810 1.87381 2.12072 2.26280 2.43694 2.54428 2.66569 2.72172 2.78608 2.82414 2.86880 2.91059 2.95725 3.00176 3.03273 3.02810 2.99645 2.96285 2.91204 2.76014 2.63899 4.47784
7.00000 70.00000 0.90061 1.14198 1.46876 1.63158 1.82706 2.07358 2.21536 2.38901 2.49598 2.61672 2.67228 2.73590 2.77341 2.81729 2.85785 2.90235 2.94506 2.97325 2.96708 2.93352 2.89881 2.84679 2.69231 2.57095 4.42458
7.00000 80.00000 0.88351 1.12455 1.45082 1.61331 1.80831 2.05397 2.19497 2.36720 2.47282 2.59106 2.64488 2.70580 2.74133 2.78252 2.81925 2.85804 2.89689 2.92061 2.91270 2.87775 2.84264 2.79055 2.63757 2.51648 4.38833
7.00000 90.00000 0.86851 1.10926 1.43502 1.59722 1.79176 2.03663 2.17692 2.34783 2.45226 2.56825 2.62053 2.67909 2.71291 2.75179 2.78531 2.81953 2.85546 2.87623 2.86743 2.83214 2.79723 2.74573 2.59559 2.47487 4.35554
7.00000 100.00000 0.85442 1.09487 1.42020 1.58210 1.77621 2.02035 2.15998 2.32969 2.43299 2.54695 2.59779 2.65420 2.68643 2.72322 2.75379 2.78378 2.81702 2.83497 2.82527 2.78952 2.75469 2.70359 2.55567 2.43525 4.32617
7.00000 110.00000 0.84350 1.08366 1.40849 1.57008 1.76372 2.00701 2.14587 2.31416 2.41614 2.52764 2.57680 2.63061 2.66099 2.69527 2.72240 2.74752 2.77774 2.79268 2.78213 2.74613 2.71155 2.66113 2.51624 2.39622 4.30211
7.00000 120.00000 0.83209 1.07196 1.39632 1.55760 1.75079 1.99327 2.13140 2.29832 2.39904 2.50818 2.55572 2.60706 2.63564 2.66750 2.69129 2.71164 2.73882 2.75061 2.73903 2.70246 2.66793 2.61790 2.47522 2.35548 4.27755
7.00000 130.00000 0.81718 1.05676 1.38064 1.54165 1.73440 1.97610 2.11351 2.27914 2.37861 2.48553 2.53149 2.58045 2.60730 2.63689 2.65747 2.67329 2.69761 2.70642 2.69387 2.65679 2.62232 2.57262 2.43197 2.31252 4.25085
7.00000 140.00000 0.79948 1.03881 1.36230 1.52303 1.71542 1.95648 2.09331 2.25788 2.35640 2.46152 2.50626 2.55336 2.57889 2.60667 2.62480 2.63711 2.65923 2.66576 2.65248 2.61502 2.58058 2.53115 2.39207 2.27285 4.22459
7.00000 150.00000 0.78248 1.02154 1.34462 1.50509 1.69708 1.93741 2.07360 2.23699 2.33441 2.43752 2.48090 2.52593 2.54997 2.57581 2.59130 2.60001 2.61999 2.62462 2.61095 2.57359 2.53952 2.49081 2.35432 2.23540 4.20309
7.00000 175.00000 0.73975 0.97817 1.30019 1.45998 1.65097 1.88951 2.02405 2.18442 2.27906 2.37700 2.41684 2.45659 2.47684 2.49771 2.50647 2.50611 2.52081 2.52075 2.50607 2.46902 2.43590 2.38888 2.25865 2.14045 4.14864
7.00000 200.00000 0.69771 0.93555 1.25662 1.41581 1.60591 1.84286 1.97597 2.13372 2.22592 2.31943 2.35626 2.39140 2.40842 2.42497 2.42787 2.41948 2.42931 2.42457 2.40856 2.37106 2.33826 2.29212 2.16574 2.04802 4.09587
7.00000 250.00000 0.62090 0.85765 1.17691 1.33497 1.52333 1.75719 1.88750 2.04009 2.12753 2.21234 2.24326 2.26961 2.28037 2.28880 2.28091 2.25815 2.25982 2.24800 2.23060 2.19362 2.16222 2.11855 2.00096 1.88421 4.00090
7.00000 300.00000 0.56413 0.79981 1.11728 1.27417 1.46078 1.69144 1.81879 1.96593 2.04832 2.12394 2.14865 2.16583 2.17020 2.17039 2.15169 2.11527 2.10965 2.09242 2.07455 2.03920 2.00983 1.96924 1.86131 1.74557 3.92574
7.00000 350.00000 0.51686 0.75145 1.06704 1.22267 1.40734 1.63443 1.75842 1.89929 1.97586 2.04090 2.05851 2.06529 2.06247 2.05351 2.02310 1.97230 1.95945 1.93753 1.91981 1.88694 1.86008 1.82311 1.72567 1.61097 3.85774
7.00000 400.00000 0.47175 0.70532 1.01916 1.17362 1.35648 1.58018 1.70103 1.83608 1.90724 1.96254 1.97370 1.97115 1.96197 1.94507 1.90475 1.84246 1.82440 1.80022 1.78361 1.75400 1.72990 1.69657 1.60890 1.49510 3.79765
7.00000 450.00000 0.42758 0.66020 0.97241 1.12578 1.30697 1.52756 1.64553 1.77518 1.84137 1.88774 1.89300 1.88194 1.86699 1.84285 1.79353 1.72070 1.69770 1.67080 1.65466 1.62716 1.60498 1.57430 1.49366 1.38051 3.74090
7.00000 500.00000 0.38960 0.62130 0.93191 1.08420 1.26371 1.48119 1.59620 1.72040 1.78156 1.81898 1.81839 1.79897 1.77843 1.74744 1.68979 1.60775 1.58093 1.55289 1.53797 1.51341 1.49353 1.46581 1.39251 1.27999 3.68805
7.00000 600.00000 0.33244 0.56217 0.86921 1.01902 1.19462 1.40470 1.51270 1.62385 1.67301 1.68914 1.67478 1.63602 1.60273 1.55635 1.48054 1.37954 1.34571 1.31729 1.30602 1.28877 1.27426 1.25316 1.19536 1.08411 3.59754
7.00000 700.00000 0.26565 0.49378 0.79797 0.94585 1.11843 1.32281 1.42550 1.52676 1.56691 1.56722 1.54269 1.48974 1.44715 1.38959 1.30059 1.18551 1.14604 1.11582 1.10608 1.09243 1.08073 1.06313 1.01342 0.90280 3.50861
7.00000 800.00000 0.21607 0.44251 0.74363 0.88939 1.05857 1.25654 1.35316 1.44321 1.47318 1.45589 1.42026 1.35217 1.29993 1.23109 1.12950 1.00266 0.95992 0.93165 0.92539 0.91753 0.90972 0.89667 0.85647 0.74654 3.43382
7.00000 1000.00000 0.10933 0.33283 0.62853 0.77051 0.93374 1.12036 1.20631 1.27672 1.28893 1.24107 1.18636 1.09233 1.02364 0.93565 0.81257 0.66489 0.61517 0.58698 0.58435 0.58318 0.58005 0.57245 0.54354 0.43438 3.30629
7.00000 1200.00000 0.01666 0.23711 0.52714 0.66510 0.82186 0.99613 1.07038 1.11918 1.11191 1.03073 0.95531 0.83334 0.74699 0.63847 0.49223 0.32138 0.26280 0.23162 0.23079 0.23393 0.23401 0.23025 0.20920 0.10058 3.16522
7.00000 1500.00000 -0.11603 0.10008 0.38185 0.51389 0.66114 0.81716 0.87411 0.89115 0.85545 0.72622 0.62133 0.46012 0.34930 0.21268 0.03523 -0.16643 -0.23671 -0.27231 -0.27130 -0.26341 -0.25981 -0.25937 -0.27227 -0.38040 2.98245
7.50000 0.00000 2.10153 2.31623 2.60513 2.74729 2.91633 3.12633 3.24402 3.38943 3.48272 3.59627 3.65410 3.72619 3.77164 3.82735 3.88599 3.96014 4.02562 4.08565 4.09560 4.08021 4.05517 4.01289 3.87543 3.75519 5.38365
7.50000 1.00000 2.10906 2.32372 2.61254 2.75465 2.92361 3.13346 3.25102 3.39614 3.48916 3.60210 3.65945 3.73069 3.77545 3.83008 3.88686 3.95726 4.01917 4.07292 4.07895 4.05830 4.02996 3.98385 3.83720 3.71610 5.36853
7.50000 5.00000 2.06127 2.27577 2.56429 2.70623 2.87492 3.08426 3.20134 3.34555 3.43772 3.54904 3.60522 3.67458 3.71793 3.77057 3.82436 3.88987 3.94799 3.99640 3.99971 3.97597 3.94597 3.89816 3.74852 3.62721 5.29984
7.50000 10.00000 1.97573 2.19008 2.47837 2.62016 2.78867 2.99771 3.11455 3.25833 3.35014 3.46075 3.51644 3.58513 3.62798 3.67996 3.73286 3.79716 3.85461 3.90253 3.90586 3.88244 3.85279 3.80553 3.65774 3.53665 5.20442
7.50000 15.00000 1.88852 2.10272 2.39078 2.53244 2.70077 2.90950 3.02607 3.16942 3.26082 3.37073 3.42597 3.49394 3.53624 3.58755 3.63949 3.70246 3.75910 3.80634 3.80955 3.78627 3.75686 3.71001 3.56371 3.44280 5.11077
7.50000 20.00000 1.80734 2.02138 2.30924 2.45077 2.61891 2.82736 2.94368 3.08660 3.17761 3.28681 3.34156 3.40870 3.45042 3.50087 3.55153 3.61234 3.66728 3.71203 3.71393 3.68912 3.65885 3.61111 3.46305 3.34203 5.03378
7.50000 25.00000 1.73359 1.94751 2.23520 2.37663 2.54463 2.75291 2.86912 3.01184 3.10269 3.21162 3.26614 3.33298 3.37444 3.42447 3.47445 3.53394 3.58764 3.63025 3.63083 3.60426 3.57291 3.52391 3.37293 3.25162 4.96950
7.50000 30.00000 1.66739 1.88119 2.16870 2.31004 2.47793 2.68604 2.80212 2.94466 3.03535 3.14402 3.19835 3.26487 3.30607 3.35574 3.40507 3.46332 3.51589 3.55649 3.55586 3.52769 3.49536 3.44519 3.29149 3.16995 4.91369
7.50000 40.00000 1.55543 1.76899 2.05613 2.19728 2.36491 2.57258 2.68834 2.83033 2.92057 3.02841 3.08219 3.14782 3.18835 3.23707 3.28500 3.34087 3.39152 3.42938 3.42726 3.39736 3.36405 3.31287 3.15718 3.03546 4.82238
7.50000 50.00000 1.47012 1.68343 1.97023 2.11116 2.27852 2.48579 2.60119 2.74263 2.83239 2.93937 2.99254 3.05725 3.09709 3.14485 3.19133 3.24481 3.29364 3.32890 3.32546 3.29406 3.25997 3.20796 3.05082 2.92900 4.75137
7.50000 60.00000 1.40880 1.62191 1.90844 2.04925 2.21646 2.42354 2.53885 2.68019 2.76993 2.87698 2.93023 2.99509 3.03504 3.08297 3.12972 3.18365 3.23283 3.26859 3.26540 3.23431 3.20036 3.14857 2.99176 2.86995 4.69066
7.50000 70.00000 1.37109 1.58398 1.87019 2.01081 2.17776 2.38445 2.49942 2.64025 2.72954 2.83578 2.88848 2.95247 2.99180 3.03884 3.08428 3.13613 3.18370 3.21731 3.21310 3.18085 3.14635 3.09400 2.93637 2.81453 4.64552
7.50000 80.00000 1.35585 1.56846 1.85421 1.99454 2.16107 2.36703 2.48132 2.62091 2.70903 2.81309 2.86427 2.92590 2.96347 3.00814 3.05018 3.09691 3.14098 3.17044 3.16456 3.13095 3.09601 3.04352 2.88710 2.76550 4.61315
7.50000 90.00000 1.34273 1.55507 1.84038 1.98044 2.14657 2.35183 2.46549 2.60390 2.69095 2.79300 2.84277 2.90225 2.93827 2.98082 3.01990 3.06233 3.10363 3.13018 3.12337 3.08932 3.05448 3.00247 2.84862 2.72736 4.58382
7.50000 100.00000 1.33078 1.54284 1.82774 1.96753 2.13326 2.33780 2.45086 2.58815 2.67412 2.77420 2.82260 2.87998 2.91447 2.95497 2.99118 3.02949 3.06816 3.09200 3.08436 3.04997 3.01530 2.96380 2.81251 2.69159 4.55702
7.50000 110.00000 1.32005 1.53184 1.81629 1.95579 2.12110 2.32486 2.43723 2.57320 2.65796 2.75574 2.80255 2.85748 2.89018 2.92827 2.96107 2.99444 3.02988 3.05021 3.04134 3.00617 2.97142 2.92020 2.77103 2.65043 4.53349
7.50000 120.00000 1.31007 1.52160 1.80560 1.94482 2.10971 2.31273 2.42440 2.55909 2.64264 2.73819 2.78343 2.83597 2.86693 2.90267 2.93221 2.96085 2.99324 3.01033 3.00038 2.96456 2.92981 2.87893 2.73194 2.61164 4.51160
7.50000 130.00000 1.29571 1.50699 1.79059 1.92956 2.09406 2.29640 2.40746 2.54099 2.62348 2.71702 2.76088 2.81131 2.84074 2.87443 2.90112 2.92567 2.95547 2.96987 2.95906 2.92281 2.88813 2.83763 2.69269 2.57267 4.48833
7.50000 140.00000 1.27884 1.48988 1.77311 1.91185 2.07601 2.27777 2.38827 2.52086 2.60245 2.69435 2.73707 2.78574 2.81390 2.84591 2.87023 2.89141 2.91905 2.93115 2.91958 2.88289 2.84822 2.79795 2.65450 2.53469 4.46536
7.50000 150.00000 1.26075 1.47153 1.75439 1.89290 2.05672 2.25786 2.36782 2.49940 2.58005 2.67021 2.71172 2.75859 2.78544 2.81570 2.83762 2.85544 2.88103 2.89113 2.87901 2.84217 2.80771 2.75793 2.61655 2.49699 4.44653
7.50000 175.00000 1.21943 1.42967 1.71160 1.84950 2.01243 2.21198 2.32049 2.44935 2.52751 2.61304 2.65138 2.69341 2.71681 2.74248 2.75814 2.76733 2.78772 2.79296 2.77962 2.74272 2.70896 2.66058 2.52484 2.40596 4.39887
7.50000 200.00000 1.17656 1.38628 1.66735 1.80475 1.96691 2.16511 2.27238 2.39904 2.47511 2.55685 2.59258 2.63069 2.65125 2.67321 2.68381 2.68605 2.70228 2.70358 2.68923 2.65217 2.61888 2.57151 2.43989 2.32152 4.35197
7.50000 250.00000 1.10814 1.31682 1.59620 1.73248 1.89299 2.08820 2.19274 2.31433 2.38566 2.45871 2.48853 2.51779 2.53212 2.54594 2.54569 2.53373 2.54207 2.53712 2.52201 2.48650 2.45533 2.41133 2.29096 2.17383 4.26924
7.50000 300.00000 1.05719 1.26486 1.54255 1.67772 1.83655 2.02865 2.13030 2.24652 2.31288 2.37674 2.40032 2.42035 2.42823 2.43368 2.42254 2.39663 2.39757 2.38722 2.37181 2.33826 2.30936 2.26887 2.15929 2.04330 4.20396
7.50000 350.00000 1.00843 1.21512 1.49112 1.62517 1.78226 1.97115 2.06979 2.18039 2.24150 2.29581 2.31298 2.32364 2.32500 2.32221 2.30048 2.26185 2.25654 2.24271 2.22800 2.19754 2.17150 2.13492 2.03659 1.92170 4.14419
7.50000 400.00000 0.96470 1.17044 1.44480 1.57776 1.73316 1.91889 2.01457 2.11963 2.17559 2.22057 2.23153 2.23312 2.22831 2.21776 2.18633 2.13625 2.12571 2.10946 2.09575 2.06847 2.04515 2.01224 1.92383 1.80987 4.09004
7.50000 450.00000 0.92160 1.12645 1.39926 1.53117 1.68493 1.86764 1.96048 2.06023 2.11125 2.14736 2.15245 2.14559 2.13506 2.11739 2.07718 2.01711 2.00221 1.98434 1.97180 1.94759 1.92677 1.89715 1.81727 1.70408 4.03635
7.50000 500.00000 0.88191 1.08590 1.35722 1.48809 1.64027 1.81998 1.91001 2.00452 2.05070 2.07811 2.07750 2.06249 2.04648 2.02208 1.97367 1.90450 1.88581 1.86683 1.85554 1.83429 1.81581 1.78921 1.71686 1.60433 3.98653
7.50000 600.00000 0.81592 1.01811 1.28618 1.41485 1.56352 1.73659 1.82029 1.90298 1.93823 1.94619 1.93291 1.89997 1.87207 1.83318 1.76745 1.67958 1.65341 1.63264 1.62403 1.60881 1.59494 1.57416 1.51583 1.40447 3.90124
7.50000 700.00000 0.74863 0.94934 1.21478 1.34163 1.48746 1.65519 1.73386 1.80720 1.83388 1.82673 1.80372 1.75718 1.72036 1.67073 1.59235 1.49116 1.45979 1.43779 1.43099 1.41972 1.40889 1.39183 1.34213 1.23147 3.81793
7.50000 800.00000 0.69370 0.89288 1.15549 1.28039 1.42310 1.58490 1.65796 1.72088 1.73805 1.71436 1.68090 1.62001 1.57399 1.51359 1.42309 1.31032 1.27557 1.25518 1.25157 1.24580 1.23870 1.22601 1.18564 1.07565 3.74536
7.50000 1000.00000 0.58380 0.78017 1.03761 1.15889 1.29585 1.44666 1.50931 1.55301 1.55274 1.49890 1.44652 1.35986 1.29748 1.21796 1.10595 0.97229 0.93056 0.91032 0.91052 0.91167 0.90939 0.90242 0.87388 0.76470 3.63023
7.50000 1200.00000 0.49539 0.68893 0.94104 1.05853 1.18942 1.32857 1.38016 1.40342 1.38468 1.29928 1.22731 1.11430 1.03531 0.93661 0.80321 0.64878 0.59975 0.57836 0.58120 0.58752 0.58889 0.58618 0.56619 0.45757 3.49964
7.50000 1500.00000 0.36756 0.55693 0.80102 0.91276 1.03437 1.15562 1.19027 1.18225 1.13557 1.00292 0.90204 0.75068 0.64790 0.52203 0.35877 0.17570 0.11656 0.09285 0.09850 0.11060 0.11603 0.11799 0.10694 -0.00112 3.33138
7.80000 0.00000 2.24863 2.44651 2.71190 2.84145 2.99462 3.18318 3.28706 3.41642 3.50166 3.60914 3.66595 3.73840 3.78466 3.84166 3.90210 3.97853 4.04507 4.10529 4.11459 4.09762 4.07124 4.02710 3.88383 3.76293 5.42095
7.80000 1.00000 2.25348 2.45133 2.71666 2.84616 2.99927 3.18772 3.29149 3.42063 3.50563 3.61262 3.66902 3.74074 3.78636 3.84236 3.90101 3.97370 4.03654 4.09006 4.09506 4.07222 4.04211 3.99356 3.83949 3.71755 5.40259
7.80000 5.00000 2.20629 2.40403 2.66913 2.79850 2.95141 3.13951 3.24296 3.37151 3.45596 3.56186 3.61749 3.68792 3.73257 3.78714 3.84360 3.91244 3.97206 4.02057 4.02276 3.99644 3.96428 3.91347 3.75449 3.63213 5.33653
7.80000 10.00000 2.13499 2.33259 2.59745 2.72670 2.87943 3.06722 3.17042 3.29853 3.38257 3.48775 3.54292 3.61265 3.65682 3.71079 3.76647 3.83449 3.89392 3.94301 3.94597 3.92109 3.89003 3.84068 3.68600 3.56411 5.25356
7.80000 15.00000 2.05820 2.25566 2.52039 2.64953 2.80214 2.98978 3.09286 3.22079 3.30469 3.40969 3.46473 3.53429 3.57831 3.63211 3.68758 3.75528 3.81453 3.86346 3.86641 3.84159 3.81060 3.76138 3.60713 3.48529 5.17092
7.80000 20.00000 1.98657 2.18390 2.44844 2.57746 2.72994 2.91734 3.02022 3.14783 3.23147 3.33595 3.39063 3.45961 3.50322 3.55641 3.61096 3.67717 3.73523 3.78245 3.78451 3.75865 3.72709 3.67729 3.52192 3.39998 5.10309
7.80000 25.00000 1.92062 2.11784 2.38219 2.51115 2.66352 2.85076 2.95353 3.08096 3.16447 3.26869 3.32321 3.39193 3.43532 3.48818 3.54221 3.60735 3.66445 3.71001 3.71103 3.68380 3.65140 3.60061 3.44291 3.32074 5.04580
7.80000 30.00000 1.86254 2.05965 2.32383 2.45272 2.60493 2.79199 2.89461 3.02179 3.10508 3.20894 3.26318 3.33149 3.37457 3.42702 3.48040 3.54446 3.60068 3.64497 3.64532 3.61730 3.58447 3.53322 3.37460 3.25238 4.99719
7.80000 40.00000 1.75789 1.95476 2.21863 2.34730 2.49928 2.68597 2.78828 2.91499 2.99786 3.10098 3.15471 3.22220 3.26468 3.31623 3.36823 3.42991 3.48415 3.52540 3.52407 3.49399 3.45995 3.40737 3.24591 3.12344 4.91284
7.80000 50.00000 1.67788 1.87455 2.13811 2.26662 2.41839 2.60472 2.70681 2.83311 2.91567 3.01822 3.07156 3.13846 3.18046 3.23135 3.28237 3.34231 3.39515 3.43422 3.43166 3.40010 3.36519 3.31167 3.14824 3.02560 4.84514
7.80000 60.00000 1.61872 1.81520 2.07853 2.20693 2.35857 2.54479 2.64681 2.77312 2.85574 2.95849 3.01199 3.07917 3.12138 3.17259 3.22403 3.28466 3.33794 3.37751 3.37517 3.34372 3.30886 3.25536 3.09164 2.96895 4.79010
7.80000 70.00000 1.58460 1.78086 2.04388 2.17209 2.32347 2.50931 2.61101 2.73677 2.81890 2.92078 2.97367 3.03989 3.08141 3.13164 3.18163 3.23996 3.29149 3.32875 3.32525 3.29261 3.25715 3.20308 3.03862 2.91590 4.74884
7.80000 80.00000 1.57056 1.76655 2.02913 2.15708 2.30807 2.49317 2.59424 2.71879 2.79981 2.89957 2.95098 3.01490 3.05471 3.10261 3.14927 3.20256 3.25062 3.28382 3.27875 3.24485 3.20900 3.15492 2.99205 2.86961 4.71782
7.80000 90.00000 1.55766 1.75341 2.01560 2.14330 2.29393 2.47840 2.57889 2.70240 2.78244 2.88037 2.93052 2.99247 3.03085 3.07681 3.12071 3.16993 3.21535 3.24558 3.23952 3.20502 3.16922 3.11547 2.95484 2.83273 4.68977
7.80000 100.00000 1.54516 1.74066 2.00247 2.12994 2.28023 2.46411 2.56407 2.68663 2.76576 2.86203 2.91100 2.97116 3.00823 3.05240 3.09378 3.13928 3.18221 3.20980 3.20276 3.16766 3.13180 3.07829 2.91948 2.79764 4.66348
7.80000 110.00000 1.53453 1.72978 1.99118 2.11837 2.26826 2.45141 2.55071 2.67204 2.75002 2.84410 2.89155 2.94935 2.98469 3.02653 3.06461 3.10525 3.14498 3.16899 3.16070 3.12479 3.08885 3.03561 2.87901 2.75750 4.64114
7.80000 120.00000 1.52374 1.71874 1.97973 2.10667 2.25617 2.43863 2.53731 2.65745 2.73431 2.82631 2.87231 2.92789 2.96160 3.00125 3.03624 3.07243 3.10928 3.13027 3.12101 3.08459 3.04874 2.99595 2.84185 2.72069 4.62025
7.80000 130.00000 1.50992 1.70467 1.96527 2.09197 2.24111 2.42292 2.52099 2.64004 2.71585 2.80592 2.85057 2.90407 2.93628 2.97390 3.00605 3.03812 3.07233 3.09052 3.08034 3.04343 3.00764 2.95522 2.80327 2.68240 4.59869
7.80000 140.00000 1.49408 1.68863 1.94887 2.07534 2.22414 2.40539 2.50291 2.62095 2.69584 2.78419 2.82763 2.87931 2.91017 2.94600 2.97566 3.00414 3.03606 3.05185 3.04091 3.00363 2.96791 2.91584 2.76583 2.64522 4.57768
7.80000 150.00000 1.47676 1.67108 1.93098 2.05723 2.20571 2.38637 2.48336 2.60045 2.67445 2.76112 2.80341 2.85332 2.88292 2.91704 2.94434 2.96950 2.99935 3.01310 3.00158 2.96415 2.92863 2.87705 2.72920 2.60887 4.56049
7.80000 175.00000 1.43661 1.63039 1.88941 2.01512 2.16277 2.34194 2.43762 2.55221 2.62389 2.70627 2.74558 2.79096 2.81731 2.84712 2.86850 2.88545 2.91035 2.91948 2.90686 2.86949 2.83474 2.78468 2.64285 2.52326 4.51619
7.80000 200.00000 1.39628 1.58957 1.84781 1.97302 2.11994 2.29783 2.39231 2.50475 2.57441 2.65305 2.68978 2.73127 2.75481 2.78088 2.79714 2.80697 2.82751 2.83239 2.81859 2.78090 2.74656 2.69747 2.55982 2.44075 4.47180
7.80000 250.00000 1.33094 1.52322 1.77974 1.90382 2.04905 2.22382 2.31539 2.42245 2.48703 2.55632 2.58671 2.61866 2.63549 2.65282 2.65755 2.65258 2.66527 2.66488 2.65134 2.61690 2.58589 2.54176 2.41960 2.30221 4.40102
7.80000 300.00000 1.27926 1.47057 1.72548 1.84849 1.99208 2.16384 2.25261 2.35439 2.41406 2.47426 2.49844 2.52122 2.53161 2.54061 2.53439 2.51539 2.52061 2.51476 2.50092 2.46852 2.43991 2.39937 2.28861 2.17240 4.33607
7.80000 350.00000 1.23153 1.42190 1.67519 1.79714 1.93907 2.10775 2.19363 2.28998 2.34456 2.39551 2.41345 2.42705 2.43105 2.43196 2.41536 2.38373 2.38274 2.37340 2.36025 2.33096 2.30522 2.26866 2.16935 2.05429 4.28112
7.80000 400.00000 1.18903 1.37852 1.63030 1.75121 1.89156 2.05727 2.14036 2.23148 2.28117 2.32325 2.33530 2.34028 2.33840 2.33191 2.30602 2.26351 2.25754 2.24602 2.23401 2.20800 2.18501 2.15222 2.06300 1.94892 4.23254
7.80000 450.00000 1.14643 1.33509 1.58539 1.70532 1.84413 2.00696 2.08734 2.17338 2.21837 2.25189 2.25826 2.25503 2.24756 2.23407 2.19945 2.14679 2.13621 2.12258 2.11139 2.08805 2.06738 2.03764 1.95659 1.84325 4.18297
7.80000 500.00000 1.10709 1.29496 1.54388 1.66289 1.80025 1.96037 2.03819 2.11943 2.15996 2.18542 2.18643 2.17548 2.16276 2.14270 2.09987 2.03749 2.02224 2.00580 1.99482 1.97312 1.95402 1.92647 1.85138 1.73860 4.13910
7.80000 600.00000 1.04479 1.23094 1.47675 1.59360 1.72753 1.88115 1.95278 2.02241 2.05218 2.05846 2.04699 2.01840 1.99400 1.95978 1.90017 1.82015 1.79845 1.78196 1.77474 1.76044 1.74680 1.72600 1.66695 1.55548 4.05650
7.80000 700.00000 0.97719 1.16194 1.40522 1.52032 1.65155 1.80000 1.86677 1.92730 1.94871 1.94020 1.91920 1.87722 1.84402 1.79918 1.72702 1.63369 1.60675 1.58897 1.58354 1.57321 1.56261 1.54558 1.49536 1.38460 3.98082
7.80000 800.00000 0.92473 1.10798 1.34852 1.46174 1.58991 1.73254 1.79376 1.84399 1.85597 1.83100 1.79952 1.74314 1.70068 1.64492 1.56037 1.45503 1.42440 1.40780 1.40544 1.40048 1.39359 1.38097 1.34016 1.23013 3.91197
7.80000 1000.00000 0.81899 0.99950 1.23495 1.34457 1.46699 1.59865 1.64948 1.68036 1.67477 1.61936 1.56877 1.48637 1.42733 1.35228 1.24607 1.11983 1.08241 1.06659 1.06840 1.07093 1.06920 1.06265 1.03448 0.92532 3.80846
7.80000 1200.00000 0.72811 0.90603 1.13660 1.24273 1.35960 1.48055 1.52120 1.53324 1.51060 1.42596 1.35722 1.25026 1.17577 1.08277 0.95646 0.81052 0.76604 0.74881 0.75293 0.76017 0.76180 0.75920 0.73905 0.63042 3.68444
7.80000 1500.00000 0.60215 0.77606 0.99894 1.09955 1.20749 1.31118 1.33542 1.31722 1.26743 1.13688 1.03999 0.89567 0.79797 0.67846 0.52301 0.34919 0.29492 0.27567 0.28271 0.29583 0.30159 0.30375 0.29271 0.18464 3.52688
8.00000 0.00000 2.33266 2.51986 2.77045 2.89218 3.03563 3.21136 3.30721 3.42758 3.50852 3.61312 3.66967 3.74267 3.78962 3.84762 3.90949 3.98787 4.05552 4.11654 4.12580 4.10830 4.08133 4.03628 3.88989 3.76862 5.44172
8.00000 1.00000 2.33477 2.52193 2.77248 2.89417 3.03757 3.21322 3.30898 3.42918 3.50997 3.61416 3.67037 3.74274 3.78910 3.84619 3.90638 3.98110 4.04502 4.09908 4.10380 4.08000 4.04897 3.99911 3.84067 3.71821 5.42146
8.00000 5.00000 2.28775 2.47479 2.72516 2.84674 2.98999 3.16538 3.26092 3.38072 3.46110 3.56455 3.62019 3.69163 3.73727 3.79328 3.85171 3.92318 3.98418 4.03339 4.03519 4.00759 3.97424 3.92169 3.75694 3.63390 5.35732
8.00000 10.00000 2.22619 2.41307 2.66321 2.78466 2.92772 3.10278 3.19803 3.31730 3.39724 3.49986 3.55494 3.62557 3.67065 3.72594 3.78351 3.85408 3.91496 3.96509 3.96800 3.94239 3.91054 3.85998 3.70106 3.57866 5.28310
8.00000 15.00000 2.15551 2.34230 2.59231 2.71369 2.85669 3.03167 3.12689 3.24615 3.32611 3.42881 3.48398 3.55474 3.59991 3.65534 3.71307 3.78387 3.84484 3.89496 3.89779 3.87199 3.83998 3.78922 3.62963 3.50714 5.20681
8.00000 20.00000 2.09043 2.27712 2.52694 2.64823 2.79109 2.96587 3.06093 3.17995 3.25969 3.36200 3.41690 3.48724 3.53212 3.58711 3.64422 3.71403 3.77428 3.82342 3.82578 3.79949 3.76724 3.71627 3.55642 3.43393 5.14526
8.00000 25.00000 2.03110 2.21765 2.46733 2.58850 2.73124 2.90583 3.00073 3.11948 3.19899 3.30087 3.35550 3.42542 3.46995 3.52451 3.58095 3.64965 3.70905 3.75700 3.75876 3.73181 3.69922 3.64789 3.48747 3.36495 5.09357
8.00000 30.00000 1.97686 2.16330 2.41282 2.53393 2.67654 2.85098 2.94575 3.06430 3.14365 3.24527 3.29970 3.36934 3.41364 3.46788 3.52385 3.59173 3.65044 3.69738 3.69857 3.67094 3.63796 3.58620 3.42488 3.30226 5.04866
8.00000 40.00000 1.87736 2.06358 2.31280 2.43372 2.57611 2.75017 2.84466 2.96276 3.04171 3.14261 3.19655 3.26537 3.30907 3.36239 3.41700 3.48245 3.53911 3.58283 3.58220 3.55227 3.51795 3.46470 3.30007 3.17717 4.96890
8.00000 50.00000 1.80153 1.98756 2.23648 2.35725 2.49947 2.67326 2.76755 2.88535 2.96407 3.06456 3.11822 3.18660 3.22997 3.28284 3.33668 3.40079 3.45628 3.49808 3.49633 3.46496 3.42977 3.37555 3.20864 3.08556 4.90344
8.00000 60.00000 1.74371 1.92959 2.17831 2.29898 2.44110 2.61479 2.70908 2.82692 2.90575 3.00655 3.06045 3.12922 3.17289 3.22616 3.28058 3.34553 3.40156 3.44389 3.44228 3.41093 3.37564 3.32125 3.15354 3.03031 4.85266
8.00000 70.00000 1.71300 1.89866 2.14706 2.26756 2.40937 2.58265 2.67658 2.79378 2.87205 2.97179 3.02495 3.09257 3.13539 3.18749 3.24019 3.30243 3.35648 3.39627 3.39351 3.36101 3.32522 3.27040 3.10250 2.97932 4.81345
8.00000 80.00000 1.69938 1.88479 2.13278 2.25303 2.39447 2.56709 2.66041 2.77651 2.85372 2.95148 3.00325 3.06871 3.10992 3.15983 3.20937 3.26681 3.31757 3.35340 3.34908 3.31532 3.27915 3.22428 3.05785 2.93494 4.78362
8.00000 90.00000 1.68604 1.87121 2.11884 2.23886 2.37998 2.55204 2.64485 2.76003 2.83639 2.93256 2.98321 3.04695 3.08690 3.13508 3.18214 3.23589 3.28413 3.31710 3.31167 3.27714 3.24082 3.18606 3.02124 2.89859 4.75584
8.00000 100.00000 1.67384 1.85879 2.10606 2.22587 2.36669 2.53816 2.63046 2.74474 2.82024 2.91483 2.96437 3.02639 3.06508 3.11154 3.15617 3.20631 3.25211 3.28237 3.27598 3.24078 3.20438 3.14984 2.98674 2.86434 4.73047
8.00000 110.00000 1.66253 1.84723 2.09411 2.21366 2.35410 2.52489 2.61659 2.72969 2.80410 2.89662 2.94471 3.00449 3.04154 3.08578 3.12727 3.17276 3.21551 3.24245 3.23495 3.19905 3.16267 3.10850 2.94789 2.82586 4.70882
8.00000 120.00000 1.65202 1.83648 2.08297 2.20227 2.34236 2.51247 2.60356 2.71551 2.78883 2.87932 2.92599 2.98358 3.01903 3.06111 3.09954 3.14059 3.18046 3.20430 3.19573 3.15931 3.12299 3.06924 2.91115 2.78948 4.68868
8.00000 130.00000 1.63885 1.82308 2.06919 2.18825 2.32797 2.49745 2.58791 2.69876 2.77102 2.85952 2.90480 2.96025 2.99414 3.03413 3.06961 3.10640 3.14350 3.16446 3.15497 3.11807 3.08184 3.02855 2.87291 2.75157 4.66842
8.00000 140.00000 1.62336 1.80738 2.05315 2.17199 2.31137 2.48028 2.57024 2.68012 2.75147 2.83828 2.88239 2.93605 2.96863 3.00685 3.03986 3.07308 3.10788 3.12641 3.11614 3.07884 3.04268 2.98974 2.83607 2.71501 4.64848
8.00000 150.00000 1.60711 1.79092 2.03636 2.15499 2.29407 2.46244 2.55188 2.66084 2.73136 2.81656 2.85957 2.91154 2.94290 2.97948 3.01022 3.04023 3.07304 3.08960 3.07880 3.04140 3.00547 2.95305 2.80167 2.68090 4.63282
8.00000 175.00000 1.56682 1.75013 1.99474 2.11285 2.25115 2.41812 2.50629 2.61290 2.68121 2.76231 2.80248 2.85014 2.87838 2.91083 2.93590 2.95802 2.98609 2.99827 2.98648 2.94928 2.91422 2.86342 2.71837 2.59838 4.59003
8.00000 200.00000 1.52871 1.71153 1.95538 2.07302 2.21060 2.37629 2.46330 2.56774 2.63403 2.71138 2.74894 2.79264 2.81803 2.84667 2.86649 2.88122 2.90469 2.91228 2.89914 2.86147 2.82672 2.77683 2.63597 2.51651 4.54770
8.00000 250.00000 1.46673 1.64855 1.89068 2.00718 2.14303 2.30553 2.38957 2.48839 2.54941 2.61699 2.64789 2.68159 2.69994 2.71943 2.72719 2.72649 2.74191 2.74444 2.73195 2.69826 2.66746 2.62330 2.50025 2.38272 4.48233
8.00000 300.00000 1.41333 1.59423 1.83477 1.95022 2.08446 2.24398 2.32521 2.41881 2.47489 2.53339 2.55810 2.58264 2.59455 2.60572 2.60256 2.58800 2.59613 2.59363 2.58115 2.55000 2.52190 2.48173 2.37104 2.25478 4.42012
8.00000 350.00000 1.36677 1.54677 1.78577 1.90019 2.03285 2.18942 2.26787 2.35625 2.40742 2.45697 2.47564 2.49129 2.49706 2.50040 2.48720 2.46046 2.46265 2.45698 2.44533 2.41738 2.39223 2.35611 2.25701 2.14195 4.36954
8.00000 400.00000 1.32482 1.50397 1.74150 1.85491 1.98601 2.13968 2.21539 2.29861 2.34497 2.38577 2.39858 2.40571 2.40562 2.40161 2.37916 2.34152 2.33874 2.33084 2.32027 2.29557 2.27320 2.24082 2.15193 2.03782 4.32346
8.00000 450.00000 1.28251 1.46084 1.69702 1.80952 1.93919 2.09018 2.16336 2.24183 2.28375 2.31649 2.32392 2.32317 2.31765 2.30679 2.27567 2.22743 2.21935 2.20788 2.19725 2.17410 2.15327 2.12319 2.04085 1.92737 4.27853
8.00000 500.00000 1.24357 1.42116 1.65599 1.76758 1.89585 2.04418 2.11485 2.18862 2.22616 2.25092 2.25307 2.24465 2.23396 2.21655 2.17722 2.11927 2.10646 2.09216 2.08173 2.06020 2.04098 2.01312 1.93688 1.82397 4.23667
8.00000 600.00000 1.18413 1.36006 1.59180 1.70127 1.82613 1.96800 2.03248 2.09464 2.12140 2.12695 2.11660 2.09055 2.06818 2.03667 1.98070 1.90557 1.88685 1.87353 1.86751 1.85425 1.84102 1.82053 1.76162 1.65014 4.15579
8.00000 700.00000 1.11624 1.29080 1.52011 1.62789 1.75012 1.88694 1.94666 1.99992 2.01850 2.00954 1.98981 1.95060 1.91959 1.87763 1.80933 1.72112 1.69727 1.68280 1.67864 1.66940 1.65925 1.64258 1.59259 1.48183 4.08513
8.00000 800.00000 1.06514 1.23825 1.46490 1.57082 1.69008 1.82121 1.87552 1.91865 1.92794 1.90272 1.87265 1.81914 1.77890 1.72606 1.64530 1.54487 1.51705 1.50334 1.50200 1.49789 1.49131 1.47888 1.43817 1.32812 4.01874
8.00000 1000.00000 0.96001 1.13053 1.35236 1.45488 1.56867 1.68939 1.73378 1.75846 1.75094 1.69654 1.64806 1.56941 1.51310 1.44141 1.33931 1.21782 1.18276 1.16878 1.17099 1.17358 1.17176 1.16499 1.13620 1.02698 3.92285
8.00000 1200.00000 0.86968 1.03766 1.25471 1.35382 1.46214 1.57226 1.60661 1.61265 1.58825 1.50489 1.43839 1.33545 1.26382 1.17439 1.05252 0.91185 0.87014 0.85540 0.86027 0.86800 0.86976 0.86718 0.84687 0.73823 3.80314
8.00000 1500.00000 0.74188 0.90614 1.11603 1.20999 1.30998 1.40402 1.42300 1.40072 1.35083 1.22419 1.13107 0.99261 0.89881 0.78391 0.63379 0.46552 0.41363 0.39583 0.40294 0.41577 0.42120 0.42296 0.41110 0.30299 3.65260
8.20000 0.00000 2.41008 2.58708 2.82372 2.93812 3.07257 3.23655 3.32512 3.43743 3.51451 3.61628 3.67232 3.74528 3.79240 3.85073 3.91306 3.99204 4.05998 4.12110 4.13023 4.11236 4.08508 4.03958 3.89174 3.77029 5.45871
8.20000 1.00000 2.40813 2.58510 2.82171 2.93611 3.07052 3.23447 3.32302 3.43525 3.51227 3.61383 3.66966 3.74220 3.78892 3.84653 3.90745 3.98314 4.04754 4.10180 4.10633 4.08197 4.05045 3.99985 3.83905 3.71631 5.43676
8.20000 5.00000 2.36051 2.53740 2.77389 2.88820 3.02252 3.18634 3.27477 3.38684 3.46371 3.56494 3.62051 3.69259 3.73891 3.79589 3.85569 3.92896 3.99093 4.04064 4.04220 4.01371 3.97952 3.92575 3.75691 3.63337 5.37476
8.20000 10.00000 2.30868 2.48545 2.72170 2.83590 2.97004 3.13355 3.22172 3.33334 3.40976 3.51027 3.56533 3.63669 3.68252 3.73890 3.79797 3.87063 3.93270 3.98367 3.98652 3.96029 3.92778 3.87620 3.71371 3.59087 5.31010
8.20000 15.00000 2.24451 2.42116 2.65734 2.77149 2.90560 3.06909 3.15729 3.26900 3.34560 3.44641 3.50169 3.57344 3.61954 3.67629 3.73587 3.80921 3.87164 3.92281 3.92559 3.89905 3.86625 3.81425 3.65030 3.52729 5.24012
8.20000 20.00000 2.18417 2.36073 2.59674 2.71081 2.84480 3.00813 3.09621 3.20772 3.28413 3.38466 3.43978 3.51121 3.55709 3.61352 3.67265 3.74524 3.80709 3.85745 3.85983 3.83283 3.79978 3.74754 3.58318 3.46014 5.18313
8.20000 25.00000 2.13295 2.30938 2.54522 2.65917 2.79302 2.95611 3.04399 3.15516 3.23127 3.33124 3.38597 3.45685 3.50234 3.55825 3.61668 3.68837 3.74977 3.79996 3.80252 3.77608 3.74353 3.69200 3.52993 3.40715 5.13847
8.20000 30.00000 2.08254 2.25888 2.49457 2.60846 2.74222 2.90517 2.99296 3.10398 3.17999 3.27978 3.33440 3.40509 3.45042 3.50613 3.56424 3.63537 3.69627 3.74569 3.74779 3.72078 3.68789 3.63597 3.47303 3.35014 5.09721
8.20000 40.00000 1.98867 2.16479 2.40018 2.51391 2.64744 2.81004 2.89754 3.00811 3.08371 3.18274 3.23685 3.30670 3.35141 3.40618 3.46284 3.53142 3.59015 3.63612 3.63627 3.60678 3.57241 3.51885 3.35222 3.22903 5.02202
8.20000 50.00000 1.91669 2.09263 2.32778 2.44136 2.57475 2.73714 2.82449 2.93485 3.01030 3.10911 3.16306 3.23268 3.27720 3.33170 3.38790 3.45553 3.51339 3.55780 3.55694 3.52611 3.49091 3.43635 3.26723 3.14381 4.95881
8.20000 60.00000 1.86023 2.03602 2.27099 2.38451 2.51779 2.68012 2.76749 2.87797 2.95359 3.05280 3.10705 3.17717 3.22205 3.27707 3.33396 3.40264 3.46111 3.50607 3.50531 3.47435 3.43895 3.38405 3.21357 3.08994 4.91228
8.20000 70.00000 1.83301 2.00859 2.24323 2.35653 2.48957 2.65143 2.73839 2.84814 2.92310 3.02107 3.07447 3.14324 3.18712 3.24077 3.29569 3.36124 3.41753 3.45972 3.45777 3.42571 3.38986 3.33472 3.16461 3.04111 4.87516
8.20000 80.00000 1.81982 1.99517 2.22943 2.34250 2.47517 2.63642 2.72281 2.83153 2.90551 3.00163 3.05372 3.12047 3.16285 3.21442 3.26637 3.32738 3.38048 3.41891 3.41542 3.38212 3.34591 3.29063 3.12192 2.99868 4.84652
8.20000 90.00000 1.80601 1.98114 2.21508 2.32796 2.46034 2.62108 2.70705 2.81496 2.88820 2.98296 3.03407 3.09932 3.14059 3.19065 3.24040 3.29809 3.34885 3.38448 3.37986 3.34562 3.30908 3.25374 3.08590 2.96283 4.81900
8.20000 100.00000 1.79421 1.96912 2.20272 2.31539 2.44747 2.60769 2.69316 2.80022 2.87264 2.96587 3.01592 3.07952 3.11957 3.16798 3.21538 3.26953 3.31791 3.35084 3.34524 3.31032 3.27368 3.21849 3.05234 2.92953 4.79453
8.20000 110.00000 1.78224 1.95692 2.19014 2.30257 2.43427 2.59385 2.67875 2.78470 2.85607 2.94733 2.99600 3.05745 3.09595 3.14223 3.18663 3.23638 3.28190 3.31177 3.30516 3.26974 3.23321 3.17854 3.01521 2.89280 4.77358
8.20000 120.00000 1.77206 1.94651 2.17936 2.29154 2.42290 2.58184 2.66613 2.77094 2.84126 2.93051 2.97778 3.03708 3.07399 3.11813 3.15949 3.20478 3.24738 3.27409 3.26642 3.23041 3.19391 3.13967 2.97889 2.85684 4.75415
8.20000 130.00000 1.75957 1.93380 2.16627 2.27823 2.40923 2.56748 2.65118 2.75486 2.82409 2.91131 2.95716 3.01426 3.04957 3.09155 3.12987 3.17076 3.21052 3.23423 3.22562 3.18913 3.15281 3.09907 2.94103 2.81937 4.73524
8.20000 140.00000 1.74444 1.91846 2.15061 2.26234 2.39302 2.55076 2.63393 2.73666 2.80501 2.89057 2.93525 2.99058 3.02459 3.06482 3.10068 3.13801 3.17544 3.19672 3.18732 3.15046 3.11420 3.06083 2.90483 2.78344 4.71639
8.20000 150.00000 1.72928 1.90311 2.13494 2.24647 2.37686 2.53406 2.61676 2.71861 2.78615 2.87017 2.91378 2.96747 3.00031 3.03895 3.07263 3.10686 3.14238 3.16180 3.15192 3.11501 3.07903 3.02623 2.87266 2.75158 4.70223
8.20000 175.00000 1.68896 1.86230 2.09335 2.20440 2.33406 2.48993 2.57140 2.67102 2.73644 2.81653 2.85743 2.90698 2.93683 2.97151 2.99974 3.02643 3.05743 3.07274 3.06201 3.02548 2.99047 2.93942 2.79251 2.67224 4.66099
8.20000 200.00000 1.65308 1.82597 2.05627 2.16685 2.29579 2.45041 2.53071 2.62815 2.69153 2.76781 2.80608 2.85161 2.87854 2.90933 2.93216 2.95119 2.97738 2.98782 2.97560 2.93845 2.90370 2.85351 2.71082 2.59111 4.62057
8.20000 250.00000 1.59463 1.76650 1.99507 2.10450 2.23167 2.38297 2.46022 2.55178 2.60964 2.67568 2.70692 2.74197 2.76150 2.78267 2.79285 2.79580 2.81374 2.81935 2.80820 2.77584 2.74564 2.70200 2.57944 2.46189 4.56002
8.20000 300.00000 1.53982 1.71081 1.93787 2.04629 2.17193 2.32038 2.39492 2.48147 2.53460 2.59187 2.61719 2.64338 2.65670 2.66986 2.66955 2.65918 2.67015 2.67107 2.66007 2.63036 2.60291 2.56328 2.45310 2.33687 4.50116
8.20000 350.00000 1.49440 1.66451 1.89006 1.99746 2.12150 2.26699 2.33872 2.41999 2.46812 2.51632 2.53551 2.55270 2.55981 2.56508 2.55470 2.53227 2.53757 2.53590 2.52613 2.50023 2.47608 2.44097 2.34348 2.22852 4.45503
8.20000 400.00000 1.45311 1.62240 1.84650 1.95292 2.07544 2.21805 2.28708 2.36324 2.40658 2.44606 2.45940 2.46810 2.46938 2.46733 2.44772 2.41443 2.41473 2.41085 2.40220 2.37957 2.35822 2.32687 2.23959 2.12560 4.41136
8.20000 450.00000 1.41119 1.57974 1.80256 1.90813 2.02931 2.16942 2.23608 2.30779 2.34697 2.37880 2.38700 2.38814 2.38420 2.37543 2.34716 2.30288 2.29724 2.28847 2.27885 2.25650 2.23604 2.20615 2.12376 2.01025 4.37112
8.20000 500.00000 1.37277 1.54058 1.76211 1.86680 1.98660 2.12410 2.18829 2.25532 2.29015 2.31408 2.31706 2.31056 2.30144 2.28617 2.24971 2.19573 2.18535 2.17371 2.16431 2.14366 2.12478 2.09717 2.02098 1.90804 4.33122
8.20000 600.00000 1.31608 1.48224 1.70074 1.80331 1.91977 2.05085 2.10890 2.16439 2.18851 2.19336 2.18391 2.15998 2.13933 2.11018 2.05751 1.98717 1.97164 1.96221 1.95790 1.94637 1.93397 1.91425 1.85646 1.74505 4.25209
8.20000 700.00000 1.24840 1.41327 1.62935 1.73027 1.84408 1.97014 2.02341 2.06998 2.08586 2.07612 2.05724 2.02007 1.99072 1.95108 1.88601 1.80257 1.78196 1.77146 1.76906 1.76168 1.75242 1.73659 1.68789 1.57719 4.18647
8.20000 800.00000 1.19891 1.36234 1.57586 1.67493 1.78582 1.90626 1.95419 1.99073 1.99742 1.97154 1.94238 1.89099 1.85244 1.80191 1.72438 1.62857 1.60379 1.59374 1.59399 1.59148 1.58566 1.57395 1.53426 1.42426 4.12252
8.20000 1000.00000 1.09574 1.25667 1.46549 1.56127 1.66689 1.77717 1.81542 1.83391 1.82414 1.76964 1.72238 1.64621 1.59181 1.52263 1.42383 1.30672 1.27433 1.26322 1.26660 1.27022 1.26887 1.26248 1.23416 1.12496 4.03367
8.20000 1200.00000 1.00496 1.16345 1.36765 1.46016 1.56046 1.66050 1.68898 1.68937 1.66320 1.58054 1.51578 1.41599 1.34670 1.26033 1.14239 1.00680 0.96810 0.95652 0.96260 0.97140 0.97361 0.97142 0.95154 0.84290 3.91883
8.20000 1500.00000 0.88405 1.03863 1.23525 1.32223 1.41363 1.49637 1.50838 1.47837 1.42491 1.29613 1.20318 1.06610 0.97377 0.86121 0.71485 0.55292 0.50577 0.49416 0.50420 0.52005 0.52698 0.53014 0.52034 0.41231 3.77525
