NGA-East_Model_01 NGA-East USGS GMM as published in PEER Report No. 2017/03, distance is Rrup. Log10 hazard values in cgs units. Uses NRCan simplified, magnitude-independent sigma
          11 34 25 : nmag, ndist, nperiod
          10.000 7.519 5.000 4.000 3.003 2.000 1.499 1.000 0.750 0.500 0.400 0.300 0.250 0.200 0.150 0.100 0.075 0.050 0.040 0.030 0.025 0.020 0.010 PGA PGV
          0.57 0.58 0.61 0.62 0.63 0.65 0.67 0.69 0.70 0.73 0.74 0.75 0.76 0.77 0.79 0.81 0.80 0.78 0.77 0.75 0.74 0.73 0.70 0.70 0.81
4.00000 0.00000 -1.29505 -0.98799 -0.56010 -0.32951 -0.03479 0.38311 0.68021 1.09567 1.38304 1.76169 1.94864 2.16175 2.28082 2.41235 2.56626 2.76588 2.89334 3.03070 3.07326 3.08445 3.06572 3.01960 2.81654 2.79280 3.85862
4.00000 1.00000 -1.41239 -1.10545 -0.67768 -0.44716 -0.15255 0.26517 0.56212 0.97733 1.26445 1.64265 1.82927 2.04178 2.16040 2.29125 2.44394 2.64114 2.76626 2.89937 2.93914 2.94644 2.92515 2.87599 2.66516 2.64064 3.73667
4.00000 5.00000 -1.87757 -1.57095 -1.14360 -0.91331 -0.61896 -0.20159 0.09515 0.51015 0.79720 1.17547 1.36224 1.57509 1.69400 1.82529 1.97874 2.17732 2.30368 2.43883 2.47980 2.48867 2.46832 2.42022 2.21158 2.18723 3.16064
4.00000 10.00000 -2.20149 -1.89531 -1.46860 -1.23866 -0.94477 -0.52813 -0.23197 0.18205 0.46825 0.84499 1.03070 1.24187 1.35944 1.48877 1.63911 1.83219 1.95410 2.08319 2.12150 2.12818 2.10736 2.05963 1.85678 1.83344 2.77686
4.00000 15.00000 -2.42359 -2.11787 -1.69180 -1.46221 -1.16883 -0.75294 -0.45743 -0.04452 0.24069 0.61563 0.80004 1.00910 1.12503 1.25190 1.39833 1.58435 1.70040 1.82098 1.85509 1.85754 1.83490 1.78593 1.58477 1.56201 2.51130
4.00000 20.00000 -2.59453 -2.28923 -1.86375 -1.63450 -1.34154 -0.92634 -0.63134 -0.21929 0.06520 0.43886 0.62241 0.83006 0.94489 1.07016 1.21400 1.39533 1.50741 1.62214 1.65329 1.65258 1.62846 1.57832 1.37700 1.35447 2.30814
4.00000 25.00000 -2.73321 -2.42833 -2.00343 -1.77449 -1.48193 -1.06734 -0.77280 -0.36149 -0.07759 0.29508 0.47797 0.68459 0.79861 0.92270 1.06458 1.24231 1.35128 1.46118 1.48971 1.48595 1.46024 1.40854 1.20509 1.18250 2.14225
4.00000 30.00000 -2.84371 -2.53923 -2.11488 -1.88626 -1.59409 -1.18009 -0.88600 -0.47538 -0.19205 0.17972 0.36198 0.56767 0.68095 0.80399 0.94416 1.11879 1.22520 1.33137 1.35807 1.35247 1.32597 1.27373 1.07088 1.04850 2.01246
4.00000 40.00000 -3.01614 -2.71245 -2.28921 -2.06116 -1.76978 -1.35692 -1.06371 -0.65443 -0.37216 -0.00218 0.17896 0.38284 0.49477 0.61579 0.75274 0.92155 1.02309 1.12221 1.14543 1.13631 1.10823 1.05489 0.85279 0.83077 1.81023
4.00000 50.00000 -3.14691 -2.84401 -2.42181 -2.19436 -1.90372 -1.49200 -1.19964 -0.79171 -0.51053 -0.14232 0.03763 0.23967 0.35014 0.46906 0.60262 0.76522 0.86151 0.95283 0.97201 0.95849 0.92830 0.87311 0.66967 0.64778 1.65412
4.00000 60.00000 -3.22717 -2.92498 -2.50378 -2.27683 -1.98684 -1.57601 -1.28429 -0.87721 -0.59659 -0.22911 -0.04954 0.15202 0.26220 0.38063 0.51339 0.67440 0.76921 0.85810 0.87590 0.86072 0.82962 0.77351 0.56851 0.54651 1.55821
4.00000 70.00000 -3.27873 -2.97727 -2.55706 -2.33065 -2.04138 -1.63157 -1.34062 -0.93476 -0.65508 -0.28913 -0.11054 0.08951 0.19851 0.31527 0.44531 0.60145 0.69226 0.77546 0.79054 0.77269 0.74052 0.68377 0.48009 0.45845 1.47757
4.00000 80.00000 -3.31491 -3.01416 -2.59494 -2.36908 -2.08052 -1.67180 -1.38170 -0.97715 -0.69857 -0.33449 -0.15715 0.04093 0.14843 0.26297 0.38948 0.53932 0.62499 0.70094 0.71257 0.69136 0.65781 0.60022 0.39808 0.37688 1.41686
4.00000 90.00000 -3.34307 -3.04301 -2.62475 -2.39943 -2.11156 -1.70388 -1.41460 -1.01134 -0.73384 -0.37153 -0.19539 0.00084 0.10690 0.21933 0.34249 0.48641 0.56731 0.63664 0.64519 0.62108 0.58644 0.52829 0.32820 0.30747 1.36596
4.00000 100.00000 -3.36828 -3.06890 -2.65157 -2.42676 -2.13956 -1.73289 -1.44441 -1.04240 -0.76591 -0.40535 -0.23036 -0.03593 0.06871 0.17913 0.29906 0.43730 0.51360 0.57661 0.58222 0.55536 0.51968 0.46099 0.26276 0.24245 1.31925
4.00000 110.00000 -3.39093 -3.09220 -2.67580 -2.45149 -2.16496 -1.75931 -1.47161 -1.07087 -0.79544 -0.43664 -0.26285 -0.07030 0.03291 0.14120 0.25785 0.39035 0.46215 0.51915 0.52216 0.49309 0.45677 0.39806 0.20307 0.18331 1.27667
4.00000 120.00000 -3.41266 -3.11458 -2.69908 -2.47525 -2.18937 -1.78472 -1.49780 -1.09834 -0.82396 -0.46697 -0.29439 -0.10375 -0.00201 0.10416 0.21748 0.34424 0.41159 0.46283 0.46340 0.43238 0.39560 0.33709 0.14579 0.12665 1.23565
4.00000 130.00000 -3.43547 -3.13800 -2.72335 -2.50000 -2.21474 -1.81103 -1.52483 -1.12653 -0.85311 -0.49771 -0.32619 -0.13720 -0.03673 0.06761 0.17800 0.29970 0.36301 0.40879 0.40691 0.37366 0.33609 0.27724 0.08770 0.06892 1.19512
4.00000 140.00000 -3.45817 -3.16128 -2.74745 -2.52456 -2.23991 -1.83707 -1.55160 -1.15440 -0.88186 -0.52795 -0.35742 -0.16996 -0.07067 0.03196 0.13963 0.25657 0.31609 0.35663 0.35234 0.31679 0.27829 0.21892 0.03046 0.01192 1.15394
4.00000 150.00000 -3.48306 -3.18677 -2.77376 -2.55129 -2.26722 -1.86528 -1.58047 -1.18436 -0.91272 -0.56027 -0.39070 -0.20474 -0.10659 -0.00562 0.09944 0.21189 0.26791 0.30389 0.29762 0.26043 0.22146 0.16205 -0.02413 -0.04228 1.11393
4.00000 175.00000 -3.54396 -3.24903 -2.83792 -2.61652 -2.33382 -1.93396 -1.65077 -1.25719 -0.98758 -0.63856 -0.47121 -0.28869 -0.19317 -0.09601 0.00309 0.10520 0.15316 0.17848 0.16758 0.12637 0.08617 0.02647 -0.15532 -0.17270 1.01584
4.00000 200.00000 -3.59785 -3.30420 -2.89487 -2.67445 -2.39304 -1.99514 -1.71348 -1.32234 -1.05471 -0.70895 -0.54377 -0.36458 -0.27162 -0.17816 -0.08489 0.00722 0.04732 0.06226 0.04678 0.00152 -0.04006 -0.10026 -0.27862 -0.29535 0.92692
4.00000 250.00000 -3.69373 -3.40237 -2.99632 -2.77772 -2.49878 -2.10474 -1.82618 -1.44013 -1.17678 -0.83836 -0.67815 -0.50667 -0.41956 -0.33449 -0.25410 -0.18318 -0.15848 -0.16167 -0.18366 -0.23264 -0.27389 -0.33126 -0.49311 -0.50768 0.76546
4.00000 300.00000 -3.77465 -3.48529 -3.08210 -2.86512 -2.58842 -2.19796 -1.92233 -1.54121 -1.28210 -0.95112 -0.79589 -0.63223 -0.55104 -0.47436 -0.40661 -0.35582 -0.34511 -0.36357 -0.39030 -0.44086 -0.48067 -0.53419 -0.67886 -0.69140 0.62726
4.00000 350.00000 -3.84365 -3.55599 -3.15531 -2.93981 -2.66513 -2.27803 -2.00528 -1.62901 -1.37420 -1.05085 -0.90086 -0.74536 -0.67032 -0.60230 -0.54745 -0.51667 -0.51948 -0.55214 -0.58301 -0.63467 -0.67292 -0.72272 -0.85193 -0.86269 0.50236
4.00000 400.00000 -3.90557 -3.61933 -3.22083 -3.00662 -2.73384 -2.34988 -2.07985 -1.70845 -1.45796 -1.14238 -0.99776 -0.85057 -0.78180 -0.72249 -0.68043 -0.66905 -0.68453 -0.72993 -0.76420 -0.81633 -0.85284 -0.89904 -1.01419 -1.02345 0.38246
4.00000 450.00000 -3.96835 -3.68331 -3.28669 -3.07366 -2.80257 -2.42163 -2.15431 -1.78777 -1.54169 -1.23414 -1.09505 -0.95644 -0.89404 -0.84344 -0.81391 -0.82062 -0.84708 -0.90198 -0.93781 -0.98820 -1.02191 -1.06341 -1.16354 -1.17131 0.27301
4.00000 500.00000 -4.02580 -3.74175 -3.34673 -3.13474 -2.86521 -2.48715 -2.22244 -1.86071 -1.61907 -1.31963 -1.18614 -1.05615 -1.00005 -0.95810 -0.94063 -0.96421 -1.00043 -1.06306 -1.09965 -1.14770 -1.17842 -1.21537 -1.30187 -1.30839 0.17145
4.00000 600.00000 -4.12001 -3.83748 -3.44535 -3.23543 -2.96930 -2.59787 -2.33966 -1.99044 -1.76075 -1.48371 -1.36575 -1.25938 -1.22028 -1.20078 -1.21334 -1.27498 -1.32990 -1.40183 -1.43503 -1.47187 -1.49292 -1.51698 -1.57100 -1.57487 -0.01341
4.00000 700.00000 -4.21386 -3.93188 -3.54129 -3.33268 -3.06889 -2.70235 -2.44911 -2.10954 -1.88909 -1.62917 -1.52291 -1.43418 -1.40764 -1.40458 -1.43904 -1.52873 -1.59843 -1.68114 -1.71538 -1.74958 -1.76738 -1.78657 -1.82749 -1.83031 -0.17800
4.00000 800.00000 -4.29935 -4.01731 -3.62758 -3.42008 -3.15849 -2.79704 -2.54915 -2.22036 -2.01034 -1.76976 -1.67659 -1.60701 -1.59367 -1.60723 -1.66232 -1.77498 -1.85375 -1.93807 -1.96863 -1.99518 -2.00731 -2.01961 -2.04573 -2.04753 -0.33007
4.00000 1000.00000 -4.47303 -4.18874 -3.79816 -3.59159 -3.33288 -2.97954 -2.74096 -2.43142 -2.24024 -2.03436 -1.96425 -1.92782 -1.93674 -1.97768 -2.06565 -2.21331 -2.30551 -2.39308 -2.41956 -2.43743 -2.44325 -2.44795 -2.45845 -2.45928 -0.59257
4.00000 1200.00000 -4.62095 -4.33219 -3.93848 -3.73202 -3.47565 -3.13068 -2.90239 -2.61487 -2.44552 -2.27981 -2.23609 -2.23688 -2.27027 -2.34058 -2.46283 -2.64581 -2.75171 -2.84448 -2.86901 -2.88180 -2.88381 -2.88401 -2.88577 -2.88610 -0.85208
4.00000 1500.00000 -4.84428 -4.54456 -4.14155 -3.93337 -3.67874 -3.34492 -3.13181 -2.87779 -2.74180 -2.63682 -2.63218 -2.68661 -2.75425 -2.86453 -3.03170 -3.25904 -3.38184 -3.48235 -3.50607 -3.51544 -3.51480 -3.51190 -3.50790 -3.50793 -1.21805
4.50000 0.00000 -0.85102 -0.54521 -0.11633 0.11593 0.41342 0.83452 1.13090 1.53525 1.80343 2.13569 2.28961 2.45871 2.55257 2.65861 2.78827 2.96245 3.07272 3.18620 3.21732 3.21732 3.19409 3.14543 2.94996 2.92824 4.10703
4.50000 1.00000 -0.93877 -0.63309 -0.20439 0.02775 0.32509 0.74590 1.04202 1.44589 1.71362 2.04498 2.19818 2.36614 2.45905 2.56367 2.69099 2.86071 2.96697 3.07384 3.10103 3.09608 3.06990 3.01793 2.81556 2.79327 4.01814
4.50000 5.00000 -1.32362 -1.01831 -0.59013 -0.35825 -0.06122 0.35919 0.65507 1.05874 1.32646 1.65801 1.81151 1.97995 2.07330 2.17853 2.30682 2.47822 2.58584 2.69465 2.72281 2.71886 2.69315 2.64159 2.43931 2.41696 3.54150
4.50000 10.00000 -1.62975 -1.32496 -0.89752 -0.66604 -0.36956 0.05002 0.34524 0.74787 1.01469 1.34476 1.49721 1.66401 1.75605 1.85937 1.98464 2.15085 2.25438 2.35792 2.38392 2.37843 2.35255 2.30160 2.10473 2.08322 3.17485
4.50000 15.00000 -1.84217 -1.53791 -1.11120 -0.88014 -0.58425 -0.16556 0.12894 0.53040 0.79622 1.12448 1.27564 1.44035 1.53075 1.63165 1.75307 1.91249 2.01060 2.10657 2.12903 2.12021 2.09310 2.04151 1.84710 1.82616 2.91968
4.50000 20.00000 -2.00450 -1.70073 -1.27475 -1.04411 -0.74872 -0.33085 -0.03697 0.36347 0.62848 0.95530 1.10550 1.26863 1.35779 1.45686 1.57535 1.72956 1.82342 1.91340 1.93300 1.92131 1.89295 1.84052 1.64685 1.62621 2.72630
4.50000 25.00000 -2.13480 -1.83152 -1.40623 -1.17598 -0.88112 -0.46398 -0.17068 0.22886 0.49313 0.81874 0.96812 1.12992 1.21807 1.31562 1.43169 1.58164 1.67206 1.75726 1.77462 1.76078 1.73158 1.67867 1.48616 1.46582 2.56864
4.50000 30.00000 -2.24029 -1.93748 -1.51288 -1.28299 -0.98862 -0.57219 -0.27944 0.11927 0.38291 0.70748 0.85617 1.01691 1.10419 1.20050 1.31459 1.46105 1.54864 1.62996 1.64551 1.62997 1.60011 1.54684 1.35540 1.33530 2.44368
4.50000 40.00000 -2.40322 -2.10137 -1.67807 -1.44891 -1.15547 -0.74046 -0.44875 -0.05161 0.21082 0.53342 0.68083 0.83954 0.92525 1.01924 1.12963 1.26959 1.35196 1.42607 1.43831 1.41961 1.38856 1.33463 1.14512 1.12547 2.25104
4.50000 50.00000 -2.52775 -2.22682 -1.80479 -1.57634 -1.28381 -0.87015 -0.57945 -0.18382 0.07742 0.39818 0.54437 0.70116 0.78537 0.87716 0.98401 1.11765 1.19485 1.26164 1.27030 1.24797 1.21530 1.16017 0.97075 0.95135 2.10278
4.50000 60.00000 -2.60358 -2.30349 -1.88264 -1.65481 -1.36308 -0.95051 -0.66058 -0.26593 -0.00532 0.31473 0.46058 0.61693 0.70080 0.79207 0.89802 1.02986 1.10550 1.16975 1.17701 1.15304 1.11953 1.06355 0.87295 0.85348 2.01205
4.50000 70.00000 -2.65379 -2.35457 -1.93494 -1.70775 -1.41685 -1.00554 -0.71649 -0.32316 -0.06351 0.25504 0.39995 0.55482 0.63755 0.72715 0.83041 0.95747 1.02923 1.08805 1.09272 1.06626 1.03169 0.97505 0.78518 0.76596 1.93569
4.50000 80.00000 -2.68556 -2.38719 -1.96875 -1.74222 -1.45221 -1.04220 -0.75417 -0.36238 -0.10394 0.21260 0.35615 0.50890 0.58997 0.67714 0.77655 0.89695 0.96347 1.01531 1.01691 0.98772 0.95223 0.89530 0.70810 0.68939 1.87903
4.50000 90.00000 -2.71129 -2.41373 -1.99644 -1.77058 -1.48140 -1.07264 -0.78555 -0.39522 -0.13792 0.17678 0.31910 0.46994 0.54953 0.63451 0.73048 0.84492 0.90678 0.95245 0.95133 0.91974 0.88347 0.82630 0.64150 0.62323 1.83165
4.50000 100.00000 -2.73432 -2.43757 -2.02143 -1.79619 -1.50782 -1.10028 -0.81413 -0.42520 -0.16901 0.14390 0.28506 0.43405 0.51217 0.59505 0.68769 0.79643 0.85385 0.89372 0.89009 0.85636 0.81943 0.76212 0.57983 0.56201 1.78831
4.50000 110.00000 -2.75471 -2.45877 -2.04373 -1.81910 -1.53155 -1.12523 -0.84001 -0.45251 -0.19745 0.11361 0.25354 0.40057 0.47721 0.55790 0.64712 0.75008 0.80312 0.83747 0.83160 0.79618 0.75890 0.70188 0.52313 0.50584 1.74880
4.50000 120.00000 -2.77358 -2.47839 -2.06445 -1.84042 -1.55366 -1.14852 -0.86422 -0.47811 -0.22414 0.08512 0.22383 0.36899 0.44418 0.52276 0.60869 0.70610 0.75498 0.78414 0.77620 0.73928 0.70175 0.64508 0.46983 0.45305 1.71197
4.50000 130.00000 -2.79417 -2.49972 -2.08682 -1.86335 -1.57737 -1.17337 -0.88992 -0.50512 -0.25217 0.05542 0.19308 0.33656 0.41042 0.48709 0.57002 0.66232 0.70727 0.73135 0.72125 0.68248 0.64439 0.58760 0.41439 0.39796 1.67453
4.50000 140.00000 -2.81513 -2.52141 -2.10952 -1.88662 -1.60136 -1.19847 -0.91583 -0.53230 -0.28032 0.02575 0.16240 0.30427 0.37691 0.45180 0.53194 0.61948 0.66079 0.68016 0.66806 0.62760 0.58899 0.53213 0.36081 0.34469 1.63758
4.50000 150.00000 -2.83789 -2.54488 -2.13400 -1.91164 -1.62711 -1.22528 -0.94346 -0.56115 -0.31013 -0.00558 0.13008 0.27043 0.34189 0.41505 0.49248 0.57551 0.61342 0.62857 0.61477 0.57304 0.53417 0.47750 0.30869 0.29294 1.60046
4.50000 175.00000 -2.89330 -2.60194 -2.19341 -1.97237 -1.68954 -1.29026 -1.01036 -0.63094 -0.38211 -0.08104 0.05237 0.18921 0.25799 0.32722 0.39854 0.47123 0.50135 0.50671 0.48888 0.44397 0.40430 0.34780 0.18384 0.16883 1.51028
4.50000 200.00000 -2.94227 -2.65249 -2.24618 -2.02636 -1.74515 -1.34832 -1.07027 -0.69364 -0.44698 -0.14938 -0.01822 0.11511 0.18118 0.24650 0.31173 0.37429 0.39690 0.39297 0.37146 0.32378 0.28353 0.22743 0.06860 0.05429 1.42819
4.50000 250.00000 -3.02856 -2.74166 -2.33950 -2.12200 -1.84392 -1.45185 -1.17754 -0.80675 -0.56478 -0.27493 -0.14891 -0.02363 0.03626 0.09279 0.14473 0.18620 0.19417 0.17433 0.14786 0.09843 0.05960 0.00734 -0.13422 -0.14646 1.27703
4.50000 300.00000 -3.10070 -2.81633 -2.41785 -2.20246 -1.92720 -1.53959 -1.26880 -0.90365 -0.66625 -0.38410 -0.26324 -0.14598 -0.09218 -0.04424 -0.00510 0.01670 0.01172 -0.02131 -0.05125 -0.10091 -0.13764 -0.18563 -0.31065 -0.32107 1.14701
4.50000 350.00000 -3.16303 -2.88089 -2.48570 -2.27219 -1.99958 -1.61612 -1.34871 -0.98903 -0.75623 -0.48191 -0.36629 -0.25722 -0.20958 -0.17028 -0.14378 -0.14097 -0.15817 -0.20299 -0.23580 -0.28525 -0.31990 -0.36386 -0.47428 -0.48315 1.03058
4.50000 400.00000 -3.21848 -2.93829 -2.54601 -2.33424 -2.06403 -1.68451 -1.42034 -1.06607 -0.83784 -0.57138 -0.46109 -0.36026 -0.31878 -0.28800 -0.27377 -0.28873 -0.31678 -0.37126 -0.40587 -0.45409 -0.48627 -0.52603 -0.62264 -0.63015 0.92534
4.50000 450.00000 -3.27561 -2.99712 -2.60742 -2.39723 -2.12927 -1.75350 -1.49251 -1.14364 -0.92002 -0.66168 -0.55688 -0.46447 -0.42924 -0.40697 -0.40470 -0.43625 -0.47379 -0.53561 -0.57079 -0.61652 -0.64570 -0.68088 -0.76393 -0.77021 0.82328
4.50000 500.00000 -3.32795 -3.05090 -2.66352 -2.45477 -2.18889 -1.81669 -1.55880 -1.21528 -0.99636 -0.74619 -0.64694 -0.56303 -0.53400 -0.52008 -0.52932 -0.57626 -0.62211 -0.68956 -0.72464 -0.76736 -0.79345 -0.82419 -0.89494 -0.90015 0.72860
4.50000 600.00000 -3.41484 -3.14018 -2.75694 -2.55092 -2.28926 -1.92476 -1.67390 -1.34313 -1.13580 -0.90663 -0.82166 -0.75931 -0.74570 -0.75203 -0.78790 -0.86763 -0.92883 -1.00296 -1.03458 -1.06744 -1.08533 -1.10537 -1.15016 -1.15335 0.55878
4.50000 700.00000 -3.49867 -3.22551 -2.84520 -2.64131 -2.38307 -2.02507 -1.78028 -1.46070 -1.26355 -1.05256 -0.97975 -0.93549 -0.93458 -0.95717 -1.01385 -1.11798 -1.19003 -1.26861 -1.29799 -1.32463 -1.33749 -1.35109 -1.38103 -1.38315 0.40751
4.50000 800.00000 -3.58041 -3.30796 -2.92959 -2.72736 -2.47192 -2.11960 -1.88034 -1.57101 -1.38326 -1.18901 -1.12728 -1.09914 -1.10928 -1.14576 -1.21964 -1.34279 -1.42253 -1.50336 -1.53053 -1.55216 -1.56121 -1.57011 -1.58986 -1.59131 0.26805
4.50000 1000.00000 -3.74105 -3.46805 -3.09127 -2.89124 -2.64032 -2.29821 -2.06943 -1.78034 -1.61137 -1.45043 -1.41035 -1.41293 -1.44351 -1.50477 -1.60763 -1.75977 -1.84912 -1.92948 -1.95157 -1.96421 -1.96713 -1.96895 -1.97481 -1.97542 0.02430
4.50000 1200.00000 -3.87612 -3.60043 -3.22296 -3.02433 -2.77734 -2.44563 -2.22831 -1.96218 -1.81497 -1.69282 -1.67776 -1.71527 -1.76860 -1.85689 -1.99069 -2.17346 -2.27386 -2.35736 -2.37719 -2.38496 -2.38449 -2.38238 -2.38092 -2.38112 -0.21516
4.50000 1500.00000 -4.08158 -3.79784 -3.41498 -3.21667 -2.97385 -2.65634 -2.45591 -2.22463 -2.11068 -2.04710 -2.06888 -2.15623 -2.24092 -2.36522 -2.53835 -2.75764 -2.87037 -2.95748 -2.97542 -2.97934 -2.97630 -2.97141 -2.96512 -2.96508 -0.55293
5.00000 0.00000 -0.40347 -0.10665 0.31125 0.53800 0.82824 1.23627 1.51887 1.89295 2.13004 2.40826 2.53211 2.66821 2.74594 2.83692 2.95172 3.10653 3.20240 3.29687 3.31974 3.31287 3.28773 3.23917 3.05553 3.03594 4.31658
5.00000 1.00000 -0.47065 -0.17398 0.24369 0.47032 0.76036 1.16805 1.45029 1.82375 2.06026 2.33723 2.46016 2.59467 2.67113 2.76020 2.87191 3.02099 3.11190 3.19848 3.21691 3.20461 3.17638 3.12458 2.93476 2.91472 4.25071
5.00000 5.00000 -0.77086 -0.47463 -0.05755 0.16877 0.45842 0.86556 1.14749 1.52053 1.75682 2.03366 2.15653 2.29098 2.36740 2.45641 2.56794 2.71662 2.80703 2.89272 2.91055 2.89742 2.86868 2.81627 2.62501 2.60482 3.87978
5.00000 10.00000 -1.04942 -0.75374 -0.33747 -0.11162 0.17746 0.58371 0.86496 1.23698 1.47248 1.74792 1.86985 2.00280 2.07799 2.16523 2.27396 2.41787 2.50463 2.58565 2.60156 2.58704 2.55806 2.50603 2.31853 2.29893 3.54143
5.00000 15.00000 -1.24891 -0.95379 -0.53835 -0.31295 -0.02451 0.38081 0.66132 1.03216 1.26667 1.54039 1.66109 1.79201 1.86563 1.95053 2.05560 2.19319 2.27500 2.34949 2.36255 2.34553 2.31576 2.26352 2.07891 2.05985 3.30011
5.00000 20.00000 -1.39997 -1.10543 -0.69077 -0.46583 -0.17799 0.22642 0.50623 0.87596 1.10955 1.38170 1.50129 1.63039 1.70259 1.78539 1.88718 2.01916 2.09666 2.16555 2.17624 2.15727 2.12697 2.07477 1.89320 1.87464 3.11976
5.00000 25.00000 -1.52212 -1.22812 -0.81424 -0.58975 -0.30248 0.10103 0.38017 0.74886 0.98159 1.25226 1.37081 1.49824 1.56912 1.64999 1.74874 1.87557 1.94912 2.01288 2.02139 2.00063 1.96985 1.91767 1.73872 1.72061 2.96878
5.00000 30.00000 -1.62186 -1.32840 -0.91530 -0.69119 -0.40448 -0.00176 0.27676 0.64453 0.87657 1.14607 1.26385 1.39002 1.45988 1.53928 1.63572 1.75854 1.82897 1.88858 1.89525 1.87284 1.84146 1.78903 1.61139 1.59354 2.84944
5.00000 40.00000 -1.77594 -1.48351 -1.07187 -0.84858 -0.56294 -0.16179 0.11557 0.48163 0.71236 0.97975 1.09611 1.21997 1.28803 1.36478 1.45705 1.57276 1.63770 1.69017 1.69377 1.66874 1.63657 1.58401 1.40946 1.39213 2.66567
5.00000 50.00000 -1.89527 -1.60385 -1.19364 -0.97113 -0.68651 -0.28683 -0.01056 0.35395 0.58351 0.84906 0.96420 1.08613 1.15265 1.22712 1.31580 1.42529 1.48534 1.53120 1.53180 1.50395 1.47068 1.41749 1.24418 1.22718 2.52430
5.00000 60.00000 -1.96867 -1.67821 -1.26931 -1.04751 -0.76376 -0.36529 -0.08981 0.27369 0.50270 0.76764 0.88250 1.00402 1.07023 1.14418 1.23195 1.33959 1.39799 1.44120 1.44034 1.41075 1.37655 1.32248 1.14780 1.13071 2.43810
5.00000 70.00000 -2.01734 -1.72781 -1.32025 -1.09917 -0.81636 -0.41923 -0.14472 0.21745 0.44550 0.70904 0.82300 0.94309 1.00814 1.08044 1.16549 1.26842 1.32307 1.36114 1.35787 1.32597 1.29083 1.23612 1.06200 1.04510 2.36539
5.00000 80.00000 -2.04539 -1.75682 -1.35057 -1.13024 -0.84840 -0.45276 -0.17933 0.18118 0.40796 0.66941 0.78193 0.89972 0.96297 1.03260 1.11354 1.20956 1.25897 1.29044 1.28444 1.25037 1.21468 1.16008 0.98934 0.97297 2.31237
5.00000 90.00000 -2.06923 -1.78157 -1.37663 -1.15702 -0.87612 -0.48184 -0.20944 0.14958 0.37525 0.63488 0.74621 0.86205 0.92378 0.99120 1.06863 1.15875 1.20365 1.22934 1.22090 1.18476 1.14840 1.09368 0.92519 0.90920 2.26782
5.00000 100.00000 -2.09059 -1.80382 -1.40015 -1.18123 -0.90124 -0.50831 -0.23691 0.12066 0.34521 0.60306 0.71319 0.82713 0.88737 0.95261 1.02667 1.11107 1.15175 1.17211 1.16149 1.12365 1.08693 1.03232 0.86658 0.85101 2.22720
5.00000 110.00000 -2.10929 -1.82339 -1.42096 -1.20273 -0.92365 -0.53205 -0.26165 0.09443 0.31784 0.57387 0.68276 0.79472 0.85341 0.91641 0.98699 1.06568 1.10211 1.11739 1.10480 1.06564 1.02871 0.97453 0.81219 0.79709 2.19034
5.00000 120.00000 -2.12598 -1.84093 -1.43970 -1.22214 -0.94395 -0.55362 -0.28416 0.07052 0.29288 0.54723 0.65501 0.76519 0.82249 0.88346 0.95090 1.02438 1.05699 1.06754 1.05312 1.01254 0.97539 0.92143 0.76180 0.74709 2.15700
5.00000 130.00000 -2.14478 -1.86056 -1.46050 -1.24358 -0.96622 -0.57718 -0.30864 0.04468 0.26602 0.51874 0.62543 0.73387 0.78981 0.84879 0.91315 0.98150 1.01026 1.01609 0.99969 0.95760 0.92001 0.86610 0.70857 0.69418 2.12214
5.00000 140.00000 -2.16430 -1.88089 -1.48197 -1.26569 -0.98916 -0.60134 -0.33372 0.01826 0.23861 0.48973 0.59536 0.70211 0.75673 0.81381 0.87522 0.93876 0.96403 0.96565 0.94770 0.90454 0.86684 0.81328 0.65854 0.64453 2.08885
5.00000 150.00000 -2.18526 -1.90263 -1.50482 -1.28917 -1.01346 -0.62684 -0.36010 -0.00940 0.20998 0.45956 0.56417 0.66930 0.72266 0.77791 0.83652 0.89547 0.91744 0.91514 0.89575 0.85164 0.81387 0.76070 0.60867 0.59500 2.05407
5.00000 175.00000 -2.23578 -1.95502 -1.55990 -1.34571 -1.07194 -0.68817 -0.42353 -0.07588 0.14123 0.38727 0.48956 0.59098 0.64146 0.69254 0.74472 0.79321 0.80763 0.79640 0.77367 0.72732 0.68933 0.63693 0.49071 0.47781 1.97095
5.00000 200.00000 -2.27983 -2.00086 -1.60827 -1.39549 -1.12359 -0.74260 -0.48003 -0.13544 0.07934 0.32169 0.42152 0.51902 0.56648 0.61320 0.65877 0.69673 0.70382 0.68437 0.65886 0.61109 0.57339 0.52237 0.38316 0.37112 1.89403
5.00000 250.00000 -2.35913 -2.08341 -1.69554 -1.48542 -1.21706 -0.84140 -0.58290 -0.24446 -0.03443 0.20010 0.29467 0.38390 0.42499 0.46267 0.49478 0.51207 0.50543 0.47199 0.44263 0.39428 0.35848 0.31160 0.18875 0.17851 1.75300
5.00000 300.00000 -2.42423 -2.15141 -1.76778 -1.56008 -1.29496 -0.92430 -0.66966 -0.33714 -0.13181 0.09491 0.18426 0.26519 0.30000 0.32886 0.34808 0.34622 0.32752 0.28269 0.25083 0.20323 0.16986 0.12738 0.02001 0.01138 1.63090
5.00000 350.00000 -2.48166 -2.21142 -1.83161 -1.62610 -1.36399 -0.99801 -0.74703 -0.42026 -0.21955 -0.00060 0.08350 0.15620 0.18478 0.20504 0.21186 0.19212 0.16249 0.10800 0.07427 0.02787 -0.00308 -0.04140 -0.13516 -0.14248 1.52323
5.00000 400.00000 -2.53311 -2.26517 -1.88879 -1.68531 -1.42598 -1.06444 -0.81700 -0.49591 -0.29984 -0.08874 -0.00999 0.05448 0.07692 0.08878 0.08382 0.04785 0.00910 -0.05226 -0.08630 -0.13003 -0.15786 -0.19153 -0.27170 -0.27779 1.43153
5.00000 450.00000 -2.58533 -2.31939 -1.94612 -1.74449 -1.48776 -1.13041 -0.88639 -0.57087 -0.37940 -0.17619 -0.10276 -0.04653 -0.03014 -0.02648 -0.04271 -0.09373 -0.14059 -0.20754 -0.24154 -0.28245 -0.30734 -0.33675 -0.40512 -0.41018 1.33713
5.00000 500.00000 -2.63401 -2.36983 -1.99933 -1.79939 -1.54511 -1.19177 -0.95108 -0.64107 -0.45422 -0.25899 -0.19095 -0.14294 -0.13254 -0.13685 -0.16386 -0.22867 -0.28253 -0.35355 -0.38691 -0.42461 -0.44652 -0.47182 -0.52948 -0.53367 1.24925
5.00000 600.00000 -2.71357 -2.45243 -2.08703 -1.89041 -1.64103 -1.29631 -1.06321 -0.76641 -0.59126 -0.41679 -0.36279 -0.33591 -0.34049 -0.36416 -0.41601 -0.50981 -0.57593 -0.64992 -0.67861 -0.70585 -0.71972 -0.73492 -0.76948 -0.77197 1.09248
5.00000 700.00000 -2.79329 -2.53418 -2.17247 -1.97833 -1.73275 -1.39484 -1.16773 -0.88128 -0.71509 -0.55619 -0.51249 -0.50084 -0.51605 -0.55327 -0.62219 -0.73548 -0.80993 -0.88712 -0.91394 -0.93638 -0.94642 -0.95675 -0.98019 -0.98191 0.95303
5.00000 800.00000 -2.86901 -2.61127 -2.25247 -2.06049 -1.81843 -1.48711 -1.26604 -0.99040 -0.83378 -0.69157 -0.65881 -0.66303 -0.68900 -0.73953 -0.82438 -0.95417 -1.03428 -1.11122 -1.13491 -1.15160 -1.15762 -1.16321 -1.17701 -1.17810 0.82501
5.00000 1000.00000 -3.01876 -2.76176 -2.40635 -2.21757 -1.98121 -1.66154 -1.45169 -1.19659 -1.05831 -0.94786 -0.93546 -0.96831 -1.01310 -1.08603 -1.19623 -1.34939 -1.43565 -1.50901 -1.52691 -1.53454 -1.53477 -1.53390 -1.53559 -1.53600 0.59966
5.00000 1200.00000 -3.14447 -2.88613 -2.53185 -2.34541 -2.11406 -1.80599 -1.60808 -1.37572 -1.25830 -1.18419 -1.19499 -1.25990 -1.32535 -1.42253 -1.55988 -1.73887 -1.83381 -1.90887 -1.92458 -1.92803 -1.92544 -1.92141 -1.91734 -1.91741 0.38058
5.00000 1500.00000 -3.33582 -3.07173 -2.71512 -2.53049 -2.30506 -2.01309 -1.83279 -1.63505 -1.54960 -1.53053 -1.57553 -1.68630 -1.78034 -1.90994 -2.08199 -2.29208 -2.39692 -2.47443 -2.48847 -2.48887 -2.48439 -2.47833 -2.47071 -2.47061 0.07041
5.50000 0.00000 0.04437 0.32493 0.72062 0.93521 1.20895 1.58967 1.84810 2.17932 2.38067 2.60860 2.70953 2.82392 2.89205 2.97400 3.07873 3.21869 3.30363 3.38478 3.40262 3.39259 3.36748 3.32084 3.15024 3.13253 4.46442
5.50000 1.00000 -0.00921 0.27121 0.66666 0.88109 1.15462 1.53493 1.79299 2.12352 2.32416 2.55068 2.65054 2.76310 2.82975 2.90951 3.01068 3.14418 3.22358 3.29610 3.30919 3.29346 3.26515 3.21517 3.03844 3.02034 4.41500
5.50000 5.00000 -0.22950 0.05044 0.44524 0.65931 0.93236 1.31198 1.56955 1.89937 2.09948 2.32513 2.42436 2.53589 2.60169 2.68020 2.77935 2.90917 2.98548 3.05343 3.06410 3.04567 3.01597 2.96463 2.78605 2.76787 4.15721
5.50000 10.00000 -0.47016 -0.19079 0.20318 0.41678 0.68924 1.06798 1.32493 1.65381 1.85321 2.07763 2.17601 2.28614 2.35084 2.42770 2.52425 2.64959 2.72242 2.78574 2.79435 2.77403 2.74364 2.69203 2.51482 2.49693 3.86552
5.50000 15.00000 -0.65213 -0.37334 0.01981 0.23294 0.50478 0.88262 1.13886 1.46668 1.66523 1.88818 1.98549 2.09389 2.15718 2.23202 2.32543 2.44551 2.51440 2.57278 2.57943 2.55766 2.52702 2.47572 2.30185 2.28446 3.64577
5.50000 20.00000 -0.79179 -0.51357 -0.12129 0.09141 0.36263 0.73952 0.99507 1.32177 1.51943 1.74080 1.83698 1.94349 2.00533 2.07802 2.16813 2.28271 2.34755 2.40098 2.40572 2.38269 2.35192 2.30111 2.13108 2.11423 3.47924
5.50000 25.00000 -0.90560 -0.62798 -0.23651 -0.02429 0.24631 0.62230 0.87712 1.20275 1.39951 1.61926 1.71429 1.81892 1.87926 1.94979 2.03653 2.14558 2.20626 2.25459 2.25733 2.23282 2.20179 2.15130 1.98450 1.96813 3.33754
5.50000 30.00000 -1.00039 -0.72330 -0.33263 -0.12085 0.14919 0.52433 0.77853 1.10322 1.29927 1.51782 1.61200 1.71523 1.77447 1.84340 1.92765 2.03252 2.09010 2.13457 2.13575 2.11005 2.07877 2.02839 1.86380 1.84775 3.22322
5.50000 40.00000 -1.14533 -0.86932 -0.48018 -0.26925 -0.00031 0.37323 0.62627 0.94930 1.14408 1.36055 1.45327 1.55413 1.61149 1.67767 1.75764 1.85535 1.90754 1.94525 1.94366 1.91575 1.88389 1.83361 1.67227 1.65675 3.04926
5.50000 50.00000 -1.25903 -0.98408 -0.59639 -0.38625 -0.11835 0.25369 0.50568 0.82724 1.02095 1.23575 1.32734 1.42631 1.48220 1.54617 1.62270 1.71458 1.76232 1.79425 1.79016 1.76006 1.72745 1.67690 1.51730 1.50208 2.91522
5.50000 60.00000 -1.33086 -1.05687 -0.67054 -0.46112 -0.19413 0.17672 0.42795 0.74867 0.94197 1.15638 1.24783 1.34655 1.40220 1.46578 1.54155 1.63183 1.67803 1.70732 1.70165 1.66960 1.63590 1.58421 1.42255 1.40718 2.83351
5.50000 70.00000 -1.37613 -1.10312 -0.71818 -0.50949 -0.24347 0.12602 0.37630 0.69574 0.88817 1.10127 1.19182 1.28913 1.34361 1.40547 1.47855 1.56416 1.60674 1.63121 1.62337 1.58929 1.55481 1.50268 1.34189 1.32672 2.76465
5.50000 80.00000 -1.40241 -1.13038 -0.74681 -0.53892 -0.27390 0.09413 0.34332 0.66119 0.85243 1.06355 1.15271 1.24771 1.30041 1.35966 1.42867 1.50758 1.54521 1.56357 1.55329 1.51734 1.48243 1.43047 1.27278 1.25808 2.71473
5.50000 90.00000 -1.42466 -1.15358 -0.77136 -0.56420 -0.30015 0.06648 0.31467 0.63109 0.82125 1.03062 1.11859 1.21160 1.26273 1.31974 1.38522 1.45834 1.49167 1.50474 1.49235 1.45476 1.41948 1.36766 1.21257 1.19827 2.67336
5.50000 100.00000 -1.44451 -1.17434 -0.79345 -0.58702 -0.32390 0.04136 0.28856 0.60356 0.79268 1.00033 1.08714 1.17825 1.22788 1.28267 1.34478 1.41232 1.44158 1.44972 1.43539 1.39641 1.36085 1.30927 1.15694 1.14301 2.63560
5.50000 110.00000 -1.46146 -1.19219 -0.81258 -0.60685 -0.34467 0.01924 0.26547 0.57907 0.76717 0.97314 1.05878 1.14798 1.19610 1.24870 1.30745 1.36952 1.39480 1.39816 1.38200 1.34169 1.30594 1.25464 1.10506 1.09151 2.60259
5.50000 120.00000 -1.47705 -1.20867 -0.83031 -0.62529 -0.36401 -0.00141 0.24386 0.55612 0.74319 0.94752 1.03200 1.11940 1.16605 1.21657 1.27210 1.32892 1.35044 1.34932 1.33149 1.29002 1.25409 1.20315 1.05628 1.04310 2.57188
5.50000 130.00000 -1.49497 -1.22745 -0.85033 -0.64598 -0.38559 -0.02430 0.22002 0.53094 0.71701 0.91968 1.00301 1.08853 1.13372 1.18213 1.23443 1.28605 1.30387 1.29846 1.27905 1.23659 1.20061 1.15009 1.00617 0.99334 2.54078
5.50000 140.00000 -1.51337 -1.24668 -0.87075 -0.66706 -0.40754 -0.04751 0.19591 0.50552 0.69062 0.89173 0.97401 1.05777 1.10161 1.14804 1.19732 1.24413 1.25855 1.24920 1.22839 1.18506 1.14907 1.09900 0.95784 0.94538 2.50990
5.50000 150.00000 -1.53278 -1.26693 -0.89217 -0.68912 -0.43044 -0.07162 0.17093 0.47931 0.66351 0.86316 0.94444 1.02659 1.06918 1.11374 1.16025 1.20256 1.21377 1.20071 1.17853 1.13432 1.09826 1.04854 0.90978 0.89763 2.47864
5.50000 175.00000 -1.58039 -1.31649 -0.94451 -0.74302 -0.48639 -0.13052 0.10992 0.41524 0.59722 0.79329 0.87213 0.95032 0.98979 1.02994 1.06969 1.10144 1.10536 1.08424 1.05945 1.01395 0.97826 0.92997 0.79818 0.78684 2.40154
5.50000 200.00000 -1.62127 -1.35922 -0.98995 -0.78994 -0.53524 -0.18227 0.05602 0.35830 0.53795 0.73021 0.80641 0.88035 0.91653 0.95199 0.98478 1.00579 1.00258 0.97411 0.94717 0.90118 0.86632 0.81998 0.69614 0.68569 2.32932
5.50000 250.00000 -1.69480 -1.43619 -1.07186 -0.87465 -0.62368 -0.27625 -0.04206 0.25411 0.42908 0.61352 0.68433 0.74961 0.77913 0.80520 0.82421 0.82467 0.80835 0.76721 0.73722 0.69151 0.65895 0.61701 0.50910 0.50031 2.19466
5.50000 300.00000 -1.75604 -1.50048 -1.14063 -0.94597 -0.69842 -0.35616 -0.12586 0.16444 0.33485 0.51155 0.57703 0.63382 0.65690 0.67400 0.68014 0.66208 0.63458 0.58370 0.55204 0.50790 0.47809 0.44074 0.34768 0.34035 2.07937
5.50000 350.00000 -1.80988 -1.55705 -1.20127 -1.00897 -0.76460 -0.42724 -0.20071 0.08382 0.24958 0.41841 0.47846 0.52670 0.54336 0.55168 0.54548 0.51046 0.47336 0.41524 0.38316 0.34175 0.31516 0.28262 0.20373 0.19770 1.98451
5.50000 400.00000 -1.85763 -1.60723 -1.25514 -1.06501 -0.82362 -0.49090 -0.26802 0.01080 0.17196 0.33286 0.38746 0.42717 0.43754 0.43734 0.41948 0.36906 0.32386 0.26052 0.22881 0.19078 0.16750 0.13969 0.07362 0.06867 1.89880
5.50000 450.00000 -1.90536 -1.65713 -1.30838 -1.12024 -0.88160 -0.55328 -0.33389 -0.06059 0.09604 0.24910 0.29835 0.32982 0.33412 0.32583 0.29709 0.23274 0.18051 0.11305 0.08199 0.04717 0.02691 0.00322 -0.05206 -0.05612 1.81015
5.50000 500.00000 -1.94937 -1.70306 -1.35734 -1.17102 -0.93498 -0.61083 -0.39483 -0.12697 0.02515 0.17041 0.21434 0.23765 0.23607 0.22002 0.18107 0.10419 0.04602 -0.02428 -0.05429 -0.08573 -0.10314 -0.12299 -0.16874 -0.17206 1.72808
5.50000 600.00000 -2.02374 -1.78077 -1.44062 -1.25784 -1.02699 -0.71170 -0.50326 -0.24828 -0.10735 0.01809 0.04862 0.05180 0.03606 0.00199 -0.05957 -0.16155 -0.22936 -0.30020 -0.32513 -0.34648 -0.35649 -0.36732 -0.39329 -0.39523 1.58419
5.50000 700.00000 -2.09795 -1.85739 -1.52140 -1.34139 -1.11467 -0.80654 -0.60419 -0.35944 -0.22719 -0.11670 -0.09608 -0.10741 -0.13309 -0.17956 -0.25609 -0.37359 -0.44669 -0.51699 -0.53861 -0.55397 -0.55979 -0.56559 -0.58099 -0.58224 1.45635
5.50000 800.00000 -2.16991 -1.93104 -1.59848 -1.42090 -1.19799 -0.89675 -0.70051 -0.46630 -0.34320 -0.24853 -0.23827 -0.26448 -0.30015 -0.35874 -0.44934 -0.58047 -0.65755 -0.72633 -0.74470 -0.75468 -0.75691 -0.75862 -0.76596 -0.76673 1.33969
5.50000 1000.00000 -2.30969 -2.07239 -1.74439 -1.57063 -1.35416 -1.06537 -0.88060 -0.66671 -0.56134 -0.49697 -0.50600 -0.55899 -0.61188 -0.69044 -0.80257 -0.95131 -1.03101 -1.09315 -1.10506 -1.10606 -1.10291 -1.09882 -1.09592 -1.09613 1.13184
5.50000 1200.00000 -2.42528 -2.18763 -1.86220 -1.69148 -1.48088 -1.20467 -1.03224 -0.84116 -0.75626 -0.72717 -0.75847 -0.84202 -0.91432 -1.01533 -1.15194 -1.32296 -1.40965 -1.47272 -1.48271 -1.48036 -1.47506 -1.46863 -1.46147 -1.46146 0.93256
5.50000 1500.00000 -2.60264 -2.36117 -2.03592 -1.86832 -1.66515 -1.40671 -1.25266 -1.09627 -1.04254 -1.06593 -1.12918 -1.25460 -1.35225 -1.48099 -1.64558 -1.83845 -1.92981 -1.99074 -1.99792 -1.99211 -1.98502 -1.97687 -1.96713 -1.96697 0.65060
6.00000 0.00000 0.46931 0.72749 1.09144 1.28827 1.53799 1.88060 2.10816 2.39123 2.55809 2.74529 2.83056 2.93165 2.99403 3.07012 3.16738 3.29552 3.37171 3.44215 3.45583 3.44288 3.41733 3.37153 3.20861 3.19204 4.57721
6.00000 1.00000 0.42449 0.68252 1.04625 1.24294 1.49243 1.83465 2.06185 2.34426 2.51044 2.69627 2.78049 2.87978 2.94070 3.01465 3.10839 3.23014 3.30083 3.36268 3.37157 3.35281 3.32400 3.27475 3.10526 3.08826 4.53788
6.00000 5.00000 0.26489 0.52245 0.88550 1.08181 1.33081 1.67229 1.89895 2.18051 2.34596 2.53048 2.61371 2.71135 2.77093 2.84287 2.93343 3.04949 3.11544 3.17027 3.17550 3.15262 3.12166 3.07030 2.89778 2.88064 4.36627
6.00000 10.00000 0.07445 0.33145 0.69368 0.88952 1.13793 1.47850 1.70450 1.98503 2.14967 2.33270 2.41483 2.51064 2.56878 2.63865 2.72602 2.83686 2.89909 2.94961 2.95336 2.92977 2.89903 2.84858 2.68074 2.66421 4.14132
6.00000 15.00000 -0.08410 0.17231 0.53375 0.72914 0.97697 1.31671 1.54209 1.82172 1.98564 2.16738 2.24862 2.34289 2.39981 2.46792 2.55256 2.65893 2.71788 2.76449 2.76680 2.74229 2.71154 2.66156 2.49693 2.48083 3.95398
6.00000 20.00000 -0.21055 0.04533 0.40596 0.60091 0.84815 1.18706 1.41184 1.69056 1.85377 2.03425 2.11456 2.20726 2.26299 2.32930 2.41121 2.51308 2.56873 2.61133 2.61210 2.58653 2.55564 2.50602 2.34413 2.32842 3.80683
6.00000 25.00000 -0.31502 -0.05971 0.30013 0.49463 0.74127 1.07930 1.30338 1.58105 1.74338 1.92224 2.00135 2.09210 2.14625 2.21032 2.28878 2.38499 2.43652 2.47418 2.47306 2.44620 2.41516 2.36592 2.20734 2.19210 3.67582
6.00000 30.00000 -0.40501 -0.15024 0.20882 0.40290 0.64899 0.98620 1.20971 1.48652 1.64817 1.82585 1.90409 1.99343 2.04644 2.10886 2.18476 2.27676 2.32521 2.35908 2.35647 2.32846 2.29719 2.24809 2.09155 2.07663 3.56729
6.00000 40.00000 -0.54460 -0.29088 0.06670 0.25998 0.50502 0.84075 1.06322 1.33856 1.49913 1.67495 1.75185 1.83895 1.89017 1.94997 2.02180 2.10693 2.15012 2.17723 2.17168 2.14102 2.10879 2.05926 1.90430 1.88967 3.40194
6.00000 50.00000 -0.65378 -0.40106 -0.04489 0.14758 0.39164 0.72598 0.94747 1.22151 1.38113 1.55539 1.63119 1.71642 1.76616 1.82379 1.89222 1.97170 2.01068 2.03240 2.02454 1.99200 1.95921 1.90957 1.75656 1.74225 3.27473
6.00000 60.00000 -0.72238 -0.47060 -0.11573 0.07606 0.31929 0.65254 0.87340 1.14680 1.30619 1.48033 1.55609 1.64125 1.69089 1.74829 1.81624 1.89459 1.93239 1.95198 1.94285 1.90865 1.87490 1.82425 1.66945 1.65500 3.19721
6.00000 70.00000 -0.76591 -0.51509 -0.16155 0.02954 0.27183 0.60383 0.82385 1.09618 1.25487 1.42791 1.50292 1.58679 1.63538 1.69123 1.75673 1.83090 1.86548 1.88081 1.86977 1.83381 1.79939 1.74840 1.59439 1.58013 3.13165
6.00000 80.00000 -0.79144 -0.54157 -0.18937 0.00097 0.24233 0.57298 0.79205 1.06307 1.22074 1.39211 1.46591 1.54777 1.59476 1.64827 1.71015 1.77834 1.80846 1.81824 1.80491 1.76709 1.73214 1.68109 1.52924 1.51531 3.08554
6.00000 90.00000 -0.81263 -0.56367 -0.21278 -0.02315 0.21727 0.54662 0.76476 1.03449 1.19122 1.36098 1.43361 1.51355 1.55901 1.61029 1.66874 1.73133 1.75738 1.76222 1.74695 1.70770 1.67246 1.62162 1.47239 1.45882 3.04652
6.00000 100.00000 -0.83045 -0.58237 -0.23276 -0.04382 0.19569 0.52374 0.74098 1.00943 1.16523 1.33341 1.40492 1.48298 1.52695 1.57609 1.63127 1.68859 1.71092 1.71146 1.69467 1.65451 1.61931 1.56904 1.42309 1.40994 3.01246
6.00000 110.00000 -0.84672 -0.59954 -0.25117 -0.06293 0.17570 0.50245 0.71879 0.98597 1.14080 1.30734 1.37768 1.45377 1.49621 1.54310 1.59487 1.64672 1.66512 1.66107 1.64258 1.60129 1.56596 1.51607 1.37301 1.36024 2.98154
6.00000 120.00000 -0.85997 -0.61364 -0.26651 -0.07894 0.15878 0.48428 0.69970 0.96556 1.11940 1.28420 1.35327 1.42730 1.46812 1.51270 1.56095 1.60728 1.62188 1.61363 1.59377 1.55183 1.51672 1.46761 1.32834 1.31601 2.95509
6.00000 130.00000 -0.87715 -0.63165 -0.28572 -0.09882 0.13805 0.46230 0.67684 0.94145 1.09433 1.25749 1.32541 1.39750 1.43678 1.47917 1.52411 1.56518 1.57611 1.56372 1.54241 1.49965 1.46458 1.41601 1.27979 1.26784 2.92586
6.00000 140.00000 -0.89601 -0.65133 -0.30656 -0.12029 0.11576 0.43882 0.65253 0.91599 1.06802 1.22974 1.29664 1.36704 1.40500 1.44547 1.48749 1.52394 1.53164 1.51557 1.49294 1.44939 1.41431 1.36616 1.23249 1.22087 2.89478
6.00000 150.00000 -0.91471 -0.67084 -0.32720 -0.14156 0.09368 0.41559 0.62847 0.89079 1.04198 1.20227 1.26814 1.33687 1.37350 1.41205 1.45120 1.48309 1.48763 1.46798 1.44412 1.39983 1.36478 1.31708 1.18595 1.17465 2.86527
6.00000 175.00000 -0.95914 -0.71718 -0.37629 -0.19217 0.04109 0.36014 0.57100 0.83044 0.97945 1.13606 1.19932 1.26371 1.29696 1.33071 1.36275 1.38378 1.38115 1.35421 1.32834 1.28378 1.24973 1.20416 1.08153 1.07114 2.79494
6.00000 200.00000 -0.99975 -0.75957 -0.42126 -0.23859 -0.00722 0.30908 0.51798 0.77462 0.92152 1.07452 1.13516 1.19531 1.22528 1.25435 1.27943 1.28992 1.28035 1.24626 1.21835 1.17322 1.13991 1.09614 0.98070 0.97110 2.72782
6.00000 250.00000 -1.07004 -0.83323 -0.49977 -0.31984 -0.09209 0.21892 0.42393 0.67486 0.81730 0.96254 1.01765 1.06882 1.09189 1.11130 1.12240 1.11246 1.09020 1.04452 1.01420 0.97013 0.93951 0.90048 0.80122 0.79324 2.60300
6.00000 300.00000 -1.13136 -0.89749 -0.56841 -0.39093 -0.16646 0.13969 0.34113 0.58680 0.72513 0.86323 0.91330 0.95634 0.97322 0.98410 0.98306 0.95603 0.92378 0.86981 0.83841 0.79631 0.76851 0.73399 0.64871 0.64205 2.49765
6.00000 350.00000 -1.18143 -0.95024 -0.62517 -0.45002 -0.22870 0.07265 0.27043 0.51049 0.64426 0.77428 0.81863 0.85261 0.86273 0.86443 0.85074 0.80687 0.76561 0.70575 0.67475 0.63641 0.61235 0.58320 0.51272 0.50737 2.40733
6.00000 400.00000 -1.22741 -0.99865 -0.67719 -0.50417 -0.28577 0.01109 0.20538 0.44003 0.56935 0.69151 0.73034 0.75567 0.75942 0.75259 0.72741 0.66887 0.62028 0.55638 0.52633 0.49188 0.47134 0.44699 0.38908 0.38474 2.32750
6.00000 450.00000 -1.27287 -1.04622 -0.72808 -0.55703 -0.34133 -0.04875 0.14222 0.37161 0.49658 0.61104 0.64451 0.66151 0.65921 0.64438 0.60862 0.53701 0.48222 0.41539 0.38648 0.35568 0.33826 0.31808 0.27062 0.26713 2.24466
6.00000 500.00000 -1.31610 -1.09135 -0.77622 -0.60698 -0.39385 -0.10533 0.08238 0.30659 0.42724 0.53406 0.56224 0.57114 0.56304 0.54071 0.49531 0.41250 0.35298 0.28502 0.25792 0.23120 0.21699 0.20082 0.16281 0.16002 2.17113
6.00000 600.00000 -1.38546 -1.16403 -0.85442 -0.68867 -0.48063 -0.20069 -0.02019 0.19188 0.30198 0.38986 0.40514 0.39476 0.37325 0.33404 0.26801 0.16351 0.09672 0.03066 0.00939 -0.00701 -0.01401 -0.02155 -0.04140 -0.04298 2.04000
6.00000 700.00000 -1.45810 -1.23909 -0.93374 -0.77081 -0.56691 -0.29403 -0.11944 0.08280 0.18453 0.25782 0.26334 0.23873 0.20755 0.15650 0.07656 -0.04153 -0.11222 -0.17635 -0.19395 -0.20422 -0.20711 -0.20986 -0.22003 -0.22099 1.91892
6.00000 800.00000 -1.52171 -1.30453 -1.00283 -0.84246 -0.64252 -0.37673 -0.20835 -0.01674 0.07570 0.13285 0.12783 0.08822 0.04724 -0.01538 -0.10801 -0.23671 -0.30886 -0.36820 -0.38113 -0.38475 -0.38358 -0.38189 -0.38395 -0.38446 1.81289
6.00000 1000.00000 -1.65100 -1.43578 -1.13919 -0.98289 -0.78971 -0.53660 -0.37965 -0.20802 -0.13293 -0.10550 -0.12936 -0.19480 -0.25212 -0.33322 -0.44493 -0.58753 -0.66027 -0.71159 -0.71809 -0.71335 -0.70738 -0.70068 -0.69423 -0.69430 1.62288
6.00000 1200.00000 -1.76176 -1.54682 -1.25360 -1.10077 -0.91387 -0.67368 -0.52905 -0.37974 -0.32443 -0.33075 -0.37567 -0.46939 -0.54421 -0.64490 -0.77683 -0.93571 -1.01195 -1.06118 -1.06502 -1.05674 -1.04879 -1.04009 -1.03028 -1.03016 1.43656
6.00000 1500.00000 -1.92735 -1.71004 -1.41889 -1.27008 -1.09159 -0.87011 -0.74411 -0.62907 -0.60400 -0.66047 -0.73539 -0.86753 -0.96492 -1.08955 -1.24424 -1.41853 -1.49640 -1.54169 -1.54275 -1.53166 -1.52252 -1.51284 -1.50162 -1.50143 1.17723
6.50000 0.00000 0.86511 1.09638 1.42169 1.59678 1.81743 2.11580 2.31002 2.54635 2.68396 2.84173 2.91740 3.01105 3.07027 3.14289 3.23538 3.35588 3.42649 3.49020 3.50134 3.48663 3.46090 3.41568 3.25752 3.24165 4.67789
6.50000 1.00000 0.82691 1.05803 1.38314 1.55811 1.77856 2.07660 2.27048 2.50623 2.64324 2.79977 2.87448 2.96651 3.02438 3.09498 3.18426 3.29876 3.36416 3.41959 3.42603 3.40556 3.37650 3.32772 3.16254 3.14619 4.64414
6.50000 5.00000 0.70671 0.93741 1.26190 1.43650 1.65650 1.95384 2.14722 2.38212 2.51840 2.67351 2.74714 2.83731 2.89367 2.96208 3.04778 3.15593 3.21605 3.26366 3.26598 3.24082 3.20929 3.15807 2.98913 2.97257 4.52775
6.50000 10.00000 0.56462 0.79477 1.11846 1.29264 1.51204 1.80850 2.00118 2.23496 2.37026 2.52347 2.59567 2.68349 2.73801 2.80377 2.88550 2.98743 3.04333 3.08669 3.08798 3.06311 3.03268 2.98348 2.82242 2.80678 4.36812
6.50000 15.00000 0.43230 0.66196 0.98494 1.15872 1.37764 1.67340 1.86561 2.09873 2.23354 2.38583 2.45735 2.54402 2.59762 2.66206 2.74174 2.84034 2.89383 2.93428 2.93453 2.90902 2.87856 2.82974 2.67103 2.65571 4.21964
6.50000 20.00000 0.31980 0.54894 0.87122 1.04464 1.26306 1.55812 1.74986 1.98232 2.11658 2.26796 2.33877 2.42425 2.47690 2.53997 2.61751 2.71256 2.76345 2.80067 2.79962 2.77313 2.74246 2.69375 2.53679 2.52172 4.09351
6.50000 25.00000 0.22164 0.45029 0.77187 0.94488 1.16278 1.45711 1.64831 1.87995 2.01354 2.16366 2.23352 2.31743 2.36881 2.43005 2.50478 2.59521 2.64267 2.67570 2.67298 2.64519 2.61421 2.56561 2.41070 2.39594 3.97675
6.50000 30.00000 0.13756 0.36572 0.68660 0.85923 1.07667 1.37030 1.56101 1.79198 1.92504 2.07416 2.14329 2.22594 2.27633 2.33613 2.40863 2.49537 2.54008 2.56968 2.56553 2.53661 2.50531 2.45670 2.30321 2.28867 3.87772
6.50000 40.00000 0.00389 0.23112 0.55068 0.72260 0.93911 1.23150 1.42137 1.65117 1.78337 1.93096 1.99893 2.07962 2.12843 2.18590 2.25471 2.33515 2.37498 2.39794 2.39073 2.35878 2.32620 2.27665 2.12327 2.10889 3.72131
6.50000 50.00000 -0.10019 0.12611 0.44438 0.61560 0.83122 1.12240 1.31146 1.54017 1.67157 1.81774 1.88468 1.96359 2.01097 2.06634 2.13193 2.20708 2.24299 2.26113 2.25195 2.21851 2.18556 2.13616 1.98514 1.97111 3.60012
6.50000 60.00000 -0.16560 0.05985 0.37698 0.54761 0.76251 1.05282 1.24140 1.46976 1.60112 1.74745 1.81451 1.89357 1.94102 1.99640 2.06193 2.13662 2.17190 2.18869 2.17859 2.14390 2.11022 2.06004 1.90754 1.89339 3.52681
6.50000 70.00000 -0.20795 0.01666 0.33258 0.50256 0.71669 1.00596 1.19390 1.42147 1.55234 1.69789 1.76438 1.84242 1.88903 1.94315 2.00663 2.07781 2.11028 2.12317 2.11121 2.07463 2.04016 1.98934 1.83677 1.82271 3.46575
6.50000 80.00000 -0.23274 -0.00899 0.30573 0.47507 0.68835 0.97646 1.16360 1.39009 1.52012 1.66417 1.72955 1.80569 1.85080 1.90271 1.96277 2.02827 2.05654 2.06410 2.04995 2.01155 1.97649 1.92556 1.77487 1.76110 3.42243
6.50000 90.00000 -0.25216 -0.02924 0.28431 0.45300 0.66547 0.95244 1.13879 1.36421 1.49343 1.63604 1.70032 1.77464 1.81829 1.86810 1.92493 1.98523 2.00976 2.01296 1.99717 1.95773 1.92261 1.87213 1.72448 1.71111 3.38749
6.50000 100.00000 -0.26956 -0.04744 0.26496 0.43303 0.64468 0.93055 1.11616 1.34051 1.46892 1.61011 1.67334 1.74587 1.78810 1.83585 1.88955 1.94484 1.96580 1.96490 1.94765 1.90731 1.87220 1.82223 1.67767 1.66469 3.35570
6.50000 110.00000 -0.28373 -0.06242 0.24884 0.41627 0.62713 0.91183 1.09659 1.31978 1.44728 1.58674 1.64869 1.71909 1.75963 1.80495 1.85501 1.90453 1.92150 1.91615 1.89741 1.85634 1.82142 1.77223 1.63155 1.61904 3.32936
6.50000 120.00000 -0.29680 -0.07627 0.23386 0.40069 0.61076 0.89433 1.07831 1.30034 1.42692 1.56473 1.62544 1.69376 1.73268 1.77567 1.82222 1.86623 1.87942 1.86992 1.84984 1.80816 1.77346 1.72505 1.58814 1.57608 3.30482
6.50000 130.00000 -0.31480 -0.09503 0.21403 0.38026 0.58957 0.87206 1.05530 1.27627 1.40203 1.53833 1.59795 1.66440 1.70184 1.74273 1.78608 1.82504 1.83469 1.82118 1.79968 1.75714 1.72245 1.67452 1.54044 1.52872 3.27577
6.50000 140.00000 -0.33322 -0.11419 0.19382 0.35949 0.56803 0.84949 1.03200 1.25195 1.37693 1.51183 1.57039 1.63508 1.67114 1.71003 1.75037 1.78461 1.79099 1.77382 1.75106 1.70784 1.67321 1.62581 1.49452 1.48313 3.24670
6.50000 150.00000 -0.35016 -0.13185 0.17513 0.34021 0.54802 0.82841 1.01018 1.22904 1.35315 1.48650 1.54388 1.60666 1.64121 1.67795 1.71512 1.74450 1.74768 1.72724 1.70358 1.66022 1.62605 1.57961 1.45216 1.44120 3.22169
6.50000 175.00000 -0.39311 -0.17652 0.12796 0.29166 0.49769 0.77554 0.95549 1.17179 1.29387 1.42351 1.47816 1.53641 1.56742 1.59918 1.62898 1.64730 1.64335 1.61592 1.59055 1.54735 1.51449 1.47056 1.35240 1.34241 3.15691
6.50000 200.00000 -0.43437 -0.21941 0.08273 0.24513 0.44948 0.72493 0.90319 1.11707 1.23728 1.36349 1.41560 1.46963 1.49736 1.52445 1.54736 1.55520 1.54431 1.50963 1.48207 1.43807 1.40576 1.36338 1.25181 1.24255 3.09498
6.50000 250.00000 -0.50665 -0.29469 0.00309 0.16307 0.36421 0.63505 0.81000 1.01903 1.13535 1.25449 1.30138 1.34686 1.36802 1.38594 1.39562 1.38429 1.36166 1.31646 1.28691 1.24425 1.21470 1.17703 1.08118 1.07348 2.97952
6.50000 300.00000 -0.56710 -0.35781 -0.06395 0.09378 0.29199 0.55848 0.73025 0.93457 1.04705 1.15913 1.20090 1.23804 1.25290 1.26211 1.25954 1.23120 1.19880 1.14591 1.11570 1.07556 1.04915 1.01629 0.93505 0.92871 2.88066
6.50000 350.00000 -0.61612 -0.40924 -0.11903 0.03661 0.23195 0.49411 0.66259 0.86176 0.96988 1.07395 1.10988 1.13777 1.14573 1.14564 1.13033 1.08536 1.04433 0.98626 0.95687 0.92100 0.89860 0.87142 0.80539 0.80036 2.79596
6.50000 400.00000 -0.65961 -0.45490 -0.16800 -0.01433 0.17834 0.43635 0.60161 0.79567 0.89943 0.99545 1.02559 1.04441 1.04571 1.03680 1.00980 0.95023 0.90227 0.84116 0.81336 0.78216 0.76372 0.74181 0.68907 0.68512 2.71936
6.50000 450.00000 -0.70498 -0.50220 -0.21830 -0.06642 0.12375 0.37789 0.54012 0.72933 0.82894 0.91733 0.94210 0.95254 0.94780 0.93099 0.89375 0.82207 0.76885 0.70625 0.68034 0.65360 0.63870 0.62133 0.57946 0.57634 2.64495
6.50000 500.00000 -0.74676 -0.54569 -0.26452 -0.11430 0.07355 0.32396 0.48322 0.66763 0.76312 0.84397 0.86345 0.86579 0.85528 0.83107 0.78445 0.70222 0.64484 0.58181 0.55798 0.53553 0.52385 0.51051 0.47785 0.47539 2.57608
6.50000 600.00000 -0.81178 -0.61368 -0.33757 -0.19058 -0.00744 0.23505 0.38767 0.56074 0.64619 0.70867 0.71551 0.69904 0.67558 0.63529 0.56946 0.46808 0.40529 0.34630 0.32904 0.31747 0.31312 0.30833 0.29318 0.29188 2.45622
6.50000 700.00000 -0.88284 -0.68694 -0.41483 -0.27049 -0.09131 0.14445 0.29138 0.45488 0.53194 0.57944 0.57622 0.54516 0.51193 0.45985 0.38063 0.26706 0.20163 0.14622 0.13338 0.12849 0.12849 0.12859 0.12301 0.12227 2.34045
6.50000 800.00000 -0.93852 -0.74439 -0.47580 -0.33398 -0.15870 0.07009 0.21084 0.36360 0.43118 0.46193 0.44781 0.40149 0.35848 0.29523 0.20440 0.08277 0.01801 -0.02992 -0.03703 -0.03428 -0.02988 -0.02511 -0.02267 -0.02297 2.24382
6.50000 1000.00000 -1.05897 -0.86678 -0.60332 -0.46557 -0.29696 -0.08065 0.04892 0.18205 0.23244 0.23369 0.20101 0.12973 0.07139 -0.00859 -0.11554 -0.24645 -0.30898 -0.34637 -0.34649 -0.33535 -0.32641 -0.31710 -0.30735 -0.30728 2.06892
6.50000 1200.00000 -1.16551 -0.97397 -0.71430 -0.58020 -0.41807 -0.21479 -0.09751 0.01354 0.04441 0.01259 -0.04040 -0.13829 -0.21258 -0.30975 -0.43335 -0.57553 -0.63884 -0.67204 -0.66917 -0.65468 -0.64408 -0.63324 -0.62111 -0.62091 1.89325
6.50000 1500.00000 -1.31791 -1.12521 -0.86917 -0.73981 -0.58689 -0.40322 -0.30490 -0.22823 -0.22732 -0.30794 -0.38935 -0.52249 -0.61664 -0.73384 -0.87475 -1.02558 -1.08730 -1.11464 -1.10898 -1.09233 -1.08111 -1.06995 -1.05753 -1.05730 1.65270
7.00000 0.00000 1.22964 1.43145 1.71436 1.86576 2.05519 2.30799 2.47006 2.66543 2.78030 2.91795 2.98773 3.07678 3.13369 3.20352 3.29192 3.40579 3.47156 3.52943 3.53831 3.52200 3.49601 3.45112 3.29648 3.28115 4.79881
7.00000 1.00000 1.19640 1.39811 1.68083 1.83212 2.02139 2.27392 2.43571 2.63059 2.74496 2.88155 2.95050 3.03813 3.09392 3.16202 3.24759 3.35622 3.41740 3.46792 3.47260 3.45109 3.42208 3.37395 3.21283 3.19702 4.76752
7.00000 5.00000 1.09998 1.30130 1.58352 1.73453 1.92343 2.17542 2.33682 2.53105 2.64485 2.78030 2.84835 2.93445 2.98896 3.05519 3.13777 3.24094 3.29752 3.34105 3.34196 3.31603 3.28462 3.23406 3.06878 3.05267 4.68165
7.00000 10.00000 0.98475 1.18565 1.46725 1.61792 1.80639 2.05777 2.21874 2.41235 2.52561 2.66002 2.72728 2.81203 2.86548 2.93017 3.01043 3.10988 3.16389 3.20461 3.20469 3.17862 3.14758 3.09795 2.93658 2.92098 4.56288
7.00000 15.00000 0.87467 1.07513 1.35615 1.50652 1.69459 1.94543 2.10606 2.29917 2.41205 2.54573 2.61244 2.69622 2.74890 2.81248 2.89100 2.98767 3.03965 3.07802 3.07724 3.05067 3.01969 2.97040 2.81120 2.79587 4.44371
7.00000 20.00000 0.77662 0.97668 1.25712 1.40716 1.59484 1.84516 2.00541 2.19805 2.31054 2.44349 2.50960 2.59241 2.64429 2.70669 2.78339 2.87702 2.92670 2.96210 2.96005 2.93240 2.90107 2.85170 2.69351 2.67836 4.33815
7.00000 25.00000 0.68923 0.88887 1.16871 1.31845 1.50571 1.75547 1.91533 2.10736 2.21936 2.35134 2.41671 2.49824 2.54911 2.61004 2.68446 2.77430 2.82115 2.85300 2.84948 2.82060 2.78893 2.73951 2.58274 2.56783 4.24028
7.00000 30.00000 0.61632 0.81556 1.09481 1.24425 1.43114 1.68036 1.83986 2.03141 2.14298 2.27417 2.33893 2.41940 2.46942 2.52911 2.60162 2.68824 2.73266 2.76138 2.75651 2.72646 2.69439 2.64483 2.48896 2.47421 4.15760
7.00000 40.00000 0.49419 0.69265 0.97082 1.11966 1.30581 1.55403 1.71289 1.90352 2.01440 2.14427 2.20800 2.28669 2.33528 2.39287 2.46206 2.54314 2.58332 2.60649 2.59917 2.56689 2.53401 2.48403 2.32934 2.31483 4.01879
7.00000 50.00000 0.39944 0.59713 0.87423 1.02248 1.20795 1.45525 1.61350 1.80335 1.91364 2.04236 2.10523 2.18244 2.22979 2.28559 2.35202 2.42846 2.46518 2.48395 2.47478 2.44097 2.40765 2.35761 2.20467 2.19043 3.91123
7.00000 60.00000 0.33871 0.53570 0.81185 0.95963 1.14448 1.39111 1.54903 1.73865 1.84893 1.97774 2.04062 2.11778 2.16511 2.22077 2.28689 2.36270 2.39878 2.41648 2.40674 2.37226 2.33862 2.28836 2.13535 2.12115 3.84318
7.00000 70.00000 0.29822 0.49449 0.76967 0.91694 1.10117 1.34699 1.50442 1.69348 1.80338 1.93154 1.99390 2.07012 2.11664 2.17110 2.23533 2.30778 2.34119 2.35513 2.34357 2.30724 2.27276 2.22187 2.06867 2.05452 3.78620
7.00000 80.00000 0.27548 0.47104 0.74522 0.89194 1.07549 1.32041 1.47721 1.66542 1.77464 1.90150 1.96284 2.03731 2.08245 2.13491 2.19602 2.26339 2.29305 2.30243 2.28902 2.25131 2.21655 2.16581 2.01498 2.00118 3.74810
7.00000 90.00000 0.25589 0.45075 0.72395 0.87016 1.05305 1.29704 1.45324 1.64059 1.74914 1.87469 1.93502 2.00780 2.05154 2.10201 2.16008 2.22258 2.24877 2.25414 2.23930 2.20074 2.16602 2.11580 1.96822 1.95481 3.71474
7.00000 100.00000 0.23859 0.43278 0.70504 0.85072 1.03295 1.27606 1.43167 1.61819 1.72606 1.85030 1.90964 1.98070 2.02309 2.07161 2.12669 2.18439 2.20718 2.20861 2.19237 2.15298 2.11827 2.06856 1.92404 1.91100 3.68486
7.00000 110.00000 0.22414 0.41766 0.68896 0.83413 1.01572 1.25785 1.41280 1.59831 1.70534 1.82795 1.88601 1.95495 1.99567 2.04178 2.09323 2.14521 2.16404 2.16105 2.14332 2.10322 2.06867 2.01981 1.87919 1.86663 3.66015
7.00000 120.00000 0.20850 0.40137 0.67175 0.81641 0.99734 1.23859 1.39290 1.57750 1.68377 1.80489 1.86181 1.92881 1.96801 2.01192 2.06004 2.10676 2.12189 2.11469 2.09550 2.05452 2.02001 1.97165 1.83417 1.82200 3.63510
7.00000 130.00000 0.19059 0.38284 0.65232 0.79650 0.97679 1.21717 1.37086 1.55456 1.66008 1.77975 1.83556 1.90066 1.93838 1.98012 2.02502 2.06667 2.07824 2.06699 2.04640 2.00461 1.97016 1.92234 1.78787 1.77607 3.60779
7.00000 140.00000 0.17253 0.36419 0.63280 0.77649 0.95619 1.19572 1.34883 1.53169 1.63652 1.75485 1.80963 1.87301 1.90936 1.94916 1.99114 2.02819 2.03661 2.02192 2.00021 1.95787 1.92360 1.87641 1.74501 1.73356 3.58054
7.00000 150.00000 0.15572 0.34676 0.61450 0.75773 0.93680 1.17547 1.32794 1.50989 1.61393 1.73074 1.78435 1.84578 1.88061 1.91824 1.95702 1.98916 1.99438 1.97640 1.95377 1.91133 1.87752 1.83134 1.70392 1.69291 3.55731
7.00000 175.00000 0.11127 0.30087 0.56657 0.70866 0.88628 1.12288 1.27394 1.45375 1.55603 1.66941 1.72041 1.77746 1.80887 1.84167 1.87332 1.89469 1.89290 1.86795 1.84354 1.80107 1.76845 1.72463 1.60612 1.59607 3.49596
7.00000 200.00000 0.06987 0.25813 0.52189 0.66291 0.83916 1.07384 1.22353 1.40137 1.50200 1.61219 1.66075 1.71373 1.74197 1.77028 1.79533 1.80676 1.79849 1.76702 1.74082 1.69807 1.66630 1.62436 1.51317 1.50390 3.43716
7.00000 250.00000 -0.00283 0.18297 0.44314 0.58216 0.75579 0.98670 1.13369 1.30743 1.40457 1.50802 1.55148 1.59605 1.61783 1.63716 1.64930 1.64220 1.62275 1.58164 1.55396 1.51322 1.48460 1.44784 1.35336 1.34574 3.32792
7.00000 300.00000 -0.05932 0.12429 0.38122 0.51839 0.68958 0.91689 1.06119 1.23082 1.32438 1.42092 1.45920 1.49538 1.51081 1.52143 1.52140 1.49762 1.46886 1.42101 1.39328 1.35590 1.33095 1.29964 1.22107 1.21491 3.24008
7.00000 350.00000 -0.10871 0.07294 0.32686 0.46227 0.63107 0.85473 0.99623 1.16125 1.25076 1.33940 1.37186 1.39876 1.40728 1.40861 1.39594 1.35579 1.31863 1.26602 1.23935 1.20655 1.18581 1.16034 1.09741 1.09255 3.16128
7.00000 400.00000 -0.15397 0.02591 0.27712 0.41091 0.57749 0.79769 0.93646 1.09706 1.18258 1.26359 1.29053 1.30873 1.31092 1.30391 1.28031 1.22695 1.18398 1.12985 1.10556 1.07824 1.06189 1.04209 0.99304 0.98931 3.09141
7.00000 450.00000 -0.19885 -0.02052 0.22821 0.36050 0.52496 0.74185 0.87797 1.03414 1.11570 1.18919 1.21071 1.22049 1.21662 1.20173 1.16799 1.10285 1.05489 0.99974 0.97754 0.95493 0.94222 0.92707 0.88905 0.88615 3.02224
7.00000 500.00000 -0.23912 -0.06216 0.18428 0.31516 0.47764 0.69128 0.82476 0.97649 1.05407 1.11998 1.13613 1.13774 1.12811 1.10596 1.06322 0.98847 0.93734 0.88329 0.86401 0.84665 0.83766 0.82702 0.79893 0.79674 2.95796
7.00000 600.00000 -0.30537 -0.13081 0.11144 0.23959 0.39803 0.60479 0.73240 0.87387 0.94203 0.99034 0.99429 0.97772 0.95563 0.91803 0.85695 0.76400 0.70775 0.65735 0.64410 0.63671 0.63446 0.63168 0.61973 0.61858 2.84584
7.00000 700.00000 -0.37329 -0.20050 0.03837 0.16424 0.31919 0.51992 0.64233 0.77478 0.83479 0.86821 0.86209 0.83102 0.79930 0.75024 0.67640 0.57247 0.51443 0.46861 0.46010 0.45968 0.46181 0.46394 0.46134 0.46077 2.73797
7.00000 800.00000 -0.42856 -0.25721 -0.02139 0.10221 0.25359 0.44786 0.56447 0.68658 0.73723 0.75392 0.73692 0.69079 0.64958 0.58988 0.50543 0.39514 0.33891 0.30179 0.29942 0.30684 0.31343 0.32014 0.32527 0.32509 2.64580
7.00000 1000.00000 -0.54402 -0.37435 -0.14328 -0.02354 0.12150 0.30370 0.40934 0.51186 0.54506 0.53156 0.49568 0.42451 0.36826 0.29253 0.19338 0.07624 0.02382 -0.00150 0.00339 0.01911 0.03002 0.04097 0.05267 0.05278 2.48690
7.00000 1200.00000 -0.64361 -0.47472 -0.24760 -0.13155 0.00701 0.17627 0.26973 0.35027 0.36403 0.31784 0.26227 0.16602 0.09526 0.00461 -0.10779 -0.23140 -0.28191 -0.30074 -0.29235 -0.27316 -0.26074 -0.24850 -0.23501 -0.23479 2.32250
7.00000 1500.00000 -0.78250 -0.61359 -0.39153 -0.28095 -0.15248 -0.00399 0.06969 0.11465 0.09768 0.00241 -0.08089 -0.21024 -0.29873 -0.40620 -0.53124 -0.65755 -0.70354 -0.71459 -0.70330 -0.68237 -0.66972 -0.65769 -0.64468 -0.64445 2.09968
7.50000 0.00000 1.54161 1.71368 1.95397 2.08185 2.24091 2.45132 2.58536 2.74808 2.84674 2.97170 3.03809 3.12445 3.17989 3.24776 3.33323 3.44231 3.50457 3.55815 3.56532 3.54771 3.52139 3.47659 3.32396 3.30896 4.91353
7.50000 1.00000 1.51301 1.68499 1.92514 2.05294 2.21189 2.42205 2.55588 2.71817 2.81641 2.94045 3.00613 3.09124 3.14564 3.21199 3.29500 3.39944 3.45763 3.50468 3.50810 3.48581 3.45680 3.40908 3.25059 3.23513 4.88534
7.50000 5.00000 1.43359 1.60530 1.84506 1.97266 2.13134 2.34111 2.47467 2.63652 2.73433 2.85749 2.92246 3.00634 3.05974 3.12458 3.20509 3.30503 3.35932 3.40025 3.40027 3.37390 3.34258 3.29246 3.12960 3.11383 4.81901
7.50000 10.00000 1.33640 1.50780 1.74716 1.87455 2.03299 2.24248 2.37589 2.53763 2.63539 2.75845 2.82332 2.90697 2.96020 3.02474 3.10480 3.20387 3.25747 3.29745 3.29702 3.27025 3.23878 3.18861 3.02603 3.01035 4.72755
7.50000 15.00000 1.24513 1.41621 1.65513 1.78230 1.94045 2.14961 2.28285 2.44432 2.54188 2.66454 2.72909 2.81217 2.86493 2.92878 3.00776 3.10510 3.15745 3.19591 3.19496 3.16787 3.13644 3.08655 2.92549 2.90997 4.63392
7.50000 20.00000 1.16263 1.33341 1.57190 1.69884 1.85670 2.06550 2.19843 2.35955 2.45677 2.57875 2.64275 2.72488 2.77687 2.83961 2.91683 3.01118 3.06123 3.09662 3.09426 3.06590 3.03398 2.98380 2.82328 2.80788 4.54954
7.50000 25.00000 1.08926 1.25975 1.49781 1.62452 1.78212 1.99056 2.12330 2.28411 2.38109 2.50257 2.56617 2.64757 2.69898 2.76083 2.83667 2.92860 2.97669 3.00939 3.00571 2.97599 2.94347 2.89279 2.73203 2.71667 4.47299
7.50000 30.00000 1.02422 1.19439 1.43202 1.55852 1.71585 1.92394 2.05647 2.21696 2.31370 2.43464 2.49780 2.57846 2.62924 2.69019 2.76459 2.85406 2.90023 2.93032 2.92544 2.89453 2.86152 2.81051 2.64995 2.63468 4.40324
7.50000 40.00000 0.91544 1.08501 1.32183 1.44789 1.60468 1.81204 1.94407 2.10389 2.20004 2.31980 2.38200 2.46099 2.51044 2.56943 2.64083 2.72535 2.76789 2.79353 2.78691 2.75475 2.72154 2.67084 2.51313 2.49824 4.28724
7.50000 50.00000 0.83197 1.00097 1.23701 1.36264 1.51893 1.72566 1.85729 2.01658 2.11232 2.23117 2.29264 2.37035 2.41876 2.47623 2.54526 2.62581 2.66533 2.68713 2.67889 2.64537 2.61175 2.56101 2.40489 2.39026 4.19837
7.50000 60.00000 0.77580 0.94427 1.17961 1.30490 1.46078 1.66706 1.79849 1.95768 2.05343 2.17231 2.23374 2.31136 2.35964 2.41688 2.48551 2.56534 2.60427 2.62524 2.61662 2.58281 2.54915 2.49850 2.34320 2.32866 4.13585
7.50000 70.00000 0.74016 0.90809 1.14271 1.26761 1.42303 1.62874 1.75984 1.91861 2.01403 2.13228 2.19316 2.26977 2.31726 2.37330 2.44006 2.51671 2.55321 2.57098 2.56098 2.52594 2.49188 2.44112 2.28689 2.27253 4.08627
7.50000 80.00000 0.71825 0.88565 1.11953 1.24403 1.39896 1.60402 1.73468 1.89283 1.98770 2.10480 2.16477 2.23981 2.28603 2.34023 2.40415 2.47611 2.50914 2.52262 2.51086 2.47447 2.44007 2.38943 2.23733 2.22327 4.05142
7.50000 90.00000 0.69930 0.86619 1.09934 1.22347 1.37791 1.58231 1.71252 1.87001 1.96432 2.08022 2.13929 2.21270 2.25763 2.30998 2.37103 2.43840 2.46813 2.47774 2.46457 2.42732 2.39292 2.34276 2.19368 2.18003 4.02131
7.50000 100.00000 0.68214 0.84853 1.08097 1.20472 1.35869 1.56244 1.69222 1.84907 1.94281 2.05755 2.11567 2.18748 2.23112 2.28162 2.33986 2.40274 2.42929 2.43522 2.42076 2.38277 2.34846 2.29887 2.15295 2.13966 3.99369
7.50000 110.00000 0.66535 0.83124 1.06296 1.18634 1.33981 1.54287 1.67216 1.82823 1.92126 2.03453 2.09148 2.16134 2.20344 2.25169 2.30655 2.36395 2.38662 2.38802 2.37188 2.33280 2.29842 2.24927 2.10647 2.09361 3.96932
7.50000 120.00000 0.64986 0.81526 1.04629 1.16929 1.32228 1.52466 1.65346 1.80878 1.90111 2.01296 2.06874 2.13669 2.17726 2.22335 2.27489 2.32702 2.34597 2.34312 2.32547 2.28550 2.25114 2.20251 2.06292 2.05044 3.94665
7.50000 130.00000 0.63226 0.79720 1.02755 1.15018 1.30272 1.50445 1.63277 1.78735 1.87903 1.98948 2.04421 2.11031 2.14943 2.19344 2.24184 2.28906 2.30461 2.29792 2.27896 2.23834 2.20411 2.15611 2.01981 2.00772 3.92153
7.50000 140.00000 0.61413 0.77861 1.00835 1.13061 1.28267 1.48378 1.61166 1.76555 1.85660 1.96577 2.01948 2.08386 2.12163 2.16369 2.20916 2.25181 2.26420 2.25402 2.23394 2.19275 2.15869 2.11137 1.97819 1.96649 3.89638
7.50000 150.00000 0.59541 0.75944 0.98853 1.11045 1.26208 1.46253 1.58995 1.74312 1.83351 1.94131 1.99395 2.05654 2.09289 2.13291 2.17542 2.21343 2.22271 2.20927 2.18822 2.14677 2.11308 2.06663 1.93707 1.92577 3.87470
7.50000 175.00000 0.55078 0.71376 0.94133 1.06241 1.21296 1.41191 1.53822 1.68968 1.77851 1.88308 1.93320 1.99152 2.02458 2.05989 2.09546 2.12291 2.12525 2.10473 2.08174 2.04008 2.00743 1.96321 1.84242 1.83208 3.81774
7.50000 200.00000 0.50878 0.67078 0.89693 1.01724 1.16677 1.36427 1.48957 1.63942 1.72678 1.82834 1.87611 1.93051 1.96049 1.99151 2.02074 2.03872 2.03500 2.00855 1.98418 1.94273 1.91126 1.86928 1.75667 1.74720 3.76265
7.50000 250.00000 0.43925 0.59947 0.82297 0.94177 1.08933 1.28395 1.40709 1.55343 1.63754 1.73245 1.77510 1.82106 1.84458 1.86663 1.88304 1.88280 1.86825 1.83305 1.80782 1.76934 1.74168 1.70567 1.61177 1.60411 3.66209
7.50000 300.00000 0.38471 0.54332 0.76443 0.88185 1.02755 1.21936 1.34029 1.48299 1.56368 1.65164 1.68902 1.72641 1.74346 1.75667 1.76074 1.74368 1.71980 1.67805 1.65299 1.61829 1.59460 1.56443 1.48748 1.48137 3.58141
7.50000 350.00000 0.33355 0.49077 0.70967 0.82577 0.96966 1.15863 1.27730 1.41609 1.49309 1.57361 1.60545 1.63399 1.64449 1.64893 1.64115 1.60898 1.57766 1.53244 1.50910 1.47969 1.46061 1.43667 1.37611 1.37139 3.50844
7.50000 400.00000 0.28803 0.44400 0.66089 0.77576 0.91792 1.10413 1.22051 1.35530 1.42849 1.50150 1.52780 1.54765 1.55183 1.54797 1.52933 1.48407 1.44702 1.40039 1.37946 1.35562 1.34097 1.32281 1.27633 1.27274 3.44246
7.50000 450.00000 0.24450 0.39935 0.61442 0.72813 0.86864 1.05211 1.16622 1.29696 1.36632 1.43180 1.45264 1.46407 1.46224 1.45063 1.42214 1.36585 1.32458 1.27818 1.26010 1.24182 1.23130 1.21830 1.18375 1.18104 3.37689
7.50000 500.00000 0.20459 0.35848 0.57185 0.68447 0.82336 1.00410 1.11589 1.24250 1.30795 1.36579 1.38122 1.38439 1.37677 1.35787 1.32043 1.25473 1.21048 1.16546 1.15043 1.13756 1.13080 1.12237 1.09785 1.09584 3.31621
7.50000 600.00000 0.13631 0.28856 0.49876 0.60921 0.74480 0.91972 1.02631 1.14341 1.19980 1.24038 1.24374 1.22901 1.20914 1.17510 1.11973 1.03622 0.98684 0.94500 0.93552 0.93194 0.93152 0.93047 0.92114 0.92013 3.21145
7.50000 700.00000 0.07038 0.22141 0.42905 0.53764 0.67034 0.84002 0.94192 1.05052 1.09900 1.12484 1.11824 1.08926 1.06000 1.01498 0.94760 0.85434 0.80399 0.76759 0.76313 0.76667 0.77066 0.77449 0.77434 0.77386 3.11111
7.50000 800.00000 0.01395 0.16395 0.36906 0.47572 0.60525 0.76895 0.86533 0.96375 1.00280 1.01159 0.99395 0.94985 0.91120 0.85577 0.77834 0.67974 0.63188 0.60482 0.60668 0.61809 0.62647 0.63479 0.64202 0.64194 3.02309
7.50000 1000.00000 -0.09714 0.05158 0.25252 0.35564 0.47921 0.63139 0.71701 0.79579 0.81701 0.79488 0.75804 0.68882 0.63533 0.56438 0.47322 0.36923 0.32585 0.31079 0.31964 0.33881 0.35113 0.36318 0.37614 0.37632 2.87997
7.50000 1200.00000 -0.18971 -0.04190 0.15504 0.25447 0.37157 0.51084 0.58426 0.64086 0.64243 0.58766 0.53161 0.43863 0.37191 0.28799 0.18656 0.08012 0.04082 0.03386 0.04652 0.06903 0.08266 0.09570 0.10988 0.11015 2.72657
7.50000 1500.00000 -0.31932 -0.17253 0.01814 0.11157 0.21804 0.33595 0.38922 0.40989 0.38079 0.27802 0.19561 0.07233 -0.00987 -0.10754 -0.21786 -0.32314 -0.35668 -0.35600 -0.34117 -0.31799 -0.30482 -0.29259 -0.27970 -0.27948 2.52063
7.80000 0.00000 1.69604 1.85104 2.06707 2.18177 2.32410 2.51194 2.63185 2.77919 2.87087 2.99088 3.05609 3.14145 3.19629 3.26336 3.34764 3.45470 3.51540 3.56688 3.57309 3.55453 3.52779 3.48267 3.32994 3.31498 4.97739
7.80000 1.00000 1.66906 1.82400 2.03992 2.15453 2.29674 2.48441 2.60414 2.75109 2.84238 2.96155 3.02607 3.11028 3.16421 3.22984 3.31175 3.41429 3.47094 3.51571 3.51796 3.49437 3.46467 3.41627 3.25674 3.24126 4.94957
7.80000 5.00000 1.59533 1.75005 1.96567 2.08015 2.22215 2.40954 2.52909 2.67576 2.76677 2.88532 2.94935 3.03264 3.08582 3.15028 3.23024 3.32908 3.38237 3.42155 3.42051 3.39275 3.36061 3.30954 3.14460 3.12868 4.88928
7.80000 10.00000 1.51080 1.66528 1.88060 1.99494 2.13678 2.32402 2.44351 2.59021 2.68130 2.79998 2.86408 2.94746 3.00067 3.06520 3.14527 3.24423 3.29762 3.33705 3.33617 3.30871 3.27676 3.22601 3.06196 3.04610 4.81490
7.80000 15.00000 1.42962 1.58388 1.79889 1.91305 2.05474 2.24179 2.36122 2.50788 2.59899 2.71766 2.78172 2.86500 2.91810 2.98249 3.06222 3.16064 3.21353 3.25216 3.25085 3.22291 3.19075 3.13981 2.97569 2.95985 4.73620
7.80000 20.00000 1.35570 1.50969 1.72437 1.83837 1.97985 2.16666 2.28590 2.43235 2.52325 2.64150 2.70520 2.78784 2.84042 2.90401 2.98254 3.07881 3.13004 3.16637 3.16401 3.13500 3.10241 3.05116 2.88723 2.87146 4.66448
7.80000 25.00000 1.28913 1.44289 1.65725 1.77108 1.91235 2.09890 2.21802 2.36429 2.45501 2.57289 2.63626 2.71834 2.77045 2.83334 2.91074 3.00507 3.05470 3.08878 3.08529 3.05512 3.02200 2.97035 2.80618 2.79044 4.59797
7.80000 30.00000 1.23072 1.38424 1.59827 1.71193 1.85300 2.03930 2.15822 2.30425 2.39478 2.51219 2.57520 2.65659 2.70816 2.77026 2.84641 2.93865 2.98672 3.01879 3.01448 2.98366 2.95036 2.89873 2.73554 2.71995 4.53838
7.80000 40.00000 1.12849 1.28156 1.49493 1.60825 1.74890 1.93462 2.05320 2.19864 2.28862 2.40489 2.46694 2.54671 2.59696 2.65714 2.73032 2.81761 2.86196 2.88935 2.88309 2.85070 2.81698 2.76540 2.60444 2.58918 4.43133
7.80000 50.00000 1.05052 1.20315 1.41591 1.52892 1.66920 1.85447 1.97277 2.11788 2.20758 2.32317 2.38467 2.46343 2.51285 2.57181 2.64305 2.72704 2.76883 2.79281 2.78502 2.75123 2.71700 2.66519 2.50511 2.49002 4.34869
7.80000 60.00000 0.99614 1.14834 1.36059 1.47334 1.61333 1.79832 1.91652 2.06163 2.15142 2.26718 2.32870 2.40746 2.45684 2.51571 2.58675 2.67029 2.71166 2.73489 2.72668 2.69246 2.65806 2.60614 2.44627 2.43122 4.29088
7.80000 70.00000 0.96255 1.11436 1.32603 1.43849 1.57813 1.76269 1.88064 2.02543 2.11495 2.23004 2.29105 2.36883 2.41741 2.47509 2.54427 2.62466 2.66358 2.68361 2.67397 2.63847 2.60364 2.55156 2.39271 2.37782 4.24529
7.80000 80.00000 0.94172 1.09310 1.30418 1.41634 1.55559 1.73962 1.85720 2.00144 2.09037 2.20432 2.26436 2.34049 2.38777 2.44354 2.50977 2.58534 2.62073 2.63642 2.62509 2.58835 2.55330 2.50149 2.34528 2.33075 4.21176
7.80000 90.00000 0.92299 1.07398 1.28451 1.39634 1.53523 1.71875 1.83599 1.97967 2.06812 2.18098 2.24013 2.31475 2.36081 2.41482 2.47836 2.54953 2.58174 2.59365 2.58090 2.54323 2.50812 2.45671 2.30334 2.28917 4.18224
7.80000 100.00000 0.90563 1.05620 1.26621 1.37775 1.51627 1.69930 1.81621 1.95938 2.04736 2.15913 2.21745 2.29059 2.33548 2.38777 2.44872 2.51567 2.54483 2.55315 2.53905 2.50052 2.46539 2.41439 2.26376 2.24994 4.15462
7.80000 110.00000 0.88871 1.03891 1.24833 1.35958 1.49771 1.68019 1.79668 1.93917 2.02647 2.13684 2.19401 2.26524 2.30860 2.35869 2.41627 2.47784 2.50314 2.50690 2.49114 2.45153 2.41632 2.36579 2.21835 2.20499 4.13080
7.80000 120.00000 0.87262 1.02244 1.23135 1.34229 1.48003 1.66197 1.77806 1.91988 2.00654 2.11554 2.17162 2.24096 2.28285 2.33081 2.38520 2.44166 2.46338 2.46308 2.44588 2.40551 2.37039 2.32051 2.17655 2.16360 4.10866
7.80000 130.00000 0.85515 1.00461 1.21296 1.32364 1.46100 1.64241 1.75810 1.89927 1.98529 2.09289 2.14789 2.21541 2.25582 2.30173 2.35295 2.40445 2.42269 2.41847 2.39996 2.35888 2.32392 2.27471 2.13416 2.12163 4.08424
7.80000 140.00000 0.83723 0.98633 1.19420 1.30459 1.44158 1.62247 1.73777 1.87829 1.96369 2.06998 2.12388 2.18960 2.22861 2.27249 2.32069 2.36746 2.38246 2.37469 2.35504 2.31351 2.27881 2.23037 2.09341 2.08128 4.06011
7.80000 150.00000 0.81884 0.96760 1.17496 1.28508 1.42172 1.60210 1.71702 1.85689 1.94166 2.04659 2.09948 2.16342 2.20104 2.24292 2.28816 2.33036 2.34225 2.33119 2.31056 2.26876 2.23438 2.18684 2.05358 2.04186 4.03942
7.80000 175.00000 0.77493 0.92288 1.12906 1.23854 1.37435 1.55350 1.66753 1.80591 1.88924 1.99110 2.04155 2.10137 2.13581 2.17314 2.21168 2.24362 2.24879 2.23090 2.20845 2.16657 2.13335 2.08815 1.96397 1.95327 3.98403
7.80000 200.00000 0.73346 0.88067 1.08578 1.19461 1.32964 1.50766 1.62084 1.75781 1.83977 1.93873 1.98688 2.04287 2.07427 2.10740 2.13966 2.16219 2.16125 2.13725 2.11324 2.07135 2.03918 1.99610 1.87999 1.87014 3.92998
7.80000 250.00000 0.66445 0.81027 1.01329 1.12092 1.25430 1.42984 1.54103 1.67451 1.75305 1.84484 1.88746 1.93439 1.95890 1.98245 2.00118 2.00470 1.99274 1.96064 1.93665 1.89925 1.87201 1.83630 1.74245 1.73476 3.84045
7.80000 300.00000 0.60854 0.75317 0.95431 1.06086 1.19270 1.36583 1.47505 1.60506 1.68017 1.76486 1.80207 1.84022 1.85812 1.87265 1.87883 1.86530 1.84403 1.80560 1.78205 1.74886 1.72592 1.69646 1.62057 1.61452 3.75981
7.80000 350.00000 0.55739 0.70097 0.90040 1.00587 1.13625 1.30697 1.41416 1.54049 1.61198 1.68924 1.72090 1.75019 1.76155 1.76733 1.76172 1.73318 1.70456 1.66280 1.64106 1.61330 1.59504 1.57192 1.51267 1.50803 3.69100
7.80000 400.00000 0.51244 0.65509 0.85297 0.95747 1.08641 1.25478 1.35996 1.48257 1.55043 1.62036 1.64661 1.66742 1.67263 1.67035 1.65421 1.61312 1.57912 1.53636 1.51716 1.49513 1.48137 1.46406 1.41899 1.41547 3.63000
7.80000 450.00000 0.46870 0.61054 0.80700 0.91055 1.03813 1.20411 1.30720 1.42596 1.49005 1.55245 1.57324 1.58561 1.58480 1.57476 1.54878 1.49652 1.45815 1.41532 1.39878 1.38208 1.37235 1.36007 1.32672 1.32406 3.56818
7.80000 500.00000 0.42835 0.56951 0.76466 0.86732 0.99356 1.15721 1.25822 1.37312 1.43345 1.48845 1.50392 1.50819 1.50166 1.48436 1.44934 1.38718 1.34513 1.30238 1.28810 1.27582 1.26931 1.26103 1.23674 1.23476 3.51301
7.80000 600.00000 0.36203 0.50196 0.69455 0.79536 0.91868 1.07695 1.17305 1.27863 1.32990 1.36748 1.37083 1.35718 1.33848 1.30627 1.25385 1.17519 1.12922 1.09162 1.08396 1.08217 1.08262 1.08238 1.07431 1.07337 3.41030
7.80000 700.00000 0.29612 0.43516 0.62561 0.72481 0.84551 0.99888 1.09041 1.18748 1.23064 1.25307 1.24619 1.21802 1.18979 1.14652 1.08210 0.99395 0.94739 0.91568 0.91327 0.91884 0.92378 0.92849 0.92965 0.92924 3.31697
7.80000 800.00000 0.24038 0.37866 0.56702 0.66450 0.78233 0.93017 1.01646 1.10376 1.13771 1.14350 1.12586 1.08291 1.04556 0.99217 0.91796 0.82441 0.77994 0.75659 0.75986 0.77250 0.78139 0.79014 0.79801 0.79795 3.23232
7.80000 1000.00000 0.13397 0.27112 0.45553 0.54958 0.66153 0.79775 0.87302 0.93987 0.95517 0.92855 0.89092 0.82212 0.76964 0.70069 0.61313 0.51536 0.47633 0.46617 0.47686 0.49761 0.51052 0.52306 0.53656 0.53675 3.10046
7.80000 1200.00000 0.04364 0.17983 0.36018 0.45052 0.55602 0.67937 0.74243 0.78704 0.78267 0.72367 0.66724 0.57559 0.51069 0.42990 0.33359 0.23515 0.20096 0.19918 0.21351 0.23728 0.25126 0.26452 0.27883 0.27908 2.95372
7.80000 1500.00000 -0.08042 0.05410 0.22745 0.31150 0.40609 0.50783 0.55067 0.55945 0.52471 0.41871 0.33693 0.21667 0.13752 0.04445 -0.05911 -0.15518 -0.18364 -0.17869 -0.16285 -0.13932 -0.12621 -0.11417 -0.10161 -0.10139 2.75910
8.00000 0.00000 1.78627 1.93049 2.13131 2.23777 2.36981 2.54413 2.65581 2.79458 2.88259 3.00021 3.06487 3.14985 3.20448 3.27126 3.35502 3.46120 3.52114 3.57150 3.57708 3.55777 3.53063 3.48508 3.33159 3.31656 5.01940
8.00000 1.00000 1.75974 1.90389 2.10459 2.21103 2.34295 2.51710 2.62862 2.76704 2.85468 2.97150 3.03555 3.11943 3.17316 3.23856 3.32006 3.42182 3.47774 3.52130 3.52283 3.49830 3.46803 3.41901 3.25813 3.24253 4.99033
8.00000 5.00000 1.68960 1.83359 2.03406 2.14037 2.27214 2.44608 2.55746 2.69566 2.78309 2.89940 2.96303 3.04613 3.09921 3.16360 3.24338 3.34179 3.39457 3.43279 3.43109 3.40240 3.36963 3.31784 3.15118 3.13510 4.93296
8.00000 10.00000 1.61399 1.75778 1.95801 2.06421 2.19586 2.36968 2.48104 2.61931 2.70681 2.82325 2.88695 2.97014 3.02329 3.08774 3.16764 3.26635 3.31945 3.35834 3.35712 3.32916 3.29692 3.24580 3.08097 3.06506 4.86959
8.00000 15.00000 1.53884 1.68244 1.88243 1.98851 2.12005 2.29381 2.40517 2.54353 2.63117 2.74783 2.81166 2.89503 2.94829 3.01288 3.09296 3.19174 3.24476 3.28318 3.28153 3.25290 3.22020 3.16854 3.00237 2.98634 4.79965
8.00000 20.00000 1.47062 1.61402 1.81376 1.91970 2.05108 2.22467 2.33595 2.47419 2.56174 2.67817 2.74179 2.82477 2.87770 2.94180 3.02107 3.11850 3.17041 3.20729 3.20491 3.17556 3.14258 3.09072 2.92475 2.90876 4.73593
8.00000 25.00000 1.40937 1.55259 1.75206 1.85787 1.98910 2.16249 2.27362 2.41171 2.49908 2.61514 2.67844 2.76085 2.81332 2.87675 2.95495 3.05055 3.10110 3.13616 3.13300 3.10295 3.06976 3.01785 2.85261 2.83672 4.67689
8.00000 30.00000 1.35438 1.49740 1.69661 1.80228 1.93336 2.10653 2.21758 2.35549 2.44272 2.55843 2.62143 2.70330 2.75533 2.81811 2.89530 2.98920 3.03841 3.07175 3.06783 3.03716 3.00377 2.95184 2.78728 2.77151 4.62293
8.00000 40.00000 1.25672 1.39935 1.59802 1.70342 1.83415 2.00688 2.11759 2.25497 2.34169 2.45626 2.51833 2.59858 2.64929 2.71016 2.78439 2.87330 2.91876 2.94727 2.94128 2.90884 2.87489 2.82285 2.66014 2.64468 4.52200
8.00000 50.00000 1.18286 1.32515 1.52334 1.62850 1.75894 1.93132 2.04186 2.17901 2.26554 2.37959 2.44120 2.52063 2.57065 2.63050 2.70307 2.78916 2.83237 2.85778 2.85034 2.81650 2.78199 2.72961 2.56733 2.55199 4.44398
8.00000 60.00000 1.12960 1.27158 1.46935 1.57431 1.70454 1.87675 1.98725 2.12452 2.21116 2.32545 2.38716 2.46668 2.51675 2.57660 2.64913 2.73500 2.77790 2.80263 2.79475 2.76034 2.72553 2.67288 2.51027 2.49489 4.38986
8.00000 70.00000 1.09819 1.23981 1.43712 1.54185 1.67180 1.84364 1.95391 2.09086 2.17720 2.29077 2.35187 2.43030 2.47948 2.53803 2.60853 2.69098 2.73128 2.75268 2.74336 2.70776 2.67259 2.61991 2.45876 2.44360 4.34645
8.00000 80.00000 1.07777 1.21905 1.41590 1.52036 1.64999 1.82139 1.93136 2.06780 2.15364 2.26607 2.32626 2.40311 2.45102 2.50771 2.57539 2.65316 2.69003 2.70719 2.69619 2.65934 2.62394 2.57150 2.41289 2.39809 4.31403
8.00000 90.00000 1.05893 1.19988 1.39627 1.50049 1.62982 1.80082 1.91051 2.04648 2.13187 2.24333 2.30268 2.37811 2.42487 2.47993 2.54504 2.61866 2.65246 2.66591 2.65348 2.61561 2.58007 2.52793 2.37182 2.35736 4.28449
8.00000 100.00000 1.04175 1.18238 1.37834 1.48234 1.61137 1.78197 1.89137 2.02691 2.11183 2.22228 2.28080 2.35479 2.40044 2.45383 2.51641 2.58591 2.61674 2.62663 2.61285 2.57412 2.53852 2.48676 2.33333 2.31921 4.25735
8.00000 110.00000 1.02438 1.16471 1.36020 1.46394 1.59266 1.76279 1.87184 2.00675 2.09106 2.20010 2.25752 2.32964 2.37379 2.42503 2.48436 2.54862 2.57572 2.58124 2.56588 2.52617 2.49059 2.43938 2.28937 2.27568 4.23394
8.00000 120.00000 1.00835 1.14834 1.34341 1.44690 1.57530 1.74497 1.85366 1.98795 2.07164 2.17930 2.23565 2.30591 2.34858 2.39772 2.45386 2.51302 2.53652 2.53793 2.52112 2.48061 2.44511 2.39454 2.24802 2.23478 4.21207
8.00000 130.00000 0.99097 1.13071 1.32533 1.42857 1.55666 1.72587 1.83420 1.96784 2.05086 2.15715 2.21236 2.28073 2.32191 2.36892 2.42182 2.47589 2.49586 2.49329 2.47517 2.43402 2.39872 2.34890 2.20610 2.19330 4.18839
8.00000 140.00000 0.97319 1.11262 1.30684 1.40986 1.53764 1.70640 1.81439 1.94743 2.02986 2.13479 2.18897 2.25554 2.29530 2.34029 2.39019 2.43953 2.45622 2.45008 2.43081 2.38918 2.35415 2.30511 2.16596 2.15358 4.16479
8.00000 150.00000 0.95538 1.09454 1.28836 1.39116 1.51865 1.68699 1.79466 1.92713 2.00897 2.11265 2.16581 2.23072 2.26915 2.31225 2.35932 2.40428 2.41800 2.40868 2.38845 2.34655 2.31185 2.26366 2.12811 2.11616 4.14506
8.00000 175.00000 0.91159 1.05010 1.24296 1.34524 1.47203 1.63935 1.74622 1.87731 1.95776 2.05841 2.10916 2.16998 2.20525 2.24386 2.28429 2.31915 2.32622 2.31023 2.28832 2.24653 2.21309 2.16741 2.04140 2.03050 4.09006
8.00000 200.00000 0.87063 1.00855 1.20055 1.30232 1.42846 1.59483 1.70095 1.83073 1.90987 2.00763 2.05613 2.11311 2.14543 2.17983 2.21403 2.23944 2.24030 2.21799 2.19431 2.15232 2.11979 2.07610 1.95793 1.94787 4.03704
8.00000 250.00000 0.80286 0.93969 1.12995 1.23072 1.35543 1.51956 1.62381 1.75013 1.82574 1.91609 1.95883 2.00646 2.03161 2.05613 2.07635 2.08217 2.07182 2.04147 2.01809 1.98115 1.95403 1.91835 1.82417 1.81642 3.95256
8.00000 300.00000 0.74530 0.88118 1.06990 1.16975 1.29314 1.45510 1.55751 1.68039 1.75252 1.83556 1.87274 1.91136 1.92977 1.94510 1.95259 1.94128 1.92171 1.88555 1.86307 1.83104 1.80868 1.77980 1.70487 1.69886 3.87434
8.00000 350.00000 0.69478 0.82985 1.01720 1.11616 1.23829 1.39813 1.49867 1.61806 1.68666 1.76242 1.79415 1.82408 1.83608 1.84285 1.83882 1.81294 1.78631 1.74715 1.72661 1.70012 1.68250 1.66001 1.60177 1.59718 3.80953
8.00000 400.00000 0.64984 0.78420 0.97030 1.06842 1.18932 1.34699 1.44563 1.56140 1.62636 1.69473 1.72099 1.74238 1.74818 1.74685 1.73226 1.69380 1.66179 1.62167 1.60373 1.58304 1.56997 1.55333 1.50940 1.50596 3.75059
8.00000 450.00000 0.60580 0.73955 0.92451 1.02184 1.14154 1.29711 1.39382 1.50592 1.56725 1.62827 1.64918 1.66226 1.66212 1.65309 1.62861 1.57861 1.54169 1.50036 1.48435 1.46808 1.45848 1.44632 1.41312 1.41048 3.69312
8.00000 500.00000 0.56554 0.69878 0.88266 0.97921 1.09775 1.25114 1.34586 1.45419 1.51174 1.56529 1.58083 1.58575 1.57986 1.56353 1.52999 1.47006 1.42945 1.38826 1.37455 1.36275 1.35645 1.34837 1.32438 1.32240 3.63981
8.00000 600.00000 0.50095 0.63322 0.81490 0.90978 1.02559 1.17385 1.26371 1.36263 1.41095 1.44670 1.44987 1.43661 1.41842 1.38713 1.33629 1.26040 1.21662 1.18182 1.17550 1.17508 1.17618 1.17658 1.16958 1.16868 3.53847
8.00000 700.00000 0.43467 0.56628 0.74614 0.83956 0.95295 1.09652 1.18194 1.27244 1.31266 1.33323 1.32624 1.29850 1.27091 1.22869 1.16613 1.08121 1.03708 1.00843 1.00734 1.01424 1.01981 1.02507 1.02711 1.02675 3.44972
8.00000 800.00000 0.37953 0.51055 0.68851 0.78033 0.89101 1.02923 1.10952 1.19026 1.22128 1.22515 1.20734 1.16488 1.12818 1.07592 1.00364 0.91339 0.87125 0.85063 0.85500 0.86866 0.87799 0.88714 0.89555 0.89551 3.36731
8.00000 1000.00000 0.27685 0.40683 0.58097 0.66941 0.77423 0.90078 0.96987 1.02970 1.04155 1.01225 0.97410 0.90547 0.85358 0.78581 0.70048 0.60657 0.57024 0.56310 0.57492 0.59660 0.60987 0.62268 0.63647 0.63669 3.24267
8.00000 1200.00000 0.18778 0.31671 0.48672 0.57144 0.66983 0.78354 0.84045 0.87808 0.87033 0.80897 0.75238 0.66158 0.59781 0.51892 0.42572 0.33202 0.30075 0.30183 0.31702 0.34132 0.35543 0.36875 0.38306 0.38330 3.10025
8.00000 1500.00000 0.06820 0.19491 0.35733 0.43549 0.52263 0.61433 0.65075 0.65222 0.61398 0.50590 0.42436 0.30583 0.22849 0.13821 0.03876 -0.05177 -0.07720 -0.06983 -0.05348 -0.02985 -0.01685 -0.00498 0.00734 0.00755 2.91296
8.20000 0.00000 1.87095 2.00495 2.19139 2.29016 2.41260 2.57442 2.67862 2.80957 2.89408 3.00885 3.07240 3.15587 3.20943 3.27466 3.35617 3.45877 3.51629 3.56411 3.56900 3.54962 3.52286 3.47814 3.32806 3.31345 5.05934
8.20000 1.00000 1.84358 1.97753 2.16389 2.26262 2.38499 2.54669 2.65076 2.78146 2.86570 2.97984 3.04290 3.12554 3.17836 3.24248 3.32204 3.42079 3.47464 3.51598 3.51685 3.49217 3.46217 3.41377 3.25565 3.24038 5.02763
8.20000 5.00000 1.77567 1.90950 2.09570 2.19436 2.31663 2.47826 2.58231 2.71299 2.79721 2.91125 2.97420 3.05654 3.10909 3.17274 3.25138 3.34795 3.39942 3.43607 3.43377 3.40465 3.37184 3.32014 3.15447 3.13852 4.97279
8.20000 10.00000 1.70863 1.84232 2.02835 2.12694 2.24918 2.41080 2.51493 2.64584 2.73032 2.84483 2.90811 2.99096 3.04391 3.10810 3.18756 3.28548 3.33795 3.37595 3.37426 3.34578 3.31328 3.26192 3.09669 3.08075 4.92147
8.20000 15.00000 1.63944 1.77300 1.95886 2.05740 2.17958 2.34121 2.44542 2.57656 2.66128 2.77627 2.83986 2.92319 2.97646 3.04109 3.12121 3.21995 3.27283 3.31075 3.30871 3.27943 3.24629 3.19406 3.02647 3.01026 4.86085
8.20000 20.00000 1.57561 1.70902 1.89469 1.99312 2.11521 2.27674 2.38088 2.51200 2.59669 2.71154 2.77500 2.85806 2.91111 2.97539 3.05493 3.15262 3.20464 3.24128 3.23856 3.20856 3.17508 3.12256 2.95476 2.93858 4.80319
8.20000 25.00000 1.52072 1.65397 1.83944 1.93778 2.05974 2.22113 2.32521 2.45620 2.54077 2.65534 2.71856 2.80118 2.85387 2.91765 2.99640 3.09289 3.14405 3.17986 3.17698 3.14713 3.11393 3.06196 2.89618 2.88022 4.75297
8.20000 30.00000 1.46910 1.60221 1.78749 1.88572 2.00755 2.16883 2.27285 2.40376 2.48823 2.60256 2.66556 2.74778 2.80014 2.86343 2.94139 3.03653 3.08666 3.12105 3.11749 3.08704 3.05361 3.00157 2.83617 2.82028 4.70464
8.20000 40.00000 1.37691 1.50971 1.69456 1.79257 1.91413 2.07499 2.17873 2.30915 2.39309 2.50624 2.56827 2.64880 2.69981 2.76110 2.83598 2.92593 2.97210 3.00135 2.99558 2.96317 2.92911 2.87684 2.71312 2.69752 4.61025
8.20000 50.00000 1.30644 1.43896 1.62346 1.72129 1.84266 2.00334 2.10696 2.23726 2.32112 2.43395 2.49565 2.57560 2.62610 2.68663 2.76028 2.84804 2.89241 2.91906 2.91197 2.87820 2.84353 2.79079 2.62695 2.61141 4.53663
8.20000 60.00000 1.25428 1.38657 1.57077 1.66846 1.78969 1.95028 2.05395 2.18442 2.26849 2.38161 2.44349 2.52361 2.57423 2.63488 2.70863 2.79642 2.84061 2.86667 2.85911 2.82466 2.78957 2.73638 2.57168 2.55604 4.48615
8.20000 70.00000 1.22510 1.35712 1.54095 1.63846 1.75946 1.91975 2.02321 2.15337 2.23708 2.34938 2.41057 2.48950 2.53914 2.59836 2.66991 2.75400 2.79544 2.81803 2.80903 2.77346 2.73811 2.68504 2.52226 2.50690 4.44505
8.20000 80.00000 1.20512 1.33689 1.52036 1.61767 1.73842 1.89836 2.00157 2.13127 2.21450 2.32575 2.38606 2.46346 2.51187 2.56933 2.63814 2.71773 2.75583 2.77428 2.76363 2.72681 2.69121 2.63835 2.47801 2.46300 4.41378
8.20000 90.00000 1.18617 1.31769 1.50080 1.59793 1.71846 1.87809 1.98107 2.11041 2.19325 2.30357 2.36311 2.43919 2.48654 2.54245 2.60886 2.68451 2.71969 2.73452 2.72242 2.68450 2.64868 2.59600 2.43779 2.42309 4.38415
8.20000 100.00000 1.16923 1.30051 1.48330 1.58024 1.70054 1.85985 1.96260 2.09155 2.17394 2.28329 2.34202 2.41673 2.46297 2.51726 2.58122 2.65286 2.68512 2.69645 2.68302 2.64421 2.60832 2.55600 2.40040 2.38602 4.35750
8.20000 110.00000 1.15145 1.28249 1.46492 1.56167 1.68170 1.84063 1.94307 2.07143 2.15325 2.26124 2.31890 2.39177 2.43655 2.48875 2.54953 2.61609 2.64473 2.65187 2.63695 2.59731 2.56150 2.50984 2.35787 2.34395 4.33455
8.20000 120.00000 1.13547 1.26626 1.44836 1.54491 1.66468 1.82322 1.92535 2.05312 2.13432 2.24096 2.29754 2.36855 2.41189 2.46199 2.51959 2.58106 2.60610 2.60909 2.59271 2.55224 2.51651 2.46546 2.31702 2.30355 4.31295
8.20000 130.00000 1.11824 1.24879 1.43054 1.52690 1.64641 1.80455 1.90635 2.03351 2.11403 2.21923 2.27466 2.34372 2.38553 2.43344 2.48774 2.54402 2.56546 2.56444 2.54674 2.50568 2.47022 2.42000 2.27557 2.26257 4.28996
8.20000 140.00000 1.10059 1.23095 1.41235 1.50853 1.62780 1.78557 1.88706 2.01366 2.09358 2.19746 2.25181 2.31908 2.35949 2.40539 2.45668 2.50823 2.52640 2.52178 2.50294 2.46140 2.42620 2.37679 2.23605 2.22350 4.26688
8.20000 150.00000 1.08343 1.21359 1.39469 1.49070 1.60974 1.76716 1.86838 1.99446 2.07384 2.17655 2.22994 2.29562 2.33477 2.37887 2.42748 2.47482 2.49015 2.48249 2.46271 2.42090 2.38602 2.33742 2.20023 2.18808 4.24821
8.20000 175.00000 1.03981 1.16946 1.34986 1.44545 1.56393 1.72049 1.82101 1.94579 2.02382 2.12349 2.17451 2.23614 2.27214 2.31179 2.35381 2.39119 2.40000 2.38585 2.36452 2.32301 2.28952 2.24360 2.11638 2.10533 4.19363
8.20000 200.00000 0.99944 1.12868 1.30839 1.40358 1.52154 1.67732 1.77719 1.90074 1.97750 2.07434 2.12311 2.18095 2.21398 2.24944 2.28528 2.31320 2.31570 2.29500 2.27178 2.22984 2.19716 2.15310 2.03347 2.02325 4.14160
8.20000 250.00000 0.93305 1.06145 1.23981 1.33416 1.45091 1.60466 1.70275 1.82283 1.89596 1.98506 2.02787 2.07595 2.10161 2.12684 2.14825 2.15602 2.14707 2.11843 2.09580 2.05952 2.03272 1.99726 1.90334 1.89559 4.06152
8.20000 300.00000 0.87451 1.00220 1.17938 1.27299 1.38863 1.54049 1.63685 1.75362 1.82331 1.90513 1.94238 1.98154 2.00046 2.01662 2.02547 2.01642 1.99859 1.96469 1.94326 1.91235 1.89056 1.86223 1.78820 1.78224 3.98636
8.20000 350.00000 0.82424 0.95135 1.12745 1.22031 1.33487 1.48480 1.57940 1.69270 1.75880 1.83319 1.86488 1.89520 1.90764 1.91514 1.91237 1.88877 1.86402 1.82755 1.80838 1.78344 1.76666 1.74504 1.68837 1.68387 3.92555
8.20000 400.00000 0.77944 0.90604 1.08114 1.17334 1.28680 1.43477 1.52755 1.63726 1.69969 1.76656 1.79271 1.81438 1.82057 1.81990 1.80651 1.77033 1.74024 1.70291 1.68641 1.66735 1.65517 1.63947 1.59721 1.59386 3.86871
8.20000 450.00000 0.73524 0.86143 1.03567 1.12716 1.23964 1.38571 1.47670 1.58293 1.64181 1.70147 1.72234 1.73583 1.73613 1.72781 1.70450 1.65641 1.62087 1.58122 1.56596 1.55042 1.54120 1.52940 1.49685 1.49425 3.81560
8.20000 500.00000 0.69522 0.82105 0.99442 1.08529 1.19667 1.34074 1.42981 1.53226 1.58734 1.63942 1.65486 1.66008 1.65459 1.63892 1.60649 1.54846 1.50927 1.46986 1.45695 1.44597 1.44009 1.43243 1.40918 1.40725 3.76418
8.20000 600.00000 0.63263 0.75774 0.92923 1.01858 1.12748 1.26656 1.35079 1.44371 1.48935 1.52325 1.52613 1.51297 1.49512 1.46453 1.41509 1.34206 1.30070 1.26927 1.26457 1.26593 1.26796 1.26927 1.26366 1.26285 3.66426
8.20000 700.00000 0.56531 0.68995 0.85989 0.94793 1.05455 1.18913 1.26899 1.35349 1.39097 1.40961 1.40223 1.37462 1.34739 1.30598 1.24500 1.16319 1.12153 1.09618 1.09662 1.10510 1.11144 1.11742 1.12053 1.12021 3.58022
8.20000 800.00000 0.51258 0.63675 0.80495 0.89146 0.99541 1.12468 1.19934 1.27387 1.30192 1.30344 1.28506 1.24253 1.20613 1.15465 1.08403 0.99713 0.95768 0.94052 0.94642 0.96157 0.97160 0.98136 0.99062 0.99062 3.50004
8.20000 1000.00000 0.41312 0.53631 0.70079 0.78396 0.88210 0.99965 1.06300 1.11625 1.12477 1.09261 1.05369 0.98489 0.93335 0.86651 0.78310 0.69280 0.65908 0.65489 0.66784 0.69044 0.70408 0.71715 0.73124 0.73146 3.38217
8.20000 1200.00000 0.32593 0.44796 0.60815 0.68755 0.77918 0.88376 0.93482 0.96571 0.95454 0.89044 0.83336 0.74298 0.68008 0.60286 0.51254 0.42345 0.39514 0.39910 0.41521 0.44010 0.45435 0.46771 0.48201 0.48227 3.24479
8.20000 1500.00000 0.21197 0.33113 0.48291 0.55532 0.63516 0.71689 0.74681 0.74058 0.69831 0.58707 0.50523 0.38775 0.31192 0.22419 0.12878 0.04402 0.02188 0.03200 0.04900 0.07283 0.08575 0.09744 0.10952 0.10972 3.06491
