NGA-East_Model_05 NGA-East USGS GMM as published in PEER Report No. 2017/03, distance is Rrup. Log10 hazard values in cgs units. Uses NRCan simplified, magnitude-independent sigma
          11 34 25 : nmag, ndist, nperiod
          10.000 7.519 5.000 4.000 3.003 2.000 1.499 1.000 0.750 0.500 0.400 0.300 0.250 0.200 0.150 0.100 0.075 0.050 0.040 0.030 0.025 0.020 0.010 PGA PGV
          0.57 0.58 0.61 0.62 0.63 0.65 0.67 0.69 0.70 0.73 0.74 0.75 0.76 0.77 0.79 0.81 0.80 0.78 0.77 0.75 0.74 0.73 0.70 0.70 0.81
4.00000 0.00000 -1.11307 -0.83966 -0.44912 -0.23365 0.04724 0.45640 0.75480 1.18112 1.48048 1.87621 2.06958 2.28526 2.40250 2.52899 2.67411 2.86192 2.98376 3.12082 3.16903 3.19602 3.19314 3.17279 3.07200 3.06086 3.74236
4.00000 1.00000 -1.22916 -0.95582 -0.56545 -0.35011 -0.06941 0.33930 0.63724 1.06267 1.36107 1.75498 1.94697 2.16046 2.27604 2.40013 2.54163 2.72338 2.84046 2.97078 3.01555 3.03872 3.03382 3.01147 2.90753 2.89622 3.64042
4.00000 5.00000 -1.76571 -1.49229 -1.10172 -0.88623 -0.60524 -0.19593 0.10265 0.52935 0.82906 1.22551 1.41930 1.63560 1.75323 1.88008 2.02535 2.21199 2.33143 2.46199 2.50491 2.52355 2.51469 2.48672 2.36423 2.35071 3.19675
4.00000 10.00000 -2.12976 -1.85634 -1.46582 -1.25032 -0.96934 -0.56004 -0.26145 0.16529 0.46505 0.86157 1.05542 1.27178 1.38937 1.51614 1.66108 1.84662 1.96452 2.09144 2.13162 2.14598 2.13410 2.10228 1.96883 1.95411 2.88227
4.00000 15.00000 -2.37303 -2.09968 -1.70926 -1.49384 -1.21301 -0.80395 -0.50560 -0.07935 0.21992 0.61547 0.80860 1.02374 1.14040 1.26575 1.40839 1.58963 1.70364 1.82400 1.86012 1.86908 1.85383 1.81804 1.67487 1.65920 2.64447
4.00000 20.00000 -2.55746 -2.28416 -1.89383 -1.67849 -1.39774 -0.98886 -0.69069 -0.26478 0.03417 0.42905 0.62168 0.83602 0.95202 1.07638 1.21745 1.39567 1.50690 1.62250 1.65565 1.66058 1.64276 1.60394 1.45318 1.43675 2.45555
4.00000 25.00000 -2.70963 -2.43636 -2.04609 -1.83077 -1.55005 -1.14122 -0.84309 -0.41726 -0.11838 0.27638 0.46890 0.68303 0.79884 0.92288 1.06329 1.23989 1.34930 1.46103 1.49140 1.49214 1.47141 1.42894 1.26784 1.25028 2.30507
4.00000 30.00000 -2.82953 -2.55631 -2.16610 -1.95081 -1.67018 -1.26146 -0.96343 -0.53779 -0.23910 0.15531 0.34757 0.56125 0.67671 0.80024 0.93979 1.11478 1.22266 1.33169 1.36033 1.35871 1.33646 1.29214 1.12630 1.10826 2.18503
4.00000 40.00000 -3.01559 -2.74248 -2.35243 -2.13726 -1.85677 -1.44837 -1.15064 -0.72554 -0.42738 -0.03402 0.15748 0.36994 0.48445 0.60658 0.74390 0.91485 1.01924 1.12259 1.14792 1.14200 1.11713 1.06987 0.89713 0.87844 1.99369
4.00000 50.00000 -3.15698 -2.88394 -2.49409 -2.27903 -1.99873 -1.59068 -1.29325 -0.86876 -0.57120 -0.17901 0.01163 0.22268 0.33611 0.45664 0.59141 0.75772 0.85803 0.95477 0.97616 0.96512 0.93713 0.88626 0.70509 0.68561 1.84310
4.00000 60.00000 -3.23916 -2.96622 -2.57647 -2.36149 -2.08130 -1.67340 -1.37614 -0.95196 -0.65464 -0.26291 -0.07259 0.13796 0.25097 0.37093 0.50482 0.66957 0.76856 0.86324 0.88345 0.87097 0.84211 0.79030 0.60709 0.58745 1.73623
4.00000 70.00000 -3.29805 -3.02521 -2.63564 -2.42077 -2.14075 -1.73317 -1.43621 -1.01259 -0.71582 -0.32516 -0.13560 0.07373 0.18581 0.30446 0.43631 0.59765 0.69394 0.78476 0.80302 0.78839 0.75844 0.70560 0.52116 0.50152 1.64636
4.00000 80.00000 -3.33504 -3.06235 -2.67302 -2.45832 -2.17860 -1.77156 -1.47515 -1.05258 -0.75687 -0.36823 -0.18015 0.02679 0.13706 0.25312 0.38106 0.53586 0.62708 0.71093 0.72582 0.70767 0.67608 0.62185 0.43675 0.41728 1.57800
4.00000 90.00000 -3.36417 -3.09160 -2.70250 -2.48797 -2.20848 -1.80192 -1.50598 -1.08430 -0.78947 -0.40255 -0.21572 -0.01075 0.09802 0.21194 0.33670 0.48627 0.57355 0.65216 0.66464 0.64415 0.61158 0.55668 0.37227 0.35310 1.51862
4.00000 100.00000 -3.39053 -3.11808 -2.72920 -2.51483 -2.23557 -1.82947 -1.53397 -1.11316 -0.81916 -0.43388 -0.24822 -0.04514 0.06219 0.17411 0.29586 0.44049 0.52403 0.59770 0.60791 0.58519 0.55167 0.49607 0.31210 0.29316 1.46436
4.00000 110.00000 -3.41431 -3.14199 -2.75335 -2.53913 -2.26014 -1.85454 -1.55953 -1.13966 -0.84660 -0.46312 -0.27876 -0.07774 0.02803 0.13780 0.25629 0.39579 0.47559 0.54458 0.55282 0.52846 0.49443 0.43874 0.25695 0.23844 1.41496
4.00000 120.00000 -3.43714 -3.16497 -2.77658 -2.56252 -2.28381 -1.87876 -1.58423 -1.16538 -0.87331 -0.49173 -0.30875 -0.10990 -0.00575 0.10174 0.21688 0.35107 0.42709 0.49148 0.49789 0.47209 0.43770 0.38214 0.20310 0.18506 1.36793
4.00000 130.00000 -3.46004 -3.18798 -2.79982 -2.58591 -2.30744 -1.90283 -1.60875 -1.19076 -0.89951 -0.51956 -0.33773 -0.14071 -0.03795 0.06758 0.17983 0.30935 0.38191 0.44177 0.44614 0.41834 0.38313 0.32696 0.14825 0.13039 1.32222
4.00000 140.00000 -3.48358 -3.21163 -2.82367 -2.60990 -2.33163 -1.92742 -1.63373 -1.21646 -0.92591 -0.54733 -0.36648 -0.17103 -0.06945 0.03441 0.14415 0.26957 0.33899 0.39459 0.39690 0.36695 0.33067 0.27360 0.09395 0.07613 1.27654
4.00000 150.00000 -3.51093 -3.23910 -2.85132 -2.63769 -2.35963 -1.95582 -1.66250 -1.24594 -0.95609 -0.57884 -0.39896 -0.20501 -0.10456 -0.00227 0.10513 0.22685 0.29355 0.34573 0.34653 0.31521 0.27840 0.22100 0.04202 0.02434 1.23249
4.00000 175.00000 -3.57713 -3.30558 -2.91829 -2.70500 -2.42746 -2.02464 -1.73227 -1.31756 -1.02949 -0.65564 -0.47819 -0.28807 -0.19049 -0.09219 0.00935 0.12182 0.18188 0.22578 0.22309 0.18866 0.15076 0.09282 -0.08400 -0.10114 1.12742
4.00000 200.00000 -3.63618 -3.36490 -2.97808 -2.76512 -2.48810 -2.08623 -1.79480 -1.38185 -1.09549 -0.72491 -0.54980 -0.36333 -0.26850 -0.17403 -0.07811 0.02551 0.07916 0.11495 0.10873 0.07099 0.03177 -0.02702 -0.20291 -0.21971 1.03307
4.00000 250.00000 -3.74229 -3.47163 -3.08591 -2.87370 -2.59782 -2.19821 -1.90894 -1.50017 -1.21785 -0.85500 -0.68535 -0.50739 -0.41886 -0.33299 -0.24944 -0.16436 -0.12318 -0.10122 -0.11231 -0.15301 -0.19232 -0.24966 -0.41530 -0.43060 0.87468
4.00000 300.00000 -3.83135 -3.56129 -3.17670 -2.96523 -2.69062 -2.29336 -2.00636 -1.60202 -1.32398 -0.96922 -0.80526 -0.63608 -0.55397 -0.47677 -0.40541 -0.33793 -0.30794 -0.29728 -0.31162 -0.35327 -0.39153 -0.44621 -0.59976 -0.61349 0.74079
4.00000 350.00000 -3.90673 -3.63732 -3.25389 -3.04324 -2.76991 -2.37512 -2.09053 -1.69083 -1.41725 -1.07098 -0.91293 -0.75287 -0.67738 -0.60908 -0.55010 -0.50027 -0.48135 -0.48180 -0.49940 -0.54225 -0.57973 -0.63227 -0.77586 -0.78832 0.62129
4.00000 400.00000 -3.97385 -3.70509 -3.32285 -3.11302 -2.84101 -2.44876 -2.16665 -1.77172 -1.50273 -1.16512 -1.01312 -0.86226 -0.79342 -0.73400 -0.68725 -0.65456 -0.64617 -0.65693 -0.67748 -0.72133 -0.75806 -0.80861 -0.94350 -0.95486 0.50820
4.00000 450.00000 -4.03742 -3.76941 -3.38850 -3.17963 -2.90911 -2.51984 -2.24061 -1.85126 -1.58762 -1.26004 -1.11494 -0.97445 -0.91296 -0.86316 -0.82924 -0.81327 -0.81399 -0.83164 -0.85266 -0.89417 -0.92811 -0.97441 -1.09577 -1.10573 0.42436
4.00000 500.00000 -4.09486 -3.82758 -3.44805 -3.24014 -2.97121 -2.58495 -2.30868 -1.92501 -1.66685 -1.34941 -1.21124 -1.08108 -1.02683 -0.98638 -0.96468 -0.96417 -0.97297 -0.99598 -1.01692 -1.05567 -1.08676 -1.12891 -1.23808 -1.24681 0.34463
4.00000 600.00000 -4.18839 -3.92283 -3.54662 -3.34107 -3.07598 -2.69730 -2.42841 -2.05903 -1.81446 -1.52215 -1.40095 -1.29572 -1.25870 -1.24012 -1.24631 -1.27946 -1.30454 -1.33686 -1.35638 -1.38804 -1.41261 -1.44582 -1.53062 -1.53708 0.19691
4.00000 700.00000 -4.27651 -4.01251 -3.63917 -3.43571 -3.17394 -2.80179 -2.53922 -2.18197 -1.94888 -1.67756 -1.57040 -1.48562 -1.46260 -1.46169 -1.49024 -1.55048 -1.58920 -1.63114 -1.65146 -1.68063 -1.70225 -1.73110 -1.80387 -1.80925 0.06395
4.00000 800.00000 -4.35505 -4.09270 -3.72252 -3.52128 -3.26316 -2.89813 -2.64247 -2.29837 -2.07760 -1.82841 -1.73576 -1.67150 -1.66215 -1.67786 -1.72631 -1.80790 -1.85503 -1.89877 -1.91593 -1.93829 -1.95479 -1.97731 -2.03560 -2.03984 -0.05976
4.00000 1000.00000 -4.50154 -4.24233 -3.87808 -3.68112 -3.42989 -3.07824 -2.83553 -2.51591 -2.31786 -2.10898 -2.04230 -2.01440 -2.02885 -2.07318 -2.15527 -2.27240 -2.33365 -2.38171 -2.39513 -2.40881 -2.41875 -2.43328 -2.47393 -2.47689 -0.27341
4.00000 1200.00000 -4.61480 -4.35912 -4.00171 -3.80966 -3.56642 -3.23043 -3.00283 -2.71177 -2.54001 -2.37735 -2.34011 -2.35289 -2.39366 -2.46930 -2.58785 -2.74347 -2.82070 -2.87625 -2.88800 -2.89594 -2.90127 -2.91008 -2.93863 -2.94078 -0.50134
4.00000 1500.00000 -4.78863 -4.53782 -4.18971 -4.00437 -3.77202 -3.45726 -3.25010 -2.99746 -2.86093 -2.75975 -2.76146 -2.82792 -2.90345 -3.02056 -3.18805 -3.39785 -3.50060 -3.57457 -3.58952 -3.59684 -3.60014 -3.60582 -3.62680 -3.62841 -0.81167
4.50000 0.00000 -0.68908 -0.40415 -0.00056 0.22020 0.50556 0.91517 1.20824 1.61606 1.89257 2.24201 2.40511 2.58174 2.67662 2.77981 2.90101 3.06082 3.16351 3.27489 3.31071 3.32458 3.31525 3.28902 3.18143 3.17024 4.04979
4.50000 1.00000 -0.76728 -0.48249 -0.07912 0.14145 0.42650 0.83548 1.12792 1.53442 1.80962 2.15647 2.31765 2.49124 2.58380 2.68372 2.80004 2.95186 3.04850 3.15169 3.18350 3.19305 3.18154 3.15328 3.04287 3.03161 3.97160
4.50000 5.00000 -1.20286 -0.91797 -0.51446 -0.29376 -0.00848 0.40101 0.69398 1.10157 1.37784 1.72680 1.88949 2.06539 2.15961 2.26173 2.38099 2.53651 2.63482 2.73791 2.76827 2.77451 2.76024 2.72813 2.60583 2.59322 3.59259
4.50000 10.00000 -1.54631 -1.26145 -0.85794 -0.63723 -0.35195 0.05759 0.35058 0.75830 1.03469 1.38387 1.54669 1.72273 1.81702 1.91914 2.03813 2.19245 2.28900 2.38802 2.41531 2.41692 2.39947 2.36342 2.23049 2.21680 3.29164
4.50000 15.00000 -1.78036 -1.49557 -1.09217 -0.87154 -0.58637 -0.17707 0.11573 0.52301 0.79899 1.14731 1.30952 1.48450 1.57795 1.67881 1.79571 1.94606 2.03895 2.13175 2.15522 2.15172 2.13108 2.09134 1.94953 1.93498 3.06326
4.50000 20.00000 -1.95725 -1.67254 -1.26925 -1.04869 -0.76363 -0.35456 -0.06199 0.34488 0.62046 0.96799 1.12957 1.30357 1.39623 1.49591 1.61093 1.75773 1.84746 1.93495 1.95521 1.94753 1.92430 1.88155 1.73268 1.71747 2.88590
4.50000 25.00000 -2.10205 -1.81736 -1.41416 -1.19365 -0.90866 -0.49969 -0.20721 0.19948 0.47489 0.82208 0.98341 1.15694 1.24925 1.34835 1.46234 1.60707 1.69473 1.77839 1.79615 1.78498 1.75948 1.71403 1.55828 1.54237 2.74499
4.50000 30.00000 -2.21822 -1.93359 -1.53046 -1.31000 -1.02509 -0.61626 -0.32389 0.08259 0.35779 0.70458 0.86563 1.03868 1.13058 1.22909 1.34212 1.48496 1.57087 1.65146 1.66731 1.65354 1.62641 1.57902 1.41852 1.40216 2.63107
4.50000 40.00000 -2.39643 -2.11192 -1.70897 -1.48865 -1.20392 -0.79544 -0.50341 -0.09757 0.17701 0.52262 0.68279 0.85444 0.94524 1.04217 1.15271 1.29112 1.37325 1.44790 1.46036 1.44232 1.41265 1.36246 1.19575 1.17887 2.45085
4.50000 50.00000 -2.53297 -2.24858 -1.84586 -1.62563 -1.34112 -0.93301 -0.64133 -0.23614 0.03778 0.38214 0.54141 0.71157 0.80122 0.89647 1.00436 1.13808 1.21621 1.28455 1.29340 1.27082 1.23846 1.18526 1.01196 0.99451 2.30925
4.50000 60.00000 -2.61218 -2.32786 -1.92526 -1.70515 -1.42075 -1.01284 -0.72133 -0.31646 -0.04279 0.30104 0.45994 0.62955 0.71877 0.81341 0.92035 1.05237 1.12910 1.19526 1.20288 1.17879 1.14555 1.09137 0.91601 0.89836 2.20858
4.50000 70.00000 -2.67088 -2.38669 -1.98428 -1.76428 -1.48005 -1.07247 -0.78126 -0.37695 -0.10383 0.23898 0.39714 0.56556 0.65388 0.74724 0.85221 0.98089 1.05493 1.11720 1.12275 1.09631 1.06174 1.00625 0.82845 0.81064 2.12378
4.50000 80.00000 -2.70371 -2.41969 -2.01758 -1.79779 -1.51391 -1.10699 -0.81644 -0.41339 -0.14151 0.19889 0.35530 0.52096 0.60718 0.69761 0.79822 0.91992 0.98883 1.04448 1.04713 1.01789 0.98222 0.92596 0.74899 0.73148 2.06004
4.50000 90.00000 -2.73087 -2.44700 -2.04515 -1.82555 -1.54195 -1.13558 -0.84556 -0.44355 -0.17268 0.16575 0.32080 0.48424 0.56879 0.65691 0.75412 0.87042 0.93545 0.98624 0.98681 0.95573 0.91940 0.86282 0.68712 0.66991 2.00470
4.50000 100.00000 -2.75548 -2.47174 -2.07017 -1.85075 -1.56743 -1.16160 -0.87211 -0.47111 -0.20123 0.13532 0.28900 0.45029 0.53325 0.61914 0.71306 0.82423 0.88558 0.93186 0.93054 0.89784 0.86095 0.80415 0.62985 0.61294 1.95418
4.50000 110.00000 -2.77739 -2.49383 -2.09252 -1.87328 -1.59028 -1.18503 -0.89611 -0.49621 -0.22738 0.10710 0.25930 0.41831 0.49955 0.58306 0.67355 0.77945 0.83715 0.87921 0.87631 0.84249 0.80542 0.74886 0.57722 0.56073 1.90815
4.50000 120.00000 -2.79776 -2.51432 -2.11331 -1.89427 -1.61155 -1.20688 -0.91850 -0.51970 -0.25193 0.08054 0.23132 0.38809 0.46766 0.54887 0.63603 0.73688 0.79114 0.82928 0.82494 0.79015 0.75297 0.69672 0.52773 0.51164 1.86539
4.50000 130.00000 -2.81890 -2.53562 -2.13486 -1.91597 -1.63355 -1.22940 -0.94152 -0.54369 -0.27687 0.05380 0.20328 0.35802 0.43607 0.51518 0.59925 0.69532 0.74617 0.78010 0.77399 0.73760 0.69981 0.64323 0.47498 0.45910 1.82294
4.50000 140.00000 -2.84113 -2.55800 -2.15746 -1.93874 -1.65657 -1.25290 -0.96547 -0.56852 -0.30254 0.02651 0.17482 0.32774 0.40445 0.48168 0.56302 0.65479 0.70257 0.73268 0.72491 0.68700 0.64861 0.59162 0.42374 0.40799 1.78141
4.50000 150.00000 -2.86681 -2.58379 -2.18349 -1.96496 -1.68300 -1.27978 -0.99278 -0.59667 -0.33149 -0.00399 0.14326 0.29450 0.36994 0.44545 0.52428 0.61222 0.65733 0.68427 0.67524 0.63629 0.59757 0.54050 0.37365 0.35809 1.74031
4.50000 175.00000 -2.92839 -2.64573 -2.24602 -2.02785 -1.74653 -1.34446 -1.05857 -0.66454 -0.40138 -0.07769 0.06681 0.21382 0.28612 0.35733 0.42997 0.50851 0.54716 0.56658 0.55463 0.51338 0.47404 0.41692 0.25297 0.23792 1.64300
4.50000 200.00000 -2.98321 -2.70088 -2.30174 -2.08397 -1.80325 -1.40236 -1.11759 -0.72572 -0.46462 -0.14485 -0.00308 0.13960 0.20874 0.27564 0.34210 0.41141 0.44386 0.45628 0.44172 0.39862 0.35890 0.30202 0.14145 0.12694 1.55529
4.50000 250.00000 -3.08008 -2.79848 -2.40064 -2.18375 -1.90444 -1.50623 -1.22403 -0.83710 -0.58078 -0.27003 -0.13459 -0.00159 0.06049 0.11788 0.17107 0.22146 0.24209 0.24277 0.22495 0.18101 0.14243 0.08836 -0.06001 -0.07298 1.40693
4.50000 300.00000 -3.16112 -2.88024 -2.48372 -2.26775 -1.98986 -1.59438 -1.31481 -0.93293 -0.68147 -0.37982 -0.25071 -0.12733 -0.07220 -0.02406 0.01646 0.04941 0.05967 0.05089 0.03097 -0.01261 -0.04946 -0.10036 -0.23679 -0.24837 1.28080
4.50000 350.00000 -3.23079 -2.95066 -2.55547 -2.34041 -2.06399 -1.67130 -1.39444 -1.01775 -0.77121 -0.47884 -0.35615 -0.24248 -0.19431 -0.15535 -0.12729 -0.11133 -0.11110 -0.12891 -0.15093 -0.19444 -0.22992 -0.27821 -0.40488 -0.41534 1.16909
4.50000 400.00000 -3.29240 -3.01302 -2.61917 -2.40506 -2.13012 -1.74028 -1.46616 -1.09473 -0.85320 -0.57021 -0.45393 -0.34991 -0.30857 -0.27855 -0.26245 -0.26227 -0.27094 -0.29619 -0.31954 -0.36222 -0.39602 -0.44150 -0.55872 -0.56817 1.06907
4.50000 450.00000 -3.34997 -3.07140 -2.67906 -2.46598 -2.19271 -1.80610 -1.53509 -1.16966 -0.93385 -0.66136 -0.55225 -0.45884 -0.42492 -0.40443 -0.40068 -0.41589 -0.43238 -0.46263 -0.48570 -0.52546 -0.55639 -0.59775 -0.70315 -0.71144 0.99161
4.50000 500.00000 -3.40243 -3.12468 -2.73384 -2.52182 -2.25023 -1.86687 -1.59904 -1.23963 -1.00952 -0.74755 -0.64551 -0.56250 -0.53575 -0.52439 -0.53230 -0.56157 -0.58486 -0.61891 -0.64131 -0.67796 -0.70606 -0.74357 -0.83842 -0.84574 0.91775
4.50000 600.00000 -3.48979 -3.21387 -2.82646 -2.61687 -2.34920 -1.97349 -1.71304 -1.36781 -1.15108 -0.91355 -0.82787 -0.76855 -0.75799 -0.76691 -0.80015 -0.85901 -0.89597 -0.93693 -0.95748 -0.98758 -1.00997 -1.03987 -1.11518 -1.12078 0.78266
4.50000 700.00000 -3.57106 -3.29686 -2.91261 -2.70526 -2.44118 -2.07242 -1.81868 -1.48620 -1.28142 -1.06542 -0.99387 -0.95479 -0.95783 -0.98354 -1.03727 -1.11923 -1.16636 -1.21198 -1.23097 -1.25605 -1.27430 -1.29884 -1.36119 -1.36573 0.66079
4.50000 800.00000 -3.64825 -3.37570 -2.99451 -2.78934 -2.52875 -2.16669 -1.91942 -1.59909 -1.40559 -1.20970 -1.15118 -1.13047 -1.14561 -1.18594 -1.25703 -1.35746 -1.41189 -1.45944 -1.47613 -1.49608 -1.51047 -1.53026 -1.58198 -1.58571 0.54755
4.50000 1000.00000 -3.78774 -3.51851 -3.14353 -2.94271 -2.68914 -2.34064 -2.10633 -1.81037 -1.63926 -1.48263 -1.44914 -1.46297 -1.50043 -1.56721 -1.66867 -1.79961 -1.86484 -1.91321 -1.92494 -1.93542 -1.94309 -1.95498 -1.99024 -1.99283 0.34915
4.50000 1200.00000 -3.90069 -3.63498 -3.26662 -3.07054 -2.82455 -2.49081 -2.27064 -2.00120 -1.85445 -1.74037 -1.73388 -1.78498 -1.84654 -1.94200 -2.07698 -2.24384 -2.32461 -2.38166 -2.39304 -2.39980 -2.40418 -2.41183 -2.43799 -2.43997 0.13790
4.50000 1500.00000 -4.06626 -3.80575 -3.44727 -3.25826 -3.02367 -2.71195 -2.51285 -2.28268 -2.17160 -2.11902 -2.15098 -2.25425 -2.34900 -2.48338 -2.66293 -2.87625 -2.97667 -3.04448 -3.05556 -3.05814 -3.05882 -3.06186 -3.07866 -3.08005 -0.15035
5.00000 0.00000 -0.25322 0.03366 0.43638 0.65453 0.93392 1.32866 1.60534 1.97996 2.22530 2.52320 2.65773 2.80200 2.88036 2.96759 3.07301 3.21385 3.30338 3.39755 3.42532 3.43092 3.41764 3.38798 3.27701 3.26591 4.30107
5.00000 1.00000 -0.30549 -0.01874 0.38369 0.60166 0.88069 1.27469 1.55064 1.92375 2.16755 2.46247 2.59482 2.73559 2.81129 2.89478 2.99464 3.12640 3.20908 3.29385 3.31706 3.31763 3.30183 3.26970 3.15504 3.14378 4.24257
5.00000 5.00000 -0.63117 -0.34443 0.05803 0.27600 0.55507 0.94918 1.22523 1.59860 1.84268 2.13808 2.27075 2.41200 2.48801 2.57185 2.67200 2.80363 2.88556 2.96811 2.98947 2.98723 2.96946 2.93491 2.81383 2.80192 3.93580
5.00000 10.00000 -0.94141 -0.65470 -0.25228 -0.03432 0.24474 0.63884 0.91492 1.28834 1.53245 1.82793 1.96061 2.10181 2.17771 2.26131 2.36081 2.49056 2.57023 2.64804 2.66611 2.65913 2.63824 2.59992 2.46935 2.45650 3.65783
5.00000 15.00000 -1.16212 -0.87548 -0.47319 -0.25530 0.02366 0.41753 0.69341 1.06641 1.31015 1.60485 1.73695 1.87718 1.95229 2.03469 2.13222 2.25822 2.33444 2.40644 2.42098 2.40937 2.38564 2.34405 2.20586 2.19234 3.44320
5.00000 20.00000 -1.32805 -1.04150 -0.63934 -0.42155 -0.14276 0.25083 0.52643 0.89890 1.14209 1.43572 1.56704 1.70598 1.78011 1.86108 1.95639 2.07849 2.15145 2.21848 2.23024 2.21522 2.18952 2.14576 2.00305 1.98916 3.28035
5.00000 25.00000 -1.46394 -1.17746 -0.77543 -0.55772 -0.27905 0.11433 0.38970 0.76175 1.00453 1.29737 1.42808 1.56606 1.63941 1.71927 1.81279 1.93163 2.00182 2.06432 2.07348 2.05515 2.02743 1.98147 1.83384 1.81950 3.14713
5.00000 30.00000 -1.57487 -1.28844 -0.88649 -0.66885 -0.39027 0.00292 0.27816 0.64993 0.89245 1.18476 1.31510 1.45242 1.52527 1.60435 1.69661 1.81307 1.88109 1.93997 1.94693 1.92572 1.89625 1.84827 1.69595 1.68118 3.03988
5.00000 40.00000 -1.74527 -1.45897 -1.05725 -0.83975 -0.56140 -0.16860 0.10623 0.47727 0.71908 1.01001 1.13935 1.27505 1.34665 1.42393 1.51342 1.62506 1.68909 1.74194 1.74559 1.72035 1.68857 1.63808 1.48062 1.46545 2.87056
5.00000 50.00000 -1.87789 -1.59172 -1.19021 -0.97285 -0.69470 -0.30229 -0.02781 0.34254 0.58370 0.87336 1.00178 1.13600 1.20644 1.28209 1.36901 1.47616 1.53648 1.58366 1.58416 1.55508 1.52108 1.46819 1.30570 1.29013 2.73753
5.00000 60.00000 -1.95609 -1.67002 -1.26865 -1.05138 -0.77336 -0.38113 -0.10681 0.26325 0.50415 0.79337 0.92146 1.05519 1.12522 1.20028 1.28627 1.39173 1.45057 1.49534 1.49441 1.46353 1.42845 1.37431 1.20908 1.19325 2.64279
5.00000 70.00000 -2.01423 -1.72829 -1.32711 -1.10996 -0.83213 -0.44022 -0.16620 0.20331 0.44369 0.73191 0.85929 0.99187 1.06104 1.13485 1.21894 1.32114 1.37736 1.41824 1.41524 1.38189 1.34542 1.28983 1.12173 1.10566 2.56273
5.00000 80.00000 -2.04375 -1.75799 -1.35717 -1.14026 -0.86282 -0.47167 -0.19837 0.16972 0.40869 0.69420 0.81964 0.94916 1.01605 1.08669 1.16616 1.26120 1.31237 1.34713 1.34159 1.30606 1.26885 1.21293 1.04648 1.03078 2.50344
5.00000 90.00000 -2.06958 -1.78400 -1.38347 -1.16675 -0.88962 -0.49906 -0.22634 0.14065 0.37855 0.66200 0.78597 0.91320 0.97837 1.04663 1.12263 1.21236 1.25975 1.28996 1.28256 1.24542 1.20761 1.15145 0.98601 0.97054 2.45171
5.00000 100.00000 -2.09300 -1.80757 -1.40733 -1.19082 -0.91401 -0.52404 -0.25191 0.11397 0.35079 0.63217 0.75467 0.87959 0.94305 1.00897 1.08157 1.16610 1.20998 1.23605 1.22705 1.18864 1.15052 1.09433 0.93058 0.91540 2.40465
5.00000 110.00000 -2.11366 -1.82841 -1.42849 -1.21218 -0.93568 -0.54637 -0.27484 0.08985 0.32553 0.60473 0.72568 0.84819 0.90987 0.97334 1.04244 1.12182 1.16219 1.18442 1.17405 1.13475 1.09655 1.04070 0.87936 0.86454 2.36181
5.00000 120.00000 -2.13239 -1.84729 -1.44765 -1.23154 -0.95532 -0.56658 -0.29560 0.06805 0.30270 0.57999 0.69958 0.81998 0.88009 0.94144 1.00751 1.08227 1.11960 1.13833 1.12669 1.08645 1.04808 0.99235 0.83272 0.81817 2.32295
5.00000 130.00000 -2.15225 -1.86731 -1.46795 -1.25203 -0.97614 -0.58795 -0.31751 0.04506 0.27874 0.55408 0.67230 0.79054 0.84906 0.90822 0.97112 1.04109 1.07509 1.08989 1.07663 1.03504 0.99619 0.94023 0.78143 0.76706 2.28349
5.00000 140.00000 -2.17332 -1.88856 -1.48947 -1.27373 -0.99814 -0.61050 -0.34061 0.02095 0.25359 0.52704 0.64392 0.76008 0.81707 0.87414 0.93405 0.99961 1.03066 1.04213 1.02763 0.98519 0.94615 0.89031 0.73307 0.71894 2.24583
5.00000 150.00000 -2.19754 -1.91293 -1.51409 -1.29853 -1.02320 -0.63610 -0.36669 -0.00605 0.22571 0.49744 0.61313 0.72745 0.78308 0.83829 0.89558 0.95722 0.98565 0.99420 0.97868 0.93545 0.89625 0.84049 0.68456 0.67064 2.20740
5.00000 175.00000 -2.25494 -1.97069 -1.57252 -1.35741 -1.08277 -0.69698 -0.42881 -0.07057 0.15893 0.42636 0.53902 0.64868 0.70089 0.75148 0.80224 0.85437 0.87661 0.87854 0.86073 0.81612 0.77685 0.72168 0.56978 0.55641 2.11752
5.00000 200.00000 -2.30520 -2.02135 -1.62388 -1.40923 -1.13533 -0.75094 -0.48414 -0.12847 0.09856 0.36133 0.47072 0.57538 0.62396 0.66967 0.71366 0.75620 0.77249 0.76853 0.74905 0.70393 0.66515 0.61123 0.46483 0.45216 2.03539
5.00000 250.00000 -2.39527 -2.11223 -1.71620 -1.50256 -1.23021 -0.84876 -0.58479 -0.23455 -0.01273 0.24028 0.34291 0.43725 0.47840 0.51424 0.54470 0.56862 0.57379 0.55961 0.53772 0.49268 0.45547 0.40460 0.26989 0.25858 1.89693
5.00000 300.00000 -2.46967 -2.18745 -1.79287 -1.58021 -1.30944 -0.93100 -0.66988 -0.32514 -0.10854 0.13469 0.23059 0.31479 0.34869 0.37503 0.39270 0.39954 0.39500 0.37260 0.34923 0.30516 0.26986 0.22222 0.09853 0.08843 1.77839
5.00000 350.00000 -2.53512 -2.25373 -1.86062 -1.64895 -1.37974 -1.00429 -0.74608 -0.40683 -0.19547 0.03805 0.12732 0.20152 0.22836 0.24549 0.25088 0.24162 0.22806 0.19818 0.17351 0.13027 0.09666 0.05180 -0.06266 -0.07178 1.67470
5.00000 400.00000 -2.59351 -2.31293 -1.92130 -1.71068 -1.44308 -1.07074 -0.81547 -0.48189 -0.27588 -0.05222 0.03034 0.09464 0.11456 0.12279 0.11668 0.09303 0.07211 0.03731 0.01267 -0.02820 -0.05939 -0.10073 -0.20504 -0.21318 1.58674
5.00000 450.00000 -2.64532 -2.36562 -1.97554 -1.76599 -1.50011 -1.13105 -0.87895 -0.55135 -0.35101 -0.13775 -0.06220 -0.00818 0.00465 0.00385 -0.01375 -0.05131 -0.07902 -0.11778 -0.14192 -0.18001 -0.20860 -0.24637 -0.34089 -0.34812 1.51544
5.00000 500.00000 -2.69387 -2.41503 -2.02653 -1.81806 -1.55392 -1.18820 -0.93929 -0.61777 -0.42315 -0.22030 -0.15171 -0.10780 -0.10189 -0.11136 -0.13988 -0.19017 -0.22376 -0.26536 -0.28858 -0.32360 -0.34955 -0.38381 -0.46927 -0.47569 1.44702
5.00000 600.00000 -2.77399 -2.49706 -2.11212 -1.90618 -1.64605 -1.28809 -1.04667 -0.73941 -0.55815 -0.37951 -0.32692 -0.30602 -0.31563 -0.34435 -0.39645 -0.47334 -0.51845 -0.56464 -0.58533 -0.61343 -0.63380 -0.66090 -0.72884 -0.73379 1.32287
5.00000 700.00000 -2.85114 -2.57593 -2.19409 -1.99032 -1.73363 -1.38227 -1.14715 -0.85178 -0.68153 -0.52255 -0.48277 -0.48003 -0.50169 -0.54508 -0.61480 -0.71081 -0.76376 -0.81252 -0.83112 -0.85418 -0.87068 -0.89290 -0.94964 -0.95375 1.21079
5.00000 800.00000 -2.92455 -2.65106 -2.27239 -2.07080 -1.81762 -1.47296 -1.24424 -0.96085 -0.80165 -0.66219 -0.63496 -0.64973 -0.68284 -0.73995 -0.82567 -0.93818 -0.99720 -1.04674 -1.06273 -1.08062 -1.09335 -1.11106 -1.15809 -1.16147 1.10696
5.00000 1000.00000 -3.05841 -2.78832 -2.41585 -2.21860 -1.97233 -1.64092 -1.42477 -1.16481 -1.02700 -0.92473 -0.92095 -0.96784 -1.02149 -1.10263 -1.21540 -1.35392 -1.42109 -1.46896 -1.47931 -1.48741 -1.49351 -1.50357 -1.53534 -1.53770 0.92315
5.00000 1200.00000 -3.16808 -2.90154 -2.53574 -2.34319 -2.10445 -1.78746 -1.58510 -1.35082 -1.23644 -1.17482 -1.19672 -1.27875 -1.35496 -1.46278 -1.60634 -1.77711 -1.85772 -1.91223 -1.92159 -1.92562 -1.92836 -1.93432 -1.95748 -1.95926 0.72878
5.00000 1500.00000 -3.33013 -3.06888 -2.71291 -2.52732 -2.29974 -2.00420 -1.82220 -1.62565 -1.54535 -1.54209 -1.60022 -1.73110 -1.83816 -1.98191 -2.16611 -2.37831 -2.47566 -2.53820 -2.54641 -2.54569 -2.54465 -2.54599 -2.56019 -2.56146 0.46262
5.50000 0.00000 0.18759 0.46663 0.85451 1.06248 1.32612 1.69244 1.94384 2.27530 2.48581 2.73451 2.84563 2.96675 3.03477 3.11295 3.21011 3.34107 3.42367 3.50869 3.53218 3.53330 3.51789 3.48627 3.37307 3.36196 4.49005
5.50000 1.00000 0.15301 0.43189 0.81950 1.02723 1.29053 1.65608 1.90670 2.23659 2.44551 2.69107 2.79989 2.91734 2.98253 3.05676 3.14804 3.26936 3.34459 3.41941 3.43782 3.43331 3.41495 3.38044 3.26250 3.25111 4.44796
5.50000 5.00000 -0.06498 0.21379 0.60123 0.80885 1.07193 1.43711 1.68736 2.01650 2.22469 2.46879 2.57654 2.69225 2.75612 2.82845 2.91679 3.03311 3.10429 3.17319 3.18842 3.18011 3.15963 3.12288 3.00050 2.98881 4.22005
5.50000 10.00000 -0.32649 -0.04775 0.33959 0.54717 0.81020 1.17525 1.42539 1.75434 1.96234 2.20605 2.31347 2.42859 2.49195 2.56346 2.65034 2.76355 2.83167 2.89498 2.90666 2.89357 2.87008 2.82982 2.69919 2.68672 3.97663
5.50000 15.00000 -0.52752 -0.24886 0.13836 0.34588 0.60878 0.97363 1.22358 1.55216 1.75979 2.00275 2.10965 2.22388 2.28652 2.35699 2.44212 2.55211 2.61737 2.67597 2.68485 2.66819 2.64254 2.59984 2.46377 2.45081 3.78208
5.50000 20.00000 -0.68137 -0.40280 -0.01572 0.19166 0.45440 0.81892 1.06856 1.39653 1.60354 1.84533 1.95136 2.06417 2.12576 2.19469 2.27748 2.38350 2.44556 2.49948 2.50588 2.48630 2.45901 2.41460 2.27521 2.26201 3.63539
5.50000 25.00000 -0.80796 -0.52947 -0.14254 0.06476 0.32732 0.69153 0.94087 1.26826 1.47472 1.71539 1.82061 1.93212 1.99265 2.06011 2.14068 2.24277 2.30162 2.35071 2.35447 2.33171 2.30260 2.25622 2.11288 2.09934 3.51309
5.50000 30.00000 -0.91380 -0.63540 -0.24859 -0.04139 0.22107 0.58507 0.83421 1.16122 1.36731 1.60728 1.71197 1.82262 1.88250 1.94899 2.02799 2.12742 2.18400 2.22959 2.23137 2.20613 2.17562 2.12767 1.98101 1.96721 3.41294
5.50000 40.00000 -1.07554 -0.79725 -0.41069 -0.20362 0.05863 0.42221 0.67096 0.99726 1.20264 1.44128 1.54498 1.65406 1.71272 1.77746 1.85375 1.94842 2.00114 2.04078 2.03930 2.01014 1.97736 1.92698 1.77530 1.76111 3.25700
5.50000 50.00000 -1.20312 -0.92498 -0.53860 -0.33168 -0.06964 0.29359 0.54203 0.86770 1.07251 1.31000 1.41289 1.52064 1.57829 1.64156 1.71555 1.80624 1.85565 1.89028 1.88605 1.85351 1.81877 1.76631 1.61030 1.59576 3.13444
5.50000 60.00000 -1.28078 -1.00274 -0.61649 -0.40963 -0.14770 0.21538 0.46371 0.78920 0.99386 1.23110 1.33381 1.44123 1.49859 1.56146 1.63472 1.72388 1.77179 1.80376 1.79783 1.76300 1.72683 1.67269 1.51271 1.49781 3.04690
5.50000 70.00000 -1.33586 -1.05793 -0.67190 -0.46517 -0.20341 0.15934 0.40736 0.73232 0.93646 1.17271 1.27471 1.38101 1.43751 1.49915 1.57054 1.65654 1.70193 1.73020 1.72232 1.68519 1.64775 1.59228 1.42976 1.41465 2.97299
5.50000 80.00000 -1.36391 -1.08617 -0.70049 -0.49402 -0.23266 0.12935 0.37663 0.70015 0.90289 1.13644 1.23651 1.33979 1.39404 1.45255 1.51945 1.59855 1.63913 1.66165 1.65141 1.61226 1.57413 1.51833 1.35710 1.34229 2.91887
5.50000 90.00000 -1.38814 -1.11058 -0.72522 -0.51894 -0.25792 0.10345 0.35012 0.67245 0.87406 1.10543 1.20395 1.30478 1.35723 1.41329 1.47663 1.55039 1.58730 1.60559 1.59372 1.55329 1.51479 1.45897 1.29925 1.28471 2.87204
5.50000 100.00000 -1.41004 -1.13267 -0.74762 -0.54155 -0.28085 0.07990 0.32595 0.64714 0.84763 1.07685 1.17385 1.27235 1.32305 1.37673 1.43666 1.50532 1.53883 1.55323 1.53990 1.49839 1.45965 1.40391 1.24590 1.23162 2.82935
5.50000 110.00000 -1.42887 -1.15167 -0.76691 -0.56107 -0.30069 0.05945 0.30492 0.62497 0.82437 1.05154 1.14704 1.24326 1.29229 1.34366 1.40034 1.46416 1.49444 1.50524 1.49060 1.44818 1.40927 1.35366 1.19740 1.18339 2.79164
5.50000 120.00000 -1.44636 -1.16933 -0.78488 -0.57923 -0.31917 0.04035 0.28526 0.60421 0.80254 1.02767 1.12176 1.21577 1.26318 1.31233 1.36585 1.42505 1.45227 1.45972 1.44391 1.40068 1.36166 1.30625 1.15175 1.13802 2.75665
5.50000 130.00000 -1.46519 -1.18834 -0.80422 -0.59877 -0.33905 0.01985 0.26413 0.58187 0.77906 1.00199 1.09457 1.18617 1.23180 1.27858 1.32874 1.38299 1.40699 1.41093 1.39387 1.34984 1.31071 1.25554 1.10292 1.08944 2.72203
5.50000 140.00000 -1.48514 -1.20845 -0.82461 -0.61938 -0.35996 -0.00167 0.24204 0.55871 0.75486 0.97582 1.06699 1.15644 1.20050 1.24513 1.29225 1.34208 1.36318 1.36395 1.34578 1.30100 1.26176 1.20674 1.05568 1.04244 2.68792
5.50000 150.00000 -1.50789 -1.23136 -0.84777 -0.64273 -0.38359 -0.02580 0.21745 0.53319 0.72846 0.94776 1.03778 1.12541 1.16816 1.21100 1.25556 1.30164 1.32023 1.31816 1.29893 1.25333 1.21387 1.15884 1.00868 0.99558 2.65388
5.50000 175.00000 -1.56205 -1.28594 -0.90311 -0.69853 -0.44015 -0.08380 0.15807 0.47118 0.66394 0.87851 0.96520 1.04778 1.08683 1.12474 1.16252 1.19894 1.21160 1.20373 1.18289 1.13684 1.09788 1.04410 0.89942 0.88700 2.57234
5.50000 200.00000 -1.60882 -1.33315 -0.95108 -0.74703 -0.48945 -0.13466 0.10573 0.41599 0.60603 0.81548 0.89861 0.97578 1.01093 1.04368 1.07434 1.10107 1.10796 1.09491 1.07290 1.02703 0.98904 0.93700 0.79873 0.78705 2.49701
5.50000 250.00000 -1.69331 -1.41850 -1.03795 -0.83494 -0.57902 -0.22733 0.01005 0.31465 0.49926 0.69854 0.77463 0.84114 0.86866 0.89131 0.90833 0.91662 0.91280 0.89028 0.86627 0.82089 0.78461 0.73567 0.60859 0.59817 2.36588
5.50000 300.00000 -1.76408 -1.49012 -1.11109 -0.90914 -0.65485 -0.30628 -0.07186 0.22705 0.40628 0.59552 0.66474 0.72093 0.74114 0.75427 0.75863 0.75041 0.73749 0.70773 0.68273 0.63876 0.60456 0.55895 0.44251 0.43320 2.25454
5.50000 350.00000 -1.82584 -1.55278 -1.17532 -0.97445 -0.72184 -0.37650 -0.14516 0.14789 0.32153 0.50049 0.56273 0.60854 0.62150 0.62528 0.61748 0.59399 0.57317 0.53800 0.51291 0.47128 0.43958 0.39758 0.29177 0.28349 2.16295
5.50000 400.00000 -1.88060 -1.60843 -1.23253 -1.03272 -0.78183 -0.43971 -0.21146 0.07570 0.24384 0.41265 0.46805 0.50379 0.50978 0.50470 0.48555 0.44827 0.42068 0.38145 0.35678 0.31782 0.28865 0.25016 0.15403 0.14664 2.08086
5.50000 450.00000 -1.92872 -1.65744 -1.28315 -1.08443 -0.83526 -0.49645 -0.27136 0.00985 0.17233 0.33087 0.37937 0.40509 0.40420 0.39042 0.36033 0.31008 0.27638 0.23386 0.20987 0.17371 0.14701 0.11186 0.02450 0.01793 2.00826
5.50000 500.00000 -1.97321 -1.70281 -1.33010 -1.13248 -0.88505 -0.54951 -0.32756 -0.05232 0.10459 0.25307 0.29487 0.31088 0.30338 0.28138 0.24106 0.17907 0.14006 0.09512 0.07204 0.03872 0.01440 -0.01756 -0.09699 -0.10288 1.94048
5.50000 600.00000 -2.04890 -1.78044 -1.41131 -1.21619 -0.97273 -0.64487 -0.43025 -0.16891 -0.02496 0.10015 0.12659 0.12066 0.09849 0.05848 -0.00364 -0.08955 -0.13836 -0.18613 -0.20615 -0.23236 -0.25117 -0.27627 -0.33950 -0.34408 1.82113
5.50000 700.00000 -2.12295 -1.85619 -1.49014 -1.29712 -1.05699 -0.73543 -0.52682 -0.27668 -0.14306 -0.03622 -0.02155 -0.04397 -0.07696 -0.12997 -0.20723 -0.30858 -0.36277 -0.41030 -0.42713 -0.44735 -0.46194 -0.48195 -0.53412 -0.53788 1.71461
5.50000 800.00000 -2.19448 -1.92944 -1.56649 -1.37562 -1.13889 -0.82382 -0.62132 -0.38261 -0.25947 -0.17106 -0.16817 -0.20695 -0.25055 -0.31620 -0.40803 -0.52404 -0.58334 -0.63090 -0.64504 -0.66021 -0.67124 -0.68703 -0.73032 -0.73347 1.61714
5.50000 1000.00000 -2.32329 -2.06164 -1.70479 -1.51816 -1.28812 -0.98572 -0.79523 -0.57873 -0.47572 -0.42208 -0.44099 -0.50934 -0.57166 -0.65897 -0.77467 -0.91240 -0.97735 -1.02082 -1.02855 -1.03347 -1.03780 -1.04605 -1.07472 -1.07691 1.44295
5.50000 1200.00000 -2.42811 -2.17006 -1.81986 -1.63787 -1.41525 -1.12703 -0.94998 -0.75845 -0.67815 -0.66377 -0.70734 -0.80933 -0.89317 -1.00575 -1.15042 -1.31807 -1.39510 -1.44401 -1.45044 -1.45114 -1.45214 -1.45635 -1.47681 -1.47847 1.26517
5.50000 1500.00000 -2.58561 -2.33283 -1.99237 -1.81722 -1.60550 -1.33809 -1.18071 -1.02539 -0.97760 -1.01839 -1.09592 -1.24324 -1.35537 -1.50045 -1.68104 -1.88345 -1.97301 -2.02531 -2.02873 -2.02304 -2.01956 -2.01866 -2.02973 -2.03086 1.02139
6.00000 0.00000 0.61993 0.88194 1.24238 1.43350 1.67323 2.00063 2.22077 2.50426 2.68031 2.88632 2.97977 3.08536 3.14713 3.22025 3.31277 3.43734 3.51480 3.59196 3.61107 3.60685 3.58834 3.55337 3.43317 3.42150 4.62214
6.00000 1.00000 0.59648 0.85838 1.21858 1.40949 1.64891 1.97566 2.19510 2.47723 2.65187 2.85513 2.94655 3.04884 3.10813 3.17766 3.26473 3.38017 3.45045 3.51721 3.53091 3.52039 3.49843 3.45990 3.33305 3.32092 4.59069
6.00000 5.00000 0.45646 0.71818 1.07806 1.26872 1.50774 1.83368 2.05229 2.33282 2.50586 2.70596 2.79509 2.89376 2.95029 3.01601 3.09747 3.20403 3.26775 3.32601 3.33576 3.32118 3.29728 3.25702 3.12834 3.11622 4.42673
6.00000 10.00000 0.26066 0.52226 0.88189 1.07240 1.31115 1.63658 1.85470 2.13422 2.30627 2.50447 2.59222 2.68872 2.74363 2.80711 2.88525 2.98663 3.04663 3.10012 3.10770 3.09096 3.06612 3.02502 2.89573 2.88363 4.23135
6.00000 15.00000 0.08714 0.34865 0.70815 0.89857 1.13718 1.46234 1.68021 1.95923 2.13080 2.32806 2.41511 2.51049 2.56453 2.62676 2.70297 2.80100 2.85826 2.90762 2.91295 2.89351 2.86710 2.82436 2.69169 2.67933 4.06634
6.00000 20.00000 -0.05109 0.21034 0.56970 0.76003 0.99850 1.32339 1.54100 1.81953 1.99063 2.18695 2.27330 2.36757 2.42074 2.48173 2.55600 2.65069 2.70520 2.75043 2.75351 2.73134 2.70337 2.65895 2.52290 2.51027 3.93917
6.00000 25.00000 -0.16633 0.09502 0.45419 0.64440 0.88269 1.20724 1.42449 1.70233 1.87277 2.06776 2.15316 2.24588 2.29786 2.35716 2.42887 2.51924 2.57032 2.61057 2.61103 2.58580 2.55615 2.50998 2.37059 2.35772 3.82852
6.00000 30.00000 -0.26659 -0.00532 0.35374 0.54387 0.78204 1.10637 1.32341 1.60087 1.77092 1.96517 2.05002 2.14185 2.19314 2.25140 2.32151 2.40901 2.45766 2.49413 2.49244 2.46457 2.43337 2.38552 2.24255 2.22937 3.73584
6.00000 40.00000 -0.42270 -0.16157 0.19727 0.38727 0.62523 0.94919 1.16593 1.44275 1.61219 1.80525 1.88922 1.97960 2.02974 2.08634 2.15376 2.23644 2.28093 2.31079 2.30532 2.27269 2.23868 2.18772 2.03805 2.02430 3.59108
6.00000 50.00000 -0.54581 -0.28481 0.07384 0.26371 0.50149 0.82511 1.04155 1.31780 1.48672 1.67875 1.76197 1.85113 1.90032 1.95556 2.02086 2.09982 2.14120 2.16628 2.15816 2.12227 2.08641 2.03343 1.87952 1.86545 3.47750
6.00000 60.00000 -0.62079 -0.35987 -0.00133 0.18850 0.42620 0.74977 0.96616 1.24240 1.41134 1.60341 1.68668 1.77585 1.82504 1.88020 1.94526 2.02341 2.06384 2.08683 2.07727 2.03934 2.00212 1.94751 1.78964 1.77518 3.39670
6.00000 70.00000 -0.67413 -0.41331 -0.05495 0.13475 0.37231 0.69560 0.91176 1.18759 1.35611 1.54742 1.63014 1.71844 1.76694 1.82113 1.88469 1.96025 1.99850 2.01830 2.00696 1.96689 1.92844 1.87252 1.71198 1.69731 3.32830
6.00000 80.00000 -0.70141 -0.44079 -0.08277 0.10670 0.34392 0.66653 0.88202 1.15659 1.32386 1.51280 1.59381 1.67942 1.72593 1.77736 1.83690 1.90626 1.94015 1.95453 1.94088 1.89867 1.85935 1.80282 1.64251 1.62799 3.27970
6.00000 90.00000 -0.72443 -0.46399 -0.10627 0.08301 0.31988 0.64187 0.85676 1.13017 1.29633 1.48313 1.56264 1.64589 1.69065 1.73969 1.79580 1.86004 1.89046 1.90088 1.88572 1.84234 1.80271 1.74619 1.58736 1.57308 3.23703
6.00000 100.00000 -0.74404 -0.48378 -0.12637 0.06270 0.29925 0.62062 0.83494 1.10723 1.27230 1.45705 1.53509 1.61609 1.65920 1.70598 1.75893 1.81855 1.84598 1.85325 1.83706 1.79313 1.75356 1.69744 1.54095 1.52699 3.19945
6.00000 110.00000 -0.76181 -0.50173 -0.14463 0.04421 0.28044 0.60120 0.81492 1.08603 1.25001 1.43263 1.50918 1.58784 1.62924 1.67370 1.72336 1.77814 1.80240 1.80620 1.78880 1.74407 1.70441 1.64851 1.49388 1.48020 3.16526
6.00000 120.00000 -0.77617 -0.51626 -0.15950 0.02915 0.26498 0.58507 0.79813 1.06802 1.23077 1.41108 1.48600 1.56217 1.60173 1.64375 1.68998 1.73990 1.76113 1.76192 1.74368 1.69872 1.65933 1.60412 1.45248 1.43917 3.13557
6.00000 130.00000 -0.79403 -0.53432 -0.17788 0.01051 0.24604 0.56547 0.77790 1.04655 1.20814 1.38620 1.45954 1.53327 1.57105 1.61065 1.65347 1.69846 1.71650 1.71389 1.69449 1.64882 1.60938 1.55444 1.40474 1.39171 3.10406
6.00000 140.00000 -0.81441 -0.55486 -0.19870 -0.01048 0.22475 0.54359 0.75548 1.02309 1.18370 1.35986 1.43188 1.50355 1.53984 1.57740 1.61735 1.65815 1.67346 1.66784 1.64735 1.60091 1.56133 1.50648 1.35804 1.34519 3.07117
6.00000 150.00000 -0.83623 -0.57683 -0.22094 -0.03291 0.20203 0.52036 0.73176 0.99841 1.15813 1.33262 1.40343 1.47325 1.50818 1.54391 1.58128 1.61830 1.63113 1.62276 1.60128 1.55409 1.51433 1.45951 1.31206 1.29936 3.03996
6.00000 175.00000 -0.88643 -0.62749 -0.27238 -0.08487 0.14925 0.46604 0.67596 0.93980 1.09679 1.26616 1.33343 1.39786 1.42887 1.45942 1.48973 1.51711 1.52426 1.51093 1.48846 1.44174 1.40309 1.35022 1.20974 1.19783 2.96726
6.00000 200.00000 -0.93271 -0.67421 -0.31985 -0.13286 0.10046 0.41572 0.62418 0.88525 1.03957 1.20397 1.26775 1.32688 1.35408 1.37957 1.40294 1.42079 1.42226 1.40363 1.37984 1.33299 1.29500 1.24348 1.10833 1.09706 2.89889
6.00000 250.00000 -1.01266 -0.75504 -0.40226 -0.21634 0.01531 0.32738 0.53279 0.78802 0.93678 1.09072 1.14731 1.19553 1.21499 1.23027 1.23991 1.23947 1.23052 1.20304 1.17760 1.13165 1.09563 1.04743 0.92371 0.91368 2.77751
6.00000 300.00000 -1.08271 -0.82595 -0.47466 -0.28975 -0.05969 0.24939 0.45197 0.70178 0.84541 0.98984 1.03988 1.07838 1.09093 1.09727 1.09515 1.07948 1.06233 1.02859 1.00246 0.95813 0.92417 0.87919 0.76542 0.75641 2.67572
6.00000 350.00000 -1.14011 -0.88427 -0.53460 -0.35080 -0.12249 0.18325 0.38261 0.62634 0.76420 0.89798 0.94081 0.96861 0.97373 0.97055 0.95615 0.92544 0.90077 0.86245 0.83678 0.79544 0.76434 0.72338 0.62088 0.61295 2.58886
6.00000 400.00000 -1.19300 -0.93804 -0.58998 -0.40726 -0.18065 0.12185 0.31812 0.55600 0.68834 0.81200 0.84804 0.86586 0.86410 0.85221 0.82674 0.78281 0.75182 0.71007 0.68510 0.64668 0.61820 0.58081 0.48786 0.48079 2.51259
6.00000 450.00000 -1.23972 -0.98564 -0.63915 -0.45752 -0.23262 0.06667 0.25984 0.49187 0.61873 0.73240 0.76176 0.76987 0.76147 0.74125 0.70536 0.64924 0.61266 0.56816 0.54403 0.50848 0.48248 0.44836 0.36382 0.35750 2.44089
6.00000 500.00000 -1.28419 -1.03099 -0.68605 -0.50549 -0.28227 0.01383 0.20400 0.43032 0.55185 0.65589 0.67887 0.67782 0.66322 0.63532 0.59004 0.52343 0.48246 0.43661 0.41385 0.38155 0.35811 0.32726 0.25061 0.24498 2.37718
6.00000 600.00000 -1.35594 -1.10468 -0.76324 -0.58509 -0.36571 -0.07698 0.10617 0.31919 0.42837 0.51023 0.51870 0.49702 0.46873 0.42412 0.35893 0.27123 0.22230 0.17570 0.15679 0.13231 0.11459 0.09075 0.03018 0.02575 2.26383
6.00000 700.00000 -1.43045 -1.18086 -0.84237 -0.66627 -0.45008 -0.16738 0.01005 0.21247 0.31185 0.37647 0.37381 0.33658 0.29810 0.24131 0.16196 0.05993 0.00613 -0.04005 -0.05588 -0.07472 -0.08845 -0.10753 -0.15787 -0.16151 2.15913
6.00000 800.00000 -1.49502 -1.24718 -0.91185 -0.73787 -0.52509 -0.24883 -0.07749 0.11361 0.20264 0.24915 0.23503 0.18202 0.13344 0.06484 -0.02770 -0.14193 -0.19890 -0.24240 -0.25422 -0.26657 -0.27602 -0.29019 -0.33064 -0.33360 2.06769
6.00000 1000.00000 -1.61749 -1.37298 -1.04360 -0.87373 -0.66740 -0.40334 -0.24347 -0.07357 -0.00369 0.00980 -0.02500 -0.10594 -0.17214 -0.26103 -0.37575 -0.50974 -0.57143 -0.61030 -0.61571 -0.61809 -0.62109 -0.62803 -0.65466 -0.65672 1.90399
6.00000 1200.00000 -1.72196 -1.48098 -1.15806 -0.99270 -0.79350 -0.54304 -0.39602 -0.24992 -0.20157 -0.22515 -0.28307 -0.39538 -0.48143 -0.59344 -0.73414 -0.89387 -0.96500 -1.00631 -1.00924 -1.00631 -1.00549 -1.00805 -1.02612 -1.02767 1.73710
6.00000 1500.00000 -1.87622 -1.64042 -1.32697 -1.16821 -0.97950 -0.74891 -0.62064 -0.50892 -0.49134 -0.56691 -0.65666 -0.81120 -0.92344 -1.06520 -1.23833 -1.42833 -1.50942 -1.55160 -1.55064 -1.54065 -1.53517 -1.53249 -1.54121 -1.54223 1.51153
6.50000 0.00000 1.03930 1.27683 1.59999 1.76940 1.97969 2.26227 2.44886 2.68529 2.83078 3.00326 3.08452 3.18065 3.23913 3.30979 3.40013 3.52141 3.59587 3.66787 3.68383 3.67546 3.65439 3.61649 3.48956 3.47727 4.72117
6.50000 1.00000 1.02418 1.26159 1.58456 1.75381 1.96383 2.24585 2.43189 2.66719 2.81153 2.98170 3.06126 3.15456 3.21087 3.27843 3.36392 3.47682 3.54440 3.60603 3.61632 3.60109 3.57611 3.53400 3.39849 3.38552 4.69417
6.50000 5.00000 0.93092 1.16813 1.49070 1.65966 1.86920 2.15028 2.33532 2.56867 2.71107 2.87741 2.95421 3.04317 3.09618 3.15919 3.23802 3.34051 3.40062 3.45285 3.45900 3.43976 3.41304 3.36959 3.23374 3.22095 4.57299
6.50000 10.00000 0.79605 1.03303 1.35523 1.52389 1.73295 2.01304 2.19713 2.42856 2.56907 2.73179 2.80601 2.89099 2.94112 3.00025 3.07370 3.16868 3.22434 3.27274 3.27827 3.25982 3.23436 3.19300 3.06476 3.05290 4.42684
6.50000 15.00000 0.65443 0.89134 1.21338 1.38193 1.59084 1.87063 2.05444 2.28530 2.42527 2.58694 2.66041 2.74418 2.79339 2.85123 2.92277 3.01465 3.06798 3.11315 3.11710 3.09689 3.07056 3.02831 2.89863 2.88668 4.29495
6.50000 20.00000 0.53372 0.77056 1.09248 1.26094 1.46973 1.74930 1.93290 2.16336 2.30294 2.46381 2.53669 2.61952 2.66801 2.72480 2.79471 2.88375 2.93472 2.97632 2.97831 2.95571 2.92799 2.88428 2.75160 2.73942 4.18640
6.50000 25.00000 0.42609 0.66286 0.98463 1.15304 1.36166 1.64098 1.82435 2.05433 2.19346 2.35344 2.42564 2.50738 2.55501 2.61055 2.67851 2.76409 2.81216 2.84928 2.84876 2.82308 2.79358 2.74793 2.61121 2.59869 4.08826
6.50000 30.00000 0.33272 0.56941 0.89108 1.05941 1.26798 1.54712 1.73034 1.96005 2.09890 2.25832 2.33014 2.41118 2.45827 2.51300 2.57962 2.66276 2.70863 2.74221 2.73960 2.71129 2.68019 2.63278 2.49218 2.47934 4.00486
6.50000 40.00000 0.18389 0.42048 0.74197 0.91019 1.11856 1.39743 1.58037 1.80959 1.94794 2.10640 2.17749 2.25731 2.30340 2.35665 2.42084 2.49935 2.54109 2.56779 2.56112 2.52757 2.49333 2.44239 2.29392 2.28040 3.87051
6.50000 50.00000 0.06689 0.30336 0.62465 0.79275 1.00097 1.27952 1.46218 1.69089 1.82876 1.98629 2.05669 2.13541 2.18065 2.23267 2.29493 2.37012 2.40908 2.43158 2.42259 2.38622 2.35037 2.29767 2.14561 2.13181 3.76466
6.50000 60.00000 -0.00506 0.23132 0.55255 0.72064 0.92884 1.20745 1.39021 1.61912 1.75723 1.91525 1.98599 2.06520 2.11081 2.16325 2.22601 2.30151 2.34027 2.36165 2.35162 2.31357 2.27652 2.22233 2.06630 2.05211 3.69013
6.50000 70.00000 -0.05668 0.17963 0.50071 0.66872 0.87681 1.15525 1.33787 1.56655 1.70446 1.86207 1.93252 2.01126 2.05647 2.10829 2.17004 2.24357 2.28051 2.29880 2.28689 2.24641 2.20787 2.15199 1.99208 1.97754 3.62792
6.50000 80.00000 -0.08286 0.15325 0.47404 0.64184 0.84961 1.12742 1.30944 1.53696 1.67374 1.82918 1.89807 1.97434 2.01769 2.06699 2.12500 2.19275 2.22556 2.23863 2.22444 2.18171 2.14222 2.08557 1.92539 1.91091 3.58368
6.50000 90.00000 -0.10359 0.13237 0.45285 0.62045 0.82792 1.10516 1.28665 1.51310 1.64886 1.80236 1.86986 1.94399 1.98575 2.03287 2.08784 2.15106 2.18084 2.19062 2.17525 2.13175 2.09213 2.03571 1.87736 1.86316 3.54631
6.50000 100.00000 -0.12239 0.11338 0.43359 0.60100 0.80817 1.08484 1.26577 1.49121 1.62597 1.77755 1.84371 1.91574 1.95596 2.00101 2.05297 2.11183 2.13879 2.14549 2.12906 2.08494 2.04529 1.98915 1.83273 1.81879 3.51228
6.50000 110.00000 -0.13703 0.09856 0.41844 0.58561 0.79244 1.06845 1.24872 1.47291 1.60644 1.75570 1.82023 1.88972 1.92808 1.97061 2.01907 2.07290 2.09669 2.10015 2.08277 2.03825 1.99880 1.94327 1.78976 1.77620 3.48355
6.50000 120.00000 -0.15066 0.08477 0.40430 0.57127 0.77774 1.05309 1.23274 1.45568 1.58805 1.73505 1.79798 1.86503 1.90160 1.94172 1.98683 2.03586 2.05661 2.05710 2.03883 1.99403 1.95485 1.89991 1.74921 1.73600 3.45683
6.50000 130.00000 -0.16908 0.06615 0.38539 0.55216 0.75831 1.03303 1.21210 1.43392 1.56519 1.71011 1.77157 1.83633 1.87124 1.90909 1.95100 1.99537 2.01308 2.01022 1.99081 1.94521 1.90588 1.85110 1.70194 1.68897 3.42666
6.50000 140.00000 -0.18852 0.04655 0.36550 0.53208 0.73792 1.01209 1.19062 1.41139 1.54166 1.68468 1.74480 1.80749 1.84087 1.87667 1.91569 1.95585 1.97084 1.96499 1.94450 1.89818 1.85872 1.80407 1.65625 1.64347 3.39663
6.50000 150.00000 -0.20787 0.02703 0.34571 0.51207 0.71761 0.99120 1.16917 1.38889 1.51813 1.65922 1.71798 1.77859 1.81047 1.84424 1.88048 1.91675 1.92935 1.92124 1.90015 1.85373 1.81453 1.76045 1.61497 1.60247 3.37041
6.50000 175.00000 -0.25541 -0.02095 0.29694 0.46278 0.66750 0.93953 1.11599 1.33284 1.45934 1.59522 1.65035 1.70545 1.73335 1.76188 1.79099 1.81761 1.82467 1.81190 1.79007 1.74444 1.70657 1.65467 1.51675 1.50508 3.30488
6.50000 200.00000 -0.30159 -0.06755 0.24961 0.41496 0.61892 0.88949 1.06458 1.27878 1.40272 1.53382 1.58561 1.63559 1.65981 1.68343 1.70577 1.72298 1.72427 1.70582 1.68233 1.63604 1.59847 1.54750 1.41375 1.40262 3.24301
6.50000 250.00000 -0.38220 -0.14900 0.16666 0.33101 0.53341 0.80103 0.97329 1.18210 1.30090 1.42232 1.46744 1.50734 1.52436 1.53852 1.54817 1.54851 1.54024 1.51374 1.48884 1.44351 1.40781 1.35999 1.23696 1.22697 3.13165
6.50000 300.00000 -0.45008 -0.21773 0.09649 0.25982 0.46066 0.72534 0.89479 1.09826 1.21194 1.32392 1.36255 1.39277 1.40294 1.40823 1.40619 1.39154 1.37525 1.34278 1.31739 1.27387 1.24038 1.19588 1.08308 1.07416 3.03696
6.50000 350.00000 -0.50527 -0.27383 0.03876 0.20101 0.40012 0.66149 0.82778 1.02519 1.13316 1.23453 1.26598 1.28555 1.28834 1.28418 1.26998 1.24050 1.21691 1.18020 1.15543 1.11514 1.08463 1.04433 0.94303 0.93519 2.95613
6.50000 400.00000 -0.55458 -0.32404 -0.01303 0.14813 0.34551 0.60362 0.76677 0.95824 1.06060 1.15166 1.17618 1.18559 1.18140 1.16842 1.14314 1.10053 1.07088 1.03137 1.00768 0.97082 0.94326 0.90686 0.81583 0.80891 2.88358
6.50000 450.00000 -0.60185 -0.37218 -0.06271 0.09741 0.29316 0.54812 0.70831 0.89414 0.99123 1.07269 1.09075 1.09089 1.08033 1.05945 1.02438 0.97065 0.93617 0.89491 0.87253 0.83907 0.81423 0.78134 0.69909 0.69293 2.81673
6.50000 500.00000 -0.64547 -0.41666 -0.10870 0.05036 0.24450 0.49639 0.65363 0.83391 0.92581 0.99786 1.00976 1.00097 0.98441 0.95609 0.91194 0.84819 0.80961 0.76731 0.74640 0.71628 0.69402 0.66438 0.58996 0.58445 2.75501
6.50000 600.00000 -0.71322 -0.48628 -0.18171 -0.02497 0.16544 0.41024 0.56071 0.72821 0.80822 0.85900 0.85699 0.82853 0.79898 0.75495 0.69233 0.60966 0.56468 0.52355 0.50738 0.48591 0.46980 0.44755 0.38963 0.38539 2.64809
6.50000 700.00000 -0.78753 -0.56222 -0.26057 -0.10582 0.08146 0.32037 0.46528 0.62240 0.69284 0.72671 0.71382 0.67015 0.63068 0.57480 0.49849 0.40218 0.35272 0.31241 0.29947 0.28375 0.27164 0.25414 0.20636 0.20285 2.54534
6.50000 800.00000 -0.84526 -0.62170 -0.32316 -0.17055 0.01337 0.24585 0.38469 0.53055 0.59072 0.60671 0.58255 0.52352 0.47434 0.40725 0.31880 0.21220 0.16117 0.12576 0.11791 0.10988 0.10265 0.09065 0.05361 0.05086 2.45985
6.50000 1000.00000 -0.96347 -0.74312 -0.45031 -0.30163 -0.12388 0.09700 0.22492 0.35063 0.39261 0.37736 0.33373 0.24853 0.18294 0.09720 -0.01134 -0.13494 -0.18912 -0.21839 -0.21939 -0.21715 -0.21788 -0.22271 -0.24621 -0.24813 2.30581
6.50000 1200.00000 -1.06782 -0.85087 -0.56425 -0.41986 -0.24891 -0.04095 0.07481 0.17800 0.19967 0.14955 0.08424 -0.03017 -0.11411 -0.22108 -0.35309 -0.49917 -0.56090 -0.59078 -0.58864 -0.58060 -0.57741 -0.57774 -0.59279 -0.59421 2.14858
6.50000 1500.00000 -1.21447 -1.00266 -0.72534 -0.58744 -0.42680 -0.23839 -0.14104 -0.07149 -0.07986 -0.18043 -0.27638 -0.43106 -0.53963 -0.67425 -0.83556 -1.00731 -1.07590 -1.10304 -1.09555 -1.07911 -1.07063 -1.06527 -1.07052 -1.07140 1.93914
7.00000 0.00000 1.43021 1.63815 1.91813 2.06333 2.24189 2.47867 2.63316 2.82772 2.94831 3.09587 3.16888 3.25883 3.31510 3.38390 3.47212 3.58983 3.66116 3.72806 3.74103 3.72881 3.70542 3.66492 3.53214 3.51934 4.83102
7.00000 1.00000 1.41974 1.62761 1.90742 2.05248 2.23082 2.46715 2.62117 2.81479 2.93443 3.08005 3.15163 3.23920 3.29361 3.35975 3.44380 3.55418 3.61940 3.67690 3.68463 3.66598 3.63886 3.59429 3.45300 3.43950 4.80281
7.00000 5.00000 1.35143 1.55912 1.83857 1.98337 2.16128 2.39673 2.54986 2.74169 2.85955 3.00169 3.07074 3.15432 3.20576 3.26773 3.34571 3.44659 3.50502 3.55402 3.55802 3.53582 3.50722 3.46153 3.32027 3.30699 4.70350
7.00000 10.00000 1.24865 1.45616 1.73530 1.87988 2.05740 2.29214 2.44455 2.63495 2.75141 2.89085 2.95797 3.03860 3.08787 3.14695 3.22090 3.31621 3.37135 3.41761 3.42127 3.39985 3.37233 3.32842 3.19346 3.18093 4.58568
7.00000 15.00000 1.13457 1.34200 1.62097 1.76544 1.94279 2.17715 2.32922 2.51894 2.63474 2.77290 2.83911 2.91833 2.96652 3.02414 3.09601 3.18822 3.24123 3.28502 3.28770 3.26549 3.23775 3.19376 3.05948 3.04709 4.47571
7.00000 20.00000 1.03260 1.23996 1.51882 1.66319 1.84042 2.07456 2.22639 2.41570 2.53106 2.66841 2.73402 2.81225 2.85970 2.91626 2.98649 3.07588 3.12665 3.16712 3.16805 3.14375 3.11482 3.06958 2.93291 2.92032 4.38276
7.00000 25.00000 0.93911 1.14640 1.42511 1.56941 1.74652 1.98043 2.13206 2.32094 2.43589 2.57242 2.63742 2.71469 2.76138 2.81684 2.88535 2.97176 3.02005 3.05673 3.05557 3.02871 2.99829 2.95150 2.81156 2.79872 4.29882
7.00000 30.00000 0.85947 1.06670 1.34534 1.48958 1.66661 1.90040 2.05192 2.24055 2.35530 2.49140 2.55608 2.63279 2.67903 2.73382 2.80124 2.88554 2.93192 2.96543 2.96238 2.93310 2.90123 2.85277 2.70914 2.69597 4.22874
7.00000 40.00000 0.72482 0.93194 1.21042 1.35457 1.53145 1.76497 1.91625 2.10449 2.21882 2.35412 2.41819 2.49388 2.53932 2.59290 2.65833 2.73893 2.78202 2.81012 2.80388 2.77051 2.73619 2.68498 2.53525 2.52155 4.11061
7.00000 50.00000 0.61941 0.82642 1.10473 1.24879 1.42555 1.65884 1.80992 1.99777 2.11180 2.24641 2.31000 2.38489 2.42967 2.48232 2.54625 2.62415 2.66488 2.68921 2.68081 2.64472 2.60878 2.55578 2.40218 2.38814 4.01760
7.00000 60.00000 0.55298 0.75993 1.03817 1.18222 1.35895 1.59229 1.74344 1.93148 2.04567 2.18070 2.24457 2.31988 2.36498 2.41800 2.48241 2.56071 2.60141 2.62511 2.61603 2.57880 2.54204 2.48799 2.33151 2.31718 3.94957
7.00000 70.00000 0.50453 0.71138 0.98951 1.13347 1.31013 1.54334 1.69437 1.88225 1.99627 2.13102 2.19466 2.26959 2.31438 2.36689 2.43041 2.50690 2.54589 2.56651 2.55551 2.51573 2.47738 2.42152 2.26075 2.24604 3.89270
7.00000 80.00000 0.48111 0.68782 0.96567 1.10945 1.28581 1.51848 1.66899 1.85586 1.96892 2.10177 2.16404 2.23684 2.28002 2.33034 2.39066 2.46224 2.49774 2.51410 2.50129 2.45982 2.42082 2.36449 2.20403 2.18943 3.85444
7.00000 90.00000 0.46075 0.66731 0.94489 1.08850 1.26457 1.49671 1.64673 1.83263 1.94474 2.07578 2.13681 2.20761 2.24932 2.29765 2.35513 2.42255 2.45531 2.46869 2.45486 2.41280 2.37377 2.31773 2.15925 2.14494 3.81993
7.00000 100.00000 0.44254 0.64893 0.92626 1.06969 1.24549 1.47713 1.62665 1.81162 1.92284 2.05214 2.11193 2.18084 2.22115 2.26755 2.32232 2.38569 2.41580 2.42625 2.41138 2.36861 2.32948 2.27364 2.11677 2.10268 3.78889
7.00000 110.00000 0.42832 0.63454 0.91155 1.05478 1.23024 1.46124 1.61015 1.79392 1.90399 2.03109 2.08930 2.15578 2.19428 2.23829 2.28965 2.34812 2.37507 2.38228 2.36642 2.32321 2.28424 2.22894 2.07481 2.06108 3.76282
7.00000 120.00000 0.41230 0.61835 0.89508 1.03809 1.21327 1.44371 1.59206 1.77477 1.88379 2.00889 2.06572 2.12998 2.16689 2.20869 2.25698 2.31090 2.33487 2.33881 2.32179 2.27780 2.23871 2.18359 2.03113 2.01765 3.73678
7.00000 130.00000 0.39456 0.60045 0.87689 1.01973 1.19458 1.42443 1.57222 1.75384 1.86181 1.98491 2.04031 2.10235 2.13765 2.17723 2.22238 2.27171 2.29268 2.29329 2.27505 2.23022 2.19097 2.13597 1.98498 1.97174 3.70917
7.00000 140.00000 0.37602 0.58174 0.85791 1.00055 1.17516 1.40447 1.55177 1.73244 1.83949 1.96082 2.01498 2.07509 2.10899 2.14667 2.18913 2.23456 2.25300 2.25090 2.23175 2.18631 2.14701 2.09220 1.94271 1.92968 3.68167
7.00000 150.00000 0.35744 0.56301 0.83890 0.98136 1.15567 1.38443 1.53120 1.71084 1.81690 1.93636 1.98918 2.04728 2.07969 2.11540 2.15513 2.19670 2.21275 2.20835 2.18855 2.14298 2.10392 2.04964 1.90244 1.88969 3.65788
7.00000 175.00000 0.30977 0.51493 0.79010 0.93209 1.10563 1.33296 1.47836 1.65536 1.75888 1.87353 1.92298 1.97594 2.00461 2.03539 2.06834 2.10063 2.11121 2.10194 2.08114 2.03598 1.99794 1.94553 1.80505 1.79308 3.59732
7.00000 200.00000 0.26494 0.46971 0.74421 0.88574 1.05859 1.28460 1.42872 1.60328 1.70445 1.81466 1.86102 1.90925 1.93452 1.96073 1.98744 2.01109 2.01650 2.00229 1.98024 1.93485 1.89738 1.84615 1.71044 1.69903 3.53990
7.00000 250.00000 0.18562 0.38958 0.66270 0.80330 0.97468 1.19791 1.33940 1.50890 1.60523 1.70632 1.74637 1.78506 1.80352 1.82079 1.83552 1.84332 1.83981 1.81846 1.79541 1.75148 1.71617 1.66842 1.54414 1.53397 3.43599
7.00000 300.00000 0.12324 0.32642 0.59815 0.73780 0.90773 1.12818 1.26702 1.43145 1.52296 1.61506 1.64894 1.67840 1.69034 1.69918 1.70284 1.69658 1.68571 1.65934 1.63629 1.59479 1.56204 1.51803 1.40489 1.39584 3.35255
7.00000 350.00000 0.06900 0.27132 0.54154 0.68015 0.84842 1.06575 1.20154 1.36022 1.44621 1.52810 1.55504 1.57420 1.57896 1.57861 1.57042 1.54967 1.53165 1.50113 1.47873 1.44047 1.41073 1.37092 1.26945 1.26152 3.27804
7.00000 400.00000 0.01899 0.22046 0.48920 0.62680 0.79350 1.00780 1.14071 1.29387 1.37467 1.44704 1.46757 1.47737 1.47572 1.46732 1.44910 1.41683 1.39390 1.36203 1.34146 1.30747 1.28113 1.24568 1.15540 1.14846 3.21226
7.00000 450.00000 -0.02851 0.17213 0.43942 0.57603 0.74116 0.95247 1.08255 1.23029 1.30600 1.36906 1.38336 1.38413 1.37632 1.36022 1.33244 1.28930 1.26166 1.22818 1.20898 1.17845 1.15486 1.12298 1.04163 1.03547 3.14886
7.00000 500.00000 -0.07141 0.12843 0.39428 0.52992 0.69350 0.90192 1.02923 1.17170 1.24253 1.29672 1.30516 1.29752 1.28409 1.26106 1.22497 1.17296 1.14209 1.10879 1.09165 1.06517 1.04456 1.01633 0.94355 0.93809 3.09016
7.00000 600.00000 -0.14165 0.05647 0.31917 0.45264 0.61281 0.81468 0.93572 1.06637 1.12614 1.16049 1.15590 1.12976 1.10403 1.06608 1.01221 0.94160 0.90399 0.87071 0.85753 0.83863 0.82352 0.80202 0.74450 0.74023 2.98844
7.00000 700.00000 -0.21420 -0.01764 0.24236 0.37397 0.53124 0.72761 0.84344 0.96437 1.01514 1.03354 1.01871 0.97818 0.94306 0.89388 0.82709 0.74366 0.70198 0.66988 0.66001 0.64695 0.63587 0.61915 0.57188 0.56836 2.89130
7.00000 800.00000 -0.27405 -0.07911 0.17800 0.30762 0.46174 0.65215 0.76234 0.87277 0.91396 0.91562 0.89018 0.83525 0.79099 0.73130 0.65313 0.56024 0.51730 0.49031 0.48556 0.48016 0.47397 0.46271 0.42620 0.42341 2.80854
7.00000 1000.00000 -0.39120 -0.19931 0.05233 0.17822 0.32646 0.50576 0.60550 0.69658 0.72020 0.69157 0.64721 0.56672 0.50643 0.42840 0.33046 0.22064 0.17445 0.15334 0.15531 0.16005 0.16028 0.15617 0.13328 0.13134 2.66661
7.00000 1200.00000 -0.49202 -0.30337 -0.05757 0.06425 0.20607 0.37318 0.46139 0.53117 0.53555 0.47399 0.40922 0.30141 0.22403 0.12649 0.00738 -0.12166 -0.17321 -0.19229 -0.18602 -0.17429 -0.16954 -0.16861 -0.18227 -0.18364 2.51976
7.00000 1500.00000 -0.63335 -0.44960 -0.21281 -0.09726 0.03461 0.18275 0.25312 0.29020 0.26547 0.15504 0.06071 -0.08577 -0.18659 -0.31020 -0.45641 -0.60786 -0.66411 -0.67784 -0.66509 -0.64383 -0.63327 -0.62617 -0.62939 -0.63021 2.32559
7.50000 0.00000 1.75338 1.92991 2.16555 2.28680 2.43497 2.63019 2.75727 2.91870 3.02131 3.15280 3.22125 3.30843 3.36401 3.43248 3.52040 3.63722 3.70735 3.77156 3.78259 3.76753 3.74226 3.69946 3.56081 3.54744 4.92237
7.50000 1.00000 1.74500 1.92145 2.15694 2.27807 2.42606 2.62088 2.74756 2.90815 3.00993 3.13972 3.20689 3.29201 3.34596 3.41205 3.49628 3.60654 3.67117 3.72685 3.73308 3.71209 3.68335 3.63675 3.49004 3.47599 4.89333
7.50000 5.00000 1.69185 1.86815 2.10335 2.22424 2.37186 2.56592 2.69184 2.85093 2.95118 3.07802 3.14301 3.22469 3.27606 3.33858 3.41749 3.51945 3.57804 3.62601 3.62879 3.60442 3.57420 3.52642 3.37925 3.36535 4.80878
7.50000 10.00000 1.60980 1.78599 2.02099 2.14176 2.28917 2.48284 2.60835 2.76665 2.86614 2.99149 3.05545 3.13553 3.18573 3.24667 3.32341 3.42237 3.47924 3.52589 3.52862 3.50490 3.47544 3.42884 3.28574 3.27233 4.71045
7.50000 15.00000 1.52397 1.70008 1.93494 2.05560 2.20285 2.39618 2.52139 2.67908 2.77797 2.90219 2.96535 3.04418 3.09344 3.15313 3.22813 3.32458 3.37989 3.42502 3.42737 3.40365 3.37444 3.32834 3.18734 3.17416 4.61987
7.50000 20.00000 1.44171 1.61774 1.85246 1.97303 2.12011 2.31318 2.43812 2.59529 2.69366 2.81686 2.87928 2.95691 3.00528 3.06370 3.13681 3.23012 3.28300 3.32477 3.32543 3.29981 3.26959 3.22251 3.07980 3.06652 4.54235
7.50000 25.00000 1.36517 1.54115 1.77580 1.89633 2.04337 2.23632 2.36116 2.51816 2.61636 2.73923 2.80139 2.87858 2.92659 2.98445 3.05661 3.14813 3.19934 3.23824 3.23716 3.20924 3.17763 3.12894 2.98257 2.96898 4.47468
7.50000 30.00000 1.29567 1.47160 1.70619 1.82667 1.97366 2.16654 2.29131 2.44818 2.54625 2.66886 2.73083 2.80768 2.85540 2.91282 2.98422 3.07420 3.12391 3.16019 3.15751 3.12745 3.09450 3.04425 2.89433 2.88041 4.41442
7.50000 40.00000 1.17780 1.35364 1.58806 1.70846 1.85530 2.04793 2.17245 2.32888 2.42654 2.54832 2.60968 2.68554 2.73251 2.78882 2.85852 2.94548 2.99274 3.02523 3.02042 2.98782 2.95339 2.90156 2.74832 2.73413 4.31483
7.50000 50.00000 1.08718 1.26292 1.49720 1.61751 1.76423 1.95665 2.08100 2.23711 2.33446 2.45564 2.51657 2.59171 2.63811 2.69361 2.76200 2.84665 2.89191 2.92130 2.91473 2.87990 2.84417 2.79090 2.63457 2.62012 4.23664
7.50000 60.00000 1.02639 1.20205 1.43628 1.55658 1.70329 1.89574 2.02017 2.17644 2.27396 2.39553 2.45674 2.53230 2.57901 2.63489 2.70378 2.78898 2.83439 2.86350 2.85649 2.82087 2.78452 2.73046 2.57183 2.55714 4.17485
7.50000 70.00000 0.98499 1.16058 1.39469 1.51492 1.66154 1.85385 1.97815 2.13422 2.23155 2.35276 2.41368 2.48880 2.53514 2.59051 2.65854 2.74215 2.78615 2.81292 2.80454 2.76714 2.72973 2.67446 2.51312 2.49819 4.12586
7.50000 80.00000 0.96314 1.13861 1.37247 1.49254 1.63892 1.83077 1.95463 2.10982 2.20634 2.32593 2.38569 2.45898 2.50396 2.55742 2.62267 2.70191 2.74277 2.76557 2.75542 2.71631 2.67816 2.62231 2.46080 2.44594 4.09144
7.50000 90.00000 0.94427 1.11960 1.35323 1.47314 1.61928 1.81066 1.93408 2.08843 2.18412 2.30213 2.36076 2.43227 2.47593 2.52760 2.59027 2.66567 2.70394 2.72383 2.71261 2.67273 2.63444 2.57870 2.41868 2.40407 4.06049
7.50000 100.00000 0.92710 1.10228 1.33568 1.45543 1.60132 1.79224 1.91523 2.06874 2.16360 2.27999 2.33750 2.40726 2.44963 2.49951 2.55966 2.63133 2.66712 2.68426 2.67207 2.63158 2.59322 2.53771 2.37934 2.36495 4.03228
7.50000 110.00000 0.91102 1.08606 1.31917 1.43874 1.58435 1.77474 1.89719 2.04968 2.14353 2.25803 2.31417 2.38178 2.42256 2.47029 2.52732 2.59432 2.62695 2.64049 2.62691 2.58536 2.54671 2.49119 2.33414 2.31998 4.00722
7.50000 120.00000 0.89612 1.07099 1.30387 1.42325 1.56858 1.75842 1.88036 2.03185 2.12471 2.23730 2.29209 2.35761 2.39683 2.44243 2.49647 2.55897 2.58861 2.59878 2.58398 2.54152 2.50268 2.44726 2.29172 2.27780 3.98392
7.50000 130.00000 0.87931 1.05403 1.28663 1.40584 1.55090 1.74022 1.86165 2.01213 2.10406 2.21483 2.26830 2.33179 2.36952 2.41309 2.46423 2.52250 2.54934 2.55642 2.54052 2.49732 2.45837 2.40312 2.24918 2.23550 3.95893
7.50000 140.00000 0.86123 1.03583 1.26819 1.38723 1.53204 1.72088 1.84185 1.99145 2.08252 2.19163 2.24396 2.30564 2.34204 2.38380 2.43237 2.48686 2.51122 2.51557 2.49867 2.45480 2.41573 2.36061 2.20798 2.19450 3.93393
7.50000 150.00000 0.84131 1.01576 1.24788 1.36676 1.51130 1.69967 1.82018 1.96890 2.05911 2.16660 2.21776 2.27764 2.31273 2.35270 2.39879 2.44969 2.47173 2.47367 2.45598 2.41169 2.37267 2.31784 2.16689 2.15364 3.91216
7.50000 175.00000 0.79490 0.96897 1.20045 1.31890 1.46277 1.64986 1.76914 1.91546 2.00334 2.10643 2.15450 2.20964 2.24128 2.27665 2.31636 2.35834 2.37498 2.37184 2.35295 2.30864 2.27041 2.21714 2.07229 2.05974 3.85684
7.50000 200.00000 0.75099 0.92471 1.15558 1.27362 1.41686 1.60273 1.72086 1.86497 1.95073 2.04976 2.09498 2.14579 2.17428 2.20549 2.23947 2.27358 2.28555 2.27818 2.25836 2.21429 2.17684 2.12503 1.98564 1.97373 3.80393
7.50000 250.00000 0.67773 0.85071 1.08029 1.19746 1.33932 1.52259 1.63822 1.77751 1.85863 1.94893 1.98810 2.02974 2.05169 2.07431 2.09679 2.11580 2.11950 2.10600 2.08582 2.04406 2.00939 1.96175 1.83562 1.82514 3.70978
7.50000 300.00000 0.61977 0.79200 1.02030 1.13656 1.27703 1.45766 1.57072 1.70512 1.78157 1.86308 1.89621 1.92877 1.94433 1.95861 1.97015 1.97519 1.97156 1.95308 1.93301 1.89389 1.86192 1.81826 1.70401 1.69473 3.63435
7.50000 350.00000 0.56549 0.73695 0.96383 1.07916 1.21815 1.39589 1.50620 1.63529 1.70667 1.77880 1.80554 1.82862 1.83758 1.84344 1.84420 1.83626 1.82653 1.80532 1.78659 1.75155 1.72306 1.68409 1.58263 1.57457 3.56647
7.50000 400.00000 0.51672 0.68740 0.91292 1.02731 1.16479 1.33971 1.44728 1.57116 1.63759 1.70058 1.72116 1.73521 1.73795 1.73599 1.72691 1.70760 1.69292 1.67015 1.65312 1.62219 1.59703 1.56239 1.47213 1.46508 3.50536
7.50000 450.00000 0.47007 0.63999 0.86415 0.97762 1.11364 1.28577 1.39068 1.50946 1.57109 1.62530 1.64000 1.64553 1.64249 1.63331 1.61538 1.58622 1.56760 1.54432 1.52924 1.50245 1.48045 1.44981 1.36941 1.36322 3.44560
7.50000 500.00000 0.42706 0.59622 0.81905 0.93160 1.06619 1.23555 1.33781 1.45159 1.50852 1.55418 1.56322 1.56060 1.55207 1.53615 1.51006 1.47215 1.45028 1.42708 1.41403 1.39125 1.37218 1.34519 1.27344 1.26796 3.39040
7.50000 600.00000 0.35272 0.52030 0.74028 0.85088 0.98236 1.14576 1.24231 1.34523 1.39197 1.41922 1.41611 1.39613 1.37596 1.34576 1.30249 1.24595 1.21667 1.19196 1.18180 1.16532 1.15100 1.12995 1.07211 1.06772 3.29526
7.50000 700.00000 0.28017 0.44637 0.66389 0.77280 0.90164 1.06004 1.15184 1.24585 1.28435 1.29692 1.28431 1.25100 1.22212 1.18152 1.12618 1.05773 1.02478 1.00144 0.99464 0.98396 0.97368 0.95740 0.90983 0.90623 3.20477
7.50000 800.00000 0.21704 0.38173 0.59661 0.70370 0.82966 0.98259 1.06918 1.15346 1.18303 1.17991 1.15736 1.11038 1.07283 1.02212 0.95577 0.87785 0.84337 0.82450 0.82244 0.81898 0.81335 0.80233 0.76531 0.76245 3.12560
7.50000 1000.00000 0.09924 0.26108 0.47082 0.57438 0.69476 0.83710 0.91367 0.97929 0.99182 0.95922 0.91809 0.84597 0.79250 0.72350 0.63722 0.54183 0.50358 0.48993 0.49432 0.50082 0.50157 0.49771 0.47454 0.47256 2.99730
7.50000 1200.00000 0.00025 0.15910 0.36349 0.46333 0.57780 0.70888 0.77480 0.82068 0.81537 0.75216 0.69209 0.59461 0.52537 0.43846 0.33294 0.22079 0.17862 0.16860 0.17797 0.19212 0.19775 0.19924 0.18587 0.18448 2.86048
7.50000 1500.00000 -0.14047 0.01387 0.20987 0.30385 0.40901 0.52233 0.57148 0.58656 0.55373 0.44421 0.35607 0.22187 0.13033 0.01867 -0.11251 -0.24564 -0.29187 -0.29603 -0.28003 -0.25622 -0.24472 -0.23698 -0.23972 -0.24053 2.68085
7.80000 0.00000 1.91104 2.06918 2.27959 2.38756 2.51938 2.69310 2.80668 2.95270 3.04755 3.17276 3.23969 3.32626 3.38189 3.45060 3.53889 3.65600 3.72600 3.78934 3.79953 3.78306 3.75678 3.71267 3.57041 3.55666 4.96590
7.80000 1.00000 1.90192 2.05997 2.27025 2.37814 2.50978 2.68314 2.79636 2.94165 3.03571 3.15940 3.22518 3.30981 3.36392 3.43040 3.51512 3.62580 3.69021 3.74463 3.74964 3.72664 3.69644 3.64797 3.49607 3.48148 4.93586
7.80000 5.00000 1.85204 2.00997 2.22000 2.32768 2.45901 2.63174 2.74434 2.88834 2.98114 3.10231 3.16625 3.24797 3.29985 3.36320 3.44329 3.54648 3.60531 3.65224 3.65370 3.62694 3.59491 3.54477 3.39087 3.37625 4.85657
7.80000 10.00000 1.78361 1.94145 2.15130 2.25888 2.39003 2.56239 2.67463 2.81795 2.91007 3.02994 3.09299 3.17334 3.22424 3.28630 3.36467 3.46572 3.52359 3.57050 3.57272 3.54768 3.51708 3.46892 3.32098 3.30703 4.77210
7.80000 15.00000 1.70927 1.86704 2.07681 2.18431 2.31535 2.48754 2.59959 2.74256 2.83435 2.95360 3.01617 3.09584 3.14622 3.20758 3.28497 3.38457 3.44151 3.48747 3.48939 3.46425 3.43373 3.38578 3.23888 3.22508 4.69288
7.80000 20.00000 1.63721 1.79492 2.00457 2.11200 2.24292 2.41488 2.52671 2.66927 2.76065 2.87908 2.94109 3.01981 3.06947 3.12985 3.20576 3.30294 3.35806 3.40150 3.40221 3.37577 3.34457 3.29597 3.14810 3.13422 4.62482
7.80000 25.00000 1.56904 1.72670 1.93627 2.04368 2.17453 2.34640 2.45814 2.60053 2.69175 2.80985 2.87162 2.94993 2.99927 3.05915 3.13425 3.22992 3.28364 3.32481 3.32412 3.29586 3.26357 3.21372 3.06303 3.04892 4.56464
7.80000 30.00000 1.50769 1.66531 1.87481 1.98217 2.11298 2.28473 2.39639 2.53861 2.62966 2.74746 2.80899 2.88691 2.93596 2.99541 3.06980 3.16421 3.21686 3.25629 3.25464 3.22515 3.19215 3.14148 2.98905 2.97478 4.51198
7.80000 40.00000 1.39746 1.55499 1.76434 1.87160 2.00224 2.17376 2.28519 2.42698 2.51761 2.63459 2.69551 2.77244 2.82071 2.87903 2.95166 3.04294 3.09299 3.12837 3.12442 3.09210 3.05744 3.00495 2.84867 2.83408 4.41944
7.80000 50.00000 1.31424 1.47167 1.68090 1.78810 1.91867 2.09003 2.20130 2.34285 2.43326 2.54980 2.61039 2.68678 2.73463 2.79232 2.86394 2.95334 3.00169 3.03429 3.02871 2.99425 2.95833 2.90443 2.74493 2.73006 4.34532
7.80000 60.00000 1.25544 1.41284 1.62204 1.72923 1.85982 2.03125 2.14265 2.28442 2.37508 2.49211 2.55308 2.63002 2.67826 2.73647 2.80876 2.89893 2.94754 2.97988 2.97379 2.93840 2.90170 2.84679 2.68432 2.66913 4.28823
7.80000 70.00000 1.21727 1.37458 1.58366 1.69078 1.82127 1.99256 2.10382 2.24534 2.33580 2.45242 2.51306 2.58950 2.63735 2.69496 2.76629 2.85474 2.90181 2.93168 2.92415 2.88690 2.84910 2.79294 2.62771 2.61227 4.24345
7.80000 80.00000 1.19694 1.35414 1.56298 1.66995 1.80021 1.97103 2.08185 2.22256 2.31217 2.42717 2.48666 2.56127 2.60774 2.66345 2.73200 2.81608 2.86004 2.88598 2.87673 2.83786 2.79938 2.74274 2.57759 2.56226 4.21063
7.80000 90.00000 1.17853 1.33558 1.54423 1.65105 1.78108 1.95149 2.06193 2.20187 2.29072 2.40430 2.46277 2.53577 2.58105 2.63511 2.70128 2.78176 2.82323 2.84626 2.83587 2.79610 2.75735 2.70068 2.53658 2.52144 4.18101
7.80000 100.00000 1.16125 1.31820 1.52664 1.63332 1.76314 1.93316 2.04321 2.18244 2.27059 2.38283 2.44032 2.51181 2.55595 2.60847 2.67240 2.74947 2.78859 2.80886 2.79738 2.75671 2.71769 2.66095 2.49773 2.48274 4.15340
7.80000 110.00000 1.14549 1.30226 1.51044 1.61696 1.74652 1.91602 2.02559 2.16380 2.25102 2.36139 2.41758 2.48698 2.52959 2.57999 2.64089 2.71338 2.74937 2.76603 2.75315 2.71138 2.67207 2.61531 2.45344 2.43868 4.12948
7.80000 120.00000 1.13039 1.28704 1.49497 1.60131 1.73060 1.89959 2.00864 2.14591 2.23217 2.34072 2.39560 2.46299 2.50410 2.55245 2.61045 2.67862 2.71176 2.72527 2.71128 2.66882 2.62943 2.57291 2.41294 2.39847 4.10723
7.80000 130.00000 1.11406 1.27057 1.47825 1.58442 1.71345 1.88192 1.99049 2.12678 2.21213 2.31886 2.37246 2.43784 2.47747 2.52380 2.57892 2.64282 2.67312 2.68348 2.66835 2.62509 2.58558 2.52923 2.37088 2.35665 4.08340
7.80000 140.00000 1.09662 1.25297 1.46043 1.56644 1.69521 1.86320 1.97130 2.10670 2.19114 2.29618 2.34858 2.41209 2.45034 2.49479 2.54724 2.60725 2.63498 2.64257 2.62648 2.58262 2.54307 2.48695 2.33032 2.31632 4.05978
7.80000 150.00000 1.07738 1.23361 1.44083 1.54670 1.67522 1.84277 1.95043 2.08498 2.16862 2.27210 2.32337 2.38515 2.42213 2.46488 2.51490 2.57138 2.59685 2.60201 2.58513 2.54083 2.50130 2.44547 2.29050 2.27676 4.03930
7.80000 175.00000 1.03268 1.18855 1.39517 1.50063 1.62853 1.79488 1.90138 2.03370 2.11518 2.21450 2.26287 2.32017 2.35391 2.39228 2.43627 2.48431 2.50466 2.50507 2.48711 2.44298 2.40433 2.35016 2.20160 2.18861 3.98639
7.80000 200.00000 0.99016 1.14573 1.35177 1.45684 1.58415 1.74936 1.85478 1.98500 2.06443 2.15993 2.20557 2.25872 2.28941 2.32376 2.36218 2.40243 2.41806 2.41406 2.39500 2.35084 2.31285 2.25998 2.11658 2.10423 3.93531
7.80000 250.00000 0.91947 1.07427 1.27901 1.38316 1.50903 1.67148 1.77422 1.89925 1.97368 2.05974 2.09883 2.14209 2.16578 2.19095 2.21717 2.24177 2.24925 2.24020 2.22192 2.18194 2.14798 2.10090 1.97499 1.96445 3.85154
7.80000 300.00000 0.86151 1.01560 1.21905 1.32234 1.44682 1.60662 1.70681 1.82690 1.89660 1.97376 2.00675 2.04082 2.05800 2.07470 2.08982 2.10025 2.10036 2.08648 2.06842 2.03129 2.00029 1.95742 1.84410 1.83485 3.77669
7.80000 350.00000 0.80831 0.96165 1.16377 1.26616 1.38920 1.54620 1.64371 1.75865 1.82342 1.89140 1.91814 1.94294 1.95366 1.96212 1.96667 1.96438 1.95850 1.94196 1.92526 1.89223 1.86466 1.82650 1.72598 1.71795 3.71299
7.80000 400.00000 0.76105 0.91366 1.11449 1.21600 1.33766 1.49200 1.58693 1.69695 1.75705 1.81641 1.83733 1.85360 1.85846 1.85954 1.85483 1.84187 1.83142 1.81364 1.79872 1.76982 1.74556 1.71168 1.62220 1.61517 3.65675
7.80000 450.00000 0.71466 0.86656 1.06612 1.16674 1.28700 1.43871 1.53109 1.63623 1.69172 1.74262 1.75787 1.76588 1.76510 1.75913 1.74567 1.72280 1.70816 1.68930 1.67594 1.65069 1.62929 1.59908 1.51884 1.51261 3.60065
7.80000 500.00000 0.67116 0.82237 1.02070 1.12050 1.23947 1.38868 1.47866 1.57927 1.63045 1.67349 1.68348 1.68385 1.67785 1.66537 1.64382 1.61164 1.59284 1.57221 1.55970 1.53691 1.51758 1.49005 1.41658 1.41093 3.55065
7.80000 600.00000 0.59943 0.74914 0.94476 1.04267 1.15863 1.30207 1.38650 1.47655 1.51783 1.54296 1.54115 1.52470 1.50749 1.48130 1.44341 1.39407 1.36912 1.34885 1.34029 1.32509 1.31123 1.29044 1.23244 1.22803 3.45796
7.80000 700.00000 0.52735 0.67572 0.86897 0.96525 1.07863 1.21719 1.29698 1.37827 1.41141 1.42203 1.41080 1.38111 1.35521 1.31863 1.26869 1.20732 1.17856 1.15958 1.15429 1.14488 1.13504 1.11905 1.07150 1.06787 3.37415
7.80000 800.00000 0.46561 0.61257 0.80330 0.89784 1.00847 1.14179 1.21655 1.28841 1.31287 1.30820 1.28724 1.24411 1.20961 1.16298 1.10191 1.03066 0.99987 0.98451 0.98357 0.98089 0.97546 0.96448 0.92712 0.92421 3.29835
7.80000 1000.00000 0.35039 0.49459 0.68035 0.77144 0.87663 0.99952 1.06440 1.11778 1.12538 1.09137 1.05188 0.98362 0.93322 0.86825 0.78714 0.69822 0.66358 0.65340 0.65895 0.66631 0.66735 0.66367 0.64047 0.63847 3.18039
7.80000 1200.00000 0.25025 0.39170 0.57246 0.66007 0.75974 0.87208 0.92696 0.96183 0.95262 0.88976 0.83241 0.74021 0.67491 0.59302 0.49374 0.38908 0.35082 0.34436 0.35479 0.36966 0.37546 0.37700 0.36344 0.36203 3.04968
7.80000 1500.00000 0.11051 0.24764 0.42046 0.50252 0.59330 0.68868 0.72751 0.73282 0.69714 0.58964 0.50518 0.37743 0.29050 0.18456 0.06030 -0.06489 -0.10714 -0.10794 -0.09101 -0.06665 -0.05506 -0.04732 -0.05028 -0.05111 2.88013
8.00000 0.00000 2.00216 2.14858 2.34328 2.44314 2.56509 2.72616 2.83203 2.96955 3.06026 3.18236 3.24867 3.33511 3.39088 3.45987 3.54858 3.66622 3.73642 3.79966 3.80957 3.79255 3.76582 3.72110 3.57703 3.56307 4.99195
8.00000 1.00000 1.99120 2.13759 2.33216 2.43194 2.55373 2.71449 2.82004 2.95690 3.04694 3.16767 3.23292 3.31759 3.37195 3.43885 3.52420 3.63558 3.70024 3.75439 3.75892 3.73495 3.70399 3.65451 3.49958 3.48466 4.96098
8.00000 5.00000 1.94291 2.08919 2.28351 2.38313 2.50465 2.66485 2.76985 2.90559 2.99451 3.11298 3.17661 3.25867 3.31104 3.37514 3.45625 3.56067 3.61998 3.66675 3.66759 3.63957 3.60651 3.55497 3.39688 3.38180 4.88487
8.00000 10.00000 1.88383 2.03002 2.22419 2.32368 2.44501 2.60484 2.70947 2.84451 2.93275 3.04995 3.11262 3.19333 3.24471 3.30751 3.38695 3.48938 3.54794 3.59515 3.59712 3.57134 3.54007 3.49096 3.34006 3.32577 4.80948
8.00000 15.00000 1.81652 1.96266 2.15677 2.25620 2.37748 2.53720 2.64172 2.77656 2.86460 2.98142 3.04387 3.12413 3.17522 3.23760 3.31642 3.41789 3.47578 3.52212 3.52370 3.49757 3.46617 3.41696 3.26609 3.25183 4.73684
8.00000 20.00000 1.75128 1.89735 2.09134 2.19075 2.31192 2.47146 2.57581 2.71032 2.79805 2.91424 2.97624 3.05579 3.10637 3.16799 3.24573 3.34548 3.40208 3.44679 3.44763 3.42076 3.38903 3.33951 3.18847 3.17422 4.67501
8.00000 25.00000 1.68966 1.83569 2.02962 2.12894 2.25004 2.40946 2.51369 2.64795 2.73545 2.85120 2.91287 2.99191 3.04206 3.10315 3.18000 3.27829 3.33377 3.37681 3.37677 3.34886 3.31656 3.26649 3.11436 3.10002 4.62055
8.00000 30.00000 1.63263 1.77861 1.97248 2.07179 2.19284 2.35215 2.45631 2.59044 2.67781 2.79331 2.85480 2.93354 2.98345 3.04418 3.12047 3.21773 3.27230 3.31393 3.31304 3.28409 3.25116 3.20036 3.04663 3.03220 4.57205
8.00000 40.00000 1.52784 1.67373 1.86744 1.96664 2.08756 2.24662 2.35054 2.48424 2.57117 2.68581 2.74667 2.82437 2.87348 2.93304 3.00751 3.10150 3.15334 3.19067 3.18737 3.15543 3.12073 3.06802 2.91021 2.89540 4.48427
8.00000 50.00000 1.45029 1.59611 1.78972 1.88886 2.00968 2.16862 2.27244 2.40591 2.49266 2.60693 2.66751 2.74477 2.79351 2.85252 2.92609 3.01842 3.06874 3.10352 3.09870 3.06476 3.02887 2.97480 2.81384 2.79875 4.41299
8.00000 60.00000 1.39280 1.53858 1.73216 1.83131 1.95217 2.11121 2.21515 2.34892 2.43597 2.55084 2.61186 2.68978 2.73899 2.79862 2.87301 2.96630 3.01695 3.05150 3.04610 3.01105 2.97427 2.91898 2.75449 2.73902 4.35951
8.00000 70.00000 1.35779 1.50350 1.69695 1.79602 1.91676 2.07560 2.17938 2.31283 2.39956 2.51383 2.57441 2.65163 2.70030 2.75914 2.83231 2.92349 2.97240 3.00427 2.99743 2.96060 2.92279 2.86640 2.69963 2.68396 4.31716
8.00000 80.00000 1.33807 1.48364 1.67688 1.77581 1.89633 2.05474 2.15813 2.29077 2.37675 2.48953 2.54903 2.62452 2.67191 2.72897 2.79950 2.88655 2.93246 2.96052 2.95199 2.91351 2.87499 2.81806 2.65118 2.63560 4.28566
8.00000 90.00000 1.31957 1.46502 1.65808 1.75688 1.87721 2.03528 2.13830 2.27027 2.35560 2.46712 2.52572 2.59980 2.64612 2.70171 2.77011 2.85383 2.89739 2.92256 2.91280 2.87321 2.83426 2.77707 2.61057 2.59511 4.25643
8.00000 100.00000 1.30266 1.44801 1.64087 1.73955 1.85968 2.01736 2.12002 2.25135 2.33599 2.44624 2.50392 2.57655 2.62181 2.67591 2.74215 2.82258 2.86385 2.88627 2.87539 2.83486 2.79559 2.73827 2.57247 2.55716 4.22972
8.00000 110.00000 1.28669 1.43191 1.62451 1.72303 1.84290 2.00008 2.10228 2.23262 2.31636 2.42479 2.48118 2.55180 2.59555 2.64761 2.71090 2.78689 2.82516 2.84417 2.83202 2.79057 2.75112 2.69392 2.52982 2.51477 4.20652
8.00000 120.00000 1.27189 1.41696 1.60933 1.70767 1.82729 1.98398 2.08568 2.21509 2.29788 2.40454 2.45966 2.52828 2.57056 2.62060 2.68102 2.75272 2.78812 2.80394 2.79064 2.74842 2.70887 2.65187 2.48961 2.47484 4.18498
8.00000 130.00000 1.25596 1.40088 1.59300 1.69118 1.81052 1.96670 2.06791 2.19632 2.27816 2.38297 2.43677 2.50334 2.54409 2.59206 2.64951 2.71684 2.74933 2.76195 2.74753 2.70457 2.66493 2.60817 2.44781 2.43331 4.16211
8.00000 140.00000 1.23883 1.38364 1.57552 1.67355 1.79264 1.94835 2.04907 2.17664 2.25761 2.36076 2.41335 2.47808 2.51748 2.56359 2.61842 2.68186 2.71180 2.72162 2.70622 2.66265 2.62295 2.56643 2.40776 2.39351 4.13929
8.00000 150.00000 1.22038 1.36506 1.55674 1.65462 1.77350 1.92879 2.02915 2.15590 2.23614 2.33783 2.38943 2.45257 2.49081 2.53534 2.58793 2.64812 2.67593 2.68349 2.66733 2.62333 2.58366 2.52740 2.37032 2.35628 4.11995
8.00000 175.00000 1.17652 1.32086 1.51198 1.60946 1.72773 1.88186 1.98106 2.10566 2.18375 2.28140 2.33014 2.38889 2.42391 2.46416 2.51084 2.56275 2.58559 2.58863 2.57154 2.52791 2.48928 2.43485 2.28464 2.27142 4.06805
8.00000 200.00000 1.13507 1.27910 1.46967 1.56679 1.68448 1.83752 1.93567 2.05822 2.13435 2.22823 2.27432 2.32900 2.36107 2.39733 2.43848 2.48260 2.50064 2.49903 2.48066 2.43677 2.39862 2.34534 2.19994 2.18731 4.01842
8.00000 250.00000 1.06689 1.21019 1.39940 1.49561 1.61183 1.76203 1.85741 1.97460 2.04556 2.12967 2.16894 2.21338 2.23814 2.26489 2.29344 2.32145 2.33121 2.32489 2.30770 2.26872 2.23515 2.18836 2.06244 2.05188 3.93954
8.00000 300.00000 1.00822 1.15076 1.33871 1.43403 1.54886 1.69636 1.78913 1.90127 1.96736 2.04236 2.07538 2.11038 2.12849 2.14664 2.16389 2.17769 2.18025 2.16961 2.15310 2.11768 2.08749 2.04548 1.93352 1.92434 3.86716
8.00000 350.00000 0.95641 1.09826 1.28495 1.37939 1.49284 1.63767 1.72787 1.83506 1.89641 1.96259 1.98961 2.01572 2.02767 2.03790 2.04506 2.04675 2.04368 2.03070 2.01568 1.98434 1.95763 1.92026 1.82091 1.81294 3.80734
8.00000 400.00000 0.90966 1.05082 1.23624 1.32982 1.44191 1.58411 1.67177 1.77410 1.83083 1.88847 1.90971 1.92736 1.93348 1.93638 1.93431 1.92537 1.91773 1.90351 1.89021 1.86300 1.83956 1.80646 1.71812 1.71113 3.75323
8.00000 450.00000 0.86288 1.00334 1.18761 1.28037 1.39116 1.53091 1.61620 1.71399 1.76642 1.81612 1.83200 1.84179 1.84250 1.83856 1.82783 1.80858 1.79606 1.77921 1.76648 1.74157 1.72019 1.68987 1.60893 1.60262 3.70119
8.00000 500.00000 0.81977 0.95959 1.14265 1.23463 1.34415 1.48145 1.56439 1.65770 1.70589 1.74781 1.75851 1.76073 1.75627 1.74585 1.72706 1.69850 1.68179 1.66309 1.65117 1.62871 1.60937 1.58173 1.50759 1.50188 3.65302
8.00000 600.00000 0.75011 0.88846 1.06885 1.15899 1.26554 1.39716 1.47461 1.55745 1.59581 1.61999 1.61900 1.60458 1.58905 1.56517 1.53043 1.48545 1.46324 1.44601 1.43869 1.42459 1.41120 1.39078 1.33313 1.32872 3.56195
8.00000 700.00000 0.67821 0.81527 0.99334 1.08188 1.18595 1.31275 1.38564 1.45984 1.49016 1.50000 1.48968 1.46217 1.43804 1.40386 1.35718 1.30030 1.27432 1.25843 1.25440 1.24609 1.23676 1.22115 1.17399 1.17035 3.48249
8.00000 800.00000 0.61723 0.75294 0.92862 1.01547 1.11687 1.23861 1.30663 1.37171 1.39361 1.38856 1.36872 1.32804 1.29543 1.25131 1.19346 1.12634 1.09792 1.08480 1.08463 1.08252 1.07727 1.06637 1.02887 1.02595 3.40888
8.00000 1000.00000 0.50252 0.63560 0.80653 0.89009 0.98627 1.09802 1.15653 1.20384 1.20945 1.17601 1.13821 1.07305 1.02490 0.96279 0.88514 0.80017 0.76743 0.75864 0.76443 0.77175 0.77264 0.76871 0.74490 0.74287 3.29765
8.00000 1200.00000 0.40270 0.53312 0.69921 0.77939 0.87019 0.97167 1.02042 1.04960 1.03880 0.97706 0.92174 0.83310 0.77033 0.69158 0.59614 0.49581 0.45972 0.45495 0.46577 0.48076 0.48650 0.48791 0.47397 0.47253 3.17096
8.00000 1500.00000 0.26211 0.38845 0.54704 0.62195 0.70436 0.78976 0.82329 0.82437 0.78832 0.68394 0.60263 0.47979 0.39613 0.29402 0.17411 0.05331 0.01279 0.01275 0.02954 0.05346 0.06469 0.07200 0.06834 0.06747 3.00793
8.20000 0.00000 2.08686 2.22225 2.40220 2.49456 2.60745 2.75705 2.85597 2.98580 3.07269 3.19144 3.25665 3.34206 3.39726 3.46553 3.55324 3.66933 3.73845 3.80041 3.80980 3.79234 3.76546 3.72070 3.57702 3.56315 5.01473
8.20000 1.00000 2.07254 2.20790 2.38777 2.48006 2.59284 2.74220 2.84088 2.97021 3.05658 3.17422 3.23859 3.32258 3.37663 3.44314 3.52793 3.63840 3.70235 3.75549 3.75950 3.73494 3.70366 3.65384 3.49835 3.48340 4.98242
8.20000 5.00000 2.02470 2.15996 2.33963 2.43180 2.54436 2.69329 2.79154 2.91999 3.00549 3.12140 3.18448 3.26637 3.31880 3.38302 3.46431 3.56882 3.62800 3.67415 3.67447 3.64555 3.61186 3.55952 3.39922 3.38392 4.90955
8.20000 10.00000 1.97497 2.11015 2.28970 2.38175 2.49417 2.64280 2.74076 2.86867 2.95361 3.06853 3.13090 3.21173 3.26341 3.32670 3.40678 3.51002 3.56894 3.61613 3.61778 3.59131 3.55948 3.50957 3.35630 3.34175 4.84375
8.20000 15.00000 1.91517 2.05033 2.22979 2.32183 2.43420 2.58277 2.68068 2.80848 2.89333 3.00805 3.07030 3.15097 3.20251 3.26556 3.34530 3.44799 3.50647 3.55297 3.55425 3.52735 3.49527 3.44511 3.29131 3.27672 4.77790
8.20000 20.00000 1.85528 1.99036 2.16978 2.26173 2.37402 2.52244 2.62019 2.74768 2.83225 2.94641 3.00826 3.08826 3.13932 3.20171 3.28046 3.38157 3.43890 3.48392 3.48452 3.45693 3.42455 3.37415 3.22020 3.20562 4.72076
8.20000 25.00000 1.80140 1.93644 2.11576 2.20769 2.31990 2.46815 2.56577 2.69303 2.77735 2.89106 2.95259 3.03212 3.08284 3.14473 3.22284 3.32309 3.37991 3.42460 3.42524 3.39794 3.36585 3.31589 3.16339 3.14898 4.67325
8.20000 30.00000 1.74866 1.88366 2.06292 2.15483 2.26699 2.41519 2.51275 2.63990 2.72413 2.83767 2.89906 2.97836 3.02887 3.09054 3.16822 3.26766 3.32378 3.36731 3.36726 3.33907 3.30642 3.25584 3.10194 3.08742 4.62887
8.20000 40.00000 1.64998 1.78488 1.96401 2.05579 2.16781 2.31576 2.41308 2.53974 2.62349 2.73609 2.79678 2.87496 2.92461 2.98499 3.06071 3.15662 3.20982 3.24879 3.24619 3.21486 3.18039 3.12780 2.96970 2.95482 4.54601
8.20000 50.00000 1.57770 1.71255 1.89157 1.98331 2.09526 2.24309 2.34031 2.46681 2.55042 2.66274 2.72323 2.80105 2.85042 2.91037 2.98535 3.07990 3.13178 3.16851 3.16456 3.13140 3.09580 3.04194 2.88081 2.86564 4.47753
8.20000 60.00000 1.52146 1.65628 1.83530 1.92705 2.03907 2.18701 2.28437 2.41123 2.49520 2.60822 2.66921 2.74781 2.79773 2.85840 2.93434 3.03002 3.08231 3.11882 3.11420 3.07976 3.04317 2.98791 2.82269 2.80707 4.42770
8.20000 70.00000 1.48973 1.62446 1.80334 1.89501 2.00688 2.15459 2.25176 2.37820 2.46175 2.57400 2.63443 2.71213 2.76135 2.82104 2.89549 2.98866 3.03899 3.07262 3.06656 3.03038 2.99286 2.93663 2.76964 2.75390 4.38786
8.20000 80.00000 1.47061 1.60521 1.78390 1.87544 1.98710 2.13441 2.23122 2.35692 2.43976 2.55061 2.61004 2.68613 2.73416 2.79218 2.86415 2.95342 3.00089 3.03086 3.02309 2.98530 2.94703 2.89021 2.72291 2.70723 4.35766
8.20000 90.00000 1.45203 1.58654 1.76505 1.85648 1.96797 2.11498 2.21147 2.33660 2.41889 2.52866 2.58730 2.66216 2.70926 2.76598 2.83604 2.92229 2.96755 2.99464 2.98560 2.94650 2.90763 2.85032 2.68270 2.66706 4.32882
8.20000 100.00000 1.43557 1.56997 1.74829 1.83959 1.95090 2.09758 2.19371 2.31820 2.39986 2.50840 2.56617 2.63965 2.68571 2.74103 2.80901 2.89207 2.93509 2.95948 2.94929 2.90920 2.86997 2.81248 2.64541 2.62990 4.30300
8.20000 110.00000 1.41943 1.55368 1.73178 1.82292 1.93398 2.08015 2.17581 2.29938 2.38014 2.48691 2.54342 2.61493 2.65952 2.71283 2.77796 2.85674 2.89690 2.91809 2.90678 2.86598 2.82669 2.76948 2.60448 2.58928 4.28060
8.20000 120.00000 1.40495 1.53907 1.71694 1.80792 1.91873 2.06440 2.15961 2.28225 2.36207 2.46709 2.52235 2.59188 2.63503 2.68634 2.74861 2.82310 2.86039 2.87836 2.86587 2.82425 2.78484 2.72780 2.56458 2.54964 4.25968
8.20000 130.00000 1.38937 1.52336 1.70097 1.79178 1.90232 2.04747 2.14215 2.26378 2.34264 2.44577 2.49967 2.56710 2.60869 2.65787 2.71711 2.78714 2.82146 2.83620 2.82260 2.78028 2.74084 2.68411 2.52304 2.50841 4.23780
8.20000 140.00000 1.37264 1.50649 1.68388 1.77454 1.88483 2.02954 2.12378 2.24452 2.32252 2.42401 2.47673 2.54234 2.58257 2.62991 2.68654 2.75270 2.78447 2.79641 2.78183 2.73890 2.69941 2.64291 2.48354 2.46918 4.21572
8.20000 150.00000 1.35498 1.48873 1.66592 1.75646 1.86655 2.01089 2.10473 2.22480 2.30211 2.40226 2.45405 2.51821 2.55738 2.60328 2.65785 2.72101 2.75083 2.76068 2.74540 2.70209 2.66261 2.60635 2.44849 2.43433 4.19759
8.20000 175.00000 1.31204 1.44548 1.62211 1.71227 1.82176 1.96493 2.05770 2.17559 2.25080 2.34697 2.39594 2.45576 2.49178 2.53346 2.58221 2.63727 2.66227 2.66788 2.65183 2.60912 2.57082 2.51659 2.36609 2.35280 4.14674
8.20000 200.00000 1.27171 1.40484 1.58095 1.67075 1.77968 1.92180 2.01354 2.12944 2.20272 2.29521 2.34157 2.39738 2.43047 2.46822 2.51149 2.55876 2.57888 2.57962 2.56217 2.51900 2.48107 2.42783 2.28178 2.26904 4.09856
8.20000 250.00000 1.20618 1.33856 1.51333 1.60217 1.70960 1.84878 1.93765 2.04797 2.11586 2.19813 2.23745 2.28258 2.30808 2.33593 2.36612 2.39682 2.40859 2.40499 2.38915 2.35164 2.31888 2.27285 2.14825 2.13774 4.02394
8.20000 300.00000 1.14734 1.27903 1.45254 1.54054 1.64660 1.78313 1.86944 1.97481 2.03794 2.11124 2.14439 2.18028 2.19929 2.21871 2.23790 2.25483 2.25970 2.25226 2.23733 2.20365 2.17439 2.13328 2.02289 2.01378 3.95462
8.20000 350.00000 1.09662 1.22760 1.39986 1.48698 1.59164 1.72550 1.80921 1.90954 1.96785 2.03224 2.05930 2.08617 2.09893 2.11041 2.11950 2.12448 2.12407 2.11488 2.10184 2.07283 2.04740 2.01134 1.91440 1.90659 3.89863
8.20000 400.00000 1.05048 1.18079 1.35181 1.43809 1.54141 1.67265 1.75384 1.84932 1.90303 1.95889 1.98018 1.99867 2.00562 2.00976 2.00972 2.00415 1.99918 1.98879 1.97748 1.95255 1.93036 1.89853 1.81250 1.80568 3.84668
8.20000 450.00000 1.00339 1.13310 1.30302 1.38854 1.49066 1.61961 1.69860 1.78985 1.83952 1.88793 1.90416 1.91514 1.91690 1.91443 1.90578 1.88955 1.87902 1.86452 1.85277 1.82882 1.80787 1.77792 1.69738 1.69108 3.79871
8.20000 500.00000 0.96078 1.08982 1.25860 1.34334 1.44420 1.57076 1.64742 1.73424 1.77971 1.82041 1.83148 1.83495 1.83156 1.82265 1.80598 1.78045 1.76572 1.74933 1.73838 1.71684 1.69791 1.67062 1.59688 1.59116 3.75235
8.20000 600.00000 0.89301 1.02062 1.18681 1.26975 1.36773 1.48873 1.56000 1.63659 1.67245 1.69577 1.69543 1.68269 1.66856 1.64664 1.61469 1.57380 1.55438 1.54057 1.53477 1.52222 1.50957 1.48985 1.43320 1.42884 3.66292
8.20000 700.00000 0.82192 0.94826 1.11216 1.19349 1.28895 1.40509 1.47173 1.53953 1.56720 1.57591 1.56608 1.54001 1.51714 1.48473 1.44064 1.38772 1.36456 1.35221 1.34984 1.34328 1.33481 1.32002 1.27412 1.27059 3.58791
8.20000 800.00000 0.76202 0.88706 1.04862 1.12830 1.22120 1.33236 1.39425 1.45308 1.47248 1.46654 1.44731 1.40824 1.37698 1.33471 1.27952 1.21623 1.19037 1.18042 1.18163 1.18090 1.17630 1.16602 1.12938 1.12649 3.51651
8.20000 1000.00000 0.64839 0.77091 0.92789 1.00444 1.09227 1.19376 1.24646 1.28803 1.29159 1.25796 1.22120 1.15816 1.11160 1.05154 0.97659 0.89502 0.86422 0.85736 0.86382 0.87168 0.87277 0.86898 0.84523 0.84320 3.41154
8.20000 1200.00000 0.54849 0.66845 0.82078 0.89406 0.97670 1.06827 1.11147 1.13544 1.12304 1.06193 1.00809 0.92220 0.86144 0.78522 0.69297 0.59657 0.56261 0.55985 0.57134 0.58682 0.59272 0.59423 0.58030 0.57886 3.28941
8.20000 1500.00000 0.41317 0.52896 0.67351 0.74129 0.81512 0.88974 0.91685 0.91114 0.87209 0.76611 0.68509 0.56363 0.48131 0.38131 0.26466 0.14913 0.11246 0.11733 0.13637 0.16252 0.17485 0.18317 0.18084 0.18003 3.13297
