Backbone NGA-East USGS GMM as published in PEER Report No. 2017/03, distance is Rrup. Log10 hazard values in cgs units PGA 0.02 PGV 0.01
          11 34 25 : nmag, ndist, nperiod
          10.000 7.519 5.000 4.000 3.003 2.000 1.499 1.000 0.750 0.500 0.400 0.300 0.250 0.200 0.150 0.100 0.075 0.050 0.040 0.030 0.025 0.020 0.010 PGA PGV
          0.62 0.62 0.62 0.62 0.62 0.62 0.62 0.62 0.59 0.56 0.55 0.54 0.53 0.53 0.53 0.53 0.53 0.53 0.53 0.53 0.53 0.53 0.53 0.53 0.62
4.000 0.000 -1.146 -0.844 -0.452 -0.225 0.066 0.477 0.760 1.160 1.440 1.807 1.998 2.200 2.327 2.458 2.597 2.777 2.869 3.007 3.039 3.051 3.037 3.002 2.836 2.804 3.835
4.000 1.000 -1.252 -0.951 -0.561 -0.335 -0.046 0.366 0.647 1.048 1.328 1.696 1.887 2.087 2.214 2.348 2.494 2.673 2.769 2.907 2.940 2.951 2.941 2.902 2.734 2.705 3.715
4.000 5.000 -1.745 -1.443 -1.054 -0.828 -0.564 -0.143 0.125 0.536 0.818 1.203 1.392 1.606 1.736 1.882 2.057 2.244 2.352 2.487 2.517 2.518 2.502 2.459 2.280 2.253 3.150
4.000 10.000 -2.081 -1.779 -1.390 -1.165 -0.913 -0.490 -0.228 0.186 0.465 0.855 1.039 1.257 1.384 1.529 1.711 1.898 2.003 2.135 2.161 2.157 2.136 2.091 1.914 1.888 2.793
4.000 15.000 -2.317 -2.014 -1.622 -1.398 -1.149 -0.727 -0.466 -0.053 0.224 0.613 0.794 1.014 1.137 1.279 1.457 1.638 1.738 1.861 1.883 1.874 1.850 1.803 1.626 1.601 2.527
4.000 20.000 -2.496 -2.193 -1.798 -1.575 -1.328 -0.907 -0.646 -0.234 0.042 0.430 0.609 0.828 0.950 1.089 1.263 1.440 1.536 1.651 1.670 1.657 1.630 1.583 1.405 1.380 2.320
4.000 25.000 -2.641 -2.337 -1.941 -1.718 -1.473 -1.053 -0.793 -0.381 -0.107 0.280 0.457 0.678 0.797 0.935 1.105 1.280 1.371 1.481 1.497 1.481 1.451 1.403 1.224 1.198 2.154
4.000 30.000 -2.756 -2.452 -2.055 -1.833 -1.588 -1.169 -0.910 -0.498 -0.226 0.161 0.337 0.557 0.675 0.810 0.978 1.149 1.238 1.343 1.357 1.339 1.307 1.259 1.080 1.055 2.023
4.000 40.000 -2.937 -2.633 -2.234 -2.012 -1.769 -1.353 -1.093 -0.683 -0.412 -0.028 0.146 0.366 0.481 0.614 0.777 0.943 1.026 1.125 1.135 1.114 1.079 1.031 0.853 0.827 1.819
4.000 50.000 -3.075 -2.771 -2.371 -2.150 -1.908 -1.493 -1.234 -0.825 -0.556 -0.173 -0.001 0.218 0.332 0.461 0.620 0.782 0.859 0.952 0.959 0.933 0.897 0.848 0.670 0.645 1.662
4.000 60.000 -3.160 -2.856 -2.456 -2.235 -1.992 -1.579 -1.319 -0.911 -0.643 -0.262 -0.091 0.128 0.240 0.367 0.521 0.679 0.752 0.840 0.844 0.818 0.779 0.731 0.552 0.527 1.559
4.000 70.000 -3.210 -2.907 -2.507 -2.287 -2.046 -1.633 -1.374 -0.968 -0.701 -0.321 -0.151 0.065 0.176 0.301 0.452 0.604 0.674 0.753 0.755 0.727 0.687 0.636 0.457 0.432 1.479
4.000 80.000 -3.247 -2.945 -2.546 -2.326 -2.086 -1.674 -1.416 -1.011 -0.744 -0.366 -0.197 0.017 0.127 0.251 0.399 0.546 0.614 0.686 0.685 0.653 0.612 0.559 0.379 0.355 1.416
4.000 90.000 -3.277 -2.976 -2.578 -2.358 -2.118 -1.707 -1.450 -1.045 -0.779 -0.403 -0.235 -0.022 0.086 0.208 0.353 0.496 0.561 0.627 0.623 0.589 0.548 0.492 0.312 0.288 1.363
4.000 100.000 -3.305 -3.004 -2.606 -2.387 -2.148 -1.737 -1.481 -1.077 -0.812 -0.437 -0.270 -0.059 0.049 0.169 0.311 0.450 0.511 0.572 0.566 0.530 0.487 0.429 0.249 0.226 1.315
4.000 110.000 -3.329 -3.029 -2.632 -2.413 -2.175 -1.764 -1.509 -1.106 -0.841 -0.468 -0.302 -0.093 0.014 0.132 0.272 0.406 0.464 0.519 0.511 0.473 0.430 0.370 0.191 0.168 1.271
4.000 120.000 -3.353 -3.053 -2.657 -2.438 -2.200 -1.790 -1.535 -1.134 -0.870 -0.498 -0.333 -0.125 -0.020 0.097 0.234 0.363 0.418 0.468 0.458 0.418 0.375 0.314 0.136 0.113 1.230
4.000 130.000 -3.379 -3.080 -2.684 -2.466 -2.227 -1.818 -1.563 -1.163 -0.900 -0.530 -0.365 -0.159 -0.055 0.060 0.193 0.318 0.370 0.415 0.402 0.361 0.317 0.256 0.079 0.056 1.187
4.000 140.000 -3.405 -3.106 -2.710 -2.492 -2.254 -1.846 -1.591 -1.192 -0.929 -0.561 -0.397 -0.193 -0.090 0.023 0.153 0.274 0.322 0.363 0.348 0.305 0.260 0.198 0.022 -0.000 1.144
4.000 150.000 -3.431 -3.133 -2.737 -2.519 -2.281 -1.874 -1.620 -1.222 -0.959 -0.593 -0.430 -0.227 -0.125 -0.014 0.113 0.228 0.274 0.309 0.293 0.249 0.204 0.141 -0.033 -0.055 1.103
4.000 175.000 -3.494 -3.197 -2.802 -2.585 -2.348 -1.942 -1.689 -1.293 -1.033 -0.670 -0.510 -0.311 -0.212 -0.106 0.014 0.119 0.156 0.181 0.160 0.114 0.068 0.006 -0.164 -0.185 1.004
4.000 200.000 -3.551 -3.254 -2.860 -2.644 -2.408 -2.004 -1.752 -1.358 -1.100 -0.740 -0.582 -0.387 -0.291 -0.189 -0.076 0.018 0.048 0.063 0.038 -0.011 -0.058 -0.120 -0.284 -0.306 0.915
4.000 250.000 -3.645 -3.350 -2.959 -2.744 -2.511 -2.110 -1.862 -1.472 -1.218 -0.865 -0.713 -0.527 -0.437 -0.344 -0.245 -0.173 -0.158 -0.160 -0.190 -0.241 -0.287 -0.347 -0.496 -0.516 0.754
4.000 300.000 -3.726 -3.432 -3.043 -2.830 -2.600 -2.200 -1.956 -1.569 -1.320 -0.974 -0.828 -0.650 -0.568 -0.483 -0.397 -0.345 -0.344 -0.360 -0.393 -0.445 -0.489 -0.545 -0.680 -0.698 0.616
4.000 350.000 -3.794 -3.502 -3.115 -2.903 -2.676 -2.278 -2.037 -1.655 -1.410 -1.070 -0.931 -0.761 -0.686 -0.610 -0.537 -0.505 -0.517 -0.545 -0.581 -0.633 -0.675 -0.727 -0.847 -0.864 0.492
4.000 400.000 -3.856 -3.564 -3.179 -2.968 -2.744 -2.348 -2.110 -1.732 -1.491 -1.158 -1.026 -0.865 -0.797 -0.730 -0.670 -0.657 -0.681 -0.718 -0.756 -0.807 -0.847 -0.895 -1.001 -1.016 0.376
4.000 450.000 -3.905 -3.614 -3.234 -3.024 -2.805 -2.409 -2.177 -1.801 -1.566 -1.239 -1.115 -0.963 -0.903 -0.845 -0.796 -0.803 -0.841 -0.883 -0.923 -0.973 -1.009 -1.051 -1.142 -1.157 0.272
4.000 500.000 -3.952 -3.661 -3.285 -3.076 -2.861 -2.465 -2.239 -1.866 -1.635 -1.315 -1.198 -1.057 -1.004 -0.955 -0.916 -0.943 -0.992 -1.039 -1.078 -1.127 -1.159 -1.196 -1.274 -1.287 0.176
4.000 600.000 -4.029 -3.739 -3.369 -3.161 -2.955 -2.560 -2.344 -1.980 -1.761 -1.458 -1.361 -1.243 -1.211 -1.181 -1.167 -1.233 -1.307 -1.348 -1.383 -1.422 -1.441 -1.463 -1.508 -1.518 0.002
4.000 700.000 -4.109 -3.819 -3.452 -3.246 -3.045 -2.650 -2.443 -2.086 -1.877 -1.588 -1.506 -1.407 -1.390 -1.375 -1.380 -1.475 -1.564 -1.607 -1.640 -1.677 -1.689 -1.705 -1.733 -1.741 -0.152
4.000 800.000 -4.183 -3.891 -3.527 -3.321 -3.125 -2.732 -2.533 -2.184 -1.985 -1.712 -1.646 -1.567 -1.565 -1.565 -1.587 -1.707 -1.810 -1.848 -1.878 -1.913 -1.918 -1.923 -1.935 -1.943 -0.293
4.000 1000.000 -4.352 -4.057 -3.693 -3.487 -3.295 -2.904 -2.716 -2.381 -2.200 -1.955 -1.914 -1.868 -1.889 -1.912 -1.959 -2.112 -2.234 -2.261 -2.287 -2.319 -2.314 -2.307 -2.299 -2.307 -0.536
4.000 1200.000 -4.490 -4.191 -3.827 -3.619 -3.432 -3.043 -2.869 -2.553 -2.393 -2.184 -2.172 -2.163 -2.209 -2.254 -2.326 -2.505 -2.636 -2.647 -2.666 -2.695 -2.676 -2.659 -2.636 -2.642 -0.778
4.000 1500.000 -4.709 -4.400 -4.028 -3.818 -3.633 -3.248 -3.092 -2.803 -2.675 -2.518 -2.546 -2.585 -2.663 -2.735 -2.836 -3.041 -3.180 -3.169 -3.181 -3.209 -3.175 -3.152 -3.119 -3.124 -1.110
4.500 0.000 -0.719 -0.415 -0.017 0.212 0.501 0.916 1.197 1.590 1.858 2.185 2.349 2.509 2.611 2.716 2.830 2.979 3.056 3.163 3.182 3.181 3.158 3.118 2.952 2.920 4.075
4.500 1.000 -0.793 -0.490 -0.095 0.134 0.422 0.838 1.118 1.510 1.779 2.106 2.270 2.428 2.532 2.637 2.756 2.902 2.982 3.089 3.108 3.105 3.087 3.040 2.873 2.844 3.992
4.500 5.000 -1.187 -0.885 -0.495 -0.268 0.002 0.423 0.694 1.092 1.361 1.701 1.863 2.031 2.135 2.249 2.390 2.545 2.634 2.746 2.766 2.759 2.739 2.690 2.518 2.492 3.536
4.500 10.000 -1.503 -1.203 -0.814 -0.589 -0.331 0.091 0.355 0.756 1.024 1.369 1.527 1.700 1.801 1.916 2.061 2.215 2.302 2.411 2.427 2.416 2.392 2.342 2.172 2.147 3.193
4.500 15.000 -1.728 -1.428 -1.037 -0.814 -0.559 -0.139 0.124 0.524 0.790 1.135 1.291 1.465 1.564 1.676 1.818 1.967 2.050 2.151 2.163 2.149 2.122 2.070 1.901 1.877 2.939
4.500 20.000 -1.898 -1.598 -1.206 -0.983 -0.731 -0.312 -0.050 0.350 0.614 0.959 1.113 1.287 1.384 1.493 1.632 1.777 1.857 1.950 1.960 1.942 1.913 1.860 1.691 1.668 2.745
4.500 25.000 -2.033 -1.733 -1.341 -1.119 -0.869 -0.451 -0.190 0.209 0.471 0.816 0.968 1.143 1.238 1.345 1.482 1.623 1.698 1.787 1.794 1.773 1.742 1.689 1.521 1.498 2.589
4.500 30.000 -2.142 -1.842 -1.450 -1.228 -0.981 -0.564 -0.304 0.095 0.356 0.700 0.851 1.026 1.119 1.225 1.359 1.497 1.569 1.653 1.658 1.636 1.603 1.550 1.383 1.360 2.464
4.500 40.000 -2.313 -2.014 -1.620 -1.400 -1.155 -0.740 -0.481 -0.083 0.176 0.519 0.667 0.842 0.933 1.035 1.165 1.297 1.364 1.442 1.444 1.418 1.383 1.330 1.164 1.141 2.272
4.500 50.000 -2.445 -2.146 -1.752 -1.532 -1.289 -0.875 -0.618 -0.221 0.036 0.378 0.524 0.699 0.787 0.887 1.013 1.140 1.202 1.274 1.273 1.244 1.208 1.154 0.989 0.967 2.123
4.500 60.000 -2.525 -2.226 -1.832 -1.612 -1.368 -0.957 -0.699 -0.304 -0.047 0.292 0.438 0.612 0.699 0.797 0.917 1.041 1.099 1.165 1.162 1.132 1.094 1.041 0.876 0.853 2.026
4.500 70.000 -2.573 -2.275 -1.882 -1.663 -1.421 -1.010 -0.753 -0.360 -0.104 0.234 0.378 0.550 0.636 0.732 0.849 0.968 1.024 1.082 1.076 1.045 1.006 0.949 0.784 0.762 1.950
4.500 80.000 -2.607 -2.309 -1.917 -1.699 -1.458 -1.047 -0.792 -0.399 -0.145 0.192 0.335 0.505 0.590 0.684 0.798 0.912 0.965 1.017 1.009 0.975 0.935 0.876 0.711 0.690 1.891
4.500 90.000 -2.634 -2.338 -1.946 -1.729 -1.488 -1.079 -0.824 -0.432 -0.178 0.157 0.299 0.467 0.550 0.643 0.754 0.864 0.914 0.960 0.949 0.914 0.874 0.812 0.647 0.626 1.842
4.500 100.000 -2.659 -2.364 -1.973 -1.756 -1.516 -1.107 -0.853 -0.462 -0.209 0.124 0.265 0.431 0.514 0.604 0.713 0.818 0.866 0.907 0.894 0.857 0.816 0.753 0.588 0.567 1.797
4.500 110.000 -2.682 -2.387 -1.997 -1.780 -1.541 -1.133 -0.879 -0.490 -0.238 0.094 0.234 0.398 0.480 0.569 0.674 0.775 0.820 0.856 0.841 0.802 0.762 0.697 0.533 0.513 1.756
4.500 120.000 -2.703 -2.409 -2.019 -1.803 -1.564 -1.157 -0.904 -0.516 -0.264 0.066 0.205 0.367 0.447 0.535 0.638 0.734 0.777 0.808 0.791 0.751 0.710 0.644 0.482 0.462 1.719
4.500 130.000 -2.727 -2.433 -2.044 -1.828 -1.589 -1.183 -0.931 -0.543 -0.293 0.036 0.174 0.335 0.414 0.499 0.598 0.690 0.730 0.756 0.737 0.696 0.655 0.589 0.427 0.407 1.679
4.500 140.000 -2.751 -2.458 -2.069 -1.853 -1.614 -1.209 -0.957 -0.571 -0.321 0.006 0.143 0.302 0.380 0.463 0.559 0.647 0.683 0.705 0.685 0.642 0.601 0.534 0.374 0.354 1.640
4.500 150.000 -2.775 -2.483 -2.094 -1.878 -1.640 -1.236 -0.984 -0.599 -0.350 -0.025 0.111 0.268 0.345 0.426 0.520 0.603 0.636 0.653 0.632 0.588 0.547 0.480 0.322 0.303 1.602
4.500 175.000 -2.834 -2.542 -2.155 -1.940 -1.703 -1.300 -1.050 -0.668 -0.421 -0.100 0.034 0.187 0.261 0.338 0.423 0.496 0.522 0.529 0.504 0.459 0.417 0.350 0.197 0.179 1.510
4.500 200.000 -2.886 -2.596 -2.209 -1.995 -1.759 -1.358 -1.109 -0.730 -0.485 -0.167 -0.036 0.113 0.184 0.256 0.335 0.397 0.416 0.414 0.386 0.339 0.297 0.231 0.084 0.066 1.427
4.500 250.000 -2.972 -2.683 -2.300 -2.089 -1.856 -1.458 -1.214 -0.839 -0.598 -0.288 -0.163 -0.023 0.041 0.104 0.169 0.210 0.215 0.198 0.166 0.118 0.078 0.016 -0.116 -0.133 1.277
4.500 300.000 -3.044 -2.757 -2.377 -2.167 -1.939 -1.543 -1.303 -0.932 -0.697 -0.393 -0.275 -0.143 -0.086 -0.032 0.020 0.041 0.034 0.005 -0.030 -0.077 -0.115 -0.172 -0.290 -0.305 1.147
4.500 350.000 -3.107 -2.822 -2.445 -2.236 -2.011 -1.618 -1.382 -1.015 -0.784 -0.487 -0.375 -0.252 -0.203 -0.157 -0.118 -0.116 -0.135 -0.173 -0.209 -0.256 -0.291 -0.344 -0.447 -0.461 1.032
4.500 400.000 -3.164 -2.879 -2.504 -2.297 -2.075 -1.684 -1.452 -1.089 -0.863 -0.574 -0.468 -0.353 -0.311 -0.275 -0.247 -0.264 -0.293 -0.338 -0.375 -0.420 -0.453 -0.500 -0.590 -0.602 0.927
4.500 450.000 -3.208 -2.925 -2.555 -2.349 -2.133 -1.743 -1.517 -1.157 -0.936 -0.653 -0.555 -0.450 -0.416 -0.388 -0.370 -0.406 -0.448 -0.496 -0.534 -0.577 -0.605 -0.647 -0.722 -0.734 0.831
4.500 500.000 -3.250 -2.968 -2.603 -2.398 -2.187 -1.797 -1.577 -1.221 -1.004 -0.727 -0.637 -0.542 -0.515 -0.495 -0.488 -0.542 -0.595 -0.644 -0.681 -0.722 -0.747 -0.782 -0.845 -0.856 0.742
4.500 600.000 -3.321 -3.040 -2.682 -2.479 -2.276 -1.888 -1.680 -1.333 -1.128 -0.868 -0.796 -0.724 -0.715 -0.714 -0.730 -0.819 -0.894 -0.935 -0.966 -0.997 -1.009 -1.031 -1.065 -1.073 0.583
4.500 700.000 -3.392 -3.112 -2.759 -2.557 -2.361 -1.974 -1.775 -1.437 -1.243 -0.997 -0.941 -0.888 -0.895 -0.909 -0.942 -1.057 -1.147 -1.184 -1.211 -1.239 -1.244 -1.256 -1.272 -1.280 0.441
4.500 800.000 -3.462 -3.182 -2.831 -2.631 -2.440 -2.055 -1.864 -1.534 -1.350 -1.119 -1.078 -1.042 -1.062 -1.090 -1.137 -1.274 -1.375 -1.406 -1.430 -1.455 -1.455 -1.457 -1.460 -1.468 0.312
4.500 1000.000 -3.619 -3.335 -2.986 -2.786 -2.601 -2.220 -2.042 -1.727 -1.561 -1.358 -1.342 -1.339 -1.382 -1.429 -1.499 -1.664 -1.782 -1.796 -1.815 -1.836 -1.825 -1.815 -1.801 -1.808 0.086
4.500 1200.000 -3.747 -3.460 -3.110 -2.910 -2.730 -2.353 -2.191 -1.895 -1.752 -1.585 -1.597 -1.628 -1.694 -1.763 -1.855 -2.042 -2.166 -2.161 -2.172 -2.191 -2.168 -2.149 -2.121 -2.127 -0.138
4.500 1500.000 -3.950 -3.654 -3.299 -3.096 -2.922 -2.551 -2.409 -2.143 -2.033 -1.918 -1.969 -2.045 -2.141 -2.234 -2.350 -2.556 -2.684 -2.654 -2.657 -2.675 -2.637 -2.612 -2.575 -2.580 -0.446
5.000 0.000 -0.279 0.017 0.406 0.630 0.912 1.317 1.585 1.947 2.188 2.463 2.597 2.723 2.809 2.897 2.997 3.127 3.195 3.280 3.291 3.284 3.255 3.212 3.052 3.020 4.286
5.000 1.000 -0.331 -0.036 0.351 0.574 0.856 1.261 1.529 1.891 2.133 2.406 2.541 2.664 2.751 2.839 2.942 3.068 3.138 3.222 3.231 3.221 3.197 3.146 2.983 2.955 4.227
5.000 5.000 -0.635 -0.342 0.041 0.262 0.534 0.941 1.203 1.569 1.812 2.094 2.229 2.358 2.445 2.539 2.657 2.791 2.869 2.960 2.971 2.960 2.938 2.883 2.718 2.693 3.881
5.000 10.000 -0.925 -0.633 -0.253 -0.033 0.227 0.635 0.891 1.260 1.502 1.791 1.922 2.056 2.140 2.235 2.358 2.491 2.567 2.657 2.665 2.651 2.626 2.570 2.408 2.384 3.565
5.000 15.000 -1.138 -0.846 -0.466 -0.247 0.008 0.415 0.670 1.039 1.279 1.569 1.698 1.833 1.916 2.008 2.129 2.258 2.331 2.414 2.420 2.402 2.375 2.318 2.156 2.133 3.326
5.000 20.000 -1.295 -1.005 -0.624 -0.406 -0.154 0.251 0.504 0.873 1.112 1.402 1.529 1.665 1.745 1.835 1.953 2.078 2.148 2.224 2.227 2.207 2.178 2.120 1.961 1.938 3.146
5.000 25.000 -1.423 -1.133 -0.752 -0.535 -0.286 0.118 0.370 0.739 0.976 1.266 1.392 1.527 1.605 1.694 1.809 1.930 1.996 2.066 2.067 2.044 2.014 1.956 1.797 1.776 2.998
5.000 30.000 -1.527 -1.237 -0.857 -0.640 -0.394 0.010 0.260 0.628 0.865 1.155 1.279 1.414 1.491 1.578 1.690 1.808 1.871 1.937 1.936 1.912 1.881 1.821 1.664 1.643 2.880
5.000 40.000 -1.689 -1.400 -1.020 -0.804 -0.561 -0.160 0.089 0.456 0.691 0.981 1.102 1.237 1.311 1.395 1.503 1.615 1.673 1.733 1.729 1.702 1.669 1.610 1.454 1.433 2.697
5.000 50.000 -1.816 -1.527 -1.147 -0.932 -0.692 -0.292 -0.045 0.322 0.555 0.844 0.963 1.098 1.170 1.251 1.356 1.463 1.516 1.571 1.564 1.535 1.501 1.441 1.287 1.266 2.556
5.000 60.000 -1.893 -1.605 -1.224 -1.010 -0.769 -0.371 -0.124 0.241 0.474 0.760 0.879 1.013 1.084 1.163 1.263 1.367 1.416 1.466 1.457 1.426 1.391 1.332 1.178 1.156 2.464
5.000 70.000 -1.939 -1.652 -1.272 -1.060 -0.820 -0.423 -0.177 0.187 0.418 0.703 0.820 0.953 1.023 1.100 1.196 1.296 1.344 1.386 1.375 1.343 1.307 1.244 1.089 1.069 2.392
5.000 80.000 -1.969 -1.683 -1.304 -1.092 -0.854 -0.458 -0.213 0.150 0.380 0.664 0.780 0.911 0.979 1.054 1.148 1.242 1.288 1.324 1.310 1.276 1.240 1.174 1.020 1.001 2.337
5.000 90.000 -1.994 -1.709 -1.332 -1.120 -0.883 -0.487 -0.243 0.118 0.348 0.630 0.745 0.874 0.941 1.014 1.105 1.195 1.239 1.269 1.253 1.218 1.182 1.114 0.959 0.940 2.291
5.000 100.000 -2.018 -1.733 -1.356 -1.145 -0.909 -0.514 -0.271 0.090 0.318 0.599 0.713 0.840 0.905 0.977 1.066 1.151 1.193 1.218 1.200 1.163 1.127 1.057 0.903 0.884 2.249
5.000 110.000 -2.039 -1.755 -1.379 -1.168 -0.932 -0.538 -0.296 0.063 0.291 0.570 0.683 0.808 0.873 0.943 1.028 1.109 1.149 1.169 1.150 1.112 1.076 1.004 0.851 0.832 2.211
5.000 120.000 -2.058 -1.775 -1.399 -1.189 -0.954 -0.561 -0.319 0.039 0.266 0.544 0.656 0.779 0.842 0.911 0.994 1.070 1.108 1.124 1.103 1.064 1.028 0.955 0.802 0.784 2.177
5.000 130.000 -2.080 -1.798 -1.422 -1.212 -0.977 -0.585 -0.344 0.013 0.239 0.515 0.626 0.747 0.809 0.876 0.956 1.028 1.063 1.074 1.051 1.011 0.975 0.901 0.750 0.732 2.139
5.000 140.000 -2.102 -1.821 -1.446 -1.236 -1.001 -0.610 -0.369 -0.014 0.212 0.486 0.596 0.716 0.776 0.841 0.917 0.985 1.017 1.024 1.000 0.959 0.923 0.850 0.700 0.683 2.104
5.000 150.000 -2.125 -1.843 -1.469 -1.260 -1.026 -0.635 -0.395 -0.041 0.184 0.456 0.565 0.683 0.743 0.805 0.879 0.942 0.972 0.975 0.949 0.908 0.872 0.798 0.651 0.633 2.068
5.000 175.000 -2.179 -1.899 -1.526 -1.318 -1.084 -0.696 -0.458 -0.106 0.116 0.384 0.491 0.605 0.661 0.719 0.785 0.838 0.861 0.854 0.826 0.783 0.747 0.674 0.532 0.516 1.984
5.000 200.000 -2.226 -1.948 -1.576 -1.368 -1.136 -0.750 -0.514 -0.164 0.055 0.320 0.423 0.533 0.586 0.639 0.698 0.741 0.757 0.742 0.711 0.668 0.632 0.560 0.425 0.409 1.906
5.000 250.000 -2.306 -2.030 -1.662 -1.457 -1.229 -0.846 -0.614 -0.269 -0.054 0.203 0.300 0.401 0.447 0.491 0.536 0.558 0.562 0.533 0.499 0.456 0.422 0.355 0.235 0.220 1.766
5.000 300.000 -2.371 -2.097 -1.733 -1.530 -1.307 -0.926 -0.699 -0.359 -0.148 0.102 0.192 0.284 0.323 0.358 0.390 0.393 0.385 0.346 0.311 0.269 0.238 0.175 0.070 0.057 1.645
5.000 350.000 -2.431 -2.158 -1.797 -1.595 -1.376 -0.998 -0.775 -0.439 -0.234 0.010 0.094 0.177 0.209 0.235 0.256 0.240 0.221 0.175 0.138 0.097 0.069 0.012 -0.079 -0.091 1.538
5.000 400.000 -2.483 -2.212 -1.854 -1.654 -1.438 -1.063 -0.844 -0.512 -0.311 -0.075 0.003 0.077 0.102 0.119 0.129 0.096 0.067 0.016 -0.020 -0.059 -0.083 -0.135 -0.213 -0.223 1.446
5.000 450.000 -2.524 -2.254 -1.902 -1.703 -1.493 -1.119 -0.906 -0.578 -0.382 -0.151 -0.081 -0.016 0.001 0.010 0.009 -0.041 -0.081 -0.133 -0.169 -0.206 -0.227 -0.272 -0.336 -0.347 1.357
5.000 500.000 -2.563 -2.295 -1.947 -1.749 -1.545 -1.171 -0.965 -0.640 -0.448 -0.224 -0.161 -0.106 -0.096 -0.095 -0.106 -0.172 -0.223 -0.274 -0.309 -0.343 -0.361 -0.399 -0.451 -0.462 1.275
5.000 600.000 -2.629 -2.362 -2.022 -1.826 -1.630 -1.259 -1.065 -0.750 -0.570 -0.362 -0.317 -0.284 -0.293 -0.311 -0.342 -0.442 -0.513 -0.552 -0.579 -0.602 -0.608 -0.632 -0.657 -0.665 1.128
5.000 700.000 -2.696 -2.430 -2.095 -1.901 -1.712 -1.343 -1.158 -0.851 -0.681 -0.487 -0.456 -0.441 -0.464 -0.496 -0.543 -0.665 -0.750 -0.783 -0.807 -0.826 -0.827 -0.840 -0.850 -0.857 0.999
5.000 800.000 -2.762 -2.496 -2.164 -1.971 -1.788 -1.421 -1.246 -0.947 -0.787 -0.607 -0.591 -0.594 -0.629 -0.674 -0.735 -0.876 -0.971 -0.995 -1.015 -1.031 -1.026 -1.030 -1.027 -1.035 0.880
5.000 1000.000 -2.908 -2.640 -2.310 -2.119 -1.942 -1.580 -1.418 -1.135 -0.994 -0.841 -0.850 -0.883 -0.941 -1.005 -1.085 -1.251 -1.361 -1.364 -1.377 -1.390 -1.376 -1.365 -1.346 -1.354 0.672
5.000 1200.000 -3.026 -2.756 -2.426 -2.235 -2.066 -1.709 -1.563 -1.301 -1.181 -1.064 -1.099 -1.166 -1.246 -1.330 -1.430 -1.613 -1.728 -1.712 -1.718 -1.728 -1.703 -1.683 -1.652 -1.658 0.465
5.000 1500.000 -3.217 -2.938 -2.604 -2.412 -2.249 -1.901 -1.777 -1.545 -1.458 -1.391 -1.464 -1.573 -1.681 -1.787 -1.907 -2.104 -2.221 -2.177 -2.174 -2.185 -2.146 -2.120 -2.081 -2.086 0.181
5.500 0.000 0.155 0.436 0.806 1.018 1.283 1.662 1.905 2.226 2.434 2.661 2.771 2.876 2.951 3.028 3.120 3.238 3.299 3.372 3.378 3.368 3.336 3.292 3.139 3.107 4.442
5.500 1.000 0.118 0.399 0.766 0.978 1.243 1.623 1.865 2.185 2.394 2.619 2.730 2.832 2.907 2.984 3.077 3.192 3.253 3.324 3.327 3.314 3.285 3.233 3.078 3.049 4.399
5.500 5.000 -0.099 0.180 0.545 0.756 1.018 1.400 1.640 1.962 2.171 2.399 2.511 2.614 2.691 2.771 2.873 2.991 3.058 3.133 3.136 3.123 3.099 3.039 2.882 2.856 4.164
5.500 10.000 -0.349 -0.071 0.291 0.501 0.755 1.137 1.373 1.697 1.907 2.140 2.250 2.355 2.431 2.512 2.617 2.735 2.802 2.877 2.878 2.863 2.839 2.777 2.622 2.597 3.893
5.500 15.000 -0.545 -0.268 0.095 0.304 0.553 0.934 1.169 1.494 1.702 1.937 2.045 2.152 2.225 2.304 2.408 2.523 2.588 2.657 2.656 2.639 2.613 2.551 2.396 2.372 3.675
5.500 20.000 -0.690 -0.414 -0.052 0.156 0.401 0.781 1.014 1.339 1.546 1.782 1.888 1.995 2.066 2.143 2.245 2.355 2.417 2.480 2.478 2.458 2.431 2.368 2.216 2.193 3.509
5.500 25.000 -0.809 -0.534 -0.173 0.034 0.276 0.655 0.886 1.211 1.418 1.654 1.758 1.865 1.934 2.009 2.108 2.215 2.273 2.331 2.326 2.305 2.277 2.213 2.062 2.040 3.371
5.500 30.000 -0.908 -0.634 -0.274 -0.067 0.172 0.550 0.780 1.105 1.311 1.548 1.649 1.756 1.824 1.898 1.995 2.098 2.154 2.208 2.202 2.179 2.150 2.085 1.936 1.914 3.260
5.500 40.000 -1.060 -0.787 -0.428 -0.223 0.012 0.388 0.616 0.941 1.145 1.382 1.481 1.588 1.653 1.724 1.817 1.915 1.966 2.014 2.005 1.980 1.950 1.884 1.737 1.716 3.088
5.500 50.000 -1.180 -0.908 -0.549 -0.345 -0.114 0.261 0.487 0.811 1.014 1.252 1.349 1.455 1.518 1.586 1.676 1.770 1.816 1.860 1.849 1.822 1.791 1.725 1.579 1.558 2.956
5.500 60.000 -1.253 -0.982 -0.623 -0.420 -0.190 0.184 0.410 0.733 0.935 1.171 1.267 1.373 1.435 1.501 1.587 1.677 1.720 1.760 1.746 1.718 1.686 1.620 1.474 1.452 2.869
5.500 70.000 -1.295 -1.025 -0.669 -0.466 -0.238 0.135 0.359 0.682 0.882 1.118 1.212 1.316 1.376 1.441 1.524 1.610 1.653 1.685 1.669 1.640 1.608 1.537 1.391 1.370 2.801
5.500 80.000 -1.322 -1.053 -0.698 -0.496 -0.270 0.103 0.325 0.647 0.847 1.081 1.174 1.276 1.335 1.398 1.478 1.559 1.600 1.626 1.608 1.577 1.545 1.472 1.325 1.305 2.750
5.500 90.000 -1.345 -1.076 -0.723 -0.522 -0.296 0.076 0.297 0.618 0.817 1.049 1.141 1.241 1.299 1.360 1.438 1.514 1.553 1.574 1.554 1.522 1.490 1.415 1.268 1.248 2.708
5.500 100.000 -1.365 -1.098 -0.745 -0.545 -0.320 0.051 0.271 0.591 0.789 1.020 1.111 1.209 1.265 1.325 1.400 1.472 1.510 1.526 1.504 1.471 1.439 1.361 1.215 1.196 2.669
5.500 110.000 -1.384 -1.117 -0.765 -0.565 -0.342 0.029 0.248 0.567 0.764 0.994 1.084 1.180 1.235 1.293 1.365 1.433 1.468 1.480 1.456 1.422 1.390 1.311 1.166 1.147 2.635
5.500 120.000 -1.401 -1.135 -0.784 -0.584 -0.362 0.008 0.226 0.544 0.741 0.969 1.057 1.152 1.206 1.262 1.332 1.395 1.429 1.436 1.412 1.376 1.345 1.264 1.120 1.101 2.603
5.500 130.000 -1.421 -1.156 -0.806 -0.606 -0.384 -0.015 0.202 0.519 0.715 0.941 1.029 1.121 1.174 1.228 1.295 1.354 1.385 1.388 1.362 1.326 1.295 1.214 1.071 1.053 2.570
5.500 140.000 -1.442 -1.177 -0.827 -0.628 -0.407 -0.039 0.178 0.494 0.689 0.913 1.000 1.091 1.142 1.194 1.258 1.313 1.341 1.340 1.313 1.276 1.245 1.164 1.023 1.005 2.537
5.500 150.000 -1.463 -1.198 -0.849 -0.651 -0.430 -0.063 0.154 0.468 0.662 0.885 0.971 1.060 1.110 1.160 1.220 1.271 1.297 1.293 1.264 1.228 1.197 1.115 0.976 0.958 2.505
5.500 175.000 -1.512 -1.249 -0.902 -0.705 -0.485 -0.120 0.094 0.406 0.597 0.817 0.899 0.984 1.030 1.076 1.129 1.170 1.189 1.176 1.145 1.108 1.077 0.997 0.864 0.847 2.427
5.500 200.000 -1.555 -1.294 -0.948 -0.752 -0.534 -0.171 0.041 0.350 0.540 0.755 0.834 0.914 0.957 0.998 1.044 1.074 1.088 1.067 1.035 0.997 0.967 0.889 0.762 0.746 2.355
5.500 250.000 -1.628 -1.369 -1.029 -0.834 -0.622 -0.262 -0.054 0.251 0.435 0.643 0.716 0.786 0.822 0.853 0.886 0.896 0.898 0.865 0.830 0.793 0.766 0.692 0.580 0.565 2.223
5.500 300.000 -1.690 -1.433 -1.096 -0.904 -0.696 -0.338 -0.136 0.164 0.344 0.546 0.611 0.673 0.701 0.723 0.744 0.734 0.726 0.685 0.649 0.613 0.589 0.520 0.423 0.409 2.110
5.500 350.000 -1.745 -1.491 -1.157 -0.966 -0.762 -0.407 -0.209 0.087 0.262 0.456 0.515 0.568 0.589 0.602 0.611 0.585 0.566 0.519 0.483 0.449 0.428 0.365 0.282 0.270 2.015
5.500 400.000 -1.795 -1.542 -1.211 -1.021 -0.821 -0.469 -0.275 0.016 0.187 0.374 0.427 0.470 0.484 0.489 0.487 0.444 0.416 0.366 0.330 0.299 0.281 0.224 0.154 0.143 1.929
5.500 450.000 -1.836 -1.584 -1.258 -1.070 -0.875 -0.524 -0.336 -0.048 0.118 0.299 0.345 0.379 0.385 0.382 0.370 0.311 0.273 0.222 0.187 0.159 0.144 0.094 0.037 0.026 1.846
5.500 500.000 -1.874 -1.624 -1.301 -1.114 -0.924 -0.574 -0.391 -0.107 0.054 0.229 0.267 0.292 0.291 0.279 0.258 0.184 0.136 0.087 0.053 0.028 0.016 -0.027 -0.073 -0.083 1.769
5.500 600.000 -1.940 -1.691 -1.375 -1.190 -1.007 -0.661 -0.489 -0.215 -0.065 0.092 0.114 0.116 0.098 0.068 0.026 -0.078 -0.145 -0.180 -0.205 -0.219 -0.220 -0.248 -0.268 -0.276 1.634
5.500 700.000 -2.006 -1.758 -1.446 -1.263 -1.086 -0.743 -0.581 -0.314 -0.173 -0.030 -0.022 -0.036 -0.068 -0.112 -0.168 -0.291 -0.371 -0.397 -0.418 -0.429 -0.426 -0.442 -0.447 -0.456 1.515
5.500 800.000 -2.071 -1.824 -1.514 -1.333 -1.162 -0.822 -0.668 -0.409 -0.278 -0.149 -0.155 -0.186 -0.231 -0.287 -0.356 -0.495 -0.585 -0.600 -0.617 -0.624 -0.617 -0.623 -0.617 -0.625 1.406
5.500 1000.000 -2.211 -1.962 -1.655 -1.475 -1.311 -0.976 -0.836 -0.594 -0.480 -0.379 -0.408 -0.469 -0.534 -0.610 -0.696 -0.856 -0.958 -0.953 -0.963 -0.966 -0.952 -0.942 -0.920 -0.929 1.212
5.500 1200.000 -2.321 -2.069 -1.763 -1.584 -1.427 -1.100 -0.976 -0.755 -0.663 -0.596 -0.652 -0.745 -0.832 -0.926 -1.029 -1.204 -1.310 -1.284 -1.287 -1.288 -1.264 -1.245 -1.211 -1.218 1.023
5.500 1500.000 -2.500 -2.240 -1.931 -1.752 -1.604 -1.286 -1.185 -0.994 -0.935 -0.917 -1.009 -1.142 -1.256 -1.370 -1.488 -1.673 -1.778 -1.726 -1.720 -1.722 -1.686 -1.660 -1.619 -1.625 0.761
6.000 0.000 0.568 0.830 1.172 1.368 1.612 1.954 2.166 2.439 2.614 2.801 2.894 2.984 3.053 3.123 3.209 3.319 3.375 3.439 3.441 3.430 3.395 3.349 3.201 3.169 4.573
6.000 1.000 0.541 0.802 1.142 1.338 1.582 1.926 2.137 2.409 2.585 2.769 2.864 2.951 3.020 3.089 3.177 3.283 3.338 3.401 3.400 3.386 3.353 3.299 3.149 3.119 4.540
6.000 5.000 0.390 0.652 0.990 1.186 1.432 1.776 1.987 2.257 2.434 2.616 2.711 2.796 2.867 2.936 3.026 3.132 3.188 3.254 3.252 3.236 3.207 3.148 2.997 2.969 4.388
6.000 10.000 0.194 0.454 0.791 0.986 1.228 1.572 1.781 2.052 2.228 2.412 2.505 2.591 2.660 2.728 2.818 2.922 2.975 3.041 3.038 3.022 2.993 2.934 2.786 2.760 4.174
6.000 15.000 0.022 0.281 0.618 0.813 1.051 1.394 1.603 1.874 2.050 2.235 2.326 2.412 2.480 2.547 2.635 2.736 2.787 2.849 2.844 2.826 2.797 2.738 2.591 2.565 3.987
6.000 20.000 -0.113 0.145 0.482 0.676 0.911 1.253 1.460 1.732 1.907 2.093 2.183 2.270 2.336 2.401 2.488 2.586 2.634 2.691 2.685 2.665 2.634 2.576 2.430 2.405 3.840
6.000 25.000 -0.223 0.034 0.370 0.563 0.794 1.136 1.341 1.614 1.788 1.975 2.064 2.150 2.214 2.278 2.363 2.456 2.501 2.553 2.545 2.523 2.491 2.432 2.289 2.264 3.712
6.000 30.000 -0.318 -0.062 0.273 0.466 0.694 1.035 1.239 1.513 1.686 1.874 1.961 2.047 2.110 2.173 2.256 2.347 2.390 2.438 2.427 2.404 2.372 2.311 2.170 2.146 3.607
6.000 40.000 -0.465 -0.211 0.123 0.314 0.537 0.877 1.079 1.353 1.526 1.716 1.800 1.886 1.946 2.007 2.088 2.173 2.212 2.254 2.241 2.215 2.182 2.120 1.980 1.956 3.446
6.000 50.000 -0.581 -0.328 0.005 0.195 0.413 0.753 0.952 1.228 1.399 1.590 1.672 1.758 1.816 1.875 1.954 2.035 2.071 2.109 2.093 2.065 2.032 1.968 1.830 1.807 3.321
6.000 60.000 -0.650 -0.398 -0.066 0.124 0.342 0.680 0.879 1.153 1.324 1.514 1.595 1.681 1.738 1.795 1.870 1.949 1.981 2.015 1.998 1.969 1.934 1.871 1.732 1.708 3.240
6.000 70.000 -0.690 -0.439 -0.110 0.079 0.294 0.632 0.829 1.103 1.274 1.463 1.543 1.627 1.683 1.739 1.811 1.886 1.918 1.944 1.925 1.896 1.860 1.793 1.653 1.630 3.176
6.000 80.000 -0.715 -0.465 -0.137 0.050 0.264 0.601 0.797 1.071 1.240 1.429 1.507 1.590 1.644 1.698 1.768 1.839 1.869 1.889 1.867 1.836 1.801 1.731 1.591 1.569 3.129
6.000 90.000 -0.736 -0.487 -0.160 0.027 0.239 0.576 0.770 1.043 1.212 1.399 1.477 1.557 1.610 1.663 1.730 1.796 1.824 1.840 1.816 1.784 1.749 1.677 1.538 1.516 3.090
6.000 100.000 -0.755 -0.506 -0.181 0.006 0.217 0.553 0.747 1.019 1.187 1.373 1.449 1.528 1.580 1.630 1.696 1.757 1.783 1.794 1.769 1.736 1.701 1.628 1.489 1.468 3.056
6.000 110.000 -0.772 -0.524 -0.199 -0.013 0.196 0.532 0.725 0.996 1.163 1.348 1.423 1.499 1.550 1.599 1.662 1.719 1.743 1.750 1.723 1.689 1.655 1.580 1.442 1.421 3.024
6.000 120.000 -0.787 -0.540 -0.216 -0.030 0.178 0.513 0.705 0.975 1.141 1.325 1.399 1.473 1.523 1.570 1.630 1.683 1.705 1.708 1.680 1.645 1.611 1.535 1.399 1.378 2.996
6.000 130.000 -0.805 -0.559 -0.236 -0.051 0.157 0.491 0.683 0.951 1.117 1.299 1.371 1.444 1.492 1.537 1.594 1.643 1.662 1.661 1.632 1.596 1.563 1.487 1.353 1.332 2.966
6.000 140.000 -0.825 -0.580 -0.257 -0.072 0.135 0.469 0.659 0.927 1.091 1.272 1.343 1.414 1.461 1.505 1.558 1.603 1.620 1.615 1.585 1.549 1.516 1.439 1.307 1.287 2.934
6.000 150.000 -0.845 -0.600 -0.278 -0.093 0.113 0.446 0.635 0.902 1.066 1.245 1.315 1.385 1.430 1.472 1.522 1.562 1.578 1.569 1.538 1.502 1.469 1.392 1.262 1.242 2.904
6.000 175.000 -0.890 -0.647 -0.327 -0.143 0.061 0.392 0.579 0.844 1.005 1.180 1.247 1.312 1.354 1.390 1.434 1.463 1.472 1.456 1.423 1.387 1.355 1.280 1.156 1.137 2.834
6.000 200.000 -0.931 -0.689 -0.371 -0.189 0.013 0.343 0.528 0.790 0.949 1.121 1.184 1.244 1.282 1.314 1.351 1.370 1.373 1.350 1.315 1.279 1.249 1.174 1.058 1.040 2.767
6.000 250.000 -1.001 -0.762 -0.449 -0.268 -0.071 0.256 0.436 0.694 0.849 1.013 1.070 1.120 1.151 1.173 1.197 1.196 1.188 1.154 1.118 1.083 1.056 0.985 0.884 0.867 2.647
6.000 300.000 -1.066 -0.829 -0.518 -0.340 -0.146 0.177 0.354 0.608 0.759 0.916 0.967 1.009 1.033 1.046 1.059 1.040 1.022 0.982 0.945 0.912 0.888 0.822 0.733 0.718 2.544
6.000 350.000 -1.117 -0.882 -0.575 -0.398 -0.208 0.113 0.285 0.535 0.680 0.831 0.875 0.907 0.923 0.928 0.929 0.893 0.866 0.821 0.784 0.754 0.734 0.674 0.600 0.586 2.455
6.000 400.000 -1.165 -0.931 -0.627 -0.452 -0.266 0.052 0.220 0.466 0.607 0.751 0.788 0.812 0.820 0.817 0.807 0.756 0.720 0.673 0.637 0.610 0.593 0.540 0.479 0.466 2.376
6.000 450.000 -1.208 -0.975 -0.675 -0.500 -0.319 -0.002 0.161 0.403 0.540 0.677 0.708 0.722 0.724 0.712 0.692 0.626 0.581 0.535 0.500 0.477 0.463 0.416 0.367 0.355 2.299
6.000 500.000 -1.250 -1.018 -0.720 -0.547 -0.369 -0.054 0.105 0.343 0.476 0.607 0.630 0.636 0.631 0.611 0.583 0.504 0.450 0.406 0.374 0.353 0.342 0.302 0.264 0.252 2.229
6.000 600.000 -1.314 -1.084 -0.791 -0.620 -0.449 -0.139 0.010 0.239 0.361 0.474 0.481 0.466 0.443 0.406 0.359 0.254 0.184 0.156 0.132 0.123 0.121 0.096 0.081 0.071 2.105
6.000 700.000 -1.383 -1.155 -0.865 -0.695 -0.530 -0.223 -0.083 0.139 0.252 0.352 0.346 0.314 0.280 0.229 0.169 0.047 -0.033 -0.052 -0.072 -0.077 -0.075 -0.089 -0.091 -0.101 1.992
6.000 800.000 -1.443 -1.215 -0.928 -0.760 -0.601 -0.297 -0.165 0.048 0.152 0.237 0.217 0.168 0.121 0.058 -0.014 -0.149 -0.236 -0.244 -0.258 -0.259 -0.254 -0.257 -0.248 -0.257 1.891
6.000 1000.000 -1.573 -1.344 -1.060 -0.893 -0.742 -0.445 -0.326 -0.129 -0.043 0.014 -0.029 -0.106 -0.175 -0.256 -0.344 -0.496 -0.593 -0.580 -0.587 -0.583 -0.572 -0.561 -0.536 -0.546 1.712
6.000 1200.000 -1.683 -1.452 -1.168 -1.003 -0.860 -0.570 -0.467 -0.290 -0.225 -0.200 -0.268 -0.376 -0.464 -0.563 -0.663 -0.828 -0.927 -0.894 -0.894 -0.889 -0.869 -0.849 -0.812 -0.820 1.534
6.000 1500.000 -1.852 -1.615 -1.329 -1.166 -1.032 -0.753 -0.673 -0.524 -0.491 -0.512 -0.615 -0.760 -0.875 -0.991 -1.103 -1.275 -1.371 -1.315 -1.308 -1.303 -1.273 -1.247 -1.203 -1.209 1.291
6.500 0.000 0.955 1.193 1.501 1.677 1.898 2.195 2.375 2.600 2.747 2.900 2.984 3.064 3.131 3.195 3.276 3.382 3.434 3.494 3.494 3.484 3.446 3.399 3.253 3.221 4.697
6.500 1.000 0.935 1.173 1.479 1.655 1.877 2.175 2.354 2.578 2.726 2.877 2.962 3.039 3.108 3.171 3.252 3.355 3.406 3.465 3.461 3.447 3.412 3.357 3.208 3.177 4.671
6.500 5.000 0.830 1.068 1.374 1.551 1.776 2.074 2.253 2.473 2.621 2.766 2.853 2.927 2.995 3.057 3.137 3.237 3.286 3.348 3.344 3.328 3.295 3.237 3.087 3.058 4.570
6.500 10.000 0.686 0.924 1.229 1.406 1.630 1.927 2.106 2.324 2.471 2.614 2.698 2.770 2.836 2.895 2.972 3.068 3.112 3.175 3.171 3.155 3.123 3.068 2.924 2.894 4.415
6.500 15.000 0.542 0.780 1.085 1.261 1.483 1.779 1.958 2.176 2.322 2.466 2.549 2.621 2.686 2.743 2.819 2.912 2.954 3.014 3.009 2.992 2.960 2.905 2.762 2.733 4.262
6.500 20.000 0.421 0.657 0.962 1.138 1.358 1.653 1.831 2.050 2.196 2.341 2.423 2.495 2.559 2.615 2.690 2.781 2.820 2.878 2.871 2.852 2.819 2.764 2.621 2.593 4.135
6.500 25.000 0.316 0.551 0.856 1.031 1.247 1.543 1.719 1.939 2.085 2.232 2.312 2.385 2.447 2.502 2.576 2.664 2.701 2.754 2.745 2.725 2.691 2.634 2.494 2.466 4.020
6.500 30.000 0.226 0.460 0.764 0.939 1.152 1.447 1.623 1.844 1.989 2.138 2.216 2.290 2.351 2.406 2.478 2.564 2.599 2.649 2.638 2.616 2.582 2.524 2.385 2.357 3.924
6.500 40.000 0.082 0.315 0.618 0.791 0.999 1.294 1.468 1.691 1.836 1.986 2.063 2.137 2.196 2.250 2.321 2.403 2.435 2.478 2.464 2.440 2.404 2.344 2.206 2.179 3.772
6.500 50.000 -0.030 0.201 0.503 0.675 0.879 1.174 1.346 1.570 1.714 1.866 1.941 2.015 2.073 2.125 2.195 2.274 2.303 2.342 2.326 2.300 2.264 2.203 2.066 2.040 3.654
6.500 60.000 -0.096 0.135 0.436 0.608 0.811 1.105 1.276 1.500 1.644 1.795 1.869 1.943 2.000 2.051 2.118 2.195 2.221 2.257 2.239 2.213 2.175 2.114 1.976 1.950 3.578
6.500 70.000 -0.136 0.093 0.392 0.563 0.763 1.057 1.227 1.451 1.595 1.747 1.820 1.893 1.949 2.000 2.064 2.137 2.163 2.191 2.172 2.144 2.106 2.041 1.903 1.877 3.520
6.500 80.000 -0.160 0.068 0.365 0.536 0.734 1.028 1.196 1.420 1.563 1.715 1.786 1.858 1.913 1.962 2.025 2.093 2.117 2.139 2.117 2.088 2.050 1.983 1.844 1.819 3.476
6.500 90.000 -0.180 0.048 0.344 0.514 0.711 1.004 1.171 1.395 1.537 1.688 1.758 1.828 1.882 1.929 1.990 2.054 2.076 2.094 2.070 2.039 2.001 1.933 1.795 1.770 3.441
6.500 100.000 -0.197 0.029 0.325 0.494 0.690 0.983 1.149 1.372 1.514 1.663 1.733 1.801 1.853 1.899 1.958 2.017 2.038 2.051 2.025 1.994 1.956 1.886 1.749 1.725 3.409
6.500 110.000 -0.212 0.013 0.308 0.477 0.671 0.964 1.129 1.351 1.492 1.640 1.709 1.775 1.826 1.870 1.926 1.981 1.999 2.008 1.981 1.949 1.912 1.841 1.706 1.681 3.382
6.500 120.000 -0.227 -0.001 0.292 0.461 0.654 0.946 1.110 1.332 1.472 1.619 1.686 1.750 1.800 1.842 1.896 1.947 1.963 1.968 1.939 1.907 1.870 1.798 1.664 1.640 3.357
6.500 130.000 -0.245 -0.020 0.272 0.441 0.633 0.924 1.088 1.308 1.448 1.594 1.659 1.722 1.771 1.811 1.861 1.908 1.921 1.923 1.893 1.860 1.824 1.751 1.620 1.596 3.328
6.500 140.000 -0.264 -0.040 0.252 0.421 0.612 0.903 1.065 1.285 1.424 1.568 1.633 1.693 1.741 1.779 1.827 1.869 1.880 1.878 1.847 1.814 1.779 1.705 1.576 1.553 3.299
6.500 150.000 -0.281 -0.058 0.233 0.401 0.592 0.882 1.043 1.262 1.400 1.543 1.606 1.665 1.711 1.748 1.792 1.830 1.839 1.834 1.802 1.769 1.734 1.661 1.534 1.511 3.274
6.500 175.000 -0.324 -0.102 0.187 0.354 0.542 0.830 0.990 1.207 1.342 1.482 1.542 1.596 1.638 1.669 1.707 1.734 1.737 1.724 1.691 1.658 1.625 1.553 1.434 1.412 3.210
6.500 200.000 -0.364 -0.144 0.143 0.309 0.495 0.782 0.939 1.155 1.288 1.424 1.481 1.530 1.568 1.595 1.626 1.643 1.640 1.620 1.586 1.553 1.521 1.451 1.338 1.317 3.150
6.500 250.000 -0.440 -0.221 0.062 0.226 0.409 0.693 0.847 1.058 1.188 1.317 1.368 1.408 1.440 1.458 1.477 1.475 1.462 1.433 1.397 1.366 1.338 1.270 1.172 1.152 3.040
6.500 300.000 -0.504 -0.287 -0.006 0.156 0.335 0.617 0.767 0.975 1.100 1.223 1.268 1.300 1.324 1.334 1.342 1.323 1.300 1.266 1.230 1.201 1.176 1.113 1.028 1.010 2.946
6.500 350.000 -0.554 -0.339 -0.061 0.100 0.274 0.554 0.699 0.904 1.024 1.141 1.178 1.200 1.217 1.218 1.215 1.179 1.147 1.110 1.074 1.049 1.027 0.971 0.900 0.884 2.864
6.500 400.000 -0.599 -0.386 -0.111 0.049 0.220 0.497 0.638 0.839 0.955 1.064 1.094 1.108 1.117 1.109 1.096 1.044 1.004 0.965 0.932 0.910 0.892 0.842 0.785 0.770 2.789
6.500 450.000 -0.645 -0.433 -0.160 -0.002 0.166 0.441 0.579 0.776 0.888 0.990 1.014 1.019 1.021 1.005 0.983 0.918 0.870 0.833 0.801 0.783 0.768 0.724 0.678 0.664 2.720
6.500 500.000 -0.688 -0.477 -0.206 -0.048 0.116 0.389 0.523 0.717 0.825 0.920 0.938 0.934 0.930 0.906 0.875 0.799 0.743 0.709 0.679 0.664 0.652 0.614 0.580 0.566 2.655
6.500 600.000 -0.750 -0.541 -0.274 -0.119 0.039 0.308 0.433 0.616 0.714 0.792 0.793 0.769 0.748 0.706 0.658 0.559 0.491 0.471 0.450 0.447 0.443 0.420 0.407 0.395 2.541
6.500 700.000 -0.822 -0.614 -0.350 -0.196 -0.044 0.221 0.339 0.516 0.605 0.670 0.658 0.618 0.585 0.531 0.471 0.356 0.279 0.269 0.253 0.253 0.253 0.240 0.241 0.230 2.433
6.500 800.000 -0.877 -0.670 -0.407 -0.255 -0.109 0.152 0.262 0.430 0.509 0.558 0.534 0.476 0.430 0.364 0.293 0.167 0.084 0.087 0.076 0.082 0.085 0.083 0.095 0.083 2.341
6.500 1000.000 -0.998 -0.791 -0.531 -0.381 -0.244 0.011 0.107 0.259 0.320 0.342 0.293 0.208 0.142 0.058 -0.029 -0.168 -0.257 -0.233 -0.236 -0.225 -0.217 -0.205 -0.178 -0.190 2.174
6.500 1200.000 -1.108 -0.899 -0.641 -0.493 -0.363 -0.116 -0.035 0.099 0.140 0.131 0.058 -0.054 -0.140 -0.240 -0.336 -0.484 -0.574 -0.533 -0.530 -0.518 -0.503 -0.482 -0.444 -0.453 2.006
6.500 1500.000 -1.266 -1.053 -0.794 -0.648 -0.530 -0.294 -0.235 -0.130 -0.119 -0.174 -0.281 -0.430 -0.540 -0.657 -0.759 -0.913 -0.998 -0.936 -0.926 -0.914 -0.891 -0.864 -0.819 -0.825 1.779
7.000 0.000 1.313 1.524 1.793 1.947 2.142 2.391 2.541 2.723 2.848 2.976 3.054 3.128 3.195 3.255 3.330 3.435 3.483 3.542 3.540 3.529 3.490 3.443 3.297 3.264 4.840
7.000 1.000 1.297 1.509 1.776 1.930 2.126 2.376 2.525 2.706 2.831 2.957 3.037 3.109 3.177 3.235 3.311 3.413 3.461 3.518 3.514 3.500 3.462 3.408 3.259 3.227 4.818
7.000 5.000 1.221 1.434 1.700 1.854 2.054 2.303 2.452 2.629 2.754 2.873 2.954 3.022 3.090 3.146 3.219 3.317 3.362 3.423 3.418 3.402 3.367 3.310 3.160 3.130 4.746
7.000 10.000 1.111 1.323 1.589 1.743 1.945 2.192 2.342 2.515 2.639 2.755 2.835 2.900 2.966 3.019 3.088 3.183 3.223 3.287 3.282 3.267 3.232 3.177 3.031 3.000 4.629
7.000 15.000 0.994 1.206 1.472 1.626 1.827 2.074 2.223 2.396 2.519 2.634 2.712 2.777 2.841 2.893 2.960 3.053 3.091 3.153 3.148 3.132 3.096 3.043 2.897 2.866 4.504
7.000 20.000 0.889 1.101 1.367 1.520 1.720 1.966 2.115 2.288 2.411 2.527 2.604 2.669 2.733 2.784 2.849 2.940 2.976 3.036 3.030 3.012 2.976 2.922 2.776 2.745 4.396
7.000 25.000 0.796 1.007 1.272 1.426 1.623 1.869 2.017 2.191 2.314 2.430 2.507 2.572 2.635 2.685 2.749 2.838 2.872 2.928 2.920 2.901 2.864 2.810 2.665 2.635 4.298
7.000 30.000 0.716 0.926 1.191 1.344 1.539 1.785 1.932 2.107 2.230 2.348 2.424 2.489 2.551 2.601 2.664 2.751 2.782 2.836 2.826 2.806 2.769 2.713 2.570 2.539 4.216
7.000 40.000 0.581 0.789 1.055 1.207 1.397 1.643 1.789 1.966 2.089 2.210 2.283 2.350 2.410 2.459 2.522 2.606 2.634 2.683 2.670 2.648 2.609 2.552 2.409 2.380 4.079
7.000 50.000 0.477 0.684 0.949 1.100 1.286 1.533 1.677 1.856 1.978 2.101 2.173 2.240 2.299 2.347 2.409 2.490 2.515 2.560 2.545 2.522 2.482 2.424 2.283 2.253 3.974
7.000 60.000 0.416 0.622 0.886 1.037 1.222 1.468 1.612 1.790 1.913 2.035 2.107 2.173 2.232 2.279 2.338 2.417 2.440 2.482 2.466 2.442 2.401 2.343 2.202 2.171 3.904
7.000 70.000 0.376 0.581 0.843 0.993 1.175 1.422 1.565 1.744 1.866 1.990 2.060 2.127 2.185 2.232 2.289 2.364 2.387 2.421 2.402 2.377 2.336 2.274 2.133 2.103 3.849
7.000 80.000 0.353 0.557 0.818 0.968 1.148 1.395 1.536 1.715 1.837 1.960 2.030 2.095 2.152 2.198 2.253 2.325 2.345 2.373 2.353 2.326 2.285 2.221 2.080 2.051 3.811
7.000 90.000 0.334 0.537 0.797 0.947 1.125 1.372 1.512 1.691 1.813 1.935 2.004 2.067 2.124 2.167 2.221 2.288 2.307 2.330 2.308 2.280 2.240 2.174 2.035 2.006 3.778
7.000 100.000 0.317 0.519 0.778 0.928 1.105 1.351 1.490 1.669 1.790 1.912 1.979 2.041 2.097 2.139 2.191 2.254 2.271 2.290 2.266 2.237 2.197 2.130 1.992 1.963 3.748
7.000 110.000 0.302 0.503 0.762 0.911 1.087 1.333 1.471 1.649 1.769 1.890 1.956 2.017 2.071 2.111 2.161 2.219 2.234 2.249 2.223 2.194 2.154 2.087 1.950 1.922 3.723
7.000 120.000 0.287 0.488 0.745 0.894 1.068 1.314 1.451 1.629 1.749 1.868 1.933 1.992 2.045 2.084 2.131 2.185 2.198 2.209 2.182 2.152 2.113 2.044 1.909 1.881 3.698
7.000 130.000 0.269 0.469 0.726 0.875 1.048 1.294 1.430 1.607 1.726 1.844 1.908 1.965 2.017 2.054 2.098 2.148 2.158 2.165 2.137 2.107 2.068 1.999 1.867 1.839 3.672
7.000 140.000 0.251 0.451 0.707 0.855 1.028 1.273 1.408 1.585 1.703 1.820 1.883 1.938 1.988 2.024 2.065 2.111 2.120 2.123 2.094 2.064 2.026 1.956 1.826 1.799 3.646
7.000 150.000 0.234 0.433 0.688 0.836 1.008 1.252 1.387 1.563 1.681 1.796 1.858 1.911 1.960 1.994 2.033 2.074 2.080 2.081 2.051 2.021 1.984 1.913 1.786 1.759 3.623
7.000 175.000 0.190 0.388 0.642 0.789 0.958 1.201 1.334 1.509 1.624 1.736 1.795 1.844 1.889 1.918 1.950 1.981 1.981 1.975 1.944 1.914 1.878 1.810 1.690 1.664 3.565
7.000 200.000 0.149 0.346 0.598 0.744 0.912 1.154 1.285 1.457 1.571 1.680 1.736 1.780 1.822 1.847 1.873 1.894 1.889 1.877 1.844 1.815 1.781 1.713 1.600 1.575 3.510
7.000 250.000 0.073 0.268 0.517 0.662 0.826 1.066 1.194 1.363 1.473 1.577 1.626 1.662 1.697 1.714 1.729 1.732 1.718 1.697 1.664 1.637 1.606 1.542 1.442 1.420 3.409
7.000 300.000 0.014 0.207 0.454 0.598 0.758 0.996 1.120 1.286 1.392 1.490 1.533 1.560 1.588 1.596 1.600 1.587 1.563 1.538 1.505 1.481 1.453 1.394 1.309 1.288 3.326
7.000 350.000 -0.037 0.155 0.399 0.542 0.698 0.934 1.054 1.217 1.319 1.409 1.445 1.464 1.484 1.482 1.476 1.447 1.414 1.386 1.354 1.334 1.310 1.257 1.187 1.168 3.251
7.000 400.000 -0.083 0.107 0.349 0.490 0.643 0.877 0.993 1.153 1.250 1.334 1.363 1.373 1.386 1.376 1.360 1.317 1.276 1.248 1.218 1.203 1.183 1.136 1.080 1.061 3.184
7.000 450.000 -0.130 0.058 0.299 0.439 0.589 0.821 0.934 1.091 1.184 1.261 1.284 1.285 1.291 1.274 1.249 1.193 1.146 1.119 1.091 1.079 1.062 1.021 0.976 0.959 3.119
7.000 500.000 -0.172 0.016 0.255 0.394 0.541 0.771 0.880 1.034 1.123 1.193 1.209 1.202 1.201 1.176 1.143 1.076 1.023 1.000 0.974 0.966 0.952 0.918 0.884 0.868 3.059
7.000 600.000 -0.238 -0.052 0.184 0.321 0.462 0.688 0.789 0.934 1.012 1.065 1.066 1.039 1.022 0.980 0.930 0.842 0.778 0.769 0.752 0.754 0.748 0.727 0.714 0.700 2.953
7.000 700.000 -0.309 -0.123 0.110 0.246 0.382 0.604 0.699 0.836 0.906 0.946 0.934 0.892 0.863 0.808 0.746 0.646 0.574 0.574 0.561 0.568 0.565 0.554 0.555 0.541 2.852
7.000 800.000 -0.365 -0.180 0.051 0.185 0.315 0.534 0.621 0.751 0.811 0.835 0.810 0.752 0.711 0.644 0.572 0.462 0.385 0.398 0.391 0.403 0.403 0.403 0.414 0.401 2.764
7.000 1000.000 -0.485 -0.300 -0.071 0.061 0.182 0.394 0.468 0.582 0.624 0.621 0.572 0.487 0.426 0.342 0.256 0.135 0.054 0.087 0.088 0.105 0.110 0.123 0.150 0.137 2.611
7.000 1200.000 -0.587 -0.402 -0.175 -0.045 0.067 0.272 0.331 0.427 0.450 0.416 0.343 0.232 0.152 0.053 -0.041 -0.170 -0.249 -0.201 -0.194 -0.174 -0.164 -0.142 -0.105 -0.116 2.454
7.000 1500.000 -0.735 -0.548 -0.321 -0.194 -0.095 0.099 0.136 0.203 0.196 0.118 0.011 -0.135 -0.238 -0.352 -0.450 -0.582 -0.655 -0.589 -0.576 -0.557 -0.540 -0.512 -0.467 -0.475 2.242
7.500 0.000 1.618 1.800 2.027 2.157 2.325 2.530 2.654 2.803 2.911 3.022 3.098 3.169 3.236 3.293 3.365 3.469 3.517 3.575 3.572 3.561 3.520 3.473 3.325 3.292 4.973
7.500 1.000 1.606 1.788 2.014 2.144 2.313 2.518 2.641 2.789 2.898 3.006 3.084 3.153 3.221 3.277 3.348 3.450 3.497 3.554 3.549 3.535 3.496 3.442 3.291 3.259 4.955
7.500 5.000 1.549 1.732 1.956 2.086 2.259 2.462 2.586 2.729 2.837 2.940 3.018 3.083 3.151 3.204 3.272 3.371 3.414 3.473 3.468 3.452 3.414 3.358 3.208 3.177 4.900
7.500 10.000 1.462 1.646 1.869 1.999 2.175 2.376 2.500 2.640 2.747 2.846 2.924 2.986 3.052 3.103 3.166 3.263 3.303 3.366 3.362 3.347 3.308 3.255 3.104 3.071 4.810
7.500 15.000 1.372 1.556 1.779 1.909 2.086 2.286 2.410 2.548 2.655 2.752 2.829 2.890 2.955 3.004 3.064 3.160 3.196 3.261 3.256 3.241 3.203 3.151 3.000 2.966 4.713
7.500 20.000 1.287 1.471 1.694 1.824 2.000 2.200 2.324 2.461 2.568 2.664 2.740 2.801 2.865 2.913 2.971 3.065 3.099 3.162 3.157 3.140 3.101 3.049 2.898 2.864 4.626
7.500 25.000 1.209 1.392 1.615 1.744 1.919 2.119 2.242 2.380 2.487 2.584 2.660 2.720 2.784 2.832 2.889 2.981 3.014 3.075 3.068 3.050 3.010 2.957 2.806 2.773 4.548
7.500 30.000 1.138 1.320 1.543 1.672 1.845 2.045 2.168 2.307 2.413 2.512 2.587 2.648 2.711 2.758 2.815 2.906 2.937 2.996 2.987 2.969 2.928 2.874 2.723 2.690 4.478
7.500 40.000 1.016 1.197 1.420 1.549 1.718 1.919 2.040 2.181 2.288 2.389 2.462 2.524 2.587 2.633 2.690 2.778 2.806 2.861 2.850 2.830 2.789 2.734 2.585 2.552 4.362
7.500 50.000 0.924 1.104 1.327 1.456 1.621 1.822 1.942 2.085 2.191 2.294 2.366 2.429 2.490 2.536 2.591 2.676 2.702 2.752 2.740 2.719 2.677 2.621 2.474 2.441 4.273
7.500 60.000 0.867 1.046 1.268 1.397 1.561 1.762 1.882 2.025 2.131 2.234 2.305 2.368 2.429 2.474 2.526 2.610 2.633 2.681 2.668 2.647 2.604 2.548 2.401 2.367 4.210
7.500 70.000 0.830 1.008 1.229 1.358 1.519 1.721 1.840 1.983 2.090 2.194 2.264 2.327 2.388 2.432 2.484 2.564 2.586 2.628 2.612 2.590 2.546 2.488 2.341 2.308 4.161
7.500 80.000 0.807 0.985 1.205 1.334 1.493 1.695 1.813 1.957 2.063 2.166 2.236 2.298 2.358 2.401 2.451 2.528 2.549 2.584 2.566 2.543 2.499 2.439 2.292 2.260 4.126
7.500 90.000 0.790 0.966 1.186 1.314 1.472 1.674 1.790 1.934 2.040 2.143 2.212 2.273 2.332 2.374 2.422 2.495 2.513 2.544 2.525 2.500 2.457 2.395 2.250 2.218 4.097
7.500 100.000 0.773 0.949 1.168 1.296 1.452 1.655 1.770 1.914 2.019 2.122 2.190 2.249 2.307 2.348 2.394 2.463 2.480 2.506 2.485 2.460 2.417 2.354 2.211 2.178 4.070
7.500 110.000 0.757 0.933 1.151 1.279 1.434 1.636 1.750 1.894 1.999 2.100 2.167 2.225 2.282 2.321 2.365 2.429 2.444 2.466 2.443 2.417 2.375 2.310 2.169 2.137 4.045
7.500 120.000 0.743 0.917 1.135 1.262 1.416 1.618 1.732 1.875 1.979 2.080 2.146 2.202 2.258 2.295 2.337 2.397 2.410 2.427 2.403 2.376 2.335 2.269 2.130 2.099 4.023
7.500 130.000 0.725 0.899 1.117 1.244 1.397 1.598 1.711 1.854 1.958 2.057 2.122 2.177 2.231 2.267 2.306 2.362 2.372 2.386 2.361 2.334 2.293 2.227 2.091 2.060 4.000
7.500 140.000 0.707 0.881 1.098 1.225 1.377 1.578 1.691 1.832 1.936 2.034 2.098 2.151 2.204 2.238 2.275 2.327 2.335 2.346 2.320 2.293 2.253 2.186 2.052 2.021 3.976
7.500 150.000 0.689 0.862 1.078 1.205 1.356 1.557 1.669 1.810 1.913 2.010 2.073 2.124 2.176 2.209 2.243 2.291 2.298 2.305 2.278 2.251 2.212 2.144 2.013 1.983 3.956
7.500 175.000 0.645 0.817 1.032 1.158 1.307 1.507 1.617 1.757 1.858 1.953 2.012 2.059 2.108 2.136 2.165 2.203 2.203 2.204 2.176 2.149 2.111 2.045 1.921 1.892 3.904
7.500 200.000 0.602 0.774 0.987 1.113 1.261 1.460 1.568 1.707 1.806 1.898 1.955 1.998 2.044 2.068 2.091 2.120 2.116 2.112 2.082 2.056 2.020 1.954 1.837 1.809 3.854
7.500 250.000 0.531 0.700 0.912 1.036 1.181 1.378 1.484 1.620 1.715 1.801 1.852 1.887 1.926 1.942 1.954 1.966 1.952 1.940 1.910 1.887 1.854 1.793 1.691 1.665 3.763
7.500 300.000 0.475 0.643 0.852 0.975 1.116 1.312 1.414 1.547 1.639 1.719 1.763 1.790 1.822 1.829 1.829 1.825 1.802 1.786 1.757 1.737 1.708 1.652 1.566 1.541 3.688
7.500 350.000 0.422 0.589 0.797 0.919 1.056 1.251 1.349 1.479 1.567 1.640 1.678 1.696 1.720 1.719 1.710 1.690 1.659 1.642 1.614 1.599 1.573 1.524 1.452 1.429 3.620
7.500 400.000 0.375 0.541 0.747 0.868 1.002 1.195 1.290 1.417 1.501 1.567 1.598 1.608 1.625 1.615 1.597 1.564 1.526 1.509 1.483 1.472 1.451 1.407 1.349 1.328 3.559
7.500 450.000 0.329 0.494 0.699 0.819 0.950 1.141 1.233 1.357 1.437 1.497 1.521 1.522 1.533 1.515 1.488 1.443 1.399 1.384 1.361 1.354 1.336 1.299 1.253 1.232 3.498
7.500 500.000 0.287 0.450 0.654 0.774 0.902 1.091 1.180 1.301 1.377 1.430 1.447 1.441 1.444 1.419 1.383 1.329 1.279 1.267 1.247 1.245 1.229 1.198 1.163 1.144 3.442
7.500 600.000 0.217 0.379 0.580 0.698 0.821 1.006 1.087 1.200 1.266 1.302 1.305 1.279 1.267 1.225 1.174 1.100 1.040 1.041 1.028 1.035 1.027 1.009 0.994 0.977 3.343
7.500 700.000 0.147 0.308 0.508 0.624 0.741 0.924 0.999 1.105 1.163 1.186 1.176 1.136 1.112 1.058 0.994 0.909 0.843 0.853 0.845 0.857 0.851 0.843 0.842 0.826 3.248
7.500 800.000 0.088 0.248 0.446 0.561 0.673 0.853 0.921 1.020 1.067 1.075 1.052 0.997 0.961 0.896 0.822 0.729 0.659 0.681 0.678 0.695 0.693 0.695 0.704 0.689 3.165
7.500 1000.000 -0.031 0.129 0.325 0.438 0.541 0.714 0.769 0.852 0.882 0.862 0.815 0.734 0.679 0.597 0.509 0.406 0.334 0.374 0.379 0.402 0.404 0.419 0.444 0.429 3.025
7.500 1200.000 -0.128 0.032 0.226 0.336 0.430 0.596 0.637 0.703 0.713 0.663 0.593 0.486 0.414 0.317 0.223 0.114 0.044 0.099 0.110 0.135 0.141 0.164 0.199 0.186 2.879
7.500 1500.000 -0.269 -0.107 0.085 0.193 0.272 0.428 0.445 0.483 0.462 0.368 0.265 0.125 0.030 -0.081 -0.175 -0.286 -0.349 -0.278 -0.262 -0.238 -0.226 -0.197 -0.154 -0.164 2.681
7.800 0.000 1.771 1.935 2.137 2.254 2.408 2.589 2.700 2.833 2.934 3.038 3.113 3.183 3.250 3.306 3.376 3.482 3.529 3.587 3.584 3.573 3.531 3.483 3.333 3.300 5.047
7.800 1.000 1.760 1.924 2.125 2.242 2.396 2.577 2.688 2.819 2.921 3.022 3.099 3.167 3.235 3.291 3.360 3.463 3.510 3.566 3.561 3.546 3.506 3.451 3.298 3.266 5.029
7.800 5.000 1.708 1.873 2.072 2.189 2.348 2.527 2.638 2.765 2.866 2.962 3.040 3.104 3.171 3.225 3.290 3.390 3.434 3.492 3.487 3.470 3.431 3.374 3.220 3.189 4.981
7.800 10.000 1.636 1.802 2.000 2.116 2.278 2.455 2.567 2.690 2.790 2.882 2.959 3.020 3.087 3.137 3.198 3.296 3.336 3.399 3.395 3.380 3.340 3.287 3.133 3.099 4.907
7.800 15.000 1.559 1.725 1.923 2.039 2.202 2.378 2.490 2.612 2.711 2.801 2.877 2.937 3.002 3.051 3.109 3.206 3.243 3.309 3.305 3.290 3.250 3.198 3.042 3.008 4.826
7.800 20.000 1.485 1.651 1.848 1.964 2.127 2.303 2.414 2.535 2.634 2.723 2.799 2.858 2.923 2.971 3.027 3.123 3.158 3.223 3.218 3.202 3.161 3.110 2.954 2.919 4.751
7.800 25.000 1.414 1.580 1.777 1.893 2.055 2.231 2.342 2.463 2.562 2.652 2.727 2.786 2.851 2.898 2.953 3.048 3.081 3.145 3.139 3.122 3.081 3.028 2.872 2.837 4.683
7.800 30.000 1.351 1.516 1.713 1.829 1.989 2.165 2.275 2.398 2.497 2.587 2.662 2.722 2.786 2.832 2.887 2.981 3.012 3.075 3.068 3.050 3.008 2.955 2.800 2.765 4.623
7.800 40.000 1.236 1.400 1.598 1.713 1.870 2.046 2.156 2.280 2.379 2.472 2.545 2.606 2.669 2.715 2.769 2.861 2.890 2.948 2.940 2.920 2.878 2.823 2.670 2.635 4.515
7.800 50.000 1.151 1.314 1.512 1.627 1.781 1.958 2.067 2.192 2.291 2.385 2.457 2.518 2.581 2.626 2.679 2.768 2.795 2.850 2.839 2.819 2.775 2.720 2.568 2.533 4.434
7.800 60.000 1.095 1.258 1.455 1.571 1.724 1.900 2.009 2.134 2.233 2.327 2.399 2.461 2.523 2.568 2.618 2.707 2.731 2.783 2.771 2.751 2.707 2.651 2.498 2.464 4.375
7.800 70.000 1.060 1.221 1.418 1.533 1.684 1.861 1.969 2.095 2.195 2.290 2.361 2.423 2.485 2.529 2.579 2.664 2.687 2.732 2.719 2.697 2.652 2.594 2.442 2.407 4.330
7.800 80.000 1.038 1.199 1.395 1.510 1.659 1.837 1.943 2.070 2.169 2.264 2.335 2.396 2.457 2.500 2.548 2.629 2.651 2.690 2.674 2.651 2.606 2.547 2.395 2.362 4.296
7.800 90.000 1.020 1.180 1.376 1.491 1.638 1.816 1.922 2.048 2.147 2.242 2.312 2.371 2.432 2.474 2.521 2.598 2.618 2.652 2.634 2.610 2.566 2.505 2.355 2.321 4.267
7.800 100.000 1.003 1.162 1.358 1.472 1.618 1.796 1.901 2.028 2.126 2.221 2.290 2.349 2.408 2.449 2.494 2.568 2.586 2.616 2.596 2.572 2.527 2.465 2.316 2.283 4.241
7.800 110.000 0.986 1.146 1.341 1.455 1.600 1.778 1.882 2.008 2.106 2.200 2.268 2.325 2.384 2.423 2.466 2.535 2.551 2.576 2.555 2.530 2.486 2.422 2.276 2.243 4.217
7.800 120.000 0.971 1.130 1.324 1.438 1.582 1.760 1.863 1.989 2.087 2.179 2.247 2.302 2.360 2.398 2.439 2.504 2.518 2.539 2.516 2.490 2.447 2.382 2.238 2.206 4.195
7.800 130.000 0.954 1.112 1.306 1.420 1.563 1.741 1.843 1.969 2.066 2.157 2.223 2.278 2.334 2.370 2.409 2.469 2.481 2.499 2.475 2.449 2.406 2.341 2.199 2.168 4.173
7.800 140.000 0.936 1.094 1.288 1.401 1.544 1.721 1.823 1.948 2.044 2.135 2.200 2.253 2.308 2.343 2.379 2.435 2.445 2.459 2.434 2.408 2.366 2.300 2.161 2.130 4.151
7.800 150.000 0.918 1.075 1.268 1.382 1.523 1.700 1.802 1.926 2.022 2.112 2.176 2.227 2.281 2.314 2.348 2.401 2.408 2.419 2.394 2.367 2.326 2.260 2.124 2.093 4.132
7.800 175.000 0.874 1.031 1.223 1.336 1.476 1.652 1.752 1.875 1.969 2.056 2.117 2.165 2.216 2.244 2.272 2.315 2.318 2.322 2.295 2.269 2.230 2.165 2.036 2.007 4.082
7.800 200.000 0.833 0.989 1.180 1.292 1.431 1.606 1.704 1.827 1.919 2.004 2.062 2.106 2.154 2.179 2.201 2.235 2.232 2.232 2.204 2.179 2.141 2.076 1.955 1.926 4.035
7.800 250.000 0.762 0.917 1.106 1.217 1.352 1.526 1.621 1.741 1.830 1.908 1.960 1.996 2.037 2.053 2.065 2.081 2.069 2.062 2.034 2.012 1.979 1.919 1.815 1.789 3.954
7.800 300.000 0.704 0.858 1.045 1.156 1.287 1.460 1.552 1.669 1.754 1.826 1.872 1.899 1.933 1.941 1.942 1.942 1.921 1.909 1.881 1.864 1.834 1.780 1.692 1.667 3.881
7.800 350.000 0.652 0.804 0.990 1.100 1.227 1.399 1.487 1.602 1.683 1.749 1.788 1.807 1.833 1.833 1.824 1.810 1.781 1.767 1.741 1.728 1.703 1.654 1.582 1.559 3.817
7.800 400.000 0.605 0.755 0.940 1.050 1.174 1.344 1.429 1.541 1.619 1.678 1.711 1.721 1.741 1.732 1.714 1.687 1.651 1.638 1.615 1.606 1.584 1.542 1.484 1.461 3.761
7.800 450.000 0.558 0.708 0.892 1.001 1.122 1.291 1.373 1.482 1.556 1.608 1.635 1.637 1.650 1.634 1.607 1.568 1.527 1.516 1.494 1.490 1.471 1.435 1.389 1.368 3.704
7.800 500.000 0.516 0.665 0.848 0.956 1.074 1.242 1.321 1.427 1.497 1.543 1.563 1.558 1.564 1.540 1.505 1.456 1.408 1.400 1.381 1.380 1.364 1.334 1.298 1.278 3.652
7.800 600.000 0.447 0.595 0.776 0.882 0.995 1.159 1.231 1.329 1.389 1.419 1.424 1.400 1.390 1.351 1.299 1.233 1.177 1.181 1.170 1.180 1.171 1.153 1.138 1.121 3.557
7.800 700.000 0.376 0.523 0.703 0.808 0.916 1.077 1.144 1.235 1.286 1.304 1.296 1.258 1.237 1.185 1.122 1.044 0.982 0.996 0.989 1.003 0.998 0.990 0.988 0.971 3.469
7.800 800.000 0.319 0.465 0.643 0.747 0.849 1.008 1.067 1.151 1.193 1.195 1.174 1.120 1.088 1.025 0.951 0.866 0.800 0.825 0.824 0.844 0.841 0.843 0.852 0.836 3.389
7.800 1000.000 0.204 0.349 0.525 0.627 0.720 0.872 0.918 0.987 1.010 0.983 0.939 0.859 0.807 0.727 0.640 0.546 0.479 0.523 0.529 0.554 0.556 0.572 0.596 0.581 3.259
7.800 1200.000 0.104 0.250 0.424 0.524 0.608 0.754 0.786 0.838 0.843 0.788 0.721 0.618 0.550 0.456 0.363 0.263 0.198 0.256 0.268 0.294 0.299 0.322 0.356 0.343 3.120
7.800 1500.000 -0.034 0.113 0.286 0.382 0.452 0.588 0.597 0.621 0.595 0.497 0.398 0.263 0.173 0.065 -0.027 -0.129 -0.187 -0.115 -0.098 -0.073 -0.063 -0.034 0.008 -0.002 2.932
8.000 0.000 1.862 2.014 2.201 2.309 2.454 2.620 2.724 2.848 2.945 3.044 3.120 3.189 3.256 3.313 3.381 3.488 3.535 3.593 3.590 3.579 3.537 3.488 3.336 3.302 5.095
8.000 1.000 1.849 2.002 2.187 2.295 2.441 2.607 2.711 2.833 2.931 3.029 3.105 3.173 3.241 3.297 3.365 3.469 3.516 3.572 3.567 3.552 3.511 3.456 3.300 3.268 5.076
8.000 5.000 1.800 1.954 2.137 2.245 2.394 2.559 2.663 2.782 2.879 2.971 3.049 3.113 3.181 3.234 3.299 3.399 3.444 3.502 3.496 3.479 3.439 3.382 3.225 3.194 5.031
8.000 10.000 1.738 1.892 2.074 2.182 2.334 2.497 2.602 2.716 2.812 2.901 2.978 3.038 3.105 3.155 3.214 3.314 3.353 3.417 3.413 3.398 3.357 3.304 3.148 3.114 4.968
8.000 15.000 1.669 1.824 2.005 2.113 2.267 2.428 2.533 2.646 2.741 2.827 2.904 2.963 3.028 3.077 3.133 3.232 3.269 3.336 3.332 3.317 3.275 3.224 3.065 3.030 4.896
8.000 20.000 1.602 1.757 1.938 2.045 2.199 2.360 2.465 2.577 2.672 2.757 2.833 2.891 2.956 3.004 3.058 3.156 3.191 3.258 3.254 3.238 3.196 3.145 2.986 2.950 4.830
8.000 25.000 1.538 1.693 1.873 1.981 2.134 2.295 2.399 2.511 2.606 2.692 2.767 2.825 2.890 2.936 2.990 3.087 3.120 3.186 3.181 3.165 3.122 3.071 2.912 2.877 4.769
8.000 30.000 1.479 1.632 1.813 1.921 2.073 2.234 2.338 2.450 2.545 2.631 2.706 2.765 2.829 2.875 2.928 3.025 3.057 3.121 3.115 3.098 3.056 3.004 2.846 2.810 4.714
8.000 40.000 1.369 1.522 1.703 1.810 1.959 2.121 2.224 2.338 2.433 2.521 2.595 2.655 2.718 2.764 2.817 2.910 2.940 3.000 2.993 2.974 2.931 2.878 2.721 2.685 4.613
8.000 50.000 1.290 1.442 1.623 1.730 1.877 2.039 2.142 2.257 2.352 2.440 2.513 2.573 2.636 2.681 2.732 2.824 2.851 2.909 2.899 2.880 2.836 2.781 2.625 2.590 4.536
8.000 60.000 1.236 1.387 1.568 1.675 1.821 1.983 2.085 2.201 2.296 2.385 2.457 2.518 2.580 2.625 2.674 2.765 2.790 2.845 2.835 2.815 2.770 2.715 2.559 2.523 4.482
8.000 70.000 1.202 1.353 1.533 1.640 1.784 1.947 2.048 2.164 2.259 2.350 2.422 2.482 2.545 2.589 2.637 2.725 2.749 2.796 2.784 2.763 2.717 2.660 2.504 2.469 4.439
8.000 80.000 1.180 1.330 1.511 1.617 1.760 1.922 2.023 2.139 2.234 2.325 2.396 2.456 2.518 2.561 2.608 2.691 2.714 2.756 2.741 2.718 2.673 2.614 2.460 2.425 4.406
8.000 90.000 1.161 1.311 1.491 1.598 1.739 1.902 2.001 2.118 2.213 2.303 2.373 2.432 2.494 2.536 2.581 2.661 2.682 2.719 2.702 2.679 2.633 2.573 2.420 2.386 4.377
8.000 100.000 1.144 1.294 1.473 1.580 1.719 1.882 1.981 2.098 2.193 2.282 2.352 2.410 2.471 2.512 2.556 2.632 2.651 2.684 2.665 2.641 2.596 2.534 2.382 2.348 4.351
8.000 110.000 1.128 1.277 1.456 1.562 1.700 1.863 1.961 2.078 2.172 2.261 2.330 2.387 2.447 2.486 2.528 2.600 2.617 2.645 2.625 2.600 2.555 2.493 2.343 2.309 4.327
8.000 120.000 1.112 1.261 1.439 1.545 1.683 1.846 1.943 2.059 2.153 2.241 2.309 2.365 2.423 2.462 2.502 2.569 2.584 2.608 2.586 2.561 2.517 2.453 2.306 2.273 4.306
8.000 130.000 1.095 1.243 1.422 1.528 1.664 1.827 1.924 2.039 2.133 2.220 2.287 2.340 2.398 2.434 2.472 2.535 2.548 2.568 2.546 2.520 2.477 2.412 2.267 2.235 4.284
8.000 140.000 1.077 1.225 1.403 1.509 1.645 1.808 1.904 2.019 2.112 2.198 2.264 2.316 2.372 2.407 2.443 2.502 2.513 2.529 2.506 2.480 2.437 2.372 2.230 2.199 4.263
8.000 150.000 1.060 1.207 1.385 1.490 1.625 1.788 1.883 1.998 2.090 2.176 2.241 2.292 2.347 2.380 2.413 2.469 2.477 2.491 2.466 2.441 2.399 2.333 2.195 2.163 4.245
8.000 175.000 1.016 1.163 1.340 1.445 1.578 1.740 1.834 1.948 2.038 2.121 2.183 2.230 2.282 2.312 2.339 2.385 2.388 2.396 2.370 2.345 2.305 2.240 2.109 2.079 4.197
8.000 200.000 0.976 1.122 1.298 1.402 1.534 1.695 1.788 1.901 1.990 2.070 2.129 2.173 2.222 2.247 2.269 2.307 2.305 2.307 2.280 2.255 2.217 2.153 2.029 2.000 4.151
8.000 250.000 0.906 1.051 1.225 1.329 1.457 1.617 1.706 1.817 1.902 1.976 2.029 2.064 2.106 2.123 2.135 2.154 2.143 2.138 2.111 2.091 2.057 1.998 1.893 1.866 4.075
8.000 300.000 0.847 0.990 1.163 1.266 1.391 1.550 1.636 1.743 1.825 1.893 1.940 1.967 2.002 2.010 2.012 2.015 1.995 1.986 1.959 1.943 1.914 1.860 1.772 1.747 4.005
8.000 350.000 0.794 0.936 1.108 1.210 1.332 1.489 1.573 1.678 1.756 1.818 1.858 1.877 1.905 1.905 1.897 1.885 1.858 1.847 1.823 1.811 1.786 1.738 1.665 1.642 3.945
8.000 400.000 0.747 0.888 1.059 1.160 1.279 1.435 1.515 1.618 1.692 1.747 1.781 1.792 1.813 1.805 1.787 1.764 1.730 1.720 1.697 1.691 1.669 1.628 1.569 1.546 3.891
8.000 450.000 0.701 0.841 1.011 1.112 1.227 1.382 1.460 1.559 1.630 1.679 1.707 1.710 1.724 1.708 1.682 1.647 1.606 1.598 1.577 1.574 1.555 1.520 1.472 1.451 3.838
8.000 500.000 0.658 0.798 0.967 1.067 1.180 1.334 1.408 1.505 1.571 1.614 1.635 1.631 1.638 1.615 1.580 1.535 1.489 1.483 1.465 1.466 1.450 1.420 1.383 1.364 3.789
8.000 600.000 0.591 0.729 0.896 0.995 1.102 1.253 1.320 1.409 1.466 1.492 1.498 1.475 1.467 1.429 1.377 1.316 1.261 1.269 1.259 1.270 1.261 1.244 1.228 1.211 3.695
8.000 700.000 0.519 0.657 0.823 0.921 1.023 1.171 1.232 1.315 1.364 1.377 1.371 1.334 1.314 1.264 1.201 1.128 1.069 1.085 1.080 1.096 1.090 1.083 1.080 1.064 3.612
8.000 800.000 0.462 0.598 0.764 0.860 0.957 1.102 1.157 1.232 1.271 1.270 1.250 1.199 1.168 1.106 1.033 0.952 0.889 0.915 0.915 0.936 0.933 0.936 0.945 0.928 3.534
8.000 1000.000 0.348 0.484 0.647 0.742 0.829 0.969 1.010 1.070 1.091 1.061 1.019 0.942 0.893 0.814 0.726 0.637 0.573 0.618 0.625 0.651 0.653 0.668 0.692 0.676 3.411
8.000 1200.000 0.249 0.385 0.547 0.640 0.717 0.851 0.879 0.922 0.924 0.866 0.802 0.701 0.636 0.544 0.450 0.357 0.294 0.354 0.366 0.394 0.398 0.421 0.454 0.440 3.276
8.000 1500.000 0.110 0.247 0.408 0.498 0.561 0.685 0.690 0.707 0.680 0.580 0.484 0.354 0.268 0.161 0.067 -0.028 -0.085 -0.011 0.005 0.032 0.040 0.069 0.110 0.099 3.095
8.200 0.000 1.947 2.088 2.259 2.360 2.496 2.649 2.747 2.862 2.955 3.051 3.126 3.194 3.261 3.316 3.383 3.488 3.536 3.592 3.589 3.578 3.536 3.488 3.336 3.303 5.141
8.200 1.000 1.931 2.073 2.243 2.343 2.481 2.634 2.731 2.845 2.939 3.033 3.110 3.177 3.245 3.299 3.366 3.470 3.517 3.571 3.566 3.551 3.511 3.455 3.299 3.268 5.120
8.200 5.000 1.884 2.027 2.195 2.295 2.436 2.587 2.685 2.795 2.889 2.979 3.056 3.119 3.187 3.240 3.304 3.404 3.449 3.506 3.500 3.484 3.443 3.386 3.227 3.196 5.077
8.200 10.000 1.832 1.975 2.141 2.241 2.385 2.535 2.633 2.740 2.832 2.918 2.994 3.054 3.121 3.170 3.229 3.329 3.368 3.432 3.428 3.413 3.371 3.319 3.160 3.126 5.027
8.200 15.000 1.772 1.916 2.081 2.181 2.327 2.475 2.574 2.679 2.770 2.853 2.929 2.987 3.053 3.101 3.155 3.255 3.292 3.359 3.355 3.340 3.298 3.246 3.085 3.050 4.965
8.200 20.000 1.712 1.855 2.020 2.119 2.266 2.414 2.512 2.616 2.707 2.788 2.864 2.921 2.986 3.033 3.086 3.184 3.220 3.287 3.283 3.267 3.225 3.174 3.012 2.976 4.905
8.200 25.000 1.655 1.798 1.963 2.062 2.208 2.355 2.453 2.557 2.649 2.730 2.805 2.862 2.927 2.973 3.024 3.122 3.156 3.223 3.219 3.203 3.160 3.110 2.950 2.913 4.853
8.200 30.000 1.600 1.743 1.908 2.007 2.152 2.299 2.397 2.501 2.592 2.674 2.749 2.806 2.871 2.916 2.967 3.065 3.097 3.163 3.159 3.143 3.100 3.049 2.889 2.852 4.803
8.200 40.000 1.495 1.637 1.803 1.903 2.044 2.192 2.289 2.395 2.486 2.570 2.644 2.702 2.766 2.811 2.862 2.957 2.987 3.049 3.042 3.025 2.981 2.929 2.770 2.734 4.709
8.200 50.000 1.422 1.564 1.729 1.829 1.970 2.117 2.214 2.320 2.411 2.495 2.568 2.626 2.689 2.734 2.783 2.876 2.904 2.963 2.955 2.937 2.892 2.839 2.681 2.645 4.637
8.200 60.000 1.370 1.511 1.676 1.775 1.915 2.063 2.159 2.266 2.357 2.441 2.514 2.573 2.636 2.680 2.727 2.820 2.846 2.903 2.894 2.875 2.829 2.776 2.617 2.580 4.586
8.200 70.000 1.337 1.478 1.643 1.742 1.880 2.029 2.124 2.231 2.323 2.408 2.481 2.539 2.603 2.646 2.693 2.782 2.806 2.856 2.845 2.825 2.779 2.723 2.565 2.529 4.545
8.200 80.000 1.316 1.456 1.621 1.720 1.856 2.005 2.100 2.208 2.299 2.385 2.456 2.515 2.577 2.620 2.665 2.750 2.773 2.817 2.803 2.782 2.736 2.678 2.522 2.486 4.513
8.200 90.000 1.297 1.436 1.601 1.700 1.835 1.984 2.078 2.186 2.277 2.363 2.434 2.492 2.554 2.595 2.639 2.721 2.742 2.782 2.766 2.744 2.698 2.638 2.482 2.448 4.484
8.200 100.000 1.280 1.419 1.584 1.682 1.816 1.965 2.059 2.167 2.258 2.343 2.413 2.470 2.531 2.572 2.614 2.692 2.712 2.747 2.730 2.707 2.661 2.601 2.446 2.411 4.458
8.200 110.000 1.263 1.402 1.566 1.664 1.797 1.946 2.039 2.147 2.237 2.322 2.391 2.447 2.507 2.547 2.587 2.661 2.679 2.709 2.691 2.667 2.621 2.560 2.408 2.374 4.436
8.200 120.000 1.247 1.386 1.549 1.648 1.779 1.929 2.021 2.128 2.219 2.302 2.371 2.425 2.485 2.523 2.561 2.631 2.646 2.673 2.653 2.628 2.583 2.521 2.371 2.337 4.414
8.200 130.000 1.230 1.368 1.532 1.630 1.761 1.910 2.001 2.109 2.198 2.281 2.349 2.402 2.460 2.496 2.532 2.598 2.611 2.634 2.612 2.587 2.544 2.480 2.333 2.301 4.394
8.200 140.000 1.213 1.351 1.514 1.612 1.742 1.891 1.982 2.088 2.178 2.259 2.326 2.378 2.435 2.469 2.503 2.565 2.576 2.595 2.573 2.548 2.505 2.441 2.297 2.265 4.373
8.200 150.000 1.196 1.333 1.496 1.594 1.723 1.872 1.962 2.069 2.158 2.238 2.304 2.354 2.410 2.444 2.475 2.533 2.542 2.558 2.535 2.510 2.468 2.404 2.263 2.231 4.356
8.200 175.000 1.152 1.289 1.451 1.548 1.676 1.825 1.913 2.019 2.106 2.184 2.247 2.294 2.347 2.376 2.402 2.451 2.455 2.466 2.441 2.417 2.376 2.313 2.180 2.149 4.309
8.200 200.000 1.113 1.249 1.410 1.507 1.633 1.781 1.869 1.973 2.059 2.135 2.195 2.238 2.288 2.313 2.334 2.374 2.373 2.378 2.352 2.328 2.289 2.227 2.101 2.071 4.264
8.200 250.000 1.045 1.179 1.339 1.435 1.558 1.705 1.789 1.891 1.973 2.043 2.097 2.131 2.173 2.190 2.201 2.222 2.212 2.210 2.184 2.165 2.131 2.074 1.969 1.941 4.193
8.200 300.000 0.983 1.117 1.276 1.372 1.491 1.637 1.718 1.817 1.896 1.960 2.007 2.034 2.070 2.078 2.079 2.085 2.066 2.060 2.035 2.021 1.991 1.939 1.851 1.825 4.126
8.200 350.000 0.931 1.063 1.221 1.316 1.433 1.577 1.656 1.752 1.827 1.885 1.926 1.944 1.973 1.974 1.965 1.957 1.931 1.923 1.900 1.891 1.866 1.820 1.747 1.723 4.071
8.200 400.000 0.883 1.015 1.172 1.267 1.380 1.523 1.599 1.692 1.764 1.815 1.850 1.860 1.882 1.875 1.857 1.836 1.804 1.797 1.776 1.771 1.750 1.710 1.651 1.629 4.019
8.200 450.000 0.837 0.968 1.125 1.218 1.329 1.471 1.544 1.635 1.702 1.748 1.776 1.779 1.794 1.780 1.753 1.721 1.682 1.675 1.656 1.655 1.636 1.601 1.554 1.533 3.970
8.200 500.000 0.795 0.925 1.081 1.174 1.281 1.423 1.492 1.581 1.645 1.684 1.706 1.701 1.710 1.687 1.652 1.610 1.566 1.562 1.545 1.547 1.532 1.503 1.466 1.446 3.923
8.200 600.000 0.728 0.857 1.011 1.103 1.205 1.343 1.406 1.487 1.541 1.564 1.571 1.549 1.542 1.504 1.453 1.395 1.344 1.353 1.345 1.358 1.349 1.333 1.317 1.299 3.831
8.200 700.000 0.657 0.785 0.939 1.030 1.126 1.262 1.319 1.394 1.439 1.449 1.443 1.407 1.389 1.339 1.276 1.208 1.151 1.170 1.166 1.184 1.179 1.173 1.170 1.153 3.752
8.200 800.000 0.600 0.727 0.880 0.970 1.061 1.194 1.244 1.312 1.348 1.343 1.324 1.273 1.244 1.183 1.109 1.033 0.973 1.003 1.004 1.026 1.024 1.027 1.036 1.019 3.677
8.200 1000.000 0.487 0.614 0.765 0.853 0.934 1.063 1.100 1.152 1.170 1.136 1.095 1.019 0.972 0.894 0.806 0.722 0.660 0.708 0.716 0.744 0.745 0.760 0.784 0.768 3.560
8.200 1200.000 0.388 0.515 0.665 0.751 0.823 0.945 0.969 1.004 1.004 0.942 0.879 0.781 0.718 0.627 0.533 0.446 0.386 0.447 0.461 0.489 0.494 0.516 0.548 0.534 3.429
8.200 1500.000 0.256 0.383 0.531 0.613 0.671 0.782 0.782 0.789 0.758 0.653 0.558 0.429 0.344 0.239 0.149 0.060 0.007 0.083 0.101 0.129 0.137 0.166 0.206 0.195 3.255
