NGA-East_Model_13 NGA-East USGS GMM as published in PEER Report No. 2017/03 with alternate sigma model, distance is Rrup. Log10 hazard values in cgs units PGA 0.02 PGV 0.01
          11 34 25 : nmag, ndist, nperiod
          10.000 7.519 5.000 4.000 3.003 2.000 1.499 1.000 0.750 0.500 0.400 0.300 0.250 0.200 0.150 0.100 0.075 0.050 0.040 0.030 0.025 0.020 0.010 PGA PGV
          0.570 0.585 0.606 0.618 0.633 0.654 0.669 0.690 0.705 0.726 0.738 0.753 0.762 0.774 0.789 0.810 0.796 0.777 0.766 0.752 0.744 0.733 0.700 0.700 0.810
4.000 0.000 -1.401 -1.081 -0.676 -0.444 -0.152 0.258 0.538 0.936 1.214 1.580 1.770 1.969 2.098 2.231 2.368 2.537 2.619 2.744 2.773 2.783 2.769 2.736 2.557 2.525 3.576
4.000 1.000 -1.510 -1.190 -0.788 -0.557 -0.266 0.145 0.423 0.823 1.101 1.467 1.656 1.855 1.984 2.120 2.263 2.432 2.519 2.645 2.675 2.686 2.677 2.640 2.462 2.431 3.463
4.000 5.000 -2.003 -1.686 -1.285 -1.056 -0.787 -0.369 -0.098 0.313 0.594 0.977 1.165 1.375 1.506 1.649 1.817 1.996 2.098 2.220 2.249 2.252 2.237 2.198 2.022 1.994 2.914
4.000 10.000 -2.350 -2.036 -1.632 -1.405 -1.148 -0.728 -0.461 -0.046 0.235 0.624 0.808 1.025 1.151 1.292 1.465 1.644 1.743 1.862 1.887 1.884 1.865 1.825 1.652 1.625 2.541
4.000 15.000 -2.586 -2.273 -1.867 -1.641 -1.389 -0.970 -0.703 -0.288 -0.008 0.381 0.563 0.782 0.905 1.043 1.213 1.387 1.481 1.592 1.613 1.605 1.582 1.540 1.367 1.341 2.271
4.000 20.000 -2.765 -2.453 -2.045 -1.820 -1.570 -1.153 -0.886 -0.471 -0.192 0.197 0.377 0.598 0.719 0.853 1.020 1.190 1.281 1.385 1.402 1.390 1.364 1.321 1.148 1.122 2.062
4.000 25.000 -2.912 -2.600 -2.191 -1.967 -1.719 -1.303 -1.037 -0.621 -0.343 0.046 0.225 0.447 0.566 0.699 0.863 1.031 1.117 1.216 1.231 1.215 1.186 1.141 0.968 0.942 1.892
4.000 30.000 -3.028 -2.717 -2.307 -2.084 -1.838 -1.422 -1.157 -0.741 -0.464 -0.075 0.102 0.325 0.443 0.574 0.736 0.901 0.984 1.079 1.091 1.073 1.042 0.998 0.824 0.799 1.758
4.000 40.000 -3.211 -2.901 -2.489 -2.267 -2.024 -1.609 -1.344 -0.929 -0.654 -0.265 -0.090 0.134 0.249 0.377 0.535 0.696 0.773 0.862 0.870 0.848 0.814 0.770 0.597 0.572 1.551
4.000 50.000 -3.350 -3.041 -2.629 -2.407 -2.167 -1.753 -1.489 -1.074 -0.800 -0.412 -0.239 -0.015 0.098 0.223 0.377 0.534 0.605 0.689 0.694 0.667 0.631 0.586 0.415 0.389 1.392
4.000 60.000 -3.432 -3.123 -2.711 -2.489 -2.248 -1.836 -1.571 -1.158 -0.885 -0.499 -0.326 -0.104 0.008 0.131 0.280 0.434 0.500 0.578 0.580 0.551 0.513 0.469 0.298 0.272 1.293
4.000 70.000 -3.484 -3.176 -2.764 -2.543 -2.304 -1.892 -1.629 -1.216 -0.944 -0.559 -0.387 -0.166 -0.055 0.067 0.213 0.362 0.426 0.495 0.494 0.463 0.424 0.376 0.204 0.180 1.215
4.000 80.000 -3.522 -3.215 -2.804 -2.583 -2.345 -1.934 -1.671 -1.259 -0.988 -0.604 -0.433 -0.214 -0.104 0.016 0.160 0.304 0.366 0.428 0.424 0.391 0.351 0.300 0.127 0.103 1.153
4.000 90.000 -3.553 -3.246 -2.836 -2.615 -2.377 -1.967 -1.705 -1.294 -1.023 -0.641 -0.471 -0.253 -0.144 -0.026 0.115 0.255 0.314 0.370 0.363 0.328 0.287 0.234 0.059 0.036 1.103
4.000 100.000 -3.580 -3.274 -2.864 -2.644 -2.407 -1.997 -1.735 -1.326 -1.055 -0.675 -0.506 -0.290 -0.182 -0.065 0.074 0.208 0.265 0.315 0.306 0.268 0.227 0.171 -0.003 -0.027 1.057
4.000 110.000 -3.605 -3.299 -2.890 -2.670 -2.434 -2.024 -1.763 -1.355 -1.085 -0.706 -0.538 -0.324 -0.217 -0.101 0.035 0.165 0.218 0.262 0.251 0.212 0.170 0.112 -0.062 -0.084 1.015
4.000 120.000 -3.628 -3.323 -2.915 -2.695 -2.459 -2.050 -1.790 -1.382 -1.113 -0.736 -0.569 -0.356 -0.250 -0.137 -0.003 0.122 0.172 0.211 0.198 0.157 0.114 0.056 -0.117 -0.140 0.975
4.000 130.000 -3.653 -3.349 -2.940 -2.721 -2.485 -2.077 -1.817 -1.411 -1.143 -0.767 -0.601 -0.390 -0.285 -0.173 -0.043 0.078 0.124 0.158 0.142 0.100 0.057 -0.002 -0.174 -0.197 0.934
4.000 140.000 -3.678 -3.374 -2.966 -2.747 -2.511 -2.104 -1.844 -1.439 -1.171 -0.797 -0.632 -0.423 -0.319 -0.209 -0.082 0.034 0.077 0.106 0.088 0.044 0.000 -0.060 -0.231 -0.253 0.892
4.000 150.000 -3.704 -3.400 -2.993 -2.774 -2.538 -2.132 -1.873 -1.468 -1.202 -0.829 -0.665 -0.457 -0.354 -0.246 -0.123 -0.011 0.029 0.053 0.033 -0.013 -0.057 -0.117 -0.285 -0.307 0.852
4.000 175.000 -3.766 -3.464 -3.057 -2.840 -2.605 -2.200 -1.942 -1.540 -1.275 -0.906 -0.744 -0.541 -0.441 -0.337 -0.220 -0.119 -0.088 -0.075 -0.099 -0.148 -0.193 -0.253 -0.416 -0.437 0.756
4.000 200.000 -3.823 -3.521 -3.115 -2.898 -2.664 -2.261 -2.004 -1.604 -1.341 -0.976 -0.816 -0.616 -0.519 -0.420 -0.310 -0.219 -0.196 -0.193 -0.221 -0.272 -0.319 -0.378 -0.537 -0.557 0.668
4.000 250.000 -3.921 -3.621 -3.218 -3.003 -2.772 -2.371 -2.117 -1.721 -1.462 -1.103 -0.949 -0.757 -0.666 -0.576 -0.479 -0.410 -0.402 -0.416 -0.450 -0.503 -0.549 -0.606 -0.749 -0.768 0.506
4.000 300.000 -4.005 -3.707 -3.305 -3.092 -2.865 -2.466 -2.215 -1.822 -1.567 -1.214 -1.066 -0.881 -0.798 -0.716 -0.632 -0.583 -0.588 -0.616 -0.654 -0.708 -0.752 -0.805 -0.933 -0.950 0.367
4.000 350.000 -4.077 -3.780 -3.381 -3.169 -2.945 -2.548 -2.300 -1.910 -1.660 -1.313 -1.171 -0.994 -0.918 -0.845 -0.773 -0.744 -0.761 -0.802 -0.842 -0.896 -0.938 -0.986 -1.100 -1.116 0.241
4.000 400.000 -4.143 -3.847 -3.449 -3.238 -3.017 -2.622 -2.378 -1.991 -1.744 -1.404 -1.268 -1.099 -1.030 -0.966 -0.907 -0.896 -0.926 -0.976 -1.018 -1.071 -1.110 -1.155 -1.254 -1.268 0.123
4.000 450.000 -4.203 -3.908 -3.514 -3.304 -3.089 -2.694 -2.454 -2.070 -1.827 -1.492 -1.364 -1.204 -1.142 -1.087 -1.039 -1.047 -1.089 -1.144 -1.187 -1.239 -1.274 -1.313 -1.398 -1.412 0.010
4.000 500.000 -4.259 -3.965 -3.573 -3.364 -3.154 -2.759 -2.524 -2.143 -1.905 -1.575 -1.454 -1.302 -1.248 -1.203 -1.165 -1.191 -1.244 -1.302 -1.346 -1.396 -1.427 -1.461 -1.531 -1.545 -0.094
4.000 600.000 -4.351 -4.059 -3.672 -3.464 -3.263 -2.871 -2.645 -2.273 -2.046 -1.734 -1.632 -1.503 -1.469 -1.447 -1.436 -1.498 -1.574 -1.624 -1.659 -1.697 -1.714 -1.732 -1.770 -1.780 -0.284
4.000 700.000 -4.443 -4.152 -3.768 -3.562 -3.368 -2.978 -2.759 -2.394 -2.176 -1.879 -1.791 -1.679 -1.661 -1.657 -1.664 -1.754 -1.845 -1.895 -1.927 -1.962 -1.972 -1.982 -2.003 -2.011 -0.456
4.000 800.000 -4.527 -4.235 -3.854 -3.650 -3.462 -3.074 -2.863 -2.507 -2.299 -2.018 -1.947 -1.852 -1.850 -1.864 -1.891 -2.006 -2.112 -2.155 -2.182 -2.213 -2.218 -2.215 -2.218 -2.228 -0.614
4.000 1000.000 -4.702 -4.409 -4.030 -3.827 -3.647 -3.264 -3.065 -2.725 -2.535 -2.285 -2.241 -2.178 -2.203 -2.248 -2.305 -2.456 -2.585 -2.612 -2.633 -2.661 -2.659 -2.636 -2.615 -2.627 -0.894
4.000 1200.000 -4.848 -4.553 -4.175 -3.972 -3.800 -3.423 -3.237 -2.917 -2.749 -2.536 -2.522 -2.494 -2.548 -2.623 -2.711 -2.894 -3.041 -3.052 -3.065 -3.092 -3.082 -3.042 -3.000 -3.012 -1.160
4.000 1500.000 -5.072 -4.770 -4.389 -4.186 -4.022 -3.655 -3.487 -3.196 -3.060 -2.903 -2.931 -2.953 -3.046 -3.163 -3.291 -3.515 -3.689 -3.680 -3.686 -3.719 -3.704 -3.641 -3.576 -3.589 -1.541
4.500 0.000 -0.963 -0.646 -0.239 -0.007 0.283 0.696 0.974 1.362 1.628 1.954 2.116 2.275 2.380 2.486 2.598 2.738 2.807 2.901 2.917 2.914 2.891 2.852 2.678 2.648 3.832
4.500 1.000 -1.041 -0.724 -0.320 -0.088 0.201 0.615 0.892 1.280 1.545 1.872 2.034 2.191 2.296 2.404 2.520 2.658 2.732 2.826 2.843 2.840 2.822 2.777 2.603 2.573 3.751
4.500 5.000 -1.441 -1.126 -0.723 -0.494 -0.219 0.199 0.470 0.866 1.133 1.470 1.631 1.795 1.900 2.013 2.147 2.294 2.378 2.478 2.496 2.492 2.474 2.428 2.256 2.229 3.299
4.500 10.000 -1.766 -1.453 -1.050 -0.822 -0.558 -0.138 0.129 0.529 0.795 1.137 1.295 1.464 1.566 1.677 1.815 1.961 2.043 2.139 2.155 2.145 2.124 2.077 1.909 1.883 2.940
4.500 15.000 -1.993 -1.681 -1.275 -1.048 -0.789 -0.370 -0.104 0.297 0.562 0.904 1.060 1.232 1.331 1.438 1.574 1.716 1.794 1.882 1.894 1.880 1.856 1.807 1.641 1.616 2.681
4.500 20.000 -2.163 -1.852 -1.445 -1.219 -0.963 -0.545 -0.279 0.122 0.386 0.729 0.882 1.055 1.152 1.257 1.389 1.528 1.602 1.684 1.692 1.675 1.647 1.598 1.433 1.409 2.485
4.500 25.000 -2.301 -1.991 -1.583 -1.358 -1.104 -0.687 -0.422 -0.021 0.242 0.585 0.737 0.911 1.006 1.109 1.239 1.374 1.445 1.521 1.527 1.506 1.477 1.427 1.262 1.239 2.324
4.500 30.000 -2.413 -2.103 -1.695 -1.470 -1.219 -0.802 -0.538 -0.137 0.125 0.469 0.619 0.794 0.887 0.988 1.116 1.249 1.316 1.389 1.392 1.370 1.338 1.288 1.125 1.102 2.196
4.500 40.000 -2.587 -2.278 -1.868 -1.644 -1.397 -0.982 -0.718 -0.318 -0.056 0.286 0.434 0.610 0.700 0.798 0.922 1.051 1.112 1.178 1.178 1.152 1.119 1.068 0.907 0.884 2.000
4.500 50.000 -2.720 -2.413 -2.002 -1.779 -1.534 -1.120 -0.857 -0.458 -0.198 0.144 0.290 0.466 0.555 0.650 0.770 0.894 0.950 1.011 1.007 0.978 0.943 0.892 0.732 0.709 1.850
4.500 60.000 -2.797 -2.490 -2.080 -1.858 -1.612 -1.200 -0.936 -0.539 -0.280 0.060 0.206 0.381 0.468 0.561 0.677 0.797 0.848 0.904 0.898 0.867 0.830 0.780 0.621 0.598 1.756
4.500 70.000 -2.847 -2.541 -2.132 -1.910 -1.666 -1.255 -0.992 -0.595 -0.337 0.002 0.146 0.319 0.406 0.497 0.610 0.726 0.775 0.823 0.814 0.781 0.743 0.689 0.530 0.508 1.682
4.500 80.000 -2.882 -2.577 -2.168 -1.947 -1.704 -1.293 -1.032 -0.636 -0.378 -0.041 0.102 0.274 0.359 0.449 0.560 0.670 0.718 0.758 0.746 0.711 0.673 0.617 0.456 0.435 1.625
4.500 90.000 -2.910 -2.606 -2.197 -1.977 -1.735 -1.324 -1.064 -0.669 -0.412 -0.076 0.066 0.236 0.320 0.408 0.516 0.622 0.667 0.701 0.687 0.650 0.611 0.553 0.392 0.372 1.578
4.500 100.000 -2.936 -2.632 -2.224 -2.004 -1.762 -1.353 -1.093 -0.699 -0.443 -0.109 0.032 0.201 0.284 0.371 0.476 0.577 0.619 0.647 0.631 0.593 0.554 0.493 0.333 0.312 1.535
4.500 110.000 -2.958 -2.655 -2.248 -2.028 -1.787 -1.378 -1.120 -0.726 -0.472 -0.139 0.002 0.168 0.249 0.335 0.437 0.534 0.573 0.596 0.578 0.538 0.499 0.437 0.278 0.258 1.496
4.500 120.000 -2.979 -2.677 -2.271 -2.051 -1.811 -1.403 -1.144 -0.753 -0.498 -0.167 -0.028 0.137 0.217 0.301 0.401 0.493 0.529 0.548 0.528 0.487 0.447 0.384 0.226 0.206 1.459
4.500 130.000 -3.003 -2.701 -2.295 -2.075 -1.836 -1.428 -1.170 -0.780 -0.526 -0.197 -0.058 0.104 0.184 0.266 0.362 0.449 0.482 0.496 0.474 0.432 0.391 0.329 0.172 0.152 1.421
4.500 140.000 -3.026 -2.724 -2.318 -2.100 -1.860 -1.454 -1.196 -0.807 -0.554 -0.227 -0.089 0.072 0.151 0.231 0.324 0.407 0.436 0.445 0.421 0.378 0.337 0.274 0.118 0.099 1.383
4.500 150.000 -3.050 -2.749 -2.343 -2.125 -1.886 -1.480 -1.223 -0.835 -0.583 -0.257 -0.121 0.039 0.116 0.194 0.285 0.363 0.389 0.394 0.368 0.324 0.283 0.219 0.067 0.048 1.346
4.500 175.000 -3.108 -2.808 -2.404 -2.187 -1.948 -1.545 -1.289 -0.903 -0.654 -0.331 -0.197 -0.041 0.033 0.106 0.190 0.257 0.276 0.270 0.241 0.194 0.152 0.090 -0.058 -0.076 1.257
4.500 200.000 -3.160 -2.861 -2.458 -2.241 -2.004 -1.602 -1.348 -0.965 -0.717 -0.399 -0.267 -0.115 -0.044 0.026 0.102 0.159 0.171 0.155 0.123 0.074 0.033 -0.029 -0.171 -0.189 1.176
4.500 250.000 -3.250 -2.953 -2.553 -2.338 -2.106 -1.706 -1.455 -1.076 -0.833 -0.521 -0.396 -0.252 -0.188 -0.127 -0.064 -0.028 -0.031 -0.062 -0.098 -0.147 -0.187 -0.245 -0.371 -0.387 1.024
4.500 300.000 -3.326 -3.031 -2.634 -2.421 -2.192 -1.795 -1.548 -1.173 -0.934 -0.628 -0.508 -0.373 -0.316 -0.264 -0.213 -0.198 -0.213 -0.255 -0.294 -0.343 -0.380 -0.434 -0.544 -0.559 0.894
4.500 350.000 -3.393 -3.100 -2.705 -2.493 -2.268 -1.873 -1.630 -1.258 -1.024 -0.725 -0.611 -0.484 -0.433 -0.391 -0.352 -0.355 -0.382 -0.433 -0.475 -0.522 -0.556 -0.606 -0.702 -0.715 0.777
4.500 400.000 -3.453 -3.161 -2.768 -2.558 -2.336 -1.944 -1.704 -1.336 -1.106 -0.813 -0.706 -0.587 -0.543 -0.510 -0.483 -0.503 -0.540 -0.599 -0.641 -0.687 -0.718 -0.762 -0.844 -0.857 0.670
4.500 450.000 -3.508 -3.218 -2.829 -2.620 -2.405 -2.013 -1.778 -1.413 -1.186 -0.900 -0.800 -0.689 -0.653 -0.628 -0.612 -0.649 -0.697 -0.760 -0.801 -0.845 -0.872 -0.911 -0.980 -0.992 0.564
4.500 500.000 -3.560 -3.271 -2.885 -2.678 -2.467 -2.076 -1.845 -1.484 -1.262 -0.981 -0.888 -0.786 -0.757 -0.742 -0.735 -0.789 -0.848 -0.911 -0.952 -0.993 -1.017 -1.049 -1.105 -1.117 0.467
4.500 600.000 -3.646 -3.359 -2.979 -2.774 -2.572 -2.184 -1.963 -1.611 -1.400 -1.137 -1.062 -0.981 -0.972 -0.978 -0.996 -1.082 -1.160 -1.212 -1.245 -1.275 -1.285 -1.304 -1.330 -1.339 0.290
4.500 700.000 -3.731 -3.445 -3.069 -2.865 -2.672 -2.286 -2.074 -1.729 -1.528 -1.280 -1.220 -1.157 -1.162 -1.186 -1.222 -1.334 -1.426 -1.473 -1.501 -1.527 -1.531 -1.539 -1.548 -1.557 0.131
4.500 800.000 -3.812 -3.526 -3.153 -2.951 -2.765 -2.381 -2.177 -1.841 -1.649 -1.415 -1.370 -1.323 -1.343 -1.382 -1.435 -1.567 -1.672 -1.711 -1.735 -1.758 -1.757 -1.754 -1.749 -1.758 -0.016
4.500 1000.000 -3.976 -3.690 -3.320 -3.120 -2.943 -2.566 -2.374 -2.055 -1.881 -1.679 -1.660 -1.643 -1.689 -1.757 -1.838 -2.000 -2.125 -2.145 -2.160 -2.180 -2.172 -2.149 -2.122 -2.133 -0.278
4.500 1200.000 -4.112 -3.825 -3.458 -3.260 -3.091 -2.721 -2.542 -2.243 -2.092 -1.925 -1.935 -1.951 -2.023 -2.120 -2.229 -2.419 -2.561 -2.563 -2.572 -2.592 -2.578 -2.537 -2.491 -2.503 -0.526
4.500 1500.000 -4.322 -4.030 -3.661 -3.464 -3.306 -2.946 -2.788 -2.520 -2.401 -2.289 -2.341 -2.403 -2.512 -2.647 -2.793 -3.016 -3.184 -3.161 -3.163 -3.189 -3.170 -3.105 -3.037 -3.052 -0.881
5.000 0.000 -0.523 -0.214 0.183 0.409 0.691 1.091 1.354 1.713 1.952 2.228 2.361 2.486 2.573 2.662 2.761 2.882 2.944 3.017 3.024 3.014 2.986 2.943 2.777 2.748 4.049
5.000 1.000 -0.578 -0.270 0.123 0.349 0.631 1.032 1.294 1.652 1.891 2.166 2.300 2.421 2.510 2.600 2.701 2.819 2.883 2.956 2.963 2.952 2.928 2.880 2.712 2.684 3.990
5.000 5.000 -0.886 -0.579 -0.189 0.036 0.309 0.713 0.971 1.333 1.573 1.854 1.988 2.113 2.202 2.296 2.410 2.535 2.608 2.687 2.697 2.688 2.668 2.616 2.449 2.422 3.640
5.000 10.000 -1.181 -0.876 -0.484 -0.261 0.002 0.407 0.662 1.028 1.267 1.553 1.683 1.814 1.899 1.992 2.109 2.234 2.304 2.382 2.389 2.376 2.354 2.302 2.139 2.114 3.310
5.000 15.000 -1.394 -1.090 -0.696 -0.475 -0.215 0.189 0.443 0.809 1.048 1.334 1.462 1.594 1.677 1.767 1.882 2.003 2.071 2.142 2.146 2.130 2.105 2.051 1.890 1.866 3.066
5.000 20.000 -1.553 -1.250 -0.855 -0.634 -0.378 0.025 0.278 0.644 0.882 1.169 1.295 1.428 1.509 1.596 1.708 1.825 1.889 1.953 1.955 1.935 1.909 1.854 1.696 1.673 2.884
5.000 25.000 -1.683 -1.380 -0.984 -0.764 -0.511 -0.109 0.144 0.510 0.746 1.033 1.157 1.291 1.370 1.455 1.564 1.678 1.738 1.796 1.795 1.773 1.745 1.690 1.534 1.511 2.731
5.000 30.000 -1.789 -1.487 -1.090 -0.871 -0.621 -0.219 0.033 0.399 0.635 0.922 1.045 1.180 1.256 1.339 1.446 1.557 1.614 1.669 1.665 1.641 1.611 1.556 1.401 1.379 2.610
5.000 40.000 -1.953 -1.653 -1.256 -1.038 -0.791 -0.390 -0.139 0.227 0.461 0.747 0.868 1.003 1.077 1.157 1.260 1.366 1.417 1.465 1.458 1.431 1.400 1.344 1.192 1.171 2.423
5.000 50.000 -2.082 -1.783 -1.385 -1.167 -0.924 -0.524 -0.275 0.091 0.324 0.610 0.728 0.864 0.936 1.013 1.113 1.215 1.261 1.303 1.294 1.264 1.232 1.175 1.026 1.004 2.280
5.000 60.000 -2.156 -1.858 -1.460 -1.243 -0.999 -0.602 -0.351 0.012 0.244 0.528 0.646 0.781 0.852 0.927 1.022 1.121 1.163 1.200 1.188 1.157 1.123 1.067 0.918 0.896 2.192
5.000 70.000 -2.205 -1.907 -1.510 -1.295 -1.052 -0.655 -0.406 -0.043 0.188 0.471 0.588 0.721 0.791 0.865 0.958 1.051 1.092 1.121 1.106 1.074 1.039 0.979 0.830 0.810 2.121
5.000 80.000 -2.236 -1.940 -1.543 -1.328 -1.087 -0.691 -0.443 -0.081 0.149 0.431 0.547 0.678 0.747 0.819 0.909 0.998 1.036 1.058 1.041 1.007 0.972 0.910 0.760 0.741 2.067
5.000 90.000 -2.263 -1.966 -1.571 -1.357 -1.116 -0.721 -0.474 -0.113 0.117 0.397 0.512 0.642 0.709 0.780 0.867 0.951 0.987 1.003 0.984 0.948 0.912 0.849 0.699 0.680 2.023
5.000 100.000 -2.286 -1.991 -1.597 -1.382 -1.143 -0.748 -0.502 -0.142 0.087 0.366 0.479 0.608 0.674 0.743 0.828 0.907 0.940 0.951 0.930 0.892 0.857 0.791 0.642 0.623 1.983
5.000 110.000 -2.308 -2.013 -1.619 -1.405 -1.166 -0.772 -0.527 -0.168 0.059 0.337 0.449 0.576 0.641 0.708 0.791 0.865 0.896 0.902 0.879 0.840 0.804 0.738 0.590 0.571 1.946
5.000 120.000 -2.327 -2.033 -1.640 -1.426 -1.188 -0.795 -0.550 -0.193 0.034 0.310 0.422 0.546 0.611 0.676 0.756 0.826 0.854 0.856 0.831 0.791 0.755 0.688 0.540 0.523 1.912
5.000 130.000 -2.348 -2.055 -1.662 -1.449 -1.211 -0.819 -0.575 -0.219 0.008 0.282 0.392 0.515 0.578 0.642 0.719 0.783 0.809 0.806 0.779 0.738 0.702 0.634 0.489 0.471 1.877
5.000 140.000 -2.370 -2.077 -1.685 -1.472 -1.235 -0.844 -0.600 -0.244 -0.019 0.253 0.363 0.484 0.546 0.608 0.681 0.741 0.764 0.756 0.728 0.686 0.650 0.582 0.438 0.421 1.842
5.000 150.000 -2.392 -2.100 -1.708 -1.496 -1.259 -0.869 -0.625 -0.272 -0.047 0.224 0.332 0.452 0.512 0.572 0.643 0.698 0.718 0.706 0.676 0.634 0.598 0.530 0.389 0.372 1.808
5.000 175.000 -2.446 -2.155 -1.765 -1.553 -1.318 -0.929 -0.688 -0.336 -0.114 0.153 0.259 0.374 0.432 0.487 0.550 0.596 0.607 0.586 0.553 0.509 0.473 0.406 0.272 0.255 1.725
5.000 200.000 -2.493 -2.203 -1.815 -1.604 -1.370 -0.983 -0.744 -0.395 -0.175 0.088 0.192 0.303 0.357 0.409 0.464 0.499 0.504 0.473 0.439 0.394 0.358 0.293 0.165 0.149 1.649
5.000 250.000 -2.577 -2.290 -1.904 -1.696 -1.466 -1.082 -0.846 -0.502 -0.287 -0.030 0.067 0.170 0.217 0.259 0.302 0.315 0.308 0.264 0.226 0.181 0.148 0.087 -0.026 -0.040 1.508
5.000 300.000 -2.647 -2.362 -1.979 -1.772 -1.547 -1.166 -0.934 -0.594 -0.383 -0.133 -0.042 0.053 0.093 0.125 0.156 0.150 0.131 0.077 0.037 -0.007 -0.037 -0.093 -0.191 -0.203 1.386
5.000 350.000 -2.709 -2.426 -2.046 -1.841 -1.620 -1.242 -1.013 -0.677 -0.470 -0.227 -0.142 -0.055 -0.022 0.002 0.020 -0.003 -0.033 -0.095 -0.135 -0.178 -0.204 -0.256 -0.339 -0.351 1.277
5.000 400.000 -2.766 -2.484 -2.107 -1.903 -1.686 -1.310 -1.085 -0.753 -0.550 -0.314 -0.235 -0.157 -0.130 -0.115 -0.107 -0.147 -0.186 -0.253 -0.293 -0.332 -0.356 -0.402 -0.472 -0.483 1.182
5.000 450.000 -2.818 -2.538 -2.165 -1.962 -1.751 -1.375 -1.156 -0.827 -0.628 -0.397 -0.326 -0.255 -0.236 -0.230 -0.232 -0.288 -0.337 -0.405 -0.445 -0.482 -0.502 -0.542 -0.599 -0.610 1.084
5.000 500.000 -2.867 -2.588 -2.218 -2.017 -1.812 -1.437 -1.222 -0.896 -0.702 -0.477 -0.412 -0.350 -0.338 -0.341 -0.352 -0.423 -0.482 -0.549 -0.587 -0.622 -0.638 -0.672 -0.718 -0.728 0.992
5.000 600.000 -2.947 -2.671 -2.307 -2.109 -1.913 -1.541 -1.336 -1.020 -0.837 -0.629 -0.582 -0.541 -0.547 -0.571 -0.605 -0.705 -0.781 -0.835 -0.865 -0.887 -0.891 -0.911 -0.929 -0.937 0.827
5.000 700.000 -3.028 -2.752 -2.394 -2.197 -2.009 -1.640 -1.443 -1.135 -0.960 -0.767 -0.733 -0.709 -0.729 -0.768 -0.820 -0.940 -1.030 -1.076 -1.102 -1.121 -1.119 -1.129 -1.131 -1.140 0.679
5.000 800.000 -3.104 -2.830 -2.474 -2.280 -2.099 -1.733 -1.544 -1.244 -1.079 -0.900 -0.881 -0.872 -0.905 -0.960 -1.027 -1.166 -1.266 -1.303 -1.324 -1.339 -1.333 -1.331 -1.321 -1.331 0.542
5.000 1000.000 -3.259 -2.985 -2.635 -2.443 -2.272 -1.912 -1.737 -1.454 -1.307 -1.157 -1.163 -1.183 -1.241 -1.322 -1.415 -1.579 -1.698 -1.712 -1.724 -1.736 -1.724 -1.702 -1.672 -1.684 0.298
5.000 1200.000 -3.389 -3.114 -2.766 -2.576 -2.416 -2.063 -1.902 -1.639 -1.512 -1.398 -1.430 -1.482 -1.563 -1.671 -1.790 -1.978 -2.114 -2.111 -2.117 -2.131 -2.113 -2.074 -2.027 -2.040 0.068
5.000 1500.000 -3.587 -3.308 -2.960 -2.772 -2.624 -2.284 -2.143 -1.911 -1.817 -1.754 -1.827 -1.920 -2.037 -2.181 -2.332 -2.548 -2.706 -2.675 -2.674 -2.693 -2.671 -2.609 -2.542 -2.558 -0.261
5.500 0.000 -0.090 0.203 0.579 0.792 1.056 1.431 1.669 1.987 2.193 2.423 2.532 2.634 2.710 2.788 2.878 2.988 3.043 3.102 3.103 3.091 3.058 3.014 2.858 2.830 4.203
5.500 1.000 -0.132 0.161 0.532 0.746 1.009 1.385 1.622 1.939 2.146 2.374 2.484 2.582 2.659 2.738 2.830 2.937 2.991 3.050 3.051 3.037 3.009 2.959 2.800 2.772 4.159
5.500 5.000 -0.353 -0.061 0.308 0.521 0.781 1.159 1.394 1.711 1.920 2.150 2.260 2.358 2.437 2.518 2.617 2.727 2.788 2.852 2.854 2.842 2.819 2.763 2.602 2.575 3.917
5.500 10.000 -0.605 -0.314 0.055 0.267 0.521 0.899 1.132 1.451 1.660 1.892 2.001 2.102 2.179 2.259 2.360 2.469 2.530 2.593 2.594 2.579 2.557 2.499 2.341 2.316 3.633
5.500 15.000 -0.798 -0.508 -0.137 0.073 0.323 0.701 0.933 1.253 1.460 1.693 1.800 1.902 1.977 2.055 2.154 2.260 2.318 2.375 2.374 2.357 2.333 2.274 2.119 2.095 3.412
5.500 20.000 -0.944 -0.655 -0.284 -0.074 0.172 0.549 0.780 1.100 1.306 1.540 1.644 1.748 1.820 1.895 1.992 2.095 2.149 2.200 2.196 2.177 2.151 2.092 1.941 1.917 3.244
5.500 25.000 -1.064 -0.776 -0.404 -0.195 0.048 0.424 0.654 0.974 1.179 1.413 1.516 1.619 1.689 1.763 1.857 1.955 2.005 2.051 2.044 2.023 1.996 1.936 1.788 1.765 3.101
5.500 30.000 -1.165 -0.877 -0.505 -0.297 -0.057 0.319 0.548 0.869 1.073 1.307 1.408 1.512 1.581 1.652 1.744 1.839 1.887 1.928 1.919 1.896 1.868 1.808 1.662 1.640 2.986
5.500 40.000 -1.319 -1.033 -0.661 -0.454 -0.218 0.157 0.384 0.705 0.908 1.142 1.240 1.345 1.411 1.479 1.567 1.657 1.699 1.734 1.722 1.696 1.667 1.606 1.464 1.442 2.809
5.500 50.000 -1.441 -1.156 -0.784 -0.577 -0.345 0.029 0.255 0.575 0.777 1.011 1.107 1.213 1.276 1.341 1.427 1.512 1.550 1.580 1.565 1.537 1.507 1.446 1.306 1.285 2.673
5.500 60.000 -1.512 -1.228 -0.856 -0.650 -0.418 -0.046 0.179 0.499 0.699 0.932 1.028 1.133 1.195 1.259 1.340 1.422 1.456 1.481 1.464 1.435 1.403 1.342 1.202 1.181 2.590
5.500 70.000 -1.557 -1.274 -0.904 -0.699 -0.469 -0.097 0.128 0.447 0.646 0.879 0.973 1.076 1.137 1.200 1.278 1.356 1.389 1.405 1.386 1.356 1.323 1.259 1.119 1.098 2.523
5.500 80.000 -1.587 -1.304 -0.935 -0.730 -0.502 -0.131 0.093 0.411 0.610 0.841 0.934 1.035 1.095 1.155 1.232 1.304 1.335 1.346 1.324 1.292 1.259 1.193 1.052 1.033 2.471
5.500 90.000 -1.611 -1.329 -0.961 -0.757 -0.529 -0.159 0.064 0.381 0.579 0.809 0.901 1.000 1.059 1.118 1.192 1.259 1.287 1.293 1.269 1.235 1.202 1.134 0.994 0.975 2.430
5.500 100.000 -1.632 -1.351 -0.984 -0.780 -0.554 -0.184 0.037 0.353 0.551 0.779 0.870 0.968 1.026 1.082 1.154 1.217 1.242 1.242 1.217 1.182 1.149 1.080 0.941 0.922 2.392
5.500 110.000 -1.652 -1.372 -1.004 -0.802 -0.577 -0.207 0.013 0.329 0.525 0.752 0.842 0.938 0.995 1.050 1.119 1.177 1.200 1.195 1.168 1.132 1.099 1.029 0.891 0.872 2.359
5.500 120.000 -1.669 -1.390 -1.024 -0.821 -0.597 -0.229 -0.009 0.305 0.501 0.727 0.815 0.910 0.965 1.019 1.085 1.139 1.159 1.150 1.121 1.085 1.052 0.980 0.844 0.825 2.327
5.500 130.000 -1.690 -1.411 -1.046 -0.843 -0.619 -0.252 -0.033 0.280 0.475 0.699 0.787 0.880 0.933 0.986 1.049 1.097 1.115 1.102 1.071 1.034 1.001 0.929 0.794 0.776 2.295
5.500 140.000 -1.710 -1.432 -1.067 -0.865 -0.642 -0.275 -0.057 0.255 0.449 0.672 0.758 0.849 0.902 0.952 1.012 1.056 1.071 1.053 1.022 0.983 0.951 0.879 0.747 0.729 2.264
5.500 150.000 -1.731 -1.453 -1.089 -0.888 -0.665 -0.299 -0.081 0.229 0.423 0.644 0.729 0.819 0.870 0.918 0.975 1.015 1.027 1.005 0.972 0.934 0.901 0.830 0.699 0.682 2.232
5.500 175.000 -1.781 -1.505 -1.142 -0.942 -0.721 -0.357 -0.141 0.167 0.358 0.575 0.658 0.743 0.791 0.835 0.885 0.914 0.919 0.888 0.853 0.814 0.782 0.711 0.588 0.571 2.155
5.500 200.000 -1.824 -1.550 -1.189 -0.990 -0.771 -0.409 -0.194 0.111 0.300 0.514 0.594 0.675 0.719 0.758 0.801 0.819 0.817 0.779 0.742 0.702 0.671 0.603 0.486 0.470 2.084
5.500 250.000 -1.903 -1.631 -1.273 -1.076 -0.862 -0.503 -0.293 0.009 0.193 0.400 0.474 0.546 0.583 0.613 0.642 0.640 0.626 0.576 0.536 0.498 0.469 0.406 0.304 0.290 1.950
5.500 300.000 -1.969 -1.699 -1.345 -1.150 -0.940 -0.584 -0.378 -0.080 0.100 0.300 0.367 0.432 0.462 0.482 0.499 0.478 0.454 0.395 0.354 0.317 0.293 0.234 0.147 0.134 1.835
5.500 350.000 -2.028 -1.760 -1.409 -1.215 -1.010 -0.656 -0.454 -0.160 0.015 0.209 0.270 0.326 0.349 0.360 0.366 0.328 0.295 0.230 0.189 0.154 0.134 0.080 0.008 -0.005 1.737
5.500 400.000 -2.082 -1.815 -1.466 -1.274 -1.073 -0.721 -0.523 -0.233 -0.062 0.125 0.180 0.227 0.244 0.246 0.241 0.188 0.145 0.077 0.037 0.006 -0.012 -0.059 -0.119 -0.130 1.648
5.500 450.000 -2.131 -1.866 -1.521 -1.330 -1.134 -0.784 -0.590 -0.304 -0.137 0.044 0.092 0.131 0.141 0.134 0.119 0.051 -0.000 -0.069 -0.107 -0.136 -0.149 -0.191 -0.239 -0.250 1.556
5.500 500.000 -2.177 -1.914 -1.572 -1.382 -1.191 -0.842 -0.653 -0.371 -0.207 -0.033 0.009 0.040 0.042 0.027 0.003 -0.079 -0.138 -0.205 -0.242 -0.268 -0.278 -0.314 -0.351 -0.362 1.471
5.500 600.000 -2.255 -1.994 -1.657 -1.471 -1.288 -0.943 -0.763 -0.491 -0.338 -0.182 -0.156 -0.146 -0.160 -0.195 -0.241 -0.349 -0.424 -0.476 -0.504 -0.518 -0.516 -0.539 -0.551 -0.559 1.319
5.500 700.000 -2.332 -2.072 -1.741 -1.556 -1.381 -1.039 -0.867 -0.602 -0.458 -0.315 -0.303 -0.307 -0.334 -0.385 -0.446 -0.571 -0.657 -0.701 -0.724 -0.734 -0.728 -0.739 -0.737 -0.747 1.182
5.500 800.000 -2.406 -2.147 -1.819 -1.637 -1.468 -1.129 -0.965 -0.709 -0.574 -0.446 -0.447 -0.466 -0.506 -0.571 -0.647 -0.787 -0.883 -0.915 -0.933 -0.940 -0.930 -0.930 -0.916 -0.927 1.056
5.500 1000.000 -2.554 -2.296 -1.973 -1.793 -1.635 -1.303 -1.152 -0.912 -0.795 -0.694 -0.720 -0.766 -0.829 -0.918 -1.018 -1.179 -1.294 -1.302 -1.312 -1.317 -1.302 -1.282 -1.249 -1.263 0.829
5.500 1200.000 -2.675 -2.417 -2.097 -1.919 -1.772 -1.448 -1.311 -1.092 -0.995 -0.928 -0.980 -1.056 -1.142 -1.256 -1.381 -1.561 -1.690 -1.678 -1.682 -1.687 -1.667 -1.631 -1.582 -1.597 0.618
5.500 1500.000 -2.862 -2.601 -2.282 -2.107 -1.973 -1.662 -1.546 -1.357 -1.291 -1.274 -1.363 -1.479 -1.597 -1.743 -1.895 -2.097 -2.245 -2.204 -2.201 -2.212 -2.188 -2.129 -2.063 -2.081 0.315
6.000 0.000 0.321 0.592 0.938 1.135 1.376 1.715 1.922 2.194 2.369 2.558 2.650 2.736 2.807 2.877 2.962 3.063 3.112 3.161 3.157 3.144 3.109 3.063 2.915 2.887 4.326
6.000 1.000 0.287 0.559 0.899 1.096 1.337 1.677 1.883 2.154 2.330 2.518 2.611 2.693 2.765 2.836 2.922 3.020 3.069 3.118 3.113 3.098 3.066 3.014 2.862 2.835 4.290
6.000 5.000 0.131 0.402 0.740 0.937 1.178 1.519 1.725 1.994 2.171 2.357 2.451 2.530 2.603 2.674 2.764 2.861 2.911 2.964 2.960 2.945 2.918 2.862 2.707 2.680 4.130
6.000 10.000 -0.066 0.204 0.541 0.737 0.975 1.316 1.520 1.790 1.966 2.152 2.245 2.324 2.396 2.466 2.554 2.649 2.697 2.749 2.745 2.729 2.703 2.647 2.497 2.471 3.909
6.000 15.000 -0.233 0.036 0.374 0.570 0.805 1.144 1.348 1.617 1.793 1.980 2.070 2.151 2.220 2.288 2.375 2.466 2.511 2.559 2.553 2.535 2.509 2.453 2.306 2.281 3.721
6.000 20.000 -0.366 -0.098 0.241 0.435 0.667 1.007 1.209 1.479 1.654 1.841 1.930 2.011 2.079 2.144 2.229 2.317 2.359 2.402 2.394 2.374 2.346 2.291 2.147 2.122 3.571
6.000 25.000 -0.476 -0.208 0.131 0.325 0.553 0.892 1.093 1.363 1.537 1.724 1.812 1.893 1.958 2.022 2.104 2.188 2.226 2.264 2.252 2.230 2.202 2.146 2.005 1.981 3.440
6.000 30.000 -0.570 -0.303 0.036 0.229 0.455 0.793 0.994 1.264 1.437 1.625 1.710 1.792 1.856 1.917 1.998 2.078 2.114 2.147 2.134 2.111 2.081 2.024 1.887 1.863 3.331
6.000 40.000 -0.718 -0.453 -0.113 0.079 0.300 0.638 0.836 1.107 1.279 1.467 1.550 1.633 1.693 1.753 1.830 1.905 1.936 1.963 1.946 1.920 1.889 1.832 1.697 1.674 3.164
6.000 50.000 -0.835 -0.571 -0.231 -0.040 0.177 0.514 0.711 0.983 1.153 1.342 1.423 1.506 1.565 1.621 1.696 1.767 1.794 1.816 1.797 1.769 1.737 1.679 1.547 1.525 3.036
6.000 60.000 -0.903 -0.638 -0.300 -0.110 0.107 0.443 0.640 0.910 1.080 1.267 1.348 1.431 1.488 1.543 1.614 1.683 1.706 1.724 1.702 1.673 1.640 1.582 1.450 1.427 2.957
6.000 70.000 -0.945 -0.682 -0.345 -0.156 0.059 0.394 0.590 0.860 1.029 1.216 1.295 1.377 1.434 1.487 1.556 1.620 1.642 1.652 1.628 1.598 1.564 1.503 1.371 1.349 2.894
6.000 80.000 -0.973 -0.710 -0.375 -0.186 0.026 0.362 0.556 0.825 0.994 1.180 1.259 1.339 1.394 1.446 1.513 1.572 1.592 1.596 1.570 1.539 1.504 1.440 1.308 1.287 2.846
6.000 90.000 -0.995 -0.734 -0.399 -0.211 -0.000 0.335 0.528 0.797 0.965 1.150 1.227 1.306 1.360 1.410 1.474 1.529 1.547 1.545 1.517 1.485 1.450 1.385 1.253 1.233 2.807
6.000 100.000 -1.015 -0.754 -0.420 -0.233 -0.023 0.311 0.504 0.772 0.939 1.123 1.199 1.276 1.328 1.377 1.439 1.489 1.505 1.498 1.469 1.435 1.401 1.335 1.204 1.183 2.772
6.000 110.000 -1.033 -0.773 -0.440 -0.253 -0.044 0.290 0.481 0.748 0.914 1.097 1.172 1.247 1.299 1.346 1.405 1.451 1.464 1.453 1.422 1.387 1.353 1.285 1.156 1.135 2.740
6.000 120.000 -1.049 -0.790 -0.458 -0.271 -0.063 0.270 0.461 0.726 0.892 1.074 1.148 1.221 1.271 1.316 1.373 1.414 1.424 1.409 1.377 1.341 1.307 1.239 1.112 1.092 2.712
6.000 130.000 -1.068 -0.810 -0.478 -0.292 -0.085 0.248 0.438 0.702 0.867 1.047 1.120 1.191 1.240 1.284 1.337 1.373 1.381 1.362 1.328 1.292 1.258 1.190 1.065 1.045 2.682
6.000 140.000 -1.088 -0.830 -0.499 -0.314 -0.107 0.225 0.414 0.677 0.842 1.020 1.092 1.162 1.209 1.251 1.302 1.333 1.338 1.315 1.280 1.244 1.210 1.142 1.019 1.000 2.651
6.000 150.000 -1.108 -0.851 -0.520 -0.335 -0.129 0.201 0.390 0.653 0.816 0.994 1.064 1.132 1.178 1.218 1.266 1.293 1.295 1.269 1.233 1.196 1.163 1.094 0.973 0.954 2.621
6.000 175.000 -1.155 -0.898 -0.570 -0.386 -0.182 0.147 0.333 0.594 0.755 0.929 0.996 1.059 1.103 1.137 1.178 1.194 1.190 1.155 1.117 1.080 1.048 0.981 0.868 0.850 2.550
6.000 200.000 -1.197 -0.942 -0.616 -0.433 -0.231 0.097 0.281 0.540 0.698 0.869 0.933 0.993 1.032 1.062 1.096 1.101 1.090 1.049 1.009 0.972 0.941 0.876 0.770 0.753 2.484
6.000 250.000 -1.271 -1.019 -0.697 -0.515 -0.318 0.006 0.187 0.441 0.596 0.760 0.818 0.868 0.900 0.921 0.941 0.926 0.904 0.851 0.810 0.775 0.747 0.687 0.596 0.580 2.360
6.000 300.000 -1.338 -1.088 -0.768 -0.588 -0.396 -0.073 0.103 0.354 0.504 0.662 0.714 0.757 0.782 0.793 0.803 0.770 0.738 0.678 0.637 0.604 0.579 0.524 0.446 0.432 2.255
6.000 350.000 -1.393 -1.145 -0.828 -0.650 -0.461 -0.142 0.031 0.277 0.424 0.575 0.620 0.654 0.672 0.674 0.672 0.623 0.582 0.517 0.477 0.447 0.426 0.377 0.314 0.300 2.162
6.000 400.000 -1.444 -1.198 -0.883 -0.707 -0.522 -0.205 -0.035 0.207 0.349 0.493 0.532 0.558 0.569 0.562 0.549 0.486 0.436 0.370 0.331 0.304 0.288 0.244 0.193 0.181 2.079
6.000 450.000 -1.493 -1.248 -0.936 -0.761 -0.581 -0.265 -0.100 0.139 0.277 0.414 0.447 0.465 0.469 0.454 0.431 0.354 0.296 0.230 0.193 0.169 0.157 0.119 0.079 0.067 1.994
6.000 500.000 -1.539 -1.295 -0.987 -0.812 -0.637 -0.323 -0.161 0.073 0.208 0.339 0.365 0.375 0.373 0.349 0.317 0.228 0.163 0.100 0.064 0.044 0.035 0.003 -0.026 -0.038 1.917
6.000 600.000 -1.613 -1.372 -1.068 -0.897 -0.728 -0.419 -0.267 -0.041 0.082 0.196 0.207 0.197 0.178 0.136 0.083 -0.029 -0.107 -0.154 -0.180 -0.188 -0.187 -0.206 -0.212 -0.222 1.778
6.000 700.000 -1.690 -1.450 -1.150 -0.981 -0.820 -0.513 -0.368 -0.151 -0.035 0.065 0.063 0.040 0.008 -0.049 -0.117 -0.244 -0.332 -0.369 -0.390 -0.395 -0.388 -0.397 -0.390 -0.401 1.650
6.000 800.000 -1.758 -1.519 -1.222 -1.055 -0.901 -0.598 -0.460 -0.251 -0.145 -0.060 -0.075 -0.113 -0.157 -0.229 -0.311 -0.450 -0.546 -0.570 -0.586 -0.586 -0.576 -0.573 -0.555 -0.568 1.534
6.000 1000.000 -1.897 -1.659 -1.367 -1.202 -1.059 -0.763 -0.639 -0.447 -0.357 -0.299 -0.337 -0.403 -0.468 -0.562 -0.667 -0.825 -0.937 -0.937 -0.945 -0.943 -0.929 -0.906 -0.871 -0.887 1.325
6.000 1200.000 -2.015 -1.777 -1.488 -1.327 -1.193 -0.906 -0.795 -0.622 -0.553 -0.527 -0.591 -0.683 -0.770 -0.888 -1.014 -1.186 -1.312 -1.290 -1.292 -1.292 -1.273 -1.234 -1.184 -1.202 1.127
6.000 1500.000 -2.193 -1.954 -1.667 -1.508 -1.389 -1.115 -1.024 -0.881 -0.841 -0.862 -0.961 -1.090 -1.206 -1.353 -1.505 -1.694 -1.839 -1.788 -1.784 -1.790 -1.769 -1.706 -1.640 -1.661 0.846
6.500 0.000 0.700 0.946 1.255 1.431 1.649 1.944 2.121 2.347 2.495 2.651 2.734 2.809 2.877 2.943 3.023 3.120 3.165 3.208 3.201 3.188 3.151 3.105 2.960 2.932 4.437
6.500 1.000 0.672 0.918 1.222 1.399 1.616 1.913 2.088 2.313 2.463 2.617 2.701 2.772 2.842 2.908 2.990 3.083 3.129 3.171 3.163 3.149 3.114 3.061 2.913 2.886 4.407
6.500 5.000 0.558 0.803 1.104 1.281 1.501 1.798 1.973 2.195 2.346 2.497 2.582 2.649 2.720 2.785 2.867 2.958 3.002 3.049 3.041 3.026 2.995 2.940 2.789 2.762 4.299
6.500 10.000 0.411 0.656 0.956 1.133 1.351 1.648 1.823 2.043 2.193 2.342 2.426 2.490 2.559 2.622 2.702 2.788 2.827 2.875 2.867 2.852 2.823 2.771 2.626 2.598 4.139
6.500 15.000 0.272 0.517 0.817 0.994 1.211 1.506 1.681 1.901 2.050 2.199 2.281 2.346 2.413 2.474 2.552 2.635 2.672 2.716 2.708 2.692 2.662 2.611 2.468 2.442 3.988
6.500 20.000 0.154 0.398 0.699 0.875 1.089 1.385 1.558 1.779 1.927 2.076 2.157 2.223 2.289 2.348 2.423 2.505 2.538 2.579 2.569 2.551 2.521 2.469 2.329 2.303 3.860
6.500 25.000 0.052 0.295 0.596 0.772 0.983 1.278 1.451 1.672 1.819 1.968 2.048 2.114 2.178 2.236 2.310 2.387 2.418 2.455 2.442 2.422 2.391 2.339 2.202 2.176 3.743
6.500 30.000 -0.035 0.207 0.508 0.683 0.891 1.186 1.358 1.579 1.726 1.876 1.954 2.020 2.083 2.140 2.212 2.287 2.316 2.348 2.334 2.312 2.281 2.228 2.093 2.068 3.644
6.500 40.000 -0.176 0.065 0.366 0.539 0.744 1.038 1.208 1.430 1.576 1.727 1.803 1.871 1.931 1.985 2.055 2.125 2.150 2.176 2.158 2.134 2.101 2.046 1.914 1.889 3.488
6.500 50.000 -0.287 -0.047 0.254 0.426 0.627 0.921 1.090 1.312 1.457 1.609 1.683 1.751 1.810 1.861 1.930 1.996 2.017 2.038 2.018 1.992 1.959 1.903 1.774 1.750 3.367
6.500 60.000 -0.350 -0.111 0.189 0.361 0.560 0.853 1.022 1.243 1.388 1.539 1.613 1.681 1.738 1.789 1.854 1.918 1.935 1.953 1.930 1.904 1.868 1.813 1.684 1.660 3.293
6.500 70.000 -0.391 -0.153 0.146 0.317 0.514 0.807 0.974 1.196 1.340 1.491 1.563 1.631 1.687 1.737 1.800 1.860 1.877 1.886 1.861 1.834 1.797 1.739 1.609 1.586 3.233
6.500 80.000 -0.417 -0.180 0.118 0.288 0.483 0.776 0.941 1.163 1.306 1.458 1.529 1.595 1.650 1.698 1.759 1.815 1.830 1.833 1.806 1.777 1.741 1.679 1.550 1.527 3.188
6.500 90.000 -0.438 -0.201 0.095 0.265 0.458 0.751 0.916 1.137 1.279 1.430 1.500 1.564 1.619 1.665 1.724 1.775 1.788 1.786 1.757 1.727 1.691 1.628 1.499 1.477 3.153
6.500 100.000 -0.457 -0.220 0.075 0.244 0.436 0.729 0.892 1.113 1.255 1.404 1.473 1.536 1.589 1.634 1.691 1.737 1.748 1.742 1.711 1.680 1.643 1.580 1.452 1.430 3.120
6.500 110.000 -0.473 -0.238 0.057 0.226 0.417 0.709 0.871 1.091 1.233 1.381 1.448 1.509 1.561 1.604 1.658 1.700 1.709 1.698 1.666 1.634 1.597 1.533 1.407 1.385 3.092
6.500 120.000 -0.489 -0.254 0.040 0.208 0.398 0.689 0.851 1.070 1.211 1.358 1.425 1.484 1.535 1.576 1.628 1.665 1.671 1.656 1.622 1.590 1.554 1.489 1.364 1.343 3.066
6.500 130.000 -0.508 -0.273 0.019 0.188 0.377 0.667 0.828 1.046 1.187 1.332 1.398 1.455 1.505 1.544 1.593 1.626 1.629 1.610 1.575 1.542 1.507 1.441 1.319 1.298 3.036
6.500 140.000 -0.527 -0.293 -0.001 0.167 0.355 0.645 0.805 1.023 1.162 1.306 1.371 1.427 1.475 1.512 1.558 1.586 1.587 1.565 1.529 1.495 1.460 1.395 1.275 1.254 3.007
6.500 150.000 -0.545 -0.312 -0.020 0.147 0.334 0.624 0.783 1.000 1.138 1.281 1.345 1.399 1.445 1.481 1.524 1.548 1.545 1.519 1.482 1.449 1.414 1.349 1.232 1.212 2.981
6.500 175.000 -0.589 -0.357 -0.068 0.098 0.283 0.572 0.729 0.943 1.080 1.220 1.280 1.329 1.372 1.403 1.438 1.451 1.442 1.409 1.370 1.337 1.304 1.240 1.132 1.112 2.916
6.500 200.000 -0.631 -0.400 -0.113 0.053 0.236 0.522 0.678 0.891 1.025 1.162 1.219 1.264 1.304 1.329 1.358 1.360 1.345 1.304 1.265 1.232 1.200 1.138 1.036 1.017 2.855
6.500 250.000 -0.707 -0.479 -0.194 -0.031 0.148 0.432 0.585 0.793 0.924 1.055 1.106 1.142 1.175 1.191 1.209 1.191 1.165 1.115 1.074 1.043 1.015 0.957 0.870 0.853 2.740
6.500 300.000 -0.772 -0.545 -0.264 -0.102 0.073 0.355 0.504 0.709 0.836 0.960 1.005 1.034 1.060 1.068 1.073 1.039 1.003 0.947 0.906 0.877 0.853 0.800 0.727 0.711 2.642
6.500 350.000 -0.825 -0.600 -0.321 -0.161 0.010 0.289 0.434 0.636 0.759 0.876 0.914 0.935 0.953 0.952 0.946 0.895 0.850 0.791 0.751 0.726 0.706 0.659 0.601 0.586 2.555
6.500 400.000 -0.873 -0.650 -0.373 -0.214 -0.047 0.230 0.371 0.569 0.687 0.798 0.830 0.843 0.853 0.842 0.826 0.760 0.708 0.648 0.609 0.588 0.572 0.532 0.487 0.473 2.477
6.500 450.000 -0.922 -0.700 -0.426 -0.268 -0.104 0.171 0.308 0.502 0.617 0.721 0.747 0.752 0.756 0.736 0.710 0.632 0.573 0.514 0.477 0.460 0.448 0.413 0.379 0.366 2.400
6.500 500.000 -0.967 -0.747 -0.474 -0.318 -0.158 0.116 0.250 0.440 0.551 0.648 0.668 0.665 0.662 0.635 0.599 0.510 0.444 0.388 0.355 0.341 0.332 0.303 0.279 0.267 2.329
6.500 600.000 -1.037 -0.819 -0.551 -0.397 -0.244 0.025 0.151 0.332 0.432 0.513 0.517 0.495 0.476 0.430 0.375 0.266 0.188 0.149 0.125 0.123 0.124 0.108 0.105 0.094 2.201
6.500 700.000 -1.113 -0.896 -0.631 -0.479 -0.332 -0.067 0.052 0.225 0.317 0.384 0.376 0.340 0.309 0.249 0.179 0.056 -0.029 -0.058 -0.077 -0.075 -0.069 -0.075 -0.065 -0.078 2.080
6.500 800.000 -1.174 -0.958 -0.696 -0.546 -0.406 -0.145 -0.033 0.132 0.214 0.266 0.244 0.193 0.150 0.076 -0.008 -0.141 -0.234 -0.249 -0.261 -0.254 -0.245 -0.239 -0.218 -0.232 1.974
6.500 1000.000 -1.305 -1.091 -0.832 -0.685 -0.555 -0.301 -0.202 -0.055 0.011 0.035 -0.009 -0.086 -0.150 -0.246 -0.351 -0.498 -0.605 -0.595 -0.600 -0.591 -0.578 -0.552 -0.515 -0.533 1.781
6.500 1200.000 -1.421 -1.207 -0.951 -0.807 -0.687 -0.441 -0.356 -0.227 -0.180 -0.186 -0.255 -0.357 -0.441 -0.558 -0.682 -0.841 -0.960 -0.928 -0.928 -0.921 -0.905 -0.862 -0.812 -0.832 1.594
6.500 1500.000 -1.588 -1.372 -1.119 -0.979 -0.874 -0.641 -0.577 -0.477 -0.460 -0.511 -0.615 -0.751 -0.864 -1.008 -1.154 -1.327 -1.463 -1.401 -1.394 -1.394 -1.376 -1.311 -1.244 -1.268 1.332
7.000 0.000 1.047 1.263 1.532 1.687 1.880 2.131 2.279 2.463 2.590 2.720 2.798 2.866 2.934 2.996 3.072 3.166 3.209 3.248 3.239 3.227 3.188 3.142 2.999 2.972 4.567
7.000 1.000 1.021 1.238 1.503 1.658 1.851 2.103 2.250 2.434 2.562 2.691 2.770 2.834 2.904 2.966 3.044 3.135 3.178 3.217 3.207 3.194 3.157 3.105 2.959 2.932 4.539
7.000 5.000 0.931 1.148 1.410 1.566 1.762 2.014 2.161 2.341 2.470 2.595 2.676 2.735 2.806 2.867 2.945 3.033 3.074 3.117 3.108 3.093 3.060 3.006 2.858 2.830 4.458
7.000 10.000 0.815 1.032 1.292 1.448 1.645 1.896 2.043 2.222 2.350 2.473 2.552 2.609 2.678 2.738 2.813 2.898 2.934 2.980 2.971 2.957 2.925 2.874 2.729 2.700 4.339
7.000 15.000 0.701 0.918 1.178 1.334 1.530 1.780 1.928 2.105 2.233 2.355 2.433 2.490 2.558 2.616 2.688 2.771 2.804 2.849 2.839 2.824 2.792 2.743 2.599 2.570 4.219
7.000 20.000 0.600 0.815 1.076 1.231 1.426 1.676 1.823 2.001 2.128 2.249 2.327 2.384 2.451 2.507 2.578 2.659 2.689 2.731 2.720 2.703 2.671 2.621 2.479 2.451 4.111
7.000 25.000 0.510 0.725 0.986 1.140 1.333 1.582 1.729 1.906 2.033 2.155 2.231 2.289 2.354 2.409 2.478 2.556 2.584 2.622 2.609 2.591 2.558 2.508 2.368 2.340 4.013
7.000 30.000 0.433 0.648 0.909 1.062 1.253 1.502 1.648 1.826 1.952 2.074 2.150 2.207 2.272 2.325 2.393 2.468 2.494 2.529 2.514 2.495 2.461 2.410 2.272 2.245 3.930
7.000 40.000 0.305 0.518 0.779 0.931 1.118 1.367 1.511 1.690 1.816 1.939 2.012 2.071 2.133 2.185 2.251 2.322 2.344 2.373 2.355 2.334 2.298 2.246 2.111 2.085 3.790
7.000 50.000 0.205 0.417 0.677 0.829 1.012 1.261 1.403 1.583 1.708 1.832 1.904 1.963 2.024 2.074 2.137 2.205 2.224 2.248 2.228 2.205 2.169 2.116 1.984 1.957 3.681
7.000 60.000 0.146 0.357 0.617 0.768 0.949 1.198 1.340 1.519 1.644 1.768 1.839 1.898 1.958 2.006 2.067 2.132 2.148 2.169 2.147 2.123 2.085 2.032 1.900 1.875 3.613
7.000 70.000 0.107 0.318 0.576 0.726 0.905 1.154 1.294 1.474 1.598 1.723 1.793 1.851 1.910 1.958 2.017 2.079 2.094 2.106 2.081 2.057 2.018 1.962 1.830 1.805 3.557
7.000 80.000 0.083 0.293 0.550 0.700 0.876 1.125 1.265 1.444 1.568 1.693 1.762 1.818 1.876 1.923 1.980 2.038 2.052 2.058 2.031 2.005 1.966 1.908 1.776 1.752 3.516
7.000 90.000 0.063 0.272 0.528 0.678 0.853 1.101 1.240 1.419 1.543 1.666 1.734 1.789 1.847 1.892 1.947 2.000 2.012 2.014 1.985 1.958 1.919 1.859 1.729 1.704 3.482
7.000 100.000 0.045 0.254 0.508 0.658 0.831 1.080 1.217 1.396 1.519 1.642 1.709 1.763 1.819 1.862 1.916 1.965 1.974 1.971 1.941 1.913 1.874 1.813 1.684 1.660 3.451
7.000 110.000 0.028 0.237 0.491 0.640 0.812 1.060 1.197 1.375 1.498 1.619 1.685 1.737 1.792 1.833 1.885 1.929 1.936 1.929 1.897 1.868 1.830 1.768 1.641 1.617 3.425
7.000 120.000 0.012 0.220 0.473 0.621 0.792 1.041 1.176 1.354 1.476 1.597 1.661 1.712 1.765 1.805 1.854 1.894 1.899 1.887 1.854 1.825 1.786 1.724 1.598 1.575 3.399
7.000 130.000 -0.007 0.201 0.453 0.601 0.771 1.019 1.154 1.331 1.452 1.572 1.636 1.685 1.737 1.775 1.821 1.856 1.858 1.843 1.809 1.779 1.741 1.678 1.555 1.532 3.371
7.000 140.000 -0.025 0.182 0.433 0.581 0.750 0.998 1.132 1.308 1.429 1.548 1.610 1.657 1.709 1.744 1.788 1.819 1.818 1.800 1.764 1.734 1.697 1.634 1.513 1.491 3.345
7.000 150.000 -0.043 0.164 0.414 0.562 0.730 0.977 1.110 1.286 1.406 1.524 1.585 1.630 1.680 1.714 1.755 1.781 1.778 1.756 1.719 1.690 1.652 1.590 1.472 1.450 3.321
7.000 175.000 -0.087 0.118 0.366 0.513 0.680 0.926 1.057 1.231 1.349 1.464 1.522 1.563 1.609 1.639 1.673 1.688 1.678 1.649 1.610 1.581 1.546 1.484 1.375 1.354 3.259
7.000 200.000 -0.129 0.075 0.322 0.468 0.633 0.878 1.007 1.180 1.296 1.408 1.463 1.500 1.543 1.568 1.595 1.601 1.586 1.549 1.510 1.481 1.447 1.387 1.286 1.265 3.202
7.000 250.000 -0.205 -0.002 0.242 0.386 0.547 0.790 0.916 1.086 1.198 1.304 1.354 1.383 1.419 1.435 1.451 1.438 1.413 1.368 1.327 1.300 1.270 1.215 1.129 1.110 3.095
7.000 300.000 -0.264 -0.064 0.178 0.321 0.478 0.718 0.841 1.008 1.117 1.217 1.260 1.282 1.311 1.317 1.322 1.292 1.257 1.207 1.167 1.144 1.117 1.067 0.996 0.978 3.006
7.000 350.000 -0.317 -0.118 0.121 0.263 0.416 0.655 0.774 0.937 1.042 1.136 1.173 1.186 1.208 1.205 1.198 1.152 1.108 1.055 1.017 0.997 0.975 0.932 0.875 0.859 2.926
7.000 400.000 -0.365 -0.167 0.070 0.210 0.360 0.596 0.712 0.872 0.973 1.061 1.091 1.096 1.111 1.099 1.082 1.022 0.971 0.918 0.882 0.867 0.850 0.812 0.769 0.754 2.854
7.000 450.000 -0.413 -0.216 0.019 0.158 0.304 0.539 0.652 0.808 0.905 0.986 1.010 1.008 1.016 0.996 0.969 0.898 0.840 0.789 0.755 0.744 0.730 0.699 0.667 0.652 2.783
7.000 500.000 -0.457 -0.261 -0.027 0.111 0.254 0.487 0.596 0.749 0.843 0.917 0.935 0.925 0.926 0.898 0.862 0.780 0.717 0.669 0.638 0.631 0.621 0.596 0.574 0.560 2.717
7.000 600.000 -0.527 -0.333 -0.102 0.033 0.170 0.399 0.501 0.644 0.728 0.785 0.788 0.761 0.746 0.699 0.644 0.544 0.470 0.438 0.417 0.421 0.420 0.407 0.406 0.393 2.599
7.000 700.000 -0.599 -0.407 -0.178 -0.044 0.087 0.312 0.407 0.544 0.618 0.663 0.653 0.612 0.585 0.525 0.455 0.343 0.261 0.240 0.224 0.232 0.236 0.233 0.244 0.230 2.487
7.000 800.000 -0.659 -0.468 -0.241 -0.110 0.015 0.236 0.325 0.453 0.518 0.548 0.525 0.469 0.430 0.357 0.274 0.153 0.065 0.058 0.048 0.061 0.068 0.077 0.098 0.083 2.387
7.000 1000.000 -0.786 -0.595 -0.372 -0.243 -0.128 0.085 0.161 0.273 0.322 0.324 0.279 0.199 0.139 0.046 -0.058 -0.191 -0.292 -0.274 -0.277 -0.262 -0.252 -0.224 -0.187 -0.206 2.210
7.000 1200.000 -0.895 -0.705 -0.484 -0.358 -0.254 -0.048 0.014 0.108 0.137 0.110 0.041 -0.063 -0.141 -0.255 -0.376 -0.519 -0.630 -0.590 -0.587 -0.574 -0.562 -0.517 -0.468 -0.489 2.036
7.000 1500.000 -1.052 -0.861 -0.644 -0.522 -0.433 -0.241 -0.199 -0.135 -0.134 -0.205 -0.307 -0.443 -0.548 -0.686 -0.826 -0.979 -1.107 -1.038 -1.030 -1.024 -1.011 -0.944 -0.879 -0.905 1.792
7.500 0.000 1.341 1.528 1.757 1.890 2.058 2.266 2.389 2.541 2.652 2.764 2.840 2.904 2.972 3.031 3.105 3.198 3.240 3.276 3.267 3.255 3.214 3.168 3.026 2.999 4.689
7.500 1.000 1.320 1.507 1.732 1.865 2.033 2.242 2.365 2.516 2.627 2.739 2.816 2.877 2.946 3.005 3.081 3.172 3.213 3.250 3.240 3.226 3.188 3.137 2.992 2.964 4.664
7.500 5.000 1.247 1.434 1.657 1.791 1.962 2.171 2.294 2.442 2.554 2.662 2.739 2.796 2.866 2.925 2.999 3.087 3.127 3.167 3.156 3.142 3.106 3.054 2.906 2.878 4.601
7.500 10.000 1.151 1.338 1.559 1.693 1.868 2.075 2.200 2.345 2.457 2.561 2.640 2.693 2.763 2.821 2.892 2.980 3.015 3.059 3.049 3.035 3.000 2.951 2.802 2.773 4.510
7.500 15.000 1.058 1.245 1.466 1.600 1.776 1.982 2.107 2.251 2.363 2.465 2.543 2.596 2.665 2.721 2.791 2.876 2.909 2.953 2.944 2.929 2.894 2.846 2.699 2.670 4.416
7.500 20.000 0.974 1.160 1.382 1.515 1.690 1.896 2.020 2.164 2.276 2.378 2.455 2.507 2.576 2.630 2.698 2.781 2.811 2.854 2.843 2.827 2.792 2.744 2.598 2.568 4.330
7.500 25.000 0.898 1.085 1.305 1.438 1.611 1.818 1.942 2.085 2.197 2.299 2.376 2.428 2.496 2.549 2.616 2.697 2.725 2.765 2.753 2.736 2.700 2.652 2.506 2.477 4.252
7.500 30.000 0.830 1.016 1.237 1.370 1.541 1.747 1.870 2.014 2.125 2.228 2.304 2.357 2.424 2.476 2.541 2.621 2.647 2.685 2.671 2.653 2.617 2.567 2.423 2.394 4.181
7.500 40.000 0.716 0.900 1.121 1.253 1.421 1.627 1.749 1.893 2.004 2.108 2.182 2.235 2.300 2.351 2.415 2.491 2.514 2.546 2.531 2.511 2.474 2.424 2.282 2.254 4.063
7.500 50.000 0.629 0.812 1.032 1.164 1.328 1.535 1.655 1.800 1.911 2.015 2.087 2.141 2.205 2.254 2.316 2.388 2.408 2.437 2.418 2.398 2.359 2.308 2.170 2.142 3.973
7.500 60.000 0.575 0.758 0.977 1.108 1.271 1.477 1.597 1.742 1.852 1.957 2.028 2.081 2.145 2.192 2.251 2.321 2.338 2.363 2.343 2.322 2.282 2.231 2.094 2.067 3.910
7.500 70.000 0.540 0.722 0.941 1.071 1.231 1.438 1.556 1.702 1.812 1.917 1.988 2.040 2.103 2.150 2.207 2.274 2.290 2.307 2.284 2.263 2.222 2.168 2.032 2.004 3.861
7.500 80.000 0.517 0.699 0.916 1.046 1.204 1.411 1.529 1.675 1.784 1.889 1.959 2.011 2.072 2.117 2.173 2.236 2.251 2.263 2.237 2.215 2.173 2.118 1.981 1.955 3.823
7.500 90.000 0.499 0.680 0.896 1.025 1.182 1.389 1.505 1.651 1.760 1.865 1.934 1.984 2.044 2.089 2.143 2.201 2.214 2.221 2.194 2.170 2.129 2.072 1.937 1.910 3.792
7.500 100.000 0.482 0.662 0.877 1.007 1.162 1.369 1.484 1.630 1.739 1.843 1.911 1.959 2.019 2.062 2.114 2.169 2.179 2.182 2.153 2.128 2.087 2.029 1.895 1.869 3.764
7.500 110.000 0.465 0.645 0.859 0.988 1.142 1.349 1.463 1.608 1.717 1.820 1.887 1.934 1.992 2.034 2.084 2.134 2.142 2.140 2.110 2.084 2.043 1.984 1.852 1.827 3.738
7.500 120.000 0.449 0.628 0.842 0.970 1.123 1.331 1.444 1.589 1.697 1.799 1.865 1.910 1.967 2.007 2.055 2.100 2.107 2.100 2.068 2.042 2.001 1.941 1.812 1.786 3.714
7.500 130.000 0.431 0.610 0.822 0.951 1.103 1.310 1.422 1.567 1.674 1.776 1.840 1.884 1.940 1.978 2.024 2.065 2.068 2.058 2.025 1.999 1.958 1.898 1.771 1.746 3.689
7.500 140.000 0.412 0.591 0.803 0.931 1.082 1.289 1.401 1.545 1.652 1.752 1.816 1.858 1.913 1.949 1.992 2.029 2.030 2.016 1.982 1.956 1.916 1.855 1.731 1.707 3.665
7.500 150.000 0.394 0.572 0.783 0.911 1.062 1.268 1.379 1.523 1.629 1.728 1.791 1.832 1.885 1.919 1.960 1.992 1.991 1.974 1.939 1.912 1.873 1.812 1.691 1.667 3.643
7.500 175.000 0.349 0.527 0.736 0.863 1.012 1.218 1.327 1.469 1.574 1.671 1.730 1.767 1.817 1.847 1.881 1.903 1.895 1.871 1.834 1.808 1.770 1.710 1.598 1.575 3.587
7.500 200.000 0.307 0.484 0.692 0.818 0.966 1.170 1.278 1.419 1.522 1.616 1.673 1.706 1.753 1.779 1.807 1.820 1.807 1.776 1.738 1.713 1.676 1.618 1.513 1.491 3.533
7.500 250.000 0.236 0.411 0.617 0.742 0.886 1.089 1.194 1.332 1.432 1.520 1.571 1.597 1.637 1.653 1.670 1.665 1.641 1.602 1.563 1.541 1.508 1.455 1.367 1.347 3.435
7.500 300.000 0.179 0.353 0.557 0.680 0.820 1.022 1.124 1.259 1.355 1.438 1.483 1.501 1.533 1.541 1.546 1.524 1.490 1.446 1.408 1.389 1.361 1.314 1.242 1.223 3.353
7.500 350.000 0.127 0.299 0.501 0.623 0.760 0.960 1.058 1.191 1.283 1.360 1.399 1.409 1.435 1.433 1.426 1.390 1.348 1.302 1.265 1.251 1.228 1.186 1.130 1.112 3.280
7.500 400.000 0.080 0.251 0.451 0.573 0.705 0.904 0.999 1.128 1.217 1.288 1.320 1.322 1.341 1.331 1.314 1.264 1.215 1.169 1.135 1.126 1.106 1.072 1.029 1.012 3.212
7.500 450.000 0.033 0.204 0.402 0.523 0.653 0.850 0.942 1.068 1.153 1.218 1.243 1.239 1.250 1.232 1.205 1.143 1.089 1.045 1.014 1.009 0.994 0.966 0.934 0.918 3.146
7.500 500.000 -0.009 0.161 0.358 0.478 0.605 0.800 0.889 1.012 1.093 1.151 1.170 1.158 1.163 1.136 1.101 1.030 0.969 0.930 0.901 0.901 0.889 0.867 0.846 0.830 3.084
7.500 600.000 -0.080 0.089 0.284 0.401 0.522 0.713 0.796 0.910 0.981 1.023 1.028 0.999 0.988 0.944 0.889 0.800 0.731 0.706 0.686 0.696 0.693 0.683 0.681 0.667 2.975
7.500 700.000 -0.149 0.018 0.211 0.327 0.442 0.630 0.707 0.814 0.877 0.906 0.898 0.856 0.834 0.776 0.707 0.607 0.531 0.516 0.502 0.516 0.517 0.518 0.528 0.513 2.871
7.500 800.000 -0.209 -0.042 0.149 0.263 0.372 0.556 0.626 0.725 0.779 0.793 0.773 0.717 0.683 0.612 0.531 0.422 0.341 0.340 0.332 0.350 0.354 0.366 0.387 0.370 2.778
7.500 1000.000 -0.331 -0.165 0.024 0.135 0.234 0.410 0.468 0.551 0.588 0.575 0.532 0.452 0.398 0.308 0.207 0.088 -0.005 0.018 0.016 0.036 0.043 0.073 0.109 0.089 2.617
7.500 1200.000 -0.434 -0.269 -0.083 0.026 0.113 0.282 0.326 0.392 0.410 0.368 0.303 0.200 0.128 0.020 -0.096 -0.222 -0.325 -0.279 -0.276 -0.258 -0.249 -0.203 -0.156 -0.179 2.454
7.500 1500.000 -0.583 -0.418 -0.235 -0.131 -0.060 0.095 0.118 0.155 0.144 0.060 -0.038 -0.171 -0.267 -0.399 -0.532 -0.667 -0.788 -0.713 -0.705 -0.696 -0.687 -0.618 -0.556 -0.584 2.227
7.800 0.000 1.489 1.658 1.864 1.985 2.139 2.324 2.436 2.571 2.674 2.779 2.854 2.916 2.984 3.042 3.115 3.209 3.251 3.287 3.277 3.265 3.224 3.178 3.035 3.008 4.759
7.800 1.000 1.468 1.638 1.841 1.962 2.117 2.302 2.413 2.547 2.651 2.755 2.831 2.891 2.960 3.018 3.093 3.184 3.226 3.262 3.251 3.237 3.198 3.147 3.000 2.973 4.735
7.800 5.000 1.402 1.571 1.772 1.893 2.052 2.236 2.348 2.480 2.584 2.684 2.762 2.817 2.887 2.945 3.019 3.108 3.147 3.186 3.176 3.161 3.124 3.071 2.921 2.893 4.678
7.800 10.000 1.318 1.487 1.688 1.809 1.971 2.155 2.267 2.396 2.501 2.597 2.675 2.728 2.799 2.855 2.925 3.013 3.049 3.093 3.083 3.069 3.033 2.984 2.833 2.804 4.603
7.800 15.000 1.236 1.406 1.605 1.727 1.890 2.073 2.186 2.314 2.418 2.513 2.591 2.643 2.713 2.768 2.836 2.924 2.957 3.001 2.992 2.978 2.941 2.894 2.743 2.713 4.523
7.800 20.000 1.161 1.330 1.530 1.651 1.814 1.996 2.110 2.237 2.341 2.435 2.513 2.564 2.634 2.688 2.754 2.840 2.871 2.915 2.904 2.889 2.853 2.805 2.655 2.625 4.450
7.800 25.000 1.093 1.262 1.461 1.582 1.744 1.926 2.039 2.166 2.270 2.364 2.441 2.493 2.562 2.615 2.680 2.764 2.793 2.836 2.824 2.808 2.771 2.723 2.573 2.543 4.382
7.800 30.000 1.032 1.201 1.399 1.520 1.681 1.863 1.976 2.103 2.207 2.301 2.377 2.429 2.497 2.549 2.614 2.696 2.724 2.764 2.751 2.734 2.697 2.649 2.500 2.470 4.321
7.800 40.000 0.925 1.093 1.291 1.411 1.569 1.751 1.862 1.990 2.094 2.189 2.263 2.316 2.382 2.433 2.496 2.575 2.600 2.636 2.620 2.602 2.564 2.515 2.369 2.339 4.213
7.800 50.000 0.844 1.011 1.209 1.329 1.484 1.667 1.776 1.905 2.008 2.104 2.177 2.230 2.294 2.344 2.405 2.481 2.503 2.535 2.518 2.498 2.459 2.409 2.265 2.237 4.131
7.800 60.000 0.792 0.959 1.156 1.275 1.429 1.611 1.721 1.849 1.952 2.048 2.121 2.173 2.237 2.285 2.344 2.419 2.438 2.466 2.446 2.427 2.386 2.336 2.193 2.165 4.073
7.800 70.000 0.760 0.926 1.122 1.241 1.392 1.575 1.683 1.812 1.915 2.011 2.083 2.135 2.199 2.246 2.303 2.374 2.393 2.413 2.392 2.371 2.329 2.276 2.134 2.106 4.026
7.800 80.000 0.739 0.904 1.099 1.217 1.367 1.550 1.657 1.786 1.889 1.985 2.056 2.107 2.170 2.216 2.272 2.338 2.355 2.370 2.347 2.324 2.282 2.227 2.085 2.058 3.991
7.800 90.000 0.720 0.885 1.079 1.197 1.345 1.529 1.635 1.764 1.866 1.963 2.032 2.082 2.144 2.188 2.243 2.305 2.320 2.330 2.305 2.282 2.239 2.183 2.043 2.016 3.960
7.800 100.000 0.703 0.868 1.061 1.179 1.326 1.509 1.614 1.743 1.845 1.941 2.010 2.058 2.119 2.163 2.215 2.274 2.287 2.293 2.265 2.241 2.198 2.141 2.002 1.975 3.932
7.800 110.000 0.686 0.850 1.043 1.160 1.306 1.489 1.594 1.723 1.824 1.919 1.987 2.034 2.094 2.136 2.186 2.241 2.251 2.252 2.223 2.198 2.156 2.097 1.960 1.934 3.907
7.800 120.000 0.670 0.834 1.025 1.143 1.287 1.471 1.574 1.703 1.804 1.898 1.965 2.010 2.069 2.110 2.158 2.208 2.217 2.213 2.183 2.157 2.115 2.055 1.921 1.895 3.884
7.800 130.000 0.653 0.816 1.007 1.124 1.267 1.451 1.553 1.682 1.782 1.875 1.942 1.985 2.043 2.082 2.127 2.173 2.179 2.172 2.141 2.115 2.073 2.013 1.881 1.856 3.860
7.800 140.000 0.634 0.797 0.988 1.104 1.247 1.431 1.533 1.661 1.761 1.853 1.918 1.959 2.016 2.053 2.097 2.139 2.142 2.131 2.098 2.072 2.031 1.971 1.842 1.817 3.837
7.800 150.000 0.616 0.779 0.969 1.085 1.227 1.410 1.512 1.639 1.739 1.830 1.894 1.934 1.990 2.025 2.066 2.103 2.104 2.090 2.056 2.030 1.989 1.929 1.803 1.779 3.816
7.800 175.000 0.573 0.735 0.923 1.039 1.179 1.362 1.462 1.588 1.686 1.774 1.836 1.872 1.924 1.955 1.990 2.017 2.012 1.990 1.955 1.929 1.890 1.831 1.714 1.691 3.762
7.800 200.000 0.532 0.693 0.880 0.995 1.134 1.316 1.414 1.539 1.636 1.723 1.781 1.814 1.863 1.889 1.918 1.937 1.926 1.898 1.861 1.837 1.798 1.741 1.632 1.609 3.710
7.800 250.000 0.462 0.621 0.806 0.921 1.056 1.236 1.332 1.454 1.548 1.628 1.681 1.706 1.748 1.766 1.783 1.782 1.762 1.726 1.688 1.667 1.633 1.581 1.492 1.471 3.621
7.800 300.000 0.404 0.563 0.746 0.859 0.991 1.170 1.262 1.382 1.472 1.547 1.593 1.611 1.646 1.655 1.660 1.643 1.613 1.571 1.534 1.518 1.488 1.442 1.369 1.350 3.542
7.800 350.000 0.352 0.509 0.691 0.803 0.931 1.109 1.199 1.315 1.402 1.471 1.511 1.521 1.549 1.548 1.544 1.512 1.473 1.430 1.394 1.382 1.357 1.317 1.260 1.243 3.472
7.800 400.000 0.305 0.462 0.642 0.753 0.878 1.055 1.141 1.255 1.338 1.402 1.435 1.438 1.458 1.449 1.435 1.389 1.344 1.301 1.268 1.261 1.240 1.207 1.163 1.147 3.409
7.800 450.000 0.260 0.415 0.594 0.704 0.826 1.002 1.085 1.196 1.275 1.333 1.360 1.355 1.369 1.352 1.328 1.271 1.220 1.179 1.149 1.145 1.129 1.102 1.070 1.054 3.347
7.800 500.000 0.218 0.373 0.551 0.660 0.779 0.953 1.033 1.141 1.217 1.268 1.289 1.277 1.284 1.259 1.226 1.159 1.102 1.064 1.036 1.037 1.025 1.003 0.982 0.966 3.290
7.800 600.000 0.149 0.303 0.479 0.586 0.699 0.870 0.943 1.043 1.108 1.144 1.150 1.122 1.114 1.071 1.019 0.936 0.870 0.847 0.829 0.840 0.836 0.827 0.825 0.811 3.184
7.800 700.000 0.080 0.233 0.408 0.514 0.620 0.788 0.856 0.949 1.006 1.028 1.022 0.981 0.961 0.906 0.839 0.745 0.672 0.661 0.647 0.663 0.663 0.665 0.675 0.660 3.087
7.800 800.000 0.022 0.175 0.348 0.452 0.553 0.716 0.777 0.862 0.910 0.918 0.899 0.844 0.812 0.744 0.665 0.563 0.485 0.487 0.479 0.500 0.503 0.515 0.536 0.519 2.997
7.800 1000.000 -0.096 0.056 0.226 0.328 0.418 0.575 0.623 0.692 0.723 0.703 0.661 0.582 0.531 0.443 0.345 0.232 0.144 0.170 0.169 0.191 0.198 0.228 0.264 0.244 2.846
7.800 1200.000 -0.199 -0.047 0.121 0.219 0.299 0.447 0.483 0.535 0.548 0.501 0.438 0.337 0.270 0.166 0.053 -0.066 -0.164 -0.118 -0.114 -0.095 -0.087 -0.042 0.004 -0.019 2.690
7.800 1500.000 -0.343 -0.192 -0.028 0.066 0.128 0.264 0.279 0.303 0.287 0.199 0.104 -0.026 -0.117 -0.244 -0.373 -0.500 -0.616 -0.542 -0.535 -0.524 -0.516 -0.448 -0.388 -0.416 2.475
8.000 0.000 1.576 1.733 1.925 2.038 2.185 2.355 2.460 2.585 2.684 2.784 2.860 2.922 2.990 3.047 3.120 3.214 3.256 3.292 3.282 3.270 3.229 3.183 3.038 3.010 4.804
8.000 1.000 1.555 1.712 1.902 2.015 2.162 2.333 2.437 2.562 2.662 2.761 2.837 2.897 2.966 3.024 3.097 3.190 3.232 3.268 3.257 3.243 3.204 3.152 3.002 2.975 4.779
8.000 5.000 1.492 1.650 1.837 1.950 2.101 2.271 2.376 2.498 2.598 2.694 2.772 2.827 2.897 2.955 3.027 3.118 3.158 3.196 3.185 3.170 3.133 3.079 2.927 2.900 4.726
8.000 10.000 1.417 1.575 1.761 1.875 2.029 2.198 2.304 2.424 2.524 2.616 2.694 2.747 2.817 2.873 2.943 3.032 3.068 3.111 3.101 3.087 3.050 3.001 2.849 2.820 4.661
8.000 15.000 1.342 1.500 1.686 1.799 1.956 2.124 2.231 2.349 2.449 2.539 2.617 2.669 2.739 2.794 2.861 2.950 2.983 3.028 3.019 3.004 2.967 2.920 2.766 2.736 4.590
8.000 20.000 1.273 1.431 1.617 1.730 1.887 2.054 2.161 2.278 2.379 2.468 2.546 2.597 2.667 2.720 2.786 2.873 2.905 2.949 2.939 2.924 2.887 2.840 2.687 2.657 4.525
8.000 25.000 1.210 1.368 1.553 1.667 1.822 1.990 2.096 2.214 2.314 2.403 2.480 2.531 2.600 2.653 2.717 2.803 2.833 2.876 2.865 2.850 2.812 2.766 2.613 2.583 4.464
8.000 30.000 1.153 1.311 1.496 1.609 1.763 1.931 2.037 2.154 2.254 2.344 2.420 2.472 2.540 2.592 2.655 2.740 2.768 2.810 2.798 2.782 2.744 2.697 2.546 2.516 4.409
8.000 40.000 1.051 1.208 1.393 1.505 1.656 1.824 1.929 2.047 2.146 2.237 2.312 2.364 2.431 2.481 2.544 2.625 2.650 2.688 2.674 2.656 2.617 2.569 2.420 2.391 4.308
8.000 50.000 0.976 1.132 1.316 1.428 1.577 1.745 1.849 1.968 2.067 2.158 2.232 2.283 2.349 2.399 2.459 2.538 2.560 2.594 2.578 2.559 2.520 2.471 2.324 2.295 4.231
8.000 60.000 0.925 1.081 1.264 1.376 1.524 1.692 1.795 1.914 2.013 2.104 2.177 2.229 2.294 2.342 2.400 2.477 2.498 2.528 2.510 2.491 2.450 2.400 2.254 2.225 4.176
8.000 70.000 0.895 1.050 1.232 1.344 1.490 1.658 1.760 1.879 1.978 2.070 2.142 2.193 2.258 2.305 2.362 2.435 2.455 2.478 2.457 2.437 2.395 2.343 2.197 2.169 4.132
8.000 80.000 0.874 1.029 1.211 1.321 1.465 1.634 1.735 1.855 1.953 2.045 2.116 2.166 2.230 2.276 2.332 2.401 2.419 2.436 2.413 2.392 2.349 2.295 2.151 2.123 4.098
8.000 90.000 0.856 1.010 1.191 1.301 1.444 1.613 1.714 1.833 1.931 2.023 2.093 2.142 2.205 2.250 2.304 2.370 2.386 2.397 2.373 2.351 2.307 2.252 2.108 2.081 4.068
8.000 100.000 0.839 0.993 1.173 1.283 1.425 1.594 1.693 1.813 1.911 2.002 2.072 2.119 2.181 2.225 2.277 2.339 2.353 2.361 2.335 2.311 2.268 2.211 2.069 2.042 4.040
8.000 110.000 0.822 0.975 1.155 1.265 1.405 1.574 1.673 1.792 1.890 1.980 2.049 2.095 2.156 2.198 2.249 2.306 2.318 2.321 2.293 2.269 2.226 2.167 2.028 2.001 4.016
8.000 120.000 0.806 0.959 1.137 1.248 1.387 1.556 1.654 1.773 1.870 1.959 2.027 2.072 2.132 2.173 2.221 2.274 2.284 2.283 2.253 2.229 2.186 2.127 1.989 1.963 3.993
8.000 130.000 0.788 0.941 1.119 1.229 1.367 1.536 1.633 1.752 1.849 1.937 2.005 2.047 2.106 2.145 2.191 2.240 2.247 2.243 2.212 2.187 2.144 2.085 1.950 1.924 3.970
8.000 140.000 0.771 0.923 1.100 1.210 1.348 1.517 1.613 1.731 1.828 1.915 1.981 2.022 2.080 2.118 2.161 2.206 2.211 2.203 2.171 2.145 2.103 2.043 1.912 1.886 3.947
8.000 150.000 0.753 0.906 1.082 1.191 1.328 1.497 1.593 1.711 1.807 1.894 1.958 1.998 2.055 2.090 2.131 2.172 2.175 2.163 2.129 2.104 2.063 2.003 1.874 1.850 3.927
8.000 175.000 0.710 0.861 1.037 1.146 1.281 1.449 1.543 1.660 1.755 1.839 1.901 1.937 1.991 2.022 2.057 2.088 2.084 2.065 2.030 2.006 1.966 1.907 1.787 1.764 3.874
8.000 200.000 0.669 0.821 0.995 1.103 1.236 1.404 1.497 1.613 1.707 1.788 1.848 1.880 1.931 1.958 1.988 2.009 2.000 1.975 1.938 1.914 1.875 1.817 1.706 1.684 3.823
8.000 250.000 0.601 0.751 0.923 1.030 1.160 1.327 1.417 1.530 1.620 1.696 1.750 1.775 1.818 1.836 1.854 1.856 1.837 1.803 1.766 1.746 1.712 1.660 1.569 1.549 3.739
8.000 300.000 0.542 0.691 0.862 0.968 1.094 1.260 1.347 1.458 1.544 1.615 1.662 1.679 1.715 1.725 1.732 1.717 1.689 1.650 1.613 1.598 1.569 1.523 1.449 1.430 3.663
8.000 350.000 0.490 0.638 0.807 0.913 1.036 1.201 1.285 1.393 1.476 1.541 1.582 1.592 1.620 1.622 1.618 1.589 1.552 1.511 1.477 1.465 1.440 1.401 1.344 1.326 3.597
8.000 400.000 0.444 0.591 0.759 0.863 0.983 1.147 1.228 1.333 1.413 1.472 1.507 1.509 1.531 1.524 1.510 1.468 1.424 1.383 1.351 1.345 1.325 1.292 1.248 1.231 3.536
8.000 450.000 0.399 0.545 0.712 0.816 0.932 1.095 1.173 1.276 1.351 1.405 1.433 1.429 1.444 1.428 1.404 1.351 1.301 1.262 1.232 1.230 1.214 1.187 1.155 1.138 3.478
8.000 500.000 0.357 0.503 0.669 0.772 0.886 1.047 1.122 1.221 1.293 1.341 1.363 1.351 1.360 1.336 1.303 1.240 1.184 1.148 1.121 1.123 1.110 1.089 1.067 1.052 3.423
8.000 600.000 0.290 0.435 0.598 0.700 0.808 0.965 1.034 1.126 1.188 1.220 1.227 1.199 1.192 1.151 1.100 1.020 0.956 0.935 0.918 0.931 0.927 0.918 0.916 0.901 3.319
8.000 700.000 0.221 0.365 0.528 0.628 0.730 0.884 0.947 1.032 1.086 1.105 1.100 1.059 1.041 0.987 0.921 0.831 0.761 0.751 0.738 0.756 0.756 0.758 0.768 0.753 3.226
8.000 800.000 0.164 0.307 0.469 0.567 0.663 0.814 0.870 0.948 0.992 0.997 0.980 0.925 0.895 0.829 0.751 0.652 0.575 0.577 0.570 0.590 0.593 0.606 0.627 0.609 3.139
8.000 1000.000 0.049 0.192 0.351 0.446 0.531 0.675 0.719 0.780 0.808 0.785 0.745 0.666 0.618 0.533 0.436 0.328 0.242 0.268 0.267 0.289 0.296 0.326 0.361 0.340 2.994
8.000 1200.000 -0.053 0.090 0.246 0.339 0.413 0.550 0.580 0.624 0.635 0.584 0.523 0.423 0.359 0.257 0.146 0.032 -0.063 -0.017 -0.013 0.007 0.015 0.059 0.104 0.081 2.843
8.000 1500.000 -0.196 -0.054 0.099 0.187 0.243 0.368 0.377 0.394 0.377 0.287 0.197 0.069 -0.017 -0.141 -0.268 -0.390 -0.503 -0.432 -0.425 -0.414 -0.407 -0.340 -0.282 -0.311 2.635
8.200 0.000 1.656 1.803 1.982 2.087 2.227 2.383 2.482 2.599 2.694 2.790 2.865 2.926 2.993 3.049 3.120 3.213 3.255 3.290 3.280 3.268 3.228 3.181 3.038 3.010 4.847
8.200 1.000 1.634 1.782 1.957 2.063 2.203 2.360 2.458 2.574 2.670 2.765 2.841 2.900 2.969 3.026 3.098 3.189 3.232 3.266 3.256 3.242 3.203 3.151 3.003 2.976 4.820
8.200 5.000 1.574 1.721 1.895 2.001 2.144 2.301 2.400 2.514 2.610 2.702 2.779 2.834 2.905 2.961 3.032 3.122 3.163 3.200 3.189 3.174 3.137 3.083 2.931 2.903 4.770
8.200 10.000 1.508 1.655 1.828 1.935 2.082 2.237 2.337 2.449 2.545 2.633 2.711 2.764 2.834 2.889 2.957 3.047 3.083 3.125 3.116 3.101 3.064 3.015 2.862 2.833 4.716
8.200 15.000 1.440 1.588 1.760 1.867 2.016 2.171 2.272 2.381 2.478 2.564 2.642 2.693 2.764 2.817 2.883 2.973 3.006 3.051 3.041 3.027 2.989 2.943 2.788 2.757 4.654
8.200 20.000 1.376 1.524 1.696 1.802 1.953 2.106 2.208 2.316 2.413 2.498 2.576 2.627 2.696 2.749 2.814 2.902 2.933 2.978 2.968 2.954 2.916 2.870 2.715 2.684 4.596
8.200 25.000 1.320 1.467 1.639 1.745 1.895 2.048 2.150 2.258 2.355 2.440 2.517 2.567 2.637 2.688 2.752 2.839 2.868 2.913 2.903 2.888 2.850 2.804 2.651 2.620 4.543
8.200 30.000 1.267 1.414 1.586 1.692 1.840 1.994 2.094 2.203 2.300 2.385 2.461 2.512 2.581 2.632 2.694 2.780 2.809 2.852 2.842 2.826 2.787 2.742 2.589 2.558 4.494
8.200 40.000 1.170 1.316 1.488 1.594 1.740 1.893 1.993 2.102 2.198 2.284 2.360 2.410 2.478 2.528 2.589 2.672 2.697 2.737 2.724 2.707 2.668 2.621 2.471 2.440 4.399
8.200 50.000 1.100 1.245 1.416 1.522 1.666 1.820 1.919 2.029 2.124 2.210 2.285 2.335 2.402 2.450 2.509 2.590 2.613 2.649 2.634 2.617 2.577 2.529 2.380 2.350 4.328
8.200 60.000 1.050 1.195 1.366 1.471 1.615 1.769 1.867 1.977 2.072 2.158 2.232 2.282 2.349 2.397 2.453 2.532 2.554 2.585 2.569 2.551 2.510 2.461 2.312 2.283 4.277
8.200 70.000 1.022 1.167 1.337 1.441 1.582 1.737 1.834 1.944 2.039 2.126 2.199 2.249 2.315 2.362 2.418 2.493 2.513 2.538 2.519 2.500 2.457 2.406 2.258 2.230 4.235
8.200 80.000 1.002 1.147 1.315 1.419 1.559 1.714 1.810 1.921 2.016 2.102 2.175 2.224 2.288 2.334 2.388 2.460 2.479 2.498 2.476 2.456 2.413 2.360 2.213 2.185 4.202
8.200 90.000 0.984 1.128 1.296 1.400 1.538 1.693 1.789 1.899 1.994 2.080 2.152 2.200 2.264 2.309 2.362 2.430 2.446 2.461 2.438 2.416 2.372 2.318 2.172 2.144 4.172
8.200 100.000 0.968 1.111 1.279 1.382 1.519 1.675 1.769 1.880 1.974 2.061 2.131 2.178 2.241 2.285 2.336 2.400 2.415 2.425 2.400 2.377 2.334 2.278 2.133 2.106 4.145
8.200 110.000 0.950 1.093 1.260 1.363 1.500 1.655 1.749 1.859 1.953 2.039 2.109 2.154 2.216 2.258 2.308 2.368 2.381 2.386 2.360 2.336 2.293 2.236 2.093 2.066 4.121
8.200 120.000 0.934 1.077 1.243 1.346 1.481 1.637 1.730 1.840 1.934 2.019 2.088 2.132 2.193 2.234 2.281 2.337 2.348 2.349 2.321 2.296 2.253 2.195 2.055 2.028 4.098
8.200 130.000 0.917 1.060 1.225 1.328 1.462 1.618 1.710 1.820 1.913 1.997 2.065 2.107 2.167 2.206 2.252 2.303 2.312 2.309 2.279 2.255 2.212 2.154 2.016 1.990 4.076
8.200 140.000 0.899 1.042 1.206 1.309 1.443 1.598 1.690 1.800 1.892 1.975 2.043 2.083 2.142 2.180 2.222 2.270 2.276 2.270 2.239 2.214 2.172 2.113 1.978 1.953 4.054
8.200 150.000 0.883 1.025 1.189 1.292 1.424 1.580 1.671 1.780 1.873 1.955 2.021 2.060 2.117 2.153 2.193 2.237 2.241 2.231 2.199 2.174 2.133 2.073 1.943 1.918 4.035
8.200 175.000 0.839 0.981 1.144 1.246 1.377 1.532 1.622 1.730 1.821 1.901 1.964 2.000 2.055 2.086 2.121 2.155 2.153 2.136 2.102 2.078 2.038 1.980 1.858 1.834 3.983
8.200 200.000 0.800 0.941 1.103 1.205 1.334 1.489 1.577 1.685 1.775 1.852 1.913 1.945 1.996 2.024 2.053 2.078 2.070 2.047 2.011 1.988 1.949 1.892 1.778 1.755 3.934
8.200 250.000 0.733 0.873 1.033 1.134 1.260 1.414 1.499 1.604 1.690 1.762 1.816 1.841 1.884 1.903 1.921 1.926 1.908 1.876 1.840 1.821 1.787 1.736 1.645 1.624 3.854
8.200 300.000 0.673 0.813 0.971 1.071 1.194 1.347 1.429 1.531 1.615 1.681 1.729 1.746 1.784 1.793 1.801 1.789 1.762 1.725 1.690 1.676 1.646 1.601 1.527 1.508 3.781
8.200 350.000 0.622 0.761 0.918 1.017 1.136 1.288 1.368 1.467 1.547 1.608 1.650 1.660 1.690 1.691 1.688 1.662 1.627 1.588 1.555 1.545 1.520 1.482 1.424 1.406 3.719
8.200 400.000 0.576 0.714 0.870 0.968 1.084 1.235 1.312 1.409 1.485 1.540 1.576 1.578 1.601 1.594 1.581 1.542 1.500 1.462 1.431 1.427 1.406 1.374 1.330 1.314 3.661
8.200 450.000 0.531 0.668 0.824 0.921 1.034 1.184 1.258 1.352 1.425 1.475 1.504 1.499 1.515 1.500 1.477 1.427 1.378 1.341 1.312 1.311 1.295 1.268 1.236 1.220 3.606
8.200 500.000 0.490 0.627 0.781 0.878 0.988 1.137 1.207 1.299 1.368 1.411 1.434 1.423 1.432 1.410 1.377 1.317 1.263 1.228 1.203 1.206 1.193 1.172 1.150 1.135 3.553
8.200 600.000 0.424 0.560 0.712 0.808 0.912 1.057 1.121 1.205 1.265 1.293 1.301 1.273 1.268 1.229 1.178 1.102 1.040 1.021 1.004 1.019 1.014 1.006 1.004 0.990 3.451
8.200 700.000 0.356 0.491 0.643 0.736 0.835 0.977 1.036 1.113 1.164 1.178 1.175 1.134 1.117 1.064 0.999 0.913 0.845 0.837 0.826 0.845 0.845 0.847 0.857 0.842 3.363
8.200 800.000 0.300 0.435 0.585 0.677 0.769 0.909 0.960 1.030 1.072 1.072 1.056 1.001 0.973 0.908 0.831 0.736 0.662 0.666 0.659 0.681 0.684 0.698 0.718 0.701 3.278
8.200 1000.000 0.188 0.322 0.470 0.559 0.640 0.773 0.811 0.865 0.890 0.863 0.824 0.746 0.699 0.616 0.520 0.416 0.334 0.360 0.360 0.383 0.390 0.419 0.454 0.433 3.140
8.200 1200.000 0.088 0.221 0.367 0.453 0.523 0.648 0.674 0.711 0.718 0.664 0.605 0.505 0.443 0.343 0.233 0.124 0.031 0.078 0.082 0.102 0.110 0.154 0.199 0.175 2.993
8.200 1500.000 -0.049 0.084 0.225 0.306 0.358 0.470 0.474 0.482 0.461 0.366 0.275 0.148 0.062 -0.059 -0.183 -0.300 -0.411 -0.335 -0.328 -0.315 -0.308 -0.241 -0.183 -0.212 2.792
