AbrahamsonEtAl2015SSlab as implemented in OpenQuake, distance is rhypo. Log10 hazard values in cgs units
          14 31 23 : nmag, ndist, nperiod
          10.000 7.500 6.000 5.000 4.000 3.000 2.500 2.000 1.500 1.000 0.750 0.600 0.500 0.400 0.300 0.250 0.200 0.150 0.100 0.075 0.050 0.020 PGA PGV
          0.740 0.740 0.740 0.740 0.740 0.740 0.740 0.740 0.740 0.740 0.740 0.740 0.740 0.740 0.740 0.740 0.740 0.740 0.740 0.740 0.740 0.740 0.740 0.740
4.75 1.00 -0.899 -0.659 -0.438 -0.259 -0.022 0.324 0.537 0.792 1.123 1.653 1.970 2.242 2.482 2.757 3.040 3.218 3.387 3.533 3.533 3.465 3.275 3.040 3.040 1.882
4.75 1.26 -0.911 -0.672 -0.452 -0.273 -0.036 0.309 0.521 0.775 1.105 1.633 1.948 2.218 2.457 2.730 3.011 3.187 3.355 3.499 3.499 3.431 3.242 3.008 3.008 1.847
4.75 1.58 -0.925 -0.687 -0.468 -0.290 -0.054 0.290 0.501 0.755 1.084 1.609 1.922 2.190 2.427 2.697 2.975 3.149 3.316 3.458 3.458 3.390 3.202 2.969 2.969 1.806
4.75 2.00 -0.942 -0.705 -0.487 -0.310 -0.075 0.268 0.478 0.731 1.058 1.580 1.891 2.156 2.390 2.658 2.932 3.104 3.269 3.409 3.409 3.341 3.154 2.922 2.922 1.756
4.75 2.51 -0.963 -0.728 -0.510 -0.334 -0.101 0.241 0.450 0.702 1.028 1.546 1.853 2.116 2.347 2.611 2.881 3.051 3.213 3.351 3.350 3.283 3.097 2.866 2.866 1.696
4.75 3.16 -0.987 -0.754 -0.538 -0.363 -0.131 0.209 0.418 0.668 0.992 1.505 1.809 2.068 2.295 2.555 2.821 2.988 3.147 3.282 3.282 3.214 3.030 2.801 2.801 1.626
4.75 3.98 -1.015 -0.784 -0.570 -0.397 -0.165 0.172 0.379 0.628 0.950 1.458 1.758 2.013 2.236 2.491 2.751 2.914 3.071 3.202 3.202 3.134 2.952 2.724 2.724 1.544
4.75 5.01 -1.048 -0.819 -0.607 -0.435 -0.206 0.129 0.335 0.583 0.902 1.403 1.699 1.949 2.167 2.416 2.671 2.830 2.983 3.110 3.110 3.042 2.862 2.637 2.637 1.450
4.75 6.31 -1.085 -0.860 -0.649 -0.480 -0.252 0.080 0.285 0.530 0.846 1.340 1.631 1.876 2.089 2.332 2.580 2.734 2.883 3.005 3.005 2.938 2.760 2.537 2.537 1.344
4.75 7.94 -1.128 -0.906 -0.697 -0.530 -0.304 0.024 0.228 0.471 0.784 1.270 1.555 1.794 2.001 2.237 2.477 2.627 2.771 2.888 2.888 2.821 2.646 2.426 2.426 1.224
4.75 10.00 -1.175 -0.957 -0.751 -0.586 -0.363 -0.038 0.164 0.405 0.714 1.192 1.471 1.703 1.903 2.132 2.364 2.508 2.647 2.759 2.759 2.692 2.520 2.302 2.302 1.092
4.75 12.59 -1.228 -1.014 -0.810 -0.648 -0.427 -0.106 0.093 0.332 0.637 1.105 1.378 1.603 1.796 2.017 2.240 2.378 2.512 2.617 2.618 2.550 2.382 2.168 2.168 0.948
4.75 15.85 -1.287 -1.076 -0.875 -0.716 -0.498 -0.181 0.016 0.252 0.553 1.011 1.276 1.494 1.679 1.892 2.106 2.237 2.365 2.465 2.465 2.398 2.233 2.022 2.022 0.793
4.75 19.95 -1.351 -1.145 -0.947 -0.790 -0.576 -0.263 -0.068 0.165 0.461 0.908 1.166 1.377 1.554 1.758 1.962 2.086 2.209 2.301 2.303 2.235 2.074 1.867 1.867 0.627
4.75 25.12 -1.421 -1.219 -1.024 -0.871 -0.660 -0.352 -0.159 0.070 0.363 0.798 1.048 1.251 1.420 1.615 1.809 1.927 2.043 2.129 2.130 2.063 1.905 1.702 1.702 0.451
4.75 31.62 -1.497 -1.300 -1.109 -0.959 -0.750 -0.448 -0.257 -0.031 0.256 0.680 0.922 1.117 1.278 1.464 1.648 1.758 1.869 1.948 1.950 1.882 1.729 1.530 1.530 0.266
4.75 39.81 -1.580 -1.388 -1.200 -1.054 -0.849 -0.551 -0.363 -0.141 0.141 0.553 0.787 0.975 1.128 1.305 1.479 1.582 1.687 1.759 1.761 1.694 1.545 1.350 1.350 0.074
4.75 50.12 -1.670 -1.484 -1.300 -1.157 -0.955 -0.663 -0.478 -0.259 0.018 0.418 0.644 0.825 0.970 1.138 1.303 1.399 1.498 1.563 1.566 1.499 1.354 1.164 1.164 -0.125
4.75 63.10 -1.770 -1.589 -1.409 -1.269 -1.071 -0.784 -0.602 -0.386 -0.115 0.272 0.491 0.665 0.803 0.964 1.119 1.209 1.303 1.360 1.365 1.298 1.157 0.972 0.972 -0.331
4.75 79.43 -1.880 -1.705 -1.528 -1.392 -1.198 -0.917 -0.737 -0.525 -0.259 0.115 0.326 0.496 0.627 0.781 0.929 1.012 1.101 1.152 1.158 1.091 0.955 0.774 0.774 -0.543
4.75 100.00 -2.004 -1.834 -1.661 -1.528 -1.338 -1.063 -0.885 -0.677 -0.417 -0.055 0.150 0.315 0.440 0.589 0.730 0.807 0.892 0.938 0.946 0.878 0.747 0.571 0.571 -0.760
4.75 125.89 -2.142 -1.979 -1.809 -1.680 -1.494 -1.224 -1.050 -0.846 -0.591 -0.241 -0.042 0.121 0.241 0.387 0.523 0.595 0.677 0.717 0.728 0.660 0.534 0.362 0.362 -0.983
4.75 158.49 -2.301 -2.143 -1.977 -1.852 -1.670 -1.405 -1.234 -1.033 -0.785 -0.446 -0.252 -0.090 0.028 0.173 0.306 0.374 0.455 0.491 0.504 0.437 0.315 0.148 0.148 -1.212
4.75 199.53 -2.483 -2.331 -2.169 -2.048 -1.869 -1.611 -1.442 -1.246 -1.003 -0.675 -0.485 -0.320 -0.203 -0.055 0.077 0.143 0.224 0.258 0.274 0.207 0.090 -0.072 -0.072 -1.448
4.75 251.19 -2.695 -2.549 -2.391 -2.274 -2.099 -1.846 -1.681 -1.488 -1.251 -0.933 -0.745 -0.573 -0.455 -0.301 -0.165 -0.100 -0.017 0.016 0.038 -0.030 -0.142 -0.299 -0.299 -1.690
4.75 316.23 -2.945 -2.804 -2.650 -2.537 -2.366 -2.120 -1.957 -1.768 -1.537 -1.228 -1.039 -0.857 -0.733 -0.567 -0.424 -0.357 -0.269 -0.234 -0.207 -0.275 -0.382 -0.534 -0.534 -1.942
4.75 398.11 -3.242 -3.107 -2.957 -2.848 -2.681 -2.440 -2.281 -2.096 -1.870 -1.569 -1.377 -1.178 -1.045 -0.860 -0.703 -0.632 -0.535 -0.496 -0.462 -0.529 -0.631 -0.778 -0.778 -2.204
4.75 501.19 -3.598 -3.469 -3.323 -3.218 -3.055 -2.820 -2.663 -2.482 -2.263 -1.968 -1.768 -1.545 -1.397 -1.186 -1.008 -0.929 -0.818 -0.771 -0.728 -0.795 -0.893 -1.035 -1.035 -2.478
4.75 630.96 -4.028 -3.905 -3.763 -3.662 -3.503 -3.274 -3.120 -2.943 -2.730 -2.438 -2.227 -1.971 -1.801 -1.553 -1.345 -1.253 -1.123 -1.063 -1.009 -1.076 -1.168 -1.306 -1.306 -2.768
4.75 794.33 -4.552 -4.435 -4.297 -4.200 -4.045 -3.822 -3.671 -3.498 -3.291 -3.000 -2.771 -2.470 -2.269 -1.972 -1.721 -1.611 -1.454 -1.376 -1.308 -1.375 -1.462 -1.595 -1.595 -3.077
4.75 1000.00 -5.194 -5.083 -4.949 -4.856 -4.704 -4.487 -4.340 -4.171 -3.969 -3.675 -3.422 -3.061 -2.819 -2.454 -2.148 -2.012 -1.819 -1.715 -1.629 -1.696 -1.779 -1.906 -1.906 -3.410
5.00 1.00 -0.696 -0.459 -0.240 -0.062 0.169 0.498 0.699 0.942 1.257 1.767 2.072 2.335 2.569 2.836 3.110 3.283 3.448 3.589 3.588 3.520 3.331 3.098 3.098 1.944
5.00 1.26 -0.707 -0.470 -0.252 -0.074 0.156 0.484 0.685 0.927 1.241 1.749 2.053 2.314 2.546 2.811 3.084 3.255 3.419 3.558 3.557 3.489 3.301 3.069 3.069 1.912
5.00 1.58 -0.720 -0.484 -0.266 -0.090 0.140 0.467 0.667 0.909 1.222 1.727 2.029 2.289 2.518 2.781 3.051 3.221 3.383 3.521 3.520 3.452 3.265 3.033 3.033 1.874
5.00 2.00 -0.735 -0.500 -0.284 -0.108 0.121 0.446 0.646 0.887 1.199 1.701 2.001 2.258 2.485 2.745 3.012 3.180 3.340 3.476 3.475 3.407 3.221 2.990 2.990 1.829
5.00 2.51 -0.754 -0.520 -0.305 -0.130 0.098 0.422 0.621 0.860 1.171 1.670 1.967 2.221 2.445 2.702 2.965 3.130 3.289 3.422 3.421 3.353 3.169 2.939 2.939 1.774
5.00 3.16 -0.776 -0.544 -0.329 -0.156 0.070 0.393 0.591 0.829 1.138 1.632 1.926 2.177 2.398 2.651 2.910 3.072 3.228 3.359 3.358 3.290 3.107 2.879 2.879 1.709
5.00 3.98 -0.801 -0.572 -0.359 -0.187 0.038 0.359 0.556 0.793 1.100 1.589 1.879 2.126 2.343 2.591 2.845 3.004 3.157 3.285 3.284 3.216 3.034 2.808 2.808 1.634
5.00 5.01 -0.831 -0.605 -0.393 -0.222 0.001 0.319 0.515 0.750 1.055 1.538 1.824 2.066 2.279 2.522 2.771 2.926 3.075 3.199 3.198 3.130 2.951 2.726 2.726 1.546
5.00 6.31 -0.866 -0.642 -0.432 -0.263 -0.042 0.273 0.468 0.701 1.003 1.480 1.761 1.998 2.206 2.443 2.685 2.836 2.982 3.101 3.100 3.032 2.855 2.633 2.633 1.446
5.00 7.94 -0.906 -0.684 -0.477 -0.310 -0.090 0.222 0.415 0.646 0.945 1.414 1.689 1.921 2.123 2.354 2.589 2.735 2.876 2.990 2.990 2.922 2.747 2.528 2.528 1.334
5.00 10.00 -0.950 -0.732 -0.527 -0.363 -0.145 0.163 0.355 0.584 0.879 1.340 1.609 1.835 2.030 2.254 2.481 2.622 2.759 2.868 2.867 2.799 2.628 2.411 2.411 1.209
5.00 12.59 -1.000 -0.786 -0.583 -0.421 -0.206 0.099 0.288 0.515 0.806 1.258 1.521 1.740 1.928 2.144 2.363 2.498 2.630 2.733 2.732 2.665 2.496 2.282 2.282 1.071
5.00 15.85 -1.055 -0.845 -0.645 -0.486 -0.274 0.027 0.215 0.438 0.726 1.167 1.424 1.636 1.817 2.025 2.234 2.363 2.489 2.586 2.586 2.519 2.353 2.143 2.143 0.922
5.00 19.95 -1.116 -0.910 -0.713 -0.557 -0.348 -0.051 0.134 0.355 0.638 1.069 1.318 1.523 1.697 1.896 2.096 2.218 2.339 2.429 2.429 2.362 2.200 1.994 1.994 0.762
5.00 25.12 -1.182 -0.982 -0.787 -0.634 -0.428 -0.136 0.047 0.265 0.543 0.963 1.205 1.402 1.568 1.758 1.948 2.064 2.179 2.262 2.263 2.195 2.037 1.835 1.835 0.592
5.00 31.62 -1.255 -1.059 -0.868 -0.718 -0.516 -0.229 -0.048 0.167 0.440 0.849 1.082 1.272 1.430 1.612 1.792 1.900 2.010 2.086 2.087 2.020 1.866 1.667 1.667 0.413
5.00 39.81 -1.335 -1.144 -0.957 -0.810 -0.611 -0.329 -0.151 0.061 0.329 0.726 0.952 1.134 1.284 1.457 1.628 1.729 1.832 1.902 1.904 1.836 1.687 1.492 1.492 0.226
5.00 50.12 -1.423 -1.237 -1.053 -0.910 -0.714 -0.437 -0.262 -0.054 0.209 0.594 0.812 0.988 1.130 1.294 1.456 1.550 1.648 1.711 1.714 1.646 1.501 1.311 1.311 0.031
5.00 63.10 -1.520 -1.340 -1.159 -1.019 -0.827 -0.556 -0.383 -0.179 0.079 0.451 0.662 0.832 0.966 1.124 1.276 1.364 1.456 1.512 1.517 1.449 1.308 1.122 1.122 -0.170
5.00 79.43 -1.627 -1.453 -1.276 -1.140 -0.951 -0.685 -0.515 -0.314 -0.062 0.298 0.501 0.666 0.794 0.944 1.089 1.170 1.258 1.308 1.313 1.246 1.110 0.928 0.928 -0.377
5.00 100.00 -1.748 -1.579 -1.405 -1.273 -1.088 -0.828 -0.660 -0.464 -0.217 0.131 0.328 0.488 0.610 0.756 0.894 0.969 1.053 1.097 1.105 1.037 0.906 0.729 0.729 -0.591
5.00 125.89 -1.884 -1.720 -1.551 -1.422 -1.241 -0.987 -0.822 -0.629 -0.388 -0.052 0.139 0.297 0.414 0.557 0.690 0.761 0.842 0.881 0.890 0.822 0.696 0.524 0.524 -0.810
5.00 158.49 -2.039 -1.882 -1.716 -1.591 -1.414 -1.165 -1.003 -0.814 -0.579 -0.254 -0.068 0.089 0.204 0.346 0.476 0.543 0.622 0.658 0.670 0.602 0.480 0.313 0.313 -1.036
5.00 199.53 -2.219 -2.067 -1.905 -1.784 -1.611 -1.368 -1.209 -1.024 -0.794 -0.481 -0.298 -0.137 -0.024 0.121 0.251 0.315 0.395 0.427 0.443 0.376 0.258 0.096 0.096 -1.268
5.00 251.19 -2.429 -2.282 -2.124 -2.008 -1.838 -1.601 -1.445 -1.263 -1.039 -0.736 -0.555 -0.388 -0.273 -0.121 0.011 0.075 0.157 0.189 0.210 0.142 0.030 -0.128 -0.128 -1.508
5.00 316.23 -2.676 -2.535 -2.381 -2.268 -2.103 -1.871 -1.718 -1.541 -1.323 -1.029 -0.847 -0.669 -0.549 -0.385 -0.245 -0.179 -0.092 -0.058 -0.032 -0.100 -0.208 -0.360 -0.360 -1.756
5.00 398.11 -2.970 -2.836 -2.685 -2.577 -2.415 -2.189 -2.039 -1.866 -1.653 -1.367 -1.182 -0.987 -0.857 -0.676 -0.521 -0.452 -0.355 -0.317 -0.284 -0.352 -0.454 -0.602 -0.602 -2.015
5.00 501.19 -3.324 -3.195 -3.049 -2.944 -2.786 -2.566 -2.419 -2.250 -2.043 -1.763 -1.571 -1.352 -1.207 -0.999 -0.823 -0.746 -0.636 -0.590 -0.548 -0.615 -0.713 -0.856 -0.856 -2.286
5.00 630.96 -3.752 -3.629 -3.487 -3.386 -3.232 -3.018 -2.874 -2.708 -2.508 -2.231 -2.027 -1.775 -1.608 -1.363 -1.157 -1.067 -0.938 -0.879 -0.826 -0.894 -0.986 -1.124 -1.124 -2.573
5.00 794.33 -4.273 -4.156 -4.018 -3.921 -3.771 -3.563 -3.422 -3.260 -3.066 -2.789 -2.568 -2.272 -2.074 -1.779 -1.531 -1.422 -1.267 -1.190 -1.122 -1.190 -1.277 -1.410 -1.410 -2.880
5.00 1000.00 -4.912 -4.801 -4.667 -4.574 -4.428 -4.226 -4.088 -3.930 -3.742 -3.462 -3.216 -2.860 -2.621 -2.259 -1.955 -1.820 -1.629 -1.526 -1.441 -1.508 -1.591 -1.719 -1.719 -3.210
5.25 1.00 -0.498 -0.262 -0.045 0.132 0.356 0.668 0.859 1.089 1.390 1.881 2.175 2.429 2.655 2.914 3.180 3.348 3.509 3.645 3.643 3.575 3.388 3.156 3.156 2.006
5.25 1.26 -0.507 -0.272 -0.055 0.120 0.344 0.655 0.846 1.076 1.376 1.865 2.157 2.410 2.634 2.892 3.156 3.323 3.482 3.617 3.615 3.547 3.361 3.129 3.129 1.977
5.25 1.58 -0.519 -0.285 -0.068 0.107 0.330 0.640 0.830 1.060 1.359 1.845 2.136 2.387 2.609 2.865 3.127 3.292 3.450 3.583 3.581 3.513 3.327 3.097 3.097 1.943
5.25 2.00 -0.532 -0.300 -0.084 0.090 0.313 0.622 0.811 1.040 1.338 1.821 2.110 2.358 2.579 2.832 3.091 3.254 3.411 3.542 3.540 3.472 3.287 3.058 3.058 1.901
5.25 2.51 -0.549 -0.318 -0.103 0.070 0.292 0.599 0.788 1.016 1.312 1.792 2.079 2.325 2.543 2.792 3.048 3.209 3.364 3.493 3.491 3.423 3.239 3.011 3.011 1.851
5.25 3.16 -0.569 -0.339 -0.126 0.046 0.267 0.573 0.761 0.987 1.282 1.758 2.041 2.284 2.499 2.745 2.998 3.156 3.308 3.434 3.433 3.364 3.182 2.955 2.955 1.791
5.25 3.98 -0.592 -0.365 -0.153 0.018 0.238 0.542 0.729 0.954 1.247 1.718 1.998 2.237 2.448 2.690 2.938 3.093 3.242 3.366 3.364 3.296 3.115 2.890 2.890 1.721
5.25 5.01 -0.620 -0.395 -0.184 -0.014 0.203 0.505 0.691 0.915 1.205 1.671 1.947 2.182 2.389 2.626 2.868 3.020 3.166 3.286 3.284 3.216 3.038 2.814 2.814 1.640
5.25 6.31 -0.652 -0.429 -0.220 -0.052 0.164 0.463 0.648 0.869 1.158 1.617 1.888 2.119 2.321 2.552 2.788 2.936 3.078 3.194 3.193 3.125 2.948 2.727 2.727 1.547
5.25 7.94 -0.688 -0.468 -0.261 -0.096 0.118 0.415 0.598 0.818 1.103 1.555 1.821 2.046 2.243 2.468 2.698 2.841 2.979 3.090 3.089 3.021 2.847 2.628 2.628 1.441
5.25 10.00 -0.730 -0.513 -0.308 -0.145 0.067 0.360 0.542 0.759 1.041 1.485 1.746 1.965 2.156 2.374 2.596 2.734 2.868 2.974 2.973 2.905 2.734 2.517 2.517 1.323
5.25 12.59 -0.776 -0.563 -0.361 -0.200 0.010 0.299 0.479 0.694 0.972 1.407 1.662 1.875 2.059 2.270 2.484 2.616 2.745 2.846 2.845 2.777 2.608 2.395 2.395 1.192
5.25 15.85 -0.828 -0.619 -0.420 -0.261 -0.054 0.231 0.409 0.622 0.896 1.322 1.569 1.776 1.953 2.156 2.361 2.487 2.611 2.706 2.705 2.637 2.472 2.262 2.262 1.050
5.25 19.95 -0.886 -0.681 -0.484 -0.329 -0.125 0.157 0.332 0.542 0.812 1.228 1.468 1.668 1.837 2.032 2.228 2.348 2.467 2.555 2.554 2.486 2.325 2.118 2.118 0.896
5.25 25.12 -0.950 -0.749 -0.555 -0.403 -0.202 0.075 0.249 0.455 0.721 1.126 1.359 1.551 1.713 1.899 2.086 2.199 2.312 2.394 2.394 2.325 2.168 1.965 1.965 0.732
5.25 31.62 -1.020 -0.824 -0.633 -0.484 -0.286 -0.014 0.157 0.361 0.622 1.015 1.241 1.426 1.580 1.757 1.934 2.041 2.148 2.223 2.223 2.155 2.002 1.803 1.803 0.558
5.25 39.81 -1.096 -0.906 -0.718 -0.572 -0.378 -0.111 0.058 0.258 0.514 0.896 1.114 1.292 1.438 1.607 1.775 1.874 1.976 2.044 2.045 1.977 1.828 1.633 1.633 0.376
5.25 50.12 -1.181 -0.996 -0.812 -0.669 -0.478 -0.216 -0.050 0.147 0.398 0.767 0.978 1.149 1.287 1.449 1.607 1.700 1.796 1.857 1.859 1.791 1.646 1.456 1.456 0.187
5.25 63.10 -1.275 -1.095 -0.915 -0.775 -0.588 -0.331 -0.168 0.026 0.271 0.628 0.832 0.996 1.128 1.282 1.431 1.518 1.609 1.663 1.666 1.598 1.458 1.272 1.272 -0.010
5.25 79.43 -1.380 -1.205 -1.028 -0.893 -0.709 -0.458 -0.297 -0.107 0.133 0.478 0.674 0.834 0.959 1.106 1.248 1.328 1.414 1.463 1.467 1.399 1.263 1.082 1.082 -0.213
5.25 100.00 -1.498 -1.328 -1.155 -1.023 -0.843 -0.597 -0.439 -0.253 -0.019 0.314 0.504 0.659 0.779 0.922 1.056 1.131 1.213 1.256 1.262 1.194 1.063 0.886 0.886 -0.423
5.25 125.89 -1.631 -1.467 -1.298 -1.170 -0.993 -0.753 -0.598 -0.416 -0.187 0.134 0.318 0.471 0.586 0.726 0.856 0.925 1.005 1.043 1.051 0.983 0.856 0.684 0.684 -0.639
5.25 158.49 -1.784 -1.626 -1.460 -1.336 -1.163 -0.929 -0.777 -0.598 -0.375 -0.065 0.114 0.267 0.379 0.518 0.645 0.711 0.789 0.823 0.835 0.766 0.644 0.477 0.477 -0.861
5.25 199.53 -1.961 -1.809 -1.647 -1.526 -1.357 -1.129 -0.979 -0.805 -0.588 -0.288 -0.113 0.043 0.154 0.296 0.423 0.486 0.564 0.596 0.611 0.543 0.426 0.263 0.263 -1.089
5.25 251.19 -2.168 -2.022 -1.864 -1.747 -1.582 -1.359 -1.213 -1.042 -0.830 -0.541 -0.368 -0.205 -0.092 0.056 0.187 0.249 0.330 0.361 0.380 0.312 0.200 0.042 0.042 -1.326
5.25 316.23 -2.412 -2.272 -2.118 -2.005 -1.844 -1.627 -1.484 -1.317 -1.111 -0.831 -0.657 -0.483 -0.365 -0.205 -0.067 -0.003 0.084 0.116 0.141 0.073 -0.034 -0.187 -0.187 -1.571
5.25 398.11 -2.704 -2.570 -2.419 -2.310 -2.153 -1.942 -1.802 -1.639 -1.439 -1.166 -0.989 -0.799 -0.671 -0.492 -0.340 -0.272 -0.177 -0.140 -0.107 -0.176 -0.278 -0.426 -0.426 -1.827
5.25 501.19 -3.055 -2.926 -2.780 -2.675 -2.522 -2.317 -2.179 -2.020 -1.826 -1.559 -1.375 -1.161 -1.018 -0.813 -0.640 -0.563 -0.454 -0.410 -0.368 -0.436 -0.534 -0.677 -0.677 -2.095
5.25 630.96 -3.480 -3.358 -3.215 -3.114 -2.965 -2.766 -2.631 -2.476 -2.288 -2.025 -1.828 -1.581 -1.416 -1.174 -0.971 -0.882 -0.754 -0.696 -0.644 -0.712 -0.805 -0.943 -0.943 -2.380
5.25 794.33 -3.999 -3.883 -3.744 -3.647 -3.502 -3.309 -3.177 -3.026 -2.844 -2.581 -2.367 -2.075 -1.880 -1.587 -1.342 -1.235 -1.080 -1.004 -0.937 -1.005 -1.093 -1.226 -1.226 -2.683
5.25 1000.00 -4.636 -4.525 -4.391 -4.298 -4.156 -3.969 -3.840 -3.693 -3.517 -3.251 -3.013 -2.661 -2.424 -2.065 -1.763 -1.630 -1.440 -1.338 -1.253 -1.321 -1.404 -1.532 -1.532 -3.010
5.50 1.00 -0.303 -0.070 0.146 0.321 0.539 0.835 1.017 1.235 1.522 1.994 2.277 2.522 2.741 2.992 3.251 3.414 3.570 3.701 3.698 3.630 3.444 3.214 3.214 2.068
5.50 1.26 -0.311 -0.079 0.137 0.311 0.529 0.824 1.005 1.223 1.509 1.979 2.261 2.505 2.723 2.972 3.229 3.390 3.546 3.676 3.673 3.605 3.420 3.190 3.190 2.042
5.50 1.58 -0.321 -0.090 0.125 0.299 0.516 0.810 0.991 1.208 1.494 1.961 2.241 2.484 2.700 2.948 3.202 3.362 3.516 3.645 3.642 3.574 3.390 3.161 3.161 2.011
5.50 2.00 -0.334 -0.103 0.111 0.284 0.501 0.794 0.974 1.191 1.475 1.940 2.218 2.458 2.672 2.918 3.170 3.328 3.480 3.608 3.605 3.536 3.353 3.125 3.125 1.973
5.50 2.51 -0.349 -0.119 0.094 0.266 0.482 0.774 0.953 1.169 1.452 1.914 2.190 2.428 2.639 2.882 3.131 3.287 3.438 3.563 3.560 3.491 3.309 3.082 3.082 1.927
5.50 3.16 -0.367 -0.139 0.073 0.244 0.459 0.750 0.928 1.143 1.424 1.882 2.156 2.391 2.599 2.839 3.084 3.238 3.386 3.509 3.506 3.438 3.257 3.031 3.031 1.872
5.50 3.98 -0.388 -0.162 0.049 0.219 0.432 0.721 0.899 1.112 1.392 1.845 2.115 2.347 2.552 2.788 3.029 3.180 3.326 3.445 3.443 3.374 3.195 2.971 2.971 1.808
5.50 5.01 -0.413 -0.189 0.020 0.189 0.401 0.687 0.864 1.076 1.354 1.802 2.068 2.296 2.498 2.728 2.964 3.112 3.255 3.371 3.369 3.300 3.123 2.900 2.900 1.732
5.50 6.31 -0.442 -0.221 -0.013 0.154 0.364 0.648 0.824 1.034 1.309 1.752 2.014 2.237 2.434 2.660 2.890 3.034 3.173 3.286 3.283 3.215 3.039 2.819 2.819 1.645
5.50 7.94 -0.476 -0.258 -0.051 0.114 0.322 0.603 0.777 0.986 1.258 1.694 1.951 2.170 2.361 2.581 2.805 2.945 3.080 3.188 3.186 3.118 2.944 2.726 2.726 1.546
5.50 10.00 -0.515 -0.299 -0.095 0.068 0.274 0.552 0.725 0.931 1.200 1.629 1.880 2.093 2.279 2.492 2.709 2.844 2.975 3.079 3.077 3.008 2.838 2.622 2.622 1.435
5.50 12.59 -0.558 -0.346 -0.145 0.016 0.220 0.495 0.666 0.870 1.135 1.555 1.801 2.008 2.188 2.394 2.603 2.732 2.859 2.957 2.955 2.887 2.719 2.506 2.506 1.311
5.50 15.85 -0.607 -0.399 -0.200 -0.042 0.160 0.431 0.600 0.801 1.063 1.474 1.713 1.914 2.086 2.285 2.486 2.609 2.731 2.823 2.822 2.753 2.589 2.379 2.379 1.175
5.50 19.95 -0.662 -0.458 -0.261 -0.106 0.093 0.360 0.527 0.726 0.983 1.384 1.616 1.810 1.976 2.166 2.358 2.476 2.592 2.678 2.677 2.609 2.448 2.242 2.242 1.028
5.50 25.12 -0.722 -0.523 -0.329 -0.177 0.019 0.282 0.446 0.642 0.896 1.286 1.511 1.698 1.856 2.038 2.221 2.332 2.443 2.523 2.522 2.454 2.296 2.094 2.094 0.870
5.50 31.62 -0.789 -0.594 -0.404 -0.254 -0.061 0.196 0.358 0.552 0.800 1.179 1.397 1.577 1.728 1.902 2.075 2.179 2.285 2.358 2.358 2.289 2.136 1.937 1.937 0.702
5.50 39.81 -0.863 -0.673 -0.486 -0.340 -0.150 0.103 0.263 0.452 0.696 1.064 1.274 1.447 1.590 1.756 1.920 2.018 2.118 2.184 2.184 2.116 1.967 1.772 1.772 0.525
5.50 50.12 -0.945 -0.760 -0.576 -0.433 -0.247 0.001 0.158 0.344 0.583 0.939 1.142 1.308 1.444 1.602 1.757 1.848 1.942 2.002 2.003 1.935 1.790 1.599 1.599 0.340
5.50 63.10 -1.036 -0.856 -0.676 -0.537 -0.354 -0.111 0.043 0.226 0.460 0.803 0.999 1.159 1.288 1.439 1.585 1.670 1.759 1.813 1.815 1.747 1.606 1.420 1.420 0.148
5.50 79.43 -1.138 -0.963 -0.787 -0.651 -0.472 -0.235 -0.083 0.097 0.325 0.656 0.845 1.000 1.122 1.267 1.406 1.484 1.569 1.616 1.620 1.552 1.415 1.234 1.234 -0.051
5.50 100.00 -1.253 -1.084 -0.911 -0.779 -0.603 -0.372 -0.222 -0.047 0.176 0.496 0.678 0.829 0.946 1.086 1.218 1.290 1.372 1.413 1.419 1.351 1.219 1.042 1.042 -0.256
5.50 125.89 -1.383 -1.220 -1.051 -0.922 -0.751 -0.525 -0.378 -0.206 0.011 0.319 0.495 0.644 0.756 0.893 1.020 1.088 1.167 1.204 1.212 1.143 1.016 0.844 0.844 -0.468
5.50 158.49 -1.533 -1.376 -1.210 -1.086 -0.918 -0.697 -0.554 -0.386 -0.174 0.122 0.294 0.443 0.552 0.689 0.813 0.877 0.954 0.987 0.998 0.930 0.807 0.640 0.640 -0.686
5.50 199.53 -1.708 -1.556 -1.394 -1.273 -1.109 -0.895 -0.754 -0.590 -0.384 -0.098 0.070 0.222 0.330 0.470 0.594 0.656 0.733 0.764 0.778 0.709 0.592 0.429 0.429 -0.912
5.50 251.19 -1.912 -1.766 -1.608 -1.491 -1.331 -1.122 -0.984 -0.824 -0.624 -0.348 -0.181 -0.023 0.087 0.233 0.361 0.422 0.502 0.531 0.550 0.482 0.369 0.211 0.211 -1.145
5.50 316.23 -2.154 -2.014 -1.860 -1.747 -1.590 -1.387 -1.253 -1.096 -0.902 -0.635 -0.468 -0.298 -0.183 -0.025 0.110 0.173 0.258 0.290 0.314 0.246 0.138 -0.015 -0.015 -1.387
5.50 398.11 -2.443 -2.309 -2.159 -2.050 -1.897 -1.700 -1.568 -1.415 -1.227 -0.968 -0.797 -0.611 -0.486 -0.310 -0.161 -0.093 0.001 0.037 0.068 -0.000 -0.103 -0.251 -0.251 -1.640
5.50 501.19 -2.792 -2.663 -2.517 -2.412 -2.263 -2.072 -1.943 -1.794 -1.612 -1.358 -1.180 -0.970 -0.830 -0.628 -0.457 -0.382 -0.274 -0.230 -0.190 -0.258 -0.356 -0.500 -0.500 -1.905
5.50 630.96 -3.214 -3.092 -2.950 -2.848 -2.704 -2.518 -2.392 -2.248 -2.071 -1.821 -1.632 -1.388 -1.226 -0.987 -0.786 -0.698 -0.571 -0.514 -0.462 -0.531 -0.624 -0.762 -0.762 -2.187
5.50 794.33 -3.731 -3.614 -3.476 -3.379 -3.238 -3.059 -2.935 -2.795 -2.624 -2.375 -2.168 -1.879 -1.687 -1.397 -1.154 -1.048 -0.894 -0.819 -0.753 -0.821 -0.910 -1.043 -1.043 -2.487
5.50 1000.00 -4.365 -4.254 -4.120 -4.027 -3.890 -3.716 -3.596 -3.459 -3.295 -3.042 -2.811 -2.463 -2.228 -1.872 -1.573 -1.441 -1.251 -1.150 -1.066 -1.135 -1.218 -1.347 -1.347 -2.812
5.75 1.00 -0.111 0.119 0.334 0.507 0.720 1.000 1.172 1.379 1.653 2.106 2.379 2.616 2.828 3.071 3.321 3.479 3.631 3.758 3.754 3.685 3.501 3.273 3.273 2.131
5.75 1.26 -0.119 0.111 0.325 0.498 0.710 0.990 1.162 1.369 1.641 2.093 2.364 2.600 2.811 3.053 3.301 3.458 3.609 3.735 3.731 3.662 3.479 3.251 3.251 2.107
5.75 1.58 -0.128 0.102 0.315 0.487 0.699 0.978 1.149 1.355 1.627 2.077 2.347 2.581 2.790 3.030 3.277 3.433 3.582 3.707 3.703 3.634 3.452 3.224 3.224 2.079
5.75 2.00 -0.139 0.089 0.302 0.474 0.685 0.963 1.133 1.339 1.610 2.058 2.325 2.558 2.765 3.003 3.248 3.402 3.550 3.673 3.669 3.600 3.418 3.192 3.192 2.044
5.75 2.51 -0.152 0.075 0.287 0.457 0.668 0.944 1.115 1.320 1.589 2.034 2.300 2.530 2.735 2.970 3.212 3.364 3.511 3.632 3.628 3.559 3.378 3.153 3.153 2.002
5.75 3.16 -0.169 0.057 0.268 0.438 0.647 0.923 1.092 1.296 1.564 2.005 2.269 2.496 2.699 2.931 3.169 3.319 3.464 3.582 3.579 3.510 3.330 3.106 3.106 1.952
5.75 3.98 -0.188 0.036 0.246 0.415 0.623 0.896 1.065 1.268 1.534 1.971 2.232 2.456 2.655 2.884 3.119 3.266 3.408 3.524 3.520 3.452 3.273 3.050 3.050 1.893
5.75 5.01 -0.211 0.011 0.220 0.387 0.594 0.866 1.033 1.235 1.499 1.931 2.188 2.409 2.605 2.829 3.059 3.203 3.342 3.455 3.452 3.383 3.207 2.985 2.985 1.823
5.75 6.31 -0.238 -0.018 0.189 0.355 0.560 0.830 0.996 1.196 1.458 1.885 2.138 2.354 2.546 2.765 2.990 3.130 3.267 3.376 3.372 3.304 3.129 2.910 2.910 1.742
5.75 7.94 -0.269 -0.052 0.154 0.318 0.521 0.788 0.953 1.151 1.411 1.831 2.079 2.291 2.478 2.692 2.910 3.047 3.179 3.284 3.281 3.213 3.040 2.823 2.823 1.650
5.75 10.00 -0.304 -0.090 0.113 0.275 0.477 0.740 0.904 1.100 1.357 1.770 2.013 2.220 2.401 2.609 2.820 2.952 3.081 3.181 3.178 3.110 2.940 2.725 2.725 1.545
5.75 12.59 -0.345 -0.134 0.067 0.227 0.426 0.686 0.848 1.042 1.296 1.700 1.938 2.139 2.314 2.515 2.720 2.846 2.971 3.066 3.063 2.995 2.827 2.615 2.615 1.427
5.75 15.85 -0.391 -0.184 0.015 0.172 0.369 0.626 0.786 0.978 1.227 1.623 1.855 2.049 2.218 2.412 2.608 2.729 2.849 2.939 2.936 2.868 2.703 2.494 2.494 1.298
5.75 19.95 -0.443 -0.239 -0.043 0.111 0.306 0.558 0.717 0.906 1.151 1.537 1.762 1.951 2.112 2.299 2.487 2.602 2.716 2.800 2.798 2.729 2.568 2.363 2.363 1.157
5.75 25.12 -0.500 -0.301 -0.108 0.044 0.235 0.484 0.640 0.826 1.067 1.443 1.661 1.843 1.998 2.176 2.355 2.464 2.573 2.651 2.649 2.580 2.423 2.221 2.221 1.005
5.75 31.62 -0.564 -0.369 -0.179 -0.030 0.158 0.402 0.556 0.739 0.976 1.341 1.552 1.726 1.873 2.044 2.214 2.316 2.420 2.491 2.490 2.421 2.268 2.070 2.070 0.843
5.75 39.81 -0.635 -0.445 -0.258 -0.113 0.073 0.312 0.463 0.643 0.875 1.229 1.433 1.601 1.740 1.903 2.064 2.159 2.258 2.322 2.322 2.253 2.104 1.910 1.910 0.672
5.75 50.12 -0.714 -0.529 -0.345 -0.203 -0.021 0.213 0.362 0.538 0.766 1.108 1.304 1.466 1.598 1.753 1.905 1.994 2.087 2.145 2.146 2.077 1.932 1.742 1.742 0.493
5.75 63.10 -0.802 -0.622 -0.442 -0.303 -0.125 0.104 0.250 0.423 0.645 0.976 1.165 1.321 1.446 1.594 1.737 1.820 1.909 1.960 1.962 1.894 1.752 1.566 1.566 0.305
5.75 79.43 -0.901 -0.727 -0.550 -0.415 -0.240 -0.016 0.127 0.297 0.514 0.832 1.014 1.165 1.284 1.426 1.562 1.639 1.723 1.768 1.771 1.703 1.566 1.385 1.385 0.111
5.75 100.00 -1.013 -0.844 -0.671 -0.540 -0.368 -0.150 -0.009 0.157 0.368 0.675 0.850 0.998 1.111 1.248 1.378 1.449 1.529 1.569 1.574 1.506 1.373 1.196 1.196 -0.091
5.75 125.89 -1.141 -0.978 -0.809 -0.680 -0.513 -0.300 -0.162 0.000 0.206 0.501 0.671 0.816 0.925 1.059 1.184 1.251 1.328 1.363 1.371 1.302 1.174 1.002 1.002 -0.299
5.75 158.49 -1.288 -1.131 -0.965 -0.841 -0.677 -0.470 -0.335 -0.176 0.024 0.308 0.473 0.618 0.724 0.858 0.980 1.043 1.119 1.151 1.160 1.092 0.969 0.801 0.801 -0.513
5.75 199.53 -1.460 -1.308 -1.147 -1.026 -0.866 -0.665 -0.532 -0.378 -0.183 0.090 0.252 0.400 0.505 0.642 0.764 0.824 0.901 0.930 0.944 0.875 0.757 0.594 0.594 -0.735
5.75 251.19 -1.662 -1.516 -1.358 -1.241 -1.085 -0.889 -0.760 -0.609 -0.421 -0.157 0.003 0.157 0.265 0.408 0.534 0.593 0.672 0.701 0.719 0.651 0.537 0.379 0.379 -0.965
5.75 316.23 -1.901 -1.761 -1.607 -1.494 -1.342 -1.152 -1.026 -0.879 -0.696 -0.441 -0.280 -0.115 -0.002 0.153 0.286 0.348 0.432 0.462 0.486 0.418 0.309 0.156 0.156 -1.204
5.75 398.11 -2.188 -2.053 -1.903 -1.794 -1.646 -1.462 -1.338 -1.195 -1.018 -0.772 -0.607 -0.425 -0.303 -0.129 0.018 0.084 0.177 0.212 0.243 0.174 0.071 -0.077 -0.077 -1.454
5.75 501.19 -2.534 -2.405 -2.259 -2.154 -2.010 -1.831 -1.711 -1.572 -1.401 -1.159 -0.988 -0.782 -0.644 -0.444 -0.276 -0.202 -0.095 -0.052 -0.012 -0.081 -0.179 -0.323 -0.323 -1.716
5.75 630.96 -2.954 -2.831 -2.689 -2.588 -2.448 -2.275 -2.158 -2.022 -1.857 -1.619 -1.436 -1.197 -1.037 -0.800 -0.602 -0.515 -0.389 -0.333 -0.282 -0.351 -0.444 -0.583 -0.583 -1.994
5.75 794.33 -3.468 -3.351 -3.213 -3.116 -2.979 -2.813 -2.698 -2.567 -2.408 -2.170 -1.970 -1.685 -1.495 -1.208 -0.967 -0.862 -0.709 -0.635 -0.570 -0.639 -0.727 -0.861 -0.861 -2.292
5.75 1000.00 -4.099 -3.988 -3.854 -3.761 -3.629 -3.468 -3.356 -3.229 -3.076 -2.836 -2.610 -2.266 -2.034 -1.680 -1.383 -1.252 -1.064 -0.964 -0.881 -0.949 -1.033 -1.162 -1.162 -2.614
6.00 1.00 0.076 0.305 0.518 0.689 0.896 1.162 1.325 1.522 1.782 2.218 2.480 2.709 2.914 3.150 3.392 3.545 3.692 3.814 3.810 3.741 3.559 3.332 3.332 2.194
6.00 1.26 0.070 0.298 0.510 0.681 0.888 1.153 1.316 1.512 1.772 2.207 2.467 2.695 2.899 3.133 3.374 3.526 3.673 3.794 3.789 3.720 3.538 3.312 3.312 2.173
6.00 1.58 0.062 0.289 0.501 0.671 0.877 1.142 1.304 1.500 1.759 2.192 2.452 2.678 2.880 3.113 3.352 3.503 3.648 3.768 3.764 3.695 3.514 3.288 3.288 2.147
6.00 2.00 0.052 0.278 0.489 0.659 0.865 1.129 1.290 1.486 1.744 2.174 2.432 2.657 2.858 3.088 3.325 3.475 3.619 3.737 3.733 3.664 3.484 3.258 3.258 2.116
6.00 2.51 0.040 0.265 0.475 0.645 0.850 1.112 1.273 1.468 1.725 2.153 2.409 2.631 2.830 3.059 3.293 3.441 3.583 3.700 3.695 3.627 3.447 3.223 3.223 2.077
6.00 3.16 0.025 0.249 0.459 0.627 0.831 1.092 1.253 1.446 1.702 2.127 2.381 2.601 2.797 3.023 3.254 3.399 3.540 3.655 3.650 3.582 3.403 3.180 3.180 2.032
6.00 3.98 0.008 0.230 0.439 0.606 0.809 1.068 1.228 1.421 1.675 2.096 2.347 2.564 2.757 2.980 3.207 3.350 3.489 3.601 3.597 3.528 3.351 3.129 3.129 1.977
6.00 5.01 -0.013 0.207 0.415 0.581 0.782 1.040 1.199 1.391 1.643 2.059 2.307 2.521 2.711 2.929 3.152 3.292 3.429 3.538 3.534 3.465 3.289 3.069 3.069 1.913
6.00 6.31 -0.038 0.181 0.387 0.551 0.751 1.007 1.165 1.355 1.605 2.016 2.260 2.470 2.656 2.870 3.088 3.225 3.358 3.464 3.460 3.391 3.217 2.999 2.999 1.838
6.00 7.94 -0.066 0.150 0.354 0.517 0.715 0.969 1.125 1.313 1.561 1.966 2.206 2.411 2.593 2.801 3.014 3.147 3.277 3.379 3.375 3.306 3.134 2.918 2.918 1.751
6.00 10.00 -0.099 0.114 0.316 0.477 0.674 0.924 1.079 1.266 1.511 1.909 2.143 2.344 2.520 2.723 2.930 3.058 3.184 3.282 3.278 3.209 3.040 2.826 2.826 1.653
6.00 12.59 -0.137 0.073 0.273 0.432 0.626 0.874 1.027 1.212 1.453 1.843 2.073 2.268 2.439 2.635 2.835 2.958 3.080 3.173 3.169 3.100 2.934 2.722 2.722 1.542
6.00 15.85 -0.180 0.026 0.224 0.381 0.573 0.817 0.968 1.150 1.389 1.770 1.994 2.183 2.348 2.537 2.729 2.847 2.965 3.052 3.049 2.980 2.816 2.608 2.608 1.419
6.00 19.95 -0.229 -0.026 0.169 0.323 0.513 0.753 0.903 1.082 1.316 1.689 1.906 2.089 2.247 2.429 2.613 2.726 2.838 2.920 2.917 2.848 2.687 2.482 2.482 1.285
6.00 25.12 -0.283 -0.085 0.108 0.259 0.446 0.682 0.830 1.006 1.236 1.599 1.810 1.986 2.137 2.311 2.487 2.593 2.700 2.776 2.774 2.705 2.548 2.346 2.346 1.139
6.00 31.62 -0.344 -0.150 0.040 0.188 0.372 0.603 0.749 0.922 1.148 1.500 1.704 1.874 2.018 2.184 2.351 2.451 2.553 2.622 2.621 2.552 2.398 2.200 2.200 0.983
6.00 39.81 -0.412 -0.223 -0.036 0.109 0.290 0.516 0.660 0.830 1.051 1.392 1.589 1.752 1.889 2.048 2.205 2.299 2.396 2.459 2.458 2.389 2.240 2.045 2.045 0.818
6.00 50.12 -0.488 -0.304 -0.120 0.022 0.199 0.421 0.562 0.729 0.945 1.275 1.464 1.621 1.751 1.902 2.051 2.139 2.230 2.287 2.287 2.218 2.072 1.882 1.882 0.643
6.00 63.10 -0.573 -0.394 -0.214 -0.075 0.099 0.315 0.453 0.617 0.828 1.146 1.329 1.480 1.603 1.748 1.888 1.970 2.056 2.107 2.108 2.039 1.898 1.712 1.712 0.461
6.00 79.43 -0.669 -0.496 -0.319 -0.184 -0.013 0.198 0.333 0.494 0.700 1.006 1.182 1.328 1.445 1.583 1.717 1.792 1.874 1.919 1.921 1.852 1.716 1.534 1.534 0.271
6.00 100.00 -0.779 -0.610 -0.437 -0.306 -0.139 0.067 0.200 0.357 0.557 0.852 1.021 1.164 1.275 1.409 1.536 1.606 1.685 1.724 1.728 1.659 1.527 1.350 1.350 0.074
6.00 125.89 -0.904 -0.741 -0.572 -0.444 -0.281 -0.080 0.050 0.203 0.398 0.681 0.845 0.986 1.092 1.224 1.346 1.411 1.487 1.522 1.528 1.459 1.332 1.159 1.159 -0.131
6.00 158.49 -1.049 -0.891 -0.726 -0.602 -0.442 -0.247 -0.120 0.029 0.219 0.491 0.650 0.791 0.895 1.026 1.145 1.207 1.282 1.313 1.322 1.253 1.130 0.962 0.962 -0.342
6.00 199.53 -1.218 -1.066 -0.904 -0.784 -0.628 -0.439 -0.315 -0.169 0.015 0.276 0.432 0.576 0.679 0.813 0.932 0.992 1.067 1.095 1.108 1.039 0.921 0.758 0.758 -0.560
6.00 251.19 -1.417 -1.271 -1.113 -0.997 -0.845 -0.661 -0.540 -0.398 -0.220 0.032 0.186 0.336 0.441 0.582 0.705 0.764 0.842 0.870 0.887 0.818 0.705 0.546 0.546 -0.786
6.00 316.23 -1.654 -1.513 -1.360 -1.247 -1.099 -0.921 -0.802 -0.665 -0.492 -0.250 -0.095 0.067 0.177 0.330 0.461 0.521 0.605 0.634 0.657 0.588 0.479 0.326 0.326 -1.022
6.00 398.11 -1.938 -1.803 -1.653 -1.544 -1.400 -1.228 -1.113 -0.979 -0.812 -0.577 -0.419 -0.241 -0.120 0.051 0.196 0.261 0.353 0.387 0.417 0.348 0.244 0.096 0.096 -1.269
6.00 501.19 -2.281 -2.152 -2.006 -1.901 -1.761 -1.595 -1.482 -1.352 -1.192 -0.962 -0.797 -0.594 -0.459 -0.261 -0.095 -0.022 0.084 0.126 0.165 0.096 -0.003 -0.147 -0.147 -1.528
6.00 630.96 -2.699 -2.576 -2.434 -2.333 -2.196 -2.036 -1.927 -1.800 -1.646 -1.420 -1.243 -1.007 -0.850 -0.615 -0.418 -0.333 -0.207 -0.153 -0.102 -0.171 -0.265 -0.404 -0.404 -1.803
6.00 794.33 -3.210 -3.093 -2.955 -2.858 -2.726 -2.571 -2.464 -2.342 -2.194 -1.968 -1.773 -1.493 -1.305 -1.020 -0.782 -0.677 -0.525 -0.452 -0.388 -0.457 -0.546 -0.680 -0.680 -2.098
6.00 1000.00 -3.839 -3.728 -3.594 -3.501 -3.372 -3.224 -3.120 -3.002 -2.859 -2.631 -2.411 -2.071 -1.841 -1.490 -1.195 -1.065 -0.877 -0.778 -0.696 -0.764 -0.849 -0.978 -0.978 -2.417
6.25 1.00 0.261 0.487 0.698 0.868 1.069 1.322 1.476 1.663 1.911 2.330 2.582 2.803 3.001 3.229 3.463 3.611 3.754 3.871 3.866 3.797 3.616 3.391 3.391 2.258
6.25 1.26 0.255 0.480 0.691 0.861 1.062 1.313 1.468 1.654 1.902 2.319 2.570 2.790 2.987 3.214 3.447 3.594 3.736 3.853 3.848 3.778 3.598 3.373 3.373 2.239
6.25 1.58 0.248 0.472 0.683 0.852 1.053 1.304 1.457 1.643 1.890 2.306 2.556 2.774 2.970 3.196 3.427 3.573 3.714 3.830 3.825 3.756 3.576 3.352 3.352 2.215
6.25 2.00 0.239 0.463 0.673 0.841 1.041 1.291 1.445 1.630 1.876 2.290 2.539 2.755 2.950 3.173 3.403 3.548 3.688 3.802 3.797 3.727 3.549 3.325 3.325 2.187
6.25 2.51 0.228 0.451 0.660 0.828 1.028 1.277 1.429 1.614 1.859 2.271 2.517 2.732 2.925 3.146 3.373 3.517 3.655 3.768 3.763 3.693 3.515 3.293 3.293 2.152
6.25 3.16 0.215 0.437 0.645 0.812 1.011 1.259 1.411 1.595 1.839 2.247 2.492 2.704 2.894 3.113 3.338 3.479 3.616 3.726 3.721 3.652 3.475 3.253 3.253 2.110
6.25 3.98 0.199 0.419 0.627 0.793 0.991 1.237 1.388 1.571 1.814 2.219 2.461 2.671 2.858 3.074 3.295 3.434 3.569 3.677 3.672 3.603 3.427 3.207 3.207 2.060
6.25 5.01 0.180 0.399 0.605 0.770 0.967 1.211 1.362 1.544 1.784 2.185 2.424 2.631 2.815 3.027 3.245 3.381 3.513 3.619 3.614 3.545 3.370 3.151 3.151 2.001
6.25 6.31 0.158 0.374 0.579 0.743 0.938 1.181 1.330 1.511 1.750 2.145 2.381 2.584 2.765 2.973 3.185 3.318 3.448 3.550 3.546 3.476 3.304 3.086 3.086 1.931
6.25 7.94 0.132 0.346 0.549 0.711 0.905 1.145 1.294 1.472 1.709 2.099 2.330 2.530 2.706 2.909 3.116 3.246 3.372 3.471 3.466 3.397 3.226 3.011 3.011 1.851
6.25 10.00 0.101 0.313 0.514 0.675 0.866 1.104 1.251 1.428 1.662 2.045 2.272 2.467 2.638 2.836 3.037 3.163 3.286 3.380 3.376 3.307 3.138 2.925 2.925 1.759
6.25 12.59 0.066 0.275 0.474 0.632 0.822 1.057 1.202 1.377 1.608 1.984 2.206 2.396 2.562 2.753 2.948 3.069 3.188 3.278 3.274 3.204 3.038 2.828 2.828 1.655
6.25 15.85 0.026 0.231 0.428 0.584 0.772 1.003 1.147 1.320 1.547 1.915 2.131 2.315 2.475 2.660 2.848 2.963 3.078 3.163 3.159 3.090 2.927 2.719 2.719 1.538
6.25 19.95 -0.020 0.182 0.376 0.530 0.715 0.943 1.085 1.255 1.479 1.838 2.048 2.226 2.380 2.558 2.737 2.847 2.958 3.037 3.034 2.964 2.804 2.599 2.599 1.411
6.25 25.12 -0.071 0.126 0.318 0.469 0.652 0.875 1.015 1.183 1.402 1.752 1.956 2.127 2.275 2.445 2.616 2.721 2.826 2.900 2.897 2.828 2.671 2.469 2.469 1.271
6.25 31.62 -0.129 0.064 0.253 0.401 0.581 0.800 0.938 1.103 1.318 1.657 1.854 2.020 2.160 2.323 2.486 2.584 2.684 2.752 2.749 2.680 2.527 2.329 2.329 1.121
6.25 39.81 -0.194 -0.006 0.180 0.325 0.502 0.716 0.852 1.014 1.225 1.553 1.743 1.902 2.035 2.191 2.345 2.437 2.532 2.594 2.592 2.523 2.374 2.180 2.180 0.961
6.25 50.12 -0.267 -0.084 0.099 0.241 0.414 0.624 0.757 0.916 1.122 1.439 1.622 1.775 1.902 2.050 2.196 2.282 2.372 2.427 2.426 2.357 2.212 2.022 2.022 0.792
6.25 63.10 -0.350 -0.171 0.009 0.147 0.317 0.522 0.652 0.808 1.008 1.315 1.491 1.638 1.758 1.900 2.037 2.117 2.202 2.252 2.252 2.183 2.041 1.856 1.856 0.615
6.25 79.43 -0.443 -0.270 -0.094 0.041 0.208 0.407 0.536 0.687 0.883 1.178 1.347 1.490 1.603 1.739 1.870 1.944 2.025 2.068 2.070 2.001 1.864 1.682 1.682 0.429
6.25 100.00 -0.550 -0.382 -0.209 -0.078 0.085 0.280 0.405 0.553 0.744 1.027 1.190 1.329 1.437 1.569 1.693 1.762 1.839 1.877 1.881 1.812 1.679 1.502 1.502 0.236
6.25 125.89 -0.672 -0.510 -0.341 -0.213 -0.053 0.135 0.258 0.402 0.587 0.859 1.017 1.154 1.258 1.387 1.507 1.571 1.646 1.679 1.685 1.616 1.488 1.315 1.315 0.036
6.25 158.49 -0.814 -0.657 -0.492 -0.368 -0.212 -0.029 0.091 0.232 0.411 0.672 0.825 0.962 1.064 1.192 1.309 1.370 1.444 1.473 1.482 1.413 1.290 1.122 1.122 -0.171
6.25 199.53 -0.981 -0.829 -0.668 -0.547 -0.395 -0.218 -0.101 0.036 0.210 0.460 0.610 0.750 0.851 0.983 1.100 1.158 1.232 1.260 1.272 1.203 1.084 0.921 0.921 -0.386
6.25 251.19 -1.177 -1.031 -0.874 -0.757 -0.609 -0.437 -0.323 -0.190 -0.022 0.218 0.367 0.514 0.617 0.755 0.876 0.933 1.010 1.037 1.054 0.985 0.871 0.712 0.712 -0.609
6.25 316.23 -1.411 -1.271 -1.117 -1.005 -0.861 -0.695 -0.583 -0.454 -0.292 -0.060 0.089 0.247 0.355 0.506 0.635 0.694 0.776 0.805 0.827 0.758 0.649 0.495 0.495 -0.841
6.25 398.11 -1.693 -1.559 -1.409 -1.300 -1.159 -0.999 -0.891 -0.765 -0.609 -0.385 -0.232 -0.057 0.060 0.229 0.372 0.436 0.527 0.561 0.590 0.521 0.417 0.268 0.268 -1.084
6.25 501.19 -2.033 -1.905 -1.759 -1.654 -1.518 -1.363 -1.258 -1.136 -0.986 -0.767 -0.608 -0.409 -0.276 -0.080 0.084 0.156 0.261 0.302 0.341 0.271 0.172 0.028 0.028 -1.341
6.25 630.96 -2.449 -2.326 -2.184 -2.083 -1.950 -1.802 -1.699 -1.582 -1.437 -1.222 -1.051 -0.818 -0.663 -0.431 -0.236 -0.152 -0.027 0.027 0.076 0.007 -0.087 -0.226 -0.226 -1.613
6.25 794.33 -2.957 -2.841 -2.702 -2.605 -2.477 -2.334 -2.235 -2.121 -1.982 -1.768 -1.579 -1.302 -1.116 -0.833 -0.597 -0.493 -0.343 -0.270 -0.206 -0.275 -0.365 -0.499 -0.499 -1.905
6.25 1000.00 -3.584 -3.473 -3.339 -3.246 -3.121 -2.985 -2.888 -2.778 -2.645 -2.428 -2.214 -1.877 -1.650 -1.300 -1.007 -0.878 -0.692 -0.593 -0.511 -0.581 -0.665 -0.794 -0.794 -2.221
6.50 1.00 0.441 0.665 0.875 1.043 1.239 1.478 1.625 1.802 2.038 2.441 2.684 2.896 3.088 3.308 3.535 3.678 3.816 3.929 3.923 3.854 3.675 3.451 3.451 2.322
6.50 1.26 0.436 0.659 0.869 1.037 1.233 1.471 1.617 1.794 2.030 2.432 2.673 2.885 3.075 3.295 3.520 3.663 3.800 3.912 3.906 3.837 3.658 3.435 3.435 2.305
6.50 1.58 0.430 0.652 0.861 1.029 1.224 1.462 1.608 1.784 2.020 2.420 2.660 2.871 3.060 3.278 3.502 3.644 3.781 3.891 3.886 3.816 3.638 3.416 3.416 2.284
6.50 2.00 0.422 0.644 0.852 1.019 1.214 1.451 1.597 1.773 2.007 2.406 2.645 2.854 3.042 3.258 3.480 3.620 3.756 3.866 3.860 3.791 3.613 3.391 3.391 2.258
6.50 2.51 0.412 0.633 0.841 1.007 1.202 1.438 1.583 1.758 1.992 2.388 2.625 2.833 3.019 3.233 3.454 3.592 3.727 3.835 3.829 3.760 3.583 3.362 3.362 2.226
6.50 3.16 0.400 0.620 0.827 0.993 1.187 1.422 1.566 1.741 1.973 2.366 2.602 2.807 2.991 3.203 3.421 3.558 3.691 3.797 3.792 3.722 3.547 3.326 3.326 2.188
6.50 3.98 0.386 0.605 0.811 0.976 1.168 1.402 1.546 1.719 1.951 2.341 2.574 2.777 2.958 3.168 3.382 3.517 3.648 3.752 3.747 3.677 3.503 3.284 3.284 2.143
6.50 5.01 0.369 0.586 0.791 0.955 1.147 1.378 1.521 1.694 1.924 2.310 2.540 2.740 2.919 3.125 3.335 3.468 3.597 3.699 3.693 3.624 3.451 3.233 3.233 2.088
6.50 6.31 0.349 0.564 0.767 0.930 1.121 1.351 1.493 1.664 1.892 2.273 2.500 2.697 2.872 3.074 3.281 3.410 3.537 3.635 3.630 3.561 3.389 3.173 3.173 2.024
6.50 7.94 0.325 0.537 0.740 0.901 1.090 1.318 1.459 1.628 1.854 2.230 2.453 2.647 2.818 3.015 3.217 3.343 3.466 3.562 3.556 3.487 3.317 3.103 3.103 1.949
6.50 10.00 0.297 0.507 0.708 0.867 1.054 1.280 1.419 1.587 1.810 2.180 2.399 2.588 2.755 2.947 3.143 3.265 3.385 3.477 3.472 3.402 3.235 3.022 3.022 1.863
6.50 12.59 0.264 0.471 0.670 0.828 1.013 1.236 1.374 1.540 1.760 2.123 2.337 2.521 2.683 2.869 3.059 3.177 3.293 3.380 3.376 3.306 3.141 2.931 2.931 1.765
6.50 15.85 0.227 0.431 0.627 0.783 0.966 1.185 1.322 1.486 1.703 2.058 2.267 2.445 2.601 2.782 2.965 3.078 3.190 3.272 3.268 3.198 3.036 2.829 2.829 1.656
6.50 19.95 0.184 0.384 0.579 0.731 0.912 1.128 1.263 1.425 1.638 1.985 2.188 2.361 2.511 2.684 2.860 2.967 3.075 3.152 3.148 3.079 2.919 2.715 2.715 1.534
6.50 25.12 0.135 0.332 0.523 0.674 0.852 1.064 1.197 1.356 1.565 1.903 2.100 2.267 2.410 2.577 2.744 2.846 2.950 3.021 3.018 2.948 2.792 2.591 2.591 1.401
6.50 31.62 0.080 0.273 0.461 0.609 0.785 0.992 1.123 1.279 1.485 1.812 2.002 2.163 2.300 2.460 2.619 2.715 2.813 2.879 2.876 2.807 2.654 2.456 2.456 1.257
6.50 39.81 0.018 0.206 0.392 0.536 0.709 0.912 1.041 1.194 1.395 1.712 1.895 2.050 2.180 2.333 2.483 2.574 2.667 2.727 2.725 2.655 2.506 2.312 2.312 1.103
6.50 50.12 -0.052 0.131 0.314 0.455 0.625 0.823 0.949 1.099 1.296 1.602 1.778 1.927 2.051 2.196 2.339 2.423 2.512 2.565 2.564 2.494 2.349 2.159 2.159 0.939
6.50 63.10 -0.132 0.046 0.226 0.364 0.530 0.724 0.847 0.994 1.186 1.481 1.650 1.794 1.911 2.050 2.185 2.263 2.347 2.395 2.394 2.325 2.184 1.998 1.998 0.767
6.50 79.43 -0.223 -0.049 0.127 0.262 0.424 0.613 0.734 0.877 1.063 1.347 1.510 1.649 1.760 1.894 2.021 2.094 2.174 2.216 2.217 2.148 2.011 1.829 1.829 0.586
6.50 100.00 -0.326 -0.158 0.014 0.145 0.305 0.488 0.606 0.746 0.927 1.199 1.357 1.492 1.598 1.727 1.849 1.916 1.993 2.029 2.032 1.963 1.830 1.653 1.653 0.398
6.50 125.89 -0.446 -0.283 -0.115 0.013 0.169 0.346 0.462 0.599 0.774 1.035 1.187 1.321 1.422 1.549 1.666 1.729 1.803 1.835 1.840 1.771 1.643 1.470 1.470 0.202
6.50 158.49 -0.585 -0.428 -0.263 -0.139 0.013 0.185 0.298 0.431 0.601 0.851 0.998 1.132 1.231 1.357 1.472 1.532 1.604 1.633 1.641 1.572 1.448 1.280 1.280 -0.001
6.50 199.53 -0.749 -0.598 -0.436 -0.316 -0.168 -0.001 0.109 0.238 0.402 0.642 0.786 0.923 1.022 1.151 1.266 1.323 1.396 1.423 1.434 1.365 1.246 1.083 1.083 -0.212
6.50 251.19 -0.943 -0.797 -0.639 -0.523 -0.379 -0.218 -0.110 0.015 0.173 0.403 0.546 0.690 0.790 0.926 1.045 1.102 1.178 1.204 1.220 1.150 1.036 0.878 0.878 -0.432
6.50 316.23 -1.174 -1.034 -0.881 -0.768 -0.627 -0.472 -0.368 -0.247 -0.094 0.127 0.271 0.426 0.532 0.680 0.807 0.865 0.947 0.974 0.996 0.927 0.817 0.664 0.664 -0.661
6.50 398.11 -1.453 -1.319 -1.169 -1.060 -0.924 -0.774 -0.673 -0.555 -0.408 -0.195 -0.047 0.124 0.240 0.407 0.548 0.610 0.701 0.733 0.762 0.693 0.588 0.439 0.439 -0.901
6.50 501.19 -1.791 -1.663 -1.517 -1.412 -1.279 -1.136 -1.037 -0.924 -0.782 -0.574 -0.420 -0.224 -0.093 0.100 0.262 0.333 0.437 0.478 0.515 0.446 0.347 0.203 0.203 -1.154
6.50 630.96 -2.204 -2.081 -1.939 -1.838 -1.709 -1.572 -1.476 -1.366 -1.231 -1.026 -0.860 -0.631 -0.478 -0.248 -0.055 0.028 0.152 0.205 0.254 0.185 0.090 -0.049 -0.049 -1.423
6.50 794.33 -2.710 -2.594 -2.455 -2.358 -2.233 -2.102 -2.009 -1.903 -1.774 -1.570 -1.386 -1.112 -0.928 -0.648 -0.413 -0.311 -0.161 -0.089 -0.026 -0.095 -0.185 -0.319 -0.319 -1.712
6.50 1000.00 -3.334 -3.223 -3.089 -2.996 -2.875 -2.749 -2.659 -2.558 -2.434 -2.227 -2.018 -1.685 -1.459 -1.112 -0.821 -0.693 -0.507 -0.409 -0.328 -0.398 -0.482 -0.612 -0.612 -2.025
6.75 1.00 0.618 0.840 1.048 1.215 1.406 1.632 1.771 1.939 2.165 2.552 2.785 2.990 3.175 3.388 3.607 3.745 3.879 3.987 3.981 3.911 3.734 3.512 3.512 2.387
6.75 1.26 0.614 0.835 1.042 1.209 1.400 1.626 1.765 1.932 2.158 2.544 2.776 2.980 3.164 3.376 3.594 3.731 3.865 3.972 3.966 3.896 3.719 3.498 3.498 2.372
6.75 1.58 0.608 0.828 1.036 1.202 1.393 1.618 1.756 1.924 2.148 2.533 2.764 2.967 3.150 3.361 3.578 3.714 3.847 3.953 3.947 3.877 3.701 3.480 3.480 2.353
6.75 2.00 0.601 0.821 1.028 1.193 1.384 1.608 1.746 1.913 2.137 2.520 2.750 2.952 3.133 3.343 3.558 3.693 3.825 3.930 3.924 3.854 3.678 3.458 3.458 2.329
6.75 2.51 0.593 0.811 1.018 1.183 1.372 1.596 1.734 1.900 2.123 2.504 2.733 2.933 3.113 3.320 3.533 3.668 3.798 3.902 3.896 3.826 3.651 3.431 3.431 2.301
6.75 3.16 0.582 0.800 1.005 1.170 1.359 1.582 1.718 1.884 2.106 2.485 2.711 2.910 3.088 3.293 3.504 3.636 3.766 3.868 3.862 3.792 3.618 3.399 3.399 2.266
6.75 3.98 0.569 0.786 0.990 1.154 1.342 1.564 1.700 1.865 2.086 2.461 2.686 2.882 3.058 3.260 3.468 3.599 3.726 3.827 3.821 3.751 3.578 3.360 3.360 2.224
6.75 5.01 0.554 0.769 0.972 1.135 1.322 1.542 1.678 1.842 2.061 2.433 2.655 2.848 3.021 3.221 3.426 3.554 3.679 3.777 3.771 3.702 3.530 3.313 3.313 2.174
6.75 6.31 0.535 0.748 0.951 1.112 1.299 1.517 1.651 1.814 2.032 2.399 2.618 2.809 2.978 3.175 3.375 3.501 3.624 3.719 3.713 3.643 3.473 3.258 3.258 2.115
6.75 7.94 0.513 0.724 0.926 1.086 1.270 1.487 1.620 1.782 1.997 2.360 2.575 2.762 2.928 3.120 3.316 3.438 3.559 3.651 3.645 3.575 3.407 3.193 3.193 2.046
6.75 10.00 0.488 0.696 0.896 1.054 1.237 1.451 1.584 1.743 1.957 2.313 2.525 2.708 2.869 3.057 3.247 3.366 3.483 3.572 3.566 3.497 3.330 3.118 3.118 1.966
6.75 12.59 0.457 0.663 0.861 1.018 1.199 1.410 1.541 1.699 1.910 2.260 2.467 2.645 2.802 2.984 3.169 3.283 3.397 3.481 3.476 3.406 3.242 3.033 3.033 1.874
6.75 15.85 0.423 0.625 0.821 0.976 1.155 1.363 1.493 1.649 1.856 2.199 2.400 2.574 2.726 2.901 3.080 3.190 3.300 3.379 3.374 3.305 3.143 2.936 2.936 1.771
6.75 19.95 0.382 0.582 0.775 0.928 1.105 1.309 1.437 1.591 1.795 2.129 2.326 2.493 2.640 2.809 2.980 3.085 3.191 3.266 3.261 3.191 3.032 2.829 2.829 1.656
6.75 25.12 0.337 0.532 0.723 0.873 1.048 1.248 1.375 1.526 1.726 2.051 2.242 2.404 2.544 2.707 2.870 2.970 3.071 3.141 3.136 3.067 2.911 2.710 2.710 1.529
6.75 31.62 0.284 0.476 0.664 0.811 0.983 1.180 1.304 1.452 1.649 1.965 2.149 2.305 2.439 2.594 2.750 2.844 2.941 3.005 3.001 2.931 2.779 2.582 2.582 1.391
6.75 39.81 0.225 0.412 0.598 0.742 0.911 1.103 1.225 1.371 1.562 1.868 2.046 2.196 2.323 2.472 2.620 2.708 2.800 2.858 2.855 2.785 2.636 2.443 2.443 1.243
6.75 50.12 0.158 0.340 0.523 0.664 0.830 1.017 1.137 1.279 1.467 1.762 1.933 2.078 2.198 2.340 2.480 2.563 2.650 2.702 2.700 2.630 2.485 2.295 2.295 1.085
6.75 63.10 0.081 0.259 0.438 0.576 0.738 0.921 1.038 1.178 1.360 1.644 1.808 1.948 2.062 2.198 2.330 2.407 2.490 2.536 2.535 2.466 2.324 2.139 2.139 0.918
6.75 79.43 -0.007 0.166 0.342 0.476 0.635 0.813 0.928 1.064 1.241 1.514 1.672 1.807 1.916 2.046 2.172 2.243 2.321 2.362 2.363 2.293 2.156 1.975 1.975 0.742
6.75 100.00 -0.108 0.060 0.232 0.363 0.519 0.692 0.804 0.936 1.108 1.370 1.522 1.654 1.757 1.884 2.003 2.069 2.144 2.180 2.182 2.112 1.980 1.803 1.803 0.558
6.75 125.89 -0.225 -0.063 0.106 0.234 0.386 0.553 0.662 0.791 0.958 1.209 1.355 1.486 1.585 1.709 1.824 1.886 1.958 1.990 1.994 1.925 1.796 1.624 1.624 0.367
6.75 158.49 -0.362 -0.205 -0.040 0.084 0.233 0.395 0.501 0.626 0.787 1.027 1.169 1.300 1.397 1.521 1.634 1.692 1.764 1.791 1.799 1.729 1.606 1.438 1.438 0.167
6.75 199.53 -0.523 -0.371 -0.210 -0.090 0.055 0.211 0.315 0.436 0.592 0.822 0.961 1.094 1.191 1.318 1.431 1.487 1.559 1.585 1.596 1.526 1.407 1.244 1.244 -0.040
6.75 251.19 -0.714 -0.568 -0.411 -0.294 -0.153 -0.003 0.098 0.216 0.366 0.586 0.723 0.864 0.962 1.097 1.213 1.269 1.344 1.369 1.384 1.315 1.201 1.042 1.042 -0.256
6.75 316.23 -0.943 -0.803 -0.649 -0.537 -0.399 -0.255 -0.156 -0.043 0.102 0.313 0.451 0.603 0.707 0.853 0.978 1.035 1.116 1.143 1.164 1.094 0.985 0.831 0.831 -0.482
6.75 398.11 -1.219 -1.085 -0.935 -0.826 -0.693 -0.554 -0.459 -0.349 -0.210 -0.006 0.136 0.304 0.418 0.583 0.722 0.784 0.873 0.905 0.933 0.863 0.759 0.610 0.610 -0.719
6.75 501.19 -1.555 -1.426 -1.280 -1.176 -1.046 -0.913 -0.820 -0.714 -0.582 -0.383 -0.234 -0.041 0.088 0.279 0.439 0.509 0.613 0.652 0.689 0.620 0.520 0.376 0.376 -0.969
6.75 630.96 -1.965 -1.842 -1.700 -1.599 -1.474 -1.346 -1.257 -1.155 -1.028 -0.833 -0.672 -0.446 -0.295 -0.066 0.124 0.207 0.330 0.383 0.431 0.361 0.266 0.127 0.127 -1.235
6.75 794.33 -2.468 -2.352 -2.214 -2.117 -1.995 -1.873 -1.787 -1.689 -1.568 -1.373 -1.195 -0.924 -0.742 -0.463 -0.230 -0.129 0.020 0.091 0.154 0.084 -0.006 -0.140 -0.140 -1.521
6.75 1000.00 -3.090 -2.979 -2.845 -2.752 -2.634 -2.518 -2.435 -2.341 -2.226 -2.028 -1.825 -1.494 -1.270 -0.925 -0.636 -0.508 -0.323 -0.226 -0.146 -0.215 -0.300 -0.430 -0.430 -1.831
7.00 1.00 0.792 1.011 1.218 1.383 1.570 1.784 1.916 2.076 2.291 2.663 2.887 3.084 3.263 3.468 3.679 3.813 3.943 4.046 4.039 3.969 3.794 3.574 3.574 2.453
7.00 1.26 0.788 1.007 1.213 1.378 1.564 1.778 1.910 2.069 2.284 2.656 2.879 3.075 3.253 3.457 3.668 3.801 3.930 4.032 4.025 3.956 3.780 3.561 3.561 2.439
7.00 1.58 0.783 1.001 1.207 1.371 1.558 1.771 1.902 2.062 2.276 2.646 2.868 3.064 3.240 3.444 3.653 3.785 3.914 4.015 4.009 3.939 3.764 3.545 3.545 2.422
7.00 2.00 0.777 0.994 1.200 1.364 1.549 1.762 1.893 2.052 2.266 2.634 2.855 3.050 3.225 3.427 3.635 3.766 3.894 3.995 3.988 3.918 3.744 3.525 3.525 2.401
7.00 2.51 0.769 0.986 1.190 1.354 1.539 1.752 1.882 2.040 2.253 2.620 2.840 3.033 3.207 3.407 3.613 3.743 3.870 3.969 3.962 3.892 3.719 3.501 3.501 2.375
7.00 3.16 0.760 0.975 1.179 1.342 1.527 1.738 1.868 2.026 2.238 2.602 2.820 3.012 3.184 3.383 3.586 3.715 3.840 3.938 3.931 3.861 3.689 3.472 3.472 2.344
7.00 3.98 0.748 0.963 1.166 1.328 1.512 1.722 1.852 2.008 2.219 2.581 2.797 2.986 3.156 3.353 3.554 3.680 3.804 3.900 3.894 3.824 3.652 3.436 3.436 2.305
7.00 5.01 0.734 0.947 1.150 1.311 1.494 1.703 1.831 1.987 2.197 2.555 2.769 2.956 3.123 3.317 3.515 3.639 3.761 3.855 3.849 3.779 3.608 3.393 3.393 2.260
7.00 6.31 0.718 0.929 1.130 1.290 1.472 1.679 1.807 1.962 2.170 2.524 2.735 2.919 3.084 3.274 3.468 3.590 3.710 3.801 3.795 3.725 3.556 3.342 3.342 2.205
7.00 7.94 0.698 0.907 1.107 1.266 1.446 1.652 1.779 1.932 2.138 2.487 2.695 2.876 3.037 3.223 3.414 3.533 3.650 3.738 3.732 3.662 3.495 3.283 3.283 2.141
7.00 10.00 0.674 0.881 1.080 1.237 1.416 1.619 1.745 1.897 2.100 2.444 2.648 2.826 2.983 3.165 3.350 3.465 3.580 3.665 3.659 3.589 3.423 3.213 3.213 2.067
7.00 12.59 0.646 0.851 1.048 1.203 1.381 1.581 1.705 1.856 2.057 2.395 2.594 2.767 2.920 3.097 3.276 3.388 3.499 3.580 3.575 3.505 3.341 3.133 3.133 1.981
7.00 15.85 0.614 0.815 1.010 1.164 1.339 1.537 1.660 1.808 2.006 2.337 2.532 2.700 2.848 3.019 3.193 3.300 3.407 3.485 3.479 3.409 3.248 3.042 3.042 1.884
7.00 19.95 0.576 0.775 0.967 1.119 1.292 1.486 1.608 1.754 1.949 2.272 2.461 2.624 2.767 2.932 3.099 3.201 3.305 3.377 3.372 3.302 3.144 2.941 2.941 1.776
7.00 25.12 0.533 0.728 0.918 1.067 1.238 1.429 1.548 1.692 1.883 2.198 2.382 2.539 2.676 2.835 2.994 3.092 3.191 3.258 3.253 3.184 3.028 2.828 2.828 1.655
7.00 31.62 0.484 0.674 0.862 1.009 1.177 1.364 1.481 1.622 1.810 2.115 2.293 2.445 2.575 2.727 2.879 2.972 3.066 3.128 3.124 3.054 2.902 2.705 2.705 1.524
7.00 39.81 0.427 0.614 0.799 0.942 1.108 1.290 1.406 1.544 1.727 2.022 2.194 2.341 2.464 2.610 2.754 2.841 2.931 2.987 2.984 2.914 2.765 2.572 2.572 1.381
7.00 50.12 0.362 0.545 0.726 0.867 1.030 1.208 1.321 1.456 1.635 1.920 2.085 2.226 2.344 2.483 2.619 2.700 2.786 2.836 2.834 2.764 2.619 2.430 2.430 1.229
7.00 63.10 0.288 0.466 0.645 0.782 0.941 1.115 1.226 1.358 1.531 1.806 1.965 2.101 2.212 2.345 2.475 2.550 2.631 2.676 2.675 2.605 2.464 2.278 2.278 1.067
7.00 79.43 0.203 0.376 0.551 0.686 0.841 1.010 1.118 1.247 1.416 1.679 1.832 1.964 2.069 2.197 2.320 2.390 2.467 2.507 2.507 2.437 2.300 2.119 2.119 0.896
7.00 100.00 0.105 0.272 0.444 0.575 0.728 0.891 0.997 1.122 1.286 1.538 1.685 1.814 1.914 2.039 2.155 2.220 2.294 2.329 2.331 2.261 2.128 1.951 1.951 0.717
7.00 125.89 -0.009 0.153 0.321 0.449 0.598 0.755 0.859 0.980 1.139 1.380 1.522 1.649 1.746 1.868 1.980 2.041 2.113 2.143 2.147 2.077 1.949 1.776 1.776 0.530
7.00 158.49 -0.143 0.013 0.178 0.302 0.447 0.600 0.700 0.818 0.971 1.202 1.339 1.467 1.561 1.683 1.794 1.851 1.922 1.948 1.955 1.885 1.762 1.594 1.594 0.334
7.00 199.53 -0.302 -0.151 0.011 0.131 0.272 0.419 0.517 0.631 0.779 0.999 1.133 1.264 1.359 1.484 1.594 1.650 1.721 1.745 1.756 1.686 1.567 1.404 1.404 0.131
7.00 251.19 -0.490 -0.345 -0.187 -0.071 0.067 0.208 0.303 0.414 0.556 0.766 0.899 1.037 1.133 1.265 1.380 1.435 1.509 1.533 1.548 1.478 1.364 1.205 1.205 -0.081
7.00 316.23 -0.717 -0.577 -0.423 -0.311 -0.177 -0.041 0.051 0.158 0.294 0.496 0.630 0.779 0.881 1.025 1.148 1.205 1.284 1.310 1.331 1.261 1.151 0.997 0.997 -0.304
7.00 398.11 -0.990 -0.856 -0.706 -0.598 -0.468 -0.338 -0.248 -0.145 -0.015 0.180 0.317 0.483 0.595 0.758 0.895 0.956 1.045 1.075 1.103 1.033 0.928 0.779 0.779 -0.537
7.00 501.19 -1.323 -1.195 -1.049 -0.944 -0.818 -0.694 -0.608 -0.508 -0.384 -0.194 -0.050 0.140 0.267 0.457 0.615 0.685 0.787 0.826 0.863 0.793 0.693 0.548 0.548 -0.784
7.00 630.96 -1.731 -1.608 -1.466 -1.365 -1.243 -1.125 -1.041 -0.946 -0.827 -0.641 -0.485 -0.262 -0.112 0.114 0.303 0.385 0.507 0.559 0.607 0.537 0.442 0.302 0.302 -1.047
7.00 794.33 -2.232 -2.115 -1.977 -1.880 -1.762 -1.649 -1.569 -1.477 -1.364 -1.179 -1.005 -0.737 -0.557 -0.280 -0.049 0.052 0.200 0.271 0.333 0.263 0.173 0.038 0.038 -1.330
7.00 1000.00 -2.851 -2.740 -2.606 -2.513 -2.398 -2.292 -2.214 -2.127 -2.020 -1.831 -1.632 -1.304 -1.082 -0.739 -0.451 -0.325 -0.140 -0.044 0.036 -0.034 -0.119 -0.249 -0.249 -1.637
7.25 1.00 0.963 1.179 1.384 1.547 1.730 1.933 2.058 2.210 2.416 2.774 2.989 3.179 3.351 3.549 3.753 3.881 4.007 4.106 4.098 4.028 3.854 3.636 3.636 2.520
7.25 1.26 0.959 1.175 1.380 1.543 1.725 1.928 2.053 2.205 2.410 2.767 2.982 3.171 3.342 3.539 3.742 3.870 3.995 4.093 4.086 4.016 3.842 3.625 3.625 2.508
7.25 1.58 0.955 1.170 1.374 1.537 1.719 1.922 2.046 2.198 2.402 2.758 2.972 3.161 3.331 3.527 3.729 3.856 3.981 4.078 4.071 4.001 3.828 3.610 3.610 2.492
7.25 2.00 0.949 1.164 1.368 1.530 1.712 1.914 2.038 2.189 2.393 2.748 2.961 3.148 3.317 3.512 3.713 3.839 3.963 4.059 4.052 3.982 3.809 3.592 3.592 2.473
7.25 2.51 0.942 1.156 1.360 1.522 1.703 1.904 2.028 2.178 2.382 2.735 2.946 3.132 3.300 3.494 3.693 3.818 3.941 4.036 4.029 3.959 3.787 3.571 3.571 2.450
7.25 3.16 0.934 1.147 1.350 1.511 1.692 1.892 2.016 2.165 2.368 2.719 2.929 3.113 3.280 3.472 3.668 3.792 3.914 4.008 4.001 3.931 3.759 3.544 3.544 2.421
7.25 3.98 0.923 1.136 1.338 1.498 1.678 1.878 2.001 2.150 2.351 2.699 2.907 3.090 3.254 3.444 3.639 3.761 3.881 3.973 3.966 3.896 3.726 3.511 3.511 2.386
7.25 5.01 0.911 1.122 1.323 1.483 1.662 1.860 1.982 2.130 2.331 2.676 2.882 3.062 3.224 3.412 3.603 3.724 3.842 3.932 3.925 3.855 3.686 3.472 3.472 2.345
7.25 6.31 0.895 1.105 1.305 1.464 1.642 1.839 1.960 2.107 2.306 2.647 2.851 3.029 3.188 3.372 3.561 3.679 3.795 3.883 3.876 3.806 3.638 3.426 3.426 2.295
7.25 7.94 0.877 1.085 1.284 1.442 1.618 1.813 1.934 2.080 2.277 2.614 2.814 2.989 3.145 3.326 3.510 3.626 3.739 3.825 3.818 3.748 3.581 3.371 3.371 2.236
7.25 10.00 0.856 1.061 1.259 1.415 1.590 1.783 1.903 2.047 2.242 2.574 2.771 2.942 3.095 3.271 3.451 3.563 3.674 3.757 3.750 3.680 3.515 3.306 3.306 2.167
7.25 12.59 0.830 1.033 1.229 1.384 1.557 1.748 1.866 2.009 2.201 2.527 2.720 2.888 3.036 3.208 3.383 3.491 3.599 3.678 3.671 3.601 3.439 3.232 3.232 2.087
7.25 15.85 0.800 1.000 1.194 1.347 1.519 1.707 1.824 1.965 2.154 2.474 2.662 2.825 2.969 3.135 3.304 3.409 3.514 3.588 3.582 3.512 3.351 3.147 3.147 1.996
7.25 19.95 0.765 0.962 1.154 1.305 1.475 1.659 1.775 1.914 2.100 2.412 2.595 2.754 2.892 3.053 3.216 3.316 3.417 3.487 3.481 3.411 3.253 3.051 3.051 1.894
7.25 25.12 0.724 0.918 1.108 1.256 1.424 1.605 1.718 1.855 2.038 2.342 2.520 2.673 2.806 2.961 3.117 3.212 3.309 3.374 3.368 3.298 3.144 2.944 2.944 1.780
7.25 31.62 0.678 0.868 1.055 1.201 1.366 1.543 1.655 1.789 1.968 2.263 2.435 2.583 2.710 2.859 3.007 3.097 3.190 3.250 3.245 3.175 3.023 2.827 2.827 1.654
7.25 39.81 0.624 0.810 0.994 1.137 1.299 1.473 1.582 1.714 1.889 2.174 2.340 2.483 2.604 2.746 2.887 2.972 3.060 3.115 3.111 3.041 2.892 2.700 2.700 1.518
7.25 50.12 0.562 0.743 0.925 1.065 1.224 1.393 1.501 1.629 1.800 2.075 2.235 2.373 2.487 2.624 2.757 2.836 2.920 2.969 2.966 2.896 2.751 2.562 2.562 1.371
7.25 63.10 0.491 0.668 0.846 0.983 1.139 1.303 1.409 1.534 1.700 1.965 2.119 2.251 2.360 2.491 2.617 2.691 2.771 2.814 2.812 2.742 2.601 2.416 2.416 1.214
7.25 79.43 0.408 0.580 0.756 0.890 1.042 1.202 1.304 1.427 1.588 1.842 1.990 2.118 2.221 2.347 2.467 2.535 2.611 2.650 2.649 2.579 2.442 2.261 2.261 1.049
7.25 100.00 0.313 0.480 0.652 0.782 0.932 1.086 1.186 1.305 1.461 1.704 1.846 1.972 2.070 2.192 2.307 2.370 2.443 2.476 2.478 2.408 2.275 2.098 2.098 0.874
7.25 125.89 0.201 0.363 0.531 0.658 0.804 0.953 1.051 1.166 1.317 1.550 1.686 1.810 1.905 2.025 2.135 2.195 2.266 2.295 2.298 2.228 2.100 1.927 1.927 0.691
7.25 158.49 0.070 0.226 0.391 0.514 0.657 0.800 0.895 1.007 1.153 1.375 1.507 1.632 1.724 1.844 1.953 2.009 2.078 2.104 2.111 2.041 1.917 1.749 1.749 0.500
7.25 199.53 -0.086 0.065 0.226 0.346 0.485 0.623 0.715 0.823 0.963 1.175 1.304 1.432 1.525 1.648 1.757 1.811 1.881 1.905 1.915 1.845 1.726 1.562 1.562 0.301
7.25 251.19 -0.272 -0.127 0.031 0.147 0.282 0.415 0.504 0.608 0.743 0.945 1.073 1.208 1.303 1.433 1.546 1.599 1.673 1.696 1.711 1.641 1.526 1.367 1.367 0.092
7.25 316.23 -0.496 -0.356 -0.202 -0.090 0.041 0.168 0.255 0.355 0.484 0.678 0.807 0.953 1.053 1.196 1.317 1.373 1.451 1.477 1.497 1.427 1.317 1.163 1.163 -0.127
7.25 398.11 -0.767 -0.633 -0.483 -0.374 -0.247 -0.126 -0.042 0.055 0.178 0.364 0.497 0.660 0.770 0.931 1.067 1.127 1.215 1.245 1.272 1.202 1.097 0.948 0.948 -0.357
7.25 501.19 -1.097 -0.969 -0.823 -0.718 -0.595 -0.479 -0.399 -0.306 -0.188 -0.007 0.133 0.320 0.445 0.633 0.790 0.859 0.960 0.999 1.035 0.965 0.864 0.720 0.720 -0.601
7.25 630.96 -1.502 -1.380 -1.238 -1.137 -1.017 -0.908 -0.830 -0.741 -0.629 -0.452 -0.300 -0.079 0.069 0.294 0.481 0.562 0.683 0.735 0.782 0.712 0.617 0.477 0.477 -0.861
7.25 794.33 -2.001 -1.884 -1.746 -1.649 -1.533 -1.430 -1.355 -1.270 -1.164 -0.987 -0.817 -0.551 -0.373 -0.098 0.132 0.232 0.379 0.449 0.511 0.441 0.350 0.215 0.215 -1.140
7.25 1000.00 -2.617 -2.506 -2.372 -2.279 -2.167 -2.070 -1.997 -1.916 -1.817 -1.636 -1.442 -1.116 -0.896 -0.554 -0.268 -0.142 0.041 0.137 0.216 0.146 0.061 -0.069 -0.069 -1.445
7.50 1.00 1.130 1.344 1.547 1.709 1.887 2.080 2.199 2.343 2.540 2.884 3.091 3.274 3.439 3.630 3.827 3.951 4.072 4.166 4.158 4.088 3.916 3.700 3.700 2.588
7.50 1.26 1.126 1.340 1.543 1.705 1.883 2.076 2.194 2.338 2.534 2.878 3.084 3.267 3.431 3.622 3.817 3.941 4.061 4.155 4.147 4.077 3.905 3.689 3.689 2.577
7.50 1.58 1.122 1.336 1.538 1.700 1.877 2.070 2.188 2.332 2.528 2.870 3.076 3.257 3.421 3.611 3.805 3.928 4.048 4.141 4.133 4.063 3.892 3.676 3.676 2.563
7.50 2.00 1.117 1.330 1.532 1.693 1.871 2.063 2.181 2.324 2.519 2.861 3.065 3.246 3.409 3.597 3.791 3.913 4.032 4.124 4.116 4.046 3.875 3.660 3.660 2.546
7.50 2.51 1.111 1.323 1.525 1.686 1.863 2.054 2.172 2.315 2.509 2.849 3.053 3.232 3.394 3.581 3.773 3.894 4.012 4.103 4.095 4.025 3.855 3.640 3.640 2.524
7.50 3.16 1.104 1.315 1.516 1.676 1.853 2.043 2.161 2.303 2.497 2.835 3.037 3.215 3.375 3.560 3.751 3.870 3.988 4.077 4.070 4.000 3.830 3.616 3.616 2.498
7.50 3.98 1.094 1.305 1.505 1.665 1.840 2.030 2.147 2.289 2.481 2.817 3.017 3.194 3.352 3.536 3.724 3.842 3.958 4.046 4.039 3.969 3.800 3.587 3.587 2.467
7.50 5.01 1.083 1.292 1.492 1.651 1.825 2.014 2.130 2.271 2.463 2.795 2.994 3.168 3.325 3.506 3.691 3.808 3.922 4.009 4.001 3.931 3.763 3.551 3.551 2.429
7.50 6.31 1.069 1.277 1.476 1.633 1.807 1.994 2.110 2.250 2.440 2.769 2.966 3.137 3.291 3.470 3.652 3.766 3.879 3.963 3.956 3.886 3.719 3.508 3.508 2.383
7.50 7.94 1.053 1.259 1.456 1.613 1.786 1.971 2.086 2.225 2.413 2.738 2.932 3.101 3.252 3.427 3.606 3.717 3.828 3.910 3.903 3.832 3.667 3.458 3.458 2.329
7.50 10.00 1.033 1.237 1.433 1.589 1.760 1.943 2.057 2.195 2.381 2.702 2.892 3.058 3.205 3.377 3.551 3.660 3.768 3.847 3.840 3.770 3.606 3.398 3.398 2.265
7.50 12.59 1.009 1.211 1.406 1.560 1.730 1.911 2.023 2.159 2.344 2.658 2.845 3.007 3.151 3.318 3.487 3.593 3.698 3.774 3.767 3.697 3.535 3.329 3.329 2.191
7.50 15.85 0.981 1.180 1.374 1.526 1.694 1.872 1.984 2.118 2.300 2.608 2.790 2.948 3.088 3.250 3.414 3.516 3.618 3.689 3.683 3.613 3.453 3.250 3.250 2.106
7.50 19.95 0.949 1.145 1.336 1.486 1.652 1.828 1.938 2.070 2.249 2.550 2.728 2.881 3.016 3.173 3.331 3.428 3.527 3.594 3.588 3.518 3.361 3.159 3.159 2.010
7.50 25.12 0.911 1.104 1.293 1.440 1.604 1.777 1.885 2.015 2.190 2.484 2.656 2.805 2.934 3.085 3.237 3.330 3.425 3.487 3.482 3.411 3.257 3.059 3.059 1.902
7.50 31.62 0.867 1.056 1.242 1.388 1.549 1.718 1.824 1.952 2.124 2.409 2.575 2.719 2.843 2.988 3.133 3.221 3.311 3.369 3.364 3.294 3.143 2.947 2.947 1.783
7.50 39.81 0.815 1.001 1.185 1.327 1.486 1.651 1.755 1.880 2.048 2.324 2.485 2.623 2.741 2.880 3.018 3.101 3.187 3.240 3.236 3.165 3.018 2.825 2.825 1.652
7.50 50.12 0.756 0.937 1.118 1.258 1.414 1.575 1.677 1.799 1.962 2.229 2.384 2.517 2.629 2.762 2.893 2.971 3.053 3.100 3.097 3.027 2.882 2.694 2.694 1.511
7.50 63.10 0.688 0.864 1.042 1.179 1.332 1.488 1.588 1.707 1.866 2.122 2.271 2.400 2.506 2.634 2.758 2.830 2.908 2.950 2.948 2.878 2.737 2.552 2.552 1.360
7.50 79.43 0.608 0.780 0.955 1.088 1.238 1.389 1.487 1.603 1.757 2.003 2.145 2.271 2.372 2.495 2.612 2.679 2.754 2.791 2.790 2.720 2.583 2.402 2.402 1.200
7.50 100.00 0.515 0.682 0.853 0.984 1.130 1.276 1.372 1.484 1.633 1.868 2.006 2.128 2.225 2.344 2.456 2.519 2.590 2.622 2.623 2.553 2.421 2.244 2.244 1.030
7.50 125.89 0.406 0.568 0.736 0.863 1.006 1.147 1.239 1.349 1.493 1.717 1.849 1.970 2.063 2.181 2.289 2.347 2.417 2.445 2.448 2.378 2.250 2.077 2.077 0.852
7.50 158.49 0.278 0.434 0.598 0.722 0.861 0.997 1.087 1.193 1.331 1.545 1.673 1.795 1.886 2.004 2.110 2.165 2.234 2.259 2.265 2.194 2.071 1.903 1.903 0.665
7.50 199.53 0.125 0.275 0.436 0.556 0.692 0.822 0.909 1.011 1.145 1.348 1.474 1.599 1.690 1.811 1.918 1.971 2.040 2.063 2.073 2.003 1.883 1.720 1.720 0.469
7.50 251.19 -0.059 0.086 0.244 0.360 0.492 0.617 0.701 0.799 0.927 1.121 1.246 1.378 1.471 1.599 1.710 1.763 1.835 1.858 1.872 1.802 1.687 1.528 1.528 0.264
7.50 316.23 -0.280 -0.140 0.013 0.125 0.254 0.373 0.454 0.549 0.671 0.857 0.982 1.126 1.224 1.365 1.485 1.539 1.617 1.642 1.661 1.591 1.481 1.327 1.327 0.049
7.50 398.11 -0.548 -0.415 -0.265 -0.156 -0.032 0.082 0.160 0.251 0.367 0.546 0.675 0.836 0.944 1.103 1.237 1.297 1.384 1.413 1.440 1.370 1.265 1.115 1.115 -0.178
7.50 501.19 -0.876 -0.748 -0.602 -0.498 -0.377 -0.269 -0.194 -0.106 0.004 0.177 0.314 0.498 0.622 0.808 0.964 1.031 1.132 1.170 1.206 1.136 1.035 0.891 0.891 -0.418
7.50 630.96 -1.279 -1.156 -1.014 -0.914 -0.797 -0.695 -0.622 -0.539 -0.434 -0.264 -0.116 0.102 0.248 0.472 0.658 0.738 0.859 0.909 0.956 0.886 0.790 0.651 0.651 -0.675
7.50 794.33 -1.775 -1.658 -1.520 -1.423 -1.310 -1.214 -1.144 -1.065 -0.966 -0.797 -0.631 -0.367 -0.191 0.083 0.311 0.410 0.557 0.626 0.688 0.617 0.527 0.392 0.392 -0.952
7.50 1000.00 -2.388 -2.278 -2.144 -2.051 -1.942 -1.852 -1.785 -1.709 -1.616 -1.443 -1.253 -0.930 -0.711 -0.371 -0.086 0.039 0.222 0.317 0.396 0.326 0.240 0.110 0.110 -1.253
7.75 1.00 1.196 1.407 1.609 1.769 1.943 2.127 2.240 2.377 2.565 2.897 3.096 3.272 3.431 3.615 3.804 3.923 4.040 4.129 4.121 4.051 3.881 3.666 3.666 2.552
7.75 1.26 1.193 1.404 1.605 1.765 1.939 2.123 2.236 2.373 2.560 2.891 3.090 3.265 3.423 3.607 3.795 3.914 4.030 4.119 4.111 4.041 3.871 3.657 3.657 2.542
7.75 1.58 1.189 1.400 1.601 1.761 1.934 2.118 2.230 2.367 2.554 2.884 3.082 3.257 3.414 3.597 3.784 3.903 4.019 4.107 4.099 4.028 3.859 3.645 3.645 2.530
7.75 2.00 1.185 1.395 1.596 1.755 1.928 2.111 2.224 2.360 2.547 2.876 3.073 3.246 3.403 3.585 3.771 3.889 4.004 4.092 4.083 4.013 3.844 3.631 3.631 2.514
7.75 2.51 1.179 1.389 1.589 1.748 1.921 2.103 2.215 2.352 2.538 2.865 3.061 3.234 3.390 3.570 3.755 3.871 3.986 4.073 4.065 3.994 3.826 3.613 3.613 2.495
7.75 3.16 1.172 1.381 1.581 1.740 1.912 2.093 2.205 2.341 2.526 2.852 3.047 3.218 3.373 3.552 3.735 3.850 3.964 4.049 4.041 3.971 3.803 3.591 3.591 2.471
7.75 3.98 1.164 1.372 1.571 1.729 1.901 2.082 2.193 2.328 2.513 2.836 3.029 3.199 3.352 3.529 3.710 3.825 3.937 4.021 4.013 3.943 3.776 3.564 3.564 2.443
7.75 5.01 1.154 1.361 1.559 1.716 1.888 2.067 2.178 2.312 2.496 2.816 3.008 3.176 3.327 3.502 3.681 3.793 3.904 3.987 3.979 3.909 3.742 3.532 3.532 2.408
7.75 6.31 1.141 1.347 1.545 1.701 1.871 2.049 2.159 2.293 2.475 2.793 2.982 3.148 3.296 3.469 3.645 3.756 3.865 3.945 3.938 3.867 3.702 3.493 3.493 2.366
7.75 7.94 1.126 1.330 1.527 1.682 1.851 2.028 2.137 2.270 2.450 2.764 2.951 3.114 3.260 3.430 3.602 3.711 3.818 3.896 3.889 3.818 3.654 3.446 3.446 2.317
7.75 10.00 1.108 1.310 1.506 1.660 1.828 2.002 2.111 2.242 2.421 2.730 2.914 3.074 3.217 3.383 3.552 3.657 3.763 3.838 3.831 3.760 3.598 3.391 3.391 2.258
7.75 12.59 1.086 1.287 1.480 1.633 1.800 1.972 2.080 2.209 2.386 2.690 2.870 3.027 3.166 3.328 3.493 3.595 3.698 3.770 3.763 3.692 3.532 3.327 3.327 2.189
7.75 15.85 1.061 1.258 1.451 1.602 1.766 1.936 2.043 2.171 2.345 2.643 2.819 2.972 3.108 3.265 3.425 3.523 3.623 3.692 3.685 3.614 3.456 3.253 3.253 2.110
7.75 19.95 1.030 1.225 1.415 1.565 1.728 1.895 2.000 2.126 2.297 2.589 2.760 2.909 3.040 3.193 3.346 3.441 3.537 3.602 3.595 3.525 3.369 3.169 3.169 2.020
7.75 25.12 0.995 1.186 1.375 1.522 1.682 1.846 1.950 2.074 2.242 2.526 2.693 2.837 2.963 3.110 3.258 3.348 3.441 3.501 3.495 3.425 3.271 3.074 3.074 1.918
7.75 31.62 0.953 1.141 1.327 1.472 1.630 1.791 1.892 2.014 2.179 2.455 2.616 2.756 2.876 3.018 3.159 3.245 3.333 3.389 3.384 3.313 3.163 2.968 2.968 1.805
7.75 39.81 0.904 1.089 1.272 1.414 1.570 1.727 1.826 1.946 2.107 2.374 2.530 2.664 2.779 2.915 3.050 3.130 3.215 3.266 3.261 3.191 3.043 2.852 2.852 1.680
7.75 50.12 0.848 1.028 1.209 1.348 1.501 1.654 1.751 1.868 2.024 2.282 2.432 2.562 2.672 2.802 2.930 3.005 3.086 3.132 3.128 3.057 2.914 2.725 2.725 1.545
7.75 63.10 0.782 0.958 1.135 1.272 1.422 1.570 1.665 1.779 1.931 2.179 2.323 2.449 2.553 2.678 2.799 2.870 2.947 2.987 2.984 2.914 2.774 2.589 2.589 1.400
7.75 79.43 0.705 0.876 1.051 1.184 1.331 1.475 1.568 1.678 1.826 2.063 2.202 2.324 2.423 2.543 2.658 2.724 2.797 2.833 2.832 2.761 2.625 2.444 2.444 1.244
7.75 100.00 0.615 0.781 0.952 1.082 1.226 1.365 1.455 1.563 1.705 1.932 2.065 2.185 2.279 2.396 2.507 2.568 2.638 2.669 2.670 2.599 2.467 2.290 2.290 1.080
7.75 125.89 0.508 0.670 0.837 0.964 1.105 1.238 1.326 1.430 1.568 1.784 1.913 2.031 2.122 2.237 2.344 2.401 2.469 2.496 2.499 2.429 2.300 2.128 2.128 0.906
7.75 158.49 0.382 0.538 0.703 0.826 0.963 1.091 1.176 1.277 1.409 1.616 1.740 1.859 1.948 2.064 2.168 2.222 2.290 2.314 2.320 2.249 2.126 1.958 1.958 0.724
7.75 199.53 0.232 0.382 0.543 0.663 0.796 0.919 1.002 1.099 1.225 1.422 1.544 1.666 1.755 1.874 1.980 2.032 2.100 2.123 2.132 2.061 1.942 1.779 1.779 0.532
7.75 251.19 0.051 0.196 0.353 0.469 0.599 0.716 0.796 0.889 1.011 1.198 1.318 1.448 1.539 1.666 1.776 1.827 1.899 1.921 1.934 1.864 1.750 1.591 1.591 0.331
7.75 316.23 -0.167 -0.028 0.125 0.238 0.364 0.475 0.553 0.642 0.758 0.937 1.058 1.199 1.296 1.435 1.553 1.607 1.684 1.708 1.727 1.657 1.547 1.393 1.393 0.120
7.75 398.11 -0.433 -0.300 -0.150 -0.042 0.081 0.187 0.261 0.347 0.457 0.629 0.754 0.912 1.019 1.177 1.309 1.368 1.454 1.483 1.509 1.439 1.334 1.184 1.184 -0.104
7.75 501.19 -0.758 -0.631 -0.485 -0.380 -0.262 -0.161 -0.090 -0.008 0.096 0.263 0.395 0.578 0.700 0.885 1.039 1.106 1.206 1.243 1.278 1.208 1.107 0.963 0.963 -0.341
7.75 630.96 -1.158 -1.036 -0.894 -0.793 -0.679 -0.584 -0.516 -0.438 -0.339 -0.176 -0.032 0.184 0.329 0.551 0.735 0.815 0.935 0.985 1.031 0.961 0.865 0.726 0.726 -0.595
7.75 794.33 -1.652 -1.535 -1.397 -1.301 -1.190 -1.101 -1.036 -0.962 -0.869 -0.706 -0.544 -0.283 -0.107 0.165 0.392 0.490 0.637 0.705 0.766 0.696 0.605 0.470 0.470 -0.868
7.75 1000.00 -2.263 -2.153 -2.018 -1.926 -1.819 -1.736 -1.673 -1.603 -1.516 -1.350 -1.163 -0.842 -0.625 -0.286 -0.003 0.122 0.304 0.399 0.477 0.407 0.321 0.191 0.191 -1.167
8.00 1.00 1.258 1.467 1.667 1.826 1.996 2.171 2.279 2.410 2.590 2.910 3.101 3.270 3.423 3.600 3.781 3.896 4.009 4.094 4.085 4.014 3.846 3.634 3.634 2.517
8.00 1.26 1.256 1.464 1.664 1.822 1.993 2.167 2.275 2.406 2.586 2.905 3.095 3.264 3.416 3.593 3.774 3.888 4.000 4.085 4.076 4.006 3.838 3.626 3.626 2.508
8.00 1.58 1.252 1.461 1.660 1.818 1.988 2.163 2.270 2.401 2.580 2.898 3.088 3.256 3.408 3.584 3.764 3.878 3.990 4.073 4.065 3.994 3.827 3.615 3.615 2.497
8.00 2.00 1.248 1.456 1.655 1.813 1.983 2.157 2.264 2.395 2.574 2.890 3.080 3.247 3.398 3.573 3.752 3.865 3.977 4.060 4.051 3.981 3.813 3.602 3.602 2.483
8.00 2.51 1.244 1.451 1.650 1.807 1.976 2.150 2.257 2.387 2.565 2.881 3.069 3.235 3.386 3.559 3.737 3.850 3.960 4.043 4.034 3.964 3.797 3.586 3.586 2.466
8.00 3.16 1.237 1.444 1.642 1.799 1.968 2.141 2.248 2.377 2.555 2.869 3.056 3.221 3.370 3.543 3.719 3.830 3.940 4.022 4.013 3.943 3.776 3.566 3.566 2.445
8.00 3.98 1.230 1.436 1.634 1.790 1.958 2.130 2.237 2.366 2.542 2.854 3.040 3.204 3.351 3.522 3.697 3.807 3.916 3.996 3.988 3.917 3.752 3.542 3.542 2.419
8.00 5.01 1.221 1.426 1.623 1.778 1.946 2.117 2.223 2.351 2.527 2.837 3.021 3.183 3.329 3.498 3.670 3.779 3.886 3.965 3.956 3.886 3.721 3.512 3.512 2.387
8.00 6.31 1.209 1.413 1.609 1.764 1.931 2.101 2.206 2.334 2.508 2.815 2.997 3.157 3.301 3.468 3.638 3.744 3.850 3.927 3.919 3.848 3.685 3.477 3.477 2.349
8.00 7.94 1.196 1.398 1.593 1.747 1.913 2.081 2.186 2.312 2.486 2.789 2.969 3.126 3.268 3.431 3.598 3.703 3.807 3.882 3.874 3.803 3.641 3.434 3.434 2.304
8.00 10.00 1.179 1.380 1.574 1.727 1.891 2.058 2.161 2.287 2.458 2.757 2.935 3.090 3.228 3.389 3.552 3.654 3.756 3.828 3.820 3.750 3.589 3.384 3.384 2.249
8.00 12.59 1.159 1.358 1.550 1.702 1.865 2.030 2.132 2.257 2.426 2.720 2.894 3.046 3.181 3.338 3.497 3.596 3.696 3.765 3.758 3.687 3.528 3.324 3.324 2.186
8.00 15.85 1.135 1.331 1.523 1.673 1.835 1.997 2.098 2.221 2.388 2.677 2.847 2.995 3.126 3.279 3.434 3.529 3.626 3.692 3.685 3.614 3.457 3.255 3.255 2.112
8.00 19.95 1.107 1.301 1.490 1.638 1.798 1.958 2.058 2.179 2.343 2.626 2.792 2.936 3.063 3.211 3.360 3.452 3.546 3.608 3.601 3.531 3.376 3.176 3.176 2.028
8.00 25.12 1.074 1.264 1.452 1.598 1.756 1.912 2.011 2.130 2.291 2.566 2.728 2.868 2.990 3.134 3.277 3.365 3.455 3.513 3.507 3.436 3.284 3.087 3.087 1.932
8.00 31.62 1.034 1.221 1.407 1.551 1.707 1.860 1.957 2.073 2.231 2.499 2.655 2.791 2.908 3.046 3.183 3.267 3.354 3.407 3.401 3.331 3.181 2.987 2.987 1.825
8.00 39.81 0.988 1.172 1.354 1.496 1.649 1.799 1.894 2.008 2.162 2.421 2.572 2.704 2.816 2.948 3.079 3.158 3.241 3.290 3.285 3.214 3.067 2.876 2.876 1.707
8.00 50.12 0.934 1.114 1.294 1.433 1.583 1.729 1.822 1.933 2.084 2.334 2.479 2.606 2.712 2.840 2.964 3.038 3.117 3.161 3.157 3.087 2.943 2.755 2.755 1.577
8.00 63.10 0.871 1.046 1.223 1.359 1.507 1.648 1.739 1.848 1.994 2.234 2.374 2.497 2.598 2.720 2.839 2.908 2.983 3.022 3.019 2.949 2.809 2.625 2.625 1.438
8.00 79.43 0.797 0.967 1.141 1.274 1.419 1.556 1.644 1.750 1.891 2.122 2.256 2.375 2.472 2.590 2.703 2.767 2.839 2.873 2.872 2.801 2.665 2.485 2.485 1.288
8.00 100.00 0.709 0.875 1.046 1.176 1.317 1.449 1.535 1.638 1.774 1.994 2.123 2.240 2.333 2.447 2.555 2.615 2.685 2.714 2.714 2.644 2.512 2.336 2.336 1.128
8.00 125.89 0.605 0.766 0.934 1.060 1.199 1.325 1.409 1.508 1.640 1.850 1.974 2.090 2.179 2.292 2.396 2.452 2.520 2.546 2.548 2.478 2.350 2.178 2.178 0.959
8.00 158.49 0.482 0.638 0.802 0.925 1.060 1.181 1.262 1.358 1.484 1.684 1.805 1.921 2.009 2.122 2.225 2.278 2.345 2.368 2.373 2.303 2.179 2.011 2.011 0.781
8.00 199.53 0.334 0.484 0.645 0.764 0.896 1.012 1.090 1.182 1.304 1.494 1.612 1.732 1.819 1.937 2.040 2.091 2.159 2.181 2.189 2.119 2.000 1.836 1.836 0.594
8.00 251.19 0.156 0.301 0.458 0.574 0.701 0.812 0.888 0.976 1.092 1.273 1.390 1.517 1.607 1.732 1.840 1.891 1.962 1.983 1.996 1.925 1.811 1.652 1.652 0.397
8.00 316.23 -0.060 0.079 0.233 0.345 0.469 0.574 0.647 0.731 0.842 1.014 1.132 1.271 1.366 1.504 1.621 1.674 1.750 1.774 1.792 1.722 1.612 1.458 1.458 0.189
8.00 398.11 -0.323 -0.190 -0.040 0.068 0.188 0.288 0.358 0.439 0.543 0.709 0.831 0.987 1.092 1.249 1.380 1.438 1.524 1.552 1.578 1.507 1.402 1.252 1.252 -0.031
8.00 501.19 -0.646 -0.518 -0.372 -0.268 -0.152 -0.058 0.010 0.087 0.185 0.346 0.475 0.655 0.776 0.960 1.112 1.179 1.278 1.315 1.349 1.279 1.178 1.034 1.034 -0.265
8.00 630.96 -1.043 -0.921 -0.779 -0.679 -0.566 -0.478 -0.414 -0.340 -0.247 -0.090 0.051 0.265 0.408 0.629 0.812 0.891 1.010 1.060 1.106 1.035 0.940 0.800 0.800 -0.515
8.00 794.33 -1.534 -1.418 -1.280 -1.183 -1.075 -0.992 -0.931 -0.861 -0.774 -0.618 -0.458 -0.199 -0.025 0.246 0.471 0.569 0.715 0.783 0.843 0.773 0.682 0.547 0.547 -0.786
8.00 1000.00 -2.143 -2.033 -1.898 -1.806 -1.701 -1.624 -1.566 -1.500 -1.419 -1.259 -1.075 -0.756 -0.540 -0.203 0.080 0.204 0.385 0.479 0.558 0.487 0.401 0.271 0.271 -1.081
