AbrahamsonEtAl2015SSlab as implemented in OpenQuake, distance is rhypo. Log10 hazard values in cgs units
          14 31 23 : nmag, ndist, nperiod
          10.000 7.500 6.000 5.000 4.000 3.000 2.500 2.000 1.500 1.000 0.750 0.600 0.500 0.400 0.300 0.250 0.200 0.150 0.100 0.075 0.050 0.020 PGA PGV
          0.740 0.740 0.740 0.740 0.740 0.740 0.740 0.740 0.740 0.740 0.740 0.740 0.740 0.740 0.740 0.740 0.740 0.740 0.740 0.740 0.740 0.740 0.740 0.740
4.75 1.00 -0.943 -0.738 -0.544 -0.388 -0.178 0.134 0.327 0.562 0.875 1.390 1.701 1.973 2.222 2.510 2.801 2.986 3.169 3.319 3.322 3.257 3.059 2.817 2.817 0.991
4.75 1.26 -0.955 -0.751 -0.557 -0.402 -0.193 0.118 0.311 0.546 0.857 1.371 1.680 1.950 2.197 2.483 2.771 2.955 3.137 3.285 3.289 3.224 3.026 2.785 2.785 0.963
4.75 1.58 -0.969 -0.766 -0.573 -0.419 -0.211 0.099 0.292 0.526 0.836 1.347 1.654 1.921 2.166 2.450 2.736 2.918 3.098 3.244 3.248 3.183 2.986 2.746 2.746 0.930
4.75 2.00 -0.986 -0.785 -0.593 -0.439 -0.232 0.077 0.269 0.502 0.811 1.318 1.622 1.888 2.130 2.411 2.693 2.873 3.051 3.195 3.199 3.134 2.938 2.699 2.699 0.890
4.75 2.51 -1.007 -0.807 -0.616 -0.463 -0.257 0.050 0.241 0.473 0.780 1.283 1.585 1.847 2.086 2.364 2.642 2.819 2.995 3.136 3.140 3.075 2.881 2.643 2.643 0.843
4.75 3.16 -1.031 -0.833 -0.643 -0.492 -0.287 0.018 0.208 0.439 0.744 1.243 1.541 1.800 2.035 2.308 2.582 2.756 2.929 3.068 3.071 3.006 2.814 2.578 2.578 0.787
4.75 3.98 -1.059 -0.864 -0.675 -0.525 -0.322 -0.019 0.170 0.399 0.702 1.195 1.490 1.744 1.975 2.244 2.512 2.683 2.853 2.988 2.991 2.926 2.736 2.501 2.501 0.722
4.75 5.01 -1.092 -0.899 -0.712 -0.564 -0.362 -0.062 0.126 0.353 0.654 1.140 1.431 1.680 1.906 2.169 2.432 2.598 2.765 2.896 2.900 2.834 2.646 2.414 2.414 0.647
4.75 6.31 -1.130 -0.939 -0.755 -0.608 -0.408 -0.111 0.075 0.301 0.598 1.078 1.363 1.607 1.828 2.085 2.341 2.503 2.665 2.791 2.795 2.730 2.544 2.314 2.314 0.562
4.75 7.94 -1.172 -0.985 -0.802 -0.658 -0.461 -0.166 0.018 0.241 0.536 1.008 1.287 1.525 1.740 1.990 2.238 2.395 2.553 2.674 2.678 2.613 2.430 2.203 2.203 0.466
4.75 10.00 -1.220 -1.036 -0.856 -0.714 -0.519 -0.228 -0.046 0.175 0.466 0.929 1.202 1.434 1.643 1.885 2.125 2.276 2.429 2.545 2.549 2.484 2.304 2.079 2.079 0.360
4.75 12.59 -1.273 -1.093 -0.915 -0.777 -0.584 -0.297 -0.116 0.102 0.389 0.843 1.109 1.334 1.535 1.770 2.001 2.146 2.294 2.403 2.408 2.343 2.166 1.944 1.944 0.243
4.75 15.85 -1.331 -1.156 -0.981 -0.845 -0.655 -0.372 -0.193 0.022 0.305 0.748 1.008 1.225 1.419 1.645 1.867 2.005 2.148 2.250 2.255 2.190 2.017 1.799 1.799 0.116
4.75 19.95 -1.395 -1.224 -1.052 -0.919 -0.732 -0.454 -0.277 -0.065 0.214 0.646 0.898 1.108 1.294 1.511 1.723 1.855 1.991 2.087 2.093 2.027 1.858 1.644 1.644 -0.021
4.75 25.12 -1.465 -1.299 -1.130 -1.000 -0.816 -0.543 -0.368 -0.159 0.115 0.536 0.780 0.982 1.160 1.368 1.570 1.695 1.825 1.915 1.920 1.855 1.689 1.479 1.479 -0.166
4.75 31.62 -1.541 -1.380 -1.214 -1.087 -0.907 -0.638 -0.467 -0.261 0.008 0.417 0.654 0.849 1.018 1.217 1.409 1.527 1.651 1.733 1.740 1.675 1.513 1.307 1.307 -0.321
4.75 39.81 -1.624 -1.468 -1.306 -1.182 -1.005 -0.742 -0.573 -0.370 -0.106 0.291 0.519 0.707 0.868 1.058 1.240 1.351 1.469 1.544 1.551 1.486 1.329 1.127 1.127 -0.485
4.75 50.12 -1.715 -1.564 -1.405 -1.285 -1.112 -0.854 -0.687 -0.488 -0.230 0.155 0.375 0.556 0.710 0.891 1.064 1.168 1.281 1.348 1.356 1.291 1.138 0.941 0.941 -0.657
4.75 63.10 -1.814 -1.669 -1.514 -1.398 -1.228 -0.975 -0.811 -0.616 -0.363 0.010 0.222 0.397 0.543 0.717 0.880 0.977 1.085 1.146 1.155 1.090 0.941 0.749 0.749 -0.839
4.75 79.43 -1.925 -1.785 -1.633 -1.521 -1.355 -1.108 -0.947 -0.755 -0.507 -0.147 0.058 0.227 0.366 0.534 0.689 0.780 0.883 0.938 0.948 0.883 0.739 0.551 0.551 -1.031
4.75 100.00 -2.048 -1.913 -1.766 -1.657 -1.495 -1.253 -1.095 -0.907 -0.665 -0.317 -0.119 0.046 0.180 0.342 0.491 0.576 0.674 0.723 0.736 0.671 0.531 0.348 0.348 -1.235
4.75 125.89 -2.187 -2.058 -1.914 -1.809 -1.651 -1.415 -1.259 -1.075 -0.839 -0.503 -0.310 -0.148 -0.019 0.140 0.283 0.363 0.459 0.503 0.518 0.453 0.318 0.139 0.139 -1.452
4.75 158.49 -2.345 -2.222 -2.082 -1.981 -1.826 -1.596 -1.444 -1.263 -1.033 -0.708 -0.521 -0.358 -0.233 -0.074 0.066 0.142 0.237 0.277 0.294 0.229 0.099 -0.075 -0.075 -1.684
4.75 199.53 -2.527 -2.410 -2.274 -2.177 -2.026 -1.801 -1.652 -1.475 -1.251 -0.937 -0.753 -0.588 -0.463 -0.302 -0.162 -0.089 0.006 0.043 0.064 -0.001 -0.126 -0.295 -0.295 -1.936
4.75 251.19 -2.739 -2.628 -2.496 -2.403 -2.255 -2.037 -1.890 -1.718 -1.499 -1.196 -1.013 -0.842 -0.715 -0.547 -0.404 -0.332 -0.235 -0.198 -0.172 -0.237 -0.357 -0.522 -0.522 -2.211
4.75 316.23 -2.989 -2.884 -2.756 -2.666 -2.523 -2.310 -2.167 -1.998 -1.785 -1.491 -1.308 -1.126 -0.994 -0.814 -0.663 -0.589 -0.487 -0.448 -0.417 -0.482 -0.597 -0.757 -0.757 -2.514
4.75 398.11 -3.286 -3.186 -3.062 -2.977 -2.837 -2.631 -2.490 -2.325 -2.118 -1.832 -1.645 -1.446 -1.305 -1.107 -0.942 -0.864 -0.753 -0.710 -0.672 -0.737 -0.847 -1.001 -1.001 -2.853
4.75 501.19 -3.642 -3.548 -3.428 -3.347 -3.211 -3.011 -2.873 -2.712 -2.511 -2.230 -2.036 -1.814 -1.658 -1.433 -1.247 -1.161 -1.036 -0.985 -0.938 -1.003 -1.108 -1.258 -1.258 -3.237
4.75 630.96 -4.072 -3.985 -3.869 -3.791 -3.659 -3.465 -3.330 -3.173 -2.978 -2.701 -2.495 -2.239 -2.061 -1.800 -1.584 -1.485 -1.341 -1.277 -1.219 -1.284 -1.384 -1.529 -1.529 -3.678
4.75 794.33 -4.596 -4.515 -4.402 -4.329 -4.201 -4.012 -3.881 -3.728 -3.538 -3.262 -3.039 -2.738 -2.530 -2.218 -1.960 -1.843 -1.672 -1.590 -1.518 -1.583 -1.678 -1.818 -1.818 -4.188
4.75 1000.00 -5.238 -5.162 -5.054 -4.984 -4.861 -4.678 -4.549 -4.400 -4.217 -3.938 -3.690 -3.330 -3.079 -2.701 -2.387 -2.243 -2.037 -1.929 -1.839 -1.904 -1.994 -2.129 -2.129 -4.787
5.00 1.00 -0.741 -0.538 -0.345 -0.191 0.012 0.307 0.490 0.712 1.009 1.505 1.804 2.067 2.308 2.589 2.871 3.051 3.230 3.375 3.378 3.312 3.116 2.875 2.875 1.085
5.00 1.26 -0.751 -0.549 -0.357 -0.203 -0.001 0.293 0.475 0.697 0.993 1.487 1.785 2.046 2.285 2.564 2.844 3.023 3.201 3.344 3.347 3.281 3.086 2.845 2.845 1.060
5.00 1.58 -0.764 -0.563 -0.372 -0.218 -0.017 0.276 0.458 0.679 0.974 1.465 1.761 2.020 2.258 2.534 2.812 2.989 3.165 3.307 3.310 3.244 3.049 2.810 2.810 1.030
5.00 2.00 -0.779 -0.580 -0.389 -0.237 -0.036 0.256 0.437 0.657 0.951 1.439 1.732 1.989 2.224 2.498 2.773 2.948 3.122 3.262 3.265 3.199 3.005 2.767 2.767 0.994
5.00 2.51 -0.798 -0.600 -0.410 -0.259 -0.059 0.231 0.412 0.631 0.923 1.407 1.698 1.952 2.185 2.455 2.726 2.899 3.071 3.208 3.211 3.146 2.953 2.716 2.716 0.950
5.00 3.16 -0.820 -0.624 -0.435 -0.285 -0.086 0.202 0.382 0.600 0.890 1.370 1.658 1.908 2.137 2.404 2.671 2.841 3.010 3.145 3.148 3.082 2.891 2.656 2.656 0.899
5.00 3.98 -0.846 -0.651 -0.464 -0.316 -0.118 0.168 0.346 0.563 0.852 1.326 1.610 1.857 2.082 2.344 2.606 2.773 2.939 3.070 3.073 3.008 2.818 2.585 2.585 0.839
5.00 5.01 -0.876 -0.684 -0.498 -0.351 -0.155 0.128 0.306 0.521 0.807 1.275 1.555 1.798 2.018 2.275 2.531 2.694 2.857 2.985 2.988 2.922 2.735 2.503 2.503 0.769
5.00 6.31 -0.910 -0.721 -0.537 -0.392 -0.198 0.083 0.259 0.472 0.755 1.217 1.492 1.730 1.945 2.196 2.446 2.604 2.764 2.887 2.890 2.824 2.639 2.410 2.410 0.689
5.00 7.94 -0.950 -0.764 -0.582 -0.439 -0.247 0.031 0.205 0.416 0.697 1.151 1.421 1.653 1.862 2.107 2.349 2.503 2.658 2.776 2.780 2.714 2.531 2.305 2.305 0.599
5.00 10.00 -0.994 -0.812 -0.632 -0.491 -0.302 -0.027 0.145 0.354 0.631 1.077 1.341 1.567 1.770 2.007 2.242 2.390 2.541 2.653 2.657 2.592 2.412 2.188 2.188 0.498
5.00 12.59 -1.044 -0.865 -0.688 -0.550 -0.363 -0.092 0.079 0.285 0.558 0.995 1.253 1.471 1.668 1.897 2.124 2.266 2.412 2.519 2.522 2.457 2.280 2.059 2.059 0.387
5.00 15.85 -1.099 -0.925 -0.750 -0.615 -0.430 -0.164 0.005 0.209 0.478 0.905 1.156 1.367 1.557 1.778 1.995 2.131 2.272 2.372 2.376 2.311 2.137 1.920 1.920 0.266
5.00 19.95 -1.160 -0.990 -0.818 -0.686 -0.504 -0.242 -0.075 0.126 0.390 0.807 1.050 1.255 1.436 1.649 1.857 1.987 2.121 2.215 2.219 2.154 1.984 1.770 1.770 0.135
5.00 25.12 -1.227 -1.061 -0.893 -0.763 -0.584 -0.327 -0.163 0.035 0.295 0.701 0.936 1.133 1.307 1.511 1.709 1.832 1.961 2.048 2.053 1.987 1.822 1.612 1.612 -0.006
5.00 31.62 -1.300 -1.139 -0.974 -0.847 -0.672 -0.419 -0.257 -0.063 0.192 0.586 0.814 1.004 1.170 1.365 1.553 1.669 1.792 1.872 1.877 1.812 1.650 1.444 1.444 -0.156
5.00 39.81 -1.380 -1.224 -1.062 -0.939 -0.767 -0.519 -0.360 -0.169 0.081 0.463 0.683 0.866 1.024 1.210 1.389 1.498 1.615 1.688 1.694 1.629 1.471 1.269 1.269 -0.315
5.00 50.12 -1.467 -1.317 -1.159 -1.039 -0.870 -0.628 -0.471 -0.284 -0.039 0.331 0.543 0.719 0.869 1.048 1.217 1.319 1.430 1.496 1.504 1.438 1.285 1.087 1.087 -0.483
5.00 63.10 -1.564 -1.419 -1.264 -1.148 -0.983 -0.746 -0.592 -0.408 -0.168 0.189 0.394 0.563 0.706 0.877 1.037 1.132 1.239 1.298 1.306 1.241 1.092 0.899 0.899 -0.661
5.00 79.43 -1.672 -1.532 -1.381 -1.269 -1.107 -0.876 -0.724 -0.544 -0.310 0.035 0.233 0.397 0.533 0.698 0.850 0.939 1.040 1.094 1.103 1.038 0.894 0.705 0.705 -0.850
5.00 100.00 -1.792 -1.658 -1.511 -1.402 -1.244 -1.018 -0.870 -0.693 -0.465 -0.132 0.059 0.219 0.350 0.509 0.655 0.738 0.836 0.883 0.895 0.829 0.690 0.506 0.506 -1.050
5.00 125.89 -1.928 -1.800 -1.656 -1.551 -1.398 -1.177 -1.032 -0.859 -0.636 -0.315 -0.129 0.028 0.154 0.310 0.451 0.529 0.624 0.667 0.680 0.615 0.480 0.301 0.301 -1.263
5.00 158.49 -2.084 -1.961 -1.821 -1.720 -1.570 -1.356 -1.213 -1.044 -0.826 -0.517 -0.337 -0.179 -0.056 0.100 0.237 0.311 0.404 0.443 0.460 0.394 0.264 0.090 0.090 -1.492
5.00 199.53 -2.263 -2.146 -2.010 -1.913 -1.767 -1.558 -1.418 -1.253 -1.042 -0.743 -0.566 -0.406 -0.284 -0.126 0.011 0.083 0.177 0.213 0.233 0.168 0.042 -0.127 -0.127 -1.740
5.00 251.19 -2.473 -2.362 -2.230 -2.136 -1.994 -1.791 -1.654 -1.493 -1.287 -0.999 -0.824 -0.657 -0.533 -0.368 -0.228 -0.157 -0.061 -0.025 -0.001 -0.066 -0.186 -0.351 -0.351 -2.012
5.00 316.23 -2.720 -2.615 -2.487 -2.397 -2.259 -2.062 -1.928 -1.770 -1.571 -1.291 -1.115 -0.938 -0.809 -0.632 -0.484 -0.411 -0.310 -0.273 -0.242 -0.308 -0.423 -0.583 -0.583 -2.313
5.00 398.11 -3.014 -2.915 -2.791 -2.705 -2.571 -2.380 -2.249 -2.095 -1.901 -1.629 -1.450 -1.256 -1.118 -0.923 -0.760 -0.683 -0.573 -0.531 -0.494 -0.560 -0.670 -0.825 -0.825 -2.649
5.00 501.19 -3.368 -3.274 -3.154 -3.073 -2.942 -2.757 -2.629 -2.479 -2.291 -2.025 -1.839 -1.621 -1.467 -1.246 -1.063 -0.977 -0.854 -0.804 -0.758 -0.823 -0.929 -1.079 -1.079 -3.030
5.00 630.96 -3.796 -3.708 -3.592 -3.514 -3.388 -3.208 -3.083 -2.938 -2.756 -2.493 -2.295 -2.044 -1.868 -1.610 -1.397 -1.299 -1.156 -1.093 -1.036 -1.101 -1.202 -1.347 -1.347 -3.467
5.00 794.33 -4.317 -4.236 -4.123 -4.050 -3.927 -3.754 -3.632 -3.490 -3.314 -3.052 -2.836 -2.540 -2.334 -2.026 -1.770 -1.654 -1.484 -1.404 -1.332 -1.397 -1.493 -1.633 -1.633 -3.975
5.00 1000.00 -4.956 -4.881 -4.772 -4.703 -4.584 -4.417 -4.297 -4.160 -3.990 -3.725 -3.485 -3.129 -2.881 -2.506 -2.194 -2.052 -1.847 -1.740 -1.651 -1.716 -1.807 -1.942 -1.942 -4.571
5.25 1.00 -0.542 -0.342 -0.150 0.003 0.200 0.477 0.650 0.860 1.142 1.618 1.906 2.160 2.394 2.667 2.941 3.117 3.291 3.431 3.433 3.367 3.172 2.933 2.933 1.179
5.25 1.26 -0.551 -0.352 -0.161 -0.009 0.188 0.465 0.637 0.846 1.128 1.602 1.889 2.141 2.374 2.645 2.917 3.091 3.264 3.403 3.405 3.339 3.145 2.906 2.906 1.157
5.25 1.58 -0.563 -0.364 -0.174 -0.022 0.173 0.450 0.621 0.830 1.111 1.582 1.867 2.118 2.349 2.618 2.888 3.060 3.232 3.369 3.371 3.305 3.112 2.874 2.874 1.129
5.25 2.00 -0.577 -0.379 -0.190 -0.039 0.156 0.431 0.602 0.810 1.090 1.559 1.841 2.090 2.318 2.585 2.852 3.023 3.193 3.328 3.330 3.264 3.072 2.835 2.835 1.096
5.25 2.51 -0.593 -0.397 -0.209 -0.059 0.135 0.409 0.579 0.786 1.064 1.530 1.810 2.056 2.282 2.545 2.809 2.978 3.146 3.279 3.281 3.215 3.023 2.788 2.788 1.057
5.25 3.16 -0.613 -0.419 -0.231 -0.082 0.111 0.382 0.552 0.758 1.034 1.496 1.773 2.016 2.239 2.498 2.758 2.924 3.090 3.220 3.222 3.157 2.966 2.732 2.732 1.009
5.25 3.98 -0.637 -0.444 -0.258 -0.110 0.081 0.351 0.519 0.724 0.999 1.455 1.730 1.969 2.188 2.443 2.699 2.861 3.024 3.152 3.154 3.088 2.899 2.667 2.667 0.954
5.25 5.01 -0.664 -0.474 -0.289 -0.143 0.047 0.314 0.482 0.685 0.957 1.409 1.679 1.914 2.128 2.379 2.629 2.788 2.948 3.072 3.074 3.008 2.822 2.591 2.591 0.889
5.25 6.31 -0.696 -0.508 -0.325 -0.181 0.007 0.272 0.438 0.640 0.910 1.354 1.620 1.850 2.060 2.305 2.549 2.704 2.861 2.980 2.983 2.917 2.732 2.504 2.504 0.815
5.25 7.94 -0.732 -0.548 -0.367 -0.225 -0.038 0.224 0.388 0.588 0.855 1.292 1.553 1.778 1.982 2.221 2.459 2.609 2.761 2.876 2.879 2.813 2.631 2.405 2.405 0.730
5.25 10.00 -0.774 -0.593 -0.414 -0.274 -0.089 0.169 0.332 0.530 0.793 1.223 1.478 1.697 1.895 2.127 2.357 2.502 2.650 2.760 2.763 2.697 2.518 2.294 2.294 0.635
5.25 12.59 -0.821 -0.643 -0.466 -0.329 -0.147 0.108 0.269 0.465 0.724 1.145 1.394 1.606 1.798 2.023 2.245 2.384 2.527 2.632 2.635 2.569 2.393 2.172 2.172 0.530
5.25 15.85 -0.873 -0.699 -0.525 -0.390 -0.211 0.041 0.200 0.392 0.648 1.059 1.301 1.507 1.692 1.909 2.122 2.256 2.393 2.492 2.495 2.429 2.256 2.039 2.039 0.414
5.25 19.95 -0.930 -0.761 -0.590 -0.457 -0.281 -0.034 0.123 0.313 0.564 0.965 1.200 1.399 1.577 1.785 1.989 2.116 2.249 2.341 2.344 2.278 2.109 1.895 1.895 0.288
5.25 25.12 -0.994 -0.829 -0.661 -0.532 -0.358 -0.116 0.039 0.226 0.473 0.863 1.091 1.282 1.452 1.652 1.847 1.967 2.094 2.179 2.183 2.118 1.952 1.742 1.742 0.152
5.25 31.62 -1.064 -0.903 -0.739 -0.613 -0.442 -0.205 -0.052 0.131 0.374 0.753 0.973 1.157 1.319 1.511 1.695 1.809 1.930 2.009 2.013 1.948 1.786 1.580 1.580 0.007
5.25 39.81 -1.141 -0.985 -0.824 -0.701 -0.534 -0.301 -0.151 0.029 0.266 0.633 0.846 1.023 1.177 1.360 1.536 1.643 1.758 1.830 1.835 1.769 1.612 1.410 1.410 -0.147
5.25 50.12 -1.226 -1.075 -0.917 -0.798 -0.634 -0.407 -0.259 -0.083 0.150 0.505 0.710 0.880 1.027 1.202 1.368 1.468 1.578 1.643 1.649 1.583 1.430 1.233 1.233 -0.311
5.25 63.10 -1.319 -1.175 -1.020 -0.904 -0.744 -0.522 -0.377 -0.204 0.023 0.366 0.563 0.728 0.867 1.035 1.192 1.286 1.391 1.449 1.456 1.391 1.242 1.049 1.049 -0.485
5.25 79.43 -1.424 -1.285 -1.134 -1.022 -0.865 -0.648 -0.506 -0.337 -0.115 0.216 0.406 0.565 0.698 0.860 1.009 1.096 1.197 1.249 1.257 1.192 1.047 0.859 0.859 -0.670
5.25 100.00 -1.542 -1.408 -1.261 -1.152 -0.999 -0.788 -0.649 -0.483 -0.267 0.052 0.235 0.391 0.518 0.675 0.817 0.899 0.995 1.042 1.052 0.987 0.847 0.663 0.663 -0.866
5.25 125.89 -1.675 -1.547 -1.403 -1.299 -1.150 -0.944 -0.808 -0.645 -0.435 -0.128 0.050 0.203 0.326 0.479 0.617 0.694 0.787 0.829 0.841 0.776 0.641 0.461 0.461 -1.076
5.25 158.49 -1.828 -1.705 -1.566 -1.465 -1.320 -1.120 -0.986 -0.828 -0.623 -0.327 -0.155 -0.001 0.118 0.271 0.406 0.479 0.571 0.609 0.624 0.559 0.428 0.254 0.254 -1.302
5.25 199.53 -2.005 -1.888 -1.752 -1.655 -1.514 -1.320 -1.189 -1.034 -0.835 -0.551 -0.381 -0.225 -0.106 0.049 0.184 0.254 0.347 0.382 0.401 0.335 0.210 0.040 0.040 -1.547
5.25 251.19 -2.212 -2.101 -1.969 -1.876 -1.738 -1.550 -1.422 -1.271 -1.078 -0.804 -0.636 -0.473 -0.353 -0.190 -0.053 0.017 0.112 0.147 0.170 0.105 -0.016 -0.181 -0.181 -1.815
5.25 316.23 -2.457 -2.351 -2.223 -2.134 -2.000 -1.818 -1.693 -1.546 -1.359 -1.093 -0.925 -0.752 -0.626 -0.452 -0.306 -0.234 -0.134 -0.098 -0.069 -0.134 -0.250 -0.410 -0.410 -2.113
5.25 398.11 -2.748 -2.649 -2.525 -2.439 -2.310 -2.133 -2.011 -1.868 -1.687 -1.429 -1.257 -1.067 -0.931 -0.739 -0.580 -0.504 -0.395 -0.354 -0.318 -0.383 -0.494 -0.649 -0.649 -2.446
5.25 501.19 -3.099 -3.006 -2.886 -2.804 -2.678 -2.508 -2.389 -2.250 -2.074 -1.822 -1.643 -1.429 -1.278 -1.060 -0.879 -0.795 -0.672 -0.624 -0.578 -0.644 -0.750 -0.900 -0.900 -2.824
5.25 630.96 -3.525 -3.437 -3.321 -3.243 -3.122 -2.957 -2.841 -2.706 -2.536 -2.287 -2.097 -1.850 -1.677 -1.421 -1.210 -1.114 -0.972 -0.910 -0.854 -0.919 -1.021 -1.166 -1.166 -3.259
5.25 794.33 -4.043 -3.962 -3.850 -3.776 -3.658 -3.499 -3.386 -3.255 -3.092 -2.843 -2.635 -2.343 -2.140 -1.834 -1.581 -1.466 -1.298 -1.218 -1.147 -1.213 -1.309 -1.449 -1.449 -3.763
5.25 1000.00 -4.680 -4.604 -4.496 -4.426 -4.313 -4.160 -4.050 -3.923 -3.765 -3.514 -3.281 -2.929 -2.684 -2.312 -2.003 -1.862 -1.657 -1.552 -1.463 -1.529 -1.620 -1.755 -1.755 -4.357
5.50 1.00 -0.347 -0.149 0.041 0.192 0.383 0.645 0.807 1.006 1.274 1.731 2.008 2.254 2.481 2.746 3.012 3.182 3.352 3.487 3.488 3.422 3.228 2.991 2.991 1.273
5.50 1.26 -0.355 -0.158 0.031 0.182 0.373 0.634 0.796 0.994 1.261 1.717 1.993 2.237 2.462 2.725 2.990 3.159 3.328 3.462 3.463 3.397 3.204 2.967 2.967 1.253
5.50 1.58 -0.365 -0.169 0.020 0.170 0.360 0.620 0.781 0.979 1.246 1.699 1.973 2.215 2.439 2.701 2.963 3.131 3.298 3.431 3.432 3.366 3.174 2.938 2.938 1.228
5.50 2.00 -0.378 -0.183 0.006 0.155 0.344 0.603 0.764 0.961 1.227 1.677 1.950 2.190 2.412 2.671 2.930 3.097 3.263 3.393 3.395 3.329 3.137 2.902 2.902 1.198
5.50 2.51 -0.393 -0.199 -0.012 0.137 0.325 0.583 0.743 0.939 1.204 1.651 1.921 2.159 2.379 2.635 2.891 3.055 3.220 3.348 3.350 3.284 3.093 2.859 2.859 1.162
5.50 3.16 -0.411 -0.218 -0.032 0.116 0.303 0.559 0.719 0.913 1.176 1.620 1.887 2.122 2.339 2.592 2.845 3.006 3.168 3.295 3.296 3.230 3.041 2.808 2.808 1.119
5.50 3.98 -0.432 -0.241 -0.056 0.090 0.276 0.530 0.689 0.883 1.144 1.583 1.847 2.079 2.292 2.541 2.790 2.948 3.108 3.231 3.233 3.167 2.979 2.748 2.748 1.068
5.50 5.01 -0.457 -0.269 -0.085 0.060 0.244 0.497 0.654 0.847 1.106 1.540 1.800 2.028 2.237 2.481 2.725 2.881 3.037 3.157 3.159 3.093 2.907 2.677 2.677 1.008
5.50 6.31 -0.486 -0.300 -0.118 0.025 0.208 0.458 0.614 0.805 1.061 1.489 1.746 1.969 2.173 2.413 2.651 2.802 2.955 3.072 3.073 3.007 2.824 2.596 2.596 0.938
5.50 7.94 -0.520 -0.337 -0.157 -0.015 0.166 0.413 0.568 0.757 1.010 1.432 1.683 1.901 2.101 2.334 2.566 2.713 2.862 2.974 2.976 2.910 2.729 2.503 2.503 0.859
5.50 10.00 -0.559 -0.379 -0.201 -0.061 0.118 0.362 0.515 0.702 0.953 1.366 1.612 1.825 2.019 2.246 2.470 2.612 2.758 2.865 2.867 2.800 2.622 2.399 2.399 0.770
5.50 12.59 -0.602 -0.426 -0.250 -0.113 0.064 0.304 0.456 0.640 0.888 1.293 1.533 1.740 1.927 2.147 2.364 2.501 2.641 2.743 2.745 2.679 2.503 2.283 2.283 0.670
5.50 15.85 -0.651 -0.478 -0.305 -0.171 0.003 0.240 0.390 0.572 0.815 1.211 1.445 1.645 1.826 2.038 2.247 2.378 2.513 2.609 2.612 2.546 2.373 2.156 2.156 0.559
5.50 19.95 -0.706 -0.537 -0.367 -0.235 -0.063 0.169 0.317 0.496 0.735 1.121 1.348 1.542 1.715 1.920 2.119 2.244 2.374 2.464 2.467 2.401 2.232 2.018 2.018 0.439
5.50 25.12 -0.766 -0.602 -0.434 -0.305 -0.137 0.091 0.237 0.413 0.648 1.023 1.243 1.429 1.596 1.792 1.982 2.101 2.226 2.309 2.312 2.246 2.080 1.871 1.871 0.309
5.50 31.62 -0.833 -0.673 -0.509 -0.383 -0.218 0.006 0.149 0.322 0.552 0.917 1.129 1.308 1.467 1.655 1.836 1.948 2.067 2.144 2.148 2.082 1.920 1.714 1.714 0.168
5.50 39.81 -0.907 -0.752 -0.591 -0.469 -0.306 -0.088 0.053 0.223 0.448 0.801 1.006 1.179 1.330 1.509 1.681 1.786 1.900 1.970 1.974 1.908 1.751 1.549 1.549 0.018
5.50 50.12 -0.989 -0.839 -0.681 -0.562 -0.403 -0.190 -0.052 0.115 0.335 0.676 0.874 1.040 1.183 1.355 1.517 1.616 1.724 1.788 1.793 1.727 1.574 1.376 1.376 -0.141
5.50 63.10 -1.080 -0.935 -0.781 -0.665 -0.510 -0.302 -0.166 -0.003 0.212 0.541 0.731 0.891 1.027 1.192 1.346 1.438 1.542 1.598 1.605 1.539 1.390 1.197 1.197 -0.311
5.50 79.43 -1.182 -1.043 -0.892 -0.780 -0.628 -0.425 -0.292 -0.133 0.077 0.394 0.577 0.732 0.862 1.020 1.166 1.253 1.351 1.402 1.410 1.344 1.199 1.011 1.011 -0.491
5.50 100.00 -1.297 -1.163 -1.016 -0.908 -0.760 -0.562 -0.432 -0.276 -0.072 0.233 0.410 0.561 0.685 0.839 0.978 1.059 1.154 1.199 1.209 1.143 1.003 0.819 0.819 -0.684
5.50 125.89 -1.428 -1.299 -1.156 -1.051 -0.907 -0.715 -0.588 -0.436 -0.237 0.056 0.227 0.376 0.496 0.647 0.781 0.857 0.949 0.990 1.002 0.936 0.800 0.621 0.621 -0.890
5.50 158.49 -1.578 -1.455 -1.316 -1.215 -1.074 -0.888 -0.763 -0.615 -0.422 -0.140 0.026 0.175 0.292 0.442 0.574 0.646 0.737 0.773 0.788 0.722 0.591 0.417 0.417 -1.113
5.50 199.53 -1.752 -1.635 -1.499 -1.402 -1.266 -1.085 -0.963 -0.819 -0.632 -0.361 -0.198 -0.046 0.070 0.223 0.355 0.424 0.515 0.549 0.568 0.502 0.376 0.206 0.206 -1.354
5.50 251.19 -1.956 -1.845 -1.713 -1.620 -1.487 -1.313 -1.194 -1.053 -0.872 -0.611 -0.450 -0.292 -0.173 -0.014 0.121 0.190 0.284 0.317 0.340 0.274 0.153 -0.012 -0.012 -1.620
5.50 316.23 -2.198 -2.093 -1.965 -1.876 -1.747 -1.578 -1.462 -1.325 -1.150 -0.897 -0.736 -0.567 -0.443 -0.272 -0.129 -0.058 0.041 0.076 0.104 0.038 -0.078 -0.238 -0.238 -1.914
5.50 398.11 -2.487 -2.388 -2.264 -2.179 -2.054 -1.891 -1.778 -1.645 -1.475 -1.230 -1.065 -0.880 -0.747 -0.557 -0.400 -0.325 -0.217 -0.177 -0.142 -0.208 -0.319 -0.474 -0.474 -2.245
5.50 501.19 -2.836 -2.742 -2.622 -2.541 -2.420 -2.263 -2.153 -2.024 -1.860 -1.621 -1.449 -1.239 -1.091 -0.875 -0.696 -0.613 -0.492 -0.444 -0.400 -0.466 -0.572 -0.723 -0.723 -2.620
5.50 630.96 -3.259 -3.171 -3.055 -2.977 -2.860 -2.709 -2.602 -2.477 -2.319 -2.084 -1.900 -1.657 -1.487 -1.233 -1.025 -0.929 -0.789 -0.728 -0.672 -0.738 -0.840 -0.985 -0.985 -3.051
5.50 794.33 -3.775 -3.693 -3.581 -3.508 -3.394 -3.249 -3.145 -3.024 -2.872 -2.637 -2.436 -2.148 -1.947 -1.644 -1.394 -1.279 -1.112 -1.033 -0.963 -1.029 -1.126 -1.266 -1.266 -3.553
5.50 1000.00 -4.409 -4.333 -4.225 -4.156 -4.046 -3.907 -3.806 -3.689 -3.543 -3.305 -3.079 -2.731 -2.489 -2.119 -1.812 -1.672 -1.469 -1.364 -1.276 -1.342 -1.434 -1.570 -1.570 -4.144
5.75 1.00 -0.156 0.040 0.228 0.378 0.563 0.810 0.963 1.150 1.405 1.844 2.110 2.347 2.567 2.824 3.082 3.248 3.413 3.543 3.544 3.477 3.285 3.049 3.049 1.367
5.75 1.26 -0.163 0.032 0.220 0.369 0.554 0.799 0.952 1.139 1.393 1.831 2.096 2.332 2.550 2.806 3.062 3.227 3.391 3.521 3.521 3.455 3.263 3.028 3.028 1.349
5.75 1.58 -0.172 0.022 0.209 0.358 0.542 0.787 0.939 1.126 1.379 1.815 2.079 2.313 2.530 2.784 3.038 3.201 3.364 3.493 3.493 3.427 3.236 3.001 3.001 1.327
5.75 2.00 -0.183 0.010 0.197 0.345 0.528 0.772 0.924 1.110 1.362 1.795 2.057 2.289 2.505 2.756 3.009 3.170 3.332 3.458 3.459 3.393 3.203 2.969 2.969 1.299
5.75 2.51 -0.197 -0.005 0.181 0.329 0.511 0.754 0.905 1.090 1.341 1.771 2.031 2.261 2.474 2.724 2.973 3.133 3.293 3.417 3.418 3.352 3.162 2.930 2.930 1.266
5.75 3.16 -0.213 -0.022 0.163 0.309 0.491 0.732 0.882 1.066 1.316 1.743 2.000 2.228 2.438 2.684 2.930 3.088 3.246 3.368 3.369 3.302 3.114 2.883 2.883 1.227
5.75 3.98 -0.232 -0.043 0.141 0.286 0.466 0.706 0.856 1.038 1.287 1.709 1.964 2.188 2.395 2.637 2.879 3.034 3.190 3.310 3.310 3.244 3.058 2.827 2.827 1.180
5.75 5.01 -0.255 -0.068 0.114 0.258 0.437 0.675 0.824 1.005 1.251 1.669 1.920 2.141 2.344 2.582 2.820 2.971 3.125 3.241 3.242 3.175 2.991 2.762 2.762 1.124
5.75 6.31 -0.282 -0.097 0.084 0.226 0.404 0.639 0.787 0.967 1.210 1.622 1.869 2.086 2.285 2.519 2.751 2.899 3.049 3.162 3.162 3.096 2.913 2.686 2.686 1.060
5.75 7.94 -0.313 -0.131 0.048 0.189 0.365 0.597 0.744 0.922 1.163 1.569 1.811 2.023 2.217 2.445 2.671 2.815 2.962 3.070 3.071 3.005 2.824 2.600 2.600 0.986
5.75 10.00 -0.349 -0.170 0.008 0.146 0.320 0.550 0.694 0.871 1.109 1.507 1.745 1.951 2.140 2.362 2.581 2.721 2.863 2.967 2.968 2.902 2.724 2.502 2.502 0.902
5.75 12.59 -0.389 -0.214 -0.039 0.098 0.269 0.496 0.639 0.813 1.048 1.438 1.670 1.871 2.054 2.269 2.481 2.615 2.753 2.852 2.853 2.787 2.611 2.392 2.392 0.808
5.75 15.85 -0.435 -0.263 -0.091 0.043 0.213 0.435 0.576 0.748 0.979 1.361 1.586 1.781 1.957 2.165 2.369 2.498 2.631 2.725 2.726 2.660 2.488 2.271 2.271 0.703
5.75 19.95 -0.487 -0.319 -0.149 -0.017 0.149 0.368 0.507 0.676 0.903 1.275 1.494 1.682 1.852 2.052 2.247 2.370 2.498 2.586 2.588 2.522 2.353 2.140 2.140 0.588
5.75 25.12 -0.544 -0.380 -0.213 -0.085 0.079 0.293 0.430 0.597 0.820 1.181 1.393 1.575 1.737 1.929 2.116 2.232 2.355 2.436 2.439 2.373 2.207 1.998 1.998 0.463
5.75 31.62 -0.608 -0.449 -0.285 -0.159 0.001 0.211 0.346 0.509 0.728 1.078 1.283 1.458 1.613 1.797 1.975 2.085 2.202 2.277 2.280 2.214 2.052 1.846 1.846 0.327
5.75 39.81 -0.679 -0.525 -0.364 -0.241 -0.084 0.121 0.254 0.414 0.627 0.967 1.164 1.332 1.480 1.656 1.824 1.928 2.040 2.108 2.112 2.046 1.888 1.686 1.686 0.182
5.75 50.12 -0.758 -0.608 -0.451 -0.332 -0.178 0.022 0.152 0.309 0.518 0.845 1.036 1.197 1.338 1.506 1.666 1.762 1.869 1.931 1.936 1.869 1.716 1.519 1.519 0.027
5.75 63.10 -0.846 -0.702 -0.548 -0.432 -0.281 -0.087 0.041 0.194 0.398 0.714 0.897 1.052 1.186 1.347 1.498 1.589 1.691 1.746 1.752 1.686 1.536 1.343 1.343 -0.138
5.75 79.43 -0.945 -0.806 -0.656 -0.544 -0.396 -0.207 -0.082 0.067 0.266 0.570 0.746 0.897 1.024 1.179 1.323 1.407 1.505 1.554 1.561 1.495 1.350 1.162 1.162 -0.315
5.75 100.00 -1.057 -0.924 -0.777 -0.668 -0.525 -0.341 -0.219 -0.073 0.120 0.412 0.582 0.729 0.851 1.001 1.138 1.217 1.311 1.355 1.364 1.298 1.158 0.973 0.973 -0.504
5.75 125.89 -1.185 -1.057 -0.914 -0.809 -0.670 -0.491 -0.372 -0.229 -0.042 0.239 0.403 0.547 0.665 0.813 0.945 1.019 1.110 1.149 1.161 1.094 0.959 0.779 0.779 -0.706
5.75 158.49 -1.333 -1.210 -1.071 -0.970 -0.834 -0.661 -0.544 -0.406 -0.224 0.045 0.204 0.349 0.464 0.611 0.741 0.811 0.901 0.936 0.950 0.884 0.753 0.578 0.578 -0.925
5.75 199.53 -1.504 -1.388 -1.252 -1.155 -1.023 -0.855 -0.742 -0.607 -0.431 -0.172 -0.016 0.131 0.245 0.395 0.525 0.593 0.683 0.716 0.734 0.667 0.541 0.371 0.371 -1.164
5.75 251.19 -1.706 -1.595 -1.463 -1.370 -1.242 -1.080 -0.969 -0.839 -0.668 -0.420 -0.265 -0.111 0.004 0.161 0.294 0.362 0.454 0.487 0.509 0.443 0.321 0.156 0.156 -1.426
5.75 316.23 -1.945 -1.840 -1.712 -1.623 -1.498 -1.343 -1.235 -1.108 -0.944 -0.704 -0.549 -0.384 -0.263 -0.094 0.047 0.116 0.214 0.248 0.276 0.210 0.093 -0.067 -0.067 -1.717
5.75 398.11 -2.232 -2.133 -2.009 -1.923 -1.803 -1.653 -1.548 -1.425 -1.266 -1.034 -0.875 -0.694 -0.563 -0.376 -0.221 -0.147 -0.040 -0.002 0.033 -0.033 -0.145 -0.300 -0.300 -2.044
5.75 501.19 -2.578 -2.484 -2.364 -2.283 -2.166 -2.022 -1.920 -1.801 -1.648 -1.422 -1.256 -1.050 -0.905 -0.691 -0.515 -0.433 -0.313 -0.266 -0.222 -0.288 -0.395 -0.546 -0.546 -2.417
5.75 630.96 -2.998 -2.911 -2.794 -2.717 -2.604 -2.466 -2.367 -2.252 -2.105 -1.882 -1.704 -1.465 -1.298 -1.047 -0.841 -0.746 -0.606 -0.547 -0.492 -0.558 -0.660 -0.806 -0.806 -2.845
5.75 794.33 -3.512 -3.430 -3.318 -3.244 -3.136 -3.003 -2.907 -2.796 -2.655 -2.433 -2.238 -1.954 -1.756 -1.455 -1.207 -1.094 -0.927 -0.849 -0.780 -0.846 -0.943 -1.084 -1.084 -3.344
5.75 1000.00 -4.143 -4.068 -3.960 -3.890 -3.785 -3.659 -3.566 -3.458 -3.324 -3.098 -2.878 -2.535 -2.295 -1.927 -1.623 -1.484 -1.282 -1.178 -1.091 -1.157 -1.249 -1.385 -1.385 -3.932
6.00 1.00 0.032 0.226 0.412 0.560 0.740 0.972 1.116 1.292 1.534 1.956 2.212 2.441 2.654 2.903 3.153 3.313 3.474 3.600 3.600 3.533 3.343 3.108 3.108 1.462
6.00 1.26 0.026 0.218 0.405 0.552 0.731 0.963 1.106 1.283 1.524 1.944 2.199 2.427 2.638 2.886 3.135 3.295 3.455 3.579 3.579 3.512 3.323 3.089 3.089 1.445
6.00 1.58 0.018 0.209 0.395 0.543 0.721 0.951 1.095 1.271 1.511 1.930 2.183 2.409 2.620 2.866 3.113 3.271 3.431 3.554 3.554 3.487 3.298 3.065 3.065 1.425
6.00 2.00 0.008 0.199 0.384 0.531 0.708 0.938 1.081 1.256 1.496 1.912 2.164 2.388 2.597 2.842 3.086 3.243 3.401 3.523 3.523 3.456 3.268 3.035 3.035 1.400
6.00 2.51 -0.004 0.186 0.370 0.516 0.693 0.921 1.064 1.238 1.477 1.890 2.141 2.363 2.570 2.812 3.054 3.209 3.365 3.486 3.485 3.419 3.231 3.000 3.000 1.370
6.00 3.16 -0.019 0.170 0.353 0.498 0.675 0.902 1.043 1.217 1.454 1.864 2.112 2.332 2.536 2.776 3.015 3.168 3.322 3.441 3.440 3.374 3.187 2.957 2.957 1.334
6.00 3.98 -0.037 0.151 0.333 0.477 0.652 0.878 1.019 1.191 1.427 1.833 2.079 2.296 2.497 2.733 2.968 3.119 3.271 3.387 3.387 3.320 3.135 2.906 2.906 1.291
6.00 5.01 -0.057 0.128 0.309 0.452 0.626 0.850 0.990 1.161 1.395 1.797 2.039 2.252 2.450 2.682 2.913 3.061 3.211 3.324 3.324 3.257 3.073 2.846 2.846 1.240
6.00 6.31 -0.082 0.101 0.281 0.422 0.595 0.817 0.955 1.125 1.357 1.754 1.992 2.202 2.395 2.623 2.849 2.993 3.140 3.250 3.250 3.183 3.001 2.776 2.776 1.180
6.00 7.94 -0.110 0.070 0.248 0.388 0.559 0.778 0.916 1.084 1.313 1.704 1.937 2.143 2.332 2.554 2.775 2.915 3.059 3.164 3.165 3.098 2.918 2.695 2.695 1.111
6.00 10.00 -0.143 0.034 0.211 0.348 0.517 0.734 0.870 1.036 1.263 1.646 1.875 2.076 2.260 2.476 2.691 2.827 2.966 3.068 3.068 3.001 2.824 2.603 2.603 1.033
6.00 12.59 -0.181 -0.007 0.168 0.303 0.470 0.683 0.818 0.982 1.205 1.581 1.805 2.000 2.178 2.388 2.596 2.727 2.862 2.959 2.959 2.893 2.718 2.499 2.499 0.944
6.00 15.85 -0.224 -0.053 0.119 0.252 0.417 0.626 0.759 0.921 1.141 1.508 1.726 1.915 2.087 2.290 2.490 2.616 2.747 2.838 2.839 2.772 2.600 2.385 2.385 0.844
6.00 19.95 -0.273 -0.106 0.064 0.195 0.356 0.562 0.693 0.852 1.068 1.426 1.638 1.821 1.987 2.182 2.374 2.494 2.620 2.705 2.707 2.640 2.471 2.259 2.259 0.735
6.00 25.12 -0.327 -0.164 0.002 0.130 0.290 0.491 0.620 0.777 0.988 1.336 1.541 1.718 1.876 2.065 2.247 2.362 2.483 2.562 2.564 2.497 2.332 2.123 2.123 0.615
6.00 31.62 -0.388 -0.229 -0.066 0.059 0.215 0.413 0.539 0.693 0.900 1.238 1.436 1.605 1.757 1.937 2.111 2.219 2.335 2.408 2.411 2.344 2.182 1.977 1.977 0.484
6.00 39.81 -0.456 -0.302 -0.142 -0.020 0.133 0.326 0.450 0.601 0.803 1.130 1.321 1.484 1.628 1.801 1.966 2.068 2.178 2.245 2.248 2.181 2.024 1.822 1.822 0.344
6.00 50.12 -0.532 -0.383 -0.226 -0.107 0.043 0.230 0.352 0.499 0.697 1.012 1.196 1.353 1.490 1.655 1.812 1.907 2.012 2.073 2.077 2.010 1.857 1.659 1.659 0.194
6.00 63.10 -0.617 -0.473 -0.320 -0.204 -0.058 0.124 0.244 0.388 0.580 0.884 1.060 1.212 1.342 1.501 1.649 1.738 1.838 1.893 1.898 1.831 1.682 1.489 1.489 0.032
6.00 79.43 -0.714 -0.575 -0.425 -0.313 -0.170 0.007 0.124 0.264 0.452 0.744 0.913 1.060 1.184 1.337 1.477 1.561 1.657 1.705 1.711 1.645 1.500 1.311 1.311 -0.140
6.00 100.00 -0.823 -0.690 -0.543 -0.435 -0.295 -0.124 -0.010 0.127 0.309 0.589 0.753 0.896 1.014 1.162 1.297 1.375 1.467 1.510 1.518 1.452 1.311 1.127 1.127 -0.325
6.00 125.89 -0.948 -0.820 -0.677 -0.573 -0.437 -0.271 -0.160 -0.027 0.150 0.419 0.576 0.717 0.832 0.977 1.107 1.180 1.270 1.308 1.318 1.252 1.116 0.936 0.936 -0.524
6.00 158.49 -1.093 -0.971 -0.831 -0.731 -0.599 -0.438 -0.330 -0.200 -0.029 0.228 0.381 0.522 0.634 0.779 0.906 0.975 1.064 1.098 1.112 1.045 0.914 0.739 0.739 -0.740
6.00 199.53 -1.262 -1.145 -1.010 -0.913 -0.785 -0.630 -0.524 -0.399 -0.233 0.014 0.163 0.307 0.418 0.566 0.693 0.760 0.849 0.881 0.898 0.832 0.705 0.535 0.535 -0.975
6.00 251.19 -1.461 -1.350 -1.219 -1.125 -1.001 -0.852 -0.749 -0.627 -0.468 -0.231 -0.083 0.068 0.181 0.335 0.466 0.533 0.624 0.656 0.677 0.610 0.489 0.323 0.323 -1.234
6.00 316.23 -1.698 -1.593 -1.465 -1.376 -1.255 -1.112 -1.012 -0.894 -0.740 -0.512 -0.363 -0.202 -0.083 0.083 0.222 0.290 0.387 0.420 0.447 0.380 0.264 0.103 0.103 -1.522
6.00 398.11 -1.982 -1.883 -1.759 -1.673 -1.557 -1.419 -1.322 -1.208 -1.060 -0.840 -0.687 -0.509 -0.381 -0.196 -0.043 0.029 0.135 0.173 0.207 0.140 0.028 -0.127 -0.127 -1.846
6.00 501.19 -2.325 -2.232 -2.112 -2.030 -1.918 -1.786 -1.692 -1.582 -1.440 -1.225 -1.065 -0.863 -0.720 -0.508 -0.335 -0.254 -0.134 -0.088 -0.045 -0.112 -0.219 -0.370 -0.370 -2.215
6.00 630.96 -2.743 -2.655 -2.539 -2.462 -2.353 -2.227 -2.136 -2.030 -1.894 -1.682 -1.511 -1.275 -1.110 -0.862 -0.658 -0.564 -0.425 -0.367 -0.312 -0.379 -0.481 -0.627 -0.627 -2.641
6.00 794.33 -3.254 -3.173 -3.060 -2.987 -2.882 -2.762 -2.674 -2.572 -2.441 -2.231 -2.042 -1.761 -1.565 -1.267 -1.021 -0.909 -0.743 -0.666 -0.598 -0.664 -0.762 -0.903 -0.903 -3.137
6.00 1000.00 -3.883 -3.807 -3.699 -3.630 -3.529 -3.415 -3.330 -3.231 -3.107 -2.893 -2.679 -2.339 -2.102 -1.737 -1.434 -1.296 -1.095 -0.992 -0.906 -0.972 -1.065 -1.201 -1.201 -3.722
6.25 1.00 0.216 0.407 0.593 0.739 0.913 1.131 1.266 1.433 1.663 2.068 2.314 2.534 2.740 2.982 3.224 3.380 3.536 3.657 3.656 3.589 3.400 3.168 3.168 1.556
6.25 1.26 0.211 0.401 0.586 0.732 0.906 1.123 1.258 1.424 1.654 2.057 2.302 2.522 2.727 2.967 3.208 3.363 3.518 3.639 3.638 3.571 3.382 3.150 3.150 1.541
6.25 1.58 0.203 0.393 0.577 0.723 0.896 1.113 1.248 1.414 1.642 2.044 2.288 2.506 2.710 2.949 3.188 3.342 3.497 3.616 3.615 3.548 3.360 3.129 3.129 1.523
6.25 2.00 0.194 0.383 0.567 0.712 0.885 1.101 1.235 1.401 1.628 2.028 2.270 2.487 2.689 2.926 3.164 3.316 3.470 3.587 3.587 3.520 3.333 3.102 3.102 1.501
6.25 2.51 0.184 0.372 0.555 0.699 0.871 1.086 1.220 1.385 1.611 2.008 2.249 2.464 2.664 2.899 3.134 3.285 3.437 3.553 3.552 3.486 3.299 3.069 3.069 1.473
6.25 3.16 0.171 0.357 0.540 0.683 0.854 1.068 1.201 1.365 1.591 1.985 2.223 2.436 2.634 2.866 3.099 3.247 3.398 3.512 3.511 3.444 3.259 3.030 3.030 1.440
6.25 3.98 0.155 0.340 0.521 0.664 0.834 1.046 1.179 1.342 1.566 1.956 2.192 2.402 2.598 2.827 3.056 3.202 3.351 3.463 3.462 3.395 3.211 2.984 2.984 1.401
6.25 5.01 0.136 0.319 0.500 0.641 0.810 1.021 1.152 1.314 1.536 1.923 2.156 2.363 2.555 2.781 3.005 3.149 3.295 3.405 3.404 3.337 3.154 2.928 2.928 1.354
6.25 6.31 0.114 0.295 0.474 0.614 0.782 0.990 1.121 1.281 1.502 1.883 2.113 2.316 2.504 2.726 2.946 3.087 3.230 3.336 3.336 3.269 3.088 2.863 2.863 1.299
6.25 7.94 0.087 0.267 0.444 0.582 0.749 0.955 1.084 1.243 1.461 1.837 2.062 2.261 2.445 2.662 2.877 3.014 3.154 3.257 3.256 3.190 3.011 2.788 2.788 1.235
6.25 10.00 0.057 0.233 0.409 0.546 0.710 0.913 1.042 1.199 1.414 1.783 2.004 2.198 2.378 2.589 2.798 2.931 3.068 3.166 3.166 3.099 2.922 2.702 2.702 1.161
6.25 12.59 0.022 0.195 0.369 0.503 0.666 0.866 0.993 1.148 1.360 1.722 1.938 2.127 2.301 2.506 2.709 2.837 2.970 3.063 3.063 2.997 2.822 2.605 2.605 1.077
6.25 15.85 -0.018 0.152 0.323 0.455 0.616 0.812 0.937 1.090 1.299 1.653 1.863 2.047 2.215 2.414 2.609 2.732 2.860 2.949 2.949 2.882 2.711 2.496 2.496 0.984
6.25 19.95 -0.064 0.102 0.271 0.401 0.559 0.752 0.875 1.025 1.231 1.575 1.780 1.957 2.119 2.311 2.498 2.616 2.740 2.823 2.824 2.757 2.588 2.376 2.376 0.879
6.25 25.12 -0.116 0.047 0.213 0.340 0.495 0.684 0.806 0.953 1.154 1.490 1.687 1.859 2.014 2.198 2.377 2.489 2.608 2.686 2.687 2.620 2.455 2.246 2.246 0.765
6.25 31.62 -0.173 -0.015 0.148 0.272 0.424 0.609 0.728 0.873 1.070 1.395 1.586 1.751 1.899 2.076 2.246 2.352 2.466 2.538 2.539 2.472 2.311 2.106 2.106 0.639
6.25 39.81 -0.239 -0.085 0.075 0.197 0.346 0.526 0.643 0.784 0.977 1.291 1.475 1.634 1.775 1.944 2.106 2.206 2.315 2.380 2.382 2.315 2.158 1.957 1.957 0.504
6.25 50.12 -0.312 -0.163 -0.006 0.112 0.258 0.434 0.548 0.686 0.874 1.177 1.354 1.507 1.641 1.803 1.957 2.050 2.154 2.213 2.216 2.149 1.996 1.798 1.798 0.358
6.25 63.10 -0.394 -0.251 -0.097 0.018 0.161 0.331 0.443 0.578 0.761 1.052 1.222 1.370 1.497 1.653 1.798 1.886 1.985 2.037 2.042 1.975 1.826 1.633 1.633 0.201
6.25 79.43 -0.488 -0.349 -0.199 -0.087 0.052 0.217 0.326 0.458 0.635 0.915 1.079 1.221 1.343 1.493 1.631 1.712 1.807 1.854 1.860 1.793 1.648 1.459 1.459 0.033
6.25 100.00 -0.594 -0.461 -0.314 -0.206 -0.071 0.089 0.196 0.324 0.496 0.764 0.921 1.061 1.177 1.322 1.454 1.530 1.622 1.663 1.671 1.604 1.463 1.279 1.279 -0.148
6.25 125.89 -0.717 -0.589 -0.446 -0.342 -0.210 -0.055 0.049 0.173 0.340 0.597 0.748 0.885 0.998 1.140 1.267 1.339 1.428 1.465 1.475 1.408 1.272 1.092 1.092 -0.343
6.25 158.49 -0.859 -0.737 -0.597 -0.497 -0.369 -0.220 -0.119 0.002 0.163 0.409 0.556 0.694 0.803 0.946 1.070 1.138 1.226 1.259 1.272 1.205 1.074 0.899 0.899 -0.555
6.25 199.53 -1.025 -0.909 -0.773 -0.676 -0.552 -0.409 -0.310 -0.193 -0.038 0.198 0.341 0.482 0.591 0.736 0.861 0.926 1.014 1.046 1.062 0.995 0.868 0.698 0.698 -0.787
6.25 251.19 -1.221 -1.111 -0.979 -0.886 -0.765 -0.628 -0.533 -0.419 -0.270 -0.044 0.098 0.245 0.356 0.508 0.637 0.702 0.792 0.823 0.844 0.777 0.655 0.489 0.489 -1.043
6.25 316.23 -1.456 -1.351 -1.223 -1.134 -1.017 -0.885 -0.793 -0.683 -0.540 -0.323 -0.179 -0.022 0.095 0.259 0.395 0.462 0.558 0.591 0.617 0.550 0.433 0.272 0.272 -1.328
6.25 398.11 -1.737 -1.638 -1.514 -1.429 -1.316 -1.190 -1.100 -0.995 -0.857 -0.647 -0.501 -0.326 -0.200 -0.017 0.133 0.205 0.310 0.346 0.380 0.313 0.201 0.045 0.045 -1.649
6.25 501.19 -2.078 -1.984 -1.864 -1.783 -1.674 -1.554 -1.467 -1.366 -1.234 -1.030 -0.876 -0.677 -0.536 -0.327 -0.155 -0.076 0.043 0.088 0.131 0.064 -0.044 -0.195 -0.195 -2.015
6.25 630.96 -2.493 -2.405 -2.289 -2.212 -2.107 -1.993 -1.909 -1.811 -1.685 -1.485 -1.319 -1.087 -0.924 -0.678 -0.476 -0.383 -0.245 -0.187 -0.134 -0.201 -0.303 -0.449 -0.449 -2.438
6.25 794.33 -3.002 -2.920 -2.808 -2.734 -2.633 -2.525 -2.444 -2.351 -2.230 -2.030 -1.847 -1.570 -1.376 -1.080 -0.836 -0.725 -0.560 -0.484 -0.416 -0.483 -0.581 -0.722 -0.722 -2.931
6.25 1000.00 -3.628 -3.552 -3.444 -3.375 -3.278 -3.175 -3.097 -3.008 -2.893 -2.690 -2.482 -2.146 -1.910 -1.547 -1.247 -1.110 -0.909 -0.807 -0.722 -0.788 -0.881 -1.017 -1.017 -3.513
6.50 1.00 0.397 0.586 0.769 0.914 1.083 1.288 1.415 1.572 1.791 2.179 2.415 2.628 2.827 3.061 3.296 3.446 3.599 3.715 3.713 3.646 3.459 3.228 3.228 1.651
6.50 1.26 0.392 0.580 0.763 0.908 1.076 1.280 1.408 1.564 1.782 2.169 2.405 2.616 2.815 3.048 3.281 3.431 3.583 3.698 3.696 3.629 3.443 3.212 3.212 1.637
6.50 1.58 0.385 0.573 0.756 0.900 1.068 1.272 1.398 1.555 1.772 2.158 2.392 2.602 2.800 3.031 3.263 3.412 3.563 3.677 3.676 3.609 3.422 3.193 3.193 1.621
6.50 2.00 0.378 0.564 0.747 0.890 1.058 1.261 1.387 1.543 1.759 2.143 2.376 2.585 2.781 3.011 3.241 3.389 3.539 3.652 3.650 3.583 3.398 3.168 3.168 1.601
6.50 2.51 0.368 0.554 0.735 0.878 1.045 1.247 1.373 1.529 1.744 2.126 2.357 2.564 2.758 2.987 3.214 3.361 3.509 3.621 3.619 3.552 3.367 3.139 3.139 1.576
6.50 3.16 0.356 0.541 0.722 0.864 1.030 1.231 1.356 1.511 1.725 2.104 2.334 2.539 2.731 2.957 3.182 3.326 3.473 3.583 3.582 3.515 3.331 3.103 3.103 1.546
6.50 3.98 0.342 0.525 0.705 0.847 1.012 1.211 1.336 1.490 1.703 2.078 2.305 2.508 2.698 2.921 3.143 3.285 3.430 3.538 3.537 3.470 3.287 3.061 3.061 1.510
6.50 5.01 0.325 0.507 0.686 0.826 0.990 1.188 1.312 1.464 1.676 2.047 2.272 2.472 2.658 2.878 3.096 3.236 3.379 3.484 3.483 3.416 3.235 3.010 3.010 1.467
6.50 6.31 0.305 0.484 0.662 0.801 0.964 1.160 1.283 1.434 1.644 2.011 2.232 2.429 2.612 2.827 3.041 3.179 3.319 3.421 3.420 3.353 3.173 2.950 2.950 1.416
6.50 7.94 0.281 0.458 0.634 0.772 0.934 1.127 1.249 1.399 1.606 1.968 2.185 2.378 2.557 2.768 2.978 3.111 3.248 3.347 3.346 3.279 3.101 2.880 2.880 1.357
6.50 10.00 0.252 0.428 0.602 0.738 0.898 1.089 1.210 1.358 1.563 1.918 2.131 2.320 2.494 2.700 2.904 3.034 3.167 3.263 3.262 3.195 3.019 2.799 2.799 1.288
6.50 12.59 0.220 0.392 0.565 0.699 0.857 1.045 1.164 1.310 1.512 1.861 2.069 2.253 2.422 2.623 2.820 2.945 3.075 3.166 3.166 3.099 2.925 2.708 2.708 1.209
6.50 15.85 0.182 0.351 0.522 0.654 0.810 0.995 1.112 1.256 1.455 1.796 1.999 2.177 2.341 2.535 2.725 2.846 2.972 3.058 3.058 2.991 2.820 2.606 2.606 1.121
6.50 19.95 0.140 0.305 0.473 0.603 0.756 0.937 1.053 1.195 1.390 1.722 1.919 2.092 2.250 2.437 2.620 2.736 2.857 2.938 2.938 2.871 2.703 2.492 2.492 1.022
6.50 25.12 0.091 0.252 0.418 0.545 0.696 0.873 0.987 1.126 1.318 1.640 1.831 1.998 2.150 2.330 2.505 2.615 2.732 2.807 2.808 2.740 2.576 2.368 2.368 0.912
6.50 31.62 0.036 0.193 0.356 0.480 0.628 0.802 0.913 1.050 1.237 1.550 1.734 1.895 2.040 2.213 2.380 2.484 2.596 2.665 2.666 2.599 2.438 2.233 2.233 0.792
6.50 39.81 -0.026 0.127 0.286 0.408 0.553 0.722 0.831 0.964 1.147 1.450 1.627 1.782 1.920 2.086 2.244 2.342 2.449 2.513 2.514 2.447 2.290 2.089 2.089 0.662
6.50 50.12 -0.097 0.052 0.208 0.326 0.468 0.632 0.740 0.870 1.048 1.339 1.510 1.659 1.790 1.949 2.099 2.191 2.294 2.351 2.354 2.287 2.133 1.936 1.936 0.521
6.50 63.10 -0.176 -0.033 0.120 0.235 0.374 0.533 0.638 0.765 0.938 1.218 1.382 1.526 1.650 1.803 1.945 2.031 2.129 2.181 2.184 2.117 1.968 1.775 1.775 0.368
6.50 79.43 -0.267 -0.129 0.021 0.133 0.268 0.422 0.524 0.648 0.816 1.085 1.242 1.381 1.500 1.647 1.782 1.863 1.956 2.002 2.007 1.940 1.795 1.606 1.606 0.204
6.50 100.00 -0.370 -0.238 -0.091 0.017 0.148 0.297 0.397 0.517 0.679 0.937 1.088 1.224 1.337 1.480 1.609 1.685 1.775 1.815 1.822 1.755 1.614 1.430 1.430 0.027
6.50 125.89 -0.490 -0.363 -0.220 -0.116 0.012 0.156 0.253 0.369 0.526 0.773 0.919 1.052 1.162 1.302 1.427 1.497 1.585 1.621 1.630 1.563 1.427 1.247 1.247 -0.165
6.50 158.49 -0.630 -0.508 -0.369 -0.268 -0.144 -0.006 0.088 0.201 0.353 0.588 0.730 0.864 0.971 1.111 1.233 1.300 1.386 1.419 1.431 1.364 1.232 1.057 1.057 -0.373
6.50 199.53 -0.793 -0.677 -0.542 -0.445 -0.324 -0.192 -0.100 0.008 0.154 0.379 0.518 0.655 0.761 0.904 1.027 1.092 1.178 1.209 1.224 1.157 1.030 0.860 0.860 -0.601
6.50 251.19 -0.987 -0.877 -0.745 -0.652 -0.535 -0.408 -0.320 -0.215 -0.074 0.141 0.278 0.421 0.530 0.680 0.806 0.870 0.960 0.990 1.010 0.942 0.820 0.655 0.655 -0.853
6.50 316.23 -1.219 -1.114 -0.986 -0.897 -0.784 -0.663 -0.577 -0.476 -0.341 -0.135 0.003 0.157 0.271 0.433 0.568 0.634 0.729 0.760 0.786 0.719 0.601 0.441 0.441 -1.135
6.50 398.11 -1.497 -1.398 -1.275 -1.189 -1.080 -0.965 -0.882 -0.785 -0.656 -0.457 -0.316 -0.144 -0.021 0.160 0.308 0.379 0.483 0.519 0.552 0.485 0.372 0.216 0.216 -1.453
6.50 501.19 -1.836 -1.742 -1.622 -1.541 -1.436 -1.326 -1.247 -1.153 -1.030 -0.837 -0.688 -0.493 -0.354 -0.147 0.023 0.102 0.219 0.264 0.305 0.238 0.131 -0.021 -0.021 -1.816
6.50 630.96 -2.248 -2.161 -2.045 -1.967 -1.866 -1.763 -1.686 -1.596 -1.479 -1.289 -1.129 -0.900 -0.739 -0.495 -0.295 -0.203 -0.066 -0.009 0.044 -0.023 -0.126 -0.272 -0.272 -2.236
6.50 794.33 -2.754 -2.673 -2.561 -2.487 -2.390 -2.292 -2.218 -2.133 -2.022 -1.832 -1.654 -1.380 -1.189 -0.894 -0.652 -0.542 -0.379 -0.303 -0.236 -0.303 -0.401 -0.542 -0.542 -2.726
6.50 1000.00 -3.378 -3.303 -3.195 -3.125 -3.031 -2.940 -2.869 -2.787 -2.682 -2.489 -2.287 -1.953 -1.720 -1.359 -1.060 -0.924 -0.725 -0.623 -0.538 -0.605 -0.698 -0.835 -0.835 -3.305
6.75 1.00 0.574 0.760 0.942 1.086 1.250 1.442 1.562 1.710 1.917 2.290 2.517 2.722 2.914 3.141 3.368 3.514 3.661 3.773 3.771 3.703 3.518 3.289 3.289 1.746
6.75 1.26 0.570 0.755 0.937 1.080 1.244 1.435 1.555 1.703 1.910 2.281 2.508 2.712 2.903 3.129 3.355 3.500 3.647 3.758 3.756 3.688 3.503 3.275 3.275 1.734
6.75 1.58 0.564 0.749 0.930 1.073 1.236 1.427 1.547 1.694 1.901 2.271 2.496 2.699 2.890 3.114 3.338 3.483 3.629 3.739 3.737 3.670 3.485 3.257 3.257 1.719
6.75 2.00 0.557 0.741 0.922 1.064 1.227 1.418 1.537 1.684 1.889 2.258 2.482 2.683 2.873 3.096 3.319 3.462 3.607 3.716 3.714 3.647 3.463 3.235 3.235 1.701
6.75 2.51 0.548 0.732 0.912 1.054 1.216 1.406 1.524 1.671 1.875 2.242 2.464 2.664 2.852 3.074 3.294 3.436 3.580 3.688 3.686 3.618 3.435 3.208 3.208 1.678
6.75 3.16 0.538 0.720 0.900 1.041 1.202 1.391 1.509 1.655 1.858 2.222 2.443 2.641 2.827 3.046 3.265 3.405 3.548 3.654 3.652 3.584 3.402 3.176 3.176 1.651
6.75 3.98 0.525 0.706 0.885 1.025 1.186 1.373 1.491 1.635 1.838 2.199 2.417 2.613 2.797 3.014 3.229 3.367 3.508 3.612 3.610 3.543 3.362 3.137 3.137 1.618
6.75 5.01 0.510 0.689 0.867 1.006 1.166 1.352 1.468 1.612 1.813 2.170 2.387 2.580 2.761 2.974 3.186 3.322 3.462 3.563 3.561 3.494 3.314 3.090 3.090 1.579
6.75 6.31 0.491 0.669 0.846 0.984 1.142 1.326 1.442 1.585 1.784 2.137 2.350 2.540 2.718 2.928 3.136 3.269 3.406 3.505 3.503 3.436 3.257 3.035 3.035 1.532
6.75 7.94 0.469 0.645 0.820 0.957 1.114 1.296 1.411 1.552 1.749 2.097 2.307 2.493 2.668 2.873 3.077 3.207 3.341 3.437 3.435 3.368 3.191 2.970 2.970 1.477
6.75 10.00 0.443 0.617 0.791 0.925 1.081 1.261 1.374 1.514 1.709 2.051 2.256 2.439 2.609 2.810 3.008 3.134 3.265 3.358 3.356 3.289 3.114 2.895 2.895 1.413
6.75 12.59 0.413 0.584 0.756 0.889 1.043 1.220 1.332 1.470 1.662 1.997 2.198 2.376 2.542 2.737 2.929 3.052 3.179 3.267 3.266 3.199 3.026 2.810 2.810 1.340
6.75 15.85 0.378 0.546 0.716 0.847 0.999 1.172 1.283 1.419 1.608 1.936 2.132 2.305 2.465 2.655 2.840 2.958 3.082 3.165 3.164 3.097 2.927 2.713 2.713 1.256
6.75 19.95 0.338 0.503 0.670 0.799 0.948 1.119 1.228 1.361 1.547 1.867 2.057 2.225 2.379 2.562 2.741 2.854 2.973 3.052 3.051 2.984 2.816 2.606 2.606 1.162
6.75 25.12 0.292 0.453 0.618 0.744 0.891 1.058 1.165 1.296 1.478 1.789 1.973 2.135 2.283 2.460 2.631 2.739 2.853 2.927 2.926 2.859 2.695 2.487 2.487 1.058
6.75 31.62 0.240 0.397 0.559 0.683 0.827 0.989 1.095 1.223 1.401 1.702 1.880 2.036 2.178 2.348 2.511 2.613 2.723 2.790 2.791 2.724 2.563 2.359 2.359 0.943
6.75 39.81 0.181 0.333 0.492 0.613 0.754 0.913 1.016 1.141 1.315 1.606 1.778 1.928 2.063 2.225 2.381 2.477 2.582 2.644 2.645 2.578 2.421 2.220 2.220 0.818
6.75 50.12 0.113 0.261 0.417 0.535 0.673 0.827 0.928 1.050 1.219 1.499 1.664 1.809 1.938 2.093 2.241 2.331 2.432 2.488 2.490 2.422 2.269 2.072 2.072 0.681
6.75 63.10 0.037 0.179 0.332 0.447 0.582 0.731 0.829 0.948 1.112 1.382 1.540 1.680 1.802 1.952 2.091 2.176 2.272 2.322 2.325 2.258 2.109 1.916 1.916 0.533
6.75 79.43 -0.051 0.087 0.236 0.347 0.479 0.623 0.718 0.834 0.993 1.252 1.404 1.539 1.655 1.800 1.932 2.011 2.103 2.148 2.153 2.085 1.940 1.752 1.752 0.373
6.75 100.00 -0.152 -0.020 0.127 0.234 0.362 0.501 0.594 0.706 0.860 1.107 1.253 1.385 1.497 1.637 1.764 1.837 1.926 1.966 1.972 1.905 1.764 1.580 1.580 0.200
6.75 125.89 -0.269 -0.142 0.001 0.105 0.229 0.362 0.453 0.562 0.710 0.946 1.087 1.217 1.324 1.462 1.585 1.654 1.741 1.775 1.784 1.717 1.580 1.401 1.401 0.013
6.75 158.49 -0.406 -0.284 -0.145 -0.045 0.076 0.204 0.292 0.397 0.540 0.765 0.901 1.032 1.137 1.274 1.395 1.460 1.546 1.577 1.589 1.521 1.390 1.214 1.214 -0.192
6.75 199.53 -0.567 -0.451 -0.316 -0.219 -0.102 0.021 0.105 0.207 0.344 0.559 0.692 0.826 0.930 1.071 1.192 1.255 1.341 1.371 1.386 1.318 1.191 1.021 1.021 -0.417
6.75 251.19 -0.758 -0.648 -0.516 -0.423 -0.310 -0.193 -0.111 -0.014 0.118 0.323 0.455 0.595 0.702 0.850 0.974 1.037 1.126 1.155 1.174 1.107 0.985 0.819 0.819 -0.666
6.75 316.23 -0.987 -0.882 -0.755 -0.666 -0.556 -0.445 -0.366 -0.272 -0.146 0.050 0.183 0.334 0.446 0.606 0.739 0.804 0.898 0.929 0.954 0.887 0.769 0.608 0.608 -0.944
6.75 398.11 -1.263 -1.164 -1.041 -0.955 -0.849 -0.744 -0.668 -0.578 -0.458 -0.269 -0.132 0.036 0.158 0.336 0.483 0.552 0.655 0.691 0.723 0.656 0.543 0.387 0.387 -1.259
6.75 501.19 -1.599 -1.506 -1.386 -1.304 -1.202 -1.103 -1.030 -0.944 -0.830 -0.646 -0.502 -0.310 -0.173 0.032 0.200 0.278 0.395 0.438 0.479 0.412 0.304 0.153 0.153 -1.619
6.75 630.96 -2.009 -1.922 -1.806 -1.728 -1.630 -1.537 -1.466 -1.384 -1.276 -1.095 -0.940 -0.714 -0.555 -0.313 -0.115 -0.024 0.112 0.168 0.221 0.154 0.051 -0.096 -0.096 -2.036
6.75 794.33 -2.512 -2.431 -2.319 -2.245 -2.151 -2.064 -1.996 -1.918 -1.816 -1.636 -1.463 -1.192 -1.002 -0.710 -0.470 -0.360 -0.198 -0.123 -0.056 -0.123 -0.222 -0.363 -0.363 -2.523
6.75 1000.00 -3.134 -3.058 -2.950 -2.881 -2.790 -2.709 -2.644 -2.570 -2.473 -2.291 -2.093 -1.762 -1.531 -1.172 -0.875 -0.740 -0.541 -0.440 -0.356 -0.423 -0.516 -0.653 -0.653 -3.099
7.00 1.00 0.748 0.932 1.112 1.254 1.413 1.594 1.706 1.846 2.043 2.401 2.619 2.816 3.002 3.221 3.440 3.581 3.725 3.832 3.829 3.762 3.578 3.351 3.351 1.842
7.00 1.26 0.744 0.927 1.107 1.249 1.408 1.588 1.700 1.840 2.036 2.393 2.610 2.807 2.992 3.211 3.429 3.569 3.712 3.818 3.815 3.748 3.565 3.338 3.338 1.831
7.00 1.58 0.739 0.922 1.101 1.242 1.401 1.581 1.693 1.832 2.028 2.384 2.600 2.795 2.980 3.197 3.414 3.554 3.696 3.801 3.799 3.731 3.548 3.322 3.322 1.817
7.00 2.00 0.733 0.915 1.094 1.235 1.393 1.572 1.684 1.822 2.018 2.372 2.587 2.781 2.965 3.181 3.396 3.535 3.676 3.780 3.778 3.710 3.528 3.302 3.302 1.801
7.00 2.51 0.725 0.906 1.085 1.225 1.383 1.561 1.673 1.811 2.005 2.357 2.571 2.764 2.946 3.160 3.374 3.511 3.652 3.755 3.752 3.685 3.503 3.278 3.278 1.780
7.00 3.16 0.716 0.896 1.074 1.214 1.371 1.548 1.659 1.796 1.990 2.340 2.552 2.743 2.923 3.136 3.347 3.483 3.622 3.724 3.721 3.654 3.473 3.248 3.248 1.756
7.00 3.98 0.704 0.883 1.061 1.199 1.356 1.532 1.642 1.779 1.971 2.318 2.529 2.718 2.896 3.106 3.315 3.449 3.586 3.686 3.684 3.616 3.436 3.213 3.213 1.726
7.00 5.01 0.690 0.868 1.044 1.182 1.338 1.512 1.622 1.758 1.949 2.292 2.500 2.687 2.863 3.070 3.276 3.408 3.543 3.641 3.639 3.571 3.392 3.170 3.170 1.690
7.00 6.31 0.673 0.849 1.025 1.162 1.316 1.489 1.598 1.732 1.922 2.262 2.467 2.651 2.823 3.027 3.229 3.359 3.492 3.587 3.585 3.517 3.340 3.119 3.119 1.647
7.00 7.94 0.653 0.828 1.002 1.137 1.290 1.461 1.569 1.702 1.890 2.225 2.427 2.608 2.777 2.977 3.174 3.301 3.432 3.524 3.522 3.454 3.279 3.059 3.059 1.596
7.00 10.00 0.630 0.802 0.974 1.108 1.260 1.428 1.535 1.667 1.852 2.182 2.380 2.557 2.722 2.918 3.111 3.234 3.362 3.451 3.449 3.381 3.207 2.990 2.990 1.536
7.00 12.59 0.602 0.771 0.942 1.074 1.224 1.390 1.496 1.626 1.809 2.132 2.326 2.499 2.659 2.850 3.037 3.157 3.281 3.366 3.365 3.297 3.125 2.910 2.910 1.468
7.00 15.85 0.569 0.736 0.905 1.035 1.183 1.346 1.450 1.579 1.758 2.075 2.264 2.432 2.587 2.772 2.954 3.069 3.190 3.270 3.269 3.201 3.032 2.819 2.819 1.390
7.00 19.95 0.532 0.695 0.862 0.990 1.136 1.296 1.398 1.524 1.701 2.009 2.193 2.356 2.506 2.685 2.860 2.970 3.087 3.163 3.162 3.094 2.928 2.718 2.718 1.301
7.00 25.12 0.489 0.648 0.813 0.938 1.082 1.238 1.339 1.462 1.635 1.935 2.114 2.271 2.415 2.588 2.755 2.860 2.973 3.044 3.043 2.976 2.812 2.605 2.605 1.202
7.00 31.62 0.439 0.595 0.757 0.880 1.020 1.173 1.272 1.393 1.562 1.852 2.025 2.176 2.315 2.481 2.640 2.740 2.848 2.914 2.914 2.846 2.686 2.482 2.482 1.092
7.00 39.81 0.383 0.534 0.693 0.813 0.951 1.100 1.196 1.314 1.479 1.760 1.926 2.072 2.204 2.363 2.515 2.609 2.713 2.773 2.774 2.706 2.549 2.349 2.349 0.972
7.00 50.12 0.318 0.465 0.621 0.738 0.873 1.017 1.111 1.227 1.387 1.657 1.817 1.957 2.083 2.236 2.380 2.469 2.568 2.622 2.624 2.556 2.403 2.207 2.207 0.840
7.00 63.10 0.244 0.386 0.539 0.653 0.785 0.924 1.016 1.128 1.284 1.543 1.696 1.832 1.952 2.098 2.235 2.318 2.413 2.462 2.464 2.397 2.248 2.055 2.055 0.696
7.00 79.43 0.159 0.296 0.446 0.557 0.685 0.819 0.909 1.017 1.168 1.417 1.563 1.695 1.809 1.951 2.081 2.158 2.249 2.293 2.297 2.229 2.084 1.896 1.896 0.541
7.00 100.00 0.061 0.193 0.339 0.446 0.571 0.700 0.787 0.893 1.038 1.276 1.417 1.545 1.654 1.792 1.916 1.989 2.077 2.115 2.121 2.053 1.912 1.728 1.728 0.372
7.00 125.89 -0.054 0.073 0.216 0.320 0.441 0.565 0.649 0.751 0.891 1.118 1.253 1.380 1.485 1.621 1.741 1.809 1.895 1.929 1.937 1.869 1.733 1.553 1.553 0.188
7.00 158.49 -0.188 -0.066 0.073 0.173 0.291 0.409 0.491 0.589 0.724 0.940 1.071 1.198 1.301 1.437 1.555 1.619 1.704 1.734 1.745 1.678 1.546 1.371 1.371 -0.013
7.00 199.53 -0.346 -0.230 -0.095 0.002 0.116 0.229 0.307 0.402 0.531 0.737 0.865 0.996 1.098 1.237 1.355 1.418 1.503 1.531 1.546 1.478 1.351 1.180 1.180 -0.234
7.00 251.19 -0.534 -0.424 -0.293 -0.200 -0.090 0.017 0.094 0.184 0.308 0.504 0.631 0.768 0.873 1.019 1.141 1.203 1.291 1.319 1.338 1.270 1.148 0.982 0.982 -0.479
7.00 316.23 -0.761 -0.656 -0.529 -0.440 -0.333 -0.232 -0.158 -0.072 0.046 0.234 0.362 0.510 0.620 0.778 0.909 0.973 1.066 1.096 1.121 1.053 0.936 0.774 0.774 -0.755
7.00 398.11 -1.034 -0.936 -0.812 -0.727 -0.624 -0.528 -0.458 -0.375 -0.263 -0.083 0.049 0.214 0.334 0.511 0.656 0.724 0.827 0.861 0.893 0.825 0.712 0.556 0.556 -1.066
7.00 501.19 -1.367 -1.274 -1.154 -1.073 -0.974 -0.885 -0.817 -0.738 -0.632 -0.457 -0.318 -0.128 0.007 0.210 0.376 0.453 0.569 0.612 0.652 0.585 0.477 0.325 0.325 -1.423
7.00 630.96 -1.775 -1.688 -1.572 -1.494 -1.399 -1.315 -1.251 -1.176 -1.075 -0.904 -0.753 -0.530 -0.373 -0.132 0.064 0.154 0.289 0.345 0.397 0.329 0.226 0.079 0.079 -1.837
7.00 794.33 -2.276 -2.195 -2.083 -2.009 -1.918 -1.840 -1.778 -1.707 -1.612 -1.441 -1.273 -1.005 -0.817 -0.527 -0.288 -0.180 -0.018 0.057 0.123 0.055 -0.043 -0.185 -0.185 -2.321
7.00 1000.00 -2.895 -2.819 -2.711 -2.642 -2.555 -2.482 -2.424 -2.356 -2.268 -2.094 -1.900 -1.573 -1.343 -0.986 -0.691 -0.556 -0.358 -0.258 -0.174 -0.242 -0.335 -0.472 -0.472 -2.895
7.25 1.00 0.918 1.100 1.278 1.418 1.573 1.743 1.849 1.981 2.168 2.511 2.721 2.911 3.090 3.302 3.514 3.650 3.789 3.891 3.888 3.820 3.639 3.413 3.413 1.938
7.25 1.26 0.915 1.096 1.274 1.414 1.569 1.738 1.844 1.975 2.162 2.505 2.713 2.902 3.081 3.292 3.503 3.639 3.777 3.879 3.876 3.808 3.627 3.402 3.402 1.928
7.25 1.58 0.910 1.091 1.269 1.408 1.563 1.731 1.837 1.968 2.154 2.496 2.704 2.892 3.070 3.280 3.490 3.625 3.763 3.864 3.861 3.793 3.612 3.387 3.387 1.916
7.25 2.00 0.905 1.085 1.262 1.401 1.555 1.723 1.829 1.959 2.145 2.485 2.692 2.879 3.056 3.265 3.474 3.608 3.745 3.845 3.842 3.774 3.593 3.369 3.369 1.901
7.25 2.51 0.898 1.077 1.254 1.393 1.546 1.714 1.819 1.949 2.134 2.472 2.678 2.864 3.040 3.247 3.454 3.587 3.723 3.822 3.819 3.751 3.571 3.348 3.348 1.882
7.25 3.16 0.889 1.068 1.244 1.382 1.535 1.702 1.806 1.936 2.120 2.456 2.660 2.845 3.019 3.225 3.429 3.561 3.696 3.794 3.791 3.723 3.543 3.321 3.321 1.860
7.25 3.98 0.879 1.056 1.232 1.370 1.522 1.687 1.791 1.920 2.103 2.437 2.639 2.822 2.994 3.198 3.400 3.530 3.663 3.759 3.756 3.689 3.510 3.288 3.288 1.833
7.25 5.01 0.866 1.042 1.217 1.354 1.505 1.669 1.773 1.901 2.083 2.413 2.613 2.794 2.964 3.165 3.364 3.492 3.624 3.718 3.715 3.647 3.470 3.249 3.249 1.800
7.25 6.31 0.851 1.026 1.200 1.335 1.485 1.648 1.751 1.878 2.058 2.385 2.583 2.760 2.927 3.125 3.321 3.447 3.577 3.669 3.666 3.598 3.422 3.203 3.203 1.760
7.25 7.94 0.833 1.006 1.179 1.313 1.462 1.623 1.724 1.850 2.029 2.351 2.546 2.720 2.885 3.079 3.271 3.394 3.522 3.611 3.608 3.540 3.366 3.148 3.148 1.713
7.25 10.00 0.811 0.982 1.153 1.286 1.434 1.592 1.693 1.818 1.994 2.311 2.503 2.674 2.834 3.024 3.212 3.332 3.457 3.542 3.540 3.472 3.299 3.083 3.083 1.658
7.25 12.59 0.786 0.954 1.124 1.255 1.401 1.557 1.657 1.779 1.953 2.265 2.452 2.619 2.775 2.961 3.143 3.260 3.381 3.464 3.461 3.394 3.223 3.009 3.009 1.595
7.25 15.85 0.756 0.921 1.089 1.218 1.363 1.516 1.614 1.735 1.906 2.211 2.394 2.557 2.708 2.889 3.065 3.177 3.296 3.374 3.372 3.304 3.136 2.924 2.924 1.521
7.25 19.95 0.721 0.883 1.049 1.176 1.318 1.468 1.565 1.684 1.852 2.150 2.327 2.485 2.632 2.806 2.976 3.084 3.199 3.272 3.271 3.203 3.037 2.828 2.828 1.438
7.25 25.12 0.680 0.839 1.002 1.127 1.267 1.414 1.509 1.626 1.790 2.079 2.252 2.405 2.545 2.714 2.877 2.980 3.091 3.160 3.158 3.091 2.928 2.721 2.721 1.344
7.25 31.62 0.633 0.788 0.949 1.072 1.209 1.352 1.445 1.559 1.720 2.000 2.167 2.314 2.449 2.612 2.768 2.866 2.972 3.035 3.035 2.967 2.807 2.604 2.604 1.239
7.25 39.81 0.580 0.730 0.889 1.008 1.143 1.282 1.373 1.484 1.641 1.912 2.072 2.214 2.343 2.499 2.648 2.740 2.842 2.900 2.901 2.833 2.676 2.477 2.477 1.123
7.25 50.12 0.518 0.664 0.820 0.936 1.068 1.203 1.291 1.400 1.552 1.813 1.967 2.104 2.227 2.377 2.518 2.605 2.702 2.755 2.756 2.688 2.536 2.339 2.339 0.996
7.25 63.10 0.446 0.588 0.741 0.854 0.983 1.113 1.199 1.305 1.452 1.703 1.850 1.983 2.100 2.244 2.378 2.459 2.553 2.600 2.602 2.534 2.385 2.193 2.193 0.858
7.25 79.43 0.364 0.501 0.650 0.761 0.886 1.011 1.095 1.197 1.340 1.580 1.721 1.850 1.961 2.100 2.228 2.304 2.394 2.436 2.439 2.371 2.226 2.038 2.038 0.707
7.25 100.00 0.269 0.400 0.546 0.653 0.775 0.895 0.977 1.075 1.213 1.442 1.578 1.703 1.810 1.945 2.067 2.139 2.225 2.262 2.268 2.200 2.059 1.875 1.875 0.542
7.25 125.89 0.157 0.284 0.426 0.529 0.648 0.763 0.841 0.937 1.069 1.287 1.418 1.542 1.645 1.778 1.896 1.963 2.048 2.081 2.088 2.020 1.884 1.704 1.704 0.362
7.25 158.49 0.026 0.147 0.286 0.386 0.500 0.610 0.686 0.778 0.905 1.112 1.239 1.363 1.464 1.597 1.713 1.777 1.861 1.890 1.901 1.833 1.701 1.526 1.526 0.165
7.25 199.53 -0.130 -0.014 0.121 0.217 0.328 0.432 0.506 0.594 0.715 0.912 1.036 1.164 1.264 1.401 1.518 1.579 1.663 1.691 1.705 1.637 1.510 1.339 1.339 -0.053
7.25 251.19 -0.316 -0.206 -0.075 0.018 0.126 0.224 0.294 0.379 0.495 0.683 0.805 0.939 1.042 1.186 1.307 1.368 1.455 1.482 1.500 1.433 1.310 1.144 1.144 -0.295
7.25 316.23 -0.540 -0.435 -0.308 -0.219 -0.115 -0.023 0.045 0.126 0.236 0.415 0.539 0.684 0.793 0.949 1.078 1.141 1.233 1.263 1.287 1.219 1.101 0.940 0.940 -0.567
7.25 398.11 -0.811 -0.712 -0.588 -0.503 -0.403 -0.317 -0.252 -0.175 -0.070 0.102 0.229 0.391 0.510 0.684 0.827 0.895 0.997 1.031 1.062 0.994 0.881 0.725 0.725 -0.875
7.25 501.19 -1.141 -1.048 -0.928 -0.847 -0.751 -0.670 -0.608 -0.535 -0.436 -0.270 -0.135 0.051 0.185 0.386 0.551 0.627 0.742 0.784 0.825 0.757 0.649 0.497 0.497 -1.229
7.25 630.96 -1.546 -1.459 -1.343 -1.266 -1.174 -1.098 -1.039 -0.970 -0.877 -0.714 -0.568 -0.347 -0.192 0.047 0.242 0.331 0.466 0.520 0.572 0.504 0.401 0.254 0.254 -1.640
7.25 794.33 -2.045 -1.963 -1.851 -1.778 -1.690 -1.620 -1.564 -1.499 -1.412 -1.249 -1.085 -0.820 -0.633 -0.345 -0.108 -0.000 0.161 0.235 0.301 0.233 0.134 -0.008 -0.008 -2.121
7.25 1000.00 -2.661 -2.586 -2.478 -2.408 -2.324 -2.260 -2.207 -2.146 -2.065 -1.899 -1.710 -1.385 -1.157 -0.801 -0.507 -0.374 -0.177 -0.077 0.006 -0.061 -0.155 -0.292 -0.292 -2.691
7.50 1.00 1.085 1.264 1.441 1.580 1.730 1.890 1.989 2.114 2.292 2.622 2.823 3.005 3.179 3.384 3.588 3.719 3.854 3.952 3.948 3.880 3.700 3.477 3.477 2.034
7.50 1.26 1.082 1.261 1.437 1.576 1.726 1.885 1.985 2.109 2.286 2.616 2.816 2.998 3.171 3.375 3.578 3.709 3.844 3.941 3.937 3.869 3.689 3.466 3.466 2.025
7.50 1.58 1.078 1.256 1.433 1.571 1.721 1.879 1.979 2.102 2.280 2.608 2.808 2.989 3.161 3.364 3.566 3.697 3.830 3.927 3.923 3.855 3.676 3.453 3.453 2.014
7.50 2.00 1.073 1.251 1.427 1.564 1.714 1.872 1.971 2.095 2.271 2.598 2.797 2.977 3.148 3.351 3.551 3.681 3.814 3.910 3.906 3.838 3.659 3.437 3.437 2.001
7.50 2.51 1.067 1.244 1.420 1.557 1.706 1.863 1.962 2.085 2.261 2.587 2.784 2.963 3.133 3.334 3.533 3.662 3.794 3.889 3.885 3.817 3.639 3.417 3.417 1.984
7.50 3.16 1.060 1.236 1.411 1.547 1.696 1.853 1.951 2.073 2.249 2.572 2.768 2.946 3.114 3.314 3.511 3.639 3.770 3.863 3.860 3.792 3.614 3.393 3.393 1.964
7.50 3.98 1.050 1.225 1.400 1.536 1.684 1.839 1.937 2.059 2.233 2.554 2.749 2.925 3.092 3.289 3.484 3.610 3.740 3.832 3.829 3.761 3.584 3.364 3.364 1.939
7.50 5.01 1.039 1.213 1.387 1.522 1.669 1.823 1.921 2.042 2.215 2.533 2.726 2.900 3.064 3.259 3.452 3.576 3.704 3.794 3.791 3.723 3.547 3.328 3.328 1.909
7.50 6.31 1.025 1.198 1.370 1.505 1.651 1.804 1.901 2.021 2.192 2.507 2.697 2.869 3.031 3.223 3.413 3.535 3.661 3.749 3.746 3.678 3.503 3.285 3.285 1.873
7.50 7.94 1.009 1.179 1.351 1.484 1.629 1.781 1.876 1.995 2.165 2.476 2.664 2.832 2.991 3.180 3.366 3.486 3.610 3.696 3.693 3.625 3.451 3.235 3.235 1.830
7.50 10.00 0.989 1.157 1.328 1.460 1.604 1.753 1.848 1.965 2.133 2.439 2.624 2.789 2.945 3.130 3.312 3.428 3.550 3.633 3.630 3.562 3.390 3.175 3.175 1.779
7.50 12.59 0.965 1.132 1.300 1.431 1.573 1.720 1.814 1.930 2.096 2.396 2.577 2.738 2.890 3.071 3.248 3.361 3.480 3.559 3.557 3.489 3.319 3.106 3.106 1.720
7.50 15.85 0.937 1.101 1.268 1.397 1.537 1.682 1.774 1.889 2.052 2.346 2.522 2.680 2.827 3.003 3.175 3.284 3.400 3.475 3.473 3.405 3.237 3.026 3.026 1.651
7.50 19.95 0.905 1.066 1.231 1.357 1.496 1.637 1.728 1.841 2.001 2.288 2.459 2.613 2.755 2.926 3.091 3.197 3.309 3.380 3.378 3.310 3.145 2.936 2.936 1.572
7.50 25.12 0.867 1.024 1.187 1.311 1.448 1.586 1.675 1.785 1.942 2.222 2.388 2.536 2.674 2.838 2.998 3.098 3.207 3.273 3.272 3.204 3.041 2.836 2.836 1.484
7.50 31.62 0.822 0.976 1.137 1.259 1.393 1.527 1.615 1.722 1.876 2.146 2.307 2.451 2.582 2.741 2.894 2.989 3.094 3.155 3.154 3.086 2.927 2.724 2.724 1.384
7.50 39.81 0.771 0.921 1.079 1.198 1.330 1.460 1.546 1.651 1.800 2.062 2.217 2.355 2.481 2.634 2.779 2.869 2.970 3.026 3.026 2.958 2.802 2.602 2.602 1.273
7.50 50.12 0.712 0.858 1.013 1.129 1.258 1.384 1.467 1.570 1.715 1.966 2.115 2.249 2.369 2.516 2.654 2.739 2.835 2.886 2.887 2.819 2.666 2.470 2.470 1.151
7.50 63.10 0.643 0.785 0.937 1.050 1.176 1.297 1.378 1.478 1.618 1.860 2.003 2.131 2.246 2.387 2.519 2.599 2.691 2.736 2.738 2.670 2.521 2.329 2.329 1.017
7.50 79.43 0.564 0.700 0.849 0.959 1.082 1.199 1.277 1.373 1.509 1.740 1.877 2.002 2.111 2.248 2.373 2.448 2.536 2.577 2.580 2.512 2.367 2.179 2.179 0.870
7.50 100.00 0.471 0.602 0.748 0.855 0.974 1.086 1.162 1.255 1.385 1.606 1.737 1.860 1.964 2.097 2.217 2.287 2.372 2.408 2.413 2.345 2.205 2.021 2.021 0.710
7.50 125.89 0.362 0.488 0.630 0.734 0.850 0.956 1.030 1.119 1.245 1.454 1.581 1.702 1.803 1.934 2.050 2.116 2.199 2.231 2.238 2.170 2.034 1.854 1.854 0.534
7.50 158.49 0.233 0.354 0.493 0.593 0.705 0.806 0.877 0.963 1.083 1.283 1.405 1.527 1.625 1.757 1.871 1.934 2.016 2.045 2.055 1.987 1.855 1.680 1.680 0.341
7.50 199.53 0.080 0.196 0.331 0.427 0.536 0.631 0.700 0.782 0.897 1.086 1.206 1.330 1.429 1.564 1.679 1.739 1.822 1.849 1.863 1.795 1.667 1.497 1.497 0.127
7.50 251.19 -0.103 0.007 0.138 0.231 0.336 0.426 0.491 0.570 0.679 0.859 0.977 1.109 1.210 1.352 1.471 1.531 1.617 1.644 1.662 1.594 1.471 1.305 1.305 -0.112
7.50 316.23 -0.324 -0.220 -0.092 -0.004 0.097 0.182 0.245 0.320 0.423 0.595 0.714 0.857 0.964 1.118 1.245 1.308 1.399 1.428 1.451 1.384 1.266 1.104 1.104 -0.380
7.50 398.11 -0.593 -0.494 -0.370 -0.285 -0.188 -0.109 -0.049 0.022 0.120 0.284 0.407 0.567 0.684 0.857 0.998 1.065 1.166 1.199 1.230 1.162 1.049 0.892 0.892 -0.686
7.50 501.19 -0.920 -0.828 -0.708 -0.627 -0.533 -0.460 -0.403 -0.336 -0.244 -0.085 0.045 0.230 0.362 0.562 0.725 0.800 0.915 0.956 0.996 0.928 0.819 0.668 0.668 -1.036
7.50 630.96 -1.323 -1.236 -1.120 -1.043 -0.953 -0.886 -0.831 -0.768 -0.682 -0.526 -0.384 -0.166 -0.012 0.225 0.418 0.507 0.641 0.695 0.746 0.678 0.574 0.428 0.428 -1.444
7.50 794.33 -1.819 -1.738 -1.626 -1.552 -1.467 -1.405 -1.354 -1.295 -1.214 -1.059 -0.899 -0.636 -0.451 -0.164 0.072 0.179 0.339 0.412 0.477 0.410 0.311 0.169 0.169 -1.922
7.50 1000.00 -2.433 -2.357 -2.249 -2.180 -2.098 -2.042 -1.994 -1.939 -1.864 -1.706 -1.521 -1.198 -0.971 -0.618 -0.325 -0.192 0.004 0.103 0.186 0.118 0.024 -0.113 -0.113 -2.490
7.75 1.00 1.151 1.328 1.503 1.640 1.787 1.936 2.030 2.148 2.317 2.635 2.828 3.003 3.170 3.368 3.564 3.691 3.822 3.915 3.911 3.843 3.665 3.443 3.443 2.025
7.75 1.26 1.148 1.324 1.500 1.636 1.783 1.932 2.026 2.143 2.313 2.629 2.822 2.996 3.163 3.360 3.556 3.682 3.813 3.905 3.901 3.833 3.655 3.434 3.434 2.017
7.75 1.58 1.145 1.321 1.495 1.632 1.778 1.927 2.021 2.138 2.307 2.622 2.814 2.988 3.154 3.350 3.545 3.671 3.801 3.893 3.889 3.821 3.643 3.422 3.422 2.007
7.75 2.00 1.140 1.316 1.490 1.626 1.772 1.921 2.014 2.131 2.299 2.613 2.804 2.978 3.143 3.338 3.532 3.657 3.786 3.877 3.873 3.805 3.628 3.408 3.408 1.995
7.75 2.51 1.135 1.309 1.484 1.619 1.765 1.913 2.006 2.122 2.290 2.603 2.793 2.965 3.129 3.323 3.516 3.640 3.768 3.859 3.855 3.786 3.610 3.390 3.390 1.980
7.75 3.16 1.128 1.302 1.476 1.611 1.756 1.903 1.996 2.112 2.279 2.590 2.778 2.950 3.112 3.305 3.496 3.619 3.746 3.835 3.831 3.763 3.587 3.368 3.368 1.961
7.75 3.98 1.120 1.293 1.466 1.600 1.745 1.891 1.983 2.099 2.265 2.574 2.761 2.930 3.091 3.282 3.471 3.593 3.719 3.807 3.803 3.735 3.560 3.341 3.341 1.939
7.75 5.01 1.110 1.281 1.454 1.588 1.731 1.876 1.968 2.083 2.248 2.554 2.739 2.907 3.066 3.255 3.442 3.562 3.686 3.773 3.769 3.701 3.526 3.309 3.309 1.911
7.75 6.31 1.097 1.268 1.439 1.572 1.715 1.859 1.950 2.063 2.227 2.530 2.714 2.879 3.036 3.222 3.406 3.524 3.647 3.731 3.728 3.660 3.486 3.270 3.270 1.878
7.75 7.94 1.082 1.251 1.421 1.553 1.695 1.837 1.928 2.040 2.202 2.502 2.682 2.846 3.000 3.183 3.363 3.479 3.600 3.682 3.679 3.610 3.438 3.223 3.223 1.839
7.75 10.00 1.064 1.231 1.400 1.531 1.671 1.812 1.901 2.013 2.173 2.468 2.646 2.806 2.957 3.136 3.313 3.426 3.545 3.624 3.621 3.552 3.382 3.168 3.168 1.792
7.75 12.59 1.042 1.207 1.375 1.504 1.643 1.781 1.870 1.980 2.138 2.428 2.602 2.759 2.906 3.082 3.254 3.364 3.480 3.556 3.553 3.485 3.316 3.104 3.104 1.737
7.75 15.85 1.016 1.179 1.345 1.473 1.610 1.746 1.833 1.941 2.097 2.381 2.551 2.704 2.847 3.018 3.185 3.292 3.405 3.477 3.475 3.407 3.240 3.030 3.030 1.673
7.75 19.95 0.986 1.146 1.310 1.436 1.571 1.704 1.790 1.896 2.049 2.326 2.492 2.641 2.780 2.946 3.107 3.210 3.319 3.388 3.385 3.317 3.153 2.946 2.946 1.599
7.75 25.12 0.950 1.107 1.269 1.393 1.526 1.656 1.740 1.844 1.994 2.264 2.425 2.569 2.703 2.863 3.019 3.117 3.223 3.287 3.285 3.217 3.055 2.850 2.850 1.515
7.75 31.62 0.909 1.062 1.222 1.343 1.474 1.600 1.683 1.785 1.931 2.192 2.348 2.487 2.616 2.771 2.920 3.013 3.116 3.175 3.174 3.105 2.947 2.745 2.745 1.420
7.75 39.81 0.860 1.009 1.167 1.285 1.414 1.536 1.617 1.716 1.859 2.111 2.261 2.396 2.519 2.668 2.810 2.899 2.997 3.052 3.051 2.983 2.827 2.629 2.629 1.315
7.75 50.12 0.804 0.949 1.103 1.219 1.345 1.463 1.542 1.638 1.777 2.020 2.164 2.294 2.411 2.555 2.690 2.774 2.868 2.918 2.918 2.850 2.698 2.502 2.502 1.197
7.75 63.10 0.738 0.878 1.030 1.143 1.266 1.380 1.456 1.550 1.683 1.917 2.055 2.181 2.293 2.431 2.560 2.638 2.729 2.773 2.774 2.706 2.558 2.366 2.366 1.068
7.75 79.43 0.661 0.797 0.945 1.055 1.175 1.284 1.358 1.449 1.578 1.801 1.933 2.055 2.162 2.296 2.419 2.492 2.580 2.619 2.622 2.553 2.409 2.221 2.221 0.926
7.75 100.00 0.571 0.702 0.847 0.953 1.070 1.174 1.246 1.333 1.457 1.670 1.797 1.917 2.019 2.150 2.267 2.336 2.420 2.455 2.460 2.391 2.251 2.067 2.067 0.770
7.75 125.89 0.464 0.590 0.732 0.835 0.948 1.048 1.117 1.201 1.320 1.522 1.644 1.762 1.861 1.990 2.104 2.169 2.251 2.282 2.289 2.221 2.085 1.905 1.905 0.598
7.75 158.49 0.338 0.459 0.597 0.697 0.807 0.901 0.967 1.047 1.161 1.353 1.472 1.591 1.687 1.817 1.929 1.991 2.072 2.100 2.110 2.041 1.910 1.735 1.735 0.409
7.75 199.53 0.188 0.303 0.438 0.534 0.640 0.729 0.792 0.869 0.978 1.160 1.275 1.398 1.495 1.628 1.741 1.800 1.883 1.908 1.922 1.853 1.726 1.556 1.556 0.198
7.75 251.19 0.007 0.117 0.248 0.340 0.443 0.526 0.587 0.660 0.763 0.936 1.050 1.180 1.279 1.419 1.536 1.596 1.681 1.707 1.724 1.656 1.534 1.368 1.368 -0.037
7.75 316.23 -0.212 -0.107 0.020 0.109 0.207 0.285 0.343 0.412 0.510 0.674 0.790 0.931 1.036 1.188 1.314 1.376 1.467 1.494 1.517 1.449 1.331 1.170 1.170 -0.302
7.75 398.11 -0.477 -0.379 -0.255 -0.170 -0.076 -0.004 0.052 0.117 0.209 0.366 0.486 0.643 0.758 0.930 1.070 1.136 1.237 1.269 1.299 1.231 1.118 0.961 0.961 -0.604
7.75 501.19 -0.803 -0.710 -0.590 -0.509 -0.418 -0.352 -0.300 -0.238 -0.152 0.000 0.127 0.309 0.440 0.638 0.799 0.874 0.988 1.029 1.068 1.000 0.891 0.740 0.740 -0.952
7.75 630.96 -1.202 -1.116 -1.000 -0.922 -0.835 -0.775 -0.725 -0.667 -0.587 -0.439 -0.300 -0.084 0.068 0.304 0.496 0.584 0.717 0.771 0.821 0.753 0.650 0.503 0.503 -1.356
7.75 794.33 -1.696 -1.615 -1.503 -1.429 -1.346 -1.292 -1.245 -1.191 -1.117 -0.968 -0.812 -0.551 -0.368 -0.082 0.152 0.259 0.419 0.491 0.556 0.488 0.389 0.247 0.247 -1.832
7.75 1000.00 -2.307 -2.232 -2.124 -2.054 -1.975 -1.926 -1.883 -1.833 -1.764 -1.613 -1.431 -1.111 -0.885 -0.533 -0.242 -0.110 0.086 0.185 0.267 0.199 0.105 -0.032 -0.032 -2.396
8.00 1.00 1.214 1.388 1.562 1.697 1.840 1.980 2.069 2.180 2.342 2.647 2.833 3.001 3.162 3.353 3.542 3.664 3.791 3.879 3.875 3.807 3.630 3.411 3.411 2.016
8.00 1.26 1.211 1.385 1.558 1.693 1.836 1.977 2.066 2.176 2.338 2.642 2.827 2.995 3.156 3.346 3.534 3.656 3.782 3.870 3.866 3.798 3.622 3.402 3.402 2.009
8.00 1.58 1.208 1.381 1.555 1.689 1.832 1.972 2.061 2.171 2.332 2.636 2.820 2.988 3.148 3.337 3.525 3.646 3.772 3.859 3.855 3.787 3.611 3.392 3.392 2.000
8.00 2.00 1.204 1.377 1.550 1.684 1.827 1.966 2.055 2.165 2.326 2.628 2.812 2.978 3.137 3.326 3.513 3.634 3.759 3.845 3.841 3.773 3.597 3.379 3.379 1.989
8.00 2.51 1.199 1.372 1.544 1.678 1.820 1.959 2.047 2.157 2.317 2.618 2.801 2.967 3.125 3.313 3.498 3.618 3.742 3.828 3.824 3.756 3.581 3.363 3.363 1.976
8.00 3.16 1.193 1.365 1.537 1.671 1.812 1.950 2.038 2.148 2.307 2.607 2.788 2.953 3.110 3.296 3.480 3.599 3.722 3.807 3.803 3.735 3.561 3.343 3.343 1.959
8.00 3.98 1.186 1.356 1.528 1.661 1.802 1.940 2.027 2.136 2.295 2.592 2.772 2.936 3.091 3.276 3.458 3.576 3.698 3.782 3.777 3.709 3.536 3.319 3.319 1.938
8.00 5.01 1.177 1.346 1.517 1.650 1.790 1.926 2.013 2.122 2.279 2.574 2.753 2.914 3.068 3.251 3.431 3.547 3.668 3.750 3.746 3.678 3.505 3.289 3.289 1.913
8.00 6.31 1.165 1.334 1.504 1.635 1.775 1.910 1.997 2.104 2.260 2.552 2.729 2.889 3.040 3.221 3.398 3.513 3.632 3.713 3.709 3.641 3.469 3.254 3.254 1.883
8.00 7.94 1.152 1.319 1.488 1.618 1.757 1.891 1.976 2.083 2.238 2.526 2.700 2.858 3.007 3.185 3.359 3.471 3.589 3.668 3.664 3.595 3.425 3.211 3.211 1.847
8.00 10.00 1.135 1.300 1.468 1.598 1.735 1.867 1.952 2.057 2.211 2.495 2.666 2.821 2.967 3.142 3.313 3.422 3.538 3.614 3.610 3.542 3.373 3.160 3.160 1.804
8.00 12.59 1.115 1.278 1.445 1.573 1.709 1.839 1.923 2.027 2.178 2.458 2.626 2.778 2.920 3.091 3.258 3.365 3.478 3.551 3.547 3.479 3.312 3.101 3.101 1.753
8.00 15.85 1.091 1.252 1.417 1.544 1.678 1.806 1.889 1.991 2.140 2.414 2.579 2.727 2.866 3.032 3.194 3.298 3.408 3.478 3.475 3.407 3.241 3.032 3.032 1.693
8.00 19.95 1.063 1.221 1.385 1.509 1.642 1.767 1.848 1.949 2.095 2.363 2.523 2.667 2.802 2.964 3.121 3.221 3.328 3.394 3.391 3.323 3.160 2.953 2.953 1.624
8.00 25.12 1.029 1.185 1.346 1.469 1.599 1.722 1.801 1.900 2.043 2.304 2.460 2.600 2.730 2.887 3.038 3.134 3.237 3.299 3.297 3.229 3.068 2.864 2.864 1.545
8.00 31.62 0.990 1.142 1.301 1.422 1.550 1.669 1.747 1.844 1.983 2.236 2.387 2.522 2.647 2.799 2.944 3.035 3.136 3.193 3.191 3.123 2.965 2.764 2.764 1.455
8.00 39.81 0.944 1.092 1.249 1.367 1.493 1.608 1.684 1.778 1.914 2.159 2.304 2.435 2.555 2.701 2.840 2.926 3.023 3.076 3.074 3.006 2.851 2.653 2.653 1.354
8.00 50.12 0.890 1.034 1.188 1.304 1.427 1.538 1.612 1.704 1.836 2.071 2.211 2.337 2.452 2.593 2.725 2.807 2.900 2.947 2.947 2.879 2.727 2.532 2.532 1.242
8.00 63.10 0.827 0.967 1.118 1.230 1.351 1.458 1.530 1.618 1.746 1.972 2.106 2.228 2.338 2.474 2.600 2.676 2.765 2.808 2.809 2.741 2.593 2.402 2.402 1.117
8.00 79.43 0.752 0.888 1.036 1.145 1.263 1.365 1.435 1.520 1.644 1.859 1.988 2.107 2.211 2.343 2.463 2.535 2.621 2.659 2.661 2.593 2.449 2.262 2.262 0.980
8.00 100.00 0.665 0.795 0.940 1.047 1.161 1.258 1.326 1.408 1.526 1.732 1.855 1.972 2.072 2.201 2.316 2.384 2.467 2.500 2.504 2.436 2.296 2.112 2.112 0.828
8.00 125.89 0.561 0.687 0.828 0.931 1.042 1.135 1.199 1.278 1.392 1.587 1.706 1.821 1.918 2.045 2.157 2.221 2.302 2.332 2.338 2.270 2.134 1.955 1.955 0.660
8.00 158.49 0.438 0.558 0.696 0.796 0.903 0.991 1.053 1.128 1.236 1.422 1.536 1.653 1.748 1.876 1.986 2.047 2.127 2.154 2.163 2.095 1.963 1.788 1.788 0.475
8.00 199.53 0.290 0.405 0.540 0.636 0.739 0.821 0.881 0.953 1.056 1.231 1.343 1.463 1.559 1.690 1.801 1.860 1.941 1.966 1.979 1.911 1.784 1.613 1.613 0.268
8.00 251.19 0.112 0.221 0.352 0.445 0.545 0.621 0.678 0.747 0.844 1.010 1.121 1.248 1.346 1.485 1.600 1.659 1.744 1.769 1.786 1.718 1.595 1.429 1.429 0.037
8.00 316.23 -0.104 -0.000 0.127 0.216 0.312 0.383 0.437 0.502 0.594 0.752 0.864 1.002 1.106 1.257 1.381 1.442 1.533 1.559 1.582 1.514 1.396 1.235 1.235 -0.225
8.00 398.11 -0.368 -0.269 -0.146 -0.061 0.032 0.097 0.148 0.209 0.296 0.446 0.563 0.718 0.832 1.002 1.141 1.206 1.306 1.337 1.367 1.299 1.186 1.029 1.029 -0.524
8.00 501.19 -0.690 -0.598 -0.478 -0.397 -0.308 -0.248 -0.200 -0.143 -0.062 0.083 0.207 0.387 0.516 0.713 0.873 0.947 1.060 1.100 1.139 1.071 0.963 0.811 0.811 -0.868
8.00 630.96 -1.087 -1.001 -0.885 -0.808 -0.723 -0.669 -0.623 -0.570 -0.495 -0.353 -0.217 -0.004 0.148 0.382 0.573 0.660 0.793 0.846 0.896 0.828 0.724 0.577 0.577 -1.270
8.00 794.33 -1.578 -1.497 -1.385 -1.312 -1.231 -1.183 -1.140 -1.091 -1.022 -0.880 -0.727 -0.468 -0.286 -0.001 0.232 0.337 0.497 0.569 0.633 0.565 0.466 0.324 0.324 -1.742
8.00 1000.00 -2.187 -2.112 -2.004 -1.934 -1.857 -1.815 -1.775 -1.730 -1.667 -1.522 -1.343 -1.025 -0.801 -0.449 -0.160 -0.028 0.168 0.265 0.348 0.279 0.185 0.048 0.048 -2.303
