AbrahamsonEtAl2015SInter as implemented in OpenQuake, distance is rrup. Log10 hazard values in cgs units
          14 31 23 : nmag, ndist, nperiod
          0.020 0.050 0.075 0.100 0.150 0.200 0.250 0.300 0.400 0.500 0.600 0.750 1.000 1.500 2.000 2.500 3.000 4.000 5.000 6.000 7.500 10.000 PGA PGV
          0.740 0.740 0.740 0.740 0.740 0.740 0.740 0.740 0.740 0.740 0.740 0.740 0.740 0.740 0.740 0.740 0.740 0.740 0.740 0.740 0.740 0.740 0.740 0.740
4.75 1.00 1.971 2.105 2.303 2.385 2.416 2.319 2.201 2.081 1.916 1.712 1.532 1.343 1.121 0.701 0.369 0.113 -0.100 -0.447 -0.685 -0.865 -1.085 -1.325 1.971 0.142
4.75 1.26 1.945 2.078 2.275 2.358 2.389 2.292 2.175 2.055 1.892 1.690 1.511 1.323 1.102 0.684 0.353 0.097 -0.115 -0.462 -0.699 -0.878 -1.098 -1.337 1.945 0.126
4.75 1.58 1.914 2.046 2.242 2.324 2.355 2.259 2.144 2.025 1.864 1.663 1.486 1.299 1.079 0.662 0.332 0.078 -0.134 -0.479 -0.716 -0.894 -1.113 -1.351 1.914 0.107
4.75 2.00 1.876 2.007 2.202 2.284 2.315 2.220 2.106 1.989 1.829 1.631 1.456 1.271 1.052 0.637 0.308 0.055 -0.157 -0.501 -0.737 -0.914 -1.132 -1.368 1.876 0.084
4.75 2.51 1.831 1.960 2.154 2.237 2.268 2.174 2.061 1.945 1.788 1.592 1.420 1.237 1.019 0.606 0.279 0.027 -0.184 -0.526 -0.761 -0.937 -1.154 -1.389 1.831 0.056
4.75 3.16 1.778 1.906 2.098 2.181 2.212 2.119 2.007 1.894 1.740 1.547 1.377 1.197 0.981 0.570 0.245 -0.006 -0.216 -0.556 -0.789 -0.964 -1.180 -1.413 1.778 0.023
4.75 3.98 1.716 1.843 2.033 2.115 2.146 2.056 1.945 1.835 1.684 1.495 1.328 1.150 0.936 0.528 0.206 -0.044 -0.253 -0.591 -0.823 -0.996 -1.211 -1.441 1.716 -0.015
4.75 5.01 1.646 1.770 1.958 2.040 2.071 1.983 1.874 1.766 1.620 1.434 1.271 1.096 0.884 0.480 0.160 -0.088 -0.296 -0.631 -0.862 -1.033 -1.246 -1.474 1.646 -0.059
4.75 6.31 1.565 1.687 1.873 1.955 1.986 1.900 1.793 1.688 1.546 1.365 1.205 1.034 0.825 0.425 0.107 -0.139 -0.345 -0.677 -0.906 -1.075 -1.286 -1.512 1.565 -0.110
4.75 7.94 1.475 1.594 1.778 1.860 1.890 1.807 1.702 1.601 1.464 1.287 1.132 0.964 0.759 0.362 0.048 -0.196 -0.400 -0.730 -0.956 -1.123 -1.332 -1.554 1.475 -0.167
4.75 10.00 1.376 1.492 1.672 1.755 1.785 1.703 1.602 1.505 1.372 1.201 1.051 0.887 0.684 0.293 -0.018 -0.260 -0.462 -0.788 -1.012 -1.177 -1.383 -1.602 1.376 -0.230
4.75 12.59 1.267 1.380 1.557 1.639 1.669 1.591 1.492 1.399 1.272 1.106 0.961 0.801 0.602 0.216 -0.091 -0.330 -0.531 -0.853 -1.074 -1.236 -1.440 -1.655 1.267 -0.301
4.75 15.85 1.150 1.259 1.432 1.515 1.545 1.469 1.373 1.284 1.163 1.003 0.863 0.708 0.513 0.131 -0.171 -0.407 -0.606 -0.923 -1.142 -1.302 -1.503 -1.713 1.150 -0.377
4.75 19.95 1.024 1.130 1.299 1.382 1.411 1.339 1.245 1.161 1.046 0.892 0.758 0.607 0.416 0.040 -0.258 -0.492 -0.688 -1.001 -1.217 -1.373 -1.571 -1.777 1.024 -0.461
4.75 25.12 0.891 0.993 1.159 1.241 1.270 1.201 1.110 1.030 0.922 0.773 0.645 0.499 0.311 -0.059 -0.352 -0.583 -0.776 -1.085 -1.297 -1.451 -1.646 -1.847 0.891 -0.551
4.75 31.62 0.752 0.849 1.011 1.093 1.122 1.055 0.967 0.892 0.790 0.646 0.524 0.382 0.198 -0.166 -0.454 -0.681 -0.872 -1.176 -1.385 -1.535 -1.727 -1.923 0.752 -0.648
4.75 39.81 0.606 0.699 0.857 0.939 0.967 0.903 0.818 0.747 0.650 0.513 0.396 0.258 0.078 -0.280 -0.563 -0.787 -0.976 -1.274 -1.480 -1.627 -1.815 -2.006 0.606 -0.752
4.75 50.12 0.455 0.544 0.697 0.779 0.806 0.745 0.662 0.596 0.504 0.371 0.259 0.125 -0.052 -0.403 -0.681 -0.901 -1.087 -1.381 -1.583 -1.726 -1.911 -2.097 0.455 -0.864
4.75 63.10 0.299 0.383 0.532 0.614 0.640 0.581 0.500 0.437 0.350 0.221 0.114 -0.017 -0.191 -0.537 -0.809 -1.025 -1.209 -1.497 -1.695 -1.835 -2.016 -2.196 0.299 -0.985
4.75 79.43 0.138 0.218 0.362 0.444 0.468 0.411 0.331 0.272 0.189 0.062 -0.040 -0.170 -0.341 -0.681 -0.948 -1.161 -1.341 -1.623 -1.818 -1.954 -2.132 -2.307 0.138 -1.116
4.75 100.00 -0.028 0.047 0.187 0.269 0.292 0.236 0.155 0.100 0.018 -0.107 -0.206 -0.336 -0.505 -0.839 -1.100 -1.309 -1.487 -1.763 -1.955 -2.087 -2.260 -2.430 -0.028 -1.259
4.75 125.89 -0.198 -0.128 0.007 0.089 0.109 0.054 -0.027 -0.081 -0.162 -0.287 -0.385 -0.516 -0.684 -1.013 -1.268 -1.474 -1.648 -1.919 -2.107 -2.235 -2.405 -2.569 -0.198 -1.416
4.75 158.49 -0.374 -0.308 -0.179 -0.096 -0.079 -0.135 -0.219 -0.271 -0.354 -0.483 -0.580 -0.715 -0.882 -1.206 -1.456 -1.658 -1.830 -2.095 -2.278 -2.403 -2.569 -2.727 -0.374 -1.591
4.75 199.53 -0.555 -0.495 -0.370 -0.287 -0.273 -0.332 -0.420 -0.473 -0.560 -0.695 -0.795 -0.936 -1.105 -1.424 -1.668 -1.866 -2.035 -2.294 -2.474 -2.595 -2.757 -2.909 -0.555 -1.787
4.75 251.19 -0.743 -0.688 -0.568 -0.485 -0.476 -0.539 -0.632 -0.687 -0.783 -0.928 -1.033 -1.184 -1.356 -1.673 -1.911 -2.104 -2.271 -2.524 -2.700 -2.817 -2.975 -3.121 -0.743 -2.011
4.75 316.23 -0.939 -0.888 -0.773 -0.691 -0.687 -0.756 -0.859 -0.919 -1.027 -1.188 -1.301 -1.467 -1.644 -1.959 -2.191 -2.381 -2.544 -2.792 -2.964 -3.077 -3.231 -3.371 -0.939 -2.268
4.75 398.11 -1.144 -1.099 -0.988 -0.906 -0.909 -0.988 -1.104 -1.171 -1.298 -1.481 -1.606 -1.793 -1.978 -2.292 -2.518 -2.704 -2.864 -3.106 -3.274 -3.383 -3.533 -3.668 -1.144 -2.567
4.75 501.19 -1.361 -1.321 -1.215 -1.133 -1.145 -1.237 -1.370 -1.448 -1.601 -1.815 -1.958 -2.172 -2.370 -2.684 -2.905 -3.087 -3.244 -3.480 -3.644 -3.749 -3.895 -4.024 -1.361 -2.919
4.75 630.96 -1.593 -1.557 -1.457 -1.374 -1.398 -1.507 -1.663 -1.757 -1.945 -2.200 -2.368 -2.619 -2.834 -3.152 -3.366 -3.544 -3.698 -3.928 -4.088 -4.190 -4.332 -4.455 -1.593 -3.337
4.75 794.33 -1.842 -1.811 -1.716 -1.633 -1.671 -1.804 -1.991 -2.106 -2.341 -2.649 -2.851 -3.151 -3.388 -3.712 -3.921 -4.095 -4.246 -4.470 -4.626 -4.723 -4.862 -4.979 -1.842 -3.838
4.75 1000.00 -2.114 -2.088 -1.997 -1.915 -1.970 -2.134 -2.361 -2.504 -2.801 -3.180 -3.426 -3.790 -4.057 -4.391 -4.593 -4.763 -4.912 -5.130 -5.282 -5.375 -5.509 -5.620 -2.114 -4.445
5.00 1.00 2.044 2.176 2.373 2.455 2.487 2.393 2.278 2.161 2.003 1.806 1.632 1.450 1.238 0.835 0.519 0.276 0.073 -0.256 -0.488 -0.666 -0.885 -1.123 2.044 0.259
5.00 1.26 2.020 2.152 2.348 2.430 2.462 2.368 2.255 2.139 1.981 1.786 1.613 1.432 1.221 0.820 0.504 0.261 0.059 -0.269 -0.501 -0.678 -0.896 -1.133 2.020 0.245
5.00 1.58 1.992 2.122 2.317 2.400 2.432 2.339 2.226 2.111 1.956 1.761 1.590 1.411 1.200 0.800 0.486 0.244 0.042 -0.285 -0.516 -0.692 -0.910 -1.146 1.992 0.227
5.00 2.00 1.957 2.087 2.281 2.364 2.396 2.303 2.191 2.078 1.924 1.732 1.563 1.385 1.175 0.777 0.464 0.223 0.022 -0.305 -0.534 -0.710 -0.927 -1.161 1.957 0.206
5.00 2.51 1.916 2.044 2.237 2.320 2.352 2.261 2.150 2.038 1.887 1.697 1.530 1.354 1.146 0.750 0.438 0.197 -0.002 -0.328 -0.556 -0.731 -0.947 -1.180 1.916 0.180
5.00 3.16 1.868 1.994 2.186 2.268 2.300 2.210 2.101 1.991 1.843 1.655 1.491 1.317 1.110 0.717 0.406 0.167 -0.032 -0.355 -0.582 -0.756 -0.971 -1.202 1.868 0.150
5.00 3.98 1.811 1.936 2.125 2.208 2.240 2.152 2.044 1.936 1.791 1.607 1.445 1.274 1.069 0.678 0.370 0.132 -0.066 -0.387 -0.613 -0.785 -0.998 -1.228 1.811 0.115
5.00 5.01 1.745 1.868 2.056 2.138 2.170 2.084 1.977 1.873 1.731 1.550 1.392 1.223 1.021 0.633 0.327 0.091 -0.105 -0.424 -0.649 -0.819 -1.031 -1.258 1.745 0.074
5.00 6.31 1.670 1.791 1.976 2.059 2.090 2.006 1.902 1.800 1.662 1.486 1.331 1.166 0.966 0.582 0.279 0.044 -0.151 -0.467 -0.690 -0.858 -1.068 -1.292 1.670 0.027
5.00 7.94 1.585 1.704 1.886 1.969 2.000 1.918 1.816 1.718 1.585 1.413 1.262 1.101 0.904 0.523 0.223 -0.009 -0.203 -0.516 -0.736 -0.903 -1.111 -1.332 1.585 -0.026
5.00 10.00 1.491 1.607 1.786 1.869 1.900 1.821 1.721 1.626 1.498 1.331 1.185 1.027 0.834 0.458 0.161 -0.069 -0.261 -0.571 -0.789 -0.953 -1.159 -1.376 1.491 -0.086
5.00 12.59 1.388 1.500 1.677 1.760 1.791 1.714 1.617 1.526 1.403 1.241 1.100 0.946 0.756 0.385 0.092 -0.135 -0.326 -0.632 -0.847 -1.009 -1.212 -1.426 1.388 -0.153
5.00 15.85 1.276 1.385 1.558 1.641 1.671 1.597 1.503 1.416 1.299 1.143 1.007 0.858 0.670 0.304 0.016 -0.209 -0.397 -0.699 -0.912 -1.071 -1.272 -1.481 1.276 -0.226
5.00 19.95 1.155 1.260 1.430 1.513 1.543 1.472 1.381 1.298 1.187 1.036 0.906 0.761 0.577 0.217 -0.068 -0.289 -0.475 -0.773 -0.983 -1.139 -1.337 -1.542 1.155 -0.306
5.00 25.12 1.027 1.128 1.294 1.377 1.407 1.339 1.250 1.172 1.067 0.922 0.797 0.656 0.477 0.122 -0.158 -0.377 -0.561 -0.853 -1.060 -1.214 -1.408 -1.609 1.027 -0.392
5.00 31.62 0.892 0.989 1.151 1.234 1.263 1.198 1.112 1.038 0.939 0.799 0.680 0.544 0.368 0.019 -0.256 -0.472 -0.653 -0.941 -1.145 -1.295 -1.486 -1.682 0.892 -0.486
5.00 39.81 0.751 0.844 1.001 1.084 1.113 1.050 0.967 0.898 0.804 0.669 0.556 0.423 0.251 -0.092 -0.362 -0.574 -0.753 -1.036 -1.236 -1.383 -1.571 -1.762 0.751 -0.587
5.00 50.12 0.604 0.692 0.846 0.928 0.956 0.896 0.815 0.750 0.661 0.531 0.423 0.294 0.125 -0.212 -0.477 -0.685 -0.862 -1.139 -1.336 -1.479 -1.664 -1.849 0.604 -0.696
5.00 63.10 0.451 0.536 0.684 0.767 0.794 0.736 0.656 0.595 0.511 0.385 0.281 0.155 -0.011 -0.342 -0.601 -0.806 -0.980 -1.252 -1.446 -1.585 -1.766 -1.946 0.451 -0.814
5.00 79.43 0.294 0.374 0.518 0.601 0.626 0.570 0.491 0.434 0.353 0.230 0.130 0.005 -0.158 -0.483 -0.737 -0.939 -1.109 -1.376 -1.566 -1.702 -1.879 -2.054 0.294 -0.942
5.00 100.00 0.132 0.207 0.346 0.429 0.452 0.398 0.319 0.264 0.186 0.064 -0.033 -0.158 -0.319 -0.638 -0.886 -1.084 -1.252 -1.513 -1.699 -1.832 -2.005 -2.174 0.132 -1.082
5.00 125.89 -0.036 0.035 0.170 0.252 0.273 0.219 0.139 0.087 0.009 -0.114 -0.209 -0.335 -0.495 -0.809 -1.052 -1.246 -1.411 -1.666 -1.849 -1.977 -2.147 -2.310 -0.036 -1.237
5.00 158.49 -0.208 -0.143 -0.013 0.070 0.088 0.033 -0.049 -0.100 -0.180 -0.306 -0.401 -0.531 -0.691 -1.000 -1.237 -1.427 -1.589 -1.839 -2.018 -2.142 -2.308 -2.466 -0.208 -1.409
5.00 199.53 -0.387 -0.326 -0.201 -0.118 -0.103 -0.161 -0.247 -0.299 -0.383 -0.515 -0.612 -0.749 -0.910 -1.215 -1.446 -1.633 -1.792 -2.036 -2.211 -2.331 -2.493 -2.645 -0.387 -1.603
5.00 251.19 -0.572 -0.516 -0.396 -0.313 -0.303 -0.365 -0.457 -0.511 -0.604 -0.746 -0.848 -0.995 -1.159 -1.461 -1.686 -1.868 -2.025 -2.263 -2.434 -2.551 -2.709 -2.855 -0.572 -1.824
5.00 316.23 -0.765 -0.714 -0.598 -0.516 -0.511 -0.579 -0.681 -0.739 -0.845 -1.003 -1.113 -1.275 -1.445 -1.744 -1.964 -2.142 -2.296 -2.528 -2.695 -2.808 -2.962 -3.102 -0.765 -2.079
5.00 398.11 -0.968 -0.922 -0.811 -0.728 -0.731 -0.808 -0.923 -0.988 -1.113 -1.293 -1.416 -1.598 -1.776 -2.075 -2.288 -2.463 -2.613 -2.840 -3.003 -3.112 -3.262 -3.397 -0.968 -2.375
5.00 501.19 -1.182 -1.141 -1.035 -0.952 -0.964 -1.054 -1.186 -1.263 -1.413 -1.624 -1.765 -1.975 -2.165 -2.465 -2.672 -2.843 -2.991 -3.211 -3.370 -3.475 -3.621 -3.750 -1.182 -2.725
5.00 630.96 -1.411 -1.374 -1.274 -1.191 -1.214 -1.322 -1.477 -1.569 -1.755 -2.007 -2.172 -2.419 -2.626 -2.929 -3.131 -3.297 -3.442 -3.657 -3.812 -3.913 -4.055 -4.178 -1.411 -3.141
5.00 794.33 -1.657 -1.626 -1.530 -1.447 -1.484 -1.616 -1.802 -1.915 -2.148 -2.453 -2.652 -2.948 -3.178 -3.487 -3.683 -3.846 -3.987 -4.196 -4.347 -4.444 -4.583 -4.699 -1.657 -3.640
5.00 1000.00 -1.926 -1.900 -1.809 -1.726 -1.781 -1.944 -2.169 -2.311 -2.605 -2.981 -3.225 -3.585 -3.844 -4.163 -4.353 -4.512 -4.650 -4.853 -5.000 -5.093 -5.228 -5.339 -1.926 -4.244
5.25 1.00 2.117 2.248 2.443 2.526 2.559 2.467 2.355 2.242 2.090 1.899 1.732 1.557 1.354 0.969 0.667 0.436 0.244 -0.069 -0.295 -0.471 -0.689 -0.924 2.117 0.374
5.25 1.26 2.096 2.226 2.420 2.503 2.536 2.445 2.334 2.222 2.071 1.881 1.715 1.541 1.339 0.954 0.653 0.423 0.231 -0.081 -0.306 -0.482 -0.699 -0.933 2.096 0.361
5.25 1.58 2.070 2.199 2.393 2.476 2.509 2.418 2.308 2.197 2.047 1.859 1.694 1.522 1.320 0.937 0.637 0.407 0.216 -0.095 -0.320 -0.495 -0.711 -0.945 2.070 0.346
5.25 2.00 2.038 2.167 2.359 2.442 2.475 2.386 2.276 2.166 2.019 1.832 1.669 1.498 1.298 0.916 0.617 0.388 0.197 -0.113 -0.336 -0.511 -0.726 -0.959 2.038 0.326
5.25 2.51 2.001 2.128 2.319 2.403 2.435 2.347 2.239 2.130 1.985 1.800 1.639 1.470 1.270 0.891 0.593 0.365 0.175 -0.133 -0.356 -0.530 -0.744 -0.975 2.001 0.303
5.25 3.16 1.956 2.082 2.272 2.355 2.388 2.301 2.194 2.087 1.944 1.762 1.603 1.436 1.238 0.861 0.565 0.338 0.149 -0.158 -0.380 -0.552 -0.766 -0.995 1.956 0.276
5.25 3.98 1.904 2.028 2.216 2.300 2.332 2.246 2.141 2.036 1.896 1.718 1.561 1.396 1.200 0.825 0.531 0.305 0.117 -0.188 -0.408 -0.579 -0.791 -1.019 1.904 0.243
5.25 5.01 1.843 1.965 2.152 2.235 2.267 2.183 2.079 1.977 1.841 1.665 1.512 1.350 1.156 0.784 0.492 0.268 0.081 -0.222 -0.441 -0.610 -0.821 -1.046 1.843 0.206
5.25 6.31 1.773 1.893 2.077 2.161 2.193 2.111 2.009 1.910 1.777 1.605 1.455 1.296 1.105 0.736 0.447 0.224 0.039 -0.262 -0.479 -0.646 -0.855 -1.078 1.773 0.162
5.25 7.94 1.694 1.811 1.993 2.076 2.109 2.029 1.929 1.833 1.704 1.537 1.391 1.235 1.046 0.681 0.395 0.174 -0.010 -0.307 -0.522 -0.688 -0.895 -1.115 1.694 0.112
5.25 10.00 1.605 1.720 1.899 1.982 2.014 1.937 1.839 1.746 1.623 1.460 1.318 1.166 0.980 0.620 0.337 0.118 -0.064 -0.358 -0.571 -0.735 -0.940 -1.156 1.605 0.056
5.25 12.59 1.507 1.619 1.795 1.878 1.910 1.835 1.740 1.651 1.532 1.375 1.238 1.089 0.907 0.551 0.271 0.055 -0.125 -0.416 -0.626 -0.787 -0.990 -1.203 1.507 -0.007
5.25 15.85 1.400 1.509 1.682 1.765 1.796 1.724 1.631 1.546 1.433 1.281 1.149 1.005 0.826 0.474 0.199 -0.014 -0.193 -0.480 -0.687 -0.846 -1.046 -1.255 1.400 -0.077
5.25 19.95 1.285 1.390 1.559 1.642 1.673 1.604 1.514 1.433 1.326 1.179 1.052 0.912 0.737 0.391 0.119 -0.091 -0.268 -0.550 -0.755 -0.911 -1.108 -1.312 1.285 -0.153
5.25 25.12 1.161 1.263 1.428 1.512 1.542 1.476 1.388 1.312 1.210 1.069 0.948 0.812 0.640 0.299 0.033 -0.175 -0.349 -0.627 -0.829 -0.982 -1.176 -1.376 1.161 -0.236
5.25 31.62 1.031 1.128 1.290 1.373 1.403 1.339 1.255 1.183 1.087 0.951 0.835 0.703 0.535 0.200 -0.062 -0.266 -0.438 -0.711 -0.910 -1.060 -1.250 -1.446 1.031 -0.327
5.25 39.81 0.894 0.987 1.145 1.228 1.257 1.196 1.114 1.046 0.956 0.825 0.714 0.586 0.421 0.093 -0.164 -0.366 -0.535 -0.803 -0.999 -1.145 -1.332 -1.523 0.894 -0.424
5.25 50.12 0.751 0.840 0.993 1.076 1.105 1.046 0.966 0.903 0.817 0.690 0.585 0.460 0.299 -0.024 -0.276 -0.474 -0.640 -0.903 -1.095 -1.238 -1.422 -1.608 0.751 -0.530
5.25 63.10 0.602 0.687 0.836 0.919 0.946 0.890 0.811 0.752 0.670 0.548 0.447 0.325 0.166 -0.151 -0.397 -0.591 -0.756 -1.013 -1.202 -1.341 -1.522 -1.702 0.602 -0.645
5.25 79.43 0.449 0.528 0.673 0.756 0.782 0.727 0.649 0.594 0.516 0.396 0.299 0.178 0.022 -0.289 -0.530 -0.720 -0.882 -1.134 -1.319 -1.455 -1.632 -1.806 0.449 -0.771
5.25 100.00 0.290 0.365 0.505 0.588 0.612 0.558 0.481 0.428 0.352 0.233 0.139 0.019 -0.135 -0.441 -0.676 -0.863 -1.022 -1.268 -1.450 -1.582 -1.755 -1.924 0.290 -0.908
5.25 125.89 0.126 0.196 0.331 0.415 0.436 0.383 0.304 0.254 0.178 0.058 -0.034 -0.156 -0.309 -0.609 -0.839 -1.022 -1.178 -1.419 -1.596 -1.724 -1.894 -2.057 0.126 -1.060
5.25 158.49 -0.044 0.022 0.152 0.236 0.255 0.200 0.119 0.069 -0.008 -0.131 -0.223 -0.348 -0.501 -0.797 -1.021 -1.200 -1.353 -1.588 -1.762 -1.887 -2.052 -2.210 -0.044 -1.230
5.25 199.53 -0.219 -0.158 -0.033 0.051 0.066 0.009 -0.076 -0.126 -0.208 -0.337 -0.432 -0.564 -0.718 -1.009 -1.228 -1.403 -1.553 -1.783 -1.953 -2.073 -2.235 -2.387 -0.219 -1.421
5.25 251.19 -0.402 -0.345 -0.225 -0.141 -0.130 -0.191 -0.283 -0.335 -0.426 -0.565 -0.664 -0.807 -0.964 -1.252 -1.465 -1.636 -1.783 -2.007 -2.173 -2.290 -2.448 -2.594 -0.402 -1.640
5.25 316.23 -0.592 -0.540 -0.425 -0.341 -0.336 -0.403 -0.504 -0.561 -0.664 -0.820 -0.927 -1.084 -1.247 -1.533 -1.739 -1.907 -2.051 -2.269 -2.431 -2.544 -2.698 -2.839 -0.592 -1.892
5.25 398.11 -0.792 -0.745 -0.634 -0.551 -0.553 -0.630 -0.743 -0.807 -0.929 -1.107 -1.226 -1.404 -1.575 -1.861 -2.062 -2.225 -2.367 -2.579 -2.737 -2.846 -2.996 -3.130 -0.792 -2.186
5.25 501.19 -1.003 -0.962 -0.856 -0.773 -0.783 -0.873 -1.004 -1.079 -1.227 -1.435 -1.573 -1.779 -1.962 -2.248 -2.443 -2.603 -2.741 -2.947 -3.102 -3.207 -3.353 -3.481 -1.003 -2.534
5.25 630.96 -1.229 -1.193 -1.092 -1.008 -1.030 -1.138 -1.292 -1.383 -1.566 -1.815 -1.977 -2.220 -2.420 -2.710 -2.899 -3.055 -3.190 -3.390 -3.541 -3.642 -3.784 -3.907 -1.229 -2.947
5.25 794.33 -1.473 -1.442 -1.345 -1.262 -1.298 -1.429 -1.614 -1.726 -1.956 -2.259 -2.455 -2.747 -2.969 -3.265 -3.449 -3.600 -3.733 -3.927 -4.073 -4.171 -4.309 -4.426 -1.473 -3.444
5.25 1000.00 -1.740 -1.713 -1.622 -1.539 -1.593 -1.754 -1.979 -2.120 -2.411 -2.785 -3.026 -3.381 -3.633 -3.939 -4.116 -4.264 -4.393 -4.582 -4.724 -4.817 -4.951 -5.062 -1.740 -4.046
5.50 1.00 2.191 2.320 2.513 2.597 2.630 2.541 2.433 2.323 2.177 1.993 1.831 1.664 1.470 1.100 0.812 0.593 0.411 0.114 -0.105 -0.280 -0.496 -0.729 2.191 0.489
5.50 1.26 2.171 2.300 2.493 2.576 2.610 2.521 2.413 2.305 2.160 1.976 1.816 1.649 1.456 1.088 0.800 0.582 0.400 0.104 -0.115 -0.289 -0.505 -0.737 2.171 0.477
5.50 1.58 2.148 2.276 2.468 2.551 2.585 2.497 2.390 2.282 2.139 1.957 1.797 1.632 1.439 1.072 0.786 0.567 0.386 0.091 -0.128 -0.301 -0.516 -0.748 2.148 0.463
5.50 2.00 2.119 2.246 2.438 2.521 2.555 2.468 2.361 2.255 2.113 1.932 1.774 1.610 1.419 1.053 0.768 0.550 0.369 0.075 -0.142 -0.315 -0.530 -0.760 2.119 0.446
5.50 2.51 2.085 2.211 2.401 2.485 2.518 2.432 2.327 2.222 2.082 1.903 1.747 1.584 1.394 1.030 0.746 0.529 0.349 0.056 -0.160 -0.332 -0.546 -0.775 2.085 0.425
5.50 3.16 2.044 2.169 2.358 2.441 2.475 2.390 2.285 2.182 2.044 1.868 1.714 1.554 1.365 1.003 0.720 0.504 0.325 0.034 -0.182 -0.353 -0.565 -0.793 2.044 0.400
5.50 3.98 1.996 2.119 2.307 2.390 2.423 2.340 2.237 2.135 2.001 1.827 1.676 1.517 1.330 0.970 0.689 0.475 0.297 0.007 -0.208 -0.377 -0.588 -0.814 1.996 0.370
5.50 5.01 1.940 2.061 2.247 2.330 2.363 2.282 2.180 2.081 1.949 1.779 1.630 1.474 1.289 0.932 0.653 0.440 0.263 -0.024 -0.238 -0.406 -0.616 -0.839 1.940 0.335
5.50 6.31 1.875 1.994 2.178 2.261 2.294 2.214 2.114 2.018 1.890 1.723 1.578 1.425 1.241 0.888 0.612 0.400 0.224 -0.061 -0.273 -0.439 -0.647 -0.869 1.875 0.295
5.50 7.94 1.801 1.917 2.099 2.182 2.215 2.137 2.039 1.946 1.822 1.659 1.518 1.368 1.187 0.837 0.563 0.354 0.179 -0.103 -0.313 -0.478 -0.684 -0.902 1.801 0.248
5.50 10.00 1.717 1.831 2.010 2.094 2.126 2.051 1.955 1.865 1.745 1.587 1.450 1.303 1.125 0.779 0.509 0.301 0.128 -0.151 -0.359 -0.521 -0.726 -0.941 1.717 0.195
5.50 12.59 1.625 1.736 1.912 1.995 2.028 1.954 1.861 1.775 1.660 1.506 1.374 1.231 1.056 0.714 0.447 0.242 0.071 -0.205 -0.410 -0.571 -0.773 -0.985 1.625 0.136
5.50 15.85 1.523 1.631 1.804 1.887 1.919 1.849 1.758 1.675 1.566 1.417 1.289 1.150 0.979 0.641 0.379 0.176 0.006 -0.265 -0.468 -0.626 -0.825 -1.034 1.523 0.070
5.50 19.95 1.413 1.517 1.687 1.770 1.802 1.734 1.646 1.567 1.463 1.320 1.197 1.062 0.894 0.562 0.303 0.103 -0.064 -0.332 -0.532 -0.688 -0.884 -1.088 1.413 -0.003
5.50 25.12 1.294 1.395 1.561 1.644 1.676 1.611 1.525 1.450 1.352 1.214 1.096 0.965 0.801 0.474 0.220 0.023 -0.143 -0.406 -0.603 -0.755 -0.949 -1.149 1.294 -0.083
5.50 31.62 1.168 1.266 1.427 1.511 1.542 1.479 1.396 1.326 1.233 1.100 0.988 0.861 0.699 0.379 0.129 -0.065 -0.228 -0.487 -0.681 -0.830 -1.020 -1.215 1.168 -0.170
5.50 39.81 1.036 1.129 1.287 1.370 1.400 1.340 1.259 1.194 1.106 0.978 0.871 0.747 0.590 0.275 0.030 -0.161 -0.321 -0.575 -0.766 -0.912 -1.099 -1.289 1.036 -0.264
5.50 50.12 0.897 0.986 1.139 1.223 1.252 1.195 1.116 1.054 0.971 0.848 0.745 0.625 0.471 0.161 -0.078 -0.266 -0.424 -0.672 -0.860 -1.002 -1.186 -1.371 0.897 -0.367
5.50 63.10 0.752 0.837 0.986 1.069 1.098 1.042 0.965 0.907 0.828 0.708 0.611 0.493 0.341 0.038 -0.197 -0.380 -0.536 -0.779 -0.963 -1.102 -1.282 -1.462 0.752 -0.479
5.50 79.43 0.602 0.682 0.827 0.910 0.937 0.883 0.807 0.752 0.677 0.560 0.466 0.350 0.201 -0.097 -0.326 -0.506 -0.659 -0.897 -1.077 -1.213 -1.390 -1.564 0.602 -0.602
5.50 100.00 0.447 0.522 0.662 0.746 0.771 0.718 0.642 0.590 0.517 0.401 0.310 0.193 0.046 -0.246 -0.469 -0.646 -0.796 -1.028 -1.205 -1.337 -1.510 -1.679 0.447 -0.736
5.50 125.89 0.286 0.357 0.492 0.576 0.598 0.546 0.468 0.419 0.346 0.229 0.140 0.022 -0.124 -0.411 -0.629 -0.802 -0.949 -1.176 -1.349 -1.477 -1.646 -1.810 0.286 -0.886
5.50 158.49 0.120 0.186 0.316 0.400 0.420 0.366 0.287 0.238 0.163 0.043 -0.046 -0.168 -0.314 -0.596 -0.808 -0.977 -1.122 -1.343 -1.512 -1.637 -1.802 -1.960 0.120 -1.053
5.50 199.53 -0.053 0.009 0.135 0.218 0.234 0.178 0.095 0.046 -0.034 -0.161 -0.252 -0.380 -0.528 -0.806 -1.012 -1.178 -1.319 -1.535 -1.700 -1.820 -1.982 -2.134 -0.053 -1.242
5.50 251.19 -0.232 -0.176 -0.054 0.029 0.041 -0.019 -0.109 -0.161 -0.249 -0.386 -0.482 -0.620 -0.771 -1.046 -1.247 -1.408 -1.546 -1.756 -1.918 -2.034 -2.192 -2.338 -0.232 -1.458
5.50 316.23 -0.419 -0.368 -0.252 -0.168 -0.162 -0.228 -0.328 -0.384 -0.485 -0.637 -0.742 -0.895 -1.051 -1.324 -1.519 -1.676 -1.812 -2.016 -2.173 -2.286 -2.440 -2.580 -0.419 -1.708
5.50 398.11 -0.617 -0.570 -0.458 -0.375 -0.376 -0.452 -0.564 -0.627 -0.747 -0.922 -1.039 -1.213 -1.377 -1.649 -1.838 -1.992 -2.124 -2.322 -2.476 -2.585 -2.735 -2.870 -0.617 -2.000
5.50 501.19 -0.825 -0.784 -0.677 -0.594 -0.604 -0.692 -0.822 -0.896 -1.042 -1.247 -1.383 -1.584 -1.761 -2.034 -2.217 -2.367 -2.496 -2.689 -2.838 -2.943 -3.089 -3.218 -0.825 -2.344
5.50 630.96 -1.049 -1.012 -0.910 -0.827 -0.848 -0.954 -1.108 -1.197 -1.378 -1.625 -1.785 -2.023 -2.216 -2.493 -2.670 -2.816 -2.943 -3.129 -3.275 -3.376 -3.518 -3.641 -1.049 -2.756
5.50 794.33 -1.290 -1.258 -1.162 -1.078 -1.113 -1.243 -1.427 -1.538 -1.766 -2.066 -2.260 -2.548 -2.763 -3.046 -3.217 -3.359 -3.483 -3.663 -3.805 -3.902 -4.040 -4.157 -1.290 -3.250
5.50 1000.00 -1.554 -1.527 -1.435 -1.352 -1.405 -1.566 -1.789 -1.929 -2.218 -2.589 -2.827 -3.179 -3.424 -3.717 -3.882 -4.020 -4.141 -4.315 -4.453 -4.546 -4.680 -4.791 -1.554 -3.850
5.75 1.00 2.265 2.392 2.584 2.668 2.702 2.616 2.510 2.405 2.265 2.087 1.931 1.770 1.585 1.231 0.957 0.748 0.576 0.294 0.081 -0.092 -0.307 -0.538 2.265 0.603
5.75 1.26 2.247 2.374 2.566 2.649 2.684 2.598 2.493 2.388 2.249 2.072 1.917 1.757 1.573 1.220 0.946 0.738 0.566 0.285 0.072 -0.101 -0.315 -0.545 2.247 0.592
5.75 1.58 2.226 2.352 2.543 2.627 2.661 2.576 2.471 2.367 2.230 2.054 1.900 1.741 1.557 1.206 0.933 0.725 0.553 0.273 0.061 -0.111 -0.325 -0.554 2.226 0.579
5.75 2.00 2.200 2.326 2.516 2.599 2.634 2.549 2.445 2.343 2.206 2.032 1.880 1.722 1.539 1.188 0.916 0.710 0.538 0.259 0.047 -0.124 -0.337 -0.565 2.200 0.564
5.75 2.51 2.169 2.293 2.483 2.566 2.600 2.517 2.414 2.312 2.178 2.005 1.855 1.699 1.517 1.168 0.897 0.691 0.520 0.242 0.031 -0.140 -0.352 -0.579 2.169 0.545
5.75 3.16 2.132 2.255 2.443 2.527 2.561 2.478 2.376 2.276 2.144 1.974 1.825 1.670 1.490 1.143 0.873 0.668 0.498 0.222 0.012 -0.158 -0.369 -0.595 2.132 0.522
5.75 3.98 2.088 2.209 2.396 2.479 2.514 2.432 2.332 2.234 2.104 1.936 1.789 1.637 1.458 1.113 0.845 0.641 0.472 0.197 -0.012 -0.180 -0.390 -0.614 2.088 0.495
5.75 5.01 2.036 2.156 2.340 2.424 2.458 2.379 2.279 2.183 2.057 1.891 1.748 1.597 1.420 1.078 0.812 0.610 0.441 0.169 -0.039 -0.207 -0.415 -0.637 2.036 0.462
5.75 6.31 1.975 2.093 2.276 2.360 2.394 2.316 2.218 2.125 2.001 1.840 1.699 1.551 1.376 1.037 0.773 0.572 0.405 0.135 -0.071 -0.237 -0.444 -0.664 1.975 0.425
5.75 7.94 1.906 2.022 2.203 2.287 2.320 2.244 2.149 2.058 1.938 1.780 1.643 1.498 1.325 0.989 0.729 0.529 0.364 0.096 -0.109 -0.273 -0.478 -0.695 1.906 0.382
5.75 10.00 1.828 1.941 2.120 2.203 2.237 2.163 2.069 1.982 1.866 1.712 1.579 1.438 1.268 0.935 0.677 0.480 0.316 0.051 -0.151 -0.313 -0.517 -0.731 1.828 0.332
5.75 12.59 1.741 1.851 2.027 2.110 2.144 2.072 1.981 1.896 1.786 1.636 1.507 1.370 1.202 0.874 0.620 0.425 0.262 0.001 -0.200 -0.360 -0.561 -0.772 1.741 0.277
5.75 15.85 1.644 1.752 1.924 2.008 2.041 1.972 1.883 1.802 1.696 1.552 1.428 1.293 1.129 0.806 0.555 0.362 0.202 -0.056 -0.254 -0.412 -0.610 -0.817 1.644 0.214
5.75 19.95 1.539 1.643 1.812 1.896 1.929 1.862 1.776 1.699 1.598 1.459 1.340 1.209 1.048 0.730 0.483 0.293 0.134 -0.120 -0.315 -0.470 -0.666 -0.869 1.539 0.145
5.75 25.12 1.426 1.526 1.692 1.776 1.808 1.744 1.660 1.587 1.492 1.357 1.243 1.117 0.959 0.646 0.403 0.216 0.060 -0.190 -0.382 -0.534 -0.727 -0.926 1.426 0.068
5.75 31.62 1.305 1.401 1.563 1.647 1.679 1.617 1.536 1.467 1.377 1.248 1.139 1.016 0.862 0.554 0.316 0.132 -0.022 -0.267 -0.457 -0.606 -0.796 -0.990 1.305 -0.015
5.75 39.81 1.176 1.269 1.427 1.511 1.542 1.483 1.403 1.339 1.254 1.130 1.026 0.907 0.756 0.454 0.220 0.040 -0.112 -0.353 -0.539 -0.685 -0.872 -1.061 1.176 -0.107
5.75 50.12 1.042 1.131 1.284 1.368 1.398 1.342 1.264 1.204 1.124 1.003 0.904 0.788 0.640 0.344 0.116 -0.062 -0.211 -0.447 -0.630 -0.772 -0.955 -1.140 1.042 -0.206
5.75 63.10 0.901 0.986 1.135 1.219 1.248 1.193 1.117 1.061 0.985 0.868 0.773 0.659 0.514 0.224 0.001 -0.173 -0.320 -0.550 -0.730 -0.869 -1.049 -1.228 0.901 -0.315
5.75 79.43 0.755 0.835 0.980 1.063 1.091 1.038 0.963 0.910 0.837 0.723 0.631 0.519 0.377 0.092 -0.126 -0.296 -0.440 -0.665 -0.841 -0.977 -1.153 -1.327 0.755 -0.435
5.75 100.00 0.603 0.678 0.819 0.902 0.928 0.876 0.801 0.751 0.680 0.567 0.478 0.366 0.226 -0.054 -0.266 -0.433 -0.574 -0.794 -0.966 -1.098 -1.271 -1.439 0.603 -0.567
5.75 125.89 0.445 0.516 0.652 0.736 0.759 0.708 0.631 0.583 0.512 0.398 0.312 0.198 0.058 -0.216 -0.423 -0.586 -0.724 -0.938 -1.107 -1.235 -1.404 -1.567 0.445 -0.714
5.75 158.49 0.282 0.349 0.480 0.563 0.584 0.531 0.453 0.405 0.333 0.215 0.128 0.011 -0.128 -0.398 -0.599 -0.759 -0.894 -1.103 -1.267 -1.392 -1.557 -1.715 0.282 -0.878
5.75 199.53 0.113 0.174 0.301 0.384 0.402 0.347 0.264 0.216 0.139 0.015 -0.074 -0.198 -0.339 -0.605 -0.800 -0.956 -1.089 -1.291 -1.452 -1.573 -1.735 -1.886 0.113 -1.065
5.75 251.19 -0.063 -0.007 0.115 0.198 0.211 0.152 0.063 0.013 -0.073 -0.208 -0.301 -0.436 -0.580 -0.842 -1.032 -1.184 -1.314 -1.510 -1.668 -1.784 -1.942 -2.088 -0.063 -1.278
5.75 316.23 -0.248 -0.196 -0.080 0.004 0.011 -0.054 -0.153 -0.208 -0.306 -0.456 -0.558 -0.708 -0.857 -1.117 -1.301 -1.449 -1.576 -1.767 -1.921 -2.033 -2.187 -2.328 -0.248 -1.526
5.75 398.11 -0.442 -0.395 -0.284 -0.200 -0.200 -0.275 -0.386 -0.448 -0.566 -0.738 -0.853 -1.023 -1.180 -1.440 -1.618 -1.762 -1.886 -2.071 -2.221 -2.330 -2.480 -2.614 -0.442 -1.815
5.75 501.19 -0.648 -0.606 -0.500 -0.416 -0.425 -0.513 -0.642 -0.715 -0.858 -1.061 -1.194 -1.391 -1.561 -1.822 -1.994 -2.134 -2.256 -2.435 -2.580 -2.685 -2.831 -2.960 -0.648 -2.158
5.75 630.96 -0.869 -0.832 -0.730 -0.646 -0.667 -0.772 -0.924 -1.013 -1.192 -1.436 -1.593 -1.828 -2.015 -2.279 -2.445 -2.581 -2.700 -2.873 -3.014 -3.115 -3.258 -3.380 -0.869 -2.566
5.75 794.33 -1.108 -1.076 -0.979 -0.895 -0.929 -1.058 -1.241 -1.351 -1.577 -1.875 -2.066 -2.350 -2.559 -2.829 -2.989 -3.122 -3.237 -3.404 -3.542 -3.639 -3.777 -3.894 -1.108 -3.059
5.75 1000.00 -1.369 -1.342 -1.250 -1.166 -1.218 -1.378 -1.600 -1.739 -2.026 -2.395 -2.631 -2.978 -3.217 -3.497 -3.652 -3.780 -3.892 -4.054 -4.187 -4.280 -4.415 -4.526 -1.369 -3.656
6.00 1.00 2.339 2.465 2.655 2.739 2.775 2.691 2.588 2.486 2.352 2.180 2.030 1.877 1.700 1.361 1.099 0.901 0.738 0.471 0.263 0.091 -0.122 -0.350 2.339 0.715
6.00 1.26 2.324 2.449 2.639 2.723 2.758 2.675 2.573 2.471 2.338 2.167 2.018 1.865 1.689 1.350 1.089 0.892 0.729 0.463 0.255 0.084 -0.129 -0.357 2.324 0.706
6.00 1.58 2.305 2.429 2.619 2.702 2.738 2.655 2.553 2.453 2.321 2.151 2.003 1.851 1.675 1.338 1.077 0.881 0.718 0.452 0.245 0.074 -0.138 -0.365 2.305 0.694
6.00 2.00 2.281 2.405 2.594 2.678 2.713 2.631 2.530 2.430 2.300 2.131 1.984 1.833 1.658 1.322 1.063 0.867 0.704 0.440 0.233 0.063 -0.148 -0.375 2.281 0.680
6.00 2.51 2.253 2.376 2.564 2.648 2.682 2.602 2.501 2.403 2.274 2.107 1.962 1.812 1.638 1.303 1.045 0.850 0.688 0.424 0.218 0.049 -0.161 -0.387 2.253 0.663
6.00 3.16 2.219 2.341 2.527 2.611 2.646 2.566 2.467 2.370 2.243 2.078 1.935 1.786 1.614 1.281 1.024 0.829 0.668 0.406 0.201 0.032 -0.177 -0.401 2.219 0.642
6.00 3.98 2.178 2.299 2.484 2.568 2.603 2.524 2.426 2.331 2.206 2.044 1.902 1.756 1.584 1.254 0.998 0.805 0.644 0.384 0.180 0.012 -0.196 -0.419 2.178 0.617
6.00 5.01 2.131 2.250 2.433 2.517 2.552 2.475 2.378 2.285 2.163 2.003 1.864 1.719 1.550 1.221 0.968 0.776 0.616 0.357 0.155 -0.012 -0.219 -0.439 2.131 0.588
6.00 6.31 2.075 2.192 2.374 2.458 2.493 2.417 2.321 2.230 2.112 1.955 1.819 1.677 1.509 1.183 0.932 0.741 0.583 0.326 0.125 -0.040 -0.246 -0.464 2.075 0.553
6.00 7.94 2.011 2.126 2.305 2.389 2.424 2.350 2.256 2.168 2.053 1.899 1.767 1.628 1.462 1.140 0.891 0.702 0.544 0.290 0.091 -0.072 -0.277 -0.493 2.011 0.513
6.00 10.00 1.937 2.050 2.228 2.312 2.346 2.274 2.182 2.097 1.986 1.836 1.707 1.571 1.408 1.089 0.843 0.656 0.500 0.249 0.051 -0.110 -0.313 -0.526 1.937 0.467
6.00 12.59 1.855 1.965 2.140 2.224 2.258 2.188 2.099 2.017 1.910 1.765 1.640 1.507 1.347 1.032 0.789 0.604 0.449 0.201 0.006 -0.153 -0.354 -0.563 1.855 0.415
6.00 15.85 1.764 1.871 2.043 2.127 2.161 2.093 2.006 1.927 1.825 1.685 1.564 1.435 1.278 0.967 0.728 0.545 0.392 0.148 -0.046 -0.202 -0.400 -0.606 1.764 0.356
6.00 19.95 1.664 1.768 1.936 2.020 2.054 1.989 1.904 1.829 1.732 1.596 1.480 1.355 1.201 0.895 0.659 0.479 0.328 0.088 -0.103 -0.257 -0.453 -0.655 1.664 0.290
6.00 25.12 1.555 1.656 1.821 1.905 1.938 1.876 1.793 1.722 1.630 1.499 1.388 1.266 1.115 0.815 0.583 0.406 0.257 0.021 -0.167 -0.319 -0.511 -0.709 1.555 0.217
6.00 31.62 1.439 1.536 1.697 1.781 1.814 1.754 1.673 1.607 1.520 1.394 1.288 1.170 1.022 0.727 0.500 0.325 0.179 -0.053 -0.238 -0.387 -0.576 -0.770 1.439 0.137
6.00 39.81 1.316 1.408 1.566 1.650 1.682 1.624 1.546 1.483 1.401 1.280 1.179 1.064 0.920 0.630 0.407 0.236 0.092 -0.135 -0.317 -0.463 -0.649 -0.838 1.316 0.048
6.00 50.12 1.185 1.274 1.428 1.512 1.542 1.487 1.411 1.352 1.275 1.157 1.061 0.949 0.808 0.523 0.306 0.138 -0.003 -0.226 -0.405 -0.547 -0.730 -0.914 1.185 -0.048
6.00 63.10 1.049 1.133 1.282 1.366 1.396 1.343 1.268 1.213 1.139 1.025 0.933 0.824 0.685 0.407 0.194 0.030 -0.109 -0.327 -0.502 -0.641 -0.820 -1.000 1.049 -0.154
6.00 79.43 0.906 0.986 1.131 1.215 1.243 1.192 1.118 1.066 0.995 0.884 0.795 0.687 0.551 0.278 0.071 -0.090 -0.226 -0.439 -0.610 -0.746 -0.922 -1.096 0.906 -0.271
6.00 100.00 0.758 0.833 0.974 1.058 1.084 1.034 0.959 0.910 0.842 0.731 0.645 0.537 0.403 0.136 -0.066 -0.224 -0.357 -0.564 -0.732 -0.864 -1.037 -1.205 0.758 -0.400
6.00 125.89 0.604 0.675 0.811 0.895 0.919 0.868 0.793 0.746 0.678 0.566 0.482 0.372 0.239 -0.024 -0.220 -0.374 -0.505 -0.706 -0.870 -0.998 -1.167 -1.330 0.604 -0.544
6.00 158.49 0.444 0.510 0.642 0.726 0.747 0.695 0.618 0.571 0.501 0.386 0.302 0.188 0.055 -0.203 -0.393 -0.544 -0.672 -0.867 -1.028 -1.152 -1.318 -1.475 0.444 -0.706
6.00 199.53 0.278 0.339 0.466 0.550 0.568 0.514 0.432 0.385 0.310 0.188 0.102 -0.018 -0.153 -0.407 -0.592 -0.738 -0.863 -1.054 -1.210 -1.331 -1.492 -1.644 0.278 -0.890
6.00 251.19 0.104 0.161 0.283 0.367 0.380 0.322 0.234 0.185 0.101 -0.031 -0.122 -0.253 -0.391 -0.641 -0.821 -0.963 -1.085 -1.270 -1.423 -1.539 -1.697 -1.843 0.104 -1.101
6.00 316.23 -0.077 -0.025 0.092 0.176 0.183 0.119 0.021 -0.033 -0.129 -0.277 -0.376 -0.522 -0.665 -0.914 -1.087 -1.226 -1.345 -1.524 -1.673 -1.786 -1.940 -2.080 -0.077 -1.346
6.00 398.11 -0.269 -0.222 -0.110 -0.026 -0.025 -0.099 -0.209 -0.271 -0.386 -0.556 -0.668 -0.834 -0.986 -1.234 -1.401 -1.536 -1.653 -1.826 -1.971 -2.080 -2.230 -2.364 -0.269 -1.633
6.00 501.19 -0.472 -0.430 -0.323 -0.239 -0.247 -0.334 -0.462 -0.534 -0.675 -0.876 -1.006 -1.200 -1.364 -1.613 -1.775 -1.906 -2.019 -2.186 -2.328 -2.433 -2.579 -2.707 -0.472 -1.973
6.00 630.96 -0.690 -0.653 -0.550 -0.466 -0.486 -0.591 -0.742 -0.830 -1.006 -1.248 -1.403 -1.634 -1.815 -2.067 -2.223 -2.350 -2.461 -2.622 -2.759 -2.860 -3.002 -3.125 -0.690 -2.380
6.00 794.33 -0.926 -0.894 -0.796 -0.712 -0.746 -0.874 -1.056 -1.165 -1.389 -1.684 -1.873 -2.153 -2.356 -2.615 -2.765 -2.888 -2.996 -3.151 -3.284 -3.381 -3.520 -3.636 -0.926 -2.869
6.00 1000.00 -1.185 -1.157 -1.065 -0.981 -1.032 -1.191 -1.413 -1.551 -1.836 -2.202 -2.435 -2.779 -3.012 -3.281 -3.425 -3.544 -3.648 -3.798 -3.927 -4.020 -4.154 -4.265 -1.185 -3.464
6.25 1.00 2.415 2.539 2.728 2.812 2.848 2.767 2.667 2.569 2.441 2.275 2.130 1.983 1.814 1.489 1.240 1.052 0.897 0.644 0.442 0.272 0.060 -0.166 2.415 0.828
6.25 1.26 2.401 2.524 2.713 2.797 2.833 2.752 2.653 2.555 2.428 2.263 2.119 1.973 1.804 1.480 1.231 1.044 0.889 0.637 0.434 0.265 0.054 -0.172 2.401 0.819
6.25 1.58 2.384 2.506 2.694 2.778 2.814 2.734 2.635 2.538 2.412 2.248 2.106 1.960 1.792 1.469 1.220 1.034 0.879 0.628 0.426 0.256 0.046 -0.179 2.384 0.809
6.25 2.00 2.362 2.485 2.672 2.756 2.792 2.712 2.614 2.518 2.393 2.230 2.089 1.944 1.777 1.455 1.207 1.021 0.867 0.616 0.415 0.246 0.036 -0.188 2.362 0.796
6.25 2.51 2.337 2.458 2.644 2.729 2.764 2.686 2.588 2.493 2.370 2.208 2.068 1.925 1.758 1.438 1.191 1.006 0.852 0.602 0.402 0.234 0.025 -0.198 2.337 0.780
6.25 3.16 2.306 2.426 2.611 2.696 2.731 2.654 2.557 2.463 2.342 2.182 2.044 1.901 1.736 1.417 1.172 0.987 0.834 0.586 0.386 0.219 0.010 -0.212 2.306 0.761
6.25 3.98 2.269 2.388 2.572 2.656 2.692 2.615 2.519 2.427 2.308 2.150 2.014 1.873 1.710 1.392 1.149 0.965 0.813 0.565 0.367 0.200 -0.007 -0.227 2.269 0.739
6.25 5.01 2.225 2.343 2.525 2.609 2.645 2.570 2.475 2.385 2.268 2.113 1.979 1.840 1.678 1.363 1.121 0.938 0.787 0.541 0.344 0.179 -0.028 -0.246 2.225 0.712
6.25 6.31 2.173 2.289 2.470 2.555 2.590 2.516 2.423 2.335 2.221 2.069 1.937 1.801 1.640 1.328 1.088 0.907 0.756 0.513 0.317 0.153 -0.052 -0.269 2.173 0.680
6.25 7.94 2.114 2.228 2.407 2.491 2.526 2.454 2.363 2.277 2.166 2.017 1.889 1.755 1.597 1.287 1.050 0.870 0.721 0.480 0.285 0.123 -0.080 -0.295 2.114 0.643
6.25 10.00 2.046 2.157 2.334 2.418 2.453 2.383 2.293 2.211 2.104 1.958 1.833 1.702 1.546 1.240 1.005 0.827 0.680 0.441 0.248 0.088 -0.114 -0.325 2.046 0.600
6.25 12.59 1.968 2.078 2.252 2.336 2.371 2.303 2.215 2.135 2.032 1.891 1.770 1.642 1.489 1.186 0.955 0.779 0.632 0.397 0.206 0.048 -0.152 -0.360 1.968 0.551
6.25 15.85 1.882 1.989 2.160 2.244 2.279 2.213 2.127 2.051 1.952 1.816 1.699 1.574 1.424 1.125 0.897 0.723 0.579 0.347 0.158 0.002 -0.195 -0.401 1.882 0.495
6.25 19.95 1.787 1.891 2.059 2.143 2.177 2.114 2.030 1.958 1.864 1.732 1.619 1.498 1.351 1.057 0.832 0.661 0.518 0.290 0.104 -0.050 -0.245 -0.446 1.787 0.433
6.25 25.12 1.684 1.784 1.949 2.033 2.067 2.006 1.924 1.855 1.767 1.639 1.531 1.414 1.269 0.981 0.760 0.592 0.451 0.226 0.043 -0.108 -0.300 -0.498 1.684 0.363
6.25 31.62 1.572 1.669 1.830 1.914 1.948 1.889 1.810 1.745 1.661 1.538 1.435 1.321 1.180 0.896 0.680 0.514 0.376 0.156 -0.025 -0.173 -0.363 -0.556 1.572 0.286
6.25 39.81 1.453 1.546 1.704 1.788 1.820 1.764 1.687 1.626 1.547 1.428 1.330 1.219 1.081 0.803 0.591 0.429 0.292 0.077 -0.101 -0.246 -0.432 -0.621 1.453 0.201
6.25 50.12 1.327 1.416 1.570 1.654 1.685 1.631 1.556 1.499 1.424 1.310 1.216 1.108 0.973 0.700 0.493 0.334 0.200 -0.011 -0.185 -0.327 -0.510 -0.694 1.327 0.108
6.25 63.10 1.195 1.279 1.429 1.513 1.543 1.491 1.417 1.364 1.293 1.182 1.092 0.986 0.854 0.587 0.385 0.229 0.097 -0.108 -0.279 -0.418 -0.598 -0.776 1.195 0.005
6.25 79.43 1.056 1.136 1.281 1.366 1.395 1.344 1.271 1.220 1.153 1.044 0.958 0.853 0.723 0.461 0.265 0.112 -0.017 -0.217 -0.385 -0.520 -0.696 -0.870 1.056 -0.109
6.25 100.00 0.912 0.987 1.128 1.212 1.239 1.190 1.116 1.069 1.003 0.894 0.811 0.707 0.578 0.322 0.130 -0.019 -0.145 -0.340 -0.504 -0.635 -0.808 -0.976 0.912 -0.235
6.25 125.89 0.761 0.832 0.968 1.053 1.078 1.028 0.954 0.908 0.842 0.732 0.651 0.544 0.417 0.166 -0.020 -0.166 -0.289 -0.479 -0.639 -0.767 -0.936 -1.099 0.761 -0.377
6.25 158.49 0.605 0.671 0.803 0.887 0.909 0.858 0.781 0.736 0.668 0.556 0.474 0.364 0.236 -0.011 -0.191 -0.333 -0.453 -0.637 -0.794 -0.918 -1.084 -1.241 0.605 -0.536
6.25 199.53 0.442 0.503 0.630 0.714 0.733 0.680 0.599 0.553 0.480 0.361 0.277 0.160 0.031 -0.212 -0.387 -0.524 -0.642 -0.821 -0.974 -1.094 -1.256 -1.407 0.442 -0.717
6.25 251.19 0.271 0.328 0.450 0.534 0.548 0.491 0.404 0.356 0.275 0.145 0.055 -0.072 -0.204 -0.443 -0.613 -0.747 -0.862 -1.034 -1.183 -1.300 -1.458 -1.604 0.271 -0.926
6.25 316.23 0.093 0.145 0.262 0.346 0.355 0.291 0.194 0.141 0.047 -0.099 -0.196 -0.338 -0.476 -0.713 -0.877 -1.007 -1.119 -1.286 -1.431 -1.544 -1.698 -1.838 0.093 -1.168
6.25 398.11 -0.096 -0.049 0.064 0.148 0.149 0.076 -0.034 -0.094 -0.207 -0.375 -0.485 -0.647 -0.794 -1.031 -1.188 -1.314 -1.424 -1.585 -1.726 -1.835 -1.985 -2.119 -0.096 -1.453
6.25 501.19 -0.297 -0.254 -0.147 -0.063 -0.070 -0.156 -0.284 -0.355 -0.494 -0.692 -0.820 -1.011 -1.169 -1.407 -1.559 -1.681 -1.788 -1.943 -2.080 -2.185 -2.331 -2.460 -0.297 -1.791
6.25 630.96 -0.512 -0.474 -0.372 -0.288 -0.307 -0.410 -0.561 -0.648 -0.822 -1.061 -1.214 -1.442 -1.617 -1.859 -2.005 -2.123 -2.226 -2.376 -2.509 -2.610 -2.752 -2.875 -0.512 -2.195
6.25 794.33 -0.745 -0.713 -0.615 -0.531 -0.564 -0.691 -0.872 -0.980 -1.202 -1.495 -1.682 -1.959 -2.156 -2.404 -2.544 -2.658 -2.759 -2.902 -3.032 -3.129 -3.267 -3.384 -0.745 -2.682
6.25 1000.00 -1.001 -0.973 -0.881 -0.796 -0.847 -1.006 -1.226 -1.363 -1.646 -2.010 -2.242 -2.582 -2.809 -3.067 -3.201 -3.311 -3.409 -3.546 -3.672 -3.765 -3.899 -4.010 -1.001 -3.275
6.50 1.00 2.491 2.613 2.800 2.885 2.921 2.843 2.746 2.651 2.529 2.369 2.230 2.090 1.928 1.617 1.379 1.201 1.054 0.814 0.617 0.448 0.239 0.015 2.491 0.939
6.50 1.26 2.478 2.600 2.787 2.871 2.908 2.830 2.733 2.639 2.518 2.359 2.220 2.080 1.919 1.609 1.371 1.194 1.047 0.808 0.610 0.442 0.233 0.010 2.478 0.931
6.50 1.58 2.463 2.584 2.770 2.855 2.891 2.814 2.718 2.624 2.504 2.345 2.208 2.069 1.908 1.598 1.362 1.184 1.038 0.799 0.602 0.435 0.226 0.003 2.463 0.922
6.50 2.00 2.444 2.564 2.750 2.834 2.871 2.794 2.698 2.606 2.486 2.329 2.193 2.054 1.895 1.586 1.350 1.173 1.027 0.789 0.593 0.426 0.217 -0.005 2.444 0.910
6.50 2.51 2.421 2.540 2.725 2.810 2.846 2.770 2.675 2.583 2.465 2.309 2.174 2.037 1.878 1.570 1.335 1.159 1.014 0.777 0.581 0.414 0.207 -0.014 2.421 0.896
6.50 3.16 2.392 2.511 2.695 2.780 2.816 2.741 2.646 2.556 2.440 2.285 2.152 2.016 1.858 1.552 1.318 1.142 0.997 0.761 0.567 0.401 0.194 -0.026 2.392 0.879
6.50 3.98 2.359 2.476 2.659 2.744 2.780 2.706 2.612 2.523 2.409 2.257 2.125 1.990 1.834 1.529 1.297 1.122 0.978 0.743 0.549 0.384 0.178 -0.040 2.359 0.859
6.50 5.01 2.319 2.435 2.616 2.701 2.737 2.664 2.572 2.484 2.372 2.222 2.093 1.960 1.805 1.502 1.271 1.098 0.954 0.721 0.528 0.365 0.160 -0.057 2.319 0.834
6.50 6.31 2.271 2.386 2.566 2.650 2.686 2.615 2.524 2.438 2.329 2.182 2.055 1.924 1.770 1.470 1.241 1.069 0.926 0.695 0.504 0.341 0.137 -0.078 2.271 0.805
6.50 7.94 2.216 2.329 2.507 2.591 2.627 2.557 2.468 2.385 2.278 2.134 2.010 1.881 1.730 1.432 1.206 1.035 0.894 0.665 0.474 0.313 0.111 -0.102 2.216 0.770
6.50 10.00 2.152 2.263 2.439 2.524 2.559 2.491 2.403 2.323 2.220 2.079 1.958 1.832 1.683 1.389 1.164 0.996 0.855 0.629 0.441 0.281 0.081 -0.130 2.152 0.730
6.50 12.59 2.080 2.189 2.362 2.447 2.482 2.416 2.330 2.252 2.153 2.016 1.899 1.776 1.629 1.339 1.117 0.950 0.811 0.588 0.401 0.244 0.045 -0.162 2.080 0.684
6.50 15.85 1.999 2.105 2.276 2.360 2.395 2.331 2.247 2.173 2.078 1.945 1.832 1.712 1.568 1.281 1.063 0.898 0.761 0.541 0.356 0.201 0.004 -0.200 1.999 0.632
6.50 19.95 1.909 2.012 2.180 2.264 2.299 2.237 2.155 2.084 1.994 1.865 1.757 1.640 1.499 1.216 1.002 0.839 0.704 0.487 0.305 0.152 -0.042 -0.243 1.909 0.573
6.50 25.12 1.811 1.910 2.075 2.160 2.194 2.134 2.054 1.987 1.902 1.777 1.673 1.560 1.421 1.144 0.933 0.773 0.640 0.427 0.247 0.097 -0.095 -0.291 1.811 0.507
6.50 31.62 1.704 1.800 1.961 2.046 2.080 2.022 1.945 1.881 1.800 1.681 1.581 1.471 1.335 1.063 0.856 0.699 0.568 0.359 0.183 0.035 -0.154 -0.346 1.704 0.433
6.50 39.81 1.590 1.682 1.840 1.924 1.957 1.902 1.826 1.767 1.690 1.575 1.480 1.373 1.240 0.973 0.771 0.617 0.488 0.284 0.110 -0.035 -0.220 -0.408 1.590 0.351
6.50 50.12 1.468 1.557 1.710 1.795 1.827 1.774 1.700 1.644 1.572 1.460 1.369 1.265 1.136 0.874 0.677 0.526 0.399 0.199 0.029 -0.113 -0.295 -0.479 1.468 0.261
6.50 63.10 1.340 1.424 1.574 1.658 1.689 1.638 1.565 1.513 1.445 1.336 1.249 1.147 1.020 0.764 0.572 0.424 0.299 0.105 -0.062 -0.200 -0.380 -0.558 1.340 0.161
6.50 79.43 1.205 1.285 1.430 1.515 1.545 1.495 1.423 1.374 1.308 1.202 1.118 1.017 0.893 0.642 0.454 0.310 0.188 -0.001 -0.165 -0.300 -0.476 -0.649 1.205 0.050
6.50 100.00 1.064 1.140 1.281 1.365 1.393 1.344 1.272 1.225 1.162 1.056 0.975 0.874 0.751 0.506 0.323 0.183 0.064 -0.121 -0.281 -0.412 -0.585 -0.753 1.064 -0.073
6.50 125.89 0.918 0.989 1.125 1.209 1.235 1.186 1.113 1.068 1.004 0.897 0.818 0.715 0.593 0.352 0.176 0.039 -0.078 -0.257 -0.413 -0.541 -0.710 -0.872 0.918 -0.212
6.50 158.49 0.764 0.831 0.962 1.047 1.070 1.020 0.944 0.900 0.834 0.724 0.644 0.537 0.415 0.179 0.008 -0.126 -0.239 -0.412 -0.566 -0.690 -0.855 -1.012 0.764 -0.368
6.50 199.53 0.604 0.666 0.793 0.878 0.897 0.845 0.765 0.720 0.649 0.532 0.450 0.337 0.213 -0.019 -0.185 -0.315 -0.425 -0.593 -0.742 -0.863 -1.024 -1.175 0.604 -0.547
6.50 251.19 0.437 0.494 0.617 0.701 0.716 0.659 0.573 0.526 0.446 0.319 0.232 0.108 -0.019 -0.248 -0.408 -0.534 -0.642 -0.804 -0.949 -1.066 -1.224 -1.369 0.437 -0.753
6.50 316.23 0.262 0.314 0.431 0.516 0.525 0.462 0.366 0.314 0.222 0.078 -0.017 -0.156 -0.288 -0.515 -0.669 -0.791 -0.897 -1.053 -1.194 -1.307 -1.461 -1.601 0.262 -0.993
6.50 398.11 0.076 0.123 0.236 0.320 0.322 0.250 0.141 0.082 -0.029 -0.195 -0.303 -0.462 -0.603 -0.830 -0.978 -1.096 -1.199 -1.349 -1.487 -1.596 -1.745 -1.880 0.076 -1.275
6.50 501.19 -0.122 -0.079 0.028 0.113 0.106 0.020 -0.106 -0.176 -0.313 -0.510 -0.636 -0.823 -0.976 -1.204 -1.346 -1.461 -1.560 -1.705 -1.839 -1.943 -2.089 -2.218 -0.122 -1.611
6.50 630.96 -0.334 -0.297 -0.194 -0.109 -0.128 -0.231 -0.380 -0.466 -0.639 -0.876 -1.027 -1.252 -1.422 -1.653 -1.789 -1.900 -1.996 -2.135 -2.265 -2.366 -2.508 -2.630 -0.334 -2.012
6.50 794.33 -0.565 -0.532 -0.434 -0.350 -0.382 -0.509 -0.689 -0.796 -1.016 -1.307 -1.492 -1.766 -1.958 -2.195 -2.326 -2.432 -2.526 -2.659 -2.785 -2.882 -3.020 -3.137 -0.565 -2.498
6.50 1000.00 -0.818 -0.790 -0.697 -0.613 -0.663 -0.821 -1.041 -1.177 -1.458 -1.820 -2.049 -2.386 -2.608 -2.856 -2.980 -3.083 -3.174 -3.300 -3.422 -3.516 -3.650 -3.760 -0.818 -3.088
6.75 1.00 2.568 2.688 2.874 2.958 2.995 2.920 2.826 2.735 2.618 2.464 2.331 2.196 2.042 1.743 1.517 1.348 1.208 0.981 0.788 0.621 0.413 0.192 2.568 1.049
6.75 1.26 2.557 2.677 2.862 2.946 2.983 2.908 2.814 2.724 2.608 2.455 2.322 2.188 2.034 1.736 1.510 1.341 1.202 0.975 0.783 0.616 0.408 0.188 2.557 1.043
6.75 1.58 2.543 2.662 2.847 2.931 2.968 2.894 2.800 2.710 2.595 2.443 2.311 2.177 2.024 1.727 1.501 1.333 1.194 0.967 0.776 0.609 0.402 0.182 2.543 1.034
6.75 2.00 2.526 2.644 2.828 2.913 2.950 2.876 2.783 2.694 2.580 2.428 2.297 2.164 2.012 1.715 1.490 1.323 1.184 0.958 0.767 0.601 0.394 0.175 2.526 1.024
6.75 2.51 2.505 2.623 2.806 2.891 2.928 2.854 2.762 2.673 2.561 2.410 2.280 2.149 1.997 1.702 1.477 1.310 1.172 0.947 0.756 0.591 0.385 0.166 2.505 1.011
6.75 3.16 2.479 2.596 2.779 2.863 2.900 2.828 2.736 2.649 2.537 2.388 2.260 2.129 1.979 1.685 1.461 1.295 1.157 0.934 0.743 0.579 0.373 0.156 2.479 0.996
6.75 3.98 2.448 2.565 2.746 2.831 2.867 2.796 2.705 2.619 2.509 2.362 2.235 2.106 1.957 1.664 1.442 1.276 1.139 0.917 0.728 0.564 0.359 0.143 2.448 0.977
6.75 5.01 2.412 2.527 2.707 2.791 2.828 2.757 2.667 2.583 2.476 2.331 2.206 2.078 1.930 1.639 1.419 1.254 1.118 0.897 0.709 0.546 0.342 0.127 2.412 0.954
6.75 6.31 2.368 2.482 2.660 2.745 2.781 2.712 2.623 2.541 2.436 2.293 2.171 2.045 1.898 1.610 1.391 1.228 1.093 0.873 0.686 0.525 0.322 0.109 2.368 0.927
6.75 7.94 2.317 2.429 2.606 2.691 2.727 2.659 2.571 2.491 2.389 2.249 2.130 2.006 1.861 1.575 1.359 1.197 1.062 0.845 0.659 0.499 0.298 0.087 2.317 0.896
6.75 10.00 2.258 2.368 2.543 2.628 2.664 2.597 2.512 2.434 2.335 2.198 2.082 1.961 1.818 1.535 1.321 1.160 1.027 0.812 0.628 0.470 0.270 0.061 2.258 0.859
6.75 12.59 2.191 2.298 2.471 2.556 2.592 2.527 2.443 2.368 2.273 2.140 2.026 1.908 1.767 1.488 1.276 1.118 0.986 0.774 0.591 0.435 0.237 0.031 2.191 0.816
6.75 15.85 2.115 2.220 2.390 2.475 2.510 2.448 2.365 2.293 2.202 2.073 1.963 1.848 1.710 1.434 1.226 1.069 0.939 0.730 0.549 0.395 0.199 -0.004 2.115 0.767
6.75 19.95 2.030 2.132 2.299 2.384 2.419 2.359 2.278 2.210 2.123 1.998 1.892 1.780 1.644 1.373 1.168 1.014 0.885 0.679 0.501 0.349 0.156 -0.044 2.030 0.711
6.75 25.12 1.936 2.035 2.200 2.284 2.319 2.261 2.183 2.117 2.035 1.914 1.813 1.704 1.571 1.304 1.103 0.951 0.824 0.622 0.447 0.297 0.106 -0.090 1.936 0.648
6.75 31.62 1.835 1.930 2.091 2.176 2.210 2.154 2.078 2.016 1.938 1.821 1.724 1.619 1.489 1.227 1.030 0.880 0.756 0.558 0.385 0.238 0.050 -0.142 1.835 0.578
6.75 39.81 1.725 1.817 1.974 2.059 2.093 2.039 1.964 1.906 1.833 1.720 1.627 1.524 1.398 1.141 0.948 0.802 0.679 0.486 0.316 0.171 -0.014 -0.201 1.725 0.499
6.75 50.12 1.608 1.696 1.849 1.934 1.967 1.915 1.842 1.788 1.718 1.609 1.521 1.421 1.297 1.045 0.857 0.713 0.593 0.404 0.237 0.096 -0.086 -0.269 1.608 0.412
6.75 63.10 1.484 1.568 1.717 1.802 1.834 1.784 1.712 1.661 1.595 1.489 1.404 1.306 1.185 0.938 0.755 0.615 0.497 0.313 0.149 0.012 -0.168 -0.346 1.484 0.315
6.75 79.43 1.353 1.433 1.578 1.663 1.693 1.644 1.573 1.525 1.462 1.358 1.277 1.180 1.060 0.819 0.641 0.504 0.389 0.210 0.050 -0.085 -0.260 -0.433 1.353 0.207
6.75 100.00 1.216 1.292 1.433 1.517 1.546 1.498 1.427 1.381 1.319 1.216 1.137 1.040 0.922 0.686 0.513 0.380 0.267 0.094 -0.063 -0.194 -0.367 -0.534 1.216 0.087
6.75 125.89 1.073 1.144 1.280 1.365 1.391 1.343 1.271 1.227 1.165 1.061 0.983 0.884 0.767 0.536 0.368 0.239 0.129 -0.040 -0.193 -0.320 -0.489 -0.651 1.073 -0.049
6.75 158.49 0.923 0.990 1.121 1.206 1.229 1.180 1.105 1.062 0.999 0.890 0.813 0.709 0.592 0.366 0.203 0.077 -0.030 -0.193 -0.342 -0.466 -0.631 -0.788 0.923 -0.203
6.75 199.53 0.766 0.828 0.955 1.040 1.060 1.008 0.929 0.886 0.817 0.702 0.622 0.511 0.393 0.170 0.014 -0.109 -0.213 -0.370 -0.516 -0.636 -0.798 -0.949 0.766 -0.379
6.75 251.19 0.602 0.660 0.782 0.867 0.882 0.826 0.740 0.694 0.617 0.491 0.406 0.286 0.164 -0.056 -0.207 -0.325 -0.427 -0.579 -0.721 -0.837 -0.995 -1.140 0.602 -0.583
6.75 316.23 0.430 0.482 0.600 0.684 0.694 0.632 0.537 0.486 0.396 0.254 0.161 0.025 -0.102 -0.320 -0.465 -0.580 -0.679 -0.825 -0.963 -1.076 -1.229 -1.369 0.430 -0.820
6.75 398.11 0.247 0.294 0.407 0.492 0.494 0.423 0.315 0.257 0.147 -0.017 -0.123 -0.279 -0.415 -0.632 -0.771 -0.882 -0.978 -1.118 -1.253 -1.361 -1.511 -1.645 0.247 -1.100
6.75 501.19 0.052 0.095 0.203 0.287 0.281 0.196 0.071 0.001 -0.134 -0.329 -0.453 -0.637 -0.785 -1.003 -1.137 -1.244 -1.337 -1.471 -1.602 -1.707 -1.853 -1.981 0.052 -1.433
6.75 630.96 -0.158 -0.120 -0.017 0.068 0.050 -0.052 -0.201 -0.286 -0.457 -0.692 -0.842 -1.063 -1.228 -1.449 -1.577 -1.680 -1.770 -1.899 -2.026 -2.126 -2.269 -2.391 -0.158 -1.832
6.75 794.33 -0.386 -0.353 -0.255 -0.170 -0.202 -0.328 -0.507 -0.614 -0.831 -1.121 -1.304 -1.574 -1.761 -1.989 -2.111 -2.211 -2.298 -2.420 -2.543 -2.640 -2.778 -2.895 -0.386 -2.315
6.75 1000.00 -0.636 -0.608 -0.515 -0.430 -0.480 -0.637 -0.856 -0.991 -1.270 -1.631 -1.858 -2.192 -2.409 -2.647 -2.763 -2.859 -2.943 -3.059 -3.178 -3.271 -3.405 -3.516 -0.636 -2.903
7.00 1.00 2.646 2.764 2.948 3.033 3.071 2.998 2.906 2.819 2.708 2.560 2.432 2.303 2.156 1.869 1.653 1.492 1.360 1.144 0.956 0.791 0.585 0.366 2.646 1.159
7.00 1.26 2.636 2.754 2.937 3.022 3.060 2.987 2.896 2.809 2.699 2.551 2.423 2.295 2.149 1.863 1.646 1.486 1.354 1.139 0.951 0.786 0.580 0.362 2.636 1.153
7.00 1.58 2.623 2.741 2.924 3.009 3.046 2.974 2.883 2.797 2.687 2.540 2.414 2.286 2.140 1.854 1.639 1.479 1.347 1.132 0.945 0.780 0.575 0.357 2.623 1.146
7.00 2.00 2.608 2.725 2.907 2.992 3.030 2.958 2.867 2.782 2.673 2.527 2.401 2.274 2.129 1.844 1.629 1.470 1.338 1.124 0.937 0.773 0.568 0.350 2.608 1.136
7.00 2.51 2.589 2.705 2.887 2.972 3.009 2.938 2.848 2.763 2.656 2.511 2.386 2.260 2.115 1.831 1.617 1.458 1.327 1.114 0.928 0.764 0.559 0.343 2.589 1.125
7.00 3.16 2.566 2.681 2.862 2.947 2.985 2.914 2.825 2.741 2.635 2.491 2.368 2.243 2.099 1.816 1.603 1.445 1.314 1.102 0.916 0.753 0.549 0.333 2.566 1.111
7.00 3.98 2.538 2.653 2.832 2.917 2.955 2.885 2.797 2.714 2.609 2.467 2.345 2.221 2.078 1.798 1.586 1.428 1.298 1.087 0.902 0.740 0.536 0.322 2.538 1.094
7.00 5.01 2.504 2.618 2.797 2.882 2.919 2.850 2.763 2.681 2.579 2.439 2.318 2.196 2.054 1.775 1.564 1.408 1.278 1.069 0.885 0.723 0.521 0.308 2.504 1.073
7.00 6.31 2.464 2.577 2.754 2.839 2.876 2.809 2.722 2.643 2.542 2.404 2.286 2.166 2.025 1.748 1.539 1.384 1.255 1.047 0.864 0.704 0.502 0.291 2.464 1.049
7.00 7.94 2.417 2.528 2.704 2.789 2.826 2.760 2.674 2.597 2.499 2.364 2.248 2.130 1.991 1.716 1.509 1.355 1.227 1.021 0.840 0.681 0.481 0.271 2.417 1.020
7.00 10.00 2.363 2.472 2.646 2.731 2.767 2.703 2.619 2.544 2.449 2.317 2.204 2.087 1.951 1.679 1.474 1.321 1.195 0.991 0.811 0.653 0.455 0.247 2.363 0.985
7.00 12.59 2.300 2.407 2.579 2.663 2.700 2.637 2.555 2.482 2.391 2.262 2.152 2.038 1.904 1.635 1.433 1.282 1.157 0.955 0.777 0.621 0.424 0.220 2.300 0.945
7.00 15.85 2.229 2.333 2.502 2.587 2.624 2.563 2.482 2.412 2.325 2.199 2.093 1.982 1.850 1.585 1.385 1.236 1.113 0.914 0.738 0.584 0.389 0.187 2.229 0.899
7.00 19.95 2.149 2.251 2.417 2.502 2.538 2.479 2.400 2.333 2.250 2.128 2.026 1.918 1.788 1.527 1.331 1.184 1.062 0.867 0.693 0.541 0.348 0.150 2.149 0.847
7.00 25.12 2.061 2.159 2.323 2.408 2.443 2.386 2.309 2.246 2.166 2.049 1.951 1.845 1.718 1.462 1.269 1.125 1.004 0.813 0.641 0.492 0.301 0.107 2.061 0.787
7.00 31.62 1.964 2.059 2.219 2.304 2.339 2.284 2.209 2.149 2.074 1.960 1.866 1.764 1.640 1.388 1.200 1.058 0.939 0.752 0.582 0.436 0.248 0.057 1.964 0.720
7.00 39.81 1.859 1.950 2.107 2.192 2.226 2.174 2.100 2.044 1.973 1.863 1.773 1.674 1.552 1.305 1.121 0.982 0.866 0.682 0.516 0.372 0.187 0.001 1.859 0.645
7.00 50.12 1.746 1.834 1.987 2.072 2.105 2.055 1.983 1.930 1.863 1.757 1.671 1.574 1.455 1.213 1.033 0.897 0.783 0.604 0.441 0.300 0.118 -0.064 1.746 0.561
7.00 63.10 1.626 1.710 1.860 1.945 1.977 1.928 1.857 1.807 1.744 1.640 1.558 1.463 1.347 1.110 0.935 0.802 0.690 0.516 0.356 0.218 0.039 -0.138 1.626 0.467
7.00 79.43 1.500 1.580 1.725 1.810 1.840 1.793 1.723 1.676 1.615 1.513 1.434 1.340 1.226 0.994 0.824 0.695 0.585 0.416 0.259 0.125 -0.051 -0.223 1.500 0.362
7.00 100.00 1.367 1.442 1.583 1.668 1.697 1.650 1.580 1.535 1.476 1.374 1.298 1.204 1.091 0.864 0.699 0.573 0.467 0.303 0.149 0.018 -0.154 -0.321 1.367 0.244
7.00 125.89 1.227 1.298 1.434 1.519 1.546 1.499 1.428 1.385 1.325 1.223 1.147 1.051 0.939 0.717 0.558 0.435 0.331 0.172 0.022 -0.105 -0.274 -0.436 1.227 0.111
7.00 158.49 1.081 1.147 1.279 1.364 1.388 1.340 1.266 1.224 1.162 1.055 0.980 0.879 0.767 0.550 0.396 0.277 0.175 0.022 -0.124 -0.248 -0.413 -0.570 1.081 -0.040
7.00 199.53 0.927 0.989 1.117 1.202 1.222 1.171 1.093 1.050 0.983 0.870 0.792 0.685 0.571 0.357 0.209 0.093 -0.005 -0.153 -0.296 -0.416 -0.577 -0.728 0.927 -0.214
7.00 251.19 0.766 0.824 0.946 1.031 1.047 0.992 0.907 0.862 0.786 0.663 0.579 0.462 0.345 0.134 -0.009 -0.121 -0.216 -0.358 -0.497 -0.614 -0.771 -0.917 0.766 -0.414
7.00 316.23 0.597 0.649 0.767 0.852 0.862 0.801 0.706 0.657 0.568 0.428 0.337 0.204 0.081 -0.127 -0.265 -0.373 -0.465 -0.602 -0.737 -0.850 -1.003 -1.143 0.597 -0.649
7.00 398.11 0.417 0.465 0.578 0.662 0.666 0.594 0.487 0.430 0.322 0.160 0.056 -0.097 -0.229 -0.437 -0.568 -0.672 -0.762 -0.893 -1.024 -1.133 -1.283 -1.417 0.417 -0.927
7.00 501.19 0.225 0.268 0.376 0.461 0.455 0.371 0.246 0.178 0.044 -0.149 -0.271 -0.453 -0.596 -0.805 -0.931 -1.031 -1.118 -1.243 -1.371 -1.475 -1.621 -1.750 0.225 -1.257
7.00 630.96 0.018 0.056 0.159 0.244 0.227 0.125 -0.023 -0.107 -0.276 -0.510 -0.657 -0.876 -1.036 -1.249 -1.369 -1.465 -1.549 -1.668 -1.792 -1.893 -2.035 -2.157 0.018 -1.654
7.00 794.33 -0.207 -0.174 -0.076 0.009 -0.022 -0.148 -0.326 -0.432 -0.648 -0.936 -1.117 -1.385 -1.567 -1.786 -1.900 -1.992 -2.074 -2.187 -2.307 -2.403 -2.542 -2.658 -0.207 -2.135
7.00 1000.00 -0.455 -0.427 -0.333 -0.249 -0.298 -0.454 -0.672 -0.807 -1.084 -1.443 -1.669 -2.000 -2.212 -2.441 -2.550 -2.638 -2.716 -2.823 -2.939 -3.032 -3.166 -3.277 -0.455 -2.720
7.25 1.00 2.725 2.841 3.023 3.108 3.146 3.076 2.987 2.903 2.798 2.655 2.533 2.410 2.269 1.994 1.787 1.635 1.509 1.305 1.121 0.957 0.753 0.536 2.725 1.269
7.25 1.26 2.716 2.832 3.014 3.099 3.137 3.067 2.978 2.895 2.790 2.648 2.525 2.403 2.263 1.988 1.782 1.629 1.504 1.300 1.116 0.953 0.749 0.533 2.716 1.263
7.25 1.58 2.704 2.820 3.001 3.087 3.125 3.055 2.967 2.884 2.780 2.638 2.516 2.394 2.255 1.981 1.775 1.623 1.498 1.294 1.111 0.948 0.744 0.528 2.704 1.257
7.25 2.00 2.690 2.806 2.987 3.072 3.110 3.040 2.952 2.870 2.767 2.626 2.505 2.384 2.245 1.971 1.766 1.615 1.490 1.286 1.104 0.941 0.738 0.523 2.690 1.248
7.25 2.51 2.673 2.788 2.968 3.053 3.091 3.023 2.935 2.854 2.751 2.612 2.492 2.371 2.233 1.960 1.756 1.604 1.480 1.277 1.095 0.933 0.730 0.516 2.673 1.238
7.25 3.16 2.652 2.767 2.946 3.031 3.069 3.001 2.914 2.833 2.732 2.594 2.475 2.355 2.218 1.946 1.743 1.592 1.468 1.266 1.085 0.923 0.721 0.507 2.652 1.225
7.25 3.98 2.627 2.740 2.919 3.004 3.042 2.974 2.888 2.809 2.709 2.572 2.455 2.336 2.199 1.929 1.727 1.577 1.453 1.253 1.072 0.911 0.709 0.497 2.627 1.210
7.25 5.01 2.597 2.709 2.886 2.971 3.009 2.943 2.857 2.779 2.681 2.546 2.430 2.313 2.177 1.909 1.708 1.559 1.436 1.236 1.056 0.897 0.695 0.484 2.597 1.191
7.25 6.31 2.560 2.671 2.847 2.932 2.970 2.905 2.820 2.744 2.648 2.515 2.401 2.285 2.151 1.884 1.684 1.537 1.414 1.217 1.038 0.879 0.679 0.469 2.560 1.168
7.25 7.94 2.517 2.626 2.801 2.886 2.924 2.860 2.776 2.701 2.608 2.477 2.366 2.252 2.119 1.855 1.657 1.510 1.389 1.193 1.015 0.858 0.659 0.451 2.517 1.142
7.25 10.00 2.467 2.574 2.747 2.832 2.870 2.807 2.725 2.652 2.562 2.433 2.325 2.213 2.082 1.820 1.624 1.479 1.359 1.165 0.989 0.832 0.635 0.429 2.467 1.110
7.25 12.59 2.408 2.514 2.685 2.770 2.807 2.746 2.665 2.595 2.508 2.383 2.277 2.167 2.038 1.780 1.586 1.442 1.323 1.132 0.957 0.803 0.607 0.404 2.408 1.073
7.25 15.85 2.342 2.445 2.614 2.699 2.736 2.676 2.597 2.530 2.446 2.324 2.221 2.115 1.988 1.733 1.542 1.400 1.282 1.094 0.921 0.768 0.574 0.374 2.342 1.030
7.25 19.95 2.267 2.368 2.534 2.619 2.655 2.597 2.520 2.456 2.375 2.257 2.158 2.054 1.930 1.678 1.491 1.351 1.235 1.049 0.879 0.728 0.536 0.339 2.267 0.980
7.25 25.12 2.183 2.281 2.444 2.529 2.565 2.510 2.434 2.373 2.296 2.182 2.087 1.986 1.864 1.616 1.432 1.295 1.180 0.998 0.830 0.681 0.492 0.298 2.183 0.924
7.25 31.62 2.091 2.186 2.346 2.431 2.466 2.413 2.339 2.281 2.209 2.098 2.007 1.908 1.789 1.546 1.366 1.231 1.119 0.940 0.774 0.628 0.441 0.251 2.091 0.860
7.25 39.81 1.991 2.082 2.239 2.324 2.359 2.307 2.235 2.180 2.112 2.005 1.918 1.822 1.705 1.467 1.291 1.159 1.048 0.874 0.711 0.568 0.383 0.197 1.991 0.788
7.25 50.12 1.883 1.971 2.124 2.209 2.242 2.193 2.122 2.071 2.006 1.902 1.819 1.725 1.611 1.378 1.206 1.077 0.969 0.799 0.639 0.499 0.317 0.135 1.883 0.707
7.25 63.10 1.768 1.852 2.000 2.086 2.118 2.070 2.001 1.952 1.891 1.790 1.710 1.618 1.506 1.279 1.111 0.985 0.879 0.714 0.557 0.420 0.241 0.064 1.768 0.616
7.25 79.43 1.645 1.725 1.870 1.955 1.986 1.939 1.870 1.825 1.766 1.666 1.590 1.499 1.389 1.166 1.004 0.881 0.777 0.617 0.463 0.329 0.154 -0.018 1.645 0.514
7.25 100.00 1.516 1.592 1.732 1.817 1.847 1.801 1.731 1.688 1.630 1.531 1.457 1.366 1.257 1.039 0.882 0.763 0.662 0.506 0.356 0.225 0.053 -0.114 1.516 0.399
7.25 125.89 1.380 1.451 1.588 1.673 1.700 1.654 1.583 1.541 1.483 1.383 1.310 1.216 1.109 0.896 0.743 0.627 0.529 0.379 0.232 0.105 -0.063 -0.225 1.380 0.269
7.25 158.49 1.237 1.304 1.436 1.521 1.545 1.498 1.425 1.383 1.323 1.219 1.145 1.048 0.940 0.731 0.584 0.472 0.376 0.232 0.088 -0.035 -0.200 -0.357 1.237 0.121
7.25 199.53 1.087 1.149 1.277 1.362 1.383 1.333 1.255 1.213 1.148 1.037 0.961 0.856 0.747 0.542 0.400 0.291 0.199 0.059 -0.080 -0.200 -0.361 -0.512 1.087 -0.050
7.25 251.19 0.930 0.987 1.110 1.195 1.211 1.157 1.073 1.028 0.954 0.832 0.751 0.636 0.523 0.321 0.185 0.080 -0.010 -0.143 -0.279 -0.396 -0.553 -0.698 0.930 -0.249
7.25 316.23 0.763 0.816 0.934 1.019 1.029 0.968 0.875 0.826 0.739 0.601 0.511 0.381 0.263 0.062 -0.068 -0.169 -0.256 -0.384 -0.516 -0.629 -0.782 -0.922 0.763 -0.481
7.25 398.11 0.586 0.634 0.747 0.832 0.836 0.765 0.659 0.602 0.496 0.336 0.234 0.083 -0.044 -0.244 -0.368 -0.466 -0.550 -0.672 -0.801 -0.909 -1.059 -1.193 0.586 -0.756
7.25 501.19 0.397 0.440 0.548 0.633 0.628 0.544 0.420 0.353 0.221 0.030 -0.091 -0.270 -0.409 -0.610 -0.729 -0.822 -0.904 -1.020 -1.145 -1.249 -1.395 -1.523 0.397 -1.084
7.25 630.96 0.193 0.231 0.334 0.419 0.403 0.302 0.154 0.071 -0.097 -0.329 -0.474 -0.691 -0.846 -1.051 -1.164 -1.253 -1.332 -1.442 -1.563 -1.664 -1.806 -1.928 0.193 -1.479
7.25 794.33 -0.030 0.004 0.102 0.187 0.156 0.032 -0.146 -0.251 -0.466 -0.752 -0.931 -1.197 -1.375 -1.586 -1.692 -1.778 -1.854 -1.959 -2.075 -2.172 -2.310 -2.427 -0.030 -1.957
7.25 1000.00 -0.275 -0.246 -0.153 -0.068 -0.116 -0.272 -0.490 -0.623 -0.899 -1.256 -1.480 -1.809 -2.017 -2.238 -2.339 -2.421 -2.494 -2.593 -2.706 -2.798 -2.933 -3.043 -0.275 -2.540
7.50 1.00 2.805 2.919 3.099 3.185 3.223 3.156 3.069 2.989 2.889 2.752 2.634 2.517 2.383 2.118 1.920 1.775 1.656 1.462 1.282 1.120 0.917 0.703 2.805 1.378
7.50 1.26 2.796 2.911 3.091 3.176 3.214 3.147 3.061 2.981 2.881 2.745 2.628 2.511 2.377 2.113 1.915 1.771 1.651 1.457 1.278 1.117 0.914 0.700 2.796 1.373
7.50 1.58 2.786 2.900 3.080 3.165 3.203 3.136 3.051 2.971 2.872 2.736 2.620 2.503 2.370 2.106 1.909 1.765 1.646 1.452 1.273 1.112 0.909 0.696 2.786 1.367
7.50 2.00 2.774 2.887 3.066 3.152 3.190 3.123 3.038 2.959 2.861 2.725 2.610 2.494 2.361 2.098 1.902 1.757 1.638 1.445 1.267 1.106 0.904 0.691 2.774 1.359
7.50 2.51 2.758 2.872 3.050 3.135 3.174 3.107 3.022 2.944 2.847 2.712 2.597 2.482 2.350 2.088 1.892 1.748 1.630 1.437 1.259 1.099 0.897 0.685 2.758 1.350
7.50 3.16 2.740 2.852 3.030 3.115 3.153 3.088 3.003 2.926 2.830 2.696 2.582 2.468 2.336 2.075 1.880 1.737 1.619 1.427 1.250 1.090 0.889 0.677 2.740 1.338
7.50 3.98 2.717 2.828 3.005 3.090 3.129 3.064 2.980 2.903 2.809 2.677 2.564 2.450 2.319 2.060 1.866 1.723 1.606 1.415 1.238 1.079 0.878 0.668 2.717 1.324
7.50 5.01 2.689 2.800 2.975 3.061 3.099 3.035 2.952 2.876 2.783 2.653 2.541 2.429 2.299 2.041 1.848 1.707 1.590 1.400 1.224 1.066 0.866 0.657 2.689 1.307
7.50 6.31 2.656 2.765 2.940 3.025 3.063 3.000 2.918 2.844 2.753 2.624 2.515 2.404 2.275 2.019 1.827 1.686 1.570 1.382 1.207 1.049 0.851 0.643 2.656 1.287
7.50 7.94 2.616 2.724 2.898 2.983 3.021 2.959 2.877 2.805 2.716 2.590 2.482 2.373 2.246 1.992 1.802 1.662 1.547 1.361 1.187 1.030 0.832 0.626 2.616 1.262
7.50 10.00 2.570 2.676 2.848 2.933 2.971 2.910 2.830 2.760 2.673 2.549 2.444 2.337 2.212 1.960 1.772 1.634 1.519 1.335 1.162 1.007 0.810 0.607 2.570 1.233
7.50 12.59 2.516 2.620 2.790 2.875 2.913 2.853 2.775 2.707 2.623 2.502 2.400 2.295 2.171 1.922 1.737 1.600 1.486 1.304 1.133 0.980 0.785 0.583 2.516 1.198
7.50 15.85 2.454 2.556 2.724 2.809 2.846 2.788 2.711 2.646 2.566 2.447 2.348 2.246 2.124 1.878 1.695 1.560 1.448 1.269 1.099 0.947 0.754 0.555 2.454 1.158
7.50 19.95 2.383 2.483 2.648 2.734 2.771 2.715 2.639 2.576 2.500 2.385 2.289 2.189 2.069 1.827 1.647 1.514 1.404 1.227 1.060 0.910 0.719 0.522 2.383 1.111
7.50 25.12 2.305 2.402 2.564 2.649 2.686 2.632 2.558 2.498 2.425 2.314 2.222 2.124 2.007 1.769 1.592 1.461 1.352 1.179 1.014 0.866 0.677 0.484 2.305 1.058
7.50 31.62 2.218 2.312 2.471 2.556 2.592 2.540 2.467 2.411 2.342 2.234 2.146 2.051 1.936 1.702 1.529 1.401 1.294 1.124 0.961 0.816 0.629 0.440 2.218 0.997
7.50 39.81 2.122 2.213 2.369 2.454 2.489 2.439 2.368 2.315 2.249 2.145 2.060 1.968 1.856 1.626 1.458 1.332 1.226 1.061 0.901 0.758 0.574 0.389 2.122 0.928
7.50 50.12 2.019 2.106 2.258 2.344 2.378 2.329 2.260 2.210 2.148 2.046 1.966 1.875 1.766 1.541 1.376 1.253 1.150 0.989 0.832 0.692 0.511 0.330 2.019 0.851
7.50 63.10 1.908 1.991 2.140 2.225 2.258 2.211 2.143 2.096 2.037 1.938 1.860 1.771 1.664 1.444 1.284 1.164 1.064 0.907 0.753 0.616 0.438 0.261 1.908 0.763
7.50 79.43 1.790 1.869 2.014 2.099 2.131 2.085 2.017 1.972 1.916 1.818 1.744 1.656 1.550 1.335 1.180 1.063 0.965 0.813 0.662 0.528 0.353 0.182 1.790 0.664
7.50 100.00 1.664 1.740 1.880 1.965 1.995 1.950 1.882 1.839 1.784 1.687 1.614 1.526 1.422 1.212 1.062 0.948 0.852 0.705 0.557 0.427 0.255 0.089 1.664 0.552
7.50 125.89 1.532 1.603 1.739 1.825 1.852 1.807 1.737 1.696 1.640 1.542 1.471 1.380 1.276 1.071 0.926 0.816 0.723 0.581 0.436 0.309 0.141 -0.020 1.532 0.425
7.50 158.49 1.393 1.459 1.591 1.677 1.701 1.655 1.582 1.542 1.484 1.381 1.309 1.214 1.111 0.910 0.770 0.663 0.573 0.436 0.295 0.172 0.007 -0.149 1.393 0.279
7.50 199.53 1.246 1.308 1.436 1.521 1.542 1.493 1.416 1.375 1.312 1.202 1.128 1.026 0.920 0.723 0.589 0.486 0.398 0.267 0.130 0.010 -0.151 -0.302 1.246 0.111
7.50 251.19 1.092 1.149 1.272 1.357 1.374 1.320 1.237 1.193 1.121 1.001 0.921 0.809 0.700 0.505 0.377 0.277 0.192 0.067 -0.067 -0.183 -0.340 -0.485 1.092 -0.085
7.50 316.23 0.928 0.981 1.099 1.184 1.195 1.135 1.042 0.994 0.909 0.772 0.684 0.557 0.442 0.249 0.126 0.031 -0.051 -0.171 -0.301 -0.413 -0.567 -0.706 0.928 -0.315
7.50 398.11 0.754 0.802 0.916 1.001 1.005 0.935 0.829 0.774 0.669 0.510 0.409 0.261 0.138 -0.054 -0.172 -0.263 -0.343 -0.457 -0.583 -0.691 -0.841 -0.975 0.754 -0.588
7.50 501.19 0.568 0.611 0.720 0.805 0.800 0.717 0.594 0.527 0.396 0.207 0.088 -0.089 -0.224 -0.418 -0.529 -0.617 -0.694 -0.802 -0.924 -1.029 -1.175 -1.303 0.568 -0.913
7.50 630.96 0.367 0.405 0.509 0.594 0.578 0.477 0.330 0.248 0.082 -0.149 -0.293 -0.507 -0.659 -0.856 -0.962 -1.046 -1.119 -1.222 -1.340 -1.441 -1.583 -1.705 0.367 -1.305
7.50 794.33 0.147 0.181 0.279 0.365 0.334 0.210 0.033 -0.071 -0.285 -0.569 -0.747 -1.010 -1.184 -1.388 -1.488 -1.568 -1.639 -1.735 -1.850 -1.947 -2.085 -2.201 0.147 -1.781
7.50 1000.00 -0.095 -0.067 0.027 0.112 0.064 -0.091 -0.308 -0.441 -0.716 -1.071 -1.294 -1.620 -1.825 -2.038 -2.132 -2.208 -2.276 -2.367 -2.477 -2.570 -2.704 -2.815 -0.095 -2.362
7.75 1.00 2.885 2.998 3.176 3.262 3.301 3.236 3.152 3.075 2.980 2.849 2.736 2.624 2.496 2.238 2.033 1.873 1.742 1.557 1.381 1.221 1.020 0.808 2.885 1.484
7.75 1.26 2.878 2.991 3.169 3.254 3.293 3.228 3.144 3.068 2.974 2.842 2.730 2.619 2.491 2.233 2.028 1.869 1.737 1.553 1.378 1.218 1.017 0.805 2.878 1.479
7.75 1.58 2.869 2.981 3.159 3.244 3.283 3.219 3.135 3.059 2.965 2.835 2.723 2.612 2.484 2.227 2.023 1.863 1.732 1.548 1.373 1.214 1.013 0.802 2.869 1.474
7.75 2.00 2.858 2.970 3.147 3.232 3.271 3.207 3.124 3.048 2.955 2.825 2.714 2.603 2.476 2.220 2.016 1.857 1.726 1.542 1.368 1.208 1.008 0.797 2.858 1.467
7.75 2.51 2.844 2.955 3.132 3.217 3.256 3.192 3.110 3.035 2.943 2.813 2.703 2.593 2.466 2.211 2.007 1.848 1.718 1.535 1.361 1.202 1.002 0.792 2.844 1.459
7.75 3.16 2.827 2.938 3.114 3.199 3.238 3.175 3.092 3.018 2.927 2.799 2.689 2.580 2.454 2.199 1.996 1.838 1.708 1.526 1.352 1.194 0.994 0.785 2.827 1.448
7.75 3.98 2.806 2.916 3.092 3.177 3.216 3.153 3.071 2.998 2.908 2.781 2.673 2.564 2.439 2.185 1.983 1.826 1.696 1.515 1.342 1.184 0.985 0.777 2.806 1.435
7.75 5.01 2.781 2.890 3.065 3.150 3.189 3.127 3.046 2.973 2.885 2.759 2.652 2.545 2.421 2.168 1.968 1.811 1.682 1.501 1.329 1.172 0.973 0.767 2.781 1.420
7.75 6.31 2.751 2.859 3.032 3.118 3.156 3.095 3.015 2.944 2.857 2.733 2.628 2.522 2.398 2.148 1.948 1.792 1.664 1.485 1.314 1.157 0.960 0.754 2.751 1.401
7.75 7.94 2.715 2.821 2.993 3.079 3.117 3.057 2.978 2.908 2.824 2.702 2.598 2.494 2.372 2.123 1.925 1.770 1.643 1.465 1.295 1.140 0.943 0.739 2.715 1.378
7.75 10.00 2.672 2.777 2.948 3.033 3.071 3.012 2.934 2.867 2.784 2.664 2.563 2.460 2.340 2.094 1.898 1.744 1.617 1.442 1.272 1.118 0.923 0.721 2.672 1.351
7.75 12.59 2.622 2.725 2.894 2.980 3.017 2.960 2.883 2.818 2.738 2.621 2.522 2.421 2.302 2.059 1.865 1.713 1.587 1.414 1.246 1.093 0.899 0.699 2.622 1.320
7.75 15.85 2.565 2.666 2.832 2.918 2.956 2.899 2.824 2.761 2.684 2.570 2.474 2.375 2.258 2.018 1.826 1.676 1.551 1.380 1.214 1.063 0.871 0.673 2.565 1.282
7.75 19.95 2.499 2.598 2.762 2.848 2.885 2.830 2.756 2.696 2.622 2.511 2.418 2.322 2.207 1.970 1.781 1.633 1.510 1.341 1.177 1.028 0.838 0.643 2.499 1.238
7.75 25.12 2.425 2.521 2.683 2.768 2.805 2.752 2.680 2.622 2.552 2.444 2.355 2.261 2.148 1.915 1.729 1.583 1.461 1.296 1.134 0.987 0.799 0.607 2.425 1.188
7.75 31.62 2.342 2.436 2.595 2.680 2.716 2.665 2.594 2.539 2.473 2.368 2.283 2.191 2.081 1.851 1.670 1.525 1.406 1.244 1.084 0.940 0.754 0.566 2.342 1.130
7.75 39.81 2.252 2.342 2.498 2.583 2.618 2.569 2.500 2.448 2.385 2.283 2.201 2.112 2.004 1.779 1.601 1.459 1.342 1.184 1.027 0.885 0.701 0.517 2.252 1.065
7.75 50.12 2.153 2.240 2.392 2.477 2.512 2.464 2.396 2.347 2.288 2.189 2.110 2.023 1.918 1.697 1.523 1.384 1.269 1.115 0.961 0.821 0.641 0.460 2.153 0.990
7.75 63.10 2.047 2.130 2.278 2.363 2.397 2.351 2.283 2.237 2.181 2.084 2.009 1.923 1.820 1.604 1.435 1.299 1.185 1.036 0.884 0.748 0.570 0.395 2.047 0.905
7.75 79.43 1.933 2.012 2.156 2.242 2.274 2.229 2.162 2.118 2.064 1.969 1.896 1.811 1.709 1.498 1.333 1.201 1.089 0.945 0.797 0.663 0.489 0.318 1.933 0.809
7.75 100.00 1.811 1.886 2.027 2.112 2.143 2.098 2.031 1.989 1.936 1.841 1.770 1.684 1.584 1.378 1.218 1.088 0.980 0.840 0.695 0.565 0.394 0.227 1.811 0.700
7.75 125.89 1.683 1.754 1.890 1.975 2.004 1.959 1.890 1.850 1.796 1.699 1.630 1.541 1.442 1.240 1.085 0.959 0.853 0.719 0.577 0.450 0.282 0.121 1.683 0.576
7.75 158.49 1.547 1.614 1.746 1.831 1.856 1.810 1.739 1.699 1.643 1.542 1.472 1.379 1.279 1.082 0.932 0.810 0.706 0.577 0.439 0.315 0.151 -0.005 1.547 0.433
7.75 199.53 1.404 1.466 1.594 1.679 1.701 1.652 1.576 1.536 1.474 1.366 1.293 1.194 1.092 0.898 0.754 0.635 0.534 0.410 0.276 0.156 -0.005 -0.155 1.404 0.267
7.75 251.19 1.253 1.311 1.433 1.519 1.536 1.483 1.400 1.357 1.287 1.168 1.090 0.980 0.874 0.684 0.545 0.429 0.331 0.213 0.082 -0.034 -0.191 -0.336 1.253 0.074
7.75 316.23 1.093 1.146 1.264 1.349 1.361 1.301 1.209 1.161 1.077 0.942 0.856 0.730 0.620 0.430 0.297 0.186 0.090 -0.022 -0.150 -0.262 -0.415 -0.555 1.093 -0.154
7.75 398.11 0.922 0.970 1.083 1.169 1.173 1.104 0.999 0.944 0.841 0.683 0.584 0.438 0.318 0.130 0.002 -0.106 -0.198 -0.305 -0.429 -0.537 -0.687 -0.821 0.922 -0.424
7.75 501.19 0.739 0.782 0.890 0.976 0.971 0.889 0.766 0.700 0.571 0.382 0.265 0.090 -0.041 -0.231 -0.353 -0.457 -0.547 -0.648 -0.767 -0.872 -1.018 -1.146 0.739 -0.747
7.75 630.96 0.540 0.578 0.682 0.768 0.752 0.652 0.506 0.424 0.259 0.030 -0.113 -0.325 -0.473 -0.667 -0.783 -0.883 -0.969 -1.065 -1.181 -1.281 -1.423 -1.546 0.540 -1.137
7.75 794.33 0.323 0.357 0.456 0.541 0.511 0.387 0.211 0.107 -0.105 -0.388 -0.565 -0.825 -0.996 -1.196 -1.306 -1.403 -1.486 -1.576 -1.688 -1.785 -1.923 -2.039 0.323 -1.610
7.75 1000.00 0.084 0.112 0.206 0.292 0.244 0.089 -0.127 -0.260 -0.533 -0.887 -1.108 -1.433 -1.634 -1.843 -1.948 -2.040 -2.121 -2.205 -2.313 -2.406 -2.540 -2.650 0.084 -2.189
8.00 1.00 2.967 3.078 3.255 3.340 3.379 3.317 3.236 3.162 3.051 2.907 2.789 2.670 2.531 2.263 2.065 1.912 1.786 1.610 1.438 1.280 1.080 0.871 2.967 1.508
8.00 1.26 2.961 3.071 3.248 3.333 3.372 3.310 3.229 3.156 3.045 2.902 2.784 2.665 2.526 2.258 2.061 1.908 1.782 1.606 1.435 1.277 1.077 0.868 2.961 1.504
8.00 1.58 2.953 3.063 3.239 3.324 3.364 3.301 3.221 3.148 3.037 2.895 2.777 2.659 2.520 2.253 2.056 1.903 1.778 1.602 1.431 1.273 1.073 0.865 2.953 1.499
8.00 2.00 2.943 3.053 3.228 3.314 3.353 3.291 3.210 3.138 3.028 2.886 2.769 2.651 2.513 2.246 2.050 1.897 1.772 1.597 1.426 1.268 1.069 0.861 2.943 1.493
8.00 2.51 2.930 3.040 3.215 3.300 3.339 3.278 3.198 3.126 3.017 2.875 2.759 2.642 2.504 2.238 2.042 1.890 1.765 1.590 1.420 1.262 1.064 0.856 2.930 1.486
8.00 3.16 2.915 3.024 3.198 3.284 3.323 3.262 3.182 3.111 3.003 2.862 2.747 2.630 2.493 2.228 2.033 1.881 1.756 1.582 1.412 1.255 1.057 0.850 2.915 1.476
8.00 3.98 2.896 3.004 3.178 3.264 3.303 3.242 3.163 3.093 2.985 2.846 2.732 2.616 2.479 2.215 2.021 1.870 1.745 1.572 1.403 1.246 1.049 0.843 2.896 1.465
8.00 5.01 2.873 2.981 3.154 3.239 3.278 3.218 3.140 3.070 2.964 2.826 2.713 2.598 2.463 2.200 2.007 1.856 1.732 1.560 1.391 1.235 1.038 0.833 2.873 1.451
8.00 6.31 2.846 2.952 3.124 3.210 3.248 3.189 3.111 3.043 2.939 2.802 2.691 2.577 2.442 2.181 1.989 1.839 1.716 1.545 1.377 1.222 1.026 0.822 2.846 1.433
8.00 7.94 2.813 2.918 3.089 3.174 3.213 3.155 3.078 3.011 2.908 2.774 2.664 2.551 2.418 2.158 1.968 1.819 1.696 1.527 1.360 1.206 1.011 0.808 2.813 1.413
8.00 10.00 2.774 2.877 3.047 3.132 3.171 3.114 3.038 2.973 2.872 2.739 2.632 2.521 2.389 2.131 1.942 1.795 1.673 1.505 1.339 1.186 0.992 0.792 2.774 1.388
8.00 12.59 2.728 2.830 2.997 3.083 3.121 3.065 2.990 2.927 2.829 2.699 2.594 2.484 2.354 2.099 1.912 1.766 1.645 1.479 1.315 1.163 0.970 0.772 2.728 1.358
8.00 15.85 2.674 2.775 2.940 3.026 3.064 3.009 2.935 2.875 2.779 2.651 2.549 2.441 2.313 2.061 1.876 1.731 1.612 1.448 1.285 1.135 0.944 0.748 2.674 1.323
8.00 19.95 2.613 2.711 2.874 2.960 2.998 2.945 2.872 2.814 2.722 2.597 2.497 2.392 2.265 2.016 1.834 1.691 1.573 1.412 1.251 1.103 0.913 0.720 2.613 1.282
8.00 25.12 2.544 2.639 2.800 2.886 2.923 2.872 2.800 2.745 2.656 2.533 2.437 2.334 2.209 1.964 1.785 1.644 1.527 1.370 1.211 1.064 0.877 0.686 2.544 1.235
8.00 31.62 2.466 2.559 2.717 2.802 2.839 2.789 2.720 2.666 2.581 2.462 2.369 2.268 2.146 1.904 1.728 1.590 1.474 1.320 1.163 1.019 0.834 0.647 2.466 1.180
8.00 39.81 2.380 2.470 2.625 2.710 2.746 2.698 2.630 2.579 2.497 2.381 2.291 2.192 2.072 1.835 1.663 1.527 1.414 1.263 1.109 0.967 0.784 0.601 2.380 1.118
8.00 50.12 2.286 2.372 2.524 2.609 2.644 2.598 2.531 2.483 2.404 2.291 2.204 2.107 1.989 1.756 1.589 1.455 1.344 1.197 1.045 0.906 0.726 0.547 2.286 1.046
8.00 63.10 2.184 2.267 2.415 2.500 2.534 2.489 2.422 2.378 2.301 2.190 2.107 2.011 1.895 1.667 1.503 1.372 1.263 1.121 0.972 0.836 0.659 0.484 2.184 0.964
8.00 79.43 2.074 2.153 2.297 2.383 2.415 2.371 2.305 2.263 2.188 2.078 1.997 1.902 1.788 1.564 1.405 1.277 1.171 1.033 0.887 0.754 0.580 0.409 2.074 0.871
8.00 100.00 1.957 2.032 2.172 2.258 2.289 2.245 2.178 2.138 2.064 1.954 1.875 1.779 1.666 1.447 1.293 1.168 1.064 0.931 0.788 0.659 0.488 0.322 1.957 0.765
8.00 125.89 1.833 1.903 2.040 2.125 2.153 2.109 2.041 2.002 1.928 1.816 1.738 1.639 1.527 1.313 1.163 1.042 0.940 0.812 0.673 0.547 0.379 0.218 1.833 0.644
8.00 158.49 1.701 1.767 1.899 1.985 2.010 1.965 1.894 1.855 1.778 1.662 1.583 1.480 1.368 1.157 1.013 0.895 0.796 0.673 0.537 0.414 0.250 0.095 1.701 0.503
8.00 199.53 1.561 1.623 1.751 1.836 1.858 1.810 1.735 1.695 1.613 1.490 1.408 1.298 1.183 0.976 0.838 0.723 0.627 0.510 0.377 0.258 0.097 -0.053 1.561 0.340
8.00 251.19 1.413 1.471 1.594 1.679 1.697 1.644 1.562 1.520 1.429 1.294 1.208 1.087 0.969 0.765 0.631 0.521 0.427 0.315 0.186 0.071 -0.087 -0.231 1.413 0.150
8.00 316.23 1.256 1.309 1.427 1.513 1.525 1.465 1.374 1.327 1.222 1.072 0.977 0.841 0.717 0.514 0.387 0.280 0.189 0.082 -0.043 -0.155 -0.308 -0.447 1.256 -0.075
8.00 398.11 1.088 1.137 1.250 1.336 1.340 1.272 1.167 1.113 0.989 0.816 0.707 0.551 0.418 0.216 0.094 -0.009 -0.097 -0.198 -0.319 -0.427 -0.577 -0.711 1.088 -0.343
8.00 501.19 0.908 0.951 1.060 1.146 1.141 1.060 0.937 0.872 0.722 0.518 0.391 0.206 0.062 -0.142 -0.258 -0.357 -0.443 -0.538 -0.655 -0.760 -0.905 -1.033 0.908 -0.664
8.00 630.96 0.712 0.751 0.855 0.940 0.925 0.825 0.680 0.598 0.413 0.168 0.016 -0.206 -0.368 -0.575 -0.685 -0.781 -0.863 -0.952 -1.066 -1.167 -1.308 -1.431 0.712 -1.051
8.00 794.33 0.498 0.532 0.631 0.717 0.687 0.564 0.388 0.285 0.052 -0.247 -0.433 -0.704 -0.888 -1.101 -1.206 -1.298 -1.377 -1.461 -1.570 -1.667 -1.805 -1.921 0.498 -1.522
8.00 1000.00 0.261 0.290 0.384 0.470 0.422 0.268 0.052 -0.079 -0.374 -0.743 -0.974 -1.309 -1.523 -1.746 -1.845 -1.933 -2.010 -2.087 -2.193 -2.286 -2.420 -2.530 0.261 -2.098
