AbrahamsonEtAl2015SSlab as implemented in OpenQuake, distance is rhypo. Log10 hazard values in cgs units
          14 31 23 : nmag, ndist, nperiod
          0.020 0.050 0.075 0.100 0.150 0.200 0.250 0.300 0.400 0.500 0.600 0.750 1.000 1.500 2.000 2.500 3.000 4.000 5.000 6.000 7.500 10.000 PGA PGV
          0.740 0.740 0.740 0.740 0.740 0.740 0.740 0.740 0.740 0.740 0.740 0.740 0.740 0.740 0.740 0.740 0.740 0.740 0.740 0.740 0.740 0.740 0.740 0.740
4.75 1.00 2.871 3.106 3.296 3.363 3.364 3.219 3.050 2.873 2.592 2.319 2.080 1.813 1.504 0.992 0.681 0.447 0.254 -0.057 -0.266 -0.421 -0.616 -0.821 2.871 1.111
4.75 1.26 2.838 3.073 3.262 3.329 3.330 3.187 3.019 2.844 2.565 2.294 2.057 1.792 1.485 0.975 0.665 0.431 0.239 -0.072 -0.280 -0.435 -0.629 -0.833 2.838 1.084
4.75 1.58 2.799 3.033 3.221 3.288 3.289 3.148 2.981 2.808 2.532 2.264 2.028 1.766 1.460 0.954 0.645 0.412 0.220 -0.089 -0.296 -0.451 -0.644 -0.847 2.799 1.051
4.75 2.00 2.753 2.985 3.172 3.239 3.240 3.101 2.936 2.765 2.492 2.227 1.995 1.734 1.432 0.928 0.620 0.388 0.197 -0.110 -0.317 -0.470 -0.662 -0.864 2.753 1.012
4.75 2.51 2.697 2.928 3.114 3.181 3.181 3.045 2.883 2.714 2.445 2.184 1.954 1.697 1.397 0.898 0.592 0.361 0.170 -0.136 -0.341 -0.493 -0.685 -0.884 2.697 0.966
4.75 3.16 2.631 2.861 3.045 3.112 3.112 2.979 2.820 2.654 2.390 2.133 1.907 1.653 1.356 0.862 0.557 0.328 0.138 -0.166 -0.370 -0.521 -0.711 -0.909 2.631 0.911
4.75 3.98 2.555 2.782 2.965 3.032 3.032 2.903 2.746 2.585 2.325 2.073 1.851 1.602 1.309 0.820 0.518 0.289 0.101 -0.201 -0.403 -0.553 -0.741 -0.937 2.555 0.847
4.75 5.01 2.467 2.693 2.873 2.940 2.940 2.815 2.662 2.504 2.251 2.004 1.787 1.542 1.254 0.771 0.472 0.245 0.058 -0.241 -0.442 -0.590 -0.776 -0.970 2.467 0.773
4.75 6.31 2.368 2.591 2.768 2.836 2.836 2.715 2.566 2.413 2.166 1.926 1.714 1.475 1.192 0.716 0.419 0.195 0.009 -0.287 -0.486 -0.632 -0.817 -1.007 2.368 0.690
4.75 7.94 2.256 2.476 2.652 2.719 2.719 2.603 2.459 2.311 2.071 1.838 1.632 1.399 1.122 0.654 0.360 0.138 -0.046 -0.339 -0.536 -0.680 -0.863 -1.050 2.256 0.596
4.75 10.00 2.133 2.350 2.522 2.590 2.589 2.479 2.340 2.197 1.966 1.740 1.541 1.314 1.043 0.584 0.294 0.074 -0.108 -0.398 -0.592 -0.734 -0.914 -1.097 2.133 0.491
4.75 12.59 1.998 2.212 2.381 2.448 2.448 2.344 2.209 2.073 1.851 1.633 1.441 1.221 0.957 0.507 0.221 0.004 -0.177 -0.462 -0.654 -0.793 -0.971 -1.150 1.998 0.376
4.75 15.85 1.853 2.063 2.229 2.296 2.295 2.197 2.069 1.939 1.726 1.517 1.332 1.120 0.862 0.423 0.141 -0.074 -0.252 -0.533 -0.722 -0.858 -1.033 -1.209 1.853 0.252
4.75 19.95 1.697 1.904 2.066 2.133 2.132 2.041 1.918 1.795 1.592 1.391 1.215 1.010 0.760 0.331 0.054 -0.158 -0.334 -0.611 -0.797 -0.930 -1.102 -1.273 1.697 0.118
4.75 25.12 1.533 1.736 1.894 1.961 1.959 1.875 1.758 1.642 1.449 1.258 1.089 0.892 0.650 0.232 -0.040 -0.249 -0.422 -0.695 -0.878 -1.008 -1.176 -1.342 1.533 -0.025
4.75 31.62 1.361 1.559 1.713 1.780 1.778 1.701 1.590 1.481 1.298 1.116 0.956 0.765 0.531 0.126 -0.142 -0.347 -0.518 -0.786 -0.965 -1.092 -1.257 -1.418 1.361 -0.177
4.75 39.81 1.181 1.375 1.525 1.592 1.589 1.519 1.414 1.312 1.139 0.965 0.814 0.631 0.405 0.011 -0.251 -0.453 -0.622 -0.884 -1.060 -1.183 -1.345 -1.501 1.181 -0.338
4.75 50.12 0.995 1.185 1.330 1.397 1.393 1.330 1.231 1.136 0.973 0.807 0.663 0.487 0.269 -0.112 -0.369 -0.568 -0.733 -0.991 -1.163 -1.283 -1.441 -1.592 0.995 -0.507
4.75 63.10 0.802 0.988 1.128 1.196 1.191 1.135 1.041 0.953 0.798 0.640 0.504 0.334 0.124 -0.245 -0.497 -0.692 -0.855 -1.106 -1.275 -1.392 -1.546 -1.692 0.802 -0.686
4.75 79.43 0.605 0.786 0.921 0.989 0.982 0.933 0.843 0.762 0.616 0.464 0.334 0.170 -0.033 -0.390 -0.636 -0.827 -0.987 -1.233 -1.399 -1.511 -1.662 -1.802 0.605 -0.875
4.75 100.00 0.402 0.578 0.709 0.776 0.768 0.724 0.639 0.563 0.424 0.277 0.153 -0.007 -0.203 -0.547 -0.788 -0.975 -1.133 -1.373 -1.535 -1.644 -1.791 -1.925 0.402 -1.074
4.75 125.89 0.193 0.365 0.491 0.558 0.548 0.509 0.427 0.356 0.222 0.078 -0.041 -0.199 -0.389 -0.721 -0.956 -1.140 -1.295 -1.529 -1.687 -1.792 -1.936 -2.064 0.193 -1.287
4.75 158.49 -0.021 0.146 0.267 0.335 0.322 0.287 0.206 0.139 0.008 -0.135 -0.251 -0.409 -0.594 -0.915 -1.144 -1.324 -1.476 -1.705 -1.859 -1.960 -2.100 -2.222 -0.021 -1.515
4.75 199.53 -0.241 -0.079 0.038 0.105 0.088 0.056 -0.025 -0.090 -0.221 -0.366 -0.481 -0.641 -0.823 -1.133 -1.356 -1.532 -1.681 -1.904 -2.054 -2.152 -2.288 -2.405 -0.241 -1.762
4.75 251.19 -0.468 -0.311 -0.199 -0.132 -0.153 -0.185 -0.268 -0.332 -0.466 -0.618 -0.735 -0.901 -1.082 -1.381 -1.599 -1.771 -1.917 -2.134 -2.280 -2.374 -2.506 -2.617 -0.468 -2.032
4.75 316.23 -0.703 -0.551 -0.444 -0.377 -0.403 -0.437 -0.525 -0.591 -0.733 -0.896 -1.019 -1.196 -1.377 -1.667 -1.879 -2.047 -2.190 -2.402 -2.544 -2.633 -2.761 -2.867 -0.703 -2.330
4.75 398.11 -0.948 -0.801 -0.698 -0.631 -0.665 -0.703 -0.800 -0.870 -1.026 -1.208 -1.339 -1.533 -1.718 -2.001 -2.206 -2.370 -2.511 -2.716 -2.854 -2.940 -3.064 -3.164 -0.948 -2.663
4.75 501.19 -1.204 -1.062 -0.965 -0.897 -0.940 -0.986 -1.097 -1.175 -1.352 -1.560 -1.707 -1.925 -2.116 -2.393 -2.593 -2.753 -2.890 -3.090 -3.224 -3.306 -3.426 -3.520 -1.204 -3.040
4.75 630.96 -1.475 -1.338 -1.246 -1.178 -1.232 -1.291 -1.421 -1.512 -1.719 -1.964 -2.133 -2.384 -2.587 -2.860 -3.054 -3.210 -3.344 -3.538 -3.669 -3.746 -3.862 -3.950 -1.475 -3.472
4.75 794.33 -1.764 -1.632 -1.544 -1.477 -1.545 -1.622 -1.779 -1.888 -2.137 -2.432 -2.632 -2.927 -3.148 -3.421 -3.609 -3.761 -3.892 -4.080 -4.206 -4.280 -4.392 -4.474 -1.764 -3.973
4.75 1000.00 -2.075 -1.948 -1.866 -1.798 -1.885 -1.987 -2.180 -2.314 -2.620 -2.981 -3.223 -3.578 -3.824 -4.099 -4.281 -4.430 -4.558 -4.740 -4.862 -4.932 -5.040 -5.116 -2.075 -4.561
5.00 1.00 2.928 3.162 3.351 3.418 3.420 3.280 3.115 2.943 2.670 2.406 2.174 1.916 1.619 1.127 0.831 0.609 0.427 0.134 -0.068 -0.223 -0.416 -0.618 2.928 1.203
5.00 1.26 2.899 3.132 3.320 3.388 3.389 3.251 3.087 2.917 2.646 2.383 2.153 1.897 1.601 1.111 0.816 0.595 0.413 0.121 -0.081 -0.235 -0.427 -0.629 2.899 1.179
5.00 1.58 2.864 3.096 3.283 3.350 3.352 3.215 3.053 2.884 2.616 2.355 2.127 1.873 1.579 1.092 0.798 0.577 0.396 0.105 -0.096 -0.249 -0.441 -0.642 2.864 1.149
5.00 2.00 2.821 3.052 3.238 3.305 3.307 3.172 3.011 2.845 2.580 2.322 2.096 1.844 1.553 1.069 0.776 0.556 0.376 0.085 -0.114 -0.267 -0.458 -0.657 2.821 1.114
5.00 2.51 2.770 2.999 3.184 3.252 3.253 3.121 2.962 2.798 2.536 2.282 2.059 1.810 1.521 1.041 0.750 0.531 0.351 0.062 -0.136 -0.288 -0.477 -0.675 2.770 1.071
5.00 3.16 2.709 2.937 3.121 3.188 3.189 3.060 2.904 2.743 2.485 2.235 2.015 1.770 1.484 1.008 0.718 0.501 0.322 0.035 -0.163 -0.313 -0.501 -0.697 2.709 1.021
5.00 3.98 2.639 2.865 3.046 3.114 3.115 2.989 2.836 2.679 2.426 2.180 1.964 1.722 1.440 0.969 0.682 0.466 0.288 0.003 -0.193 -0.342 -0.529 -0.723 2.639 0.961
5.00 5.01 2.557 2.781 2.961 3.028 3.029 2.907 2.758 2.604 2.356 2.116 1.905 1.667 1.389 0.924 0.639 0.425 0.249 -0.034 -0.229 -0.376 -0.562 -0.753 2.557 0.893
5.00 6.31 2.463 2.686 2.863 2.931 2.931 2.814 2.668 2.518 2.277 2.043 1.837 1.604 1.331 0.873 0.591 0.378 0.203 -0.077 -0.270 -0.415 -0.599 -0.788 2.463 0.815
5.00 7.94 2.358 2.578 2.753 2.820 2.821 2.708 2.567 2.422 2.188 1.960 1.760 1.533 1.265 0.815 0.535 0.325 0.151 -0.126 -0.317 -0.460 -0.641 -0.827 2.358 0.726
5.00 10.00 2.241 2.458 2.630 2.698 2.698 2.591 2.454 2.314 2.088 1.868 1.674 1.453 1.191 0.749 0.473 0.265 0.093 -0.180 -0.369 -0.510 -0.689 -0.872 2.241 0.627
5.00 12.59 2.113 2.327 2.495 2.563 2.563 2.462 2.330 2.196 1.979 1.766 1.578 1.364 1.109 0.676 0.404 0.198 0.028 -0.241 -0.428 -0.566 -0.743 -0.922 2.113 0.518
5.00 15.85 1.974 2.184 2.349 2.417 2.417 2.321 2.195 2.068 1.859 1.654 1.474 1.267 1.019 0.596 0.328 0.125 -0.043 -0.309 -0.492 -0.628 -0.802 -0.977 1.974 0.399
5.00 19.95 1.824 2.031 2.192 2.260 2.260 2.171 2.050 1.929 1.730 1.534 1.362 1.162 0.921 0.508 0.244 0.044 -0.121 -0.383 -0.563 -0.696 -0.867 -1.038 1.824 0.270
5.00 25.12 1.665 1.868 2.026 2.094 2.093 2.011 1.896 1.782 1.592 1.405 1.240 1.048 0.814 0.413 0.154 -0.043 -0.207 -0.463 -0.641 -0.770 -0.939 -1.104 1.665 0.132
5.00 31.62 1.498 1.697 1.850 1.918 1.917 1.841 1.732 1.625 1.446 1.267 1.111 0.926 0.700 0.310 0.056 -0.138 -0.299 -0.551 -0.725 -0.851 -1.016 -1.177 1.498 -0.015
5.00 39.81 1.323 1.518 1.667 1.735 1.733 1.664 1.561 1.461 1.291 1.121 0.973 0.795 0.577 0.199 -0.050 -0.240 -0.399 -0.646 -0.817 -0.940 -1.101 -1.257 1.323 -0.171
5.00 50.12 1.141 1.331 1.476 1.544 1.541 1.480 1.382 1.289 1.129 0.967 0.826 0.655 0.445 0.079 -0.165 -0.352 -0.508 -0.749 -0.917 -1.036 -1.194 -1.345 1.141 -0.337
5.00 63.10 0.953 1.139 1.279 1.347 1.343 1.288 1.196 1.109 0.958 0.803 0.670 0.506 0.303 -0.051 -0.289 -0.473 -0.626 -0.862 -1.026 -1.142 -1.297 -1.442 0.953 -0.511
5.00 79.43 0.759 0.940 1.076 1.144 1.139 1.090 1.002 0.922 0.779 0.631 0.504 0.345 0.149 -0.192 -0.425 -0.605 -0.755 -0.986 -1.146 -1.259 -1.410 -1.549 0.759 -0.696
5.00 100.00 0.560 0.736 0.868 0.935 0.928 0.885 0.801 0.727 0.591 0.447 0.326 0.171 -0.018 -0.347 -0.574 -0.750 -0.898 -1.123 -1.280 -1.388 -1.536 -1.670 0.560 -0.892
5.00 125.89 0.355 0.526 0.653 0.721 0.711 0.674 0.593 0.523 0.392 0.252 0.135 -0.018 -0.201 -0.518 -0.740 -0.912 -1.057 -1.276 -1.429 -1.534 -1.677 -1.806 0.355 -1.102
5.00 158.49 0.144 0.311 0.433 0.501 0.488 0.454 0.375 0.309 0.181 0.041 -0.072 -0.225 -0.403 -0.709 -0.925 -1.093 -1.235 -1.449 -1.598 -1.699 -1.839 -1.961 0.144 -1.327
5.00 199.53 -0.073 0.089 0.206 0.274 0.258 0.227 0.147 0.084 -0.044 -0.187 -0.299 -0.454 -0.629 -0.924 -1.134 -1.299 -1.438 -1.646 -1.791 -1.888 -2.024 -2.141 -0.073 -1.571
5.00 251.19 -0.297 -0.140 -0.028 0.040 0.020 -0.011 -0.093 -0.155 -0.287 -0.436 -0.550 -0.712 -0.885 -1.170 -1.374 -1.535 -1.671 -1.873 -2.014 -2.107 -2.239 -2.351 -0.297 -1.837
5.00 316.23 -0.529 -0.377 -0.270 -0.202 -0.228 -0.260 -0.348 -0.411 -0.551 -0.711 -0.831 -1.003 -1.177 -1.453 -1.652 -1.808 -1.942 -2.138 -2.275 -2.364 -2.492 -2.598 -0.529 -2.132
5.00 398.11 -0.771 -0.624 -0.521 -0.453 -0.487 -0.523 -0.620 -0.688 -0.841 -1.020 -1.149 -1.338 -1.515 -1.784 -1.976 -2.129 -2.259 -2.450 -2.583 -2.669 -2.793 -2.892 -0.771 -2.462
5.00 501.19 -1.025 -0.882 -0.785 -0.717 -0.759 -0.804 -0.914 -0.990 -1.164 -1.370 -1.514 -1.727 -1.911 -2.173 -2.360 -2.509 -2.637 -2.821 -2.950 -3.032 -3.152 -3.246 -1.025 -2.836
5.00 630.96 -1.293 -1.156 -1.063 -0.995 -1.049 -1.106 -1.235 -1.324 -1.529 -1.771 -1.937 -2.183 -2.379 -2.638 -2.819 -2.964 -3.088 -3.267 -3.392 -3.470 -3.586 -3.673 -1.293 -3.266
5.00 794.33 -1.579 -1.447 -1.359 -1.291 -1.359 -1.435 -1.591 -1.698 -1.944 -2.237 -2.433 -2.725 -2.938 -3.196 -3.371 -3.512 -3.633 -3.806 -3.927 -4.001 -4.113 -4.195 -1.579 -3.764
5.00 1000.00 -1.888 -1.760 -1.678 -1.610 -1.695 -1.797 -1.989 -2.122 -2.425 -2.783 -3.022 -3.373 -3.611 -3.872 -4.041 -4.178 -4.296 -4.463 -4.580 -4.650 -4.758 -4.834 -1.888 -4.349
5.25 1.00 2.986 3.218 3.405 3.473 3.476 3.341 3.180 3.014 2.749 2.492 2.267 2.018 1.732 1.260 0.979 0.769 0.598 0.321 0.125 -0.028 -0.219 -0.420 2.986 1.296
5.25 1.26 2.960 3.191 3.378 3.446 3.448 3.314 3.155 2.989 2.726 2.471 2.248 2.001 1.716 1.246 0.965 0.756 0.585 0.309 0.114 -0.038 -0.229 -0.429 2.960 1.274
5.25 1.58 2.928 3.158 3.344 3.412 3.414 3.282 3.124 2.960 2.699 2.446 2.225 1.979 1.696 1.228 0.949 0.741 0.570 0.295 0.100 -0.051 -0.242 -0.440 2.928 1.247
5.25 2.00 2.888 3.118 3.303 3.371 3.373 3.243 3.086 2.924 2.666 2.416 2.197 1.953 1.673 1.207 0.929 0.722 0.551 0.277 0.084 -0.067 -0.257 -0.454 2.888 1.214
5.25 2.51 2.842 3.070 3.253 3.322 3.324 3.196 3.041 2.882 2.627 2.380 2.163 1.922 1.644 1.182 0.905 0.699 0.529 0.257 0.064 -0.086 -0.275 -0.471 2.842 1.175
5.25 3.16 2.786 3.013 3.195 3.263 3.265 3.140 2.988 2.831 2.580 2.336 2.123 1.885 1.610 1.152 0.877 0.671 0.503 0.232 0.040 -0.109 -0.296 -0.491 2.786 1.129
5.25 3.98 2.721 2.946 3.126 3.194 3.196 3.074 2.925 2.771 2.525 2.285 2.076 1.841 1.569 1.117 0.843 0.639 0.471 0.202 0.012 -0.136 -0.322 -0.514 2.721 1.074
5.25 5.01 2.645 2.868 3.047 3.115 3.117 2.998 2.852 2.701 2.460 2.226 2.021 1.791 1.522 1.075 0.804 0.601 0.435 0.168 -0.021 -0.167 -0.352 -0.542 2.645 1.011
5.25 6.31 2.557 2.779 2.955 3.023 3.025 2.910 2.768 2.622 2.387 2.158 1.957 1.732 1.468 1.027 0.759 0.558 0.393 0.128 -0.059 -0.203 -0.386 -0.574 2.557 0.938
5.25 7.94 2.459 2.678 2.851 2.920 2.921 2.811 2.672 2.531 2.303 2.080 1.885 1.665 1.406 0.973 0.707 0.508 0.344 0.083 -0.102 -0.245 -0.425 -0.610 2.459 0.855
5.25 10.00 2.348 2.564 2.735 2.803 2.805 2.700 2.566 2.430 2.209 1.993 1.804 1.590 1.337 0.911 0.649 0.452 0.290 0.032 -0.151 -0.291 -0.470 -0.652 2.348 0.761
5.25 12.59 2.226 2.439 2.607 2.675 2.677 2.577 2.448 2.317 2.104 1.896 1.713 1.506 1.259 0.842 0.583 0.389 0.229 -0.026 -0.206 -0.344 -0.521 -0.698 2.226 0.658
5.25 15.85 2.093 2.303 2.468 2.536 2.537 2.443 2.319 2.194 1.990 1.790 1.614 1.413 1.173 0.766 0.511 0.319 0.161 -0.089 -0.268 -0.403 -0.576 -0.750 2.093 0.544
5.25 19.95 1.949 2.155 2.317 2.385 2.385 2.299 2.180 2.061 1.867 1.674 1.506 1.312 1.079 0.682 0.431 0.243 0.086 -0.160 -0.335 -0.467 -0.638 -0.808 1.949 0.421
5.25 25.12 1.796 1.998 2.156 2.224 2.224 2.144 2.031 1.919 1.734 1.550 1.389 1.203 0.977 0.591 0.345 0.159 0.005 -0.237 -0.409 -0.538 -0.706 -0.871 1.796 0.288
5.25 31.62 1.634 1.832 1.986 2.054 2.054 1.980 1.873 1.768 1.592 1.417 1.264 1.084 0.866 0.491 0.250 0.067 -0.084 -0.321 -0.490 -0.616 -0.781 -0.941 1.634 0.145
5.25 39.81 1.464 1.658 1.808 1.876 1.875 1.808 1.706 1.608 1.442 1.275 1.130 0.958 0.747 0.384 0.148 -0.032 -0.181 -0.413 -0.579 -0.701 -0.863 -1.018 1.464 -0.007
5.25 50.12 1.286 1.477 1.622 1.690 1.688 1.628 1.532 1.440 1.283 1.125 0.987 0.821 0.619 0.267 0.036 -0.140 -0.286 -0.513 -0.675 -0.795 -0.953 -1.103 1.286 -0.168
5.25 63.10 1.102 1.288 1.429 1.497 1.494 1.441 1.350 1.265 1.117 0.965 0.835 0.675 0.480 0.141 -0.085 -0.258 -0.402 -0.623 -0.782 -0.898 -1.052 -1.197 1.102 -0.338
5.25 79.43 0.912 1.094 1.230 1.298 1.293 1.246 1.160 1.081 0.941 0.796 0.672 0.518 0.330 0.003 -0.218 -0.387 -0.528 -0.744 -0.899 -1.011 -1.162 -1.302 0.912 -0.519
5.25 100.00 0.717 0.893 1.025 1.093 1.087 1.045 0.963 0.890 0.756 0.616 0.498 0.347 0.166 -0.149 -0.364 -0.529 -0.668 -0.878 -1.030 -1.138 -1.285 -1.419 0.717 -0.712
5.25 125.89 0.515 0.687 0.814 0.882 0.873 0.837 0.757 0.689 0.561 0.423 0.310 0.162 -0.014 -0.317 -0.527 -0.688 -0.824 -1.029 -1.176 -1.281 -1.424 -1.553 0.515 -0.918
5.25 158.49 0.308 0.475 0.597 0.665 0.654 0.621 0.543 0.478 0.353 0.216 0.106 -0.043 -0.214 -0.505 -0.709 -0.867 -0.999 -1.198 -1.342 -1.443 -1.583 -1.706 0.308 -1.140
5.25 199.53 0.094 0.256 0.374 0.442 0.427 0.396 0.318 0.256 0.131 -0.009 -0.118 -0.269 -0.437 -0.718 -0.916 -1.069 -1.199 -1.393 -1.533 -1.630 -1.766 -1.883 0.094 -1.380
5.25 251.19 -0.127 0.030 0.143 0.211 0.191 0.162 0.081 0.020 -0.109 -0.255 -0.367 -0.524 -0.690 -0.961 -1.153 -1.303 -1.430 -1.617 -1.753 -1.847 -1.979 -2.090 -0.127 -1.644
5.25 316.23 -0.357 -0.204 -0.096 -0.028 -0.053 -0.084 -0.171 -0.233 -0.370 -0.528 -0.645 -0.813 -0.979 -1.241 -1.427 -1.573 -1.698 -1.879 -2.012 -2.101 -2.229 -2.334 -0.357 -1.936
5.25 398.11 -0.596 -0.448 -0.345 -0.277 -0.309 -0.345 -0.440 -0.507 -0.658 -0.834 -0.960 -1.145 -1.315 -1.569 -1.750 -1.892 -2.013 -2.189 -2.317 -2.402 -2.527 -2.626 -0.596 -2.263
5.25 501.19 -0.847 -0.704 -0.606 -0.538 -0.579 -0.623 -0.731 -0.807 -0.978 -1.181 -1.322 -1.531 -1.708 -1.957 -2.131 -2.269 -2.387 -2.557 -2.682 -2.763 -2.883 -2.977 -0.847 -2.634
5.25 630.96 -1.112 -0.974 -0.881 -0.813 -0.866 -0.922 -1.050 -1.138 -1.340 -1.579 -1.743 -1.985 -2.173 -2.418 -2.587 -2.721 -2.836 -3.000 -3.121 -3.198 -3.315 -3.402 -1.112 -3.061
5.25 794.33 -1.396 -1.263 -1.175 -1.106 -1.173 -1.248 -1.403 -1.509 -1.753 -2.042 -2.236 -2.523 -2.730 -2.974 -3.136 -3.267 -3.379 -3.537 -3.654 -3.727 -3.840 -3.921 -1.396 -3.556
5.25 1000.00 -1.702 -1.574 -1.490 -1.422 -1.507 -1.608 -1.798 -1.930 -2.231 -2.587 -2.822 -3.169 -3.400 -3.647 -3.804 -3.930 -4.039 -4.192 -4.304 -4.374 -4.482 -4.558 -1.702 -4.139
5.50 1.00 3.045 3.275 3.460 3.529 3.532 3.402 3.245 3.084 2.827 2.578 2.361 2.120 1.845 1.392 1.125 0.927 0.765 0.504 0.315 0.163 -0.027 -0.225 3.045 1.388
5.50 1.26 3.021 3.250 3.435 3.504 3.507 3.378 3.222 3.062 2.807 2.560 2.343 2.105 1.831 1.379 1.112 0.915 0.754 0.494 0.305 0.154 -0.036 -0.233 3.021 1.368
5.50 1.58 2.991 3.220 3.404 3.473 3.476 3.348 3.194 3.035 2.782 2.537 2.322 2.085 1.813 1.363 1.098 0.901 0.740 0.481 0.292 0.142 -0.047 -0.243 2.991 1.344
5.50 2.00 2.956 3.184 3.367 3.435 3.438 3.312 3.160 3.003 2.752 2.509 2.297 2.062 1.791 1.344 1.080 0.884 0.723 0.465 0.277 0.128 -0.060 -0.255 2.956 1.314
5.50 2.51 2.913 3.140 3.322 3.390 3.393 3.269 3.119 2.964 2.716 2.476 2.266 2.033 1.765 1.321 1.058 0.863 0.703 0.447 0.259 0.111 -0.076 -0.270 2.913 1.279
5.50 3.16 2.862 3.088 3.268 3.337 3.340 3.218 3.070 2.917 2.673 2.437 2.229 1.999 1.734 1.294 1.032 0.838 0.679 0.424 0.238 0.090 -0.096 -0.288 2.862 1.236
5.50 3.98 2.801 3.026 3.205 3.273 3.276 3.158 3.012 2.862 2.622 2.390 2.186 1.959 1.697 1.261 1.002 0.809 0.651 0.397 0.212 0.066 -0.119 -0.310 2.801 1.186
5.50 5.01 2.731 2.953 3.131 3.199 3.202 3.087 2.944 2.798 2.563 2.335 2.135 1.912 1.654 1.223 0.965 0.774 0.617 0.366 0.182 0.037 -0.146 -0.335 2.731 1.127
5.50 6.31 2.650 2.870 3.046 3.114 3.117 3.005 2.866 2.723 2.494 2.271 2.076 1.857 1.603 1.179 0.924 0.734 0.578 0.329 0.147 0.004 -0.178 -0.364 2.650 1.059
5.50 7.94 2.557 2.775 2.948 3.017 3.019 2.912 2.776 2.638 2.416 2.198 2.008 1.795 1.545 1.128 0.875 0.688 0.533 0.287 0.107 -0.034 -0.215 -0.398 2.557 0.981
5.50 10.00 2.453 2.668 2.839 2.907 2.909 2.807 2.676 2.543 2.327 2.116 1.932 1.724 1.480 1.070 0.821 0.635 0.482 0.239 0.061 -0.078 -0.256 -0.436 2.453 0.894
5.50 12.59 2.337 2.550 2.717 2.786 2.788 2.691 2.564 2.436 2.228 2.025 1.846 1.645 1.407 1.005 0.759 0.576 0.425 0.185 0.010 -0.128 -0.303 -0.480 2.337 0.795
5.50 15.85 2.210 2.419 2.584 2.652 2.654 2.563 2.441 2.319 2.119 1.923 1.752 1.557 1.325 0.933 0.691 0.510 0.360 0.125 -0.048 -0.183 -0.356 -0.529 2.210 0.687
5.50 19.95 2.072 2.278 2.439 2.508 2.509 2.424 2.308 2.192 2.001 1.813 1.649 1.460 1.235 0.853 0.615 0.437 0.289 0.058 -0.112 -0.244 -0.415 -0.584 2.072 0.569
5.50 25.12 1.925 2.127 2.284 2.353 2.354 2.275 2.164 2.055 1.873 1.693 1.536 1.355 1.137 0.765 0.532 0.356 0.211 -0.016 -0.183 -0.312 -0.480 -0.644 1.925 0.441
5.50 31.62 1.768 1.966 2.120 2.188 2.189 2.117 2.011 1.908 1.736 1.565 1.415 1.241 1.031 0.670 0.441 0.269 0.126 -0.097 -0.261 -0.387 -0.551 -0.711 1.768 0.303
5.50 39.81 1.603 1.797 1.947 2.015 2.015 1.950 1.850 1.753 1.590 1.427 1.286 1.118 0.915 0.566 0.342 0.173 0.032 -0.185 -0.346 -0.469 -0.630 -0.785 1.603 0.156
5.50 50.12 1.430 1.620 1.766 1.834 1.833 1.774 1.680 1.590 1.436 1.281 1.147 0.985 0.790 0.453 0.234 0.068 -0.070 -0.282 -0.440 -0.559 -0.717 -0.867 1.430 -0.001
5.50 63.10 1.250 1.436 1.577 1.646 1.643 1.591 1.502 1.418 1.273 1.125 0.998 0.843 0.655 0.329 0.116 -0.047 -0.182 -0.389 -0.543 -0.659 -0.813 -0.958 1.250 -0.167
5.50 79.43 1.064 1.246 1.382 1.451 1.447 1.401 1.316 1.239 1.102 0.959 0.839 0.689 0.508 0.194 -0.014 -0.173 -0.305 -0.507 -0.658 -0.770 -0.920 -1.060 1.064 -0.344
5.50 100.00 0.872 1.049 1.181 1.250 1.244 1.204 1.122 1.051 0.920 0.783 0.668 0.522 0.347 0.046 -0.157 -0.312 -0.442 -0.638 -0.785 -0.894 -1.041 -1.174 0.872 -0.533
5.50 125.89 0.674 0.847 0.974 1.042 1.034 0.999 0.920 0.854 0.728 0.593 0.483 0.339 0.170 -0.120 -0.317 -0.468 -0.595 -0.786 -0.929 -1.034 -1.177 -1.305 0.674 -0.736
5.50 158.49 0.470 0.638 0.760 0.829 0.818 0.786 0.709 0.646 0.523 0.389 0.282 0.138 -0.026 -0.305 -0.496 -0.644 -0.768 -0.953 -1.092 -1.193 -1.333 -1.455 0.470 -0.954
5.50 199.53 0.260 0.422 0.540 0.608 0.594 0.565 0.488 0.427 0.304 0.168 0.061 -0.086 -0.247 -0.514 -0.700 -0.844 -0.965 -1.144 -1.280 -1.377 -1.513 -1.630 0.260 -1.192
5.50 251.19 0.042 0.200 0.313 0.381 0.362 0.334 0.254 0.194 0.067 -0.076 -0.185 -0.338 -0.497 -0.754 -0.935 -1.074 -1.193 -1.366 -1.498 -1.591 -1.723 -1.834 0.042 -1.452
5.50 316.23 -0.185 -0.032 0.077 0.145 0.120 0.090 0.005 -0.056 -0.191 -0.346 -0.460 -0.624 -0.784 -1.032 -1.207 -1.342 -1.458 -1.626 -1.753 -1.843 -1.971 -2.076 -0.185 -1.741
5.50 398.11 -0.421 -0.273 -0.169 -0.101 -0.133 -0.167 -0.261 -0.327 -0.475 -0.649 -0.773 -0.953 -1.116 -1.358 -1.526 -1.658 -1.770 -1.932 -2.056 -2.142 -2.266 -2.365 -0.421 -2.065
5.50 501.19 -0.669 -0.526 -0.427 -0.359 -0.400 -0.442 -0.550 -0.624 -0.793 -0.993 -1.132 -1.337 -1.507 -1.742 -1.905 -2.033 -2.142 -2.298 -2.418 -2.500 -2.620 -2.713 -0.669 -2.434
5.50 630.96 -0.932 -0.793 -0.700 -0.632 -0.683 -0.739 -0.866 -0.953 -1.152 -1.389 -1.550 -1.788 -1.970 -2.202 -2.358 -2.482 -2.589 -2.739 -2.855 -2.933 -3.049 -3.136 -0.932 -2.857
5.50 794.33 -1.213 -1.079 -0.991 -0.922 -0.988 -1.062 -1.216 -1.321 -1.563 -1.849 -2.041 -2.324 -2.523 -2.755 -2.905 -3.025 -3.129 -3.273 -3.385 -3.459 -3.571 -3.653 -1.213 -3.350
5.50 1000.00 -1.516 -1.388 -1.304 -1.236 -1.320 -1.419 -1.609 -1.740 -2.038 -2.391 -2.624 -2.967 -3.191 -3.425 -3.570 -3.686 -3.787 -3.925 -4.033 -4.103 -4.211 -4.287 -1.516 -3.929
5.75 1.00 3.103 3.332 3.516 3.584 3.588 3.463 3.311 3.155 2.906 2.665 2.454 2.222 1.958 1.522 1.269 1.082 0.930 0.684 0.501 0.351 0.162 -0.033 3.103 1.480
5.75 1.26 3.081 3.310 3.493 3.562 3.565 3.441 3.290 3.135 2.887 2.648 2.439 2.208 1.945 1.511 1.258 1.072 0.920 0.675 0.492 0.342 0.154 -0.041 3.081 1.462
5.75 1.58 3.055 3.282 3.465 3.534 3.537 3.414 3.265 3.110 2.865 2.627 2.420 2.190 1.929 1.497 1.245 1.059 0.907 0.663 0.481 0.332 0.145 -0.050 3.055 1.440
5.75 2.00 3.022 3.249 3.431 3.500 3.503 3.382 3.234 3.081 2.838 2.602 2.396 2.169 1.909 1.480 1.228 1.043 0.892 0.649 0.467 0.319 0.132 -0.061 3.022 1.414
5.75 2.51 2.983 3.209 3.390 3.459 3.462 3.343 3.196 3.045 2.805 2.572 2.368 2.143 1.885 1.459 1.209 1.025 0.874 0.632 0.451 0.304 0.118 -0.074 2.983 1.381
5.75 3.16 2.937 3.161 3.341 3.409 3.413 3.296 3.151 3.003 2.766 2.536 2.335 2.112 1.857 1.434 1.185 1.002 0.852 0.612 0.431 0.285 0.100 -0.090 2.937 1.342
5.75 3.98 2.881 3.104 3.282 3.351 3.354 3.240 3.098 2.952 2.719 2.493 2.295 2.075 1.823 1.404 1.157 0.975 0.826 0.588 0.408 0.263 0.079 -0.110 2.881 1.296
5.75 5.01 2.816 3.037 3.214 3.283 3.286 3.174 3.035 2.892 2.664 2.442 2.248 2.032 1.783 1.369 1.124 0.943 0.795 0.559 0.381 0.237 0.054 -0.133 2.816 1.242
5.75 6.31 2.740 2.960 3.134 3.203 3.206 3.098 2.962 2.823 2.600 2.383 2.193 1.981 1.736 1.328 1.085 0.906 0.759 0.525 0.349 0.206 0.025 -0.159 2.740 1.179
5.75 7.94 2.654 2.871 3.043 3.112 3.115 3.011 2.879 2.744 2.527 2.315 2.130 1.923 1.682 1.281 1.041 0.863 0.718 0.486 0.311 0.171 -0.009 -0.191 2.654 1.106
5.75 10.00 2.555 2.770 2.940 3.009 3.012 2.913 2.784 2.654 2.443 2.238 2.058 1.857 1.621 1.227 0.990 0.814 0.670 0.441 0.269 0.130 -0.047 -0.226 2.555 1.024
5.75 12.59 2.446 2.658 2.825 2.894 2.897 2.802 2.678 2.553 2.350 2.151 1.978 1.782 1.552 1.165 0.932 0.758 0.616 0.391 0.220 0.084 -0.091 -0.267 2.446 0.931
5.75 15.85 2.325 2.534 2.698 2.767 2.769 2.681 2.561 2.442 2.247 2.055 1.888 1.698 1.475 1.097 0.867 0.696 0.556 0.334 0.166 0.032 -0.141 -0.313 2.325 0.828
5.75 19.95 2.193 2.399 2.560 2.629 2.631 2.548 2.434 2.320 2.133 1.950 1.789 1.606 1.389 1.021 0.795 0.627 0.488 0.270 0.105 -0.026 -0.196 -0.364 2.193 0.715
5.75 25.12 2.051 2.254 2.411 2.480 2.481 2.405 2.296 2.188 2.010 1.835 1.682 1.505 1.295 0.937 0.715 0.550 0.414 0.200 0.038 -0.091 -0.258 -0.422 2.051 0.592
5.75 31.62 1.900 2.098 2.252 2.321 2.322 2.252 2.148 2.047 1.878 1.711 1.565 1.395 1.192 0.845 0.628 0.466 0.332 0.123 -0.037 -0.162 -0.326 -0.486 1.900 0.459
5.75 39.81 1.740 1.935 2.084 2.153 2.153 2.090 1.991 1.897 1.737 1.577 1.439 1.276 1.081 0.745 0.532 0.373 0.242 0.037 -0.119 -0.241 -0.402 -0.557 1.740 0.317
5.75 50.12 1.572 1.762 1.908 1.977 1.976 1.919 1.826 1.738 1.587 1.435 1.304 1.148 0.959 0.635 0.428 0.272 0.143 -0.057 -0.210 -0.329 -0.486 -0.636 1.572 0.165
5.75 63.10 1.397 1.583 1.724 1.793 1.791 1.741 1.652 1.571 1.429 1.283 1.159 1.009 0.828 0.515 0.313 0.160 0.034 -0.160 -0.310 -0.425 -0.579 -0.724 1.397 0.002
5.75 79.43 1.215 1.397 1.533 1.602 1.599 1.554 1.471 1.395 1.261 1.121 1.004 0.858 0.684 0.383 0.186 0.037 -0.087 -0.275 -0.421 -0.533 -0.684 -0.823 1.215 -0.171
5.75 100.00 1.027 1.204 1.336 1.405 1.400 1.361 1.281 1.211 1.083 0.948 0.836 0.694 0.526 0.238 0.046 -0.099 -0.220 -0.404 -0.546 -0.654 -0.801 -0.935 1.027 -0.356
5.75 125.89 0.833 1.005 1.133 1.201 1.194 1.160 1.082 1.017 0.894 0.762 0.654 0.515 0.352 0.075 -0.111 -0.252 -0.371 -0.548 -0.687 -0.792 -0.935 -1.063 0.833 -0.555
5.75 158.49 0.632 0.800 0.922 0.991 0.981 0.951 0.875 0.813 0.693 0.561 0.456 0.316 0.159 -0.107 -0.287 -0.425 -0.541 -0.713 -0.848 -0.948 -1.088 -1.210 0.632 -0.770
5.75 199.53 0.425 0.587 0.706 0.774 0.761 0.733 0.656 0.597 0.477 0.343 0.238 0.095 -0.059 -0.314 -0.488 -0.622 -0.735 -0.901 -1.033 -1.130 -1.265 -1.382 0.425 -1.004
5.75 251.19 0.210 0.368 0.481 0.550 0.532 0.504 0.425 0.367 0.243 0.102 -0.004 -0.153 -0.306 -0.551 -0.720 -0.850 -0.960 -1.120 -1.248 -1.341 -1.473 -1.584 0.210 -1.262
5.75 316.23 -0.013 0.140 0.248 0.317 0.293 0.264 0.180 0.119 -0.013 -0.165 -0.277 -0.437 -0.590 -0.826 -0.989 -1.115 -1.222 -1.377 -1.501 -1.590 -1.718 -1.823 -0.013 -1.548
5.75 398.11 -0.247 -0.098 0.005 0.074 0.043 0.009 -0.084 -0.149 -0.294 -0.465 -0.587 -0.763 -0.920 -1.149 -1.306 -1.428 -1.532 -1.681 -1.801 -1.886 -2.010 -2.110 -0.247 -1.869
5.75 501.19 -0.492 -0.349 -0.250 -0.181 -0.221 -0.263 -0.370 -0.443 -0.609 -0.807 -0.943 -1.144 -1.308 -1.531 -1.682 -1.801 -1.902 -2.045 -2.160 -2.242 -2.362 -2.455 -0.492 -2.234
5.75 630.96 -0.752 -0.614 -0.520 -0.451 -0.502 -0.557 -0.683 -0.768 -0.966 -1.200 -1.358 -1.593 -1.768 -1.987 -2.133 -2.247 -2.346 -2.483 -2.594 -2.672 -2.788 -2.876 -0.752 -2.655
5.75 794.33 -1.030 -0.897 -0.808 -0.739 -0.804 -0.877 -1.030 -1.134 -1.373 -1.658 -1.847 -2.126 -2.319 -2.538 -2.677 -2.788 -2.883 -3.014 -3.122 -3.196 -3.308 -3.389 -1.030 -3.145
5.75 1000.00 -1.331 -1.202 -1.119 -1.050 -1.133 -1.232 -1.420 -1.550 -1.846 -2.197 -2.428 -2.766 -2.984 -3.206 -3.340 -3.446 -3.538 -3.664 -3.768 -3.837 -3.945 -4.021 -1.331 -3.722
6.00 1.00 3.162 3.389 3.572 3.640 3.645 3.524 3.377 3.225 2.984 2.751 2.548 2.324 2.070 1.652 1.411 1.235 1.092 0.861 0.683 0.535 0.348 0.155 3.162 1.573
6.00 1.26 3.143 3.369 3.551 3.620 3.624 3.505 3.358 3.207 2.968 2.736 2.534 2.311 2.058 1.642 1.401 1.226 1.083 0.853 0.675 0.527 0.341 0.148 3.143 1.557
6.00 1.58 3.118 3.344 3.526 3.594 3.599 3.480 3.335 3.185 2.948 2.717 2.516 2.295 2.044 1.629 1.389 1.214 1.072 0.842 0.665 0.518 0.332 0.140 3.118 1.537
6.00 2.00 3.089 3.314 3.495 3.564 3.568 3.451 3.307 3.159 2.923 2.695 2.495 2.276 2.026 1.614 1.375 1.200 1.058 0.830 0.653 0.506 0.321 0.130 3.089 1.512
6.00 2.51 3.053 3.278 3.457 3.526 3.530 3.415 3.272 3.126 2.893 2.667 2.470 2.252 2.004 1.595 1.357 1.183 1.042 0.814 0.638 0.492 0.308 0.118 3.053 1.483
6.00 3.16 3.011 3.234 3.412 3.481 3.485 3.372 3.231 3.087 2.857 2.634 2.439 2.224 1.978 1.572 1.336 1.163 1.022 0.796 0.621 0.476 0.292 0.103 3.011 1.448
6.00 3.98 2.960 3.181 3.359 3.427 3.432 3.321 3.182 3.041 2.814 2.595 2.403 2.190 1.947 1.545 1.310 1.138 0.998 0.774 0.600 0.456 0.273 0.086 2.960 1.405
6.00 5.01 2.899 3.120 3.295 3.364 3.368 3.260 3.124 2.986 2.763 2.548 2.359 2.150 1.911 1.513 1.280 1.109 0.970 0.747 0.574 0.432 0.250 0.065 2.899 1.355
6.00 6.31 2.829 3.048 3.222 3.290 3.294 3.190 3.057 2.921 2.704 2.493 2.308 2.104 1.867 1.475 1.244 1.075 0.937 0.716 0.545 0.404 0.224 0.041 2.829 1.297
6.00 7.94 2.748 2.965 3.136 3.205 3.209 3.109 2.979 2.847 2.636 2.430 2.250 2.049 1.817 1.431 1.203 1.035 0.898 0.680 0.510 0.371 0.193 0.012 2.748 1.229
6.00 10.00 2.656 2.870 3.040 3.109 3.112 3.016 2.890 2.763 2.558 2.358 2.183 1.987 1.760 1.380 1.155 0.989 0.854 0.639 0.471 0.333 0.157 -0.021 2.656 1.152
6.00 12.59 2.553 2.764 2.931 3.000 3.003 2.912 2.790 2.668 2.470 2.276 2.107 1.917 1.695 1.323 1.101 0.937 0.803 0.591 0.426 0.290 0.116 -0.059 2.553 1.064
6.00 15.85 2.438 2.647 2.811 2.879 2.883 2.796 2.679 2.562 2.372 2.185 2.022 1.838 1.622 1.258 1.040 0.879 0.746 0.538 0.374 0.241 0.069 -0.102 2.438 0.967
6.00 19.95 2.313 2.518 2.678 2.747 2.750 2.670 2.557 2.446 2.264 2.084 1.928 1.750 1.540 1.186 0.971 0.813 0.682 0.478 0.317 0.186 0.017 -0.150 2.313 0.859
6.00 25.12 2.177 2.378 2.536 2.604 2.607 2.532 2.425 2.320 2.146 1.974 1.825 1.653 1.450 1.106 0.895 0.740 0.611 0.411 0.253 0.125 -0.042 -0.205 2.177 0.741
6.00 31.62 2.031 2.229 2.382 2.451 2.453 2.385 2.283 2.184 2.019 1.855 1.712 1.548 1.352 1.018 0.812 0.659 0.533 0.337 0.182 0.057 -0.107 -0.266 2.031 0.614
6.00 39.81 1.876 2.070 2.220 2.289 2.290 2.228 2.131 2.038 1.882 1.726 1.591 1.433 1.244 0.921 0.719 0.570 0.446 0.255 0.103 -0.019 -0.180 -0.334 1.876 0.476
6.00 50.12 1.713 1.903 2.049 2.117 2.118 2.062 1.971 1.884 1.737 1.588 1.460 1.308 1.126 0.815 0.618 0.472 0.350 0.164 0.015 -0.103 -0.261 -0.410 1.713 0.328
6.00 63.10 1.542 1.728 1.869 1.938 1.937 1.888 1.801 1.721 1.582 1.440 1.319 1.172 0.998 0.698 0.506 0.363 0.245 0.063 -0.082 -0.197 -0.351 -0.495 1.542 0.170
6.00 79.43 1.365 1.546 1.683 1.752 1.750 1.706 1.624 1.550 1.418 1.282 1.167 1.025 0.858 0.569 0.383 0.244 0.128 -0.049 -0.190 -0.302 -0.453 -0.591 1.365 0.000
6.00 100.00 1.181 1.358 1.490 1.559 1.555 1.517 1.438 1.369 1.244 1.112 1.003 0.865 0.703 0.427 0.246 0.110 -0.003 -0.174 -0.312 -0.421 -0.567 -0.701 1.181 -0.181
6.00 125.89 0.990 1.162 1.290 1.359 1.353 1.319 1.243 1.179 1.058 0.929 0.824 0.688 0.533 0.268 0.092 -0.040 -0.151 -0.316 -0.450 -0.555 -0.698 -0.826 0.990 -0.376
6.00 158.49 0.793 0.960 1.084 1.152 1.143 1.114 1.039 0.978 0.860 0.732 0.629 0.493 0.342 0.088 -0.081 -0.210 -0.318 -0.477 -0.608 -0.709 -0.848 -0.971 0.793 -0.588
6.00 199.53 0.589 0.752 0.870 0.939 0.926 0.899 0.824 0.766 0.648 0.516 0.414 0.275 0.127 -0.116 -0.280 -0.404 -0.509 -0.663 -0.791 -0.887 -1.023 -1.140 0.589 -0.819
6.00 251.19 0.377 0.535 0.649 0.718 0.700 0.674 0.596 0.538 0.417 0.279 0.175 0.029 -0.117 -0.350 -0.509 -0.629 -0.732 -0.880 -1.003 -1.096 -1.228 -1.339 0.377 -1.073
6.00 316.23 0.157 0.310 0.419 0.488 0.465 0.437 0.353 0.294 0.164 0.014 -0.095 -0.251 -0.398 -0.623 -0.775 -0.892 -0.992 -1.134 -1.253 -1.343 -1.470 -1.575 0.157 -1.356
6.00 398.11 -0.074 0.075 0.179 0.248 0.218 0.185 0.093 0.029 -0.115 -0.283 -0.402 -0.575 -0.726 -0.943 -1.089 -1.203 -1.299 -1.435 -1.551 -1.636 -1.760 -1.859 -0.074 -1.674
6.00 501.19 -0.316 -0.173 -0.074 -0.005 -0.044 -0.084 -0.190 -0.262 -0.427 -0.622 -0.756 -0.953 -1.111 -1.322 -1.463 -1.572 -1.666 -1.796 -1.908 -1.989 -2.109 -2.203 -0.316 -2.036
6.00 630.96 -0.573 -0.435 -0.341 -0.272 -0.322 -0.376 -0.501 -0.585 -0.780 -1.012 -1.168 -1.399 -1.568 -1.776 -1.911 -2.016 -2.107 -2.232 -2.339 -2.417 -2.533 -2.620 -0.573 -2.454
6.00 794.33 -0.849 -0.715 -0.626 -0.557 -0.621 -0.694 -0.845 -0.948 -1.185 -1.468 -1.654 -1.930 -2.117 -2.324 -2.453 -2.554 -2.642 -2.761 -2.864 -2.938 -3.050 -3.132 -0.849 -2.941
6.00 1000.00 -1.147 -1.018 -0.934 -0.865 -0.947 -1.045 -1.233 -1.362 -1.655 -2.004 -2.232 -2.568 -2.779 -2.989 -3.113 -3.210 -3.295 -3.407 -3.507 -3.577 -3.685 -3.761 -1.147 -3.515
6.25 1.00 3.222 3.447 3.628 3.697 3.702 3.586 3.443 3.296 3.063 2.838 2.641 2.426 2.182 1.781 1.552 1.386 1.251 1.034 0.861 0.715 0.530 0.339 3.222 1.666
6.25 1.26 3.204 3.429 3.609 3.678 3.683 3.568 3.426 3.280 3.048 2.824 2.628 2.414 2.171 1.771 1.543 1.378 1.243 1.027 0.854 0.708 0.523 0.333 3.204 1.651
6.25 1.58 3.182 3.406 3.586 3.655 3.660 3.546 3.405 3.260 3.030 2.807 2.613 2.400 2.158 1.760 1.532 1.367 1.233 1.018 0.846 0.700 0.515 0.326 3.182 1.633
6.25 2.00 3.156 3.379 3.558 3.627 3.632 3.520 3.380 3.236 3.008 2.787 2.594 2.382 2.142 1.746 1.519 1.355 1.221 1.006 0.835 0.690 0.506 0.317 3.156 1.611
6.25 2.51 3.123 3.346 3.524 3.593 3.598 3.487 3.348 3.207 2.981 2.762 2.571 2.361 2.122 1.729 1.503 1.339 1.206 0.992 0.822 0.677 0.494 0.306 3.123 1.584
6.25 3.16 3.084 3.306 3.483 3.552 3.557 3.448 3.311 3.171 2.948 2.732 2.543 2.335 2.099 1.708 1.484 1.321 1.188 0.976 0.806 0.662 0.480 0.293 3.084 1.552
6.25 3.98 3.037 3.258 3.434 3.503 3.508 3.401 3.266 3.128 2.909 2.695 2.509 2.304 2.070 1.684 1.461 1.299 1.167 0.955 0.786 0.644 0.462 0.277 3.037 1.513
6.25 5.01 2.982 3.201 3.375 3.445 3.449 3.345 3.213 3.078 2.862 2.652 2.469 2.268 2.037 1.654 1.433 1.272 1.141 0.931 0.764 0.622 0.442 0.258 2.982 1.467
6.25 6.31 2.917 3.134 3.307 3.376 3.381 3.280 3.150 3.018 2.807 2.602 2.423 2.224 1.997 1.619 1.400 1.240 1.110 0.903 0.736 0.596 0.417 0.236 2.917 1.413
6.25 7.94 2.842 3.057 3.228 3.297 3.302 3.204 3.078 2.949 2.744 2.543 2.368 2.174 1.950 1.579 1.362 1.204 1.075 0.870 0.705 0.566 0.389 0.210 2.842 1.350
6.25 10.00 2.756 2.969 3.137 3.206 3.211 3.118 2.995 2.870 2.671 2.476 2.305 2.116 1.897 1.532 1.317 1.161 1.034 0.831 0.668 0.531 0.356 0.179 2.756 1.278
6.25 12.59 2.658 2.869 3.035 3.104 3.108 3.020 2.900 2.781 2.588 2.399 2.234 2.050 1.836 1.478 1.267 1.112 0.986 0.787 0.626 0.491 0.318 0.144 2.658 1.196
6.25 15.85 2.550 2.758 2.921 2.990 2.994 2.910 2.795 2.681 2.495 2.313 2.154 1.975 1.767 1.417 1.209 1.057 0.933 0.737 0.578 0.445 0.274 0.104 2.550 1.104
6.25 19.95 2.430 2.635 2.795 2.864 2.868 2.789 2.679 2.570 2.392 2.217 2.064 1.892 1.689 1.348 1.144 0.995 0.872 0.680 0.524 0.393 0.225 0.058 2.430 1.001
6.25 25.12 2.300 2.501 2.658 2.727 2.730 2.658 2.553 2.450 2.280 2.112 1.966 1.799 1.604 1.272 1.072 0.925 0.805 0.616 0.463 0.335 0.169 0.007 2.300 0.889
6.25 31.62 2.160 2.358 2.511 2.580 2.582 2.516 2.416 2.319 2.157 1.997 1.858 1.698 1.509 1.188 0.992 0.848 0.730 0.546 0.395 0.270 0.107 -0.051 2.160 0.766
6.25 39.81 2.010 2.204 2.354 2.423 2.425 2.364 2.269 2.178 2.026 1.873 1.741 1.587 1.405 1.094 0.903 0.762 0.646 0.467 0.319 0.197 0.037 -0.116 2.010 0.633
6.25 50.12 1.852 2.042 2.188 2.257 2.258 2.204 2.114 2.029 1.885 1.739 1.614 1.466 1.291 0.992 0.805 0.667 0.554 0.379 0.235 0.116 -0.041 -0.189 1.852 0.489
6.25 63.10 1.686 1.872 2.013 2.082 2.082 2.034 1.949 1.870 1.734 1.595 1.477 1.334 1.166 0.878 0.697 0.562 0.451 0.282 0.140 0.025 -0.128 -0.272 1.686 0.336
6.25 79.43 1.513 1.694 1.831 1.901 1.899 1.857 1.776 1.703 1.574 1.440 1.328 1.191 1.029 0.753 0.577 0.446 0.337 0.173 0.035 -0.077 -0.227 -0.365 1.513 0.170
6.25 100.00 1.333 1.510 1.642 1.711 1.708 1.671 1.594 1.526 1.403 1.274 1.167 1.033 0.878 0.613 0.442 0.315 0.209 0.050 -0.084 -0.192 -0.339 -0.472 1.333 -0.007
6.25 125.89 1.146 1.318 1.446 1.516 1.510 1.478 1.403 1.340 1.222 1.095 0.992 0.860 0.711 0.457 0.292 0.168 0.065 -0.089 -0.219 -0.324 -0.467 -0.594 1.146 -0.199
6.25 158.49 0.952 1.120 1.243 1.313 1.304 1.276 1.202 1.143 1.027 0.901 0.801 0.668 0.523 0.281 0.121 0.001 -0.099 -0.247 -0.374 -0.475 -0.614 -0.736 0.952 -0.407
6.25 199.53 0.752 0.915 1.033 1.102 1.090 1.064 0.990 0.933 0.817 0.688 0.589 0.453 0.311 0.080 -0.075 -0.191 -0.288 -0.431 -0.554 -0.651 -0.786 -0.903 0.752 -0.635
6.25 251.19 0.543 0.702 0.815 0.884 0.868 0.842 0.765 0.709 0.590 0.454 0.352 0.210 0.070 -0.152 -0.301 -0.413 -0.508 -0.644 -0.764 -0.857 -0.988 -1.099 0.543 -0.886
6.25 316.23 0.326 0.480 0.589 0.658 0.635 0.608 0.526 0.468 0.340 0.192 0.085 -0.068 -0.209 -0.422 -0.565 -0.673 -0.765 -0.896 -1.011 -1.100 -1.228 -1.333 0.326 -1.165
6.25 398.11 0.099 0.247 0.351 0.421 0.391 0.359 0.268 0.205 0.064 -0.102 -0.219 -0.389 -0.533 -0.739 -0.876 -0.981 -1.070 -1.195 -1.306 -1.392 -1.516 -1.615 0.099 -1.480
6.25 501.19 -0.141 0.003 0.102 0.171 0.133 0.093 -0.012 -0.083 -0.245 -0.438 -0.570 -0.764 -0.916 -1.116 -1.247 -1.348 -1.434 -1.553 -1.661 -1.742 -1.862 -1.955 -0.141 -1.840
6.25 630.96 -0.396 -0.257 -0.162 -0.093 -0.143 -0.195 -0.320 -0.403 -0.596 -0.826 -0.980 -1.207 -1.371 -1.567 -1.692 -1.789 -1.872 -1.986 -2.089 -2.167 -2.283 -2.370 -0.396 -2.255
6.25 794.33 -0.668 -0.534 -0.445 -0.376 -0.439 -0.511 -0.662 -0.764 -0.999 -1.279 -1.463 -1.735 -1.916 -2.113 -2.232 -2.325 -2.405 -2.512 -2.612 -2.686 -2.798 -2.879 -0.668 -2.739
6.25 1000.00 -0.964 -0.834 -0.750 -0.681 -0.762 -0.860 -1.046 -1.174 -1.466 -1.812 -2.039 -2.370 -2.576 -2.776 -2.889 -2.978 -3.055 -3.156 -3.252 -3.322 -3.430 -3.506 -0.964 -3.310
6.50 1.00 3.282 3.505 3.684 3.754 3.760 3.648 3.510 3.368 3.143 2.925 2.735 2.527 2.293 1.908 1.691 1.535 1.408 1.204 1.037 0.892 0.708 0.519 3.282 1.759
6.50 1.26 3.266 3.489 3.668 3.737 3.743 3.632 3.495 3.353 3.129 2.913 2.723 2.517 2.283 1.900 1.683 1.527 1.401 1.198 1.030 0.886 0.702 0.514 3.266 1.745
6.50 1.58 3.246 3.469 3.647 3.716 3.722 3.613 3.476 3.336 3.113 2.897 2.709 2.504 2.272 1.890 1.674 1.518 1.392 1.189 1.022 0.878 0.695 0.508 3.246 1.729
6.50 2.00 3.222 3.444 3.621 3.691 3.697 3.588 3.452 3.314 3.093 2.879 2.692 2.488 2.257 1.877 1.662 1.507 1.381 1.179 1.013 0.869 0.687 0.500 3.222 1.709
6.50 2.51 3.193 3.414 3.591 3.660 3.666 3.559 3.424 3.287 3.068 2.856 2.671 2.469 2.239 1.862 1.647 1.493 1.368 1.167 1.001 0.858 0.676 0.490 3.193 1.685
6.50 3.16 3.157 3.377 3.553 3.622 3.628 3.523 3.390 3.254 3.038 2.829 2.646 2.446 2.218 1.843 1.630 1.476 1.351 1.152 0.986 0.844 0.663 0.479 3.157 1.656
6.50 3.98 3.114 3.333 3.508 3.577 3.583 3.480 3.349 3.215 3.002 2.795 2.615 2.417 2.192 1.820 1.609 1.456 1.332 1.133 0.969 0.828 0.648 0.464 3.114 1.620
6.50 5.01 3.063 3.281 3.454 3.524 3.529 3.429 3.300 3.169 2.959 2.756 2.579 2.384 2.161 1.793 1.583 1.431 1.308 1.111 0.948 0.808 0.629 0.447 3.063 1.578
6.50 6.31 3.003 3.220 3.391 3.461 3.466 3.368 3.242 3.114 2.909 2.709 2.535 2.344 2.125 1.761 1.553 1.403 1.280 1.085 0.923 0.784 0.607 0.427 3.003 1.528
6.50 7.94 2.934 3.148 3.318 3.387 3.392 3.298 3.175 3.050 2.850 2.655 2.485 2.297 2.082 1.724 1.518 1.369 1.247 1.055 0.894 0.757 0.580 0.403 2.934 1.470
6.50 10.00 2.853 3.065 3.233 3.302 3.307 3.217 3.097 2.976 2.782 2.592 2.426 2.243 2.032 1.680 1.477 1.329 1.209 1.019 0.860 0.724 0.550 0.375 2.853 1.402
6.50 12.59 2.762 2.972 3.137 3.206 3.211 3.125 3.009 2.892 2.704 2.520 2.360 2.181 1.975 1.630 1.429 1.284 1.165 0.978 0.821 0.687 0.514 0.342 2.762 1.325
6.50 15.85 2.659 2.866 3.029 3.098 3.103 3.022 2.910 2.798 2.616 2.439 2.284 2.110 1.909 1.573 1.375 1.232 1.115 0.931 0.776 0.644 0.474 0.305 2.659 1.238
6.50 19.95 2.546 2.750 2.910 2.979 2.983 2.907 2.799 2.693 2.519 2.348 2.199 2.031 1.836 1.508 1.314 1.173 1.058 0.877 0.725 0.595 0.427 0.262 2.546 1.141
6.50 25.12 2.421 2.622 2.779 2.848 2.852 2.782 2.678 2.577 2.411 2.247 2.105 1.943 1.754 1.435 1.245 1.107 0.994 0.817 0.667 0.540 0.375 0.213 2.421 1.034
6.50 31.62 2.287 2.484 2.637 2.707 2.710 2.645 2.547 2.452 2.294 2.137 2.002 1.846 1.664 1.354 1.168 1.033 0.922 0.749 0.602 0.478 0.316 0.158 2.287 0.916
6.50 39.81 2.143 2.337 2.486 2.555 2.558 2.499 2.406 2.317 2.167 2.017 1.889 1.739 1.563 1.265 1.083 0.951 0.842 0.674 0.530 0.409 0.249 0.096 2.143 0.788
6.50 50.12 1.990 2.180 2.325 2.394 2.396 2.343 2.255 2.172 2.031 1.888 1.766 1.622 1.453 1.165 0.989 0.859 0.753 0.589 0.449 0.331 0.174 0.026 1.990 0.649
6.50 63.10 1.829 2.014 2.156 2.225 2.225 2.179 2.095 2.018 1.884 1.748 1.632 1.494 1.332 1.055 0.884 0.758 0.653 0.495 0.358 0.243 0.089 -0.054 1.829 0.499
6.50 79.43 1.660 1.841 1.978 2.048 2.047 2.006 1.926 1.855 1.728 1.597 1.488 1.354 1.199 0.933 0.767 0.644 0.542 0.389 0.255 0.144 -0.006 -0.144 1.660 0.338
6.50 100.00 1.484 1.661 1.793 1.863 1.860 1.824 1.748 1.682 1.562 1.435 1.331 1.200 1.051 0.797 0.636 0.516 0.417 0.269 0.139 0.031 -0.115 -0.248 1.484 0.165
6.50 125.89 1.301 1.473 1.601 1.671 1.666 1.635 1.561 1.499 1.383 1.259 1.159 1.030 0.886 0.644 0.488 0.372 0.276 0.134 0.007 -0.098 -0.240 -0.368 1.301 -0.023
6.50 158.49 1.111 1.279 1.402 1.472 1.464 1.436 1.363 1.305 1.192 1.068 0.970 0.842 0.702 0.470 0.320 0.208 0.115 -0.022 -0.146 -0.246 -0.385 -0.507 1.111 -0.228
6.50 199.53 0.913 1.077 1.196 1.265 1.253 1.228 1.155 1.099 0.986 0.859 0.762 0.630 0.493 0.272 0.127 0.019 -0.072 -0.203 -0.322 -0.419 -0.555 -0.671 0.913 -0.452
6.50 251.19 0.708 0.867 0.981 1.050 1.034 1.010 0.934 0.878 0.761 0.627 0.528 0.390 0.255 0.043 -0.096 -0.200 -0.288 -0.414 -0.530 -0.623 -0.754 -0.865 0.708 -0.700
6.50 316.23 0.494 0.648 0.757 0.827 0.805 0.779 0.697 0.640 0.515 0.369 0.264 0.115 -0.021 -0.224 -0.357 -0.458 -0.543 -0.663 -0.775 -0.864 -0.991 -1.096 0.494 -0.976
6.50 398.11 0.270 0.419 0.523 0.593 0.564 0.533 0.442 0.381 0.241 0.077 -0.037 -0.204 -0.343 -0.538 -0.666 -0.763 -0.845 -0.959 -1.067 -1.152 -1.276 -1.375 0.270 -1.288
6.50 501.19 0.033 0.177 0.277 0.346 0.308 0.269 0.165 0.095 -0.065 -0.256 -0.386 -0.576 -0.723 -0.913 -1.034 -1.127 -1.206 -1.314 -1.419 -1.500 -1.620 -1.713 0.033 -1.645
6.50 630.96 -0.218 -0.079 0.015 0.085 0.036 -0.016 -0.140 -0.222 -0.413 -0.641 -0.793 -1.017 -1.175 -1.361 -1.477 -1.566 -1.642 -1.745 -1.845 -1.922 -2.038 -2.126 -0.218 -2.057
6.50 794.33 -0.488 -0.354 -0.264 -0.195 -0.258 -0.329 -0.479 -0.580 -0.813 -1.091 -1.273 -1.542 -1.718 -1.904 -2.014 -2.099 -2.172 -2.269 -2.365 -2.438 -2.551 -2.632 -0.488 -2.538
6.50 1000.00 -0.781 -0.652 -0.567 -0.498 -0.579 -0.675 -0.861 -0.988 -1.278 -1.622 -1.846 -2.175 -2.376 -2.564 -2.668 -2.749 -2.820 -2.910 -3.003 -3.072 -3.180 -3.256 -0.781 -3.107
6.75 1.00 3.343 3.565 3.742 3.811 3.818 3.711 3.577 3.440 3.222 3.012 2.829 2.629 2.404 2.035 1.829 1.681 1.562 1.371 1.208 1.065 0.883 0.697 3.343 1.852
6.75 1.26 3.328 3.550 3.727 3.796 3.803 3.697 3.563 3.427 3.210 3.001 2.819 2.620 2.395 2.027 1.822 1.675 1.556 1.365 1.202 1.059 0.878 0.692 3.328 1.840
6.75 1.58 3.311 3.532 3.708 3.778 3.784 3.679 3.546 3.411 3.196 2.987 2.806 2.608 2.385 2.018 1.813 1.666 1.548 1.358 1.195 1.053 0.871 0.686 3.311 1.826
6.75 2.00 3.289 3.509 3.685 3.755 3.761 3.657 3.525 3.391 3.177 2.971 2.790 2.594 2.372 2.007 1.802 1.656 1.538 1.348 1.187 1.045 0.864 0.679 3.289 1.808
6.75 2.51 3.262 3.482 3.657 3.726 3.733 3.630 3.500 3.367 3.155 2.950 2.771 2.576 2.356 1.993 1.789 1.644 1.526 1.337 1.176 1.034 0.854 0.671 3.262 1.786
6.75 3.16 3.230 3.448 3.623 3.692 3.698 3.598 3.468 3.337 3.128 2.925 2.748 2.555 2.336 1.976 1.773 1.629 1.511 1.324 1.163 1.022 0.843 0.660 3.230 1.759
6.75 3.98 3.191 3.408 3.582 3.651 3.657 3.558 3.431 3.301 3.095 2.895 2.720 2.529 2.313 1.955 1.754 1.610 1.493 1.307 1.147 1.007 0.829 0.647 3.191 1.726
6.75 5.01 3.144 3.360 3.532 3.602 3.608 3.511 3.386 3.259 3.056 2.859 2.687 2.498 2.284 1.931 1.731 1.588 1.472 1.287 1.129 0.989 0.812 0.632 3.144 1.688
6.75 6.31 3.089 3.304 3.474 3.544 3.550 3.456 3.333 3.208 3.009 2.816 2.647 2.462 2.251 1.901 1.703 1.562 1.446 1.263 1.106 0.968 0.791 0.613 3.089 1.642
6.75 7.94 3.024 3.237 3.406 3.476 3.481 3.391 3.270 3.149 2.954 2.765 2.600 2.419 2.211 1.867 1.671 1.530 1.416 1.235 1.079 0.943 0.767 0.592 3.024 1.588
6.75 10.00 2.949 3.160 3.327 3.397 3.402 3.315 3.198 3.080 2.891 2.707 2.546 2.368 2.165 1.826 1.633 1.494 1.381 1.202 1.048 0.913 0.739 0.566 2.949 1.525
6.75 12.59 2.864 3.073 3.237 3.307 3.312 3.229 3.115 3.002 2.818 2.639 2.483 2.310 2.111 1.779 1.589 1.451 1.340 1.164 1.011 0.878 0.706 0.536 2.864 1.453
6.75 15.85 2.767 2.973 3.135 3.205 3.210 3.132 3.022 2.913 2.736 2.563 2.412 2.244 2.050 1.726 1.538 1.403 1.293 1.120 0.969 0.838 0.668 0.501 2.767 1.371
6.75 19.95 2.659 2.863 3.022 3.092 3.096 3.023 2.917 2.813 2.644 2.477 2.332 2.169 1.981 1.664 1.480 1.347 1.239 1.070 0.921 0.792 0.625 0.461 2.659 1.279
6.75 25.12 2.541 2.741 2.897 2.967 2.971 2.903 2.802 2.703 2.541 2.381 2.242 2.085 1.903 1.595 1.415 1.285 1.178 1.012 0.867 0.740 0.575 0.415 2.541 1.177
6.75 31.62 2.412 2.609 2.762 2.832 2.835 2.773 2.676 2.583 2.429 2.276 2.143 1.992 1.816 1.518 1.342 1.214 1.110 0.948 0.805 0.681 0.519 0.363 2.412 1.064
6.75 39.81 2.274 2.467 2.616 2.686 2.689 2.632 2.540 2.453 2.307 2.160 2.035 1.889 1.720 1.432 1.260 1.135 1.033 0.876 0.735 0.615 0.455 0.303 2.274 0.941
6.75 50.12 2.126 2.315 2.461 2.530 2.532 2.481 2.394 2.313 2.175 2.035 1.916 1.776 1.613 1.336 1.169 1.047 0.947 0.794 0.657 0.540 0.383 0.236 2.126 0.807
6.75 63.10 1.970 2.155 2.296 2.366 2.367 2.322 2.239 2.164 2.033 1.900 1.787 1.652 1.496 1.230 1.067 0.949 0.851 0.703 0.569 0.455 0.302 0.159 1.970 0.662
6.75 79.43 1.805 1.987 2.124 2.193 2.193 2.153 2.075 2.005 1.881 1.753 1.646 1.516 1.366 1.111 0.953 0.838 0.743 0.600 0.470 0.359 0.209 0.071 1.805 0.505
6.75 100.00 1.633 1.811 1.943 2.013 2.010 1.976 1.901 1.836 1.718 1.594 1.492 1.365 1.221 0.978 0.825 0.714 0.621 0.484 0.357 0.249 0.103 -0.030 1.633 0.335
6.75 125.89 1.454 1.627 1.755 1.825 1.820 1.790 1.718 1.657 1.544 1.422 1.324 1.199 1.060 0.828 0.680 0.572 0.483 0.351 0.227 0.123 -0.020 -0.147 1.454 0.151
6.75 158.49 1.268 1.436 1.560 1.629 1.622 1.596 1.524 1.467 1.356 1.234 1.139 1.013 0.879 0.657 0.515 0.411 0.324 0.197 0.078 -0.023 -0.162 -0.284 1.268 -0.050
6.75 199.53 1.074 1.238 1.357 1.426 1.415 1.391 1.319 1.264 1.153 1.028 0.933 0.804 0.673 0.462 0.326 0.225 0.141 0.020 -0.096 -0.193 -0.328 -0.445 1.074 -0.271
6.75 251.19 0.873 1.031 1.145 1.215 1.200 1.176 1.101 1.046 0.931 0.800 0.702 0.567 0.437 0.236 0.105 0.008 -0.073 -0.189 -0.301 -0.394 -0.525 -0.636 0.873 -0.515
6.75 316.23 0.662 0.816 0.925 0.995 0.974 0.948 0.867 0.811 0.688 0.544 0.441 0.295 0.164 -0.029 -0.153 -0.246 -0.325 -0.435 -0.543 -0.632 -0.760 -0.865 0.662 -0.789
6.75 398.11 0.440 0.589 0.694 0.764 0.735 0.705 0.616 0.555 0.417 0.255 0.143 -0.021 -0.155 -0.340 -0.459 -0.549 -0.624 -0.728 -0.833 -0.918 -1.042 -1.141 0.440 -1.098
6.75 501.19 0.206 0.351 0.450 0.520 0.483 0.445 0.341 0.272 0.114 -0.075 -0.203 -0.390 -0.532 -0.712 -0.825 -0.910 -0.983 -1.081 -1.182 -1.263 -1.383 -1.476 0.206 -1.451
6.75 630.96 -0.042 0.097 0.192 0.262 0.213 0.162 0.039 -0.042 -0.232 -0.457 -0.607 -0.828 -0.981 -1.158 -1.265 -1.347 -1.416 -1.509 -1.606 -1.683 -1.799 -1.886 -0.042 -1.860
6.75 794.33 -0.309 -0.175 -0.085 -0.015 -0.078 -0.148 -0.297 -0.397 -0.629 -0.905 -1.085 -1.351 -1.522 -1.698 -1.799 -1.877 -1.944 -2.030 -2.123 -2.197 -2.309 -2.390 -0.309 -2.339
6.75 1000.00 -0.599 -0.470 -0.385 -0.315 -0.396 -0.491 -0.676 -0.802 -1.090 -1.433 -1.655 -1.981 -2.177 -2.356 -2.451 -2.525 -2.589 -2.669 -2.758 -2.828 -2.936 -3.012 -0.599 -2.904
7.00 1.00 3.404 3.624 3.800 3.870 3.877 3.775 3.645 3.513 3.303 3.100 2.923 2.731 2.515 2.161 1.965 1.826 1.714 1.534 1.376 1.234 1.054 0.870 3.404 1.946
7.00 1.26 3.392 3.611 3.786 3.856 3.863 3.762 3.632 3.501 3.292 3.090 2.914 2.722 2.507 2.154 1.959 1.820 1.708 1.529 1.371 1.230 1.050 0.866 3.392 1.935
7.00 1.58 3.376 3.595 3.769 3.839 3.846 3.746 3.617 3.486 3.279 3.077 2.902 2.712 2.497 2.146 1.951 1.813 1.701 1.522 1.365 1.224 1.044 0.861 3.376 1.922
7.00 2.00 3.356 3.574 3.749 3.818 3.825 3.726 3.598 3.468 3.262 3.062 2.888 2.699 2.486 2.135 1.941 1.803 1.692 1.514 1.357 1.216 1.037 0.855 3.356 1.906
7.00 2.51 3.332 3.550 3.723 3.793 3.800 3.701 3.575 3.446 3.242 3.044 2.871 2.683 2.471 2.123 1.929 1.792 1.681 1.504 1.348 1.207 1.029 0.847 3.332 1.886
7.00 3.16 3.302 3.519 3.692 3.762 3.769 3.672 3.547 3.419 3.217 3.021 2.850 2.664 2.454 2.107 1.915 1.778 1.668 1.492 1.336 1.196 1.018 0.838 3.302 1.861
7.00 3.98 3.267 3.483 3.654 3.724 3.731 3.636 3.512 3.387 3.187 2.993 2.825 2.641 2.432 2.089 1.898 1.762 1.652 1.477 1.322 1.183 1.006 0.826 3.267 1.832
7.00 5.01 3.224 3.439 3.609 3.679 3.686 3.593 3.471 3.348 3.151 2.960 2.794 2.612 2.406 2.066 1.876 1.742 1.632 1.459 1.305 1.167 0.990 0.812 3.224 1.797
7.00 6.31 3.173 3.387 3.556 3.626 3.632 3.542 3.422 3.301 3.108 2.921 2.758 2.579 2.375 2.040 1.851 1.717 1.609 1.437 1.284 1.147 0.972 0.796 3.173 1.754
7.00 7.94 3.113 3.325 3.493 3.563 3.569 3.482 3.364 3.247 3.058 2.874 2.714 2.539 2.339 2.008 1.821 1.689 1.581 1.411 1.259 1.124 0.950 0.776 3.113 1.705
7.00 10.00 3.044 3.254 3.420 3.489 3.496 3.412 3.297 3.183 2.999 2.820 2.664 2.492 2.296 1.970 1.786 1.655 1.549 1.381 1.231 1.097 0.924 0.752 3.044 1.646
7.00 12.59 2.964 3.172 3.335 3.405 3.411 3.331 3.220 3.110 2.931 2.757 2.606 2.438 2.246 1.926 1.745 1.616 1.511 1.345 1.197 1.064 0.894 0.724 2.964 1.579
7.00 15.85 2.873 3.079 3.240 3.310 3.315 3.239 3.132 3.026 2.854 2.685 2.539 2.376 2.189 1.876 1.697 1.570 1.467 1.304 1.157 1.027 0.858 0.692 2.873 1.502
7.00 19.95 2.771 2.974 3.133 3.203 3.208 3.137 3.033 2.932 2.766 2.604 2.463 2.305 2.123 1.818 1.643 1.518 1.416 1.257 1.112 0.984 0.818 0.654 2.771 1.415
7.00 25.12 2.659 2.859 3.014 3.084 3.089 3.023 2.924 2.828 2.669 2.513 2.378 2.225 2.049 1.753 1.581 1.458 1.358 1.203 1.061 0.935 0.771 0.611 2.659 1.318
7.00 31.62 2.536 2.732 2.885 2.955 2.959 2.898 2.804 2.713 2.562 2.412 2.283 2.136 1.966 1.679 1.512 1.391 1.293 1.142 1.002 0.879 0.717 0.562 2.536 1.210
7.00 39.81 2.403 2.596 2.745 2.814 2.818 2.763 2.673 2.588 2.445 2.302 2.179 2.038 1.874 1.597 1.433 1.316 1.220 1.073 0.936 0.816 0.657 0.505 2.403 1.092
7.00 50.12 2.260 2.450 2.595 2.664 2.667 2.618 2.532 2.453 2.317 2.181 2.064 1.929 1.771 1.504 1.345 1.231 1.137 0.994 0.861 0.743 0.588 0.441 2.260 0.962
7.00 63.10 2.109 2.294 2.435 2.505 2.507 2.463 2.382 2.308 2.180 2.049 1.939 1.808 1.657 1.401 1.247 1.136 1.044 0.906 0.776 0.662 0.509 0.367 2.109 0.822
7.00 79.43 1.949 2.131 2.267 2.337 2.337 2.299 2.222 2.153 2.032 1.907 1.802 1.675 1.531 1.286 1.136 1.028 0.939 0.806 0.679 0.568 0.419 0.281 1.949 0.669
7.00 100.00 1.782 1.959 2.091 2.161 2.160 2.126 2.052 1.989 1.873 1.752 1.652 1.529 1.390 1.156 1.011 0.907 0.821 0.693 0.569 0.461 0.315 0.183 1.782 0.503
7.00 125.89 1.607 1.779 1.908 1.977 1.973 1.945 1.873 1.814 1.702 1.583 1.487 1.365 1.232 1.009 0.870 0.769 0.685 0.562 0.442 0.338 0.196 0.069 1.607 0.323
7.00 158.49 1.424 1.592 1.716 1.786 1.779 1.754 1.683 1.627 1.518 1.399 1.305 1.183 1.054 0.841 0.708 0.610 0.529 0.412 0.295 0.195 0.056 -0.065 1.424 0.126
7.00 199.53 1.234 1.398 1.517 1.586 1.576 1.553 1.481 1.428 1.318 1.196 1.103 0.977 0.851 0.649 0.521 0.427 0.349 0.237 0.124 0.028 -0.108 -0.223 1.234 -0.092
7.00 251.19 1.036 1.194 1.309 1.379 1.364 1.341 1.267 1.213 1.100 0.970 0.875 0.743 0.618 0.425 0.303 0.213 0.138 0.032 -0.078 -0.170 -0.302 -0.412 1.036 -0.333
7.00 316.23 0.828 0.982 1.092 1.161 1.141 1.116 1.037 0.981 0.860 0.718 0.617 0.474 0.348 0.164 0.047 -0.039 -0.111 -0.212 -0.317 -0.406 -0.534 -0.638 0.828 -0.603
7.00 398.11 0.610 0.759 0.864 0.934 0.906 0.877 0.788 0.728 0.592 0.432 0.321 0.161 0.031 -0.145 -0.256 -0.338 -0.408 -0.503 -0.604 -0.689 -0.813 -0.912 0.610 -0.909
7.00 501.19 0.379 0.523 0.623 0.693 0.657 0.619 0.516 0.448 0.291 0.104 -0.022 -0.206 -0.343 -0.514 -0.619 -0.697 -0.764 -0.853 -0.951 -1.032 -1.152 -1.245 0.379 -1.259
7.00 630.96 0.133 0.273 0.368 0.438 0.390 0.339 0.217 0.137 -0.051 -0.275 -0.423 -0.641 -0.790 -0.957 -1.057 -1.131 -1.195 -1.278 -1.372 -1.449 -1.565 -1.652 0.133 -1.665
7.00 794.33 -0.131 0.003 0.094 0.163 0.101 0.032 -0.116 -0.216 -0.445 -0.720 -0.898 -1.161 -1.328 -1.495 -1.588 -1.659 -1.720 -1.797 -1.887 -1.960 -2.072 -2.154 -0.131 -2.141
7.00 1000.00 -0.418 -0.289 -0.203 -0.134 -0.214 -0.309 -0.493 -0.618 -0.905 -1.245 -1.466 -1.789 -1.980 -2.150 -2.238 -2.304 -2.362 -2.433 -2.519 -2.589 -2.697 -2.772 -0.418 -2.703
7.25 1.00 3.467 3.685 3.859 3.929 3.936 3.839 3.713 3.586 3.384 3.188 3.017 2.833 2.625 2.285 2.099 1.969 1.863 1.695 1.541 1.401 1.222 1.041 3.467 2.040
7.25 1.26 3.455 3.673 3.846 3.916 3.924 3.827 3.702 3.575 3.374 3.179 3.009 2.825 2.618 2.279 2.094 1.963 1.858 1.690 1.536 1.397 1.218 1.037 3.455 2.031
7.25 1.58 3.441 3.658 3.831 3.901 3.909 3.813 3.688 3.562 3.362 3.168 2.999 2.816 2.610 2.272 2.087 1.957 1.851 1.684 1.531 1.391 1.213 1.033 3.441 2.019
7.25 2.00 3.423 3.640 3.812 3.882 3.890 3.795 3.671 3.546 3.347 3.154 2.986 2.804 2.599 2.263 2.078 1.948 1.844 1.677 1.524 1.385 1.207 1.027 3.423 2.004
7.25 2.51 3.401 3.617 3.789 3.859 3.867 3.773 3.650 3.526 3.329 3.137 2.971 2.790 2.586 2.251 2.068 1.938 1.834 1.667 1.515 1.377 1.199 1.020 3.401 1.986
7.25 3.16 3.374 3.590 3.761 3.831 3.838 3.746 3.624 3.502 3.306 3.117 2.952 2.772 2.570 2.238 2.055 1.926 1.822 1.656 1.505 1.367 1.190 1.012 3.374 1.964
7.25 3.98 3.342 3.557 3.727 3.797 3.804 3.713 3.593 3.472 3.279 3.092 2.929 2.751 2.551 2.221 2.039 1.911 1.807 1.643 1.492 1.355 1.179 1.001 3.342 1.937
7.25 5.01 3.303 3.517 3.686 3.756 3.763 3.674 3.556 3.436 3.246 3.061 2.901 2.725 2.527 2.200 2.020 1.892 1.790 1.626 1.476 1.340 1.165 0.989 3.303 1.905
7.25 6.31 3.256 3.469 3.637 3.707 3.714 3.627 3.511 3.394 3.207 3.025 2.867 2.694 2.499 2.176 1.997 1.870 1.768 1.607 1.458 1.322 1.148 0.974 3.256 1.866
7.25 7.94 3.201 3.412 3.579 3.649 3.655 3.571 3.457 3.343 3.160 2.982 2.827 2.658 2.465 2.146 1.969 1.844 1.743 1.583 1.435 1.301 1.128 0.955 3.201 1.820
7.25 10.00 3.137 3.346 3.511 3.581 3.587 3.506 3.395 3.284 3.106 2.932 2.781 2.614 2.425 2.112 1.936 1.813 1.713 1.555 1.409 1.276 1.104 0.934 3.137 1.766
7.25 12.59 3.062 3.269 3.432 3.502 3.508 3.431 3.323 3.216 3.042 2.873 2.726 2.564 2.379 2.071 1.898 1.776 1.677 1.522 1.377 1.246 1.076 0.908 3.062 1.703
7.25 15.85 2.977 3.182 3.342 3.412 3.419 3.345 3.241 3.137 2.970 2.806 2.664 2.506 2.325 2.024 1.854 1.734 1.636 1.484 1.341 1.211 1.043 0.878 2.977 1.631
7.25 19.95 2.882 3.084 3.241 3.311 3.317 3.249 3.148 3.049 2.888 2.729 2.592 2.439 2.263 1.970 1.803 1.685 1.589 1.439 1.298 1.171 1.005 0.843 2.882 1.549
7.25 25.12 2.775 2.974 3.129 3.199 3.204 3.141 3.044 2.950 2.795 2.643 2.512 2.364 2.193 1.908 1.744 1.629 1.534 1.388 1.250 1.125 0.961 0.802 2.775 1.457
7.25 31.62 2.658 2.854 3.006 3.076 3.080 3.022 2.929 2.840 2.693 2.547 2.421 2.279 2.114 1.838 1.678 1.565 1.472 1.330 1.194 1.072 0.911 0.756 2.658 1.354
7.25 39.81 2.530 2.723 2.871 2.941 2.945 2.892 2.804 2.720 2.581 2.441 2.321 2.184 2.026 1.759 1.603 1.492 1.402 1.264 1.131 1.011 0.853 0.702 2.530 1.241
7.25 50.12 2.393 2.582 2.727 2.797 2.800 2.752 2.668 2.590 2.458 2.324 2.211 2.079 1.927 1.670 1.519 1.411 1.323 1.189 1.059 0.942 0.786 0.640 2.393 1.116
7.25 63.10 2.247 2.432 2.573 2.643 2.645 2.603 2.523 2.450 2.325 2.197 2.090 1.962 1.817 1.570 1.423 1.319 1.233 1.104 0.977 0.863 0.711 0.569 2.247 0.980
7.25 79.43 2.092 2.273 2.410 2.480 2.480 2.443 2.367 2.300 2.181 2.059 1.956 1.833 1.693 1.458 1.316 1.215 1.131 1.007 0.883 0.773 0.623 0.486 2.092 0.832
7.25 100.00 1.929 2.106 2.238 2.308 2.307 2.275 2.202 2.140 2.027 1.907 1.810 1.690 1.556 1.331 1.194 1.096 1.016 0.896 0.776 0.669 0.523 0.391 1.929 0.670
7.25 125.89 1.758 1.931 2.059 2.129 2.125 2.097 2.027 1.969 1.860 1.742 1.649 1.530 1.401 1.187 1.056 0.961 0.883 0.769 0.652 0.548 0.406 0.279 1.758 0.494
7.25 158.49 1.579 1.747 1.871 1.941 1.935 1.910 1.841 1.786 1.679 1.562 1.470 1.351 1.226 1.022 0.896 0.806 0.730 0.622 0.508 0.408 0.269 0.148 1.579 0.300
7.25 199.53 1.393 1.556 1.676 1.746 1.736 1.713 1.643 1.590 1.482 1.362 1.271 1.148 1.026 0.833 0.712 0.625 0.552 0.449 0.339 0.243 0.108 -0.008 1.393 0.086
7.25 251.19 1.198 1.357 1.471 1.541 1.527 1.505 1.431 1.379 1.267 1.140 1.046 0.917 0.796 0.612 0.498 0.414 0.344 0.247 0.140 0.048 -0.084 -0.194 1.198 -0.151
7.25 316.23 0.993 1.148 1.257 1.327 1.307 1.283 1.204 1.150 1.030 0.890 0.791 0.651 0.529 0.354 0.245 0.165 0.098 0.006 -0.097 -0.185 -0.313 -0.417 0.993 -0.418
7.25 398.11 0.778 0.928 1.033 1.103 1.076 1.047 0.959 0.900 0.766 0.607 0.498 0.341 0.216 0.047 -0.056 -0.132 -0.196 -0.282 -0.381 -0.466 -0.590 -0.689 0.778 -0.721
7.25 501.19 0.551 0.695 0.795 0.865 0.829 0.792 0.690 0.623 0.468 0.283 0.158 -0.024 -0.156 -0.319 -0.416 -0.488 -0.550 -0.630 -0.725 -0.806 -0.926 -1.019 0.551 -1.069
7.25 630.96 0.308 0.447 0.543 0.613 0.565 0.515 0.394 0.314 0.128 -0.094 -0.240 -0.456 -0.600 -0.760 -0.851 -0.920 -0.978 -1.052 -1.143 -1.221 -1.337 -1.424 0.308 -1.472
7.25 794.33 0.046 0.181 0.271 0.341 0.280 0.211 0.063 -0.035 -0.263 -0.536 -0.713 -0.973 -1.135 -1.294 -1.380 -1.445 -1.500 -1.569 -1.656 -1.729 -1.841 -1.922 0.046 -1.944
7.25 1000.00 -0.238 -0.109 -0.023 0.047 -0.032 -0.127 -0.310 -0.435 -0.720 -1.059 -1.278 -1.598 -1.785 -1.947 -2.027 -2.087 -2.140 -2.203 -2.286 -2.355 -2.463 -2.539 -0.238 -2.504
7.50 1.00 3.530 3.747 3.918 3.989 3.996 3.904 3.783 3.660 3.465 3.276 3.112 2.935 2.736 2.409 2.233 2.109 2.010 1.852 1.702 1.564 1.387 1.208 3.530 2.135
7.50 1.26 3.520 3.736 3.907 3.978 3.985 3.893 3.773 3.650 3.456 3.268 3.105 2.928 2.730 2.404 2.228 2.104 2.005 1.847 1.698 1.560 1.383 1.205 3.520 2.126
7.50 1.58 3.507 3.722 3.894 3.964 3.972 3.880 3.760 3.639 3.445 3.258 3.096 2.920 2.722 2.397 2.221 2.098 1.999 1.842 1.693 1.555 1.379 1.201 3.507 2.116
7.50 2.00 3.491 3.706 3.877 3.947 3.955 3.864 3.745 3.624 3.432 3.246 3.084 2.909 2.712 2.389 2.214 2.091 1.992 1.835 1.687 1.549 1.373 1.196 3.491 2.102
7.50 2.51 3.471 3.686 3.856 3.926 3.934 3.844 3.726 3.606 3.415 3.231 3.070 2.896 2.701 2.379 2.204 2.082 1.984 1.827 1.679 1.542 1.366 1.189 3.471 2.086
7.50 3.16 3.447 3.661 3.830 3.900 3.908 3.820 3.702 3.584 3.395 3.212 3.053 2.880 2.686 2.366 2.192 2.071 1.973 1.817 1.670 1.533 1.358 1.182 3.447 2.066
7.50 3.98 3.417 3.630 3.799 3.869 3.877 3.790 3.674 3.557 3.370 3.189 3.032 2.861 2.668 2.351 2.178 2.057 1.960 1.805 1.658 1.522 1.348 1.173 3.417 2.042
7.50 5.01 3.382 3.594 3.762 3.832 3.839 3.754 3.639 3.524 3.340 3.162 3.007 2.838 2.647 2.332 2.160 2.040 1.943 1.790 1.644 1.509 1.335 1.161 3.382 2.012
7.50 6.31 3.339 3.550 3.717 3.787 3.794 3.711 3.598 3.485 3.304 3.129 2.976 2.809 2.621 2.310 2.139 2.020 1.924 1.772 1.627 1.493 1.320 1.147 3.339 1.977
7.50 7.94 3.288 3.498 3.663 3.733 3.740 3.660 3.549 3.439 3.262 3.089 2.939 2.775 2.590 2.283 2.114 1.996 1.901 1.751 1.606 1.473 1.302 1.131 3.288 1.934
7.50 10.00 3.229 3.437 3.600 3.670 3.677 3.600 3.492 3.384 3.211 3.042 2.896 2.735 2.553 2.251 2.084 1.967 1.873 1.725 1.582 1.450 1.280 1.111 3.229 1.884
7.50 12.59 3.160 3.366 3.527 3.597 3.604 3.530 3.425 3.321 3.152 2.988 2.845 2.688 2.510 2.213 2.049 1.933 1.840 1.694 1.553 1.423 1.254 1.087 3.160 1.826
7.50 15.85 3.080 3.284 3.443 3.514 3.520 3.450 3.348 3.247 3.084 2.925 2.787 2.634 2.460 2.169 2.007 1.894 1.802 1.659 1.519 1.391 1.223 1.060 3.080 1.759
7.50 19.95 2.990 3.191 3.348 3.419 3.425 3.359 3.260 3.164 3.007 2.853 2.720 2.571 2.402 2.118 1.959 1.848 1.757 1.617 1.480 1.353 1.188 1.027 2.990 1.682
7.50 25.12 2.889 3.088 3.242 3.312 3.318 3.256 3.162 3.070 2.920 2.771 2.643 2.500 2.335 2.060 1.904 1.795 1.706 1.569 1.434 1.309 1.147 0.989 2.889 1.594
7.50 31.62 2.778 2.973 3.124 3.195 3.200 3.143 3.053 2.966 2.822 2.680 2.558 2.419 2.260 1.993 1.841 1.734 1.647 1.514 1.381 1.259 1.099 0.945 2.778 1.497
7.50 39.81 2.656 2.848 2.996 3.066 3.071 3.019 2.933 2.851 2.715 2.578 2.462 2.328 2.175 1.918 1.770 1.665 1.580 1.451 1.321 1.201 1.044 0.894 2.656 1.388
7.50 50.12 2.524 2.713 2.857 2.927 2.931 2.885 2.803 2.726 2.597 2.466 2.356 2.227 2.080 1.832 1.688 1.587 1.504 1.379 1.252 1.135 0.980 0.834 2.524 1.268
7.50 63.10 2.383 2.568 2.708 2.779 2.781 2.740 2.662 2.591 2.469 2.343 2.238 2.114 1.974 1.736 1.596 1.498 1.418 1.297 1.172 1.059 0.907 0.766 2.383 1.137
7.50 79.43 2.233 2.414 2.550 2.621 2.622 2.586 2.511 2.446 2.329 2.209 2.109 1.989 1.854 1.627 1.492 1.397 1.319 1.203 1.082 0.972 0.823 0.686 2.233 0.993
7.50 100.00 2.075 2.251 2.384 2.454 2.453 2.422 2.350 2.289 2.178 2.062 1.967 1.849 1.720 1.503 1.374 1.282 1.206 1.095 0.977 0.870 0.725 0.593 2.075 0.835
7.50 125.89 1.908 2.080 2.209 2.279 2.276 2.249 2.179 2.122 2.015 1.900 1.809 1.693 1.568 1.362 1.238 1.149 1.076 0.971 0.856 0.753 0.611 0.484 1.908 0.662
7.50 158.49 1.733 1.901 2.025 2.095 2.089 2.066 1.997 1.943 1.838 1.723 1.634 1.517 1.396 1.201 1.082 0.997 0.927 0.826 0.715 0.615 0.477 0.356 1.733 0.473
7.50 199.53 1.550 1.714 1.833 1.903 1.894 1.872 1.803 1.751 1.645 1.527 1.437 1.317 1.200 1.014 0.901 0.819 0.752 0.657 0.549 0.453 0.318 0.203 1.550 0.263
7.50 251.19 1.359 1.518 1.632 1.703 1.689 1.667 1.595 1.543 1.434 1.308 1.216 1.089 0.973 0.797 0.689 0.611 0.546 0.457 0.353 0.261 0.129 0.019 1.359 0.028
7.50 316.23 1.158 1.312 1.422 1.492 1.473 1.449 1.371 1.318 1.199 1.061 0.964 0.826 0.709 0.541 0.438 0.365 0.302 0.219 0.119 0.030 -0.097 -0.202 1.158 -0.235
7.50 398.11 0.946 1.095 1.200 1.271 1.244 1.216 1.129 1.071 0.938 0.781 0.674 0.519 0.398 0.237 0.140 0.070 0.011 -0.067 -0.163 -0.248 -0.372 -0.470 0.946 -0.535
7.50 501.19 0.721 0.866 0.966 1.036 1.001 0.964 0.863 0.797 0.643 0.459 0.337 0.157 0.029 -0.126 -0.217 -0.283 -0.340 -0.412 -0.504 -0.585 -0.705 -0.798 0.721 -0.879
7.50 630.96 0.481 0.621 0.716 0.787 0.740 0.691 0.570 0.491 0.306 0.085 -0.059 -0.272 -0.413 -0.564 -0.650 -0.712 -0.765 -0.832 -0.920 -0.997 -1.113 -1.200 0.481 -1.279
7.50 794.33 0.223 0.357 0.448 0.518 0.457 0.389 0.242 0.144 -0.082 -0.353 -0.529 -0.787 -0.945 -1.096 -1.176 -1.234 -1.285 -1.345 -1.430 -1.503 -1.615 -1.696 0.223 -1.749
7.50 1000.00 -0.059 0.071 0.157 0.227 0.148 0.054 -0.129 -0.253 -0.536 -0.874 -1.091 -1.409 -1.592 -1.747 -1.820 -1.874 -1.922 -1.977 -2.057 -2.127 -2.235 -2.310 -0.059 -2.306
7.75 1.00 3.497 3.711 3.881 3.952 3.960 3.872 3.755 3.637 3.449 3.268 3.110 2.940 2.748 2.435 2.267 2.150 2.056 1.908 1.762 1.625 1.450 1.274 3.497 2.126
7.75 1.26 3.488 3.702 3.871 3.942 3.950 3.862 3.746 3.628 3.441 3.261 3.103 2.933 2.743 2.430 2.262 2.146 2.052 1.904 1.759 1.622 1.447 1.271 3.488 2.118
7.75 1.58 3.476 3.690 3.859 3.929 3.938 3.851 3.735 3.618 3.432 3.252 3.095 2.926 2.736 2.424 2.256 2.140 2.047 1.899 1.754 1.618 1.443 1.267 3.476 2.108
7.75 2.00 3.461 3.675 3.844 3.914 3.922 3.836 3.721 3.604 3.419 3.240 3.085 2.916 2.727 2.417 2.250 2.134 2.041 1.893 1.749 1.613 1.438 1.263 3.461 2.096
7.75 2.51 3.444 3.656 3.825 3.895 3.903 3.818 3.703 3.588 3.405 3.227 3.072 2.905 2.717 2.407 2.241 2.126 2.033 1.886 1.742 1.606 1.432 1.257 3.444 2.082
7.75 3.16 3.422 3.634 3.802 3.872 3.880 3.796 3.682 3.568 3.386 3.210 3.056 2.890 2.704 2.396 2.230 2.115 2.023 1.877 1.733 1.598 1.424 1.251 3.422 2.064
7.75 3.98 3.395 3.606 3.773 3.844 3.852 3.769 3.656 3.544 3.364 3.189 3.037 2.873 2.687 2.382 2.217 2.103 2.011 1.866 1.723 1.588 1.415 1.242 3.395 2.041
7.75 5.01 3.362 3.573 3.739 3.810 3.817 3.736 3.625 3.514 3.336 3.164 3.014 2.851 2.668 2.365 2.201 2.088 1.997 1.852 1.710 1.576 1.404 1.232 3.362 2.014
7.75 6.31 3.323 3.533 3.698 3.768 3.776 3.697 3.588 3.478 3.303 3.134 2.986 2.825 2.644 2.345 2.182 2.070 1.979 1.836 1.694 1.562 1.390 1.220 3.323 1.982
7.75 7.94 3.277 3.485 3.649 3.719 3.727 3.650 3.543 3.436 3.264 3.097 2.952 2.794 2.616 2.320 2.159 2.047 1.958 1.816 1.676 1.544 1.373 1.204 3.277 1.943
7.75 10.00 3.222 3.429 3.591 3.661 3.669 3.594 3.489 3.385 3.218 3.054 2.913 2.757 2.582 2.291 2.131 2.021 1.932 1.793 1.653 1.523 1.353 1.186 3.222 1.897
7.75 12.59 3.158 3.363 3.523 3.593 3.601 3.530 3.427 3.326 3.163 3.004 2.866 2.714 2.542 2.256 2.099 1.990 1.902 1.764 1.627 1.497 1.330 1.165 3.158 1.843
7.75 15.85 3.084 3.286 3.445 3.515 3.522 3.455 3.355 3.258 3.100 2.945 2.811 2.663 2.495 2.215 2.060 1.953 1.866 1.731 1.595 1.467 1.301 1.139 3.084 1.780
7.75 19.95 2.999 3.200 3.356 3.426 3.433 3.369 3.273 3.180 3.027 2.877 2.748 2.604 2.440 2.167 2.015 1.910 1.824 1.692 1.558 1.432 1.268 1.108 2.999 1.708
7.75 25.12 2.904 3.102 3.255 3.326 3.332 3.273 3.180 3.091 2.945 2.800 2.676 2.537 2.378 2.112 1.963 1.860 1.776 1.647 1.515 1.391 1.229 1.073 2.904 1.625
7.75 31.62 2.798 2.993 3.144 3.214 3.220 3.165 3.077 2.992 2.852 2.713 2.594 2.460 2.306 2.048 1.903 1.802 1.720 1.595 1.465 1.344 1.184 1.031 2.798 1.532
7.75 39.81 2.682 2.874 3.021 3.092 3.096 3.047 2.962 2.883 2.750 2.616 2.503 2.373 2.225 1.976 1.835 1.737 1.657 1.535 1.408 1.289 1.132 0.982 2.682 1.429
7.75 50.12 2.556 2.744 2.888 2.958 2.962 2.918 2.837 2.763 2.637 2.509 2.401 2.276 2.134 1.894 1.757 1.661 1.583 1.466 1.341 1.225 1.071 0.926 2.556 1.314
7.75 63.10 2.420 2.604 2.745 2.815 2.818 2.779 2.702 2.632 2.513 2.390 2.288 2.167 2.031 1.801 1.668 1.576 1.500 1.387 1.265 1.152 1.001 0.860 2.420 1.187
7.75 79.43 2.275 2.455 2.592 2.662 2.664 2.629 2.556 2.492 2.378 2.260 2.162 2.045 1.915 1.695 1.567 1.478 1.404 1.296 1.177 1.068 0.919 0.783 2.275 1.047
7.75 100.00 2.121 2.298 2.430 2.500 2.500 2.470 2.400 2.340 2.231 2.116 2.023 1.909 1.784 1.575 1.452 1.365 1.295 1.191 1.076 0.969 0.824 0.693 2.121 0.894
7.75 125.89 1.959 2.131 2.259 2.329 2.327 2.301 2.233 2.177 2.072 1.959 1.869 1.756 1.636 1.437 1.319 1.236 1.168 1.070 0.958 0.854 0.713 0.587 1.959 0.725
7.75 158.49 1.788 1.956 2.080 2.150 2.145 2.122 2.054 2.002 1.898 1.785 1.697 1.584 1.467 1.279 1.166 1.087 1.021 0.928 0.819 0.720 0.581 0.461 1.788 0.539
7.75 199.53 1.609 1.773 1.892 1.962 1.953 1.932 1.864 1.813 1.709 1.592 1.505 1.387 1.273 1.095 0.988 0.912 0.849 0.761 0.656 0.560 0.425 0.310 1.609 0.333
7.75 251.19 1.421 1.580 1.695 1.765 1.752 1.731 1.659 1.609 1.501 1.376 1.287 1.162 1.049 0.881 0.779 0.706 0.646 0.564 0.463 0.370 0.239 0.129 1.421 0.102
7.75 316.23 1.224 1.378 1.488 1.558 1.539 1.516 1.439 1.386 1.270 1.133 1.037 0.902 0.788 0.627 0.531 0.463 0.405 0.329 0.231 0.142 0.015 -0.089 1.224 -0.158
7.75 398.11 1.015 1.164 1.270 1.340 1.314 1.286 1.200 1.142 1.011 0.856 0.750 0.598 0.480 0.327 0.236 0.171 0.117 0.046 -0.048 -0.133 -0.257 -0.355 1.015 -0.455
7.75 501.19 0.793 0.938 1.038 1.109 1.074 1.038 0.937 0.872 0.719 0.537 0.416 0.239 0.114 -0.034 -0.119 -0.180 -0.232 -0.297 -0.387 -0.468 -0.588 -0.680 0.793 -0.796
7.75 630.96 0.556 0.696 0.792 0.862 0.816 0.767 0.647 0.569 0.385 0.166 0.023 -0.188 -0.325 -0.470 -0.549 -0.606 -0.655 -0.714 -0.800 -0.877 -0.993 -1.080 0.556 -1.193
7.75 794.33 0.300 0.435 0.526 0.597 0.536 0.469 0.322 0.225 -0.001 -0.270 -0.444 -0.700 -0.855 -0.999 -1.072 -1.125 -1.171 -1.225 -1.307 -1.380 -1.492 -1.574 0.300 -1.660
7.75 1000.00 0.022 0.152 0.238 0.308 0.229 0.136 -0.046 -0.169 -0.452 -0.788 -1.004 -1.319 -1.499 -1.647 -1.714 -1.763 -1.806 -1.854 -1.932 -2.001 -2.110 -2.185 0.022 -2.214
8.00 1.00 3.465 3.677 3.845 3.916 3.924 3.841 3.728 3.615 3.434 3.260 3.108 2.944 2.761 2.460 2.299 2.189 2.101 1.961 1.819 1.684 1.510 1.336 3.465 2.117
8.00 1.26 3.456 3.668 3.836 3.907 3.915 3.832 3.720 3.607 3.427 3.253 3.102 2.939 2.756 2.455 2.295 2.185 2.097 1.957 1.816 1.681 1.507 1.334 3.456 2.110
8.00 1.58 3.446 3.657 3.825 3.896 3.904 3.822 3.710 3.597 3.418 3.245 3.095 2.932 2.750 2.450 2.290 2.180 2.092 1.953 1.812 1.677 1.504 1.331 3.446 2.101
8.00 2.00 3.433 3.644 3.811 3.882 3.890 3.808 3.697 3.585 3.407 3.235 3.085 2.924 2.742 2.443 2.284 2.174 2.087 1.948 1.807 1.672 1.499 1.327 3.433 2.091
8.00 2.51 3.417 3.627 3.794 3.865 3.873 3.792 3.682 3.571 3.394 3.223 3.074 2.913 2.732 2.435 2.276 2.167 2.080 1.941 1.801 1.667 1.494 1.322 3.417 2.077
8.00 3.16 3.397 3.607 3.773 3.844 3.852 3.772 3.662 3.553 3.377 3.207 3.060 2.900 2.720 2.425 2.267 2.158 2.071 1.933 1.793 1.659 1.487 1.316 3.397 2.061
8.00 3.98 3.372 3.582 3.748 3.818 3.827 3.748 3.639 3.530 3.357 3.189 3.042 2.884 2.706 2.412 2.255 2.147 2.060 1.923 1.783 1.650 1.479 1.308 3.372 2.041
8.00 5.01 3.343 3.552 3.717 3.787 3.795 3.718 3.611 3.503 3.332 3.166 3.021 2.865 2.688 2.397 2.240 2.133 2.047 1.911 1.772 1.640 1.469 1.299 3.343 2.016
8.00 6.31 3.307 3.515 3.679 3.749 3.758 3.682 3.576 3.471 3.302 3.138 2.996 2.841 2.666 2.378 2.223 2.116 2.031 1.896 1.758 1.626 1.456 1.288 3.307 1.987
8.00 7.94 3.265 3.471 3.634 3.704 3.712 3.639 3.535 3.432 3.266 3.105 2.965 2.812 2.640 2.355 2.202 2.096 2.011 1.878 1.741 1.610 1.441 1.274 3.265 1.951
8.00 10.00 3.214 3.419 3.580 3.651 3.659 3.588 3.486 3.385 3.223 3.065 2.928 2.778 2.609 2.328 2.176 2.072 1.988 1.856 1.720 1.591 1.423 1.257 3.214 1.909
8.00 12.59 3.155 3.358 3.518 3.588 3.596 3.528 3.428 3.331 3.173 3.018 2.885 2.738 2.572 2.296 2.146 2.043 1.960 1.830 1.695 1.567 1.401 1.237 3.155 1.858
8.00 15.85 3.086 3.287 3.445 3.515 3.523 3.458 3.361 3.267 3.114 2.963 2.834 2.690 2.528 2.258 2.110 2.008 1.926 1.799 1.666 1.540 1.374 1.214 3.086 1.800
8.00 19.95 3.007 3.206 3.361 3.432 3.439 3.378 3.284 3.194 3.046 2.900 2.774 2.635 2.477 2.213 2.068 1.968 1.887 1.763 1.632 1.507 1.344 1.185 3.007 1.732
8.00 25.12 2.917 3.114 3.267 3.337 3.344 3.287 3.197 3.110 2.968 2.827 2.707 2.572 2.418 2.161 2.019 1.921 1.842 1.721 1.591 1.469 1.307 1.152 2.917 1.654
8.00 31.62 2.817 3.011 3.161 3.232 3.238 3.186 3.099 3.017 2.881 2.745 2.629 2.499 2.350 2.101 1.962 1.867 1.789 1.671 1.544 1.424 1.264 1.113 2.817 1.566
8.00 39.81 2.707 2.898 3.045 3.115 3.120 3.073 2.990 2.913 2.783 2.653 2.542 2.416 2.273 2.032 1.897 1.804 1.728 1.614 1.489 1.371 1.215 1.066 2.707 1.467
8.00 50.12 2.586 2.774 2.917 2.988 2.992 2.949 2.870 2.798 2.674 2.550 2.444 2.323 2.185 1.953 1.823 1.732 1.658 1.548 1.426 1.311 1.157 1.012 2.586 1.357
8.00 63.10 2.455 2.639 2.779 2.850 2.853 2.815 2.740 2.672 2.555 2.435 2.335 2.218 2.086 1.864 1.737 1.649 1.578 1.472 1.353 1.240 1.089 0.949 2.455 1.235
8.00 79.43 2.315 2.496 2.632 2.702 2.704 2.671 2.599 2.536 2.424 2.309 2.214 2.100 1.973 1.761 1.639 1.554 1.485 1.384 1.268 1.158 1.010 0.875 2.315 1.100
8.00 100.00 2.166 2.342 2.475 2.545 2.545 2.516 2.447 2.389 2.282 2.170 2.079 1.967 1.846 1.644 1.527 1.445 1.379 1.282 1.169 1.063 0.918 0.787 2.166 0.951
8.00 125.89 2.008 2.180 2.308 2.379 2.377 2.352 2.284 2.230 2.127 2.016 1.928 1.818 1.701 1.509 1.397 1.319 1.255 1.163 1.054 0.951 0.809 0.684 2.008 0.786
8.00 158.49 1.842 2.010 2.133 2.204 2.199 2.177 2.110 2.058 1.957 1.846 1.760 1.648 1.535 1.354 1.247 1.172 1.111 1.024 0.918 0.819 0.681 0.560 1.842 0.604
8.00 199.53 1.667 1.830 1.949 2.020 2.011 1.991 1.923 1.873 1.771 1.656 1.570 1.455 1.345 1.173 1.072 1.001 0.942 0.861 0.758 0.662 0.527 0.412 1.667 0.401
8.00 251.19 1.483 1.641 1.756 1.826 1.813 1.793 1.723 1.673 1.566 1.444 1.355 1.233 1.124 0.962 0.865 0.798 0.742 0.666 0.567 0.475 0.344 0.234 1.483 0.174
8.00 316.23 1.288 1.443 1.553 1.623 1.604 1.582 1.506 1.454 1.339 1.204 1.109 0.976 0.866 0.711 0.621 0.557 0.503 0.433 0.338 0.249 0.122 0.018 1.288 -0.083
8.00 398.11 1.083 1.232 1.338 1.408 1.382 1.356 1.270 1.213 1.083 0.930 0.825 0.674 0.560 0.413 0.328 0.268 0.218 0.153 0.062 -0.023 -0.147 -0.245 1.083 -0.376
8.00 501.19 0.864 1.009 1.110 1.180 1.145 1.110 1.010 0.945 0.794 0.614 0.494 0.319 0.197 0.055 -0.024 -0.080 -0.128 -0.187 -0.274 -0.355 -0.475 -0.568 0.864 -0.714
8.00 630.96 0.630 0.770 0.866 0.936 0.890 0.842 0.723 0.645 0.463 0.245 0.103 -0.105 -0.239 -0.378 -0.451 -0.504 -0.548 -0.601 -0.685 -0.762 -0.878 -0.965 0.630 -1.108
8.00 794.33 0.377 0.513 0.603 0.674 0.614 0.547 0.401 0.304 0.080 -0.188 -0.361 -0.615 -0.766 -0.904 -0.972 -1.021 -1.063 -1.110 -1.190 -1.263 -1.375 -1.456 0.377 -1.572
8.00 1000.00 0.102 0.232 0.318 0.388 0.310 0.217 0.035 -0.087 -0.368 -0.703 -0.918 -1.231 -1.408 -1.549 -1.611 -1.656 -1.695 -1.736 -1.812 -1.881 -1.990 -2.065 0.102 -2.123
