AbrahamsonEtAl2015SInter as implemented in OpenQuake, distance is rrup. Log10 hazard values in cgs units
          10 31 23 : nmag, ndist, nperiod
          10.000 7.500 6.000 5.000 4.000 3.000 2.500 2.000 1.500 1.000 0.750 0.600 0.500 0.400 0.300 0.250 0.200 0.150 0.100 0.075 0.050 0.020 PGA PGV
          0.740 0.740 0.740 0.740 0.740 0.740 0.740 0.740 0.740 0.740 0.740 0.740 0.740 0.740 0.740 0.740 0.740 0.740 0.740 0.740 0.740 0.740 0.740 0.740
7.00 1.00 0.823 1.056 1.285 1.469 1.674 1.916 2.078 2.236 2.432 2.675 2.782 2.841 2.897 2.951 2.932 2.931 2.931 2.899 2.796 2.699 2.605 2.684 2.684 1.422
7.00 1.26 0.819 1.052 1.281 1.464 1.669 1.910 2.072 2.230 2.427 2.670 2.777 2.836 2.892 2.946 2.928 2.926 2.926 2.894 2.792 2.694 2.600 2.678 2.678 1.417
7.00 1.58 0.814 1.046 1.275 1.457 1.662 1.903 2.064 2.223 2.420 2.663 2.771 2.831 2.886 2.940 2.922 2.921 2.921 2.889 2.786 2.688 2.594 2.670 2.670 1.410
7.00 2.00 0.807 1.039 1.267 1.450 1.654 1.894 2.055 2.214 2.411 2.656 2.763 2.823 2.879 2.933 2.916 2.914 2.914 2.882 2.779 2.681 2.586 2.661 2.661 1.402
7.00 2.51 0.800 1.031 1.258 1.440 1.644 1.883 2.044 2.203 2.401 2.646 2.754 2.814 2.870 2.924 2.907 2.906 2.906 2.874 2.770 2.671 2.576 2.649 2.649 1.392
7.00 3.16 0.790 1.020 1.247 1.428 1.631 1.870 2.030 2.189 2.388 2.634 2.743 2.803 2.858 2.913 2.896 2.895 2.896 2.863 2.759 2.659 2.563 2.634 2.634 1.380
7.00 3.98 0.779 1.008 1.234 1.414 1.616 1.854 2.013 2.172 2.372 2.619 2.729 2.789 2.844 2.899 2.883 2.882 2.883 2.850 2.746 2.645 2.548 2.617 2.617 1.365
7.00 5.01 0.765 0.992 1.218 1.397 1.598 1.835 1.993 2.152 2.353 2.601 2.711 2.772 2.827 2.882 2.867 2.866 2.867 2.834 2.729 2.627 2.530 2.595 2.595 1.347
7.00 6.31 0.748 0.974 1.198 1.376 1.577 1.811 1.969 2.128 2.330 2.579 2.690 2.751 2.805 2.861 2.847 2.846 2.848 2.814 2.709 2.606 2.507 2.569 2.569 1.325
7.00 7.94 0.728 0.952 1.175 1.352 1.551 1.783 1.940 2.099 2.302 2.553 2.664 2.725 2.779 2.835 2.821 2.821 2.823 2.790 2.684 2.580 2.480 2.538 2.538 1.299
7.00 10.00 0.704 0.926 1.148 1.323 1.520 1.751 1.907 2.065 2.269 2.521 2.633 2.694 2.747 2.803 2.791 2.790 2.794 2.760 2.654 2.548 2.448 2.501 2.501 1.269
7.00 12.59 0.677 0.896 1.115 1.289 1.485 1.713 1.867 2.025 2.230 2.483 2.595 2.656 2.709 2.764 2.753 2.753 2.757 2.724 2.618 2.510 2.409 2.457 2.457 1.233
7.00 15.85 0.644 0.860 1.078 1.250 1.444 1.669 1.822 1.979 2.184 2.437 2.551 2.611 2.663 2.718 2.708 2.707 2.713 2.680 2.574 2.465 2.362 2.405 2.405 1.192
7.00 19.95 0.607 0.820 1.035 1.205 1.396 1.618 1.769 1.926 2.131 2.385 2.498 2.558 2.608 2.663 2.654 2.653 2.659 2.627 2.521 2.411 2.308 2.345 2.345 1.144
7.00 25.12 0.564 0.773 0.986 1.153 1.342 1.561 1.710 1.866 2.070 2.323 2.437 2.496 2.544 2.599 2.590 2.588 2.596 2.564 2.459 2.348 2.244 2.276 2.276 1.090
7.00 31.62 0.514 0.719 0.930 1.095 1.281 1.495 1.643 1.797 2.000 2.253 2.366 2.424 2.471 2.524 2.515 2.513 2.522 2.490 2.387 2.274 2.170 2.197 2.197 1.029
7.00 39.81 0.458 0.659 0.866 1.028 1.212 1.422 1.567 1.720 1.921 2.172 2.285 2.342 2.386 2.439 2.430 2.427 2.437 2.405 2.303 2.189 2.085 2.109 2.109 0.959
7.00 50.12 0.393 0.590 0.794 0.953 1.134 1.339 1.483 1.633 1.832 2.081 2.192 2.249 2.291 2.342 2.333 2.329 2.340 2.308 2.209 2.093 1.991 2.011 2.011 0.881
7.00 63.10 0.319 0.511 0.712 0.868 1.046 1.246 1.387 1.535 1.731 1.977 2.088 2.144 2.183 2.234 2.225 2.219 2.231 2.200 2.103 1.987 1.885 1.903 1.903 0.794
7.00 79.43 0.234 0.421 0.619 0.771 0.946 1.142 1.280 1.425 1.618 1.860 1.970 2.027 2.064 2.115 2.105 2.098 2.112 2.081 1.986 1.869 1.770 1.787 1.787 0.695
7.00 100.00 0.136 0.317 0.512 0.661 0.832 1.023 1.159 1.301 1.490 1.728 1.838 1.895 1.931 1.983 1.974 1.966 1.981 1.951 1.859 1.742 1.645 1.662 1.662 0.583
7.00 125.89 0.021 0.198 0.389 0.535 0.702 0.887 1.020 1.159 1.344 1.579 1.688 1.749 1.784 1.838 1.831 1.822 1.840 1.811 1.721 1.604 1.510 1.529 1.529 0.457
7.00 158.49 -0.113 0.058 0.246 0.388 0.552 0.731 0.862 0.998 1.177 1.409 1.519 1.584 1.621 1.679 1.675 1.667 1.688 1.661 1.575 1.457 1.367 1.388 1.388 0.312
7.00 199.53 -0.271 -0.106 0.079 0.217 0.377 0.551 0.679 0.811 0.986 1.214 1.326 1.399 1.438 1.504 1.506 1.499 1.525 1.502 1.419 1.301 1.215 1.238 1.238 0.144
7.00 251.19 -0.460 -0.300 -0.119 0.015 0.171 0.340 0.465 0.594 0.763 0.989 1.105 1.188 1.232 1.309 1.321 1.317 1.350 1.331 1.254 1.136 1.053 1.080 1.080 -0.051
7.00 316.23 -0.686 -0.532 -0.355 -0.225 -0.072 0.091 0.213 0.338 0.502 0.726 0.848 0.946 0.999 1.093 1.118 1.119 1.161 1.150 1.078 0.960 0.882 0.912 0.912 -0.280
7.00 398.11 -0.960 -0.811 -0.638 -0.512 -0.363 -0.206 -0.087 0.035 0.193 0.417 0.547 0.667 0.733 0.849 0.893 0.901 0.957 0.956 0.891 0.773 0.700 0.734 0.734 -0.552
7.00 501.19 -1.293 -1.150 -0.981 -0.858 -0.714 -0.562 -0.446 -0.328 -0.176 0.050 0.192 0.340 0.424 0.571 0.642 0.661 0.735 0.747 0.691 0.573 0.504 0.543 0.543 -0.878
7.00 630.96 -1.700 -1.563 -1.398 -1.279 -1.139 -0.993 -0.880 -0.766 -0.619 -0.390 -0.231 -0.046 0.064 0.251 0.358 0.393 0.490 0.520 0.476 0.358 0.293 0.337 0.337 -1.270
7.00 794.33 -2.201 -2.070 -1.909 -1.794 -1.657 -1.518 -1.407 -1.297 -1.156 -0.921 -0.739 -0.505 -0.362 -0.120 0.033 0.091 0.218 0.272 0.242 0.123 0.064 0.112 0.112 -1.747
7.00 1000.00 -2.820 -2.695 -2.538 -2.427 -2.294 -2.160 -2.053 -1.947 -1.811 -1.566 -1.354 -1.057 -0.869 -0.556 -0.341 -0.255 -0.087 -0.004 -0.016 -0.134 -0.188 -0.136 -0.136 -2.330
7.25 1.00 0.993 1.224 1.452 1.633 1.834 2.065 2.220 2.368 2.548 2.771 2.866 2.915 2.961 3.004 2.973 2.964 2.959 2.923 2.822 2.728 2.641 2.731 2.731 1.541
7.25 1.26 0.990 1.220 1.447 1.629 1.829 2.060 2.215 2.363 2.543 2.766 2.862 2.911 2.957 3.000 2.969 2.961 2.955 2.919 2.818 2.724 2.636 2.726 2.726 1.536
7.25 1.58 0.985 1.215 1.442 1.623 1.823 2.054 2.208 2.356 2.537 2.761 2.856 2.906 2.952 2.995 2.965 2.956 2.951 2.915 2.813 2.719 2.631 2.719 2.719 1.530
7.25 2.00 0.979 1.209 1.436 1.616 1.816 2.046 2.200 2.348 2.530 2.754 2.850 2.900 2.946 2.989 2.959 2.951 2.945 2.909 2.807 2.712 2.624 2.711 2.711 1.523
7.25 2.51 0.973 1.201 1.428 1.608 1.807 2.036 2.190 2.338 2.520 2.746 2.842 2.892 2.938 2.982 2.952 2.944 2.938 2.902 2.800 2.704 2.615 2.701 2.701 1.514
7.25 3.16 0.964 1.192 1.418 1.597 1.796 2.024 2.177 2.326 2.509 2.735 2.832 2.882 2.929 2.972 2.943 2.935 2.930 2.893 2.790 2.693 2.604 2.688 2.688 1.503
7.25 3.98 0.954 1.181 1.405 1.584 1.782 2.009 2.162 2.311 2.495 2.722 2.820 2.870 2.917 2.961 2.932 2.924 2.919 2.882 2.779 2.681 2.591 2.673 2.673 1.489
7.25 5.01 0.941 1.167 1.391 1.569 1.766 1.992 2.144 2.292 2.477 2.707 2.805 2.856 2.902 2.946 2.919 2.910 2.906 2.868 2.765 2.666 2.575 2.654 2.654 1.473
7.25 6.31 0.926 1.150 1.373 1.550 1.746 1.970 2.122 2.270 2.457 2.687 2.787 2.838 2.884 2.928 2.902 2.894 2.890 2.852 2.747 2.647 2.556 2.631 2.631 1.453
7.25 7.94 0.908 1.130 1.352 1.528 1.723 1.945 2.096 2.244 2.431 2.664 2.764 2.815 2.861 2.906 2.881 2.873 2.869 2.832 2.726 2.625 2.532 2.604 2.604 1.430
7.25 10.00 0.886 1.106 1.327 1.501 1.695 1.915 2.064 2.213 2.402 2.635 2.737 2.788 2.834 2.879 2.855 2.847 2.845 2.807 2.701 2.598 2.504 2.571 2.571 1.402
7.25 12.59 0.861 1.078 1.297 1.470 1.662 1.879 2.028 2.176 2.366 2.601 2.704 2.755 2.800 2.846 2.824 2.816 2.814 2.776 2.670 2.565 2.470 2.532 2.532 1.369
7.25 15.85 0.830 1.045 1.262 1.433 1.623 1.838 1.985 2.133 2.324 2.561 2.664 2.716 2.760 2.806 2.785 2.778 2.777 2.739 2.633 2.526 2.430 2.486 2.486 1.330
7.25 19.95 0.795 1.007 1.222 1.391 1.579 1.791 1.936 2.084 2.275 2.513 2.617 2.669 2.712 2.758 2.739 2.731 2.732 2.694 2.588 2.480 2.383 2.433 2.433 1.286
7.25 25.12 0.755 0.963 1.176 1.342 1.528 1.737 1.880 2.027 2.218 2.457 2.561 2.613 2.655 2.702 2.683 2.676 2.678 2.640 2.535 2.425 2.327 2.371 2.371 1.235
7.25 31.62 0.708 0.913 1.123 1.287 1.470 1.675 1.816 1.962 2.153 2.391 2.496 2.548 2.588 2.635 2.617 2.610 2.613 2.576 2.472 2.360 2.261 2.300 2.300 1.177
7.25 39.81 0.654 0.855 1.062 1.223 1.404 1.604 1.744 1.888 2.078 2.316 2.421 2.472 2.511 2.557 2.540 2.532 2.538 2.502 2.398 2.285 2.186 2.220 2.220 1.110
7.25 50.12 0.592 0.788 0.993 1.151 1.329 1.525 1.663 1.805 1.993 2.230 2.334 2.385 2.422 2.468 2.452 2.444 2.450 2.415 2.314 2.200 2.100 2.129 2.129 1.036
7.25 63.10 0.521 0.713 0.914 1.069 1.244 1.435 1.570 1.711 1.897 2.131 2.235 2.286 2.322 2.368 2.352 2.343 2.351 2.317 2.218 2.102 2.004 2.030 2.030 0.951
7.25 79.43 0.439 0.625 0.823 0.975 1.147 1.333 1.466 1.604 1.787 2.019 2.123 2.175 2.209 2.255 2.240 2.230 2.240 2.207 2.110 1.994 1.897 1.921 1.921 0.855
7.25 100.00 0.343 0.525 0.719 0.868 1.036 1.218 1.348 1.483 1.663 1.891 1.995 2.049 2.082 2.129 2.116 2.105 2.118 2.086 1.991 1.875 1.780 1.802 1.802 0.747
7.25 125.89 0.232 0.408 0.599 0.744 0.909 1.085 1.213 1.345 1.521 1.746 1.850 1.907 1.939 1.990 1.979 1.968 1.984 1.953 1.862 1.745 1.653 1.675 1.675 0.623
7.25 158.49 0.100 0.271 0.459 0.600 0.761 0.932 1.057 1.186 1.358 1.580 1.685 1.747 1.780 1.836 1.829 1.819 1.838 1.810 1.722 1.605 1.516 1.539 1.539 0.481
7.25 199.53 -0.055 0.110 0.294 0.432 0.589 0.755 0.877 1.002 1.169 1.389 1.496 1.565 1.602 1.665 1.665 1.656 1.680 1.656 1.572 1.455 1.369 1.394 1.394 0.316
7.25 251.19 -0.241 -0.082 0.099 0.233 0.386 0.546 0.666 0.788 0.949 1.167 1.278 1.358 1.400 1.475 1.484 1.479 1.510 1.491 1.412 1.294 1.212 1.240 1.240 0.123
7.25 316.23 -0.465 -0.311 -0.134 -0.004 0.146 0.300 0.416 0.535 0.691 0.907 1.024 1.120 1.171 1.262 1.285 1.285 1.326 1.314 1.241 1.123 1.045 1.077 1.077 -0.104
7.25 398.11 -0.736 -0.588 -0.415 -0.289 -0.143 0.006 0.120 0.234 0.385 0.601 0.727 0.843 0.907 1.021 1.064 1.071 1.126 1.124 1.058 0.940 0.867 0.902 0.902 -0.373
7.25 501.19 -1.067 -0.924 -0.755 -0.632 -0.490 -0.348 -0.237 -0.126 0.020 0.237 0.375 0.519 0.602 0.747 0.816 0.835 0.907 0.918 0.862 0.744 0.675 0.714 0.714 -0.696
7.25 630.96 -1.471 -1.335 -1.170 -1.051 -0.913 -0.776 -0.668 -0.561 -0.421 -0.200 -0.045 0.137 0.244 0.430 0.535 0.570 0.666 0.695 0.650 0.532 0.468 0.511 0.511 -1.086
7.25 794.33 -1.970 -1.839 -1.678 -1.563 -1.429 -1.298 -1.193 -1.090 -0.956 -0.728 -0.551 -0.320 -0.178 0.062 0.214 0.270 0.397 0.450 0.419 0.301 0.241 0.289 0.289 -1.561
7.25 1000.00 -2.586 -2.461 -2.304 -2.193 -2.063 -1.938 -1.836 -1.736 -1.608 -1.371 -1.163 -0.869 -0.682 -0.371 -0.158 -0.073 0.094 0.178 0.165 0.047 -0.008 0.045 0.045 -2.141
7.50 1.00 1.160 1.389 1.615 1.795 1.991 2.212 2.361 2.498 2.662 2.865 2.948 2.987 3.024 3.055 3.011 2.996 2.985 2.946 2.848 2.757 2.676 2.779 2.779 1.658
7.50 1.26 1.157 1.385 1.611 1.791 1.987 2.207 2.356 2.494 2.658 2.861 2.945 2.983 3.020 3.052 3.008 2.993 2.982 2.943 2.844 2.753 2.672 2.774 2.774 1.653
7.50 1.58 1.153 1.381 1.606 1.786 1.982 2.202 2.350 2.488 2.652 2.857 2.940 2.979 3.016 3.048 3.005 2.989 2.978 2.939 2.840 2.748 2.667 2.768 2.768 1.648
7.50 2.00 1.148 1.375 1.600 1.779 1.975 2.194 2.343 2.480 2.646 2.851 2.935 2.974 3.011 3.043 3.000 2.984 2.973 2.934 2.834 2.742 2.661 2.761 2.761 1.642
7.50 2.51 1.142 1.368 1.593 1.772 1.967 2.186 2.333 2.471 2.637 2.843 2.928 2.967 3.004 3.036 2.994 2.978 2.967 2.928 2.828 2.735 2.653 2.751 2.751 1.633
7.50 3.16 1.134 1.360 1.584 1.762 1.957 2.175 2.322 2.460 2.627 2.834 2.919 2.959 2.996 3.028 2.987 2.971 2.960 2.920 2.820 2.726 2.644 2.740 2.740 1.624
7.50 3.98 1.125 1.350 1.573 1.751 1.945 2.162 2.309 2.447 2.615 2.823 2.909 2.949 2.986 3.019 2.977 2.962 2.951 2.911 2.809 2.715 2.632 2.727 2.727 1.611
7.50 5.01 1.114 1.337 1.560 1.736 1.930 2.146 2.292 2.430 2.599 2.809 2.896 2.936 2.973 3.006 2.966 2.951 2.940 2.899 2.797 2.702 2.618 2.710 2.710 1.597
7.50 6.31 1.100 1.322 1.544 1.719 1.912 2.126 2.272 2.410 2.581 2.792 2.880 2.921 2.958 2.991 2.952 2.937 2.927 2.885 2.782 2.686 2.601 2.690 2.690 1.579
7.50 7.94 1.083 1.304 1.524 1.699 1.890 2.103 2.248 2.386 2.558 2.771 2.860 2.902 2.939 2.973 2.935 2.919 2.910 2.868 2.764 2.666 2.581 2.666 2.666 1.557
7.50 10.00 1.063 1.282 1.501 1.674 1.864 2.075 2.219 2.358 2.531 2.746 2.836 2.878 2.915 2.950 2.913 2.898 2.889 2.847 2.743 2.643 2.556 2.637 2.637 1.532
7.50 12.59 1.040 1.256 1.474 1.646 1.834 2.042 2.185 2.324 2.499 2.716 2.807 2.850 2.886 2.922 2.887 2.872 2.864 2.822 2.716 2.615 2.527 2.603 2.603 1.501
7.50 15.85 1.012 1.226 1.442 1.612 1.798 2.004 2.145 2.284 2.460 2.680 2.772 2.815 2.852 2.888 2.855 2.840 2.833 2.791 2.685 2.581 2.492 2.562 2.562 1.466
7.50 19.95 0.979 1.190 1.404 1.572 1.757 1.960 2.099 2.238 2.415 2.636 2.730 2.774 2.810 2.847 2.815 2.801 2.795 2.753 2.647 2.541 2.451 2.515 2.515 1.424
7.50 25.12 0.941 1.149 1.360 1.526 1.709 1.908 2.046 2.185 2.363 2.585 2.680 2.724 2.759 2.797 2.768 2.754 2.750 2.707 2.602 2.494 2.402 2.460 2.460 1.376
7.50 31.62 0.897 1.101 1.310 1.474 1.654 1.850 1.986 2.123 2.302 2.525 2.621 2.666 2.700 2.738 2.710 2.697 2.695 2.653 2.548 2.438 2.345 2.396 2.396 1.321
7.50 39.81 0.846 1.046 1.252 1.413 1.590 1.783 1.917 2.053 2.232 2.455 2.552 2.597 2.630 2.669 2.643 2.629 2.629 2.588 2.484 2.373 2.279 2.324 2.324 1.258
7.50 50.12 0.787 0.982 1.186 1.344 1.519 1.706 1.839 1.973 2.151 2.374 2.471 2.516 2.548 2.588 2.564 2.550 2.552 2.512 2.410 2.297 2.202 2.242 2.242 1.187
7.50 63.10 0.718 0.909 1.110 1.265 1.436 1.620 1.750 1.883 2.059 2.281 2.378 2.424 2.455 2.495 2.473 2.459 2.463 2.425 2.324 2.210 2.115 2.150 2.150 1.105
7.50 79.43 0.639 0.825 1.022 1.174 1.342 1.521 1.649 1.779 1.953 2.174 2.271 2.318 2.348 2.390 2.369 2.355 2.362 2.325 2.226 2.111 2.018 2.049 2.049 1.013
7.50 100.00 0.546 0.727 0.921 1.070 1.235 1.408 1.533 1.662 1.833 2.051 2.149 2.198 2.228 2.271 2.253 2.239 2.248 2.213 2.117 2.001 1.909 1.938 1.938 0.907
7.50 125.89 0.437 0.613 0.804 0.949 1.110 1.279 1.401 1.527 1.694 1.910 2.009 2.061 2.091 2.138 2.123 2.110 2.122 2.089 1.997 1.880 1.790 1.817 1.817 0.786
7.50 158.49 0.308 0.479 0.666 0.808 0.966 1.129 1.249 1.371 1.535 1.748 1.848 1.906 1.937 1.990 1.979 1.967 1.984 1.954 1.865 1.747 1.660 1.687 1.687 0.647
7.50 199.53 0.155 0.320 0.504 0.642 0.796 0.954 1.071 1.190 1.349 1.560 1.663 1.729 1.763 1.824 1.820 1.810 1.833 1.806 1.722 1.604 1.519 1.548 1.548 0.484
7.50 251.19 -0.028 0.131 0.311 0.446 0.596 0.748 0.863 0.979 1.133 1.342 1.448 1.526 1.566 1.638 1.645 1.638 1.668 1.647 1.568 1.450 1.369 1.399 1.399 0.295
7.50 316.23 -0.249 -0.095 0.081 0.211 0.358 0.505 0.616 0.729 0.878 1.086 1.198 1.291 1.340 1.429 1.450 1.448 1.489 1.475 1.402 1.284 1.206 1.239 1.239 0.070
7.50 398.11 -0.518 -0.370 -0.197 -0.071 0.073 0.213 0.322 0.431 0.575 0.782 0.904 1.018 1.080 1.192 1.233 1.239 1.293 1.290 1.224 1.105 1.032 1.068 1.068 -0.197
7.50 501.19 -0.846 -0.703 -0.534 -0.412 -0.273 -0.138 -0.032 0.073 0.212 0.421 0.555 0.697 0.778 0.921 0.988 1.006 1.078 1.088 1.032 0.913 0.844 0.884 0.884 -0.518
7.50 630.96 -1.248 -1.111 -0.947 -0.828 -0.692 -0.563 -0.460 -0.359 -0.226 -0.013 0.138 0.318 0.424 0.608 0.711 0.745 0.841 0.869 0.823 0.705 0.640 0.684 0.684 -0.905
7.50 794.33 -1.744 -1.613 -1.452 -1.337 -1.206 -1.083 -0.983 -0.885 -0.758 -0.538 -0.365 -0.136 0.004 0.243 0.393 0.449 0.575 0.627 0.596 0.477 0.417 0.466 0.466 -1.377
7.50 1000.00 -2.358 -2.233 -2.076 -1.965 -1.837 -1.720 -1.623 -1.529 -1.408 -1.178 -0.975 -0.682 -0.497 -0.188 0.024 0.109 0.275 0.358 0.344 0.226 0.171 0.224 0.224 -1.955
7.75 1.00 1.265 1.491 1.715 1.894 2.086 2.298 2.458 2.607 2.771 2.958 3.029 3.057 3.085 3.105 3.049 3.026 3.010 2.968 2.873 2.785 2.711 2.826 2.826 1.755
7.75 1.26 1.262 1.488 1.712 1.890 2.083 2.294 2.454 2.603 2.768 2.955 3.026 3.054 3.082 3.102 3.046 3.024 3.007 2.965 2.870 2.782 2.708 2.822 2.822 1.752
7.75 1.58 1.259 1.484 1.708 1.886 2.078 2.288 2.449 2.598 2.763 2.951 3.022 3.051 3.078 3.098 3.043 3.020 3.004 2.962 2.866 2.778 2.703 2.816 2.816 1.747
7.75 2.00 1.254 1.479 1.703 1.880 2.072 2.282 2.442 2.591 2.757 2.945 3.017 3.046 3.074 3.094 3.039 3.016 3.000 2.958 2.861 2.772 2.698 2.810 2.810 1.741
7.75 2.51 1.249 1.473 1.696 1.873 2.065 2.274 2.434 2.583 2.749 2.939 3.011 3.040 3.068 3.089 3.034 3.011 2.995 2.952 2.855 2.766 2.691 2.802 2.802 1.734
7.75 3.16 1.242 1.465 1.688 1.865 2.056 2.264 2.424 2.573 2.740 2.931 3.004 3.033 3.061 3.082 3.027 3.005 2.989 2.945 2.848 2.758 2.682 2.792 2.792 1.725
7.75 3.98 1.234 1.456 1.678 1.854 2.045 2.252 2.411 2.561 2.729 2.921 2.995 3.025 3.052 3.073 3.020 2.997 2.981 2.937 2.839 2.748 2.672 2.780 2.780 1.714
7.75 5.01 1.223 1.445 1.666 1.842 2.031 2.238 2.396 2.546 2.715 2.909 2.984 3.014 3.041 3.063 3.010 2.987 2.972 2.927 2.828 2.736 2.659 2.765 2.765 1.701
7.75 6.31 1.211 1.431 1.652 1.826 2.015 2.220 2.378 2.528 2.699 2.894 2.970 3.000 3.028 3.050 2.998 2.976 2.960 2.915 2.815 2.722 2.644 2.747 2.747 1.684
7.75 7.94 1.196 1.414 1.634 1.807 1.995 2.199 2.356 2.506 2.678 2.876 2.953 2.984 3.012 3.035 2.984 2.961 2.946 2.900 2.799 2.704 2.626 2.725 2.725 1.665
7.75 10.00 1.178 1.394 1.613 1.785 1.971 2.173 2.329 2.480 2.654 2.853 2.932 2.964 2.992 3.015 2.966 2.943 2.929 2.883 2.780 2.684 2.604 2.700 2.700 1.641
7.75 12.59 1.156 1.371 1.587 1.758 1.943 2.143 2.298 2.449 2.624 2.826 2.906 2.939 2.967 2.992 2.944 2.922 2.908 2.861 2.757 2.659 2.579 2.669 2.669 1.613
7.75 15.85 1.130 1.342 1.558 1.727 1.910 2.107 2.261 2.412 2.589 2.794 2.876 2.909 2.937 2.963 2.917 2.895 2.882 2.835 2.730 2.630 2.548 2.634 2.634 1.580
7.75 19.95 1.100 1.309 1.522 1.690 1.871 2.066 2.218 2.369 2.548 2.755 2.838 2.873 2.901 2.927 2.884 2.862 2.850 2.803 2.698 2.596 2.512 2.592 2.592 1.542
7.75 25.12 1.064 1.270 1.481 1.647 1.826 2.017 2.168 2.319 2.500 2.709 2.794 2.829 2.857 2.885 2.843 2.823 2.812 2.765 2.660 2.555 2.470 2.543 2.543 1.497
7.75 31.62 1.023 1.225 1.434 1.597 1.774 1.962 2.111 2.261 2.443 2.654 2.740 2.777 2.804 2.833 2.795 2.774 2.766 2.719 2.614 2.507 2.421 2.487 2.487 1.445
7.75 39.81 0.974 1.173 1.379 1.539 1.714 1.898 2.045 2.195 2.377 2.589 2.677 2.715 2.742 2.772 2.736 2.716 2.710 2.665 2.559 2.450 2.363 2.422 2.422 1.385
7.75 50.12 0.917 1.112 1.316 1.473 1.645 1.825 1.970 2.118 2.301 2.514 2.603 2.642 2.668 2.700 2.666 2.647 2.644 2.599 2.495 2.384 2.296 2.348 2.348 1.317
7.75 63.10 0.852 1.042 1.242 1.397 1.566 1.741 1.884 2.031 2.213 2.426 2.516 2.556 2.582 2.616 2.585 2.566 2.565 2.522 2.420 2.307 2.218 2.264 2.264 1.239
7.75 79.43 0.775 0.960 1.158 1.309 1.475 1.646 1.786 1.931 2.112 2.324 2.415 2.457 2.483 2.518 2.491 2.473 2.475 2.433 2.333 2.219 2.130 2.171 2.171 1.149
7.75 100.00 0.684 0.865 1.059 1.207 1.370 1.536 1.674 1.817 1.995 2.206 2.298 2.343 2.369 2.407 2.383 2.366 2.371 2.332 2.235 2.120 2.031 2.068 2.068 1.047
7.75 125.89 0.578 0.754 0.944 1.089 1.248 1.409 1.545 1.685 1.861 2.070 2.163 2.212 2.239 2.281 2.261 2.245 2.254 2.218 2.124 2.008 1.920 1.954 1.954 0.928
7.75 158.49 0.452 0.622 0.810 0.951 1.106 1.262 1.395 1.533 1.705 1.912 2.007 2.062 2.090 2.139 2.125 2.110 2.124 2.091 2.001 1.884 1.799 1.831 1.831 0.792
7.75 199.53 0.302 0.467 0.650 0.788 0.940 1.090 1.220 1.355 1.523 1.729 1.827 1.890 1.922 1.979 1.972 1.960 1.980 1.952 1.866 1.749 1.666 1.698 1.698 0.632
7.75 251.19 0.121 0.280 0.460 0.594 0.743 0.887 1.015 1.147 1.310 1.514 1.617 1.691 1.729 1.799 1.802 1.794 1.822 1.799 1.719 1.601 1.521 1.554 1.554 0.445
7.75 316.23 -0.098 0.056 0.232 0.363 0.507 0.646 0.771 0.899 1.058 1.261 1.370 1.460 1.507 1.594 1.613 1.610 1.648 1.634 1.559 1.441 1.365 1.400 1.400 0.223
7.75 398.11 -0.364 -0.215 -0.043 0.084 0.224 0.358 0.479 0.604 0.758 0.962 1.079 1.191 1.251 1.361 1.400 1.405 1.458 1.453 1.386 1.268 1.196 1.233 1.233 -0.041
7.75 501.19 -0.689 -0.546 -0.378 -0.255 -0.118 0.010 0.128 0.250 0.398 0.603 0.734 0.873 0.953 1.094 1.159 1.176 1.247 1.256 1.199 1.080 1.012 1.053 1.053 -0.359
7.75 630.96 -1.089 -0.952 -0.787 -0.668 -0.535 -0.413 -0.298 -0.180 -0.037 0.172 0.320 0.497 0.601 0.784 0.885 0.919 1.013 1.041 0.995 0.876 0.812 0.856 0.856 -0.745
7.75 794.33 -1.582 -1.451 -1.290 -1.176 -1.046 -0.930 -0.817 -0.703 -0.566 -0.350 -0.180 0.046 0.185 0.422 0.571 0.626 0.751 0.802 0.771 0.652 0.592 0.641 0.641 -1.214
7.75 1000.00 -2.193 -2.068 -1.911 -1.800 -1.675 -1.565 -1.455 -1.345 -1.214 -0.987 -0.787 -0.497 -0.314 -0.006 0.205 0.289 0.454 0.536 0.523 0.404 0.349 0.402 0.402 -1.790
8.00 1.00 1.328 1.551 1.774 1.951 2.139 2.342 2.497 2.637 2.785 2.972 3.047 3.077 3.105 3.131 3.085 3.056 3.035 2.991 2.899 2.815 2.748 2.874 2.874 1.782
8.00 1.26 1.325 1.548 1.771 1.947 2.136 2.338 2.493 2.633 2.782 2.969 3.044 3.075 3.103 3.129 3.083 3.054 3.033 2.988 2.896 2.812 2.744 2.870 2.870 1.778
8.00 1.58 1.322 1.545 1.767 1.943 2.132 2.334 2.489 2.628 2.777 2.965 3.041 3.072 3.100 3.126 3.080 3.051 3.030 2.985 2.893 2.808 2.740 2.865 2.865 1.774
8.00 2.00 1.318 1.540 1.762 1.938 2.126 2.328 2.483 2.622 2.772 2.961 3.037 3.068 3.096 3.122 3.076 3.047 3.026 2.981 2.888 2.803 2.735 2.859 2.859 1.769
8.00 2.51 1.313 1.535 1.757 1.932 2.120 2.321 2.475 2.615 2.765 2.955 3.031 3.063 3.091 3.117 3.072 3.043 3.022 2.976 2.883 2.797 2.729 2.852 2.852 1.762
8.00 3.16 1.307 1.528 1.749 1.924 2.112 2.312 2.466 2.606 2.757 2.948 3.025 3.056 3.085 3.111 3.066 3.037 3.016 2.970 2.876 2.790 2.721 2.843 2.843 1.754
8.00 3.98 1.300 1.520 1.740 1.915 2.102 2.301 2.455 2.595 2.747 2.939 3.017 3.049 3.077 3.104 3.060 3.030 3.009 2.963 2.868 2.781 2.712 2.832 2.832 1.744
8.00 5.01 1.290 1.510 1.730 1.903 2.090 2.288 2.441 2.582 2.735 2.928 3.007 3.039 3.068 3.095 3.051 3.022 3.001 2.954 2.858 2.770 2.700 2.819 2.819 1.732
8.00 6.31 1.279 1.497 1.716 1.889 2.075 2.272 2.424 2.565 2.720 2.915 2.995 3.028 3.056 3.084 3.041 3.012 2.991 2.943 2.846 2.757 2.687 2.803 2.803 1.718
8.00 7.94 1.265 1.482 1.700 1.872 2.057 2.252 2.404 2.545 2.701 2.899 2.980 3.014 3.042 3.071 3.029 2.999 2.978 2.930 2.832 2.741 2.670 2.783 2.783 1.700
8.00 10.00 1.249 1.464 1.681 1.852 2.035 2.229 2.380 2.521 2.679 2.879 2.962 2.996 3.025 3.054 3.013 2.984 2.964 2.914 2.815 2.723 2.651 2.760 2.760 1.678
8.00 12.59 1.229 1.442 1.657 1.827 2.009 2.201 2.351 2.493 2.652 2.855 2.939 2.975 3.004 3.034 2.995 2.966 2.946 2.896 2.795 2.701 2.628 2.733 2.733 1.652
8.00 15.85 1.205 1.416 1.630 1.798 1.978 2.168 2.317 2.459 2.621 2.826 2.912 2.949 2.978 3.009 2.972 2.943 2.924 2.873 2.771 2.675 2.601 2.701 2.701 1.622
8.00 19.95 1.177 1.385 1.597 1.763 1.942 2.129 2.276 2.418 2.583 2.791 2.879 2.917 2.946 2.979 2.945 2.916 2.898 2.847 2.743 2.645 2.569 2.664 2.664 1.586
8.00 25.12 1.143 1.348 1.559 1.723 1.899 2.083 2.229 2.372 2.538 2.749 2.840 2.879 2.908 2.943 2.911 2.883 2.866 2.815 2.710 2.609 2.532 2.621 2.621 1.544
8.00 31.62 1.104 1.306 1.514 1.676 1.850 2.031 2.175 2.317 2.485 2.699 2.792 2.833 2.862 2.899 2.870 2.842 2.827 2.776 2.671 2.568 2.489 2.570 2.570 1.495
8.00 39.81 1.058 1.256 1.461 1.621 1.793 1.970 2.112 2.254 2.424 2.640 2.735 2.777 2.807 2.845 2.820 2.793 2.781 2.730 2.625 2.519 2.438 2.513 2.513 1.439
8.00 50.12 1.004 1.198 1.401 1.558 1.727 1.900 2.040 2.181 2.352 2.570 2.667 2.711 2.741 2.782 2.760 2.734 2.724 2.675 2.570 2.462 2.380 2.446 2.446 1.373
8.00 63.10 0.941 1.130 1.330 1.484 1.651 1.819 1.958 2.098 2.269 2.488 2.586 2.633 2.663 2.706 2.688 2.664 2.657 2.609 2.506 2.395 2.312 2.371 2.371 1.298
8.00 79.43 0.866 1.051 1.248 1.399 1.563 1.727 1.863 2.002 2.172 2.392 2.492 2.541 2.571 2.618 2.603 2.580 2.577 2.531 2.430 2.318 2.234 2.286 2.286 1.212
8.00 100.00 0.779 0.959 1.153 1.301 1.461 1.620 1.754 1.891 2.060 2.279 2.381 2.433 2.465 2.515 2.505 2.484 2.484 2.441 2.343 2.229 2.144 2.192 2.192 1.112
8.00 125.89 0.675 0.850 1.041 1.185 1.342 1.496 1.627 1.762 1.929 2.148 2.252 2.309 2.342 2.397 2.393 2.372 2.378 2.338 2.243 2.127 2.044 2.086 2.086 0.997
8.00 158.49 0.552 0.722 0.909 1.050 1.203 1.352 1.481 1.613 1.777 1.995 2.101 2.165 2.200 2.262 2.264 2.246 2.257 2.221 2.130 2.014 1.931 1.970 1.970 0.864
8.00 199.53 0.404 0.568 0.752 0.889 1.039 1.183 1.309 1.438 1.599 1.816 1.926 1.997 2.037 2.108 2.119 2.104 2.122 2.091 2.004 1.887 1.806 1.844 1.844 0.707
8.00 251.19 0.226 0.385 0.565 0.699 0.845 0.983 1.106 1.233 1.389 1.605 1.720 1.803 1.850 1.934 1.956 1.945 1.971 1.947 1.865 1.748 1.669 1.706 1.706 0.522
8.00 316.23 0.010 0.163 0.340 0.470 0.612 0.745 0.865 0.988 1.141 1.356 1.477 1.577 1.633 1.734 1.772 1.767 1.804 1.788 1.713 1.595 1.519 1.557 1.557 0.303
8.00 398.11 -0.254 -0.106 0.067 0.193 0.332 0.459 0.576 0.696 0.844 1.060 1.190 1.312 1.381 1.506 1.564 1.568 1.619 1.614 1.546 1.428 1.356 1.395 1.395 0.041
8.00 501.19 -0.576 -0.434 -0.265 -0.143 -0.008 0.113 0.228 0.344 0.487 0.705 0.848 0.998 1.086 1.243 1.328 1.344 1.414 1.422 1.364 1.245 1.177 1.219 1.219 -0.275
8.00 630.96 -0.974 -0.837 -0.672 -0.554 -0.423 -0.307 -0.195 -0.083 0.054 0.277 0.437 0.625 0.738 0.936 1.058 1.090 1.184 1.211 1.164 1.046 0.982 1.027 1.027 -0.657
8.00 794.33 -1.465 -1.334 -1.173 -1.058 -0.931 -0.821 -0.712 -0.603 -0.472 -0.243 -0.060 0.177 0.325 0.578 0.747 0.801 0.926 0.976 0.944 0.826 0.766 0.815 0.815 -1.125
8.00 1000.00 -2.073 -1.948 -1.791 -1.681 -1.557 -1.454 -1.347 -1.242 -1.116 -0.877 -0.664 -0.363 -0.171 0.153 0.384 0.468 0.633 0.714 0.700 0.581 0.526 0.579 0.579 -1.698
8.25 1.00 1.387 1.608 1.829 2.004 2.189 2.384 2.534 2.669 2.811 2.991 3.062 3.089 3.113 3.134 3.084 3.053 3.029 2.983 2.890 2.805 2.739 2.865 2.865 1.810
8.25 1.26 1.385 1.605 1.826 2.001 2.186 2.380 2.531 2.665 2.808 2.988 3.060 3.086 3.110 3.132 3.082 3.050 3.027 2.981 2.887 2.802 2.736 2.862 2.862 1.807
8.25 1.58 1.382 1.602 1.823 1.998 2.182 2.376 2.527 2.661 2.804 2.985 3.057 3.083 3.107 3.129 3.080 3.048 3.025 2.978 2.884 2.799 2.732 2.858 2.858 1.804
8.25 2.00 1.378 1.598 1.819 1.993 2.178 2.371 2.521 2.656 2.799 2.981 3.053 3.080 3.104 3.126 3.076 3.044 3.021 2.974 2.880 2.794 2.728 2.852 2.852 1.799
8.25 2.51 1.374 1.593 1.813 1.987 2.172 2.365 2.515 2.649 2.793 2.976 3.048 3.075 3.099 3.122 3.072 3.040 3.017 2.970 2.875 2.789 2.722 2.846 2.846 1.793
8.25 3.16 1.369 1.587 1.807 1.981 2.165 2.357 2.506 2.641 2.786 2.969 3.042 3.070 3.094 3.116 3.067 3.035 3.012 2.964 2.869 2.782 2.715 2.838 2.838 1.786
8.25 3.98 1.362 1.580 1.799 1.972 2.155 2.347 2.496 2.631 2.777 2.961 3.035 3.063 3.087 3.110 3.061 3.029 3.006 2.958 2.862 2.774 2.707 2.828 2.828 1.777
8.25 5.01 1.353 1.571 1.789 1.962 2.144 2.335 2.484 2.619 2.766 2.951 3.026 3.054 3.078 3.101 3.054 3.022 2.999 2.949 2.853 2.764 2.696 2.816 2.816 1.766
8.25 6.31 1.343 1.559 1.777 1.949 2.131 2.320 2.468 2.604 2.752 2.939 3.015 3.043 3.068 3.091 3.044 3.012 2.989 2.940 2.842 2.752 2.684 2.801 2.801 1.752
8.25 7.94 1.331 1.545 1.762 1.933 2.114 2.302 2.450 2.585 2.735 2.924 3.001 3.030 3.055 3.079 3.033 3.001 2.978 2.928 2.829 2.738 2.669 2.784 2.784 1.736
8.25 10.00 1.316 1.529 1.744 1.914 2.094 2.281 2.428 2.563 2.714 2.906 2.984 3.014 3.039 3.064 3.019 2.987 2.964 2.913 2.814 2.721 2.651 2.763 2.763 1.716
8.25 12.59 1.297 1.508 1.723 1.892 2.070 2.255 2.401 2.537 2.690 2.884 2.963 2.994 3.019 3.045 3.002 2.970 2.948 2.896 2.795 2.701 2.630 2.738 2.738 1.692
8.25 15.85 1.275 1.484 1.697 1.864 2.042 2.224 2.369 2.505 2.660 2.857 2.938 2.970 2.995 3.023 2.981 2.949 2.928 2.876 2.773 2.677 2.605 2.708 2.708 1.664
8.25 19.95 1.249 1.455 1.667 1.832 2.008 2.188 2.331 2.468 2.625 2.824 2.907 2.941 2.966 2.995 2.956 2.924 2.904 2.851 2.748 2.649 2.575 2.673 2.673 1.630
8.25 25.12 1.218 1.421 1.631 1.794 1.968 2.145 2.287 2.424 2.583 2.785 2.870 2.905 2.931 2.961 2.924 2.893 2.874 2.821 2.717 2.616 2.541 2.633 2.633 1.591
8.25 31.62 1.181 1.381 1.588 1.750 1.921 2.095 2.236 2.372 2.533 2.738 2.826 2.862 2.888 2.920 2.886 2.856 2.839 2.786 2.681 2.578 2.501 2.586 2.586 1.545
8.25 39.81 1.137 1.334 1.539 1.698 1.867 2.037 2.176 2.312 2.475 2.682 2.772 2.810 2.836 2.870 2.840 2.811 2.796 2.743 2.638 2.533 2.454 2.533 2.533 1.491
8.25 50.12 1.085 1.278 1.481 1.637 1.804 1.970 2.107 2.243 2.406 2.616 2.707 2.748 2.774 2.811 2.784 2.756 2.743 2.692 2.587 2.480 2.400 2.471 2.471 1.428
8.25 63.10 1.025 1.213 1.413 1.567 1.731 1.893 2.027 2.162 2.326 2.537 2.631 2.673 2.700 2.740 2.717 2.690 2.681 2.631 2.527 2.417 2.336 2.400 2.400 1.356
8.25 79.43 0.953 1.137 1.334 1.485 1.646 1.803 1.936 2.069 2.233 2.445 2.540 2.586 2.613 2.656 2.638 2.612 2.606 2.559 2.457 2.345 2.263 2.320 2.320 1.273
8.25 100.00 0.868 1.048 1.241 1.389 1.546 1.700 1.830 1.962 2.124 2.336 2.433 2.483 2.511 2.558 2.545 2.521 2.519 2.474 2.375 2.261 2.179 2.230 2.230 1.176
8.25 125.89 0.767 0.942 1.132 1.276 1.431 1.579 1.706 1.836 1.997 2.209 2.308 2.362 2.393 2.445 2.437 2.415 2.418 2.377 2.281 2.166 2.084 2.130 2.130 1.064
8.25 158.49 0.646 0.816 1.003 1.143 1.294 1.438 1.563 1.690 1.848 2.059 2.162 2.222 2.255 2.315 2.314 2.294 2.303 2.266 2.174 2.058 1.977 2.019 2.019 0.933
8.25 199.53 0.501 0.665 0.848 0.986 1.133 1.271 1.394 1.519 1.674 1.884 1.990 2.059 2.097 2.166 2.174 2.157 2.174 2.141 2.053 1.937 1.857 1.897 1.897 0.779
8.25 251.19 0.325 0.484 0.664 0.798 0.942 1.074 1.194 1.316 1.467 1.677 1.788 1.869 1.913 1.995 2.015 2.003 2.028 2.002 1.920 1.802 1.725 1.764 1.764 0.597
8.25 316.23 0.112 0.265 0.441 0.571 0.712 0.839 0.955 1.074 1.221 1.431 1.549 1.646 1.700 1.800 1.836 1.830 1.866 1.848 1.772 1.655 1.580 1.619 1.619 0.380
8.25 398.11 -0.149 -0.001 0.171 0.297 0.434 0.555 0.669 0.785 0.927 1.138 1.265 1.384 1.452 1.575 1.632 1.635 1.685 1.678 1.610 1.492 1.421 1.461 1.461 0.121
8.25 501.19 -0.469 -0.327 -0.158 -0.036 0.097 0.212 0.324 0.436 0.573 0.786 0.926 1.074 1.160 1.315 1.399 1.414 1.484 1.491 1.432 1.314 1.246 1.289 1.289 -0.192
8.25 630.96 -0.864 -0.727 -0.563 -0.444 -0.315 -0.205 -0.097 0.012 0.144 0.361 0.518 0.704 0.816 1.013 1.133 1.164 1.258 1.283 1.236 1.118 1.054 1.100 1.100 -0.573
8.25 794.33 -1.352 -1.222 -1.061 -0.946 -0.821 -0.717 -0.611 -0.507 -0.380 -0.156 0.024 0.259 0.405 0.657 0.825 0.878 1.003 1.052 1.020 0.901 0.842 0.891 0.891 -1.038
8.25 1000.00 -1.958 -1.834 -1.677 -1.566 -1.445 -1.346 -1.244 -1.143 -1.022 -0.788 -0.578 -0.279 -0.087 0.235 0.465 0.548 0.712 0.793 0.779 0.660 0.605 0.658 0.658 -1.609
8.50 1.00 1.443 1.661 1.881 2.054 2.236 2.423 2.570 2.699 2.836 3.010 3.077 3.100 3.120 3.138 3.084 3.049 3.024 2.975 2.881 2.795 2.730 2.857 2.857 1.838
8.50 1.26 1.441 1.659 1.878 2.052 2.233 2.420 2.566 2.696 2.833 3.008 3.075 3.098 3.118 3.136 3.082 3.047 3.022 2.973 2.879 2.793 2.728 2.854 2.854 1.835
8.50 1.58 1.438 1.656 1.875 2.048 2.230 2.417 2.563 2.692 2.830 3.005 3.072 3.095 3.115 3.133 3.080 3.045 3.020 2.970 2.876 2.790 2.725 2.850 2.850 1.832
8.50 2.00 1.435 1.653 1.872 2.044 2.226 2.412 2.558 2.688 2.826 3.001 3.069 3.092 3.112 3.130 3.077 3.042 3.017 2.967 2.872 2.786 2.720 2.846 2.846 1.827
8.50 2.51 1.431 1.648 1.867 2.039 2.220 2.406 2.552 2.682 2.820 2.996 3.064 3.088 3.108 3.126 3.073 3.038 3.013 2.963 2.868 2.781 2.715 2.840 2.840 1.822
8.50 3.16 1.426 1.643 1.861 2.033 2.214 2.399 2.544 2.674 2.814 2.990 3.059 3.083 3.103 3.121 3.068 3.034 3.009 2.958 2.863 2.775 2.709 2.833 2.833 1.815
8.50 3.98 1.420 1.636 1.854 2.025 2.206 2.390 2.535 2.665 2.805 2.983 3.052 3.076 3.097 3.115 3.063 3.028 3.003 2.952 2.856 2.768 2.702 2.824 2.824 1.807
8.50 5.01 1.413 1.628 1.845 2.016 2.196 2.379 2.524 2.654 2.795 2.974 3.044 3.068 3.089 3.108 3.056 3.021 2.996 2.945 2.848 2.759 2.692 2.813 2.813 1.797
8.50 6.31 1.404 1.617 1.834 2.004 2.183 2.366 2.510 2.640 2.782 2.963 3.034 3.059 3.079 3.099 3.047 3.013 2.988 2.936 2.838 2.748 2.681 2.800 2.800 1.785
8.50 7.94 1.392 1.605 1.820 1.990 2.168 2.349 2.493 2.624 2.767 2.949 3.021 3.047 3.067 3.087 3.037 3.002 2.977 2.925 2.826 2.735 2.667 2.784 2.784 1.770
8.50 10.00 1.378 1.590 1.804 1.973 2.150 2.330 2.472 2.603 2.748 2.932 3.006 3.032 3.052 3.073 3.024 2.989 2.965 2.912 2.812 2.720 2.651 2.764 2.764 1.752
8.50 12.59 1.361 1.571 1.784 1.952 2.128 2.306 2.448 2.579 2.725 2.911 2.986 3.013 3.034 3.056 3.008 2.974 2.950 2.896 2.795 2.701 2.632 2.741 2.741 1.730
8.50 15.85 1.341 1.549 1.761 1.926 2.101 2.277 2.418 2.549 2.698 2.886 2.963 2.991 3.012 3.035 2.989 2.955 2.931 2.877 2.775 2.679 2.609 2.714 2.714 1.703
8.50 19.95 1.317 1.522 1.732 1.896 2.070 2.243 2.383 2.514 2.665 2.856 2.935 2.964 2.985 3.009 2.966 2.932 2.909 2.854 2.751 2.653 2.581 2.682 2.682 1.672
8.50 25.12 1.287 1.490 1.698 1.861 2.032 2.203 2.341 2.473 2.625 2.819 2.900 2.931 2.952 2.978 2.937 2.903 2.882 2.827 2.723 2.623 2.550 2.645 2.645 1.635
8.50 31.62 1.253 1.452 1.658 1.819 1.988 2.156 2.293 2.424 2.578 2.775 2.858 2.890 2.912 2.940 2.902 2.869 2.849 2.794 2.689 2.587 2.512 2.602 2.602 1.591
8.50 39.81 1.211 1.407 1.611 1.770 1.937 2.101 2.236 2.367 2.523 2.722 2.807 2.841 2.864 2.894 2.859 2.827 2.809 2.755 2.650 2.545 2.469 2.551 2.551 1.540
8.50 50.12 1.162 1.354 1.556 1.712 1.876 2.037 2.170 2.301 2.458 2.659 2.746 2.782 2.806 2.838 2.807 2.776 2.761 2.708 2.603 2.496 2.418 2.494 2.494 1.481
8.50 63.10 1.104 1.292 1.491 1.644 1.806 1.963 2.094 2.224 2.381 2.584 2.673 2.712 2.736 2.771 2.744 2.715 2.703 2.651 2.547 2.438 2.359 2.427 2.427 1.411
8.50 79.43 1.034 1.218 1.414 1.565 1.724 1.876 2.005 2.134 2.291 2.495 2.586 2.629 2.653 2.692 2.670 2.642 2.634 2.584 2.482 2.370 2.291 2.352 2.352 1.331
8.50 100.00 0.952 1.131 1.324 1.471 1.627 1.775 1.902 2.029 2.186 2.391 2.484 2.530 2.556 2.599 2.582 2.556 2.552 2.505 2.405 2.292 2.212 2.267 2.267 1.237
8.50 125.89 0.853 1.028 1.218 1.362 1.514 1.657 1.781 1.907 2.062 2.267 2.363 2.414 2.442 2.491 2.480 2.456 2.457 2.414 2.317 2.202 2.122 2.172 2.172 1.127
8.50 158.49 0.735 0.904 1.091 1.232 1.381 1.519 1.641 1.764 1.917 2.121 2.220 2.278 2.309 2.366 2.362 2.340 2.348 2.308 2.215 2.100 2.020 2.066 2.066 0.999
8.50 199.53 0.592 0.757 0.940 1.077 1.223 1.355 1.474 1.595 1.745 1.949 2.052 2.119 2.155 2.221 2.227 2.209 2.223 2.189 2.101 1.984 1.906 1.949 1.949 0.848
8.50 251.19 0.419 0.578 0.758 0.891 1.034 1.161 1.277 1.396 1.542 1.746 1.853 1.933 1.975 2.055 2.073 2.059 2.083 2.056 1.973 1.855 1.779 1.820 1.820 0.668
8.50 316.23 0.209 0.362 0.538 0.668 0.806 0.928 1.042 1.157 1.299 1.503 1.618 1.714 1.766 1.864 1.898 1.891 1.926 1.907 1.830 1.713 1.639 1.680 1.680 0.454
8.50 398.11 -0.050 0.098 0.270 0.396 0.531 0.648 0.759 0.870 1.008 1.213 1.338 1.455 1.521 1.643 1.698 1.700 1.749 1.742 1.673 1.555 1.484 1.526 1.526 0.197
8.50 501.19 -0.367 -0.225 -0.057 0.066 0.197 0.307 0.415 0.524 0.657 0.864 1.002 1.148 1.233 1.387 1.469 1.484 1.552 1.558 1.499 1.381 1.313 1.357 1.357 -0.113
8.50 630.96 -0.759 -0.623 -0.458 -0.340 -0.213 -0.108 -0.002 0.102 0.230 0.442 0.597 0.781 0.892 1.087 1.206 1.237 1.330 1.355 1.308 1.189 1.125 1.171 1.171 -0.492
8.50 794.33 -1.245 -1.115 -0.954 -0.839 -0.716 -0.617 -0.514 -0.413 -0.291 -0.072 0.106 0.339 0.484 0.735 0.902 0.955 1.078 1.128 1.095 0.976 0.917 0.966 0.966 -0.954
8.50 1000.00 -1.849 -1.724 -1.567 -1.457 -1.337 -1.244 -1.144 -1.047 -0.930 -0.701 -0.493 -0.196 -0.005 0.316 0.545 0.627 0.791 0.872 0.857 0.738 0.683 0.737 0.737 -1.522
8.75 1.00 1.496 1.712 1.929 2.101 2.280 2.460 2.603 2.728 2.861 3.029 3.092 3.111 3.128 3.141 3.083 3.046 3.019 2.967 2.873 2.786 2.723 2.850 2.850 1.864
8.75 1.26 1.494 1.710 1.927 2.099 2.278 2.458 2.600 2.726 2.858 3.026 3.090 3.109 3.126 3.139 3.082 3.044 3.017 2.966 2.871 2.784 2.720 2.847 2.847 1.861
8.75 1.58 1.492 1.707 1.924 2.096 2.274 2.454 2.597 2.722 2.855 3.024 3.088 3.107 3.123 3.137 3.080 3.042 3.015 2.963 2.868 2.781 2.717 2.844 2.844 1.858
8.75 2.00 1.489 1.704 1.921 2.092 2.271 2.450 2.592 2.718 2.851 3.020 3.085 3.104 3.120 3.134 3.077 3.040 3.012 2.960 2.865 2.778 2.714 2.840 2.840 1.854
8.75 2.51 1.485 1.700 1.917 2.088 2.266 2.445 2.587 2.712 2.846 3.016 3.081 3.100 3.117 3.131 3.074 3.036 3.009 2.957 2.861 2.773 2.709 2.834 2.834 1.850
8.75 3.16 1.481 1.695 1.912 2.082 2.260 2.439 2.580 2.706 2.840 3.011 3.076 3.095 3.112 3.126 3.070 3.032 3.005 2.952 2.856 2.768 2.704 2.828 2.828 1.844
8.75 3.98 1.475 1.689 1.905 2.075 2.252 2.431 2.572 2.698 2.832 3.004 3.070 3.090 3.106 3.121 3.064 3.027 3.000 2.947 2.850 2.762 2.697 2.820 2.820 1.836
8.75 5.01 1.469 1.681 1.897 2.066 2.243 2.421 2.561 2.687 2.823 2.996 3.062 3.082 3.099 3.114 3.058 3.021 2.994 2.940 2.843 2.754 2.688 2.810 2.810 1.827
8.75 6.31 1.460 1.672 1.887 2.056 2.232 2.408 2.549 2.675 2.811 2.985 3.053 3.073 3.090 3.106 3.050 3.013 2.986 2.932 2.834 2.744 2.678 2.798 2.798 1.816
8.75 7.94 1.450 1.660 1.875 2.043 2.218 2.393 2.533 2.660 2.797 2.973 3.041 3.062 3.079 3.095 3.041 3.003 2.976 2.922 2.823 2.732 2.666 2.784 2.784 1.802
8.75 10.00 1.437 1.646 1.860 2.027 2.201 2.375 2.514 2.641 2.780 2.957 3.027 3.049 3.066 3.082 3.029 2.991 2.965 2.910 2.810 2.718 2.651 2.766 2.766 1.785
8.75 12.59 1.422 1.629 1.841 2.007 2.181 2.353 2.491 2.618 2.759 2.938 3.009 3.032 3.049 3.066 3.015 2.977 2.951 2.896 2.795 2.701 2.633 2.745 2.745 1.765
8.75 15.85 1.403 1.608 1.819 1.984 2.156 2.327 2.464 2.591 2.733 2.915 2.987 3.011 3.029 3.047 2.997 2.960 2.934 2.878 2.776 2.681 2.612 2.720 2.720 1.741
8.75 19.95 1.380 1.583 1.793 1.956 2.127 2.295 2.431 2.558 2.702 2.886 2.961 2.986 3.004 3.023 2.975 2.938 2.914 2.857 2.754 2.657 2.587 2.691 2.691 1.711
8.75 25.12 1.353 1.554 1.761 1.923 2.092 2.257 2.392 2.519 2.665 2.852 2.928 2.955 2.973 2.994 2.949 2.912 2.889 2.832 2.728 2.629 2.557 2.656 2.656 1.677
8.75 31.62 1.320 1.518 1.724 1.883 2.050 2.213 2.346 2.474 2.621 2.811 2.889 2.917 2.936 2.959 2.916 2.880 2.859 2.802 2.697 2.595 2.523 2.616 2.616 1.635
8.75 39.81 1.280 1.475 1.679 1.836 2.001 2.161 2.292 2.419 2.569 2.761 2.841 2.871 2.890 2.916 2.876 2.842 2.822 2.766 2.660 2.556 2.483 2.569 2.569 1.587
8.75 50.12 1.234 1.425 1.626 1.781 1.944 2.099 2.229 2.356 2.506 2.701 2.783 2.816 2.836 2.864 2.828 2.794 2.777 2.722 2.617 2.511 2.435 2.515 2.515 1.530
8.75 63.10 1.178 1.365 1.564 1.716 1.876 2.028 2.156 2.282 2.433 2.629 2.714 2.749 2.770 2.801 2.770 2.738 2.724 2.670 2.565 2.457 2.380 2.453 2.453 1.463
8.75 79.43 1.111 1.294 1.490 1.639 1.797 1.944 2.070 2.195 2.346 2.544 2.631 2.670 2.691 2.727 2.700 2.669 2.659 2.608 2.505 2.394 2.317 2.383 2.383 1.386
8.75 100.00 1.031 1.209 1.402 1.549 1.703 1.846 1.970 2.094 2.244 2.443 2.532 2.575 2.598 2.639 2.618 2.589 2.583 2.534 2.433 2.321 2.243 2.302 2.302 1.295
8.75 125.89 0.935 1.109 1.298 1.442 1.593 1.731 1.853 1.975 2.124 2.323 2.415 2.463 2.489 2.535 2.521 2.494 2.493 2.448 2.350 2.236 2.158 2.212 2.212 1.188
8.75 158.49 0.819 0.988 1.174 1.315 1.462 1.596 1.715 1.834 1.982 2.181 2.276 2.332 2.361 2.415 2.408 2.384 2.390 2.349 2.255 2.140 2.062 2.111 2.111 1.062
8.75 199.53 0.679 0.843 1.026 1.162 1.307 1.435 1.551 1.669 1.814 2.013 2.112 2.177 2.210 2.275 2.278 2.258 2.271 2.235 2.146 2.030 1.953 1.999 1.999 0.914
8.75 251.19 0.508 0.667 0.846 0.980 1.120 1.243 1.357 1.472 1.613 1.812 1.917 1.994 2.035 2.113 2.129 2.114 2.136 2.107 2.024 1.907 1.831 1.875 1.875 0.737
8.75 316.23 0.300 0.453 0.629 0.759 0.896 1.013 1.124 1.236 1.374 1.573 1.685 1.779 1.830 1.926 1.958 1.950 1.984 1.964 1.887 1.769 1.696 1.739 1.739 0.525
8.75 398.11 0.044 0.192 0.364 0.490 0.624 0.736 0.844 0.952 1.086 1.286 1.408 1.524 1.589 1.709 1.762 1.763 1.812 1.803 1.734 1.616 1.546 1.589 1.589 0.271
8.75 501.19 -0.271 -0.129 0.040 0.162 0.292 0.398 0.503 0.609 0.737 0.941 1.076 1.220 1.304 1.457 1.538 1.551 1.619 1.625 1.565 1.447 1.380 1.424 1.424 -0.037
8.75 630.96 -0.660 -0.524 -0.360 -0.241 -0.115 -0.014 0.088 0.190 0.314 0.521 0.674 0.856 0.966 1.161 1.279 1.309 1.401 1.425 1.377 1.259 1.195 1.242 1.242 -0.413
8.75 794.33 -1.144 -1.013 -0.852 -0.738 -0.616 -0.521 -0.421 -0.323 -0.205 0.010 0.186 0.418 0.562 0.811 0.977 1.029 1.153 1.201 1.168 1.049 0.990 1.040 1.040 -0.873
8.75 1000.00 -1.745 -1.620 -1.463 -1.353 -1.234 -1.145 -1.048 -0.954 -0.841 -0.616 -0.410 -0.114 0.075 0.396 0.624 0.706 0.869 0.949 0.934 0.815 0.760 0.814 0.814 -1.439
9.00 1.00 1.545 1.759 1.975 2.145 2.321 2.495 2.634 2.756 2.884 3.047 3.107 3.123 3.135 3.145 3.083 3.043 3.014 2.960 2.865 2.778 2.715 2.844 2.844 1.889
9.00 1.26 1.544 1.757 1.973 2.142 2.319 2.493 2.632 2.754 2.882 3.045 3.106 3.121 3.134 3.143 3.082 3.042 3.012 2.958 2.863 2.776 2.713 2.841 2.841 1.887
9.00 1.58 1.542 1.754 1.970 2.140 2.316 2.490 2.629 2.751 2.879 3.043 3.103 3.119 3.131 3.141 3.080 3.040 3.010 2.956 2.861 2.773 2.711 2.838 2.838 1.884
9.00 2.00 1.539 1.752 1.967 2.137 2.312 2.486 2.625 2.747 2.875 3.039 3.100 3.116 3.129 3.139 3.077 3.037 3.008 2.954 2.858 2.770 2.707 2.834 2.834 1.880
9.00 2.51 1.536 1.748 1.963 2.132 2.308 2.481 2.620 2.742 2.871 3.035 3.097 3.113 3.125 3.135 3.074 3.034 3.005 2.951 2.854 2.766 2.703 2.830 2.830 1.876
9.00 3.16 1.532 1.744 1.958 2.127 2.303 2.476 2.614 2.736 2.865 3.031 3.092 3.108 3.121 3.131 3.071 3.030 3.001 2.947 2.850 2.761 2.698 2.824 2.824 1.871
9.00 3.98 1.527 1.738 1.953 2.121 2.296 2.468 2.606 2.728 2.858 3.024 3.087 3.103 3.116 3.126 3.066 3.026 2.997 2.942 2.844 2.756 2.692 2.817 2.817 1.864
9.00 5.01 1.521 1.731 1.945 2.113 2.288 2.459 2.597 2.719 2.850 3.017 3.080 3.096 3.109 3.120 3.060 3.020 2.991 2.936 2.838 2.748 2.685 2.808 2.808 1.856
9.00 6.31 1.513 1.723 1.936 2.103 2.277 2.448 2.585 2.708 2.839 3.007 3.071 3.088 3.101 3.112 3.053 3.013 2.984 2.928 2.830 2.739 2.675 2.797 2.797 1.845
9.00 7.94 1.503 1.712 1.925 2.092 2.265 2.434 2.571 2.693 2.826 2.996 3.060 3.078 3.091 3.103 3.044 3.004 2.975 2.919 2.820 2.729 2.664 2.784 2.784 1.833
9.00 10.00 1.492 1.699 1.911 2.077 2.249 2.418 2.554 2.676 2.810 2.981 3.047 3.065 3.079 3.091 3.034 2.993 2.965 2.908 2.808 2.716 2.651 2.768 2.768 1.817
9.00 12.59 1.478 1.683 1.894 2.059 2.230 2.397 2.532 2.655 2.791 2.964 3.031 3.050 3.063 3.076 3.020 2.980 2.952 2.895 2.794 2.700 2.634 2.749 2.749 1.798
9.00 15.85 1.460 1.664 1.874 2.038 2.208 2.373 2.507 2.630 2.767 2.942 3.010 3.031 3.044 3.059 3.004 2.964 2.937 2.879 2.777 2.682 2.615 2.726 2.726 1.776
9.00 19.95 1.439 1.641 1.849 2.011 2.180 2.343 2.476 2.600 2.738 2.916 2.986 3.007 3.021 3.037 2.984 2.944 2.918 2.860 2.757 2.660 2.592 2.699 2.699 1.748
9.00 25.12 1.413 1.613 1.819 1.980 2.147 2.308 2.440 2.563 2.703 2.883 2.955 2.978 2.993 3.010 2.960 2.920 2.895 2.836 2.733 2.634 2.565 2.667 2.667 1.716
9.00 31.62 1.382 1.579 1.784 1.943 2.108 2.266 2.397 2.520 2.662 2.844 2.918 2.943 2.958 2.977 2.930 2.891 2.867 2.809 2.704 2.603 2.533 2.630 2.630 1.677
9.00 39.81 1.345 1.539 1.742 1.898 2.061 2.216 2.345 2.468 2.612 2.797 2.873 2.900 2.915 2.937 2.893 2.855 2.833 2.775 2.670 2.567 2.495 2.586 2.586 1.631
9.00 50.12 1.300 1.491 1.691 1.846 2.006 2.158 2.285 2.408 2.553 2.740 2.819 2.848 2.864 2.889 2.848 2.812 2.792 2.735 2.630 2.524 2.452 2.536 2.536 1.577
9.00 63.10 1.247 1.433 1.631 1.783 1.941 2.089 2.215 2.337 2.482 2.672 2.753 2.785 2.802 2.830 2.794 2.759 2.742 2.687 2.582 2.475 2.400 2.478 2.478 1.513
9.00 79.43 1.182 1.365 1.560 1.709 1.865 2.008 2.132 2.253 2.399 2.590 2.673 2.709 2.728 2.760 2.729 2.695 2.683 2.629 2.526 2.416 2.341 2.412 2.412 1.437
9.00 100.00 1.105 1.283 1.475 1.621 1.774 1.913 2.034 2.154 2.300 2.493 2.579 2.618 2.639 2.676 2.651 2.620 2.612 2.561 2.460 2.348 2.272 2.336 2.336 1.349
9.00 125.89 1.011 1.184 1.374 1.517 1.667 1.801 1.920 2.039 2.183 2.377 2.465 2.511 2.534 2.577 2.559 2.530 2.528 2.480 2.382 2.269 2.192 2.251 2.251 1.245
9.00 158.49 0.898 1.066 1.252 1.392 1.539 1.668 1.785 1.901 2.045 2.238 2.331 2.383 2.410 2.462 2.452 2.426 2.429 2.387 2.292 2.178 2.101 2.154 2.154 1.122
9.00 199.53 0.760 0.924 1.106 1.243 1.386 1.511 1.625 1.739 1.880 2.074 2.170 2.233 2.264 2.326 2.327 2.305 2.316 2.279 2.190 2.074 1.998 2.047 2.047 0.976
9.00 251.19 0.592 0.750 0.930 1.063 1.202 1.322 1.433 1.545 1.682 1.877 1.979 2.054 2.093 2.169 2.182 2.166 2.187 2.157 2.073 1.956 1.882 1.928 1.928 0.802
9.00 316.23 0.386 0.539 0.715 0.844 0.980 1.094 1.203 1.312 1.446 1.641 1.751 1.843 1.892 1.987 2.016 2.007 2.040 2.019 1.941 1.823 1.751 1.796 1.796 0.593
9.00 398.11 0.133 0.281 0.453 0.578 0.711 0.819 0.925 1.031 1.161 1.358 1.477 1.591 1.655 1.774 1.825 1.825 1.873 1.863 1.794 1.676 1.606 1.651 1.651 0.341
9.00 501.19 -0.179 -0.038 0.131 0.253 0.381 0.484 0.588 0.690 0.815 1.015 1.148 1.291 1.374 1.525 1.605 1.617 1.684 1.689 1.629 1.511 1.444 1.490 1.490 0.036
9.00 630.96 -0.566 -0.430 -0.266 -0.147 -0.023 0.075 0.175 0.274 0.394 0.599 0.749 0.930 1.039 1.233 1.349 1.379 1.470 1.494 1.446 1.327 1.264 1.312 1.312 -0.338
9.00 794.33 -1.047 -0.917 -0.756 -0.642 -0.521 -0.429 -0.332 -0.236 -0.121 0.090 0.264 0.495 0.638 0.887 1.051 1.103 1.226 1.274 1.241 1.122 1.063 1.113 1.113 -0.795
9.00 1000.00 -1.646 -1.521 -1.365 -1.254 -1.137 -1.051 -0.956 -0.865 -0.755 -0.533 -0.329 -0.034 0.155 0.474 0.702 0.783 0.946 1.025 1.010 0.891 0.836 0.890 0.890 -1.359
9.25 1.00 1.591 1.802 2.017 2.185 2.359 2.528 2.664 2.783 2.907 3.065 3.122 3.134 3.143 3.149 3.083 3.040 3.009 2.953 2.857 2.770 2.709 2.838 2.838 1.913
9.25 1.26 1.590 1.801 2.015 2.183 2.357 2.526 2.662 2.780 2.905 3.063 3.121 3.133 3.142 3.147 3.082 3.039 3.008 2.952 2.855 2.768 2.707 2.836 2.836 1.911
9.25 1.58 1.588 1.799 2.013 2.181 2.354 2.523 2.659 2.778 2.902 3.061 3.119 3.131 3.140 3.145 3.080 3.037 3.006 2.950 2.853 2.766 2.705 2.833 2.833 1.908
9.25 2.00 1.586 1.796 2.010 2.178 2.351 2.520 2.655 2.774 2.899 3.058 3.116 3.128 3.137 3.143 3.078 3.035 3.004 2.947 2.851 2.763 2.702 2.829 2.829 1.905
9.25 2.51 1.583 1.793 2.006 2.174 2.347 2.515 2.651 2.770 2.895 3.055 3.113 3.125 3.134 3.140 3.075 3.032 3.001 2.944 2.848 2.759 2.698 2.825 2.825 1.901
9.25 3.16 1.579 1.789 2.002 2.169 2.342 2.510 2.645 2.764 2.890 3.050 3.109 3.121 3.130 3.136 3.072 3.029 2.998 2.941 2.844 2.755 2.693 2.820 2.820 1.896
9.25 3.98 1.575 1.784 1.997 2.163 2.336 2.503 2.638 2.757 2.883 3.044 3.103 3.116 3.125 3.132 3.068 3.025 2.994 2.936 2.839 2.750 2.688 2.814 2.814 1.890
9.25 5.01 1.569 1.777 1.990 2.156 2.328 2.495 2.630 2.749 2.876 3.037 3.097 3.110 3.119 3.126 3.062 3.019 2.988 2.931 2.833 2.743 2.681 2.806 2.806 1.882
9.25 6.31 1.562 1.769 1.982 2.147 2.319 2.485 2.619 2.738 2.866 3.029 3.089 3.103 3.112 3.119 3.056 3.013 2.982 2.924 2.826 2.735 2.673 2.796 2.796 1.873
9.25 7.94 1.553 1.760 1.971 2.137 2.307 2.472 2.606 2.725 2.854 3.018 3.079 3.093 3.103 3.110 3.048 3.005 2.974 2.916 2.817 2.725 2.663 2.784 2.784 1.861
9.25 10.00 1.543 1.748 1.959 2.123 2.293 2.457 2.590 2.710 2.839 3.005 3.067 3.081 3.091 3.099 3.038 2.995 2.965 2.906 2.806 2.714 2.650 2.769 2.769 1.847
9.25 12.59 1.530 1.733 1.943 2.107 2.276 2.438 2.571 2.690 2.821 2.988 3.052 3.067 3.077 3.086 3.026 2.983 2.953 2.894 2.793 2.699 2.635 2.752 2.752 1.830
9.25 15.85 1.513 1.716 1.924 2.087 2.255 2.415 2.547 2.667 2.799 2.968 3.033 3.049 3.059 3.070 3.011 2.968 2.939 2.879 2.777 2.682 2.618 2.731 2.731 1.809
9.25 19.95 1.494 1.694 1.901 2.062 2.229 2.388 2.519 2.638 2.772 2.943 3.010 3.027 3.038 3.049 2.992 2.950 2.921 2.861 2.759 2.662 2.596 2.706 2.706 1.783
9.25 25.12 1.470 1.668 1.873 2.033 2.198 2.355 2.484 2.604 2.739 2.913 2.981 3.000 3.011 3.025 2.970 2.928 2.900 2.840 2.736 2.638 2.571 2.677 2.677 1.752
9.25 31.62 1.440 1.636 1.840 1.998 2.161 2.315 2.443 2.563 2.700 2.876 2.946 2.967 2.979 2.994 2.942 2.901 2.875 2.815 2.710 2.610 2.542 2.642 2.642 1.716
9.25 39.81 1.405 1.598 1.800 1.956 2.117 2.268 2.395 2.514 2.653 2.832 2.904 2.927 2.939 2.957 2.908 2.868 2.844 2.784 2.679 2.576 2.507 2.602 2.602 1.672
9.25 50.12 1.363 1.552 1.751 1.905 2.064 2.212 2.337 2.457 2.596 2.778 2.852 2.878 2.891 2.912 2.867 2.828 2.806 2.747 2.642 2.537 2.467 2.555 2.555 1.620
9.25 63.10 1.311 1.496 1.694 1.845 2.002 2.146 2.269 2.388 2.529 2.713 2.790 2.818 2.833 2.857 2.816 2.779 2.760 2.702 2.598 2.491 2.419 2.501 2.501 1.559
9.25 79.43 1.249 1.430 1.625 1.774 1.928 2.068 2.190 2.308 2.449 2.634 2.714 2.746 2.762 2.791 2.755 2.720 2.705 2.649 2.546 2.437 2.364 2.439 2.439 1.487
9.25 100.00 1.174 1.351 1.543 1.689 1.840 1.976 2.095 2.212 2.353 2.540 2.623 2.660 2.678 2.711 2.682 2.649 2.638 2.586 2.484 2.373 2.299 2.368 2.368 1.401
9.25 125.89 1.082 1.255 1.444 1.587 1.735 1.867 1.984 2.099 2.240 2.428 2.514 2.557 2.577 2.617 2.596 2.565 2.560 2.511 2.412 2.299 2.225 2.287 2.287 1.300
9.25 158.49 0.972 1.140 1.325 1.465 1.610 1.737 1.851 1.965 2.104 2.293 2.383 2.433 2.458 2.506 2.493 2.466 2.467 2.423 2.328 2.214 2.139 2.196 2.196 1.179
9.25 199.53 0.836 0.999 1.182 1.318 1.460 1.582 1.694 1.805 1.943 2.132 2.226 2.286 2.316 2.376 2.374 2.350 2.360 2.321 2.231 2.115 2.041 2.094 2.094 1.036
9.25 251.19 0.671 0.829 1.008 1.141 1.279 1.396 1.505 1.614 1.749 1.939 2.039 2.112 2.150 2.224 2.234 2.216 2.236 2.204 2.120 2.003 1.930 1.980 1.980 0.865
9.25 316.23 0.468 0.620 0.796 0.925 1.060 1.171 1.278 1.384 1.515 1.707 1.814 1.905 1.953 2.045 2.073 2.062 2.094 2.072 1.993 1.876 1.805 1.853 1.853 0.658
9.25 398.11 0.217 0.364 0.536 0.662 0.793 0.899 1.003 1.106 1.233 1.427 1.544 1.657 1.719 1.837 1.887 1.886 1.932 1.921 1.851 1.733 1.665 1.712 1.712 0.409
9.25 501.19 -0.093 0.048 0.217 0.339 0.466 0.566 0.668 0.768 0.891 1.087 1.218 1.360 1.442 1.592 1.670 1.682 1.748 1.752 1.692 1.573 1.508 1.555 1.555 0.106
9.25 630.96 -0.478 -0.342 -0.178 -0.059 0.065 0.159 0.258 0.355 0.473 0.674 0.823 1.003 1.111 1.303 1.419 1.447 1.538 1.561 1.513 1.394 1.332 1.380 1.380 -0.265
9.25 794.33 -0.956 -0.826 -0.665 -0.551 -0.431 -0.342 -0.246 -0.153 -0.040 0.169 0.341 0.570 0.713 0.960 1.124 1.176 1.298 1.345 1.312 1.193 1.134 1.185 1.185 -0.721
9.25 1000.00 -1.552 -1.428 -1.271 -1.160 -1.044 -0.961 -0.868 -0.779 -0.671 -0.452 -0.249 0.045 0.232 0.551 0.778 0.859 1.021 1.100 1.085 0.966 0.911 0.966 0.966 -1.282
