AbrahamsonEtAl2015SSlab as implemented in OpenQuake, distance is rhypo. Log10 hazard values in cgs units
          14 31 23 : nmag, ndist, nperiod
          10.000 7.500 6.000 5.000 4.000 3.000 2.500 2.000 1.500 1.000 0.750 0.600 0.500 0.400 0.300 0.250 0.200 0.150 0.100 0.075 0.050 0.020 PGA PGV
          0.740 0.740 0.740 0.740 0.740 0.740 0.740 0.740 0.740 0.740 0.740 0.740 0.740 0.740 0.740 0.740 0.740 0.740 0.740 0.740 0.740 0.740 0.740 0.740
4.75 1.00 -0.826 -0.589 -0.368 -0.189 0.047 0.393 0.608 0.863 1.197 1.728 2.044 2.309 2.544 2.814 3.086 3.257 3.420 3.497 3.436 3.355 3.190 3.032 3.032 1.343
4.75 1.26 -0.838 -0.601 -0.381 -0.203 0.032 0.377 0.592 0.847 1.179 1.708 2.022 2.286 2.519 2.787 3.057 3.226 3.387 3.466 3.407 3.326 3.161 3.001 3.001 1.315
4.75 1.58 -0.852 -0.617 -0.398 -0.220 0.015 0.359 0.573 0.827 1.158 1.684 1.996 2.258 2.489 2.754 3.021 3.188 3.348 3.428 3.372 3.291 3.126 2.963 2.963 1.282
4.75 2.00 -0.869 -0.635 -0.417 -0.240 -0.006 0.336 0.549 0.802 1.132 1.655 1.965 2.224 2.452 2.714 2.979 3.143 3.301 3.382 3.329 3.249 3.084 2.918 2.918 1.242
4.75 2.51 -0.889 -0.657 -0.440 -0.265 -0.032 0.309 0.522 0.774 1.102 1.621 1.927 2.183 2.409 2.667 2.928 3.090 3.245 3.328 3.278 3.198 3.033 2.865 2.865 1.195
4.75 3.16 -0.914 -0.684 -0.467 -0.293 -0.062 0.277 0.489 0.740 1.066 1.580 1.883 2.136 2.358 2.612 2.868 3.027 3.180 3.263 3.217 3.138 2.973 2.802 2.802 1.139
4.75 3.98 -0.942 -0.714 -0.499 -0.327 -0.097 0.240 0.451 0.700 1.024 1.533 1.832 2.080 2.298 2.547 2.798 2.953 3.103 3.188 3.146 3.067 2.902 2.728 2.728 1.074
4.75 5.01 -0.975 -0.749 -0.536 -0.365 -0.137 0.197 0.406 0.654 0.975 1.478 1.773 2.016 2.229 2.473 2.718 2.869 3.015 3.100 3.063 2.985 2.821 2.643 2.643 0.999
4.75 6.31 -1.012 -0.790 -0.579 -0.410 -0.183 0.148 0.356 0.602 0.920 1.415 1.705 1.944 2.151 2.389 2.626 2.773 2.915 3.001 2.968 2.891 2.727 2.546 2.546 0.914
4.75 7.94 -1.055 -0.836 -0.627 -0.460 -0.235 0.093 0.299 0.542 0.858 1.345 1.629 1.862 2.063 2.294 2.524 2.666 2.803 2.888 2.860 2.783 2.621 2.437 2.437 0.818
4.75 10.00 -1.102 -0.887 -0.680 -0.516 -0.294 0.031 0.235 0.476 0.788 1.267 1.545 1.771 1.965 2.189 2.411 2.547 2.679 2.763 2.738 2.662 2.502 2.316 2.316 0.711
4.75 12.59 -1.155 -0.944 -0.740 -0.578 -0.358 -0.038 0.165 0.403 0.711 1.180 1.452 1.671 1.858 2.073 2.287 2.416 2.544 2.625 2.604 2.529 2.370 2.183 2.183 0.595
4.75 15.85 -1.214 -1.006 -0.805 -0.646 -0.429 -0.113 0.087 0.323 0.627 1.086 1.350 1.562 1.742 1.948 2.152 2.276 2.398 2.476 2.457 2.383 2.226 2.039 2.039 0.468
4.75 19.95 -1.278 -1.075 -0.877 -0.720 -0.507 -0.195 0.003 0.236 0.535 0.983 1.240 1.444 1.617 1.814 2.008 2.125 2.241 2.315 2.299 2.225 2.071 1.885 1.885 0.331
4.75 25.12 -1.347 -1.149 -0.954 -0.801 -0.591 -0.284 -0.088 0.142 0.436 0.873 1.122 1.319 1.483 1.672 1.856 1.965 2.076 2.144 2.130 2.056 1.906 1.722 1.722 0.185
4.75 31.62 -1.424 -1.230 -1.039 -0.889 -0.682 -0.379 -0.186 0.040 0.330 0.755 0.996 1.185 1.341 1.521 1.695 1.797 1.901 1.964 1.952 1.878 1.732 1.550 1.550 0.031
4.75 39.81 -1.506 -1.318 -1.130 -0.984 -0.780 -0.483 -0.292 -0.069 0.215 0.628 0.861 1.043 1.191 1.362 1.526 1.621 1.720 1.776 1.766 1.692 1.549 1.371 1.371 -0.133
4.75 50.12 -1.597 -1.414 -1.230 -1.087 -0.886 -0.595 -0.407 -0.187 0.092 0.493 0.718 0.892 1.032 1.195 1.349 1.438 1.531 1.580 1.572 1.498 1.360 1.185 1.185 -0.306
4.75 63.10 -1.697 -1.519 -1.338 -1.199 -1.002 -0.716 -0.531 -0.315 -0.041 0.347 0.565 0.733 0.865 1.021 1.166 1.248 1.335 1.378 1.372 1.298 1.164 0.993 0.993 -0.488
4.75 79.43 -1.807 -1.635 -1.458 -1.322 -1.129 -0.848 -0.666 -0.454 -0.186 0.190 0.401 0.563 0.689 0.838 0.975 1.050 1.133 1.170 1.165 1.092 0.962 0.796 0.796 -0.680
4.75 100.00 -1.930 -1.764 -1.590 -1.458 -1.269 -0.994 -0.814 -0.606 -0.343 0.020 0.224 0.383 0.502 0.646 0.776 0.846 0.925 0.956 0.953 0.880 0.754 0.593 0.593 -0.883
4.75 125.89 -2.069 -1.908 -1.739 -1.611 -1.425 -1.156 -0.979 -0.774 -0.517 -0.166 0.032 0.188 0.303 0.444 0.569 0.634 0.709 0.736 0.735 0.662 0.541 0.384 0.384 -1.100
4.75 158.49 -2.227 -2.072 -1.906 -1.782 -1.601 -1.337 -1.163 -0.962 -0.711 -0.371 -0.178 -0.022 0.090 0.230 0.352 0.413 0.487 0.510 0.512 0.438 0.323 0.170 0.170 -1.332
4.75 199.53 -2.410 -2.260 -2.098 -1.978 -1.800 -1.542 -1.371 -1.174 -0.929 -0.600 -0.411 -0.252 -0.141 0.002 0.124 0.182 0.256 0.277 0.282 0.209 0.098 -0.050 -0.050 -1.584
4.75 251.19 -2.622 -2.479 -2.320 -2.204 -2.030 -1.778 -1.610 -1.417 -1.177 -0.858 -0.671 -0.506 -0.393 -0.244 -0.119 -0.061 0.016 0.035 0.046 -0.028 -0.134 -0.277 -0.277 -1.859
4.75 316.23 -2.872 -2.734 -2.580 -2.467 -2.298 -2.051 -1.886 -1.697 -1.463 -1.153 -0.965 -0.789 -0.671 -0.510 -0.377 -0.318 -0.236 -0.215 -0.199 -0.273 -0.374 -0.512 -0.512 -2.162
4.75 398.11 -3.169 -3.037 -2.887 -2.778 -2.612 -2.372 -2.209 -2.024 -1.796 -1.494 -1.303 -1.110 -0.982 -0.804 -0.657 -0.593 -0.502 -0.477 -0.454 -0.527 -0.624 -0.757 -0.757 -2.502
4.75 501.19 -3.525 -3.399 -3.253 -3.148 -2.986 -2.751 -2.592 -2.411 -2.189 -1.893 -1.694 -1.478 -1.335 -1.129 -0.962 -0.890 -0.786 -0.752 -0.720 -0.794 -0.885 -1.013 -1.013 -2.886
4.75 630.96 -3.955 -3.835 -3.693 -3.592 -3.434 -3.206 -3.049 -2.872 -2.656 -2.363 -2.153 -1.903 -1.739 -1.496 -1.298 -1.214 -1.090 -1.044 -1.001 -1.074 -1.161 -1.284 -1.284 -3.326
4.75 794.33 -4.479 -4.365 -4.227 -4.130 -3.976 -3.753 -3.600 -3.427 -3.217 -2.925 -2.697 -2.402 -2.207 -1.915 -1.675 -1.572 -1.422 -1.357 -1.300 -1.373 -1.455 -1.573 -1.573 -3.836
4.75 1000.00 -5.121 -5.013 -4.878 -4.786 -4.636 -4.419 -4.268 -4.099 -3.895 -3.600 -3.348 -2.993 -2.756 -2.398 -2.101 -1.973 -1.787 -1.696 -1.621 -1.694 -1.771 -1.884 -1.884 -4.435
5.00 1.00 -0.623 -0.389 -0.169 0.008 0.238 0.566 0.770 1.013 1.331 1.842 2.146 2.403 2.631 2.893 3.157 3.322 3.480 3.549 3.483 3.401 3.239 3.087 3.087 1.437
5.00 1.26 -0.634 -0.400 -0.181 -0.004 0.225 0.552 0.756 0.998 1.315 1.824 2.127 2.382 2.608 2.868 3.130 3.294 3.451 3.520 3.457 3.375 3.213 3.059 3.059 1.412
5.00 1.58 -0.647 -0.414 -0.196 -0.020 0.209 0.535 0.739 0.980 1.296 1.802 2.103 2.356 2.581 2.838 3.098 3.260 3.415 3.486 3.424 3.343 3.181 3.025 3.025 1.382
5.00 2.00 -0.662 -0.430 -0.213 -0.038 0.190 0.515 0.717 0.958 1.273 1.776 2.075 2.325 2.547 2.802 3.058 3.218 3.372 3.444 3.386 3.305 3.142 2.984 2.984 1.346
5.00 2.51 -0.680 -0.450 -0.234 -0.060 0.167 0.490 0.692 0.932 1.245 1.745 2.041 2.288 2.507 2.759 3.012 3.169 3.321 3.394 3.339 3.258 3.096 2.935 2.935 1.302
5.00 3.16 -0.702 -0.474 -0.259 -0.086 0.139 0.461 0.662 0.901 1.212 1.707 2.000 2.245 2.460 2.708 2.956 3.111 3.261 3.335 3.283 3.203 3.041 2.877 2.877 1.251
5.00 3.98 -0.728 -0.502 -0.288 -0.117 0.107 0.427 0.627 0.864 1.173 1.664 1.953 2.193 2.405 2.648 2.892 3.043 3.190 3.265 3.218 3.139 2.976 2.809 2.809 1.191
5.00 5.01 -0.758 -0.534 -0.323 -0.152 0.070 0.387 0.586 0.822 1.129 1.613 1.898 2.134 2.341 2.579 2.817 2.965 3.108 3.185 3.142 3.063 2.901 2.730 2.730 1.121
5.00 6.31 -0.793 -0.572 -0.362 -0.193 0.027 0.342 0.539 0.773 1.077 1.555 1.835 2.066 2.268 2.500 2.732 2.875 3.014 3.092 3.054 2.975 2.814 2.639 2.639 1.041
5.00 7.94 -0.832 -0.614 -0.406 -0.240 -0.022 0.290 0.486 0.717 1.019 1.489 1.763 1.989 2.185 2.410 2.635 2.774 2.908 2.986 2.953 2.875 2.715 2.537 2.537 0.951
5.00 10.00 -0.877 -0.662 -0.457 -0.293 -0.076 0.232 0.426 0.655 0.953 1.415 1.683 1.903 2.093 2.311 2.528 2.661 2.791 2.868 2.839 2.763 2.603 2.423 2.423 0.850
5.00 12.59 -0.927 -0.716 -0.513 -0.351 -0.137 0.167 0.359 0.586 0.880 1.333 1.595 1.808 1.991 2.201 2.410 2.537 2.662 2.738 2.713 2.637 2.479 2.296 2.296 0.739
5.00 15.85 -0.982 -0.775 -0.575 -0.416 -0.205 0.096 0.286 0.510 0.800 1.242 1.498 1.704 1.879 2.082 2.281 2.402 2.522 2.595 2.574 2.498 2.343 2.159 2.159 0.618
5.00 19.95 -1.043 -0.840 -0.643 -0.487 -0.279 0.017 0.205 0.427 0.712 1.144 1.392 1.591 1.759 1.953 2.143 2.257 2.371 2.441 2.422 2.347 2.194 2.011 2.011 0.487
5.00 25.12 -1.109 -0.912 -0.717 -0.564 -0.359 -0.068 0.118 0.336 0.617 1.038 1.279 1.470 1.630 1.815 1.995 2.103 2.211 2.276 2.260 2.186 2.036 1.854 1.854 0.346
5.00 31.62 -1.182 -0.989 -0.798 -0.648 -0.447 -0.160 0.023 0.238 0.514 0.924 1.156 1.340 1.492 1.668 1.839 1.939 2.042 2.101 2.088 2.014 1.867 1.687 1.687 0.196
5.00 39.81 -1.262 -1.074 -0.886 -0.740 -0.542 -0.260 -0.079 0.132 0.403 0.801 1.026 1.202 1.346 1.514 1.674 1.768 1.865 1.919 1.907 1.833 1.690 1.513 1.513 0.037
5.00 50.12 -1.350 -1.167 -0.983 -0.840 -0.645 -0.369 -0.191 0.017 0.283 0.669 0.886 1.055 1.192 1.351 1.502 1.589 1.680 1.728 1.718 1.644 1.505 1.331 1.331 -0.132
5.00 63.10 -1.447 -1.269 -1.089 -0.949 -0.758 -0.487 -0.312 -0.107 0.153 0.526 0.736 0.899 1.029 1.181 1.323 1.403 1.489 1.530 1.522 1.448 1.314 1.144 1.144 -0.310
5.00 79.43 -1.554 -1.382 -1.205 -1.070 -0.882 -0.617 -0.444 -0.243 0.012 0.373 0.575 0.733 0.856 1.001 1.135 1.209 1.291 1.326 1.320 1.246 1.116 0.950 0.950 -0.498
5.00 100.00 -1.675 -1.508 -1.335 -1.203 -1.019 -0.759 -0.589 -0.392 -0.143 0.206 0.402 0.556 0.672 0.813 0.940 1.008 1.086 1.116 1.112 1.038 0.912 0.751 0.751 -0.698
5.00 125.89 -1.811 -1.650 -1.480 -1.352 -1.172 -0.918 -0.751 -0.558 -0.314 0.023 0.213 0.364 0.477 0.614 0.736 0.800 0.874 0.899 0.898 0.824 0.703 0.546 0.546 -0.911
5.00 158.49 -1.966 -1.812 -1.646 -1.521 -1.345 -1.096 -0.932 -0.743 -0.505 -0.179 0.006 0.157 0.266 0.403 0.522 0.582 0.655 0.676 0.677 0.604 0.487 0.335 0.335 -1.140
5.00 199.53 -2.146 -1.997 -1.835 -1.714 -1.542 -1.299 -1.138 -0.952 -0.720 -0.406 -0.224 -0.070 0.039 0.178 0.297 0.354 0.427 0.446 0.451 0.377 0.266 0.118 0.118 -1.389
5.00 251.19 -2.356 -2.212 -2.054 -1.938 -1.769 -1.532 -1.374 -1.192 -0.965 -0.661 -0.481 -0.321 -0.211 -0.065 0.058 0.114 0.189 0.208 0.217 0.144 0.037 -0.106 -0.106 -1.660
5.00 316.23 -2.603 -2.465 -2.311 -2.199 -2.034 -1.803 -1.647 -1.469 -1.249 -0.954 -0.773 -0.602 -0.486 -0.329 -0.198 -0.141 -0.060 -0.039 -0.025 -0.098 -0.200 -0.338 -0.338 -1.961
5.00 398.11 -2.897 -2.766 -2.615 -2.507 -2.346 -2.121 -1.968 -1.794 -1.579 -1.292 -1.108 -0.920 -0.795 -0.619 -0.475 -0.413 -0.323 -0.298 -0.276 -0.350 -0.447 -0.580 -0.580 -2.297
5.00 501.19 -3.251 -3.125 -2.979 -2.874 -2.717 -2.498 -2.348 -2.178 -1.969 -1.688 -1.497 -1.285 -1.145 -0.942 -0.777 -0.707 -0.603 -0.571 -0.540 -0.614 -0.705 -0.834 -0.834 -2.678
5.00 630.96 -3.679 -3.559 -3.416 -3.316 -3.163 -2.949 -2.803 -2.637 -2.434 -2.156 -1.953 -1.708 -1.546 -1.306 -1.111 -1.028 -0.906 -0.860 -0.818 -0.892 -0.979 -1.102 -1.102 -3.116
5.00 794.33 -4.200 -4.086 -3.948 -3.851 -3.702 -3.495 -3.351 -3.189 -2.992 -2.714 -2.494 -2.204 -2.011 -1.722 -1.485 -1.384 -1.234 -1.170 -1.114 -1.188 -1.270 -1.388 -1.388 -3.623
5.00 1000.00 -4.839 -4.731 -4.597 -4.504 -4.359 -4.158 -4.017 -3.859 -3.668 -3.387 -3.142 -2.793 -2.558 -2.202 -1.909 -1.782 -1.597 -1.507 -1.433 -1.506 -1.583 -1.697 -1.697 -4.219
5.25 1.00 -0.425 -0.192 0.026 0.201 0.425 0.736 0.930 1.161 1.464 1.956 2.249 2.497 2.717 2.971 3.227 3.387 3.541 3.600 3.530 3.447 3.288 3.142 3.142 1.531
5.25 1.26 -0.434 -0.202 0.015 0.190 0.413 0.724 0.917 1.147 1.450 1.940 2.231 2.477 2.697 2.949 3.203 3.362 3.514 3.574 3.506 3.424 3.264 3.117 3.117 1.509
5.25 1.58 -0.445 -0.215 0.002 0.177 0.399 0.709 0.902 1.131 1.432 1.920 2.210 2.454 2.672 2.921 3.173 3.331 3.482 3.543 3.477 3.395 3.235 3.086 3.086 1.481
5.25 2.00 -0.459 -0.230 -0.014 0.160 0.381 0.690 0.883 1.111 1.411 1.896 2.184 2.426 2.641 2.888 3.138 3.293 3.443 3.505 3.441 3.360 3.200 3.049 3.049 1.448
5.25 2.51 -0.476 -0.248 -0.033 0.140 0.361 0.668 0.860 1.087 1.386 1.867 2.153 2.392 2.605 2.849 3.095 3.248 3.396 3.459 3.399 3.317 3.158 3.004 3.004 1.409
5.25 3.16 -0.496 -0.269 -0.056 0.116 0.336 0.641 0.832 1.059 1.356 1.833 2.116 2.352 2.562 2.802 3.044 3.195 3.340 3.405 3.348 3.267 3.108 2.951 2.951 1.361
5.25 3.98 -0.519 -0.295 -0.082 0.088 0.306 0.610 0.800 1.025 1.321 1.793 2.072 2.305 2.511 2.747 2.984 3.132 3.275 3.341 3.288 3.208 3.048 2.888 2.888 1.306
5.25 5.01 -0.547 -0.324 -0.114 0.056 0.272 0.574 0.762 0.986 1.279 1.746 2.021 2.250 2.451 2.683 2.915 3.059 3.198 3.266 3.218 3.138 2.979 2.815 2.815 1.241
5.25 6.31 -0.579 -0.359 -0.150 0.018 0.233 0.531 0.719 0.941 1.231 1.692 1.962 2.186 2.383 2.609 2.835 2.975 3.111 3.180 3.136 3.057 2.899 2.730 2.730 1.167
5.25 7.94 -0.615 -0.398 -0.191 -0.026 0.187 0.483 0.669 0.889 1.177 1.630 1.895 2.114 2.305 2.525 2.744 2.879 3.011 3.082 3.043 2.965 2.806 2.634 2.634 1.082
5.25 10.00 -0.657 -0.443 -0.238 -0.075 0.136 0.429 0.613 0.831 1.115 1.560 1.820 2.033 2.218 2.431 2.643 2.773 2.900 2.971 2.937 2.859 2.702 2.527 2.527 0.987
5.25 12.59 -0.703 -0.493 -0.291 -0.130 0.078 0.367 0.550 0.765 1.046 1.482 1.736 1.943 2.121 2.327 2.530 2.655 2.778 2.847 2.818 2.741 2.585 2.407 2.407 0.881
5.25 15.85 -0.755 -0.549 -0.349 -0.191 0.015 0.300 0.480 0.693 0.970 1.397 1.644 1.843 2.015 2.213 2.408 2.526 2.644 2.711 2.687 2.610 2.456 2.276 2.276 0.766
5.25 19.95 -0.813 -0.611 -0.414 -0.259 -0.056 0.225 0.404 0.614 0.886 1.303 1.543 1.735 1.900 2.089 2.275 2.387 2.499 2.564 2.543 2.467 2.315 2.135 2.135 0.640
5.25 25.12 -0.877 -0.679 -0.485 -0.333 -0.133 0.143 0.320 0.527 0.795 1.201 1.433 1.619 1.775 1.956 2.132 2.238 2.344 2.405 2.387 2.312 2.163 1.983 1.983 0.504
5.25 31.62 -0.946 -0.754 -0.563 -0.414 -0.217 0.055 0.228 0.432 0.696 1.090 1.315 1.493 1.642 1.814 1.981 2.080 2.180 2.237 2.222 2.147 2.000 1.822 1.822 0.359
5.25 39.81 -1.023 -0.836 -0.648 -0.502 -0.309 -0.042 0.129 0.330 0.588 0.971 1.188 1.359 1.500 1.664 1.821 1.913 2.008 2.060 2.046 1.972 1.829 1.653 1.653 0.204
5.25 50.12 -1.108 -0.926 -0.742 -0.599 -0.409 -0.148 0.021 0.218 0.471 0.842 1.052 1.216 1.350 1.506 1.654 1.739 1.828 1.874 1.863 1.788 1.649 1.476 1.476 0.040
5.25 63.10 -1.202 -1.025 -0.844 -0.705 -0.519 -0.263 -0.097 0.097 0.345 0.703 0.906 1.064 1.190 1.339 1.478 1.557 1.641 1.681 1.671 1.597 1.462 1.293 1.293 -0.133
5.25 79.43 -1.307 -1.135 -0.958 -0.823 -0.640 -0.389 -0.226 -0.036 0.207 0.553 0.748 0.901 1.021 1.163 1.295 1.367 1.447 1.481 1.473 1.399 1.269 1.103 1.103 -0.318
5.25 100.00 -1.424 -1.258 -1.085 -0.953 -0.774 -0.529 -0.368 -0.182 0.055 0.389 0.578 0.727 0.841 0.978 1.103 1.170 1.246 1.274 1.269 1.195 1.069 0.907 0.907 -0.514
5.25 125.89 -1.558 -1.397 -1.228 -1.100 -0.924 -0.685 -0.527 -0.345 -0.113 0.209 0.392 0.539 0.648 0.783 0.902 0.964 1.037 1.061 1.059 0.984 0.863 0.706 0.706 -0.724
5.25 158.49 -1.711 -1.556 -1.390 -1.266 -1.094 -0.861 -0.705 -0.527 -0.301 0.010 0.188 0.335 0.441 0.575 0.692 0.750 0.821 0.842 0.842 0.768 0.651 0.499 0.499 -0.950
5.25 199.53 -1.888 -1.739 -1.577 -1.456 -1.289 -1.060 -0.908 -0.733 -0.514 -0.213 -0.039 0.111 0.216 0.353 0.469 0.525 0.597 0.615 0.619 0.545 0.433 0.285 0.285 -1.195
5.25 251.19 -2.095 -1.951 -1.793 -1.677 -1.513 -1.291 -1.141 -0.970 -0.756 -0.466 -0.293 -0.137 -0.030 0.113 0.233 0.288 0.362 0.380 0.388 0.314 0.207 0.064 0.064 -1.463
5.25 316.23 -2.339 -2.202 -2.048 -1.935 -1.775 -1.559 -1.412 -1.245 -1.037 -0.756 -0.582 -0.415 -0.303 -0.148 -0.020 0.036 0.116 0.135 0.149 0.075 -0.027 -0.165 -0.165 -1.761
5.25 398.11 -2.631 -2.499 -2.349 -2.241 -2.085 -1.874 -1.731 -1.567 -1.365 -1.091 -0.915 -0.731 -0.609 -0.435 -0.294 -0.233 -0.144 -0.121 -0.100 -0.174 -0.271 -0.404 -0.404 -2.094
5.25 501.19 -2.982 -2.856 -2.710 -2.605 -2.453 -2.248 -2.108 -1.949 -1.752 -1.484 -1.301 -1.093 -0.956 -0.756 -0.593 -0.524 -0.422 -0.391 -0.360 -0.434 -0.527 -0.655 -0.655 -2.472
5.25 630.96 -3.407 -3.288 -3.145 -3.044 -2.896 -2.697 -2.560 -2.405 -2.214 -1.950 -1.754 -1.513 -1.354 -1.117 -0.925 -0.843 -0.721 -0.677 -0.636 -0.710 -0.797 -0.921 -0.921 -2.907
5.25 794.33 -3.926 -3.812 -3.674 -3.577 -3.433 -3.240 -3.106 -2.954 -2.770 -2.506 -2.293 -2.007 -1.817 -1.531 -1.296 -1.196 -1.048 -0.985 -0.929 -1.003 -1.086 -1.204 -1.204 -3.412
5.25 1000.00 -4.563 -4.455 -4.320 -4.228 -4.087 -3.901 -3.769 -3.622 -3.443 -3.176 -2.939 -2.593 -2.361 -2.008 -1.717 -1.591 -1.407 -1.319 -1.245 -1.319 -1.397 -1.510 -1.510 -4.005
5.50 1.00 -0.230 0.001 0.217 0.391 0.608 0.904 1.088 1.307 1.596 2.069 2.351 2.590 2.804 3.049 3.297 3.452 3.602 3.651 3.577 3.493 3.337 3.198 3.198 1.625
5.50 1.26 -0.238 -0.009 0.207 0.381 0.598 0.893 1.076 1.295 1.583 2.054 2.335 2.573 2.785 3.029 3.275 3.429 3.578 3.628 3.555 3.472 3.315 3.175 3.175 1.605
5.50 1.58 -0.248 -0.020 0.196 0.369 0.585 0.879 1.062 1.280 1.567 2.036 2.316 2.552 2.762 3.004 3.249 3.401 3.548 3.600 3.529 3.446 3.289 3.147 3.147 1.580
5.50 2.00 -0.261 -0.033 0.181 0.354 0.569 0.862 1.045 1.262 1.548 2.015 2.292 2.526 2.735 2.975 3.216 3.367 3.513 3.565 3.496 3.414 3.257 3.113 3.113 1.550
5.50 2.51 -0.276 -0.049 0.164 0.336 0.551 0.842 1.024 1.240 1.526 1.989 2.264 2.495 2.701 2.938 3.177 3.326 3.470 3.524 3.458 3.375 3.219 3.072 3.072 1.514
5.50 3.16 -0.293 -0.069 0.144 0.314 0.528 0.818 0.999 1.214 1.498 1.957 2.230 2.459 2.662 2.895 3.130 3.277 3.419 3.474 3.411 3.329 3.173 3.023 3.023 1.471
5.50 3.98 -0.315 -0.092 0.119 0.289 0.501 0.789 0.970 1.184 1.466 1.920 2.190 2.415 2.615 2.845 3.075 3.219 3.358 3.415 3.356 3.275 3.119 2.965 2.965 1.419
5.50 5.01 -0.340 -0.119 0.091 0.259 0.470 0.756 0.935 1.148 1.427 1.877 2.142 2.364 2.560 2.785 3.011 3.151 3.287 3.346 3.292 3.211 3.055 2.898 2.898 1.359
5.50 6.31 -0.369 -0.151 0.057 0.224 0.433 0.717 0.895 1.106 1.383 1.827 2.088 2.305 2.496 2.716 2.936 3.073 3.206 3.266 3.217 3.136 2.980 2.819 2.819 1.290
5.50 7.94 -0.403 -0.187 0.019 0.184 0.391 0.672 0.849 1.058 1.332 1.769 2.025 2.237 2.424 2.638 2.852 2.983 3.113 3.174 3.130 3.051 2.895 2.730 2.730 1.211
5.50 10.00 -0.442 -0.229 -0.025 0.138 0.343 0.621 0.796 1.003 1.274 1.704 1.954 2.161 2.341 2.549 2.756 2.883 3.008 3.070 3.031 2.953 2.798 2.629 2.629 1.121
5.50 12.59 -0.485 -0.276 -0.074 0.086 0.289 0.563 0.737 0.941 1.209 1.630 1.875 2.076 2.250 2.450 2.649 2.771 2.891 2.954 2.920 2.842 2.688 2.516 2.516 1.022
5.50 15.85 -0.534 -0.329 -0.129 0.028 0.229 0.499 0.671 0.873 1.137 1.549 1.787 1.981 2.149 2.342 2.532 2.648 2.763 2.825 2.796 2.719 2.566 2.392 2.392 0.911
5.50 19.95 -0.589 -0.388 -0.191 -0.036 0.162 0.428 0.598 0.797 1.057 1.459 1.691 1.878 2.038 2.223 2.405 2.515 2.625 2.685 2.660 2.583 2.433 2.256 2.256 0.791
5.50 25.12 -0.649 -0.452 -0.259 -0.107 0.088 0.350 0.517 0.714 0.970 1.361 1.585 1.766 1.918 2.095 2.268 2.371 2.476 2.533 2.512 2.436 2.287 2.111 2.111 0.660
5.50 31.62 -0.716 -0.524 -0.333 -0.184 0.007 0.265 0.430 0.623 0.874 1.254 1.471 1.645 1.790 1.958 2.121 2.218 2.317 2.370 2.352 2.277 2.131 1.955 1.955 0.520
5.50 39.81 -0.790 -0.603 -0.415 -0.270 -0.081 0.171 0.334 0.524 0.770 1.139 1.348 1.515 1.652 1.813 1.966 2.057 2.150 2.198 2.183 2.108 1.966 1.791 1.791 0.370
5.50 50.12 -0.872 -0.690 -0.506 -0.363 -0.178 0.069 0.229 0.416 0.657 1.014 1.216 1.376 1.506 1.658 1.803 1.887 1.975 2.018 2.005 1.930 1.792 1.619 1.619 0.211
5.50 63.10 -0.963 -0.786 -0.605 -0.467 -0.285 -0.043 0.114 0.298 0.533 0.878 1.073 1.227 1.350 1.496 1.632 1.709 1.792 1.830 1.819 1.744 1.610 1.440 1.440 0.041
5.50 79.43 -1.065 -0.893 -0.716 -0.581 -0.403 -0.166 -0.012 0.168 0.398 0.731 0.919 1.068 1.185 1.324 1.452 1.523 1.601 1.634 1.625 1.551 1.420 1.255 1.255 -0.140
5.50 100.00 -1.180 -1.014 -0.840 -0.709 -0.534 -0.303 -0.151 0.025 0.250 0.571 0.752 0.897 1.008 1.142 1.264 1.329 1.404 1.431 1.425 1.351 1.225 1.063 1.063 -0.332
5.50 125.89 -1.310 -1.150 -0.980 -0.852 -0.682 -0.456 -0.307 -0.135 0.085 0.394 0.569 0.712 0.819 0.950 1.067 1.127 1.199 1.222 1.218 1.144 1.023 0.865 0.865 -0.538
5.50 158.49 -1.460 -1.306 -1.140 -1.016 -0.849 -0.629 -0.483 -0.314 -0.101 0.197 0.368 0.511 0.615 0.746 0.860 0.916 0.987 1.006 1.005 0.931 0.814 0.661 0.661 -0.761
5.50 199.53 -1.635 -1.486 -1.324 -1.204 -1.040 -0.826 -0.683 -0.518 -0.310 -0.023 0.144 0.290 0.393 0.527 0.640 0.695 0.765 0.782 0.785 0.711 0.599 0.451 0.451 -1.003
5.50 251.19 -1.839 -1.696 -1.538 -1.421 -1.262 -1.054 -0.913 -0.752 -0.550 -0.273 -0.107 0.045 0.149 0.290 0.407 0.461 0.534 0.550 0.558 0.484 0.376 0.233 0.233 -1.268
5.50 316.23 -2.081 -1.944 -1.789 -1.677 -1.522 -1.319 -1.181 -1.025 -0.828 -0.560 -0.394 -0.231 -0.121 0.032 0.157 0.212 0.291 0.309 0.322 0.248 0.145 0.007 0.007 -1.562
5.50 398.11 -2.370 -2.239 -2.088 -1.980 -1.828 -1.632 -1.497 -1.344 -1.154 -0.893 -0.723 -0.543 -0.424 -0.253 -0.114 -0.054 0.033 0.056 0.076 0.002 -0.096 -0.230 -0.230 -1.893
5.50 501.19 -2.719 -2.593 -2.447 -2.342 -2.194 -2.004 -1.872 -1.723 -1.538 -1.283 -1.106 -0.903 -0.768 -0.571 -0.411 -0.343 -0.242 -0.211 -0.182 -0.256 -0.349 -0.478 -0.478 -2.268
5.50 630.96 -3.141 -3.022 -2.879 -2.779 -2.635 -2.450 -2.321 -2.176 -1.997 -1.746 -1.557 -1.321 -1.164 -0.930 -0.739 -0.659 -0.538 -0.495 -0.454 -0.529 -0.617 -0.741 -0.741 -2.699
5.50 794.33 -3.658 -3.544 -3.405 -3.309 -3.169 -2.990 -2.864 -2.723 -2.550 -2.300 -2.094 -1.812 -1.624 -1.340 -1.108 -1.009 -0.862 -0.800 -0.745 -0.820 -0.902 -1.021 -1.021 -3.201
5.50 1000.00 -4.292 -4.184 -4.049 -3.957 -3.821 -3.648 -3.525 -3.388 -3.221 -2.968 -2.736 -2.395 -2.166 -1.815 -1.526 -1.402 -1.219 -1.131 -1.058 -1.133 -1.211 -1.325 -1.325 -3.792
5.75 1.00 -0.038 0.190 0.404 0.577 0.788 1.069 1.243 1.451 1.727 2.181 2.453 2.683 2.890 3.128 3.368 3.518 3.663 3.703 3.624 3.540 3.386 3.254 3.254 1.719
5.75 1.26 -0.046 0.182 0.396 0.568 0.779 1.059 1.233 1.440 1.715 2.168 2.438 2.668 2.873 3.110 3.348 3.497 3.641 3.682 3.604 3.520 3.367 3.233 3.233 1.701
5.75 1.58 -0.055 0.172 0.385 0.557 0.768 1.046 1.220 1.427 1.701 2.152 2.421 2.649 2.853 3.087 3.324 3.472 3.615 3.656 3.580 3.496 3.343 3.208 3.208 1.679
5.75 2.00 -0.066 0.160 0.372 0.544 0.753 1.031 1.205 1.411 1.684 2.133 2.400 2.626 2.827 3.060 3.294 3.441 3.582 3.625 3.551 3.467 3.314 3.177 3.177 1.651
5.75 2.51 -0.079 0.145 0.357 0.527 0.736 1.013 1.186 1.391 1.663 2.109 2.374 2.598 2.797 3.027 3.259 3.403 3.543 3.587 3.516 3.432 3.279 3.139 3.139 1.618
5.75 3.16 -0.096 0.127 0.338 0.508 0.716 0.991 1.163 1.367 1.638 2.080 2.343 2.564 2.761 2.988 3.216 3.358 3.496 3.541 3.473 3.390 3.237 3.095 3.095 1.579
5.75 3.98 -0.115 0.106 0.316 0.485 0.692 0.965 1.136 1.339 1.608 2.046 2.306 2.524 2.718 2.941 3.165 3.305 3.440 3.487 3.423 3.340 3.187 3.042 3.042 1.532
5.75 5.01 -0.138 0.081 0.290 0.457 0.663 0.934 1.104 1.306 1.573 2.006 2.262 2.477 2.667 2.886 3.106 3.242 3.375 3.424 3.363 3.282 3.128 2.979 2.979 1.476
5.75 6.31 -0.165 0.052 0.260 0.425 0.629 0.898 1.067 1.267 1.532 1.960 2.212 2.422 2.608 2.822 3.036 3.169 3.299 3.350 3.294 3.213 3.060 2.907 2.907 1.412
5.75 7.94 -0.196 0.019 0.224 0.388 0.590 0.857 1.024 1.223 1.485 1.906 2.153 2.359 2.540 2.749 2.957 3.086 3.212 3.264 3.214 3.134 2.981 2.823 2.823 1.338
5.75 10.00 -0.231 -0.020 0.183 0.345 0.545 0.809 0.975 1.172 1.431 1.845 2.087 2.287 2.463 2.666 2.867 2.991 3.113 3.167 3.122 3.043 2.890 2.728 2.728 1.254
5.75 12.59 -0.272 -0.064 0.137 0.297 0.495 0.755 0.920 1.114 1.370 1.775 2.012 2.207 2.376 2.572 2.766 2.885 3.003 3.058 3.019 2.940 2.788 2.622 2.622 1.160
5.75 15.85 -0.318 -0.114 0.085 0.242 0.438 0.694 0.857 1.049 1.301 1.698 1.929 2.117 2.280 2.469 2.655 2.768 2.881 2.936 2.902 2.824 2.674 2.504 2.504 1.055
5.75 19.95 -0.369 -0.169 0.027 0.181 0.374 0.627 0.788 0.977 1.225 1.612 1.836 2.018 2.175 2.356 2.533 2.641 2.748 2.803 2.774 2.696 2.547 2.375 2.375 0.940
5.75 25.12 -0.427 -0.231 -0.038 0.114 0.304 0.552 0.711 0.897 1.141 1.518 1.736 1.911 2.060 2.233 2.401 2.503 2.605 2.657 2.633 2.556 2.409 2.236 2.236 0.814
5.75 31.62 -0.491 -0.299 -0.109 0.040 0.227 0.470 0.627 0.810 1.049 1.416 1.626 1.794 1.936 2.101 2.260 2.355 2.452 2.501 2.480 2.404 2.260 2.086 2.086 0.679
5.75 39.81 -0.562 -0.375 -0.188 -0.043 0.141 0.380 0.534 0.714 0.949 1.304 1.507 1.668 1.803 1.960 2.110 2.198 2.290 2.335 2.318 2.242 2.100 1.928 1.928 0.534
5.75 50.12 -0.641 -0.459 -0.275 -0.133 0.047 0.281 0.433 0.610 0.839 1.183 1.378 1.533 1.660 1.810 1.951 2.033 2.119 2.160 2.145 2.070 1.932 1.761 1.761 0.379
5.75 63.10 -0.729 -0.552 -0.372 -0.233 -0.056 0.173 0.322 0.495 0.719 1.051 1.239 1.388 1.508 1.651 1.784 1.859 1.941 1.977 1.964 1.889 1.755 1.587 1.587 0.213
5.75 79.43 -0.828 -0.657 -0.480 -0.345 -0.171 0.052 0.199 0.368 0.587 0.907 1.088 1.233 1.347 1.483 1.608 1.678 1.755 1.785 1.776 1.701 1.570 1.405 1.405 0.037
5.75 100.00 -0.940 -0.774 -0.601 -0.470 -0.300 -0.082 0.062 0.228 0.442 0.750 0.924 1.065 1.173 1.305 1.424 1.488 1.561 1.587 1.580 1.505 1.379 1.218 1.218 -0.152
5.75 125.89 -1.068 -0.908 -0.738 -0.611 -0.444 -0.232 -0.091 0.072 0.280 0.576 0.745 0.884 0.987 1.116 1.230 1.289 1.360 1.382 1.377 1.302 1.181 1.023 1.023 -0.355
5.75 158.49 -1.215 -1.061 -0.895 -0.771 -0.609 -0.402 -0.264 -0.105 0.097 0.383 0.547 0.686 0.786 0.915 1.026 1.082 1.151 1.169 1.167 1.093 0.976 0.823 0.823 -0.574
5.75 199.53 -1.387 -1.238 -1.076 -0.956 -0.797 -0.596 -0.461 -0.306 -0.109 0.165 0.326 0.467 0.568 0.699 0.810 0.863 0.933 0.949 0.951 0.876 0.764 0.616 0.616 -0.812
5.75 251.19 -1.589 -1.446 -1.288 -1.171 -1.016 -0.821 -0.689 -0.538 -0.347 -0.082 0.077 0.225 0.327 0.465 0.580 0.632 0.705 0.720 0.727 0.652 0.544 0.401 0.401 -1.074
5.75 316.23 -1.828 -1.691 -1.537 -1.424 -1.273 -1.084 -0.954 -0.807 -0.622 -0.366 -0.206 -0.047 0.060 0.210 0.333 0.387 0.464 0.481 0.494 0.419 0.316 0.178 0.178 -1.365
5.75 398.11 -2.115 -1.983 -1.833 -1.724 -1.577 -1.394 -1.267 -1.124 -0.945 -0.697 -0.533 -0.357 -0.240 -0.072 0.065 0.123 0.210 0.231 0.251 0.176 0.078 -0.056 -0.056 -1.693
5.75 501.19 -2.460 -2.335 -2.189 -2.084 -1.941 -1.763 -1.640 -1.500 -1.327 -1.084 -0.914 -0.714 -0.582 -0.387 -0.229 -0.163 -0.062 -0.033 -0.004 -0.079 -0.172 -0.301 -0.301 -2.065
5.75 630.96 -2.881 -2.761 -2.619 -2.518 -2.379 -2.207 -2.086 -1.951 -1.783 -1.544 -1.362 -1.129 -0.975 -0.743 -0.555 -0.476 -0.356 -0.314 -0.274 -0.349 -0.437 -0.561 -0.561 -2.493
5.75 794.33 -3.395 -3.281 -3.142 -3.046 -2.910 -2.744 -2.627 -2.495 -2.334 -2.095 -1.896 -1.618 -1.433 -1.151 -0.921 -0.823 -0.677 -0.616 -0.562 -0.637 -0.720 -0.839 -0.839 -2.992
5.75 1000.00 -4.026 -3.918 -3.784 -3.691 -3.560 -3.400 -3.285 -3.158 -3.002 -2.761 -2.536 -2.198 -1.972 -1.624 -1.337 -1.213 -1.031 -0.945 -0.873 -0.947 -1.025 -1.140 -1.140 -3.580
6.00 1.00 0.149 0.375 0.588 0.759 0.965 1.231 1.396 1.593 1.856 2.293 2.554 2.777 2.976 3.207 3.439 3.584 3.725 3.755 3.671 3.587 3.436 3.310 3.310 1.813
6.00 1.26 0.143 0.368 0.580 0.751 0.957 1.222 1.387 1.584 1.846 2.282 2.542 2.763 2.961 3.190 3.421 3.565 3.705 3.736 3.654 3.569 3.419 3.291 3.291 1.797
6.00 1.58 0.135 0.359 0.571 0.741 0.946 1.211 1.376 1.572 1.833 2.267 2.526 2.746 2.943 3.170 3.399 3.542 3.681 3.712 3.632 3.547 3.397 3.268 3.268 1.777
6.00 2.00 0.125 0.348 0.560 0.729 0.934 1.197 1.362 1.557 1.818 2.249 2.506 2.725 2.920 3.145 3.372 3.514 3.651 3.684 3.605 3.521 3.371 3.240 3.240 1.752
6.00 2.51 0.113 0.335 0.546 0.715 0.918 1.181 1.345 1.539 1.799 2.228 2.483 2.699 2.892 3.115 3.339 3.479 3.615 3.649 3.573 3.489 3.339 3.206 3.206 1.722
6.00 3.16 0.098 0.319 0.529 0.697 0.900 1.161 1.324 1.518 1.776 2.202 2.455 2.668 2.859 3.079 3.300 3.438 3.572 3.608 3.534 3.450 3.300 3.165 3.165 1.686
6.00 3.98 0.081 0.300 0.509 0.676 0.878 1.137 1.299 1.492 1.749 2.171 2.421 2.632 2.820 3.036 3.254 3.389 3.521 3.558 3.488 3.405 3.254 3.117 3.117 1.643
6.00 5.01 0.060 0.277 0.485 0.651 0.851 1.109 1.270 1.462 1.717 2.134 2.381 2.588 2.773 2.986 3.199 3.331 3.461 3.500 3.433 3.351 3.200 3.059 3.059 1.592
6.00 6.31 0.036 0.251 0.457 0.621 0.820 1.076 1.236 1.426 1.679 2.091 2.334 2.538 2.718 2.927 3.135 3.264 3.390 3.431 3.369 3.287 3.137 2.992 2.992 1.532
6.00 7.94 0.007 0.220 0.424 0.587 0.784 1.037 1.196 1.385 1.635 2.041 2.280 2.479 2.655 2.858 3.061 3.186 3.309 3.352 3.295 3.214 3.064 2.914 2.914 1.463
6.00 10.00 -0.026 0.184 0.386 0.547 0.743 0.993 1.151 1.337 1.585 1.984 2.218 2.412 2.583 2.780 2.976 3.097 3.216 3.261 3.210 3.130 2.980 2.826 2.826 1.384
6.00 12.59 -0.064 0.143 0.343 0.502 0.695 0.942 1.098 1.283 1.527 1.918 2.147 2.336 2.501 2.692 2.881 2.997 3.112 3.159 3.114 3.034 2.885 2.726 2.726 1.295
6.00 15.85 -0.107 0.096 0.294 0.451 0.642 0.885 1.040 1.222 1.462 1.845 2.068 2.251 2.410 2.594 2.776 2.886 2.997 3.044 3.005 2.926 2.777 2.615 2.615 1.196
6.00 19.95 -0.156 0.044 0.239 0.393 0.582 0.821 0.974 1.153 1.390 1.764 1.980 2.157 2.309 2.486 2.659 2.764 2.870 2.918 2.884 2.805 2.658 2.492 2.492 1.086
6.00 25.12 -0.210 -0.015 0.178 0.329 0.515 0.750 0.901 1.078 1.310 1.674 1.884 2.054 2.199 2.368 2.533 2.632 2.733 2.779 2.750 2.673 2.527 2.359 2.359 0.966
6.00 31.62 -0.271 -0.080 0.110 0.258 0.441 0.672 0.820 0.994 1.222 1.575 1.778 1.942 2.080 2.241 2.397 2.490 2.585 2.630 2.605 2.528 2.385 2.215 2.215 0.836
6.00 39.81 -0.339 -0.153 0.034 0.179 0.359 0.585 0.731 0.902 1.125 1.467 1.663 1.820 1.951 2.105 2.252 2.338 2.428 2.470 2.449 2.373 2.232 2.062 2.062 0.696
6.00 50.12 -0.415 -0.234 -0.050 0.092 0.268 0.489 0.633 0.800 1.019 1.350 1.538 1.689 1.813 1.959 2.098 2.178 2.263 2.300 2.283 2.207 2.070 1.901 1.901 0.545
6.00 63.10 -0.500 -0.324 -0.144 -0.006 0.167 0.384 0.525 0.689 0.902 1.221 1.403 1.548 1.665 1.804 1.935 2.008 2.089 2.122 2.108 2.032 1.898 1.731 1.731 0.384
6.00 79.43 -0.596 -0.425 -0.249 -0.114 0.055 0.266 0.405 0.565 0.774 1.081 1.256 1.396 1.507 1.640 1.763 1.831 1.907 1.935 1.924 1.849 1.718 1.554 1.554 0.212
6.00 100.00 -0.706 -0.540 -0.367 -0.236 -0.070 0.135 0.271 0.428 0.631 0.927 1.095 1.232 1.337 1.466 1.582 1.645 1.717 1.741 1.733 1.657 1.531 1.371 1.371 0.027
6.00 125.89 -0.831 -0.671 -0.502 -0.374 -0.212 -0.012 0.121 0.274 0.472 0.756 0.919 1.053 1.155 1.281 1.392 1.450 1.520 1.540 1.534 1.459 1.337 1.180 1.180 -0.172
6.00 158.49 -0.976 -0.821 -0.656 -0.532 -0.373 -0.179 -0.049 0.101 0.293 0.566 0.724 0.858 0.957 1.083 1.192 1.246 1.314 1.331 1.328 1.253 1.136 0.983 0.983 -0.388
6.00 199.53 -1.145 -0.996 -0.834 -0.714 -0.559 -0.371 -0.243 -0.098 0.089 0.351 0.506 0.643 0.741 0.870 0.979 1.031 1.099 1.114 1.115 1.040 0.928 0.779 0.779 -0.623
6.00 251.19 -1.344 -1.201 -1.043 -0.927 -0.776 -0.593 -0.468 -0.326 -0.146 0.107 0.260 0.404 0.504 0.639 0.752 0.803 0.874 0.888 0.894 0.819 0.712 0.568 0.568 -0.882
6.00 316.23 -1.581 -1.443 -1.289 -1.177 -1.030 -0.853 -0.731 -0.593 -0.419 -0.175 -0.021 0.134 0.239 0.387 0.507 0.560 0.637 0.653 0.665 0.590 0.487 0.348 0.348 -1.170
6.00 398.11 -1.865 -1.733 -1.583 -1.474 -1.331 -1.160 -1.041 -0.907 -0.738 -0.502 -0.345 -0.173 -0.058 0.108 0.242 0.300 0.385 0.406 0.425 0.350 0.252 0.117 0.117 -1.494
6.00 501.19 -2.208 -2.082 -1.936 -1.831 -1.692 -1.527 -1.411 -1.281 -1.118 -0.887 -0.723 -0.527 -0.397 -0.205 -0.049 0.017 0.116 0.145 0.173 0.098 0.004 -0.125 -0.125 -1.863
6.00 630.96 -2.625 -2.506 -2.363 -2.263 -2.128 -1.968 -1.855 -1.729 -1.572 -1.345 -1.169 -0.939 -0.787 -0.558 -0.372 -0.294 -0.175 -0.134 -0.094 -0.169 -0.258 -0.382 -0.382 -2.289
6.00 794.33 -3.137 -3.023 -2.885 -2.788 -2.657 -2.503 -2.393 -2.271 -2.120 -1.893 -1.699 -1.425 -1.242 -0.963 -0.735 -0.638 -0.493 -0.433 -0.380 -0.455 -0.538 -0.658 -0.658 -2.785
6.00 1000.00 -3.766 -3.658 -3.524 -3.431 -3.303 -3.156 -3.049 -2.930 -2.785 -2.556 -2.337 -2.003 -1.779 -1.433 -1.148 -1.026 -0.845 -0.759 -0.688 -0.763 -0.841 -0.956 -0.956 -3.370
6.25 1.00 0.334 0.557 0.768 0.938 1.138 1.390 1.547 1.734 1.985 2.405 2.656 2.870 3.063 3.286 3.510 3.650 3.786 3.807 3.719 3.634 3.487 3.367 3.367 1.908
6.25 1.26 0.328 0.550 0.761 0.931 1.131 1.382 1.539 1.725 1.975 2.394 2.644 2.858 3.049 3.271 3.494 3.633 3.769 3.790 3.703 3.618 3.471 3.350 3.350 1.893
6.25 1.58 0.321 0.543 0.753 0.922 1.122 1.372 1.529 1.715 1.964 2.381 2.630 2.842 3.033 3.252 3.474 3.612 3.747 3.769 3.683 3.598 3.451 3.329 3.329 1.875
6.25 2.00 0.312 0.533 0.743 0.911 1.110 1.360 1.516 1.701 1.950 2.365 2.613 2.823 3.012 3.230 3.449 3.587 3.720 3.743 3.659 3.574 3.427 3.304 3.304 1.852
6.25 2.51 0.301 0.521 0.730 0.898 1.096 1.345 1.501 1.685 1.933 2.346 2.591 2.800 2.987 3.203 3.420 3.555 3.687 3.711 3.630 3.545 3.398 3.273 3.273 1.825
6.25 3.16 0.288 0.507 0.715 0.882 1.080 1.327 1.482 1.666 1.912 2.322 2.566 2.772 2.957 3.170 3.384 3.518 3.648 3.673 3.594 3.510 3.363 3.236 3.236 1.792
6.25 3.98 0.272 0.489 0.697 0.863 1.060 1.305 1.460 1.643 1.888 2.294 2.535 2.739 2.921 3.131 3.342 3.473 3.601 3.628 3.552 3.468 3.321 3.191 3.191 1.753
6.25 5.01 0.253 0.469 0.675 0.840 1.035 1.280 1.433 1.615 1.858 2.260 2.498 2.699 2.878 3.084 3.291 3.420 3.546 3.574 3.502 3.418 3.271 3.138 3.138 1.706
6.25 6.31 0.231 0.445 0.650 0.813 1.007 1.249 1.402 1.582 1.823 2.220 2.455 2.652 2.827 3.029 3.232 3.357 3.480 3.511 3.443 3.360 3.213 3.076 3.076 1.651
6.25 7.94 0.205 0.416 0.620 0.781 0.974 1.214 1.365 1.544 1.783 2.174 2.404 2.597 2.768 2.966 3.163 3.285 3.405 3.437 3.374 3.292 3.145 3.004 3.004 1.587
6.25 10.00 0.174 0.383 0.585 0.745 0.935 1.172 1.322 1.499 1.736 2.120 2.346 2.535 2.701 2.893 3.084 3.201 3.318 3.353 3.295 3.214 3.067 2.921 2.921 1.513
6.25 12.59 0.139 0.345 0.544 0.702 0.891 1.125 1.274 1.449 1.682 2.059 2.280 2.463 2.624 2.810 2.994 3.107 3.220 3.257 3.206 3.125 2.978 2.828 2.828 1.429
6.25 15.85 0.099 0.301 0.499 0.654 0.841 1.072 1.218 1.391 1.621 1.990 2.205 2.383 2.538 2.717 2.894 3.002 3.110 3.149 3.104 3.024 2.878 2.723 2.723 1.335
6.25 19.95 0.053 0.252 0.447 0.600 0.784 1.011 1.156 1.326 1.552 1.913 2.122 2.294 2.442 2.615 2.784 2.886 2.990 3.030 2.990 2.911 2.766 2.607 2.607 1.231
6.25 25.12 0.002 0.196 0.389 0.539 0.721 0.944 1.086 1.254 1.476 1.827 2.030 2.195 2.337 2.502 2.663 2.760 2.858 2.898 2.865 2.786 2.643 2.480 2.480 1.116
6.25 31.62 -0.056 0.134 0.323 0.471 0.650 0.868 1.009 1.174 1.392 1.732 1.928 2.087 2.222 2.380 2.532 2.623 2.716 2.755 2.727 2.649 2.507 2.342 2.342 0.991
6.25 39.81 -0.121 0.064 0.251 0.395 0.571 0.785 0.923 1.085 1.298 1.628 1.817 1.970 2.098 2.248 2.392 2.476 2.565 2.602 2.578 2.501 2.361 2.195 2.195 0.856
6.25 50.12 -0.194 -0.014 0.170 0.311 0.483 0.693 0.829 0.987 1.196 1.514 1.696 1.843 1.964 2.107 2.242 2.321 2.404 2.438 2.418 2.342 2.205 2.039 2.039 0.710
6.25 63.10 -0.277 -0.101 0.079 0.217 0.386 0.590 0.724 0.879 1.082 1.390 1.565 1.706 1.820 1.956 2.084 2.156 2.235 2.265 2.249 2.173 2.039 1.874 1.874 0.553
6.25 79.43 -0.370 -0.200 -0.023 0.111 0.277 0.476 0.607 0.759 0.957 1.253 1.421 1.557 1.666 1.796 1.916 1.983 2.057 2.083 2.070 1.994 1.865 1.702 1.702 0.385
6.25 100.00 -0.477 -0.312 -0.139 -0.008 0.154 0.348 0.476 0.625 0.817 1.102 1.264 1.397 1.499 1.626 1.740 1.801 1.872 1.894 1.884 1.808 1.682 1.523 1.523 0.204
6.25 125.89 -0.599 -0.439 -0.270 -0.143 0.015 0.204 0.329 0.474 0.661 0.934 1.091 1.222 1.320 1.444 1.553 1.610 1.678 1.697 1.690 1.614 1.492 1.336 1.336 0.008
6.25 158.49 -0.741 -0.587 -0.422 -0.298 -0.143 0.039 0.162 0.303 0.485 0.747 0.899 1.030 1.126 1.249 1.356 1.409 1.476 1.491 1.488 1.412 1.295 1.143 1.143 -0.204
6.25 199.53 -0.908 -0.759 -0.597 -0.477 -0.327 -0.149 -0.030 0.108 0.284 0.535 0.684 0.818 0.913 1.040 1.146 1.197 1.264 1.278 1.278 1.203 1.090 0.942 0.942 -0.435
6.25 251.19 -1.104 -0.961 -0.803 -0.687 -0.540 -0.369 -0.252 -0.118 0.052 0.293 0.441 0.581 0.679 0.812 0.922 0.972 1.043 1.056 1.061 0.986 0.878 0.734 0.734 -0.691
6.25 316.23 -1.338 -1.201 -1.047 -0.935 -0.792 -0.626 -0.512 -0.382 -0.218 0.015 0.163 0.315 0.417 0.562 0.681 0.733 0.808 0.824 0.834 0.759 0.656 0.517 0.517 -0.976
6.25 398.11 -1.620 -1.488 -1.338 -1.230 -1.091 -0.931 -0.820 -0.694 -0.535 -0.310 -0.158 0.010 0.123 0.286 0.419 0.475 0.560 0.579 0.598 0.522 0.424 0.290 0.290 -1.297
6.25 501.19 -1.960 -1.835 -1.689 -1.584 -1.449 -1.295 -1.187 -1.065 -0.912 -0.692 -0.534 -0.341 -0.213 -0.023 0.130 0.195 0.293 0.321 0.348 0.273 0.180 0.050 0.050 -1.663
6.25 630.96 -2.375 -2.256 -2.114 -2.013 -1.882 -1.734 -1.628 -1.510 -1.363 -1.147 -0.977 -0.751 -0.601 -0.374 -0.190 -0.113 0.005 0.046 0.084 0.009 -0.080 -0.204 -0.204 -2.086
6.25 794.33 -2.884 -2.771 -2.632 -2.535 -2.408 -2.266 -2.164 -2.050 -1.908 -1.693 -1.505 -1.234 -1.053 -0.776 -0.550 -0.455 -0.310 -0.251 -0.198 -0.274 -0.357 -0.477 -0.477 -2.579
6.25 1000.00 -3.511 -3.403 -3.269 -3.176 -3.052 -2.916 -2.817 -2.707 -2.571 -2.353 -2.140 -1.809 -1.587 -1.244 -0.961 -0.839 -0.659 -0.574 -0.504 -0.579 -0.658 -0.772 -0.772 -3.161
6.50 1.00 0.514 0.735 0.945 1.113 1.308 1.547 1.696 1.873 2.112 2.516 2.758 2.964 3.150 3.365 3.581 3.717 3.849 3.860 3.768 3.682 3.538 3.425 3.425 2.003
6.50 1.26 0.509 0.729 0.939 1.107 1.302 1.540 1.688 1.865 2.104 2.507 2.747 2.953 3.138 3.352 3.567 3.702 3.833 3.844 3.753 3.667 3.523 3.409 3.409 1.989
6.50 1.58 0.503 0.722 0.931 1.099 1.293 1.531 1.679 1.856 2.094 2.495 2.734 2.939 3.123 3.335 3.549 3.683 3.813 3.825 3.735 3.650 3.505 3.390 3.390 1.973
6.50 2.00 0.495 0.714 0.922 1.089 1.283 1.520 1.668 1.844 2.081 2.481 2.719 2.921 3.104 3.315 3.527 3.659 3.789 3.802 3.713 3.628 3.484 3.367 3.367 1.953
6.50 2.51 0.485 0.703 0.911 1.077 1.271 1.506 1.654 1.829 2.066 2.463 2.699 2.901 3.081 3.290 3.500 3.631 3.759 3.773 3.686 3.601 3.457 3.339 3.339 1.928
6.50 3.16 0.473 0.690 0.897 1.063 1.256 1.490 1.637 1.812 2.047 2.441 2.676 2.875 3.054 3.260 3.468 3.597 3.723 3.738 3.654 3.569 3.425 3.305 3.305 1.898
6.50 3.98 0.459 0.675 0.881 1.046 1.237 1.470 1.617 1.791 2.024 2.416 2.648 2.844 3.021 3.224 3.428 3.556 3.680 3.697 3.615 3.530 3.386 3.264 3.264 1.862
6.50 5.01 0.442 0.656 0.861 1.025 1.215 1.447 1.593 1.765 1.998 2.385 2.614 2.808 2.981 3.182 3.382 3.507 3.629 3.647 3.569 3.484 3.341 3.216 3.216 1.819
6.50 6.31 0.422 0.634 0.838 1.000 1.189 1.419 1.564 1.735 1.966 2.348 2.574 2.765 2.934 3.131 3.327 3.449 3.569 3.589 3.515 3.431 3.287 3.159 3.159 1.768
6.50 7.94 0.398 0.608 0.810 0.971 1.159 1.386 1.530 1.700 1.928 2.305 2.528 2.714 2.880 3.072 3.263 3.382 3.499 3.521 3.451 3.368 3.224 3.092 3.092 1.708
6.50 10.00 0.370 0.577 0.778 0.937 1.123 1.348 1.490 1.659 1.884 2.255 2.473 2.656 2.817 3.004 3.189 3.304 3.418 3.442 3.378 3.295 3.152 3.015 3.015 1.640
6.50 12.59 0.337 0.542 0.740 0.898 1.082 1.304 1.445 1.611 1.834 2.198 2.411 2.589 2.745 2.926 3.106 3.216 3.326 3.353 3.295 3.212 3.069 2.927 2.927 1.561
6.50 15.85 0.300 0.501 0.698 0.853 1.035 1.254 1.393 1.557 1.777 2.133 2.341 2.513 2.664 2.839 3.011 3.117 3.222 3.252 3.200 3.118 2.976 2.829 2.829 1.473
6.50 19.95 0.257 0.454 0.649 0.801 0.981 1.197 1.334 1.496 1.712 2.060 2.262 2.428 2.573 2.741 2.906 3.006 3.108 3.139 3.093 3.013 2.871 2.719 2.719 1.374
6.50 25.12 0.208 0.402 0.594 0.744 0.921 1.132 1.268 1.427 1.639 1.978 2.174 2.334 2.472 2.634 2.791 2.885 2.982 3.014 2.975 2.896 2.754 2.598 2.598 1.264
6.50 31.62 0.153 0.343 0.532 0.679 0.853 1.061 1.194 1.351 1.558 1.887 2.076 2.231 2.362 2.516 2.665 2.754 2.846 2.878 2.845 2.766 2.626 2.467 2.467 1.144
6.50 39.81 0.091 0.276 0.462 0.606 0.778 0.981 1.112 1.265 1.469 1.787 1.970 2.118 2.243 2.389 2.530 2.613 2.699 2.731 2.703 2.625 2.487 2.326 2.326 1.014
6.50 50.12 0.021 0.201 0.384 0.525 0.693 0.892 1.020 1.171 1.369 1.677 1.853 1.995 2.113 2.253 2.385 2.462 2.544 2.573 2.550 2.473 2.338 2.175 2.175 0.872
6.50 63.10 -0.059 0.117 0.296 0.434 0.599 0.792 0.919 1.066 1.259 1.556 1.725 1.862 1.973 2.107 2.231 2.302 2.379 2.406 2.387 2.310 2.178 2.016 2.016 0.720
6.50 79.43 -0.149 0.021 0.197 0.331 0.493 0.681 0.805 0.949 1.137 1.422 1.585 1.717 1.823 1.950 2.068 2.133 2.206 2.230 2.214 2.138 2.009 1.848 1.848 0.556
6.50 100.00 -0.253 -0.088 0.084 0.215 0.374 0.556 0.677 0.818 1.001 1.274 1.431 1.560 1.660 1.784 1.895 1.955 2.025 2.045 2.033 1.957 1.831 1.673 1.673 0.379
6.50 125.89 -0.373 -0.213 -0.044 0.083 0.238 0.415 0.533 0.670 0.848 1.110 1.261 1.388 1.484 1.606 1.712 1.768 1.835 1.852 1.843 1.768 1.646 1.491 1.491 0.187
6.50 158.49 -0.512 -0.358 -0.193 -0.069 0.082 0.253 0.369 0.502 0.674 0.926 1.072 1.200 1.293 1.414 1.519 1.570 1.637 1.651 1.646 1.570 1.453 1.301 1.301 -0.021
6.50 199.53 -0.676 -0.528 -0.366 -0.246 -0.099 0.067 0.180 0.309 0.476 0.717 0.860 0.991 1.084 1.208 1.312 1.362 1.429 1.441 1.440 1.365 1.252 1.104 1.104 -0.249
6.50 251.19 -0.870 -0.727 -0.569 -0.453 -0.310 -0.149 -0.039 0.086 0.247 0.478 0.620 0.757 0.852 0.983 1.092 1.141 1.210 1.222 1.226 1.151 1.043 0.899 0.899 -0.502
6.50 316.23 -1.101 -0.964 -0.810 -0.698 -0.559 -0.404 -0.297 -0.175 -0.020 0.202 0.345 0.493 0.594 0.737 0.853 0.904 0.979 0.993 1.003 0.928 0.824 0.685 0.685 -0.783
6.50 398.11 -1.380 -1.249 -1.099 -0.990 -0.855 -0.706 -0.602 -0.484 -0.334 -0.120 0.027 0.192 0.302 0.464 0.594 0.649 0.733 0.752 0.769 0.694 0.595 0.461 0.461 -1.101
6.50 501.19 -1.718 -1.593 -1.447 -1.342 -1.210 -1.067 -0.966 -0.852 -0.708 -0.499 -0.346 -0.157 -0.031 0.157 0.309 0.372 0.470 0.497 0.523 0.448 0.354 0.224 0.224 -1.465
6.50 630.96 -2.131 -2.011 -1.869 -1.768 -1.641 -1.503 -1.405 -1.295 -1.157 -0.951 -0.786 -0.564 -0.416 -0.191 -0.009 0.067 0.184 0.224 0.262 0.186 0.097 -0.027 -0.027 -1.884
6.50 794.33 -2.637 -2.523 -2.385 -2.288 -2.165 -2.033 -1.938 -1.832 -1.700 -1.495 -1.312 -1.044 -0.866 -0.591 -0.367 -0.272 -0.128 -0.070 -0.018 -0.093 -0.177 -0.297 -0.297 -2.374
6.50 1000.00 -3.261 -3.153 -3.019 -2.926 -2.806 -2.681 -2.588 -2.486 -2.360 -2.152 -1.944 -1.617 -1.397 -1.055 -0.775 -0.654 -0.475 -0.390 -0.320 -0.396 -0.475 -0.590 -0.590 -2.953
6.75 1.00 0.692 0.910 1.118 1.285 1.475 1.701 1.842 2.011 2.239 2.627 2.859 3.058 3.237 3.445 3.653 3.784 3.912 3.914 3.818 3.731 3.590 3.483 3.483 2.098
6.75 1.26 0.687 0.905 1.113 1.279 1.469 1.695 1.836 2.004 2.231 2.619 2.850 3.048 3.226 3.433 3.640 3.770 3.897 3.900 3.804 3.718 3.577 3.469 3.469 2.086
6.75 1.58 0.681 0.899 1.106 1.272 1.462 1.687 1.828 1.995 2.222 2.608 2.838 3.035 3.213 3.418 3.624 3.753 3.879 3.882 3.788 3.701 3.560 3.452 3.452 2.071
6.75 2.00 0.674 0.891 1.098 1.263 1.452 1.677 1.817 1.985 2.211 2.595 2.824 3.020 3.196 3.400 3.604 3.732 3.857 3.861 3.768 3.682 3.541 3.431 3.431 2.053
6.75 2.51 0.666 0.881 1.088 1.253 1.441 1.665 1.805 1.971 2.197 2.579 2.807 3.001 3.175 3.377 3.580 3.707 3.830 3.835 3.743 3.657 3.516 3.406 3.406 2.030
6.75 3.16 0.655 0.870 1.076 1.240 1.428 1.650 1.790 1.956 2.180 2.560 2.785 2.977 3.150 3.350 3.550 3.675 3.798 3.803 3.714 3.628 3.487 3.375 3.375 2.003
6.75 3.98 0.642 0.856 1.061 1.224 1.411 1.632 1.771 1.936 2.160 2.536 2.760 2.950 3.120 3.317 3.515 3.638 3.759 3.765 3.678 3.592 3.452 3.337 3.337 1.970
6.75 5.01 0.627 0.839 1.043 1.205 1.391 1.611 1.749 1.913 2.135 2.508 2.729 2.916 3.084 3.278 3.472 3.593 3.712 3.719 3.635 3.550 3.410 3.293 3.293 1.931
6.75 6.31 0.608 0.819 1.021 1.182 1.367 1.585 1.723 1.886 2.106 2.474 2.692 2.876 3.041 3.231 3.421 3.540 3.656 3.666 3.585 3.500 3.360 3.240 3.240 1.884
6.75 7.94 0.586 0.795 0.996 1.156 1.339 1.555 1.691 1.853 2.071 2.435 2.649 2.830 2.990 3.177 3.362 3.477 3.591 3.603 3.527 3.442 3.302 3.178 3.178 1.829
6.75 10.00 0.561 0.766 0.966 1.124 1.306 1.520 1.655 1.815 2.030 2.388 2.599 2.775 2.932 3.113 3.294 3.405 3.516 3.530 3.459 3.375 3.235 3.107 3.107 1.765
6.75 12.59 0.531 0.734 0.932 1.088 1.268 1.479 1.613 1.771 1.983 2.335 2.541 2.713 2.864 3.041 3.215 3.322 3.429 3.446 3.381 3.298 3.158 3.025 3.025 1.691
6.75 15.85 0.496 0.696 0.892 1.046 1.224 1.432 1.564 1.720 1.930 2.274 2.474 2.641 2.788 2.958 3.126 3.229 3.332 3.351 3.292 3.210 3.070 2.932 2.932 1.608
6.75 19.95 0.456 0.652 0.846 0.998 1.174 1.378 1.508 1.662 1.869 2.204 2.400 2.561 2.702 2.866 3.027 3.124 3.223 3.245 3.193 3.112 2.972 2.829 2.829 1.514
6.75 25.12 0.410 0.602 0.794 0.943 1.117 1.317 1.446 1.597 1.800 2.126 2.316 2.472 2.606 2.764 2.917 3.009 3.104 3.127 3.082 3.002 2.863 2.714 2.714 1.410
6.75 31.62 0.357 0.546 0.735 0.881 1.052 1.249 1.375 1.524 1.722 2.040 2.223 2.373 2.501 2.651 2.797 2.883 2.973 2.998 2.959 2.880 2.742 2.589 2.589 1.295
6.75 39.81 0.298 0.483 0.668 0.812 0.980 1.172 1.296 1.442 1.636 1.943 2.120 2.264 2.386 2.529 2.666 2.747 2.832 2.858 2.825 2.746 2.610 2.454 2.454 1.170
6.75 50.12 0.231 0.410 0.593 0.734 0.899 1.086 1.208 1.351 1.540 1.837 2.007 2.145 2.260 2.397 2.526 2.601 2.682 2.706 2.679 2.601 2.467 2.309 2.309 1.033
6.75 63.10 0.154 0.329 0.508 0.646 0.807 0.990 1.110 1.249 1.434 1.719 1.883 2.016 2.125 2.255 2.377 2.446 2.522 2.545 2.523 2.445 2.314 2.155 2.155 0.885
6.75 79.43 0.066 0.236 0.412 0.546 0.704 0.882 0.999 1.135 1.315 1.589 1.746 1.875 1.978 2.103 2.218 2.282 2.354 2.374 2.356 2.279 2.151 1.992 1.992 0.725
6.75 100.00 -0.035 0.130 0.302 0.433 0.588 0.760 0.875 1.007 1.182 1.445 1.596 1.721 1.819 1.940 2.049 2.108 2.176 2.194 2.180 2.104 1.979 1.822 1.822 0.552
6.75 125.89 -0.152 0.007 0.176 0.303 0.455 0.622 0.734 0.863 1.032 1.284 1.429 1.553 1.647 1.766 1.870 1.925 1.991 2.005 1.995 1.919 1.798 1.644 1.644 0.365
6.75 158.49 -0.289 -0.135 0.030 0.154 0.301 0.463 0.572 0.698 0.861 1.102 1.244 1.368 1.459 1.578 1.680 1.731 1.796 1.808 1.802 1.726 1.609 1.458 1.458 0.160
6.75 199.53 -0.450 -0.301 -0.140 -0.020 0.124 0.280 0.386 0.508 0.666 0.897 1.035 1.162 1.253 1.375 1.477 1.526 1.591 1.602 1.601 1.525 1.412 1.265 1.265 -0.065
6.75 251.19 -0.641 -0.498 -0.340 -0.224 -0.084 0.066 0.169 0.287 0.440 0.661 0.798 0.932 1.025 1.153 1.260 1.308 1.376 1.387 1.391 1.315 1.207 1.063 1.063 -0.314
6.75 316.23 -0.870 -0.733 -0.579 -0.467 -0.331 -0.186 -0.085 0.029 0.176 0.388 0.525 0.671 0.769 0.910 1.025 1.074 1.148 1.161 1.171 1.095 0.991 0.852 0.852 -0.592
6.75 398.11 -1.146 -1.015 -0.865 -0.756 -0.624 -0.485 -0.387 -0.277 -0.136 0.069 0.210 0.372 0.480 0.640 0.768 0.823 0.906 0.923 0.940 0.865 0.766 0.631 0.631 -0.907
6.75 501.19 -1.482 -1.356 -1.210 -1.106 -0.977 -0.844 -0.749 -0.643 -0.508 -0.308 -0.160 0.026 0.150 0.336 0.486 0.548 0.645 0.671 0.697 0.621 0.527 0.398 0.398 -1.267
6.75 630.96 -1.892 -1.772 -1.630 -1.529 -1.405 -1.278 -1.186 -1.083 -0.954 -0.758 -0.598 -0.378 -0.232 -0.009 0.171 0.246 0.362 0.401 0.439 0.363 0.274 0.149 0.149 -1.684
6.75 794.33 -2.395 -2.282 -2.143 -2.047 -1.926 -1.805 -1.716 -1.617 -1.494 -1.298 -1.121 -0.856 -0.679 -0.406 -0.184 -0.090 0.053 0.110 0.162 0.086 0.002 -0.118 -0.118 -2.171
6.75 1000.00 -3.017 -2.909 -2.775 -2.682 -2.565 -2.450 -2.364 -2.269 -2.152 -1.953 -1.750 -1.426 -1.208 -0.868 -0.589 -0.469 -0.291 -0.207 -0.138 -0.214 -0.293 -0.408 -0.408 -2.747
7.00 1.00 0.865 1.081 1.288 1.453 1.638 1.853 1.987 2.147 2.365 2.738 2.961 3.152 3.325 3.525 3.726 3.852 3.975 3.968 3.868 3.781 3.643 3.542 3.542 2.193
7.00 1.26 0.861 1.077 1.283 1.448 1.633 1.847 1.981 2.141 2.358 2.731 2.953 3.143 3.315 3.514 3.714 3.839 3.962 3.955 3.856 3.769 3.631 3.530 3.530 2.183
7.00 1.58 0.856 1.071 1.277 1.441 1.626 1.840 1.974 2.133 2.350 2.721 2.942 3.132 3.303 3.501 3.700 3.824 3.946 3.939 3.841 3.754 3.616 3.514 3.514 2.169
7.00 2.00 0.850 1.064 1.270 1.434 1.618 1.831 1.965 2.123 2.339 2.709 2.929 3.118 3.287 3.484 3.682 3.805 3.926 3.920 3.823 3.736 3.598 3.495 3.495 2.153
7.00 2.51 0.842 1.056 1.261 1.424 1.608 1.820 1.953 2.112 2.327 2.695 2.914 3.100 3.269 3.464 3.660 3.782 3.902 3.896 3.801 3.714 3.576 3.472 3.472 2.132
7.00 3.16 0.833 1.045 1.250 1.412 1.596 1.807 1.940 2.097 2.312 2.677 2.894 3.079 3.246 3.439 3.633 3.754 3.872 3.867 3.773 3.687 3.549 3.444 3.444 2.108
7.00 3.98 0.821 1.033 1.236 1.398 1.581 1.791 1.923 2.080 2.293 2.656 2.871 3.054 3.219 3.409 3.600 3.719 3.836 3.833 3.741 3.654 3.517 3.410 3.410 2.077
7.00 5.01 0.807 1.017 1.220 1.381 1.563 1.771 1.903 2.059 2.270 2.630 2.843 3.023 3.185 3.374 3.561 3.678 3.793 3.791 3.701 3.615 3.478 3.369 3.369 2.041
7.00 6.31 0.791 0.999 1.201 1.360 1.541 1.748 1.879 2.033 2.244 2.599 2.809 2.987 3.146 3.331 3.515 3.629 3.742 3.741 3.655 3.569 3.432 3.320 3.320 1.998
7.00 7.94 0.771 0.977 1.177 1.336 1.515 1.720 1.850 2.003 2.212 2.562 2.769 2.944 3.099 3.280 3.460 3.571 3.682 3.683 3.601 3.515 3.378 3.263 3.263 1.948
7.00 10.00 0.747 0.951 1.150 1.307 1.485 1.688 1.816 1.968 2.174 2.519 2.723 2.893 3.045 3.221 3.396 3.504 3.612 3.615 3.538 3.453 3.316 3.197 3.197 1.888
7.00 12.59 0.719 0.921 1.118 1.273 1.449 1.649 1.777 1.927 2.130 2.470 2.668 2.835 2.982 3.153 3.323 3.427 3.531 3.537 3.465 3.381 3.244 3.121 3.121 1.820
7.00 15.85 0.687 0.885 1.081 1.234 1.408 1.605 1.731 1.880 2.080 2.412 2.606 2.768 2.910 3.076 3.239 3.339 3.440 3.449 3.383 3.299 3.163 3.034 3.034 1.741
7.00 19.95 0.649 0.845 1.038 1.189 1.361 1.555 1.679 1.825 2.022 2.347 2.535 2.692 2.829 2.989 3.145 3.240 3.337 3.349 3.289 3.207 3.071 2.936 2.936 1.653
7.00 25.12 0.606 0.798 0.988 1.137 1.307 1.497 1.620 1.763 1.957 2.273 2.456 2.607 2.738 2.892 3.041 3.131 3.223 3.238 3.185 3.104 2.968 2.828 2.828 1.554
7.00 31.62 0.557 0.745 0.932 1.079 1.246 1.432 1.552 1.694 1.883 2.190 2.367 2.513 2.637 2.784 2.926 3.011 3.098 3.115 3.070 2.989 2.854 2.709 2.709 1.444
7.00 39.81 0.500 0.684 0.869 1.012 1.177 1.359 1.477 1.615 1.801 2.097 2.268 2.408 2.527 2.667 2.801 2.880 2.963 2.981 2.943 2.863 2.729 2.580 2.580 1.323
7.00 50.12 0.435 0.615 0.797 0.937 1.098 1.276 1.392 1.527 1.709 1.995 2.159 2.294 2.406 2.540 2.666 2.739 2.818 2.836 2.805 2.726 2.594 2.441 2.441 1.192
7.00 63.10 0.361 0.536 0.715 0.852 1.010 1.183 1.297 1.429 1.605 1.881 2.039 2.168 2.274 2.402 2.521 2.589 2.663 2.681 2.655 2.577 2.447 2.292 2.292 1.048
7.00 79.43 0.276 0.446 0.622 0.755 0.910 1.078 1.189 1.318 1.490 1.754 1.906 2.031 2.132 2.254 2.367 2.429 2.499 2.516 2.495 2.418 2.290 2.135 2.135 0.893
7.00 100.00 0.178 0.342 0.515 0.645 0.797 0.959 1.068 1.194 1.360 1.613 1.759 1.881 1.977 2.095 2.202 2.259 2.327 2.341 2.325 2.248 2.124 1.969 1.969 0.724
7.00 125.89 0.064 0.223 0.392 0.519 0.666 0.824 0.930 1.052 1.213 1.455 1.596 1.716 1.808 1.925 2.027 2.080 2.145 2.157 2.145 2.069 1.948 1.795 1.795 0.540
7.00 158.49 -0.070 0.083 0.249 0.372 0.516 0.668 0.771 0.890 1.045 1.277 1.413 1.534 1.624 1.740 1.840 1.890 1.954 1.964 1.957 1.881 1.764 1.614 1.614 0.339
7.00 199.53 -0.229 -0.080 0.081 0.201 0.341 0.488 0.588 0.703 0.853 1.074 1.208 1.332 1.421 1.540 1.641 1.688 1.753 1.763 1.760 1.684 1.571 1.424 1.424 0.118
7.00 251.19 -0.417 -0.275 -0.117 -0.001 0.136 0.277 0.374 0.485 0.630 0.841 0.973 1.104 1.196 1.322 1.427 1.474 1.541 1.551 1.553 1.477 1.369 1.226 1.226 -0.128
7.00 316.23 -0.644 -0.507 -0.353 -0.241 -0.108 0.027 0.122 0.229 0.368 0.571 0.704 0.846 0.943 1.082 1.195 1.244 1.317 1.329 1.337 1.261 1.158 1.019 1.019 -0.403
7.00 398.11 -0.917 -0.786 -0.636 -0.528 -0.399 -0.269 -0.177 -0.074 0.059 0.255 0.391 0.551 0.657 0.814 0.941 0.995 1.077 1.094 1.110 1.034 0.935 0.801 0.801 -0.715
7.00 501.19 -1.250 -1.125 -0.979 -0.874 -0.749 -0.625 -0.536 -0.437 -0.310 -0.119 0.024 0.208 0.329 0.514 0.662 0.723 0.819 0.845 0.870 0.794 0.700 0.570 0.570 -1.072
7.00 630.96 -1.658 -1.538 -1.396 -1.295 -1.174 -1.056 -0.970 -0.875 -0.753 -0.566 -0.411 -0.194 -0.050 0.171 0.350 0.424 0.540 0.578 0.614 0.539 0.449 0.324 0.324 -1.485
7.00 794.33 -2.159 -2.045 -1.907 -1.810 -1.693 -1.581 -1.498 -1.406 -1.291 -1.104 -0.931 -0.669 -0.494 -0.223 -0.002 0.091 0.233 0.290 0.340 0.265 0.180 0.060 0.060 -1.970
7.00 1000.00 -2.778 -2.670 -2.536 -2.443 -2.329 -2.223 -2.143 -2.055 -1.946 -1.756 -1.558 -1.237 -1.020 -0.682 -0.405 -0.286 -0.108 -0.025 0.044 -0.032 -0.112 -0.227 -0.227 -2.543
7.25 1.00 1.036 1.249 1.454 1.617 1.799 2.002 2.130 2.282 2.489 2.849 3.063 3.247 3.413 3.606 3.799 3.920 4.039 4.023 3.920 3.832 3.697 3.602 3.602 2.289
7.25 1.26 1.032 1.245 1.450 1.613 1.794 1.997 2.124 2.276 2.483 2.842 3.056 3.238 3.404 3.596 3.789 3.909 4.028 4.012 3.909 3.821 3.686 3.591 3.591 2.280
7.25 1.58 1.028 1.240 1.445 1.607 1.788 1.990 2.118 2.269 2.476 2.833 3.046 3.228 3.393 3.584 3.775 3.895 4.013 3.997 3.895 3.808 3.673 3.577 3.577 2.268
7.25 2.00 1.022 1.234 1.438 1.600 1.781 1.982 2.109 2.260 2.467 2.823 3.035 3.216 3.379 3.569 3.759 3.878 3.995 3.980 3.879 3.791 3.656 3.560 3.560 2.253
7.25 2.51 1.015 1.226 1.430 1.592 1.772 1.973 2.099 2.250 2.456 2.810 3.020 3.200 3.362 3.551 3.739 3.857 3.973 3.958 3.858 3.771 3.636 3.539 3.539 2.234
7.25 3.16 1.007 1.217 1.420 1.581 1.760 1.961 2.087 2.237 2.442 2.794 3.003 3.181 3.342 3.528 3.715 3.831 3.946 3.932 3.833 3.746 3.612 3.513 3.513 2.212
7.25 3.98 0.996 1.206 1.408 1.568 1.747 1.946 2.072 2.221 2.425 2.774 2.982 3.158 3.317 3.501 3.685 3.800 3.914 3.900 3.803 3.716 3.582 3.482 3.482 2.184
7.25 5.01 0.984 1.192 1.393 1.553 1.731 1.928 2.053 2.202 2.404 2.751 2.956 3.130 3.286 3.468 3.650 3.763 3.874 3.862 3.767 3.680 3.546 3.445 3.445 2.152
7.25 6.31 0.969 1.175 1.375 1.534 1.711 1.907 2.031 2.179 2.380 2.722 2.925 3.096 3.250 3.429 3.607 3.718 3.827 3.816 3.724 3.638 3.504 3.400 3.400 2.112
7.25 7.94 0.950 1.155 1.354 1.512 1.687 1.882 2.005 2.151 2.350 2.689 2.888 3.057 3.207 3.383 3.557 3.664 3.772 3.762 3.674 3.588 3.454 3.347 3.347 2.065
7.25 10.00 0.929 1.131 1.329 1.485 1.659 1.852 1.974 2.119 2.316 2.649 2.845 3.010 3.157 3.328 3.497 3.602 3.707 3.699 3.615 3.529 3.396 3.286 3.286 2.010
7.25 12.59 0.903 1.103 1.299 1.454 1.626 1.816 1.937 2.080 2.275 2.602 2.794 2.955 3.098 3.265 3.429 3.530 3.632 3.627 3.547 3.462 3.329 3.215 3.215 1.946
7.25 15.85 0.873 1.070 1.265 1.417 1.588 1.775 1.895 2.036 2.228 2.549 2.736 2.893 3.031 3.192 3.351 3.448 3.546 3.544 3.470 3.386 3.253 3.134 3.134 1.873
7.25 19.95 0.838 1.032 1.224 1.375 1.543 1.728 1.846 1.985 2.174 2.487 2.669 2.821 2.954 3.110 3.262 3.355 3.449 3.450 3.383 3.299 3.167 3.042 3.042 1.789
7.25 25.12 0.797 0.988 1.178 1.326 1.493 1.673 1.790 1.927 2.112 2.417 2.594 2.741 2.868 3.018 3.163 3.251 3.341 3.345 3.286 3.203 3.070 2.940 2.940 1.696
7.25 31.62 0.751 0.938 1.125 1.271 1.434 1.611 1.726 1.860 2.042 2.338 2.509 2.651 2.772 2.915 3.054 3.136 3.222 3.229 3.177 3.095 2.963 2.827 2.827 1.591
7.25 39.81 0.697 0.880 1.064 1.207 1.368 1.541 1.654 1.785 1.963 2.249 2.414 2.551 2.666 2.803 2.934 3.011 3.092 3.102 3.057 2.977 2.845 2.704 2.704 1.475
7.25 50.12 0.635 0.814 0.995 1.135 1.293 1.462 1.572 1.701 1.874 2.150 2.309 2.440 2.550 2.680 2.804 2.875 2.953 2.964 2.926 2.846 2.716 2.571 2.571 1.348
7.25 63.10 0.564 0.738 0.916 1.053 1.208 1.372 1.480 1.605 1.774 2.040 2.193 2.319 2.422 2.547 2.664 2.730 2.803 2.815 2.784 2.705 2.577 2.428 2.428 1.210
7.25 79.43 0.481 0.650 0.826 0.959 1.111 1.270 1.376 1.498 1.662 1.917 2.064 2.186 2.284 2.404 2.513 2.574 2.644 2.655 2.631 2.552 2.426 2.276 2.276 1.058
7.25 100.00 0.386 0.550 0.722 0.852 1.000 1.154 1.257 1.376 1.535 1.779 1.920 2.039 2.133 2.249 2.353 2.409 2.475 2.486 2.467 2.389 2.266 2.115 2.115 0.894
7.25 125.89 0.274 0.433 0.602 0.728 0.873 1.022 1.122 1.238 1.391 1.625 1.760 1.878 1.968 2.082 2.182 2.234 2.298 2.307 2.293 2.216 2.096 1.946 1.946 0.714
7.25 158.49 0.143 0.296 0.461 0.584 0.726 0.869 0.967 1.079 1.227 1.450 1.581 1.699 1.787 1.901 1.999 2.048 2.111 2.119 2.110 2.033 1.917 1.768 1.768 0.517
7.25 199.53 -0.013 0.135 0.296 0.416 0.554 0.691 0.786 0.895 1.037 1.250 1.379 1.500 1.587 1.705 1.803 1.850 1.913 1.921 1.917 1.841 1.728 1.582 1.582 0.299
7.25 251.19 -0.199 -0.056 0.101 0.217 0.351 0.483 0.575 0.680 0.817 1.020 1.147 1.276 1.365 1.490 1.592 1.638 1.705 1.713 1.715 1.638 1.530 1.388 1.388 0.057
7.25 316.23 -0.423 -0.286 -0.132 -0.020 0.110 0.237 0.326 0.427 0.558 0.753 0.881 1.021 1.116 1.252 1.363 1.411 1.484 1.495 1.502 1.426 1.322 1.184 1.184 -0.215
7.25 398.11 -0.694 -0.563 -0.413 -0.305 -0.178 -0.057 0.029 0.126 0.251 0.439 0.571 0.728 0.832 0.988 1.113 1.166 1.247 1.263 1.279 1.202 1.103 0.969 0.969 -0.523
7.25 501.19 -1.024 -0.899 -0.753 -0.648 -0.526 -0.411 -0.327 -0.234 -0.115 0.068 0.207 0.388 0.508 0.690 0.837 0.897 0.993 1.017 1.042 0.966 0.871 0.741 0.741 -0.877
7.25 630.96 -1.429 -1.310 -1.167 -1.067 -0.948 -0.839 -0.759 -0.669 -0.555 -0.377 -0.225 -0.011 0.131 0.350 0.527 0.601 0.716 0.753 0.789 0.713 0.624 0.499 0.499 -1.288
7.25 794.33 -1.927 -1.814 -1.676 -1.579 -1.464 -1.361 -1.283 -1.198 -1.090 -0.912 -0.743 -0.484 -0.311 -0.041 0.178 0.270 0.412 0.468 0.518 0.442 0.357 0.237 0.237 -1.769
7.25 1000.00 -2.544 -2.436 -2.302 -2.209 -2.098 -2.001 -1.926 -1.845 -1.743 -1.561 -1.368 -1.049 -0.834 -0.497 -0.222 -0.103 0.074 0.156 0.224 0.148 0.068 -0.047 -0.047 -2.340
7.50 1.00 1.203 1.414 1.617 1.779 1.956 2.149 2.270 2.415 2.614 2.959 3.165 3.342 3.502 3.687 3.873 3.990 4.104 4.079 3.973 3.884 3.752 3.663 3.663 2.386
7.50 1.26 1.200 1.410 1.613 1.775 1.951 2.144 2.265 2.410 2.608 2.953 3.159 3.334 3.494 3.679 3.864 3.980 4.094 4.069 3.963 3.875 3.742 3.653 3.653 2.377
7.50 1.58 1.196 1.406 1.608 1.770 1.946 2.138 2.259 2.403 2.601 2.945 3.150 3.325 3.484 3.668 3.852 3.967 4.081 4.056 3.950 3.862 3.730 3.641 3.641 2.366
7.50 2.00 1.191 1.400 1.603 1.763 1.940 2.131 2.252 2.396 2.593 2.936 3.140 3.314 3.471 3.654 3.837 3.952 4.064 4.040 3.935 3.847 3.715 3.625 3.625 2.353
7.50 2.51 1.184 1.393 1.595 1.756 1.931 2.122 2.243 2.386 2.583 2.924 3.127 3.300 3.456 3.638 3.819 3.933 4.044 4.021 3.917 3.829 3.697 3.606 3.606 2.336
7.50 3.16 1.177 1.385 1.586 1.746 1.921 2.112 2.232 2.374 2.570 2.910 3.111 3.282 3.437 3.617 3.797 3.909 4.020 3.997 3.894 3.806 3.675 3.583 3.583 2.316
7.50 3.98 1.168 1.375 1.576 1.735 1.909 2.098 2.218 2.360 2.555 2.892 3.091 3.261 3.414 3.593 3.770 3.881 3.990 3.967 3.866 3.779 3.647 3.555 3.555 2.291
7.50 5.01 1.156 1.362 1.562 1.720 1.894 2.082 2.201 2.343 2.537 2.870 3.068 3.236 3.387 3.563 3.738 3.846 3.955 3.932 3.833 3.746 3.615 3.520 3.520 2.261
7.50 6.31 1.142 1.347 1.546 1.703 1.876 2.063 2.181 2.322 2.514 2.844 3.040 3.205 3.354 3.527 3.699 3.805 3.912 3.890 3.793 3.706 3.576 3.479 3.479 2.225
7.50 7.94 1.126 1.329 1.527 1.683 1.855 2.040 2.157 2.296 2.487 2.813 3.006 3.169 3.314 3.484 3.652 3.756 3.860 3.840 3.747 3.660 3.529 3.431 3.431 2.182
7.50 10.00 1.106 1.307 1.504 1.658 1.829 2.012 2.128 2.266 2.455 2.777 2.966 3.125 3.268 3.433 3.597 3.699 3.800 3.782 3.692 3.605 3.475 3.374 3.374 2.131
7.50 12.59 1.082 1.281 1.476 1.630 1.798 1.979 2.095 2.231 2.417 2.733 2.919 3.075 3.213 3.375 3.534 3.632 3.730 3.714 3.629 3.543 3.413 3.308 3.308 2.071
7.50 15.85 1.055 1.251 1.444 1.596 1.763 1.941 2.055 2.189 2.373 2.683 2.864 3.016 3.150 3.307 3.460 3.555 3.650 3.637 3.556 3.471 3.341 3.232 3.232 2.003
7.50 19.95 1.022 1.215 1.406 1.556 1.721 1.896 2.009 2.141 2.322 2.625 2.802 2.949 3.078 3.229 3.377 3.467 3.559 3.549 3.475 3.390 3.260 3.146 3.146 1.924
7.50 25.12 0.984 1.174 1.363 1.510 1.673 1.845 1.956 2.086 2.264 2.559 2.730 2.873 2.996 3.142 3.283 3.369 3.457 3.450 3.383 3.299 3.170 3.049 3.049 1.835
7.50 31.62 0.940 1.126 1.313 1.458 1.618 1.786 1.895 2.023 2.197 2.484 2.650 2.787 2.905 3.045 3.179 3.260 3.344 3.340 3.281 3.198 3.069 2.943 2.943 1.736
7.50 39.81 0.889 1.071 1.255 1.397 1.555 1.719 1.826 1.952 2.122 2.399 2.559 2.691 2.804 2.937 3.065 3.140 3.220 3.220 3.168 3.086 2.958 2.825 2.825 1.625
7.50 50.12 0.829 1.007 1.189 1.328 1.483 1.643 1.748 1.870 2.036 2.304 2.458 2.585 2.692 2.819 2.940 3.010 3.085 3.088 3.044 2.963 2.836 2.698 2.698 1.503
7.50 63.10 0.761 0.934 1.112 1.249 1.401 1.556 1.659 1.779 1.940 2.197 2.345 2.468 2.569 2.691 2.804 2.869 2.941 2.945 2.909 2.829 2.703 2.561 2.561 1.369
7.50 79.43 0.681 0.850 1.025 1.158 1.307 1.458 1.558 1.674 1.831 2.078 2.219 2.338 2.434 2.552 2.659 2.718 2.786 2.792 2.763 2.684 2.560 2.414 2.414 1.222
7.50 100.00 0.588 0.752 0.924 1.054 1.199 1.345 1.443 1.556 1.707 1.943 2.080 2.196 2.287 2.401 2.503 2.557 2.623 2.629 2.606 2.527 2.405 2.259 2.259 1.062
7.50 125.89 0.479 0.638 0.806 0.933 1.075 1.215 1.311 1.420 1.566 1.792 1.923 2.038 2.126 2.238 2.336 2.386 2.449 2.455 2.438 2.360 2.241 2.094 2.094 0.886
7.50 158.49 0.351 0.504 0.669 0.792 0.930 1.065 1.158 1.264 1.405 1.620 1.747 1.863 1.948 2.060 2.157 2.204 2.266 2.272 2.260 2.183 2.067 1.921 1.921 0.693
7.50 199.53 0.198 0.345 0.506 0.626 0.761 0.891 0.980 1.083 1.218 1.423 1.548 1.667 1.752 1.867 1.964 2.010 2.073 2.078 2.072 1.996 1.884 1.739 1.739 0.479
7.50 251.19 0.014 0.156 0.314 0.430 0.561 0.685 0.772 0.871 1.001 1.196 1.320 1.445 1.533 1.656 1.757 1.802 1.868 1.874 1.875 1.798 1.690 1.549 1.549 0.240
7.50 316.23 -0.207 -0.070 0.083 0.195 0.323 0.441 0.526 0.621 0.745 0.932 1.056 1.193 1.287 1.422 1.531 1.578 1.650 1.659 1.666 1.590 1.486 1.348 1.348 -0.028
7.50 398.11 -0.475 -0.345 -0.195 -0.087 0.037 0.150 0.231 0.323 0.441 0.621 0.749 0.903 1.006 1.160 1.284 1.336 1.416 1.431 1.446 1.369 1.270 1.137 1.137 -0.334
7.50 501.19 -0.803 -0.678 -0.532 -0.428 -0.308 -0.201 -0.122 -0.035 0.078 0.252 0.388 0.566 0.685 0.865 1.010 1.070 1.165 1.188 1.212 1.136 1.042 0.912 0.912 -0.685
7.50 630.96 -1.206 -1.086 -0.944 -0.844 -0.728 -0.626 -0.551 -0.467 -0.360 -0.189 -0.042 0.170 0.311 0.529 0.704 0.777 0.891 0.928 0.963 0.887 0.797 0.672 0.672 -1.092
7.50 794.33 -1.702 -1.588 -1.450 -1.353 -1.241 -1.146 -1.073 -0.994 -0.892 -0.722 -0.557 -0.300 -0.128 0.140 0.357 0.449 0.590 0.645 0.695 0.619 0.534 0.414 0.414 -1.571
7.50 1000.00 -2.315 -2.208 -2.073 -1.981 -1.873 -1.783 -1.713 -1.638 -1.542 -1.368 -1.179 -0.862 -0.649 -0.314 -0.040 0.078 0.254 0.336 0.404 0.328 0.248 0.132 0.132 -2.138
7.75 1.00 1.269 1.477 1.679 1.839 2.012 2.195 2.311 2.449 2.639 2.972 3.170 3.339 3.493 3.672 3.850 3.962 4.072 4.045 3.939 3.851 3.720 3.631 3.631 2.377
7.75 1.26 1.266 1.474 1.675 1.835 2.008 2.191 2.307 2.444 2.634 2.966 3.164 3.333 3.486 3.664 3.842 3.953 4.063 4.036 3.930 3.842 3.711 3.622 3.622 2.369
7.75 1.58 1.262 1.470 1.671 1.831 2.003 2.186 2.301 2.439 2.628 2.959 3.156 3.324 3.477 3.654 3.831 3.942 4.051 4.024 3.919 3.831 3.701 3.611 3.611 2.359
7.75 2.00 1.258 1.465 1.666 1.825 1.997 2.180 2.295 2.432 2.621 2.951 3.147 3.314 3.466 3.642 3.818 3.928 4.036 4.010 3.906 3.818 3.687 3.597 3.597 2.347
7.75 2.51 1.252 1.459 1.659 1.818 1.990 2.172 2.287 2.423 2.612 2.940 3.135 3.301 3.452 3.627 3.801 3.910 4.018 3.992 3.889 3.801 3.671 3.580 3.580 2.332
7.75 3.16 1.246 1.451 1.651 1.810 1.981 2.162 2.276 2.412 2.600 2.927 3.121 3.286 3.435 3.608 3.781 3.889 3.996 3.970 3.868 3.781 3.650 3.559 3.559 2.313
7.75 3.98 1.237 1.442 1.642 1.799 1.970 2.150 2.264 2.399 2.586 2.911 3.103 3.267 3.414 3.586 3.757 3.863 3.969 3.944 3.843 3.756 3.626 3.533 3.533 2.291
7.75 5.01 1.227 1.431 1.630 1.786 1.957 2.135 2.249 2.384 2.569 2.891 3.082 3.243 3.389 3.559 3.727 3.832 3.937 3.912 3.813 3.726 3.596 3.502 3.502 2.263
7.75 6.31 1.214 1.417 1.615 1.771 1.940 2.118 2.231 2.364 2.549 2.868 3.056 3.215 3.359 3.526 3.692 3.794 3.897 3.873 3.777 3.690 3.560 3.464 3.464 2.230
7.75 7.94 1.199 1.400 1.597 1.752 1.920 2.096 2.208 2.341 2.524 2.839 3.025 3.182 3.322 3.486 3.649 3.750 3.850 3.828 3.734 3.647 3.518 3.420 3.420 2.191
7.75 10.00 1.181 1.380 1.576 1.730 1.897 2.071 2.182 2.314 2.495 2.805 2.988 3.142 3.279 3.440 3.598 3.696 3.795 3.774 3.684 3.597 3.468 3.367 3.367 2.144
7.75 12.59 1.160 1.357 1.551 1.703 1.869 2.041 2.151 2.281 2.460 2.765 2.944 3.095 3.229 3.385 3.539 3.634 3.730 3.711 3.625 3.539 3.410 3.306 3.306 2.089
7.75 15.85 1.134 1.328 1.521 1.671 1.835 2.005 2.114 2.242 2.419 2.718 2.893 3.040 3.170 3.322 3.471 3.562 3.655 3.639 3.558 3.472 3.343 3.235 3.235 2.025
7.75 19.95 1.103 1.295 1.486 1.635 1.797 1.963 2.071 2.197 2.371 2.664 2.835 2.977 3.102 3.249 3.393 3.480 3.570 3.556 3.481 3.396 3.268 3.155 3.155 1.951
7.75 25.12 1.068 1.256 1.445 1.591 1.751 1.915 2.021 2.145 2.316 2.601 2.767 2.905 3.025 3.167 3.304 3.387 3.473 3.463 3.394 3.310 3.182 3.064 3.064 1.867
7.75 31.62 1.026 1.211 1.397 1.542 1.699 1.859 1.963 2.086 2.253 2.530 2.690 2.824 2.939 3.075 3.206 3.284 3.366 3.359 3.297 3.214 3.086 2.962 2.962 1.772
7.75 39.81 0.977 1.159 1.342 1.484 1.639 1.795 1.898 2.017 2.180 2.449 2.604 2.732 2.842 2.972 3.096 3.169 3.247 3.244 3.190 3.108 2.981 2.851 2.851 1.667
7.75 50.12 0.921 1.098 1.279 1.418 1.570 1.722 1.822 1.939 2.098 2.357 2.506 2.630 2.734 2.859 2.976 3.044 3.118 3.118 3.072 2.990 2.864 2.729 2.729 1.549
7.75 63.10 0.855 1.028 1.206 1.342 1.491 1.639 1.737 1.851 2.005 2.254 2.397 2.517 2.615 2.735 2.846 2.909 2.979 2.981 2.942 2.862 2.737 2.597 2.597 1.420
7.75 79.43 0.778 0.946 1.121 1.254 1.400 1.543 1.639 1.749 1.899 2.138 2.276 2.392 2.485 2.600 2.705 2.763 2.830 2.833 2.801 2.722 2.598 2.455 2.455 1.278
7.75 100.00 0.688 0.851 1.023 1.152 1.295 1.433 1.527 1.634 1.779 2.007 2.140 2.253 2.342 2.453 2.553 2.607 2.670 2.674 2.650 2.571 2.450 2.304 2.304 1.122
7.75 125.89 0.582 0.740 0.908 1.034 1.174 1.307 1.397 1.501 1.641 1.859 1.987 2.099 2.184 2.294 2.390 2.440 2.501 2.505 2.487 2.409 2.290 2.144 2.144 0.950
7.75 158.49 0.456 0.608 0.773 0.896 1.032 1.160 1.248 1.348 1.483 1.691 1.814 1.927 2.010 2.121 2.215 2.261 2.322 2.326 2.314 2.236 2.121 1.976 1.976 0.760
7.75 199.53 0.305 0.453 0.614 0.733 0.865 0.988 1.073 1.170 1.299 1.497 1.618 1.734 1.817 1.931 2.026 2.071 2.133 2.137 2.130 2.053 1.941 1.798 1.798 0.550
7.75 251.19 0.124 0.266 0.424 0.539 0.668 0.785 0.867 0.961 1.085 1.273 1.393 1.516 1.602 1.723 1.822 1.866 1.931 1.937 1.936 1.859 1.752 1.611 1.611 0.315
7.75 316.23 -0.094 0.042 0.196 0.308 0.433 0.544 0.624 0.713 0.832 1.012 1.132 1.267 1.358 1.492 1.600 1.646 1.717 1.725 1.731 1.655 1.551 1.414 1.414 0.050
7.75 398.11 -0.360 -0.229 -0.080 0.028 0.150 0.255 0.332 0.418 0.531 0.704 0.828 0.980 1.081 1.234 1.356 1.407 1.487 1.501 1.515 1.438 1.339 1.205 1.205 -0.252
7.75 501.19 -0.685 -0.560 -0.414 -0.310 -0.193 -0.093 -0.019 0.063 0.170 0.338 0.469 0.645 0.762 0.942 1.085 1.144 1.238 1.261 1.285 1.208 1.114 0.984 0.984 -0.600
7.75 630.96 -1.085 -0.966 -0.824 -0.724 -0.610 -0.516 -0.445 -0.367 -0.266 -0.101 0.042 0.252 0.391 0.608 0.782 0.854 0.967 1.004 1.038 0.962 0.872 0.747 0.747 -1.004
7.75 794.33 -1.579 -1.465 -1.327 -1.231 -1.121 -1.033 -0.964 -0.890 -0.795 -0.631 -0.470 -0.215 -0.045 0.222 0.438 0.529 0.669 0.724 0.773 0.697 0.612 0.491 0.491 -1.480
7.75 1000.00 -2.190 -2.082 -1.948 -1.856 -1.750 -1.667 -1.602 -1.532 -1.442 -1.275 -1.089 -0.775 -0.563 -0.229 0.044 0.161 0.337 0.418 0.485 0.409 0.328 0.213 0.213 -2.044
8.00 1.00 1.331 1.537 1.737 1.895 2.065 2.240 2.350 2.481 2.664 2.985 3.175 3.337 3.485 3.657 3.828 3.935 4.041 4.011 3.907 3.819 3.689 3.600 3.600 2.368
8.00 1.26 1.329 1.534 1.734 1.892 2.061 2.236 2.346 2.477 2.660 2.980 3.169 3.331 3.478 3.649 3.820 3.927 4.033 4.003 3.899 3.811 3.681 3.592 3.592 2.361
8.00 1.58 1.326 1.531 1.730 1.888 2.057 2.231 2.341 2.472 2.654 2.973 3.162 3.324 3.470 3.641 3.811 3.917 4.022 3.993 3.889 3.801 3.671 3.582 3.582 2.352
8.00 2.00 1.322 1.526 1.726 1.883 2.052 2.225 2.335 2.466 2.647 2.965 3.154 3.315 3.460 3.630 3.799 3.904 4.009 3.980 3.877 3.789 3.659 3.569 3.569 2.341
8.00 2.51 1.317 1.521 1.720 1.877 2.045 2.218 2.328 2.458 2.639 2.956 3.143 3.303 3.448 3.616 3.784 3.889 3.993 3.964 3.862 3.774 3.645 3.554 3.554 2.327
8.00 3.16 1.311 1.514 1.713 1.869 2.037 2.210 2.319 2.449 2.629 2.944 3.130 3.289 3.433 3.600 3.766 3.869 3.973 3.944 3.843 3.755 3.626 3.535 3.535 2.311
8.00 3.98 1.303 1.506 1.704 1.860 2.027 2.199 2.308 2.437 2.616 2.929 3.114 3.272 3.414 3.579 3.744 3.846 3.948 3.920 3.821 3.733 3.604 3.511 3.511 2.290
8.00 5.01 1.294 1.496 1.693 1.848 2.015 2.186 2.294 2.423 2.601 2.912 3.095 3.251 3.391 3.554 3.717 3.818 3.918 3.891 3.793 3.706 3.577 3.483 3.483 2.265
8.00 6.31 1.283 1.483 1.680 1.834 2.000 2.169 2.277 2.405 2.582 2.890 3.071 3.225 3.363 3.524 3.684 3.783 3.882 3.856 3.760 3.673 3.544 3.449 3.449 2.235
8.00 7.94 1.269 1.468 1.663 1.817 1.982 2.150 2.257 2.384 2.559 2.864 3.043 3.194 3.330 3.488 3.645 3.742 3.839 3.814 3.721 3.634 3.506 3.408 3.408 2.199
8.00 10.00 1.252 1.450 1.644 1.797 1.960 2.126 2.233 2.358 2.532 2.832 3.009 3.157 3.290 3.445 3.598 3.693 3.788 3.765 3.674 3.588 3.460 3.360 3.360 2.155
8.00 12.59 1.232 1.428 1.621 1.772 1.934 2.098 2.204 2.328 2.500 2.795 2.968 3.114 3.243 3.395 3.544 3.635 3.728 3.706 3.620 3.534 3.406 3.303 3.303 2.104
8.00 15.85 1.208 1.402 1.593 1.743 1.903 2.065 2.169 2.292 2.462 2.752 2.921 3.063 3.188 3.336 3.480 3.568 3.658 3.639 3.557 3.472 3.344 3.237 3.237 2.045
8.00 19.95 1.180 1.371 1.560 1.708 1.867 2.026 2.129 2.250 2.417 2.701 2.866 3.004 3.125 3.268 3.407 3.491 3.578 3.562 3.485 3.400 3.273 3.162 3.162 1.976
8.00 25.12 1.147 1.334 1.522 1.668 1.825 1.981 2.082 2.201 2.365 2.641 2.802 2.936 3.053 3.190 3.324 3.404 3.488 3.474 3.404 3.320 3.193 3.076 3.076 1.897
8.00 31.62 1.107 1.292 1.477 1.621 1.775 1.928 2.028 2.144 2.305 2.574 2.729 2.859 2.970 3.103 3.230 3.306 3.386 3.375 3.313 3.229 3.102 2.981 2.981 1.807
8.00 39.81 1.061 1.242 1.425 1.566 1.718 1.867 1.965 2.079 2.236 2.496 2.647 2.771 2.878 3.005 3.126 3.197 3.273 3.266 3.211 3.128 3.002 2.874 2.874 1.706
8.00 50.12 1.007 1.184 1.364 1.503 1.652 1.797 1.893 2.005 2.158 2.409 2.553 2.674 2.775 2.897 3.011 3.077 3.150 3.145 3.098 3.016 2.891 2.758 2.758 1.594
8.00 63.10 0.944 1.116 1.294 1.429 1.576 1.717 1.810 1.919 2.068 2.309 2.448 2.564 2.660 2.777 2.885 2.947 3.016 3.014 2.974 2.893 2.769 2.631 2.631 1.469
8.00 79.43 0.870 1.037 1.212 1.344 1.488 1.624 1.716 1.821 1.965 2.197 2.330 2.443 2.534 2.647 2.749 2.806 2.871 2.871 2.838 2.758 2.636 2.495 2.495 1.331
8.00 100.00 0.782 0.945 1.116 1.246 1.386 1.517 1.606 1.709 1.848 2.069 2.198 2.308 2.395 2.504 2.602 2.654 2.717 2.718 2.692 2.613 2.492 2.349 2.349 1.180
8.00 125.89 0.679 0.836 1.004 1.130 1.267 1.394 1.480 1.579 1.714 1.924 2.048 2.157 2.241 2.349 2.443 2.491 2.552 2.554 2.534 2.456 2.338 2.193 2.193 1.012
8.00 158.49 0.555 0.708 0.872 0.995 1.128 1.250 1.333 1.429 1.558 1.759 1.879 1.989 2.071 2.179 2.272 2.317 2.377 2.379 2.366 2.288 2.173 2.029 2.029 0.826
8.00 199.53 0.407 0.554 0.715 0.834 0.965 1.080 1.162 1.254 1.377 1.569 1.686 1.800 1.881 1.993 2.087 2.130 2.192 2.194 2.187 2.109 1.998 1.855 1.855 0.620
8.00 251.19 0.229 0.371 0.528 0.644 0.770 0.881 0.959 1.047 1.166 1.348 1.464 1.585 1.669 1.788 1.886 1.930 1.994 1.998 1.997 1.920 1.812 1.672 1.672 0.388
8.00 316.23 0.013 0.149 0.303 0.415 0.537 0.642 0.718 0.803 0.915 1.089 1.206 1.339 1.429 1.561 1.667 1.713 1.783 1.790 1.796 1.719 1.615 1.478 1.478 0.127
8.00 398.11 -0.250 -0.120 0.030 0.138 0.257 0.356 0.429 0.510 0.617 0.784 0.905 1.055 1.155 1.306 1.426 1.477 1.556 1.569 1.583 1.506 1.407 1.273 1.273 -0.172
8.00 501.19 -0.573 -0.448 -0.302 -0.198 -0.083 0.011 0.081 0.158 0.259 0.421 0.549 0.723 0.839 1.017 1.159 1.217 1.311 1.333 1.356 1.279 1.184 1.055 1.055 -0.517
8.00 630.96 -0.970 -0.851 -0.709 -0.609 -0.497 -0.410 -0.342 -0.269 -0.174 -0.015 0.125 0.333 0.470 0.686 0.858 0.930 1.043 1.078 1.113 1.036 0.946 0.821 0.821 -0.918
8.00 794.33 -1.461 -1.348 -1.210 -1.113 -1.006 -0.924 -0.860 -0.790 -0.700 -0.543 -0.384 -0.132 0.037 0.302 0.518 0.608 0.747 0.802 0.851 0.774 0.689 0.568 0.568 -1.390
8.00 1000.00 -2.070 -1.962 -1.828 -1.736 -1.632 -1.556 -1.495 -1.429 -1.345 -1.184 -1.001 -0.689 -0.478 -0.146 0.126 0.242 0.418 0.498 0.565 0.489 0.408 0.293 0.293 -1.952
