AbrahamsonEtAl2015SSlab as implemented in OpenQuake, distance is rhypo. Log10 hazard values in cgs units
          14 31 23 : nmag, ndist, nperiod
          0.020 0.050 0.075 0.100 0.150 0.200 0.250 0.300 0.400 0.500 0.600 0.750 1.000 1.500 2.000 2.500 3.000 4.000 5.000 6.000 7.500 10.000 PGA PGV
          0.740 0.740 0.740 0.740 0.740 0.740 0.740 0.740 0.740 0.740 0.740 0.740 0.740 0.740 0.740 0.740 0.740 0.740 0.740 0.740 0.740 0.740 0.740 0.740
4.75 1.00 2.647 2.540 2.568 2.602 2.601 2.537 2.443 2.364 2.259 2.124 2.015 1.907 1.770 1.539 1.423 1.246 0.987 0.598 0.332 0.124 -0.132 -0.394 2.647 0.902
4.75 1.26 2.634 2.530 2.559 2.595 2.598 2.538 2.446 2.369 2.267 2.132 2.022 1.913 1.772 1.534 1.410 1.230 0.972 0.583 0.318 0.111 -0.145 -0.406 2.634 0.910
4.75 1.58 2.618 2.518 2.548 2.587 2.595 2.540 2.451 2.376 2.275 2.141 2.031 1.920 1.775 1.526 1.394 1.211 0.953 0.566 0.301 0.095 -0.160 -0.420 2.618 0.920
4.75 2.00 2.599 2.504 2.537 2.579 2.592 2.543 2.458 2.386 2.287 2.153 2.042 1.929 1.778 1.518 1.375 1.188 0.930 0.544 0.281 0.076 -0.178 -0.438 2.599 0.933
4.75 2.51 2.578 2.488 2.524 2.570 2.590 2.548 2.467 2.397 2.300 2.167 2.056 1.940 1.782 1.507 1.352 1.160 0.903 0.519 0.256 0.052 -0.200 -0.458 2.578 0.947
4.75 3.16 2.554 2.471 2.510 2.561 2.588 2.554 2.477 2.411 2.316 2.183 2.071 1.951 1.786 1.495 1.325 1.127 0.872 0.489 0.228 0.025 -0.227 -0.482 2.554 0.964
4.75 3.98 2.526 2.451 2.495 2.551 2.587 2.561 2.489 2.427 2.333 2.200 2.087 1.964 1.789 1.479 1.293 1.089 0.834 0.454 0.194 -0.007 -0.257 -0.510 2.526 0.983
4.75 5.01 2.493 2.429 2.477 2.541 2.586 2.569 2.502 2.442 2.351 2.217 2.102 1.975 1.791 1.460 1.255 1.045 0.791 0.414 0.156 -0.044 -0.292 -0.543 2.493 1.001
4.75 6.31 2.455 2.403 2.457 2.527 2.582 2.575 2.512 2.456 2.365 2.230 2.114 1.983 1.788 1.436 1.212 0.994 0.742 0.368 0.111 -0.086 -0.333 -0.581 2.455 1.015
4.75 7.94 2.410 2.372 2.432 2.510 2.574 2.575 2.517 2.464 2.373 2.237 2.120 1.984 1.778 1.406 1.162 0.937 0.687 0.316 0.061 -0.134 -0.379 -0.623 2.410 1.023
4.75 10.00 2.355 2.333 2.399 2.484 2.557 2.566 2.512 2.461 2.369 2.232 2.114 1.974 1.759 1.367 1.105 0.873 0.625 0.257 0.005 -0.188 -0.430 -0.671 2.355 1.018
4.75 12.59 2.288 2.281 2.355 2.447 2.527 2.543 2.491 2.442 2.349 2.212 2.093 1.950 1.727 1.319 1.041 0.803 0.556 0.193 -0.057 -0.247 -0.487 -0.724 2.288 0.996
4.75 15.85 2.205 2.215 2.295 2.392 2.478 2.499 2.450 2.402 2.309 2.172 2.053 1.909 1.681 1.260 0.968 0.726 0.481 0.122 -0.125 -0.313 -0.549 -0.782 2.205 0.953
4.75 19.95 2.105 2.130 2.215 2.318 2.406 2.432 2.384 2.338 2.247 2.110 1.994 1.849 1.618 1.189 0.887 0.642 0.399 0.044 -0.199 -0.384 -0.618 -0.846 2.105 0.887
4.75 25.12 1.987 2.025 2.114 2.220 2.309 2.340 2.294 2.250 2.161 2.027 1.913 1.770 1.538 1.106 0.797 0.551 0.311 -0.040 -0.280 -0.462 -0.692 -0.916 1.987 0.798
4.75 31.62 1.851 1.899 1.990 2.099 2.188 2.223 2.179 2.139 2.053 1.923 1.814 1.674 1.443 1.012 0.699 0.452 0.215 -0.131 -0.368 -0.546 -0.773 -0.992 1.851 0.687
4.75 39.81 1.699 1.754 1.845 1.957 2.045 2.084 2.043 2.007 1.926 1.801 1.697 1.561 1.334 0.906 0.592 0.346 0.111 -0.229 -0.463 -0.638 -0.861 -1.075 1.699 0.556
4.75 50.12 1.532 1.591 1.682 1.795 1.881 1.926 1.887 1.856 1.781 1.662 1.564 1.432 1.210 0.789 0.476 0.232 -0.000 -0.336 -0.566 -0.737 -0.957 -1.166 1.532 0.407
4.75 63.10 1.354 1.414 1.503 1.616 1.701 1.751 1.717 1.690 1.622 1.508 1.416 1.289 1.072 0.660 0.350 0.108 -0.122 -0.452 -0.678 -0.846 -1.062 -1.265 1.354 0.243
4.75 79.43 1.165 1.225 1.311 1.425 1.508 1.563 1.532 1.511 1.449 1.341 1.255 1.132 0.921 0.519 0.212 -0.027 -0.254 -0.578 -0.801 -0.965 -1.178 -1.376 1.165 0.064
4.75 100.00 0.968 1.026 1.108 1.223 1.304 1.364 1.336 1.320 1.264 1.160 1.079 0.960 0.754 0.363 0.060 -0.176 -0.400 -0.718 -0.937 -1.098 -1.307 -1.499 0.968 -0.130
4.75 125.89 0.764 0.818 0.897 1.012 1.091 1.155 1.129 1.118 1.066 0.965 0.888 0.771 0.571 0.190 -0.108 -0.340 -0.561 -0.874 -1.090 -1.246 -1.452 -1.638 0.764 -0.339
4.75 158.49 0.552 0.603 0.677 0.793 0.868 0.936 0.912 0.904 0.855 0.754 0.680 0.563 0.367 -0.003 -0.296 -0.524 -0.743 -1.050 -1.261 -1.414 -1.615 -1.796 0.552 -0.564
4.75 199.53 0.334 0.381 0.450 0.566 0.638 0.708 0.683 0.678 0.628 0.525 0.451 0.331 0.139 -0.221 -0.508 -0.733 -0.948 -1.249 -1.457 -1.606 -1.803 -1.978 0.334 -0.810
4.75 251.19 0.108 0.150 0.215 0.331 0.398 0.469 0.442 0.437 0.384 0.273 0.198 0.072 -0.119 -0.469 -0.750 -0.971 -1.184 -1.479 -1.683 -1.828 -2.022 -2.190 0.108 -1.078
4.75 316.23 -0.127 -0.089 -0.029 0.087 0.148 0.218 0.185 0.179 0.118 -0.004 -0.085 -0.222 -0.414 -0.754 -1.030 -1.248 -1.457 -1.747 -1.946 -2.087 -2.277 -2.440 -0.127 -1.376
4.75 398.11 -0.371 -0.338 -0.283 -0.167 -0.113 -0.048 -0.089 -0.100 -0.175 -0.315 -0.405 -0.560 -0.754 -1.088 -1.357 -1.571 -1.777 -2.061 -2.257 -2.394 -2.580 -2.737 -0.371 -1.708
4.75 501.19 -0.627 -0.599 -0.549 -0.433 -0.388 -0.331 -0.386 -0.405 -0.501 -0.668 -0.773 -0.951 -1.153 -1.480 -1.744 -1.954 -2.157 -2.435 -2.627 -2.760 -2.942 -3.093 -0.627 -2.085
4.75 630.96 -0.898 -0.875 -0.829 -0.714 -0.679 -0.635 -0.710 -0.741 -0.867 -1.071 -1.198 -1.410 -1.623 -1.947 -2.205 -2.411 -2.611 -2.883 -3.071 -3.200 -3.378 -3.524 -0.898 -2.517
4.75 794.33 -1.187 -1.168 -1.128 -1.013 -0.992 -0.967 -1.068 -1.118 -1.286 -1.540 -1.697 -1.953 -2.185 -2.508 -2.760 -2.962 -3.159 -3.425 -3.609 -3.734 -3.908 -4.048 -1.187 -3.018
4.75 1000.00 -1.498 -1.485 -1.449 -1.334 -1.331 -1.331 -1.468 -1.544 -1.769 -2.089 -2.288 -2.604 -2.860 -3.186 -3.432 -3.630 -3.825 -4.085 -4.265 -4.386 -4.556 -4.689 -1.498 -3.606
5.00 1.00 2.672 2.558 2.580 2.610 2.603 2.540 2.448 2.373 2.278 2.153 2.054 1.961 1.845 1.654 1.567 1.409 1.160 0.789 0.529 0.323 0.068 -0.192 2.672 0.933
5.00 1.26 2.659 2.547 2.570 2.603 2.599 2.540 2.450 2.377 2.283 2.160 2.061 1.966 1.847 1.648 1.555 1.394 1.146 0.776 0.517 0.311 0.057 -0.202 2.659 0.940
5.00 1.58 2.644 2.535 2.560 2.595 2.595 2.541 2.453 2.382 2.291 2.168 2.068 1.972 1.849 1.641 1.541 1.377 1.129 0.760 0.501 0.297 0.043 -0.215 2.644 0.948
5.00 2.00 2.626 2.521 2.548 2.586 2.592 2.542 2.458 2.390 2.300 2.178 2.078 1.980 1.852 1.634 1.523 1.356 1.109 0.740 0.483 0.279 0.027 -0.231 2.626 0.959
5.00 2.51 2.606 2.506 2.535 2.576 2.588 2.545 2.465 2.400 2.312 2.190 2.091 1.990 1.856 1.624 1.502 1.331 1.085 0.717 0.461 0.258 0.007 -0.249 2.606 0.973
5.00 3.16 2.583 2.488 2.521 2.567 2.586 2.550 2.474 2.412 2.327 2.205 2.105 2.002 1.860 1.613 1.478 1.301 1.055 0.690 0.435 0.233 -0.017 -0.271 2.583 0.989
5.00 3.98 2.556 2.469 2.505 2.556 2.584 2.556 2.486 2.427 2.344 2.223 2.121 2.015 1.865 1.600 1.448 1.265 1.021 0.658 0.404 0.204 -0.045 -0.297 2.556 1.007
5.00 5.01 2.526 2.448 2.489 2.546 2.582 2.564 2.499 2.444 2.363 2.241 2.139 2.028 1.868 1.583 1.414 1.225 0.982 0.621 0.369 0.170 -0.077 -0.327 2.526 1.027
5.00 6.31 2.492 2.425 2.471 2.534 2.581 2.572 2.512 2.461 2.381 2.259 2.155 2.040 1.870 1.563 1.375 1.178 0.936 0.578 0.328 0.131 -0.115 -0.362 2.492 1.046
5.00 7.94 2.452 2.398 2.449 2.520 2.577 2.577 2.523 2.475 2.396 2.273 2.167 2.047 1.866 1.538 1.329 1.124 0.884 0.529 0.281 0.086 -0.157 -0.401 2.452 1.061
5.00 10.00 2.404 2.364 2.423 2.501 2.568 2.577 2.527 2.482 2.403 2.278 2.172 2.047 1.855 1.505 1.276 1.064 0.826 0.475 0.228 0.036 -0.205 -0.446 2.404 1.067
5.00 12.59 2.346 2.322 2.387 2.473 2.548 2.566 2.519 2.476 2.397 2.271 2.163 2.035 1.834 1.464 1.216 0.998 0.761 0.413 0.170 -0.020 -0.259 -0.495 2.346 1.059
5.00 15.85 2.275 2.268 2.339 2.433 2.514 2.539 2.495 2.453 2.373 2.247 2.139 2.007 1.798 1.412 1.149 0.924 0.690 0.346 0.105 -0.082 -0.318 -0.550 2.275 1.033
5.00 19.95 2.188 2.197 2.275 2.374 2.460 2.491 2.448 2.408 2.328 2.202 2.094 1.961 1.747 1.349 1.073 0.844 0.612 0.272 0.034 -0.150 -0.383 -0.611 2.188 0.985
5.00 25.12 2.083 2.108 2.190 2.294 2.383 2.418 2.377 2.339 2.259 2.135 2.029 1.896 1.679 1.274 0.988 0.756 0.527 0.192 -0.043 -0.224 -0.455 -0.678 2.083 0.913
5.00 31.62 1.961 1.997 2.083 2.191 2.280 2.320 2.280 2.245 2.167 2.045 1.943 1.812 1.594 1.187 0.894 0.662 0.434 0.104 -0.127 -0.306 -0.532 -0.751 1.961 0.818
5.00 39.81 1.820 1.866 1.954 2.064 2.154 2.197 2.159 2.128 2.054 1.935 1.837 1.709 1.493 1.087 0.792 0.559 0.334 0.009 -0.219 -0.394 -0.617 -0.831 1.820 0.700
5.00 50.12 1.664 1.716 1.804 1.917 2.005 2.052 2.017 1.990 1.921 1.807 1.714 1.589 1.377 0.976 0.679 0.448 0.225 -0.094 -0.319 -0.490 -0.710 -0.919 1.664 0.562
5.00 63.10 1.494 1.550 1.637 1.750 1.837 1.889 1.857 1.834 1.770 1.662 1.574 1.453 1.246 0.851 0.557 0.327 0.107 -0.207 -0.428 -0.596 -0.813 -1.015 1.494 0.407
5.00 79.43 1.313 1.370 1.454 1.569 1.653 1.710 1.681 1.663 1.605 1.501 1.419 1.302 1.100 0.714 0.422 0.195 -0.022 -0.331 -0.549 -0.713 -0.926 -1.123 1.313 0.235
5.00 100.00 1.122 1.178 1.260 1.374 1.457 1.518 1.492 1.479 1.426 1.326 1.248 1.134 0.937 0.562 0.273 0.049 -0.165 -0.468 -0.682 -0.842 -1.051 -1.243 1.122 0.048
5.00 125.89 0.922 0.976 1.054 1.169 1.249 1.315 1.291 1.282 1.233 1.135 1.062 0.950 0.758 0.392 0.108 -0.113 -0.324 -0.621 -0.831 -0.988 -1.193 -1.379 0.922 -0.156
5.00 158.49 0.715 0.766 0.840 0.955 1.032 1.101 1.078 1.072 1.026 0.928 0.857 0.745 0.557 0.203 -0.076 -0.294 -0.502 -0.794 -1.000 -1.153 -1.355 -1.535 0.715 -0.378
5.00 199.53 0.500 0.547 0.617 0.732 0.805 0.877 0.854 0.850 0.803 0.703 0.632 0.517 0.333 -0.012 -0.286 -0.499 -0.705 -0.991 -1.193 -1.342 -1.540 -1.715 0.500 -0.619
5.00 251.19 0.278 0.320 0.386 0.501 0.570 0.642 0.616 0.612 0.562 0.455 0.383 0.261 0.078 -0.257 -0.525 -0.735 -0.938 -1.218 -1.417 -1.562 -1.755 -1.924 0.278 -0.884
5.00 316.23 0.046 0.085 0.145 0.261 0.323 0.394 0.362 0.358 0.299 0.180 0.102 -0.030 -0.214 -0.540 -0.803 -1.009 -1.208 -1.483 -1.678 -1.819 -2.008 -2.171 0.046 -1.178
5.00 398.11 -0.195 -0.161 -0.106 0.010 0.065 0.132 0.091 0.082 0.010 -0.128 -0.215 -0.365 -0.552 -0.871 -1.127 -1.330 -1.526 -1.795 -1.986 -2.123 -2.309 -2.466 -0.195 -1.508
5.00 501.19 -0.448 -0.420 -0.369 -0.253 -0.207 -0.149 -0.203 -0.220 -0.313 -0.477 -0.580 -0.753 -0.948 -1.261 -1.511 -1.710 -1.904 -2.166 -2.353 -2.486 -2.668 -2.819 -0.448 -1.882
5.00 630.96 -0.716 -0.693 -0.647 -0.531 -0.496 -0.450 -0.524 -0.554 -0.677 -0.878 -1.003 -1.209 -1.416 -1.725 -1.970 -2.164 -2.355 -2.612 -2.795 -2.924 -3.102 -3.247 -0.716 -2.311
5.00 794.33 -1.002 -0.984 -0.943 -0.827 -0.806 -0.779 -0.879 -0.928 -1.093 -1.344 -1.499 -1.751 -1.974 -2.283 -2.522 -2.712 -2.900 -3.151 -3.330 -3.455 -3.629 -3.769 -1.002 -2.809
5.00 1000.00 -1.311 -1.297 -1.261 -1.145 -1.142 -1.141 -1.277 -1.351 -1.573 -1.891 -2.087 -2.399 -2.647 -2.959 -3.192 -3.378 -3.563 -3.808 -3.983 -4.104 -4.274 -4.408 -1.311 -3.394
5.25 1.00 2.698 2.576 2.593 2.620 2.607 2.545 2.454 2.383 2.297 2.183 2.095 2.016 1.921 1.767 1.709 1.569 1.331 0.976 0.722 0.518 0.265 0.007 2.698 0.965
5.25 1.26 2.686 2.566 2.584 2.612 2.603 2.543 2.455 2.386 2.302 2.188 2.100 2.020 1.922 1.761 1.698 1.556 1.318 0.964 0.711 0.507 0.255 -0.003 2.686 0.971
5.25 1.58 2.671 2.554 2.573 2.604 2.598 2.543 2.457 2.390 2.307 2.195 2.106 2.025 1.924 1.755 1.685 1.540 1.303 0.950 0.698 0.494 0.242 -0.014 2.671 0.978
5.25 2.00 2.654 2.540 2.561 2.594 2.593 2.543 2.460 2.396 2.315 2.203 2.115 2.032 1.926 1.748 1.669 1.521 1.284 0.932 0.681 0.479 0.227 -0.028 2.654 0.987
5.25 2.51 2.635 2.525 2.548 2.584 2.588 2.544 2.465 2.404 2.325 2.214 2.125 2.040 1.929 1.740 1.650 1.498 1.262 0.912 0.661 0.460 0.209 -0.044 2.635 0.998
5.25 3.16 2.612 2.508 2.533 2.574 2.584 2.547 2.472 2.414 2.338 2.228 2.139 2.051 1.933 1.729 1.628 1.471 1.236 0.887 0.637 0.437 0.188 -0.064 2.612 1.013
5.25 3.98 2.587 2.489 2.517 2.563 2.581 2.551 2.482 2.427 2.354 2.244 2.154 2.064 1.938 1.718 1.601 1.438 1.204 0.857 0.609 0.410 0.162 -0.088 2.587 1.030
5.25 5.01 2.559 2.468 2.501 2.551 2.579 2.558 2.494 2.443 2.372 2.263 2.172 2.078 1.943 1.703 1.570 1.401 1.168 0.823 0.577 0.379 0.133 -0.115 2.559 1.050
5.25 6.31 2.526 2.445 2.483 2.540 2.577 2.566 2.508 2.461 2.392 2.282 2.191 2.092 1.947 1.686 1.534 1.357 1.126 0.783 0.539 0.343 0.098 -0.147 2.526 1.071
5.25 7.94 2.490 2.420 2.463 2.528 2.576 2.574 2.522 2.479 2.411 2.301 2.208 2.104 1.948 1.664 1.492 1.308 1.077 0.738 0.495 0.301 0.059 -0.184 2.490 1.091
5.25 10.00 2.448 2.392 2.441 2.513 2.571 2.580 2.533 2.493 2.426 2.315 2.220 2.111 1.944 1.637 1.443 1.251 1.023 0.687 0.446 0.254 0.014 -0.225 2.448 1.106
5.25 12.59 2.397 2.356 2.412 2.492 2.561 2.579 2.536 2.499 2.432 2.319 2.223 2.110 1.931 1.602 1.388 1.188 0.962 0.629 0.391 0.202 -0.036 -0.272 2.397 1.111
5.25 15.85 2.336 2.312 2.375 2.462 2.539 2.565 2.526 2.491 2.424 2.309 2.212 2.095 1.907 1.558 1.325 1.119 0.894 0.565 0.330 0.143 -0.092 -0.324 2.336 1.100
5.25 19.95 2.261 2.254 2.323 2.418 2.501 2.534 2.497 2.464 2.396 2.281 2.183 2.063 1.867 1.503 1.254 1.042 0.819 0.495 0.262 0.078 -0.154 -0.382 2.261 1.070
5.25 25.12 2.170 2.179 2.254 2.355 2.442 2.481 2.445 2.414 2.345 2.230 2.133 2.012 1.811 1.436 1.174 0.958 0.738 0.418 0.188 0.007 -0.222 -0.445 2.170 1.016
5.25 31.62 2.061 2.085 2.165 2.270 2.359 2.402 2.368 2.338 2.271 2.157 2.062 1.940 1.738 1.356 1.085 0.867 0.649 0.334 0.107 -0.070 -0.297 -0.515 2.061 0.937
5.25 39.81 1.934 1.969 2.052 2.161 2.251 2.298 2.265 2.238 2.172 2.061 1.969 1.849 1.646 1.263 0.987 0.768 0.552 0.242 0.019 -0.156 -0.379 -0.592 1.934 0.835
5.25 50.12 1.789 1.834 1.918 2.029 2.118 2.170 2.139 2.115 2.052 1.945 1.857 1.740 1.539 1.158 0.879 0.660 0.447 0.142 -0.078 -0.249 -0.469 -0.677 1.789 0.710
5.25 63.10 1.630 1.680 1.764 1.877 1.964 2.020 1.991 1.971 1.913 1.810 1.726 1.612 1.415 1.039 0.759 0.542 0.332 0.032 -0.184 -0.352 -0.568 -0.771 1.630 0.565
5.25 79.43 1.457 1.509 1.593 1.707 1.792 1.852 1.826 1.810 1.757 1.657 1.579 1.468 1.274 0.906 0.628 0.413 0.205 -0.089 -0.302 -0.466 -0.678 -0.875 1.457 0.402
5.25 100.00 1.272 1.326 1.407 1.521 1.605 1.669 1.645 1.633 1.584 1.488 1.414 1.306 1.117 0.757 0.483 0.270 0.065 -0.223 -0.432 -0.592 -0.801 -0.993 1.272 0.221
5.25 125.89 1.079 1.131 1.208 1.324 1.404 1.472 1.450 1.442 1.397 1.303 1.233 1.126 0.942 0.592 0.321 0.111 -0.091 -0.374 -0.579 -0.735 -0.940 -1.126 1.079 0.023
5.25 158.49 0.876 0.926 1.000 1.115 1.193 1.264 1.243 1.238 1.195 1.101 1.033 0.925 0.745 0.405 0.139 -0.067 -0.266 -0.543 -0.745 -0.898 -1.099 -1.279 0.876 -0.193
5.25 199.53 0.666 0.712 0.782 0.897 0.971 1.044 1.022 1.020 0.976 0.879 0.812 0.701 0.524 0.194 -0.067 -0.270 -0.466 -0.738 -0.935 -1.084 -1.282 -1.456 0.666 -0.430
5.25 251.19 0.447 0.489 0.554 0.670 0.740 0.813 0.788 0.786 0.739 0.635 0.565 0.448 0.272 -0.048 -0.304 -0.503 -0.696 -0.962 -1.156 -1.301 -1.494 -1.663 0.447 -0.692
5.25 316.23 0.219 0.257 0.317 0.433 0.497 0.569 0.538 0.535 0.479 0.363 0.288 0.160 -0.017 -0.329 -0.579 -0.774 -0.964 -1.224 -1.414 -1.555 -1.745 -1.908 0.219 -0.983
5.25 398.11 -0.020 0.014 0.070 0.186 0.242 0.310 0.270 0.262 0.193 0.058 -0.027 -0.172 -0.352 -0.656 -0.901 -1.092 -1.280 -1.534 -1.720 -1.857 -2.042 -2.200 -0.020 -1.309
5.25 501.19 -0.270 -0.241 -0.190 -0.074 -0.027 0.032 -0.021 -0.037 -0.127 -0.289 -0.388 -0.557 -0.745 -1.044 -1.282 -1.470 -1.654 -1.902 -2.084 -2.217 -2.399 -2.550 -0.270 -1.680
5.25 630.96 -0.535 -0.511 -0.465 -0.349 -0.313 -0.266 -0.339 -0.368 -0.489 -0.687 -0.808 -1.011 -1.210 -1.505 -1.738 -1.922 -2.103 -2.345 -2.523 -2.653 -2.831 -2.976 -0.535 -2.106
5.25 794.33 -0.819 -0.800 -0.758 -0.642 -0.620 -0.592 -0.691 -0.739 -0.902 -1.150 -1.302 -1.550 -1.766 -2.061 -2.287 -2.467 -2.646 -2.882 -3.056 -3.181 -3.355 -3.495 -0.819 -2.601
5.25 1000.00 -1.125 -1.110 -1.074 -0.958 -0.954 -0.952 -1.087 -1.160 -1.379 -1.694 -1.888 -2.195 -2.436 -2.734 -2.955 -3.131 -3.306 -3.537 -3.707 -3.828 -3.998 -4.131 -1.125 -3.184
5.50 1.00 2.726 2.597 2.609 2.632 2.613 2.551 2.463 2.396 2.319 2.215 2.137 2.071 1.997 1.879 1.849 1.726 1.498 1.159 0.912 0.709 0.458 0.202 2.726 0.999
5.50 1.26 2.714 2.587 2.599 2.624 2.608 2.549 2.463 2.398 2.322 2.219 2.141 2.074 1.997 1.874 1.840 1.715 1.487 1.149 0.902 0.700 0.448 0.193 2.714 1.003
5.50 1.58 2.700 2.575 2.589 2.615 2.603 2.547 2.464 2.400 2.326 2.224 2.146 2.078 1.998 1.868 1.828 1.701 1.473 1.136 0.890 0.688 0.437 0.183 2.700 1.009
5.50 2.00 2.684 2.561 2.576 2.605 2.597 2.546 2.465 2.404 2.332 2.230 2.153 2.084 2.000 1.862 1.813 1.683 1.457 1.120 0.875 0.674 0.424 0.171 2.684 1.016
5.50 2.51 2.665 2.546 2.563 2.594 2.591 2.545 2.468 2.410 2.340 2.239 2.161 2.091 2.002 1.854 1.796 1.663 1.436 1.101 0.857 0.657 0.408 0.156 2.665 1.025
5.50 3.16 2.643 2.528 2.547 2.583 2.585 2.546 2.473 2.417 2.350 2.251 2.173 2.100 2.006 1.844 1.775 1.638 1.412 1.079 0.835 0.636 0.388 0.138 2.643 1.037
5.50 3.98 2.619 2.509 2.531 2.571 2.580 2.548 2.480 2.428 2.364 2.265 2.187 2.112 2.010 1.833 1.751 1.608 1.384 1.052 0.810 0.612 0.365 0.117 2.619 1.053
5.50 5.01 2.591 2.488 2.514 2.558 2.576 2.553 2.490 2.442 2.381 2.283 2.204 2.125 2.015 1.821 1.722 1.573 1.350 1.021 0.780 0.583 0.338 0.092 2.591 1.071
5.50 6.31 2.560 2.466 2.495 2.546 2.574 2.560 2.503 2.459 2.401 2.303 2.223 2.140 2.020 1.805 1.689 1.533 1.311 0.984 0.745 0.550 0.306 0.062 2.560 1.093
5.50 7.94 2.526 2.442 2.477 2.534 2.572 2.568 2.517 2.478 2.422 2.324 2.242 2.155 2.024 1.787 1.650 1.487 1.266 0.942 0.705 0.511 0.270 0.028 2.526 1.115
5.50 10.00 2.488 2.416 2.456 2.521 2.570 2.577 2.532 2.496 2.442 2.343 2.260 2.168 2.025 1.764 1.606 1.434 1.215 0.894 0.659 0.468 0.228 -0.010 2.488 1.136
5.50 12.59 2.443 2.385 2.432 2.505 2.565 2.582 2.543 2.511 2.456 2.356 2.272 2.175 2.020 1.735 1.555 1.375 1.158 0.840 0.607 0.418 0.181 -0.054 2.443 1.150
5.50 15.85 2.390 2.348 2.402 2.483 2.553 2.580 2.544 2.515 2.461 2.359 2.273 2.171 2.005 1.697 1.496 1.309 1.093 0.780 0.549 0.363 0.128 -0.103 2.390 1.153
5.50 19.95 2.326 2.301 2.361 2.450 2.529 2.564 2.532 2.504 2.449 2.346 2.259 2.152 1.977 1.650 1.430 1.236 1.023 0.713 0.485 0.302 0.069 -0.157 2.326 1.139
5.50 25.12 2.247 2.240 2.307 2.403 2.487 2.529 2.499 2.473 2.417 2.313 2.225 2.116 1.933 1.591 1.355 1.156 0.944 0.639 0.414 0.234 0.005 -0.218 2.247 1.104
5.50 31.62 2.152 2.161 2.233 2.335 2.423 2.470 2.441 2.417 2.361 2.257 2.170 2.059 1.872 1.519 1.271 1.068 0.859 0.558 0.337 0.159 -0.067 -0.285 2.152 1.044
5.50 39.81 2.039 2.061 2.139 2.245 2.335 2.386 2.358 2.336 2.280 2.177 2.092 1.981 1.792 1.433 1.177 0.972 0.766 0.470 0.251 0.077 -0.146 -0.358 2.039 0.958
5.50 50.12 1.907 1.941 2.021 2.131 2.221 2.276 2.249 2.230 2.175 2.074 1.992 1.883 1.694 1.334 1.074 0.867 0.663 0.373 0.158 -0.013 -0.233 -0.440 1.907 0.849
5.50 63.10 1.759 1.801 1.882 1.994 2.083 2.141 2.116 2.100 2.049 1.951 1.873 1.765 1.578 1.221 0.958 0.753 0.551 0.266 0.054 -0.113 -0.329 -0.531 1.759 0.716
5.50 79.43 1.596 1.643 1.724 1.837 1.924 1.986 1.963 1.950 1.903 1.808 1.734 1.629 1.445 1.093 0.831 0.627 0.428 0.148 -0.060 -0.224 -0.436 -0.633 1.596 0.563
5.50 100.00 1.419 1.469 1.548 1.663 1.747 1.813 1.792 1.783 1.739 1.647 1.577 1.474 1.293 0.950 0.689 0.487 0.291 0.017 -0.188 -0.348 -0.557 -0.748 1.419 0.391
5.50 125.89 1.232 1.282 1.359 1.474 1.556 1.625 1.605 1.600 1.558 1.468 1.401 1.299 1.123 0.788 0.530 0.331 0.138 -0.131 -0.331 -0.488 -0.693 -0.879 1.232 0.200
5.50 158.49 1.035 1.083 1.157 1.272 1.351 1.424 1.404 1.401 1.362 1.270 1.206 1.103 0.930 0.605 0.352 0.156 -0.035 -0.298 -0.495 -0.647 -0.849 -1.029 1.035 -0.012
5.50 199.53 0.829 0.875 0.944 1.060 1.135 1.209 1.189 1.188 1.148 1.053 0.989 0.882 0.713 0.397 0.148 -0.044 -0.232 -0.490 -0.683 -0.831 -1.029 -1.203 0.829 -0.244
5.50 251.19 0.614 0.656 0.722 0.838 0.908 0.982 0.959 0.959 0.914 0.812 0.746 0.633 0.464 0.157 -0.086 -0.275 -0.459 -0.711 -0.900 -1.045 -1.239 -1.408 0.614 -0.502
5.50 316.23 0.390 0.428 0.489 0.605 0.669 0.742 0.713 0.711 0.658 0.544 0.472 0.348 0.178 -0.120 -0.358 -0.543 -0.725 -0.971 -1.156 -1.297 -1.487 -1.650 0.390 -0.789
5.50 398.11 0.155 0.188 0.244 0.361 0.418 0.486 0.448 0.441 0.374 0.242 0.160 0.019 -0.154 -0.445 -0.677 -0.859 -1.037 -1.277 -1.459 -1.596 -1.782 -1.939 0.155 -1.112
5.50 501.19 -0.093 -0.064 -0.012 0.104 0.152 0.212 0.160 0.145 0.057 -0.101 -0.198 -0.363 -0.544 -0.830 -1.056 -1.233 -1.409 -1.644 -1.821 -1.954 -2.136 -2.287 -0.093 -1.479
5.50 630.96 -0.355 -0.331 -0.284 -0.168 -0.131 -0.084 -0.155 -0.183 -0.301 -0.497 -0.616 -0.814 -1.006 -1.289 -1.509 -1.683 -1.856 -2.084 -2.258 -2.387 -2.565 -2.710 -0.355 -1.903
5.50 794.33 -0.636 -0.616 -0.575 -0.458 -0.436 -0.407 -0.505 -0.551 -0.711 -0.957 -1.107 -1.350 -1.560 -1.842 -2.056 -2.226 -2.396 -2.618 -2.788 -2.913 -3.087 -3.226 -0.636 -2.395
5.50 1000.00 -0.939 -0.925 -0.888 -0.771 -0.766 -0.764 -0.897 -0.969 -1.186 -1.499 -1.690 -1.993 -2.227 -2.512 -2.721 -2.887 -3.054 -3.270 -3.436 -3.557 -3.727 -3.860 -0.939 -2.975
5.75 1.00 2.755 2.619 2.626 2.646 2.622 2.561 2.474 2.411 2.342 2.249 2.180 2.128 2.073 1.991 1.988 1.882 1.663 1.339 1.098 0.897 0.647 0.393 2.755 1.035
5.75 1.26 2.744 2.610 2.617 2.638 2.617 2.558 2.473 2.412 2.344 2.251 2.183 2.130 2.073 1.986 1.979 1.871 1.653 1.330 1.089 0.888 0.638 0.386 2.744 1.038
5.75 1.58 2.731 2.598 2.606 2.629 2.611 2.555 2.473 2.413 2.347 2.255 2.187 2.133 2.074 1.981 1.968 1.858 1.640 1.318 1.078 0.878 0.629 0.377 2.731 1.042
5.75 2.00 2.715 2.584 2.594 2.619 2.604 2.552 2.472 2.415 2.351 2.260 2.192 2.137 2.074 1.974 1.955 1.843 1.625 1.304 1.065 0.865 0.617 0.366 2.715 1.047
5.75 2.51 2.697 2.569 2.580 2.607 2.596 2.549 2.473 2.418 2.357 2.266 2.199 2.143 2.076 1.967 1.940 1.824 1.607 1.287 1.048 0.850 0.602 0.352 2.697 1.054
5.75 3.16 2.675 2.551 2.564 2.594 2.589 2.548 2.475 2.423 2.365 2.275 2.208 2.150 2.078 1.958 1.921 1.801 1.585 1.267 1.029 0.831 0.584 0.336 2.675 1.064
5.75 3.98 2.651 2.532 2.547 2.581 2.582 2.548 2.480 2.431 2.376 2.287 2.220 2.160 2.081 1.948 1.898 1.775 1.559 1.242 1.006 0.809 0.563 0.317 2.651 1.077
5.75 5.01 2.624 2.510 2.528 2.567 2.576 2.550 2.487 2.443 2.390 2.303 2.235 2.172 2.086 1.936 1.872 1.743 1.528 1.214 0.978 0.783 0.538 0.294 2.624 1.093
5.75 6.31 2.595 2.488 2.509 2.554 2.571 2.554 2.498 2.457 2.408 2.321 2.253 2.187 2.091 1.922 1.841 1.706 1.492 1.180 0.946 0.752 0.509 0.267 2.595 1.113
5.75 7.94 2.562 2.464 2.490 2.541 2.568 2.562 2.511 2.475 2.429 2.342 2.273 2.203 2.097 1.906 1.806 1.663 1.451 1.141 0.909 0.717 0.476 0.236 2.562 1.135
5.75 10.00 2.526 2.438 2.470 2.528 2.566 2.571 2.527 2.495 2.451 2.364 2.294 2.218 2.101 1.886 1.765 1.614 1.403 1.096 0.866 0.676 0.437 0.200 2.526 1.159
5.75 12.59 2.485 2.411 2.448 2.514 2.564 2.580 2.542 2.514 2.472 2.384 2.312 2.231 2.101 1.861 1.717 1.558 1.349 1.046 0.818 0.630 0.393 0.159 2.485 1.180
5.75 15.85 2.438 2.379 2.423 2.497 2.558 2.584 2.552 2.528 2.486 2.397 2.323 2.236 2.095 1.830 1.663 1.495 1.289 0.989 0.763 0.578 0.343 0.113 2.438 1.194
5.75 19.95 2.383 2.340 2.391 2.473 2.545 2.580 2.552 2.531 2.488 2.398 2.321 2.230 2.077 1.790 1.602 1.426 1.221 0.925 0.702 0.519 0.288 0.062 2.383 1.195
5.75 25.12 2.316 2.290 2.348 2.438 2.518 2.562 2.536 2.517 2.473 2.381 2.304 2.208 2.045 1.738 1.532 1.349 1.147 0.855 0.635 0.455 0.226 0.005 2.316 1.177
5.75 31.62 2.233 2.225 2.290 2.387 2.472 2.522 2.499 2.481 2.436 2.343 2.265 2.166 1.996 1.675 1.453 1.265 1.065 0.778 0.561 0.383 0.158 -0.059 2.233 1.136
5.75 39.81 2.134 2.142 2.212 2.315 2.404 2.458 2.436 2.420 2.374 2.280 2.203 2.103 1.929 1.597 1.364 1.173 0.975 0.692 0.478 0.305 0.082 -0.130 2.134 1.069
5.75 50.12 2.017 2.038 2.112 2.220 2.310 2.368 2.346 2.332 2.287 2.194 2.119 2.018 1.842 1.506 1.264 1.071 0.876 0.598 0.388 0.217 -0.002 -0.209 2.017 0.976
5.75 63.10 1.881 1.913 1.990 2.101 2.190 2.252 2.231 2.219 2.175 2.084 2.011 1.911 1.735 1.399 1.153 0.960 0.767 0.495 0.288 0.121 -0.095 -0.297 1.881 0.859
5.75 79.43 1.729 1.769 1.846 1.959 2.047 2.112 2.093 2.083 2.041 1.952 1.883 1.784 1.610 1.277 1.030 0.837 0.647 0.380 0.176 0.013 -0.200 -0.396 1.729 0.718
5.75 100.00 1.562 1.606 1.683 1.797 1.883 1.952 1.933 1.927 1.888 1.800 1.734 1.637 1.465 1.138 0.891 0.700 0.513 0.251 0.051 -0.109 -0.317 -0.509 1.562 0.555
5.75 125.89 1.382 1.428 1.504 1.619 1.702 1.774 1.756 1.752 1.715 1.629 1.565 1.468 1.300 0.980 0.736 0.547 0.363 0.107 -0.090 -0.246 -0.451 -0.636 1.382 0.372
5.75 158.49 1.192 1.237 1.310 1.426 1.505 1.580 1.562 1.561 1.525 1.437 1.376 1.278 1.113 0.801 0.560 0.375 0.193 -0.058 -0.250 -0.403 -0.604 -0.784 1.192 0.167
5.75 199.53 0.991 1.035 1.104 1.220 1.296 1.372 1.353 1.354 1.316 1.225 1.163 1.062 0.899 0.596 0.360 0.177 -0.002 -0.246 -0.435 -0.584 -0.781 -0.956 0.991 -0.060
5.75 251.19 0.780 0.821 0.887 1.003 1.074 1.150 1.128 1.129 1.087 0.988 0.925 0.816 0.654 0.360 0.129 -0.050 -0.227 -0.465 -0.650 -0.795 -0.989 -1.157 0.780 -0.313
5.75 316.23 0.560 0.597 0.658 0.774 0.840 0.914 0.886 0.885 0.835 0.724 0.654 0.534 0.371 0.086 -0.141 -0.316 -0.489 -0.722 -0.903 -1.044 -1.234 -1.397 0.560 -0.597
5.75 398.11 0.328 0.361 0.418 0.534 0.592 0.662 0.625 0.619 0.554 0.425 0.346 0.209 0.042 -0.236 -0.457 -0.629 -0.799 -1.026 -1.203 -1.341 -1.526 -1.683 0.328 -0.916
5.75 501.19 0.084 0.113 0.164 0.281 0.330 0.391 0.340 0.326 0.241 0.084 -0.010 -0.171 -0.345 -0.618 -0.833 -1.001 -1.169 -1.390 -1.563 -1.696 -1.878 -2.029 0.084 -1.281
5.75 630.96 -0.176 -0.151 -0.105 0.012 0.050 0.098 0.028 0.001 -0.115 -0.308 -0.425 -0.619 -0.805 -1.075 -1.284 -1.448 -1.613 -1.828 -1.997 -2.126 -2.304 -2.449 -0.176 -1.701
5.75 794.33 -0.454 -0.434 -0.392 -0.275 -0.252 -0.222 -0.319 -0.364 -0.522 -0.766 -0.913 -1.152 -1.356 -1.625 -1.828 -1.988 -2.150 -2.359 -2.525 -2.650 -2.824 -2.963 -0.454 -2.190
5.75 1000.00 -0.754 -0.739 -0.702 -0.586 -0.580 -0.576 -0.709 -0.780 -0.995 -1.305 -1.493 -1.793 -2.021 -2.293 -2.491 -2.647 -2.805 -3.009 -3.170 -3.291 -3.461 -3.595 -0.754 -2.767
6.00 1.00 2.787 2.644 2.646 2.663 2.634 2.573 2.488 2.429 2.368 2.284 2.226 2.187 2.150 2.102 2.125 2.035 1.825 1.516 1.280 1.080 0.832 0.581 2.787 1.073
6.00 1.26 2.776 2.635 2.637 2.655 2.628 2.569 2.486 2.429 2.369 2.286 2.227 2.188 2.150 2.098 2.117 2.025 1.816 1.508 1.272 1.073 0.825 0.574 2.776 1.075
6.00 1.58 2.763 2.623 2.626 2.646 2.621 2.565 2.485 2.428 2.370 2.288 2.230 2.190 2.150 2.093 2.107 2.014 1.805 1.497 1.262 1.064 0.816 0.566 2.763 1.077
6.00 2.00 2.748 2.610 2.614 2.635 2.613 2.561 2.483 2.429 2.373 2.291 2.233 2.192 2.150 2.086 2.095 2.000 1.791 1.485 1.250 1.052 0.805 0.556 2.748 1.081
6.00 2.51 2.730 2.594 2.599 2.623 2.605 2.557 2.482 2.430 2.376 2.296 2.238 2.196 2.150 2.079 2.081 1.983 1.775 1.469 1.236 1.038 0.792 0.544 2.730 1.086
6.00 3.16 2.709 2.576 2.583 2.609 2.596 2.553 2.482 2.433 2.382 2.302 2.245 2.202 2.151 2.070 2.064 1.962 1.755 1.451 1.218 1.021 0.776 0.530 2.709 1.093
6.00 3.98 2.686 2.556 2.565 2.594 2.587 2.550 2.483 2.438 2.390 2.312 2.255 2.210 2.153 2.061 2.043 1.938 1.731 1.429 1.197 1.001 0.757 0.512 2.686 1.103
6.00 5.01 2.659 2.535 2.546 2.579 2.578 2.550 2.487 2.445 2.401 2.324 2.267 2.220 2.157 2.050 2.019 1.909 1.703 1.402 1.172 0.978 0.734 0.491 2.659 1.116
6.00 6.31 2.630 2.511 2.525 2.564 2.571 2.551 2.495 2.457 2.416 2.340 2.283 2.232 2.161 2.037 1.991 1.874 1.670 1.371 1.142 0.949 0.708 0.467 2.630 1.133
6.00 7.94 2.598 2.487 2.505 2.549 2.566 2.556 2.505 2.472 2.435 2.360 2.302 2.248 2.167 2.022 1.958 1.835 1.631 1.335 1.108 0.917 0.677 0.438 2.598 1.154
6.00 10.00 2.563 2.461 2.484 2.535 2.562 2.563 2.520 2.491 2.457 2.382 2.323 2.264 2.172 2.004 1.920 1.789 1.587 1.294 1.068 0.879 0.641 0.405 2.563 1.178
6.00 12.59 2.525 2.434 2.463 2.521 2.560 2.573 2.536 2.512 2.480 2.405 2.344 2.280 2.176 1.983 1.876 1.737 1.536 1.246 1.023 0.836 0.600 0.367 2.525 1.202
6.00 15.85 2.482 2.405 2.440 2.506 2.558 2.582 2.551 2.532 2.501 2.425 2.362 2.293 2.176 1.957 1.826 1.678 1.479 1.193 0.972 0.787 0.553 0.324 2.482 1.224
6.00 19.95 2.433 2.372 2.413 2.488 2.551 2.586 2.561 2.545 2.514 2.437 2.372 2.297 2.167 1.923 1.769 1.612 1.415 1.133 0.914 0.732 0.501 0.276 2.433 1.236
6.00 25.12 2.375 2.331 2.379 2.463 2.536 2.580 2.559 2.546 2.515 2.435 2.368 2.287 2.146 1.879 1.704 1.539 1.344 1.066 0.850 0.671 0.442 0.221 2.375 1.234
6.00 31.62 2.305 2.278 2.334 2.425 2.506 2.558 2.540 2.528 2.496 2.414 2.346 2.261 2.110 1.823 1.629 1.458 1.266 0.992 0.779 0.602 0.377 0.161 2.305 1.212
6.00 39.81 2.219 2.210 2.272 2.370 2.457 2.515 2.497 2.487 2.453 2.370 2.302 2.213 2.055 1.754 1.545 1.369 1.179 0.910 0.700 0.527 0.304 0.093 2.219 1.165
6.00 50.12 2.116 2.122 2.190 2.294 2.383 2.446 2.429 2.420 2.385 2.301 2.233 2.143 1.981 1.671 1.450 1.271 1.084 0.819 0.613 0.442 0.223 0.017 2.116 1.091
6.00 63.10 1.994 2.014 2.086 2.194 2.284 2.349 2.333 2.326 2.291 2.207 2.141 2.049 1.885 1.571 1.344 1.163 0.978 0.718 0.515 0.349 0.133 -0.069 1.994 0.990
6.00 79.43 1.855 1.885 1.959 2.070 2.159 2.227 2.212 2.206 2.172 2.088 2.024 1.933 1.769 1.455 1.224 1.043 0.861 0.606 0.407 0.244 0.031 -0.165 1.855 0.864
6.00 100.00 1.699 1.736 1.810 1.923 2.010 2.082 2.066 2.063 2.030 1.947 1.886 1.795 1.632 1.322 1.090 0.909 0.730 0.481 0.285 0.125 -0.083 -0.274 1.699 0.713
6.00 125.89 1.528 1.569 1.643 1.757 1.841 1.915 1.900 1.900 1.867 1.785 1.725 1.634 1.474 1.169 0.938 0.759 0.582 0.339 0.147 -0.009 -0.214 -0.399 1.528 0.539
6.00 158.49 1.345 1.387 1.459 1.574 1.655 1.731 1.715 1.717 1.685 1.600 1.542 1.449 1.291 0.994 0.765 0.589 0.415 0.178 -0.011 -0.163 -0.364 -0.544 1.345 0.341
6.00 199.53 1.150 1.192 1.260 1.376 1.453 1.530 1.513 1.516 1.482 1.394 1.335 1.238 1.082 0.793 0.568 0.395 0.224 -0.008 -0.193 -0.342 -0.539 -0.713 1.150 0.120
6.00 251.19 0.944 0.984 1.049 1.165 1.237 1.315 1.294 1.297 1.258 1.162 1.101 0.996 0.841 0.560 0.340 0.170 0.002 -0.225 -0.406 -0.550 -0.744 -0.912 0.944 -0.128
6.00 316.23 0.728 0.765 0.826 0.942 1.008 1.083 1.057 1.057 1.009 0.901 0.834 0.718 0.562 0.289 0.073 -0.093 -0.258 -0.479 -0.656 -0.797 -0.986 -1.149 0.728 -0.407
6.00 398.11 0.500 0.533 0.589 0.706 0.765 0.835 0.799 0.795 0.733 0.606 0.529 0.396 0.236 -0.031 -0.241 -0.403 -0.566 -0.780 -0.953 -1.090 -1.276 -1.433 0.500 -0.722
6.00 501.19 0.259 0.288 0.340 0.457 0.506 0.568 0.519 0.506 0.422 0.269 0.177 0.019 -0.148 -0.410 -0.614 -0.773 -0.932 -1.141 -1.310 -1.443 -1.625 -1.776 0.259 -1.083
6.00 630.96 0.003 0.027 0.074 0.191 0.229 0.279 0.209 0.184 0.070 -0.121 -0.235 -0.426 -0.605 -0.863 -1.062 -1.217 -1.374 -1.577 -1.742 -1.871 -2.049 -2.194 0.003 -1.500
6.00 794.33 -0.272 -0.253 -0.210 -0.093 -0.069 -0.039 -0.134 -0.179 -0.335 -0.576 -0.720 -0.956 -1.153 -1.411 -1.604 -1.755 -1.909 -2.106 -2.267 -2.392 -2.566 -2.705 -0.272 -1.987
6.00 1000.00 -0.570 -0.555 -0.518 -0.401 -0.395 -0.390 -0.521 -0.591 -0.804 -1.112 -1.298 -1.594 -1.816 -2.076 -2.264 -2.411 -2.561 -2.753 -2.910 -3.031 -3.201 -3.334 -0.570 -2.560
6.25 1.00 2.820 2.671 2.669 2.682 2.648 2.588 2.506 2.450 2.397 2.323 2.273 2.247 2.229 2.213 2.261 2.185 1.984 1.689 1.459 1.261 1.014 0.765 2.820 1.114
6.25 1.26 2.810 2.662 2.660 2.674 2.642 2.584 2.503 2.449 2.397 2.323 2.274 2.247 2.228 2.209 2.254 2.177 1.976 1.682 1.452 1.254 1.007 0.759 2.810 1.115
6.25 1.58 2.798 2.651 2.649 2.665 2.635 2.579 2.500 2.447 2.397 2.324 2.275 2.248 2.227 2.204 2.245 2.167 1.966 1.673 1.443 1.246 0.999 0.752 2.798 1.116
6.25 2.00 2.783 2.638 2.637 2.654 2.626 2.574 2.497 2.446 2.398 2.326 2.277 2.250 2.226 2.198 2.234 2.154 1.954 1.661 1.432 1.235 0.990 0.743 2.783 1.117
6.25 2.51 2.766 2.622 2.622 2.641 2.617 2.568 2.494 2.445 2.399 2.328 2.280 2.252 2.226 2.191 2.221 2.139 1.939 1.647 1.419 1.223 0.978 0.732 2.766 1.120
6.25 3.16 2.745 2.604 2.605 2.627 2.606 2.562 2.492 2.445 2.402 2.332 2.285 2.256 2.225 2.183 2.205 2.120 1.921 1.631 1.403 1.208 0.964 0.719 2.745 1.125
6.25 3.98 2.722 2.584 2.587 2.611 2.595 2.557 2.490 2.447 2.407 2.339 2.292 2.261 2.226 2.173 2.186 2.098 1.900 1.610 1.384 1.190 0.946 0.704 2.722 1.132
6.25 5.01 2.696 2.562 2.566 2.594 2.585 2.553 2.491 2.452 2.415 2.348 2.301 2.268 2.228 2.162 2.164 2.071 1.874 1.586 1.361 1.168 0.926 0.685 2.696 1.141
6.25 6.31 2.667 2.537 2.545 2.577 2.575 2.551 2.495 2.460 2.426 2.361 2.314 2.279 2.231 2.150 2.137 2.040 1.843 1.558 1.334 1.142 0.902 0.662 2.667 1.155
6.25 7.94 2.635 2.512 2.522 2.560 2.566 2.552 2.502 2.471 2.442 2.377 2.330 2.292 2.236 2.136 2.107 2.003 1.808 1.525 1.302 1.112 0.873 0.636 2.635 1.173
6.25 10.00 2.601 2.485 2.500 2.544 2.560 2.557 2.513 2.487 2.462 2.398 2.350 2.308 2.241 2.120 2.072 1.961 1.767 1.486 1.266 1.077 0.840 0.606 2.601 1.195
6.25 12.59 2.564 2.458 2.477 2.528 2.556 2.565 2.528 2.507 2.485 2.421 2.373 2.325 2.247 2.101 2.031 1.912 1.719 1.442 1.223 1.037 0.802 0.571 2.564 1.220
6.25 15.85 2.524 2.430 2.455 2.514 2.554 2.574 2.544 2.529 2.509 2.445 2.394 2.341 2.250 2.078 1.985 1.857 1.666 1.392 1.175 0.991 0.758 0.530 2.524 1.245
6.25 19.95 2.479 2.400 2.431 2.499 2.551 2.583 2.560 2.548 2.530 2.465 2.412 2.353 2.248 2.049 1.931 1.794 1.605 1.335 1.121 0.939 0.709 0.485 2.479 1.266
6.25 25.12 2.428 2.365 2.403 2.480 2.544 2.587 2.569 2.561 2.542 2.475 2.420 2.355 2.237 2.012 1.871 1.725 1.538 1.271 1.060 0.881 0.653 0.433 2.428 1.277
6.25 31.62 2.368 2.322 2.368 2.452 2.527 2.579 2.565 2.559 2.539 2.470 2.413 2.342 2.213 1.965 1.801 1.647 1.463 1.201 0.992 0.816 0.591 0.375 2.368 1.272
6.25 39.81 2.294 2.266 2.319 2.412 2.494 2.554 2.542 2.538 2.516 2.444 2.386 2.310 2.171 1.904 1.722 1.562 1.379 1.122 0.916 0.743 0.521 0.310 2.294 1.244
6.25 50.12 2.205 2.194 2.254 2.353 2.440 2.506 2.495 2.492 2.468 2.394 2.335 2.255 2.109 1.829 1.632 1.467 1.287 1.034 0.832 0.662 0.443 0.237 2.205 1.191
6.25 63.10 2.098 2.103 2.168 2.273 2.362 2.431 2.420 2.419 2.393 2.318 2.259 2.177 2.026 1.737 1.530 1.362 1.184 0.937 0.738 0.571 0.356 0.155 2.098 1.109
6.25 79.43 1.972 1.990 2.059 2.168 2.257 2.329 2.318 2.318 2.291 2.215 2.157 2.073 1.921 1.628 1.415 1.245 1.070 0.828 0.632 0.469 0.257 0.061 1.972 0.999
6.25 100.00 1.828 1.856 1.927 2.038 2.126 2.201 2.190 2.190 2.164 2.087 2.030 1.946 1.793 1.501 1.284 1.115 0.942 0.705 0.513 0.354 0.145 -0.045 1.828 0.862
6.25 125.89 1.668 1.703 1.773 1.887 1.972 2.049 2.037 2.040 2.013 1.935 1.880 1.793 1.642 1.353 1.136 0.968 0.798 0.566 0.378 0.222 0.018 -0.168 1.668 0.699
6.25 158.49 1.493 1.531 1.601 1.716 1.798 1.876 1.863 1.867 1.839 1.759 1.704 1.616 1.466 1.183 0.967 0.800 0.634 0.408 0.223 0.071 -0.130 -0.310 1.493 0.511
6.25 199.53 1.306 1.345 1.412 1.528 1.606 1.685 1.670 1.674 1.644 1.559 1.504 1.411 1.262 0.986 0.772 0.609 0.445 0.224 0.044 -0.105 -0.302 -0.476 1.306 0.297
6.25 251.19 1.106 1.144 1.208 1.325 1.397 1.476 1.457 1.461 1.425 1.333 1.274 1.174 1.025 0.757 0.547 0.387 0.225 0.011 -0.166 -0.311 -0.504 -0.673 1.106 0.055
6.25 316.23 0.894 0.930 0.991 1.107 1.174 1.251 1.225 1.227 1.182 1.077 1.012 0.900 0.750 0.489 0.284 0.126 -0.032 -0.241 -0.414 -0.555 -0.744 -0.907 0.894 -0.219
6.25 398.11 0.670 0.703 0.759 0.876 0.936 1.007 0.972 0.969 0.910 0.785 0.711 0.582 0.427 0.172 -0.027 -0.181 -0.337 -0.540 -0.709 -0.846 -1.031 -1.188 0.670 -0.531
6.25 501.19 0.433 0.462 0.514 0.631 0.681 0.744 0.695 0.684 0.603 0.451 0.362 0.208 0.046 -0.204 -0.398 -0.548 -0.701 -0.898 -1.063 -1.196 -1.378 -1.529 0.433 -0.888
6.25 630.96 0.180 0.204 0.252 0.369 0.408 0.458 0.390 0.365 0.253 0.065 -0.047 -0.234 -0.408 -0.655 -0.844 -0.990 -1.139 -1.331 -1.492 -1.621 -1.799 -1.944 0.180 -1.302
6.25 794.33 -0.092 -0.072 -0.030 0.087 0.112 0.144 0.049 0.006 -0.148 -0.387 -0.530 -0.762 -0.953 -1.200 -1.383 -1.525 -1.672 -1.857 -2.014 -2.140 -2.314 -2.453 -0.092 -1.785
6.25 1000.00 -0.387 -0.372 -0.334 -0.217 -0.210 -0.204 -0.335 -0.404 -0.615 -0.920 -1.105 -1.397 -1.613 -1.863 -2.040 -2.178 -2.322 -2.501 -2.655 -2.776 -2.946 -3.079 -0.387 -2.356
6.50 1.00 2.856 2.701 2.694 2.705 2.666 2.606 2.526 2.474 2.429 2.363 2.323 2.309 2.308 2.324 2.395 2.334 2.141 1.859 1.634 1.437 1.192 0.946 2.856 1.158
6.50 1.26 2.846 2.692 2.685 2.697 2.659 2.601 2.522 2.472 2.428 2.363 2.323 2.309 2.307 2.320 2.389 2.327 2.134 1.853 1.628 1.431 1.186 0.941 2.846 1.158
6.50 1.58 2.834 2.681 2.675 2.687 2.652 2.596 2.519 2.469 2.427 2.363 2.324 2.309 2.306 2.315 2.380 2.318 2.125 1.844 1.620 1.424 1.179 0.934 2.834 1.157
6.50 2.00 2.820 2.668 2.662 2.676 2.643 2.590 2.514 2.467 2.426 2.363 2.324 2.309 2.304 2.310 2.371 2.306 2.114 1.834 1.610 1.415 1.171 0.926 2.820 1.158
6.50 2.51 2.803 2.653 2.648 2.663 2.632 2.583 2.510 2.464 2.426 2.364 2.326 2.310 2.303 2.303 2.359 2.292 2.101 1.822 1.598 1.404 1.160 0.917 2.803 1.159
6.50 3.16 2.784 2.635 2.631 2.648 2.621 2.576 2.506 2.463 2.426 2.366 2.328 2.312 2.301 2.295 2.344 2.276 2.084 1.806 1.584 1.390 1.147 0.905 2.784 1.161
6.50 3.98 2.761 2.615 2.611 2.631 2.608 2.568 2.502 2.462 2.429 2.370 2.332 2.315 2.301 2.285 2.327 2.255 2.065 1.788 1.567 1.373 1.132 0.891 2.761 1.164
6.50 5.01 2.735 2.592 2.590 2.613 2.595 2.562 2.500 2.463 2.433 2.375 2.339 2.320 2.301 2.274 2.306 2.231 2.041 1.766 1.546 1.354 1.113 0.874 2.735 1.171
6.50 6.31 2.706 2.567 2.567 2.594 2.583 2.556 2.499 2.467 2.440 2.384 2.348 2.327 2.302 2.262 2.282 2.202 2.013 1.740 1.521 1.330 1.091 0.853 2.706 1.180
6.50 7.94 2.674 2.540 2.543 2.575 2.571 2.553 2.502 2.474 2.452 2.397 2.361 2.338 2.305 2.249 2.254 2.168 1.981 1.710 1.492 1.303 1.065 0.829 2.674 1.194
6.50 10.00 2.640 2.512 2.519 2.556 2.561 2.554 2.509 2.486 2.468 2.415 2.378 2.351 2.309 2.233 2.221 2.129 1.942 1.674 1.458 1.270 1.034 0.801 2.640 1.213
6.50 12.59 2.603 2.484 2.494 2.538 2.554 2.558 2.520 2.502 2.488 2.436 2.399 2.368 2.315 2.216 2.183 2.083 1.898 1.633 1.419 1.233 0.999 0.769 2.603 1.236
6.50 15.85 2.564 2.455 2.471 2.522 2.550 2.566 2.536 2.523 2.512 2.460 2.421 2.385 2.320 2.196 2.139 2.031 1.848 1.586 1.374 1.190 0.958 0.731 2.564 1.261
6.50 19.95 2.522 2.426 2.447 2.507 2.548 2.576 2.553 2.545 2.537 2.484 2.443 2.401 2.322 2.171 2.090 1.972 1.791 1.532 1.322 1.141 0.911 0.688 2.522 1.287
6.50 25.12 2.476 2.394 2.422 2.491 2.544 2.585 2.568 2.565 2.558 2.503 2.460 2.411 2.319 2.139 2.033 1.906 1.727 1.472 1.265 1.086 0.859 0.640 2.476 1.307
6.50 31.62 2.423 2.357 2.393 2.471 2.536 2.587 2.576 2.576 2.568 2.511 2.466 2.410 2.304 2.098 1.968 1.832 1.655 1.404 1.200 1.024 0.800 0.585 2.423 1.316
6.50 39.81 2.360 2.312 2.355 2.442 2.517 2.578 2.570 2.572 2.563 2.503 2.455 2.393 2.275 2.046 1.894 1.750 1.575 1.329 1.127 0.955 0.733 0.522 2.360 1.307
6.50 50.12 2.283 2.254 2.305 2.398 2.481 2.549 2.543 2.546 2.534 2.471 2.422 2.355 2.227 1.979 1.809 1.659 1.486 1.244 1.046 0.876 0.658 0.452 2.283 1.273
6.50 63.10 2.191 2.179 2.236 2.336 2.423 2.496 2.490 2.494 2.480 2.414 2.363 2.292 2.157 1.896 1.711 1.557 1.386 1.150 0.955 0.789 0.574 0.373 2.191 1.212
6.50 79.43 2.080 2.083 2.145 2.251 2.339 2.416 2.410 2.414 2.397 2.329 2.278 2.203 2.064 1.795 1.601 1.443 1.275 1.044 0.852 0.690 0.478 0.282 2.080 1.121
6.50 100.00 1.950 1.966 2.031 2.141 2.229 2.308 2.300 2.306 2.287 2.217 2.166 2.089 1.947 1.675 1.474 1.316 1.151 0.924 0.736 0.577 0.369 0.178 1.950 1.001
6.50 125.89 1.802 1.827 1.894 2.007 2.093 2.173 2.164 2.170 2.150 2.077 2.027 1.947 1.805 1.533 1.330 1.172 1.009 0.788 0.604 0.448 0.244 0.059 1.802 0.852
6.50 158.49 1.637 1.669 1.736 1.850 1.933 2.014 2.004 2.011 1.988 1.912 1.861 1.778 1.636 1.368 1.164 1.007 0.848 0.633 0.452 0.300 0.099 -0.081 1.637 0.675
6.50 199.53 1.458 1.492 1.558 1.673 1.752 1.834 1.821 1.828 1.801 1.720 1.668 1.580 1.438 1.175 0.973 0.819 0.662 0.452 0.275 0.127 -0.071 -0.245 1.458 0.469
6.50 251.19 1.265 1.300 1.363 1.479 1.553 1.634 1.616 1.622 1.590 1.500 1.445 1.348 1.206 0.950 0.751 0.599 0.445 0.241 0.068 -0.077 -0.270 -0.438 1.265 0.234
6.50 316.23 1.058 1.093 1.153 1.269 1.337 1.415 1.391 1.394 1.352 1.249 1.188 1.079 0.935 0.685 0.491 0.342 0.190 -0.008 -0.177 -0.318 -0.507 -0.670 1.058 -0.034
6.50 398.11 0.839 0.871 0.927 1.044 1.104 1.177 1.143 1.142 1.084 0.962 0.891 0.765 0.616 0.372 0.182 0.037 -0.112 -0.304 -0.469 -0.606 -0.792 -0.949 0.839 -0.341
6.50 501.19 0.606 0.634 0.686 0.803 0.854 0.918 0.871 0.860 0.781 0.632 0.545 0.394 0.238 -0.001 -0.186 -0.328 -0.473 -0.660 -0.821 -0.954 -1.136 -1.287 0.606 -0.694
6.50 630.96 0.356 0.380 0.428 0.545 0.585 0.636 0.569 0.545 0.435 0.249 0.139 -0.045 -0.213 -0.449 -0.628 -0.767 -0.909 -1.090 -1.247 -1.377 -1.554 -1.699 0.356 -1.104
6.50 794.33 0.087 0.107 0.150 0.267 0.293 0.325 0.231 0.189 0.037 -0.200 -0.340 -0.569 -0.755 -0.991 -1.165 -1.299 -1.439 -1.614 -1.767 -1.893 -2.066 -2.206 0.087 -1.585
6.50 1000.00 -0.205 -0.190 -0.152 -0.034 -0.026 -0.020 -0.150 -0.218 -0.427 -0.730 -0.913 -1.201 -1.412 -1.651 -1.819 -1.950 -2.087 -2.255 -2.405 -2.526 -2.696 -2.830 -0.205 -2.152
6.75 1.00 2.893 2.733 2.721 2.730 2.686 2.628 2.550 2.501 2.464 2.407 2.376 2.373 2.389 2.435 2.528 2.481 2.295 2.026 1.806 1.611 1.367 1.123 2.893 1.205
6.75 1.26 2.884 2.724 2.713 2.722 2.680 2.623 2.546 2.499 2.462 2.406 2.375 2.373 2.388 2.431 2.522 2.474 2.289 2.020 1.800 1.605 1.362 1.118 2.884 1.204
6.75 1.58 2.873 2.714 2.703 2.713 2.672 2.617 2.541 2.495 2.460 2.405 2.375 2.372 2.386 2.427 2.515 2.466 2.281 2.013 1.793 1.599 1.356 1.113 2.873 1.203
6.75 2.00 2.860 2.701 2.691 2.702 2.663 2.610 2.536 2.492 2.458 2.404 2.374 2.371 2.384 2.421 2.506 2.456 2.271 2.003 1.784 1.590 1.348 1.106 2.860 1.201
6.75 2.51 2.844 2.686 2.676 2.688 2.652 2.602 2.530 2.488 2.456 2.403 2.374 2.371 2.381 2.414 2.495 2.443 2.259 1.992 1.774 1.580 1.338 1.097 2.844 1.201
6.75 3.16 2.825 2.669 2.659 2.673 2.639 2.593 2.524 2.484 2.455 2.403 2.375 2.371 2.379 2.406 2.482 2.428 2.244 1.979 1.761 1.568 1.327 1.087 2.825 1.201
6.75 3.98 2.802 2.648 2.640 2.656 2.625 2.584 2.518 2.481 2.454 2.404 2.376 2.372 2.377 2.397 2.466 2.410 2.226 1.962 1.745 1.553 1.313 1.074 2.802 1.202
6.75 5.01 2.777 2.625 2.618 2.636 2.611 2.575 2.513 2.479 2.456 2.407 2.380 2.374 2.375 2.386 2.447 2.387 2.205 1.942 1.726 1.535 1.296 1.058 2.777 1.205
6.75 6.31 2.748 2.599 2.594 2.615 2.595 2.566 2.509 2.478 2.459 2.412 2.385 2.379 2.375 2.374 2.424 2.361 2.180 1.918 1.703 1.514 1.276 1.040 2.748 1.210
6.75 7.94 2.716 2.572 2.568 2.594 2.580 2.559 2.508 2.481 2.466 2.421 2.395 2.386 2.375 2.361 2.398 2.330 2.149 1.890 1.677 1.488 1.252 1.018 2.716 1.220
6.75 10.00 2.681 2.542 2.541 2.572 2.567 2.555 2.510 2.488 2.477 2.434 2.408 2.396 2.378 2.346 2.367 2.293 2.114 1.857 1.645 1.459 1.223 0.992 2.681 1.233
6.75 12.59 2.644 2.512 2.515 2.551 2.556 2.555 2.516 2.500 2.494 2.452 2.425 2.410 2.382 2.329 2.332 2.251 2.073 1.819 1.609 1.424 1.191 0.962 2.644 1.252
6.75 15.85 2.605 2.482 2.489 2.532 2.548 2.559 2.528 2.517 2.515 2.473 2.446 2.426 2.387 2.310 2.291 2.202 2.026 1.775 1.567 1.384 1.153 0.927 2.605 1.276
6.75 19.95 2.564 2.452 2.464 2.515 2.543 2.567 2.543 2.538 2.539 2.498 2.469 2.444 2.391 2.287 2.244 2.147 1.972 1.724 1.519 1.338 1.109 0.887 2.564 1.302
6.75 25.12 2.520 2.421 2.439 2.499 2.541 2.577 2.561 2.561 2.564 2.522 2.491 2.459 2.392 2.260 2.191 2.084 1.911 1.667 1.464 1.286 1.059 0.841 2.520 1.328
6.75 31.62 2.472 2.388 2.413 2.483 2.537 2.586 2.576 2.580 2.584 2.540 2.506 2.467 2.386 2.225 2.131 2.014 1.843 1.603 1.402 1.227 1.003 0.789 2.472 1.347
6.75 39.81 2.417 2.350 2.383 2.461 2.528 2.587 2.582 2.590 2.593 2.545 2.509 2.463 2.368 2.180 2.061 1.935 1.766 1.531 1.333 1.161 0.940 0.730 2.417 1.353
6.75 50.12 2.352 2.303 2.343 2.430 2.506 2.575 2.573 2.582 2.583 2.532 2.493 2.440 2.333 2.121 1.980 1.847 1.680 1.449 1.255 1.086 0.867 0.662 2.352 1.338
6.75 63.10 2.273 2.242 2.289 2.384 2.467 2.543 2.542 2.552 2.550 2.495 2.453 2.394 2.277 2.047 1.888 1.748 1.584 1.358 1.167 1.001 0.786 0.585 2.273 1.298
6.75 79.43 2.176 2.163 2.217 2.318 2.405 2.485 2.484 2.494 2.488 2.429 2.386 2.322 2.197 1.955 1.782 1.638 1.476 1.255 1.067 0.904 0.693 0.498 2.176 1.228
6.75 100.00 2.061 2.063 2.122 2.228 2.316 2.398 2.396 2.407 2.397 2.334 2.290 2.221 2.092 1.842 1.660 1.513 1.354 1.139 0.954 0.795 0.587 0.397 2.061 1.127
6.75 125.89 1.927 1.941 2.003 2.113 2.200 2.284 2.279 2.290 2.276 2.210 2.165 2.092 1.961 1.708 1.520 1.372 1.216 1.005 0.824 0.669 0.464 0.280 1.927 0.994
6.75 158.49 1.774 1.797 1.861 1.974 2.057 2.142 2.135 2.145 2.128 2.057 2.011 1.934 1.801 1.548 1.358 1.211 1.057 0.852 0.675 0.523 0.322 0.143 1.774 0.830
6.75 199.53 1.605 1.633 1.696 1.811 1.891 1.975 1.965 1.974 1.952 1.875 1.827 1.744 1.609 1.361 1.171 1.025 0.874 0.675 0.501 0.353 0.156 -0.018 1.605 0.636
6.75 251.19 1.419 1.451 1.512 1.628 1.703 1.786 1.770 1.779 1.750 1.663 1.611 1.519 1.384 1.140 0.952 0.808 0.660 0.466 0.297 0.152 -0.041 -0.209 1.419 0.409
6.75 316.23 1.220 1.251 1.311 1.427 1.496 1.575 1.553 1.558 1.519 1.419 1.360 1.255 1.117 0.879 0.694 0.553 0.408 0.220 0.054 -0.086 -0.276 -0.438 1.220 0.147
6.75 398.11 1.006 1.036 1.092 1.209 1.270 1.344 1.312 1.311 1.256 1.137 1.068 0.945 0.802 0.569 0.389 0.251 0.109 -0.073 -0.235 -0.372 -0.558 -0.715 1.006 -0.154
6.75 501.19 0.777 0.804 0.856 0.973 1.025 1.090 1.044 1.035 0.958 0.811 0.726 0.579 0.428 0.199 0.023 -0.111 -0.250 -0.426 -0.585 -0.718 -0.899 -1.050 0.777 -0.503
6.75 630.96 0.531 0.555 0.602 0.720 0.760 0.812 0.746 0.724 0.616 0.432 0.324 0.143 -0.020 -0.246 -0.417 -0.547 -0.683 -0.854 -1.008 -1.137 -1.315 -1.460 0.531 -0.909
6.75 794.33 0.266 0.285 0.328 0.446 0.472 0.505 0.412 0.371 0.221 -0.014 -0.153 -0.378 -0.559 -0.786 -0.951 -1.077 -1.211 -1.375 -1.526 -1.651 -1.825 -1.964 0.266 -1.386
6.75 1000.00 -0.023 -0.008 0.030 0.148 0.156 0.163 0.034 -0.033 -0.240 -0.541 -0.722 -1.008 -1.214 -1.443 -1.602 -1.725 -1.856 -2.014 -2.161 -2.282 -2.452 -2.585 -0.023 -1.950
7.00 1.00 2.934 2.768 2.752 2.758 2.710 2.653 2.577 2.532 2.502 2.454 2.432 2.440 2.472 2.546 2.660 2.625 2.447 2.189 1.974 1.780 1.538 1.297 2.934 1.255
7.00 1.26 2.925 2.759 2.744 2.750 2.704 2.647 2.573 2.529 2.500 2.453 2.430 2.439 2.470 2.542 2.655 2.619 2.441 2.184 1.969 1.776 1.534 1.293 2.925 1.253
7.00 1.58 2.914 2.749 2.734 2.741 2.696 2.641 2.568 2.525 2.497 2.451 2.429 2.438 2.468 2.538 2.648 2.612 2.434 2.177 1.962 1.770 1.528 1.288 2.914 1.251
7.00 2.00 2.902 2.737 2.722 2.730 2.686 2.634 2.562 2.521 2.494 2.449 2.427 2.436 2.465 2.532 2.640 2.603 2.425 2.169 1.955 1.762 1.521 1.281 2.902 1.249
7.00 2.51 2.886 2.723 2.708 2.717 2.675 2.625 2.555 2.516 2.491 2.447 2.426 2.434 2.462 2.526 2.630 2.592 2.414 2.159 1.945 1.753 1.513 1.274 2.886 1.247
7.00 3.16 2.868 2.705 2.691 2.702 2.662 2.615 2.548 2.510 2.488 2.445 2.425 2.433 2.459 2.518 2.618 2.578 2.401 2.147 1.933 1.742 1.502 1.264 2.868 1.245
7.00 3.98 2.846 2.685 2.672 2.684 2.647 2.605 2.540 2.505 2.485 2.444 2.424 2.432 2.456 2.509 2.603 2.561 2.385 2.132 1.919 1.729 1.490 1.253 2.846 1.244
7.00 5.01 2.821 2.662 2.649 2.664 2.631 2.593 2.532 2.500 2.483 2.443 2.425 2.432 2.452 2.498 2.585 2.541 2.365 2.114 1.902 1.713 1.474 1.239 2.821 1.243
7.00 6.31 2.793 2.636 2.624 2.641 2.613 2.582 2.524 2.496 2.483 2.445 2.427 2.434 2.450 2.486 2.564 2.517 2.342 2.092 1.881 1.693 1.456 1.222 2.793 1.245
7.00 7.94 2.760 2.607 2.597 2.618 2.595 2.571 2.519 2.494 2.485 2.449 2.432 2.437 2.448 2.473 2.540 2.488 2.314 2.066 1.857 1.670 1.434 1.202 2.760 1.250
7.00 10.00 2.725 2.576 2.568 2.593 2.578 2.562 2.516 2.496 2.492 2.457 2.441 2.444 2.448 2.458 2.511 2.454 2.282 2.036 1.828 1.642 1.408 1.178 2.725 1.258
7.00 12.59 2.688 2.544 2.539 2.569 2.563 2.557 2.517 2.502 2.503 2.470 2.454 2.454 2.449 2.441 2.478 2.415 2.244 2.000 1.794 1.610 1.378 1.151 2.688 1.272
7.00 15.85 2.648 2.512 2.510 2.546 2.550 2.555 2.523 2.514 2.519 2.488 2.471 2.467 2.453 2.422 2.439 2.369 2.200 1.959 1.755 1.573 1.342 1.118 2.648 1.291
7.00 19.95 2.607 2.479 2.482 2.526 2.541 2.559 2.534 2.531 2.541 2.510 2.493 2.483 2.457 2.401 2.396 2.317 2.149 1.912 1.710 1.530 1.302 1.081 2.607 1.315
7.00 25.12 2.564 2.448 2.456 2.508 2.536 2.567 2.550 2.553 2.566 2.535 2.516 2.500 2.460 2.376 2.346 2.258 2.091 1.858 1.658 1.481 1.255 1.037 2.564 1.341
7.00 31.62 2.518 2.416 2.431 2.491 2.533 2.578 2.568 2.576 2.590 2.558 2.537 2.514 2.459 2.345 2.289 2.191 2.026 1.797 1.600 1.425 1.201 0.988 2.518 1.366
7.00 39.81 2.469 2.382 2.404 2.474 2.529 2.586 2.583 2.594 2.609 2.574 2.550 2.520 2.449 2.306 2.223 2.115 1.953 1.727 1.533 1.361 1.141 0.931 2.469 1.384
7.00 50.12 2.412 2.342 2.372 2.452 2.519 2.586 2.587 2.602 2.615 2.577 2.549 2.511 2.426 2.256 2.147 2.030 1.870 1.649 1.458 1.289 1.072 0.867 2.412 1.386
7.00 63.10 2.344 2.293 2.330 2.419 2.495 2.571 2.575 2.591 2.601 2.558 2.527 2.481 2.384 2.190 2.060 1.935 1.777 1.561 1.373 1.207 0.993 0.793 2.344 1.366
7.00 79.43 2.261 2.229 2.274 2.370 2.453 2.535 2.539 2.555 2.561 2.513 2.479 2.426 2.319 2.107 1.958 1.828 1.672 1.461 1.276 1.114 0.903 0.708 2.261 1.318
7.00 100.00 2.161 2.146 2.197 2.300 2.386 2.472 2.475 2.491 2.491 2.438 2.401 2.342 2.227 2.003 1.841 1.706 1.554 1.348 1.166 1.007 0.799 0.610 2.161 1.238
7.00 125.89 2.042 2.042 2.098 2.205 2.292 2.379 2.379 2.395 2.390 2.332 2.293 2.228 2.108 1.876 1.705 1.568 1.418 1.217 1.040 0.884 0.680 0.495 2.042 1.124
7.00 158.49 1.903 1.915 1.974 2.085 2.169 2.257 2.254 2.268 2.258 2.194 2.152 2.081 1.958 1.723 1.548 1.410 1.262 1.067 0.893 0.741 0.540 0.361 1.903 0.976
7.00 199.53 1.745 1.766 1.826 1.939 2.020 2.106 2.100 2.112 2.096 2.024 1.979 1.901 1.775 1.541 1.364 1.227 1.082 0.892 0.722 0.573 0.377 0.203 1.745 0.795
7.00 251.19 1.570 1.595 1.655 1.770 1.846 1.930 1.918 1.929 1.904 1.822 1.773 1.685 1.557 1.325 1.148 1.013 0.871 0.687 0.520 0.375 0.182 0.014 1.570 0.578
7.00 316.23 1.378 1.406 1.463 1.580 1.649 1.730 1.710 1.717 1.681 1.585 1.528 1.428 1.296 1.069 0.894 0.761 0.622 0.443 0.280 0.140 -0.050 -0.212 1.378 0.325
7.00 398.11 1.170 1.198 1.253 1.370 1.432 1.507 1.476 1.477 1.426 1.309 1.242 1.123 0.986 0.763 0.591 0.461 0.325 0.152 -0.007 -0.144 -0.329 -0.486 1.170 0.029
7.00 501.19 0.946 0.972 1.024 1.141 1.193 1.260 1.214 1.206 1.132 0.988 0.905 0.761 0.615 0.396 0.229 0.102 -0.031 -0.198 -0.353 -0.486 -0.668 -0.819 0.946 -0.314
7.00 630.96 0.704 0.728 0.775 0.892 0.934 0.986 0.921 0.900 0.794 0.612 0.507 0.329 0.171 -0.046 -0.208 -0.332 -0.462 -0.623 -0.774 -0.903 -1.081 -1.226 0.704 -0.716
7.00 794.33 0.443 0.462 0.505 0.623 0.649 0.683 0.591 0.551 0.403 0.170 0.033 -0.190 -0.366 -0.583 -0.739 -0.859 -0.987 -1.142 -1.289 -1.414 -1.588 -1.727 0.443 -1.189
7.00 1000.00 0.157 0.172 0.210 0.328 0.337 0.345 0.217 0.150 -0.055 -0.354 -0.533 -0.816 -1.017 -1.237 -1.389 -1.505 -1.629 -1.778 -1.922 -2.043 -2.213 -2.346 0.157 -1.750
7.25 1.00 2.976 2.805 2.785 2.789 2.737 2.681 2.607 2.567 2.544 2.505 2.490 2.510 2.557 2.657 2.791 2.768 2.596 2.350 2.138 1.947 1.706 1.467 2.976 1.309
7.25 1.26 2.968 2.797 2.778 2.782 2.731 2.676 2.603 2.563 2.541 2.502 2.488 2.508 2.554 2.654 2.786 2.763 2.591 2.345 2.134 1.942 1.702 1.464 2.968 1.307
7.25 1.58 2.958 2.788 2.768 2.773 2.723 2.669 2.598 2.559 2.538 2.500 2.486 2.506 2.552 2.649 2.780 2.756 2.585 2.339 2.128 1.937 1.697 1.459 2.958 1.304
7.25 2.00 2.946 2.776 2.757 2.762 2.713 2.662 2.591 2.554 2.534 2.497 2.484 2.504 2.549 2.644 2.772 2.748 2.577 2.331 2.121 1.930 1.691 1.453 2.946 1.301
7.25 2.51 2.931 2.762 2.743 2.749 2.702 2.653 2.584 2.548 2.530 2.494 2.482 2.501 2.545 2.638 2.763 2.738 2.567 2.322 2.113 1.922 1.683 1.447 2.931 1.298
7.25 3.16 2.914 2.745 2.726 2.734 2.689 2.642 2.576 2.541 2.525 2.491 2.479 2.499 2.541 2.630 2.752 2.725 2.555 2.311 2.102 1.912 1.674 1.438 2.914 1.294
7.25 3.98 2.893 2.725 2.707 2.716 2.673 2.630 2.566 2.534 2.521 2.487 2.477 2.496 2.537 2.621 2.738 2.710 2.540 2.298 2.089 1.900 1.663 1.428 2.893 1.291
7.25 5.01 2.868 2.702 2.684 2.695 2.656 2.617 2.556 2.527 2.516 2.485 2.475 2.494 2.532 2.611 2.722 2.692 2.523 2.281 2.074 1.886 1.649 1.415 2.868 1.288
7.25 6.31 2.840 2.676 2.659 2.672 2.636 2.603 2.546 2.520 2.513 2.483 2.474 2.493 2.527 2.599 2.703 2.670 2.501 2.262 2.055 1.868 1.632 1.400 2.840 1.286
7.25 7.94 2.808 2.647 2.631 2.646 2.616 2.589 2.536 2.514 2.511 2.483 2.475 2.493 2.523 2.585 2.680 2.643 2.476 2.238 2.033 1.847 1.612 1.382 2.808 1.286
7.25 10.00 2.773 2.615 2.600 2.620 2.595 2.576 2.529 2.510 2.512 2.486 2.479 2.495 2.520 2.569 2.653 2.612 2.446 2.210 2.006 1.822 1.588 1.360 2.773 1.289
7.25 12.59 2.735 2.581 2.568 2.592 2.575 2.565 2.524 2.511 2.517 2.494 2.487 2.501 2.519 2.552 2.621 2.576 2.410 2.177 1.975 1.792 1.560 1.334 2.735 1.297
7.25 15.85 2.694 2.546 2.536 2.566 2.558 2.558 2.524 2.516 2.528 2.506 2.499 2.510 2.519 2.534 2.585 2.533 2.369 2.139 1.938 1.757 1.527 1.304 2.694 1.310
7.25 19.95 2.652 2.511 2.505 2.541 2.544 2.556 2.529 2.528 2.544 2.523 2.517 2.523 2.522 2.513 2.544 2.484 2.322 2.094 1.896 1.717 1.489 1.269 2.652 1.329
7.25 25.12 2.608 2.477 2.476 2.519 2.534 2.559 2.541 2.545 2.566 2.546 2.538 2.539 2.525 2.489 2.497 2.428 2.267 2.043 1.847 1.671 1.445 1.229 2.608 1.353
7.25 31.62 2.563 2.444 2.449 2.500 2.529 2.567 2.557 2.567 2.591 2.570 2.560 2.555 2.526 2.461 2.443 2.364 2.206 1.985 1.792 1.618 1.395 1.182 2.563 1.379
7.25 39.81 2.516 2.411 2.422 2.483 2.526 2.578 2.575 2.590 2.615 2.592 2.580 2.566 2.522 2.427 2.381 2.292 2.135 1.919 1.728 1.557 1.337 1.128 2.516 1.403
7.25 50.12 2.465 2.375 2.394 2.465 2.521 2.585 2.588 2.607 2.632 2.606 2.590 2.568 2.508 2.382 2.309 2.210 2.056 1.844 1.656 1.488 1.271 1.066 2.465 1.418
7.25 63.10 2.406 2.334 2.361 2.442 2.509 2.584 2.591 2.612 2.635 2.604 2.584 2.553 2.478 2.325 2.226 2.118 1.966 1.759 1.574 1.409 1.195 0.995 2.406 1.415
7.25 79.43 2.336 2.283 2.317 2.407 2.483 2.566 2.575 2.597 2.615 2.579 2.555 2.515 2.427 2.250 2.130 2.014 1.864 1.662 1.481 1.318 1.107 0.913 2.336 1.388
7.25 100.00 2.250 2.216 2.258 2.355 2.437 2.525 2.533 2.556 2.568 2.525 2.497 2.449 2.351 2.155 2.017 1.896 1.749 1.551 1.373 1.214 1.007 0.817 2.250 1.330
7.25 125.89 2.146 2.129 2.177 2.281 2.366 2.456 2.462 2.483 2.488 2.438 2.407 2.351 2.245 2.037 1.886 1.761 1.616 1.424 1.249 1.094 0.890 0.706 2.146 1.238
7.25 158.49 2.022 2.020 2.073 2.181 2.265 2.356 2.358 2.377 2.376 2.318 2.283 2.220 2.107 1.892 1.733 1.605 1.463 1.277 1.105 0.954 0.753 0.574 2.022 1.110
7.25 199.53 1.878 1.888 1.943 2.055 2.136 2.226 2.223 2.240 2.230 2.163 2.124 2.052 1.935 1.717 1.553 1.425 1.286 1.104 0.937 0.789 0.592 0.419 1.878 0.944
7.25 251.19 1.714 1.732 1.788 1.902 1.979 2.066 2.057 2.070 2.051 1.973 1.928 1.845 1.724 1.507 1.341 1.213 1.077 0.902 0.738 0.594 0.401 0.233 1.714 0.740
7.25 316.23 1.531 1.554 1.609 1.725 1.795 1.879 1.861 1.870 1.839 1.745 1.692 1.596 1.470 1.255 1.090 0.964 0.831 0.661 0.501 0.360 0.171 0.009 1.531 0.496
7.25 398.11 1.331 1.355 1.409 1.526 1.588 1.665 1.636 1.639 1.591 1.477 1.412 1.297 1.165 0.953 0.791 0.667 0.537 0.373 0.216 0.080 -0.106 -0.262 1.331 0.209
7.25 501.19 1.113 1.137 1.188 1.305 1.358 1.426 1.382 1.375 1.303 1.161 1.080 0.940 0.799 0.590 0.431 0.311 0.183 0.025 -0.127 -0.260 -0.442 -0.593 1.113 -0.128
7.25 630.96 0.876 0.898 0.945 1.063 1.105 1.158 1.094 1.074 0.971 0.790 0.687 0.512 0.359 0.151 -0.003 -0.120 -0.245 -0.397 -0.546 -0.675 -0.853 -0.997 0.876 -0.525
7.25 794.33 0.618 0.637 0.680 0.798 0.825 0.860 0.769 0.730 0.583 0.352 0.218 -0.003 -0.174 -0.383 -0.532 -0.645 -0.767 -0.914 -1.058 -1.183 -1.357 -1.496 0.618 -0.994
7.25 1000.00 0.336 0.351 0.390 0.507 0.517 0.525 0.398 0.333 0.129 -0.169 -0.346 -0.626 -0.823 -1.035 -1.178 -1.288 -1.407 -1.548 -1.688 -1.809 -1.979 -2.112 0.336 -1.551
7.50 1.00 3.021 2.845 2.822 2.823 2.768 2.713 2.642 2.605 2.589 2.558 2.552 2.582 2.643 2.768 2.920 2.909 2.743 2.507 2.300 2.109 1.871 1.634 3.021 1.366
7.50 1.26 3.014 2.838 2.814 2.816 2.761 2.708 2.637 2.601 2.586 2.556 2.550 2.580 2.640 2.765 2.916 2.904 2.738 2.502 2.296 2.106 1.867 1.631 3.014 1.364
7.50 1.58 3.004 2.829 2.805 2.808 2.754 2.701 2.632 2.596 2.582 2.553 2.547 2.577 2.637 2.761 2.910 2.898 2.733 2.497 2.291 2.101 1.863 1.627 3.004 1.360
7.50 2.00 2.993 2.818 2.794 2.797 2.744 2.694 2.625 2.591 2.578 2.549 2.544 2.574 2.634 2.756 2.903 2.890 2.725 2.490 2.284 2.095 1.857 1.622 2.993 1.357
7.50 2.51 2.979 2.804 2.781 2.784 2.733 2.684 2.617 2.584 2.573 2.545 2.541 2.571 2.630 2.750 2.895 2.881 2.717 2.482 2.277 2.088 1.850 1.616 2.979 1.352
7.50 3.16 2.962 2.788 2.765 2.769 2.719 2.673 2.608 2.577 2.567 2.541 2.537 2.567 2.625 2.742 2.885 2.870 2.706 2.472 2.267 2.079 1.842 1.608 2.962 1.348
7.50 3.98 2.942 2.769 2.746 2.752 2.703 2.660 2.598 2.568 2.561 2.536 2.533 2.564 2.620 2.734 2.872 2.856 2.693 2.460 2.256 2.068 1.832 1.599 2.942 1.342
7.50 5.01 2.919 2.746 2.723 2.731 2.685 2.646 2.586 2.559 2.555 2.531 2.529 2.560 2.614 2.723 2.857 2.840 2.677 2.445 2.241 2.055 1.819 1.588 2.919 1.337
7.50 6.31 2.891 2.720 2.698 2.707 2.665 2.630 2.573 2.549 2.548 2.526 2.526 2.556 2.608 2.711 2.839 2.820 2.657 2.427 2.224 2.039 1.804 1.574 2.891 1.332
7.50 7.94 2.859 2.690 2.669 2.680 2.642 2.613 2.561 2.540 2.543 2.523 2.523 2.553 2.602 2.697 2.818 2.795 2.634 2.406 2.204 2.019 1.786 1.557 2.859 1.329
7.50 10.00 2.824 2.657 2.637 2.652 2.619 2.596 2.548 2.532 2.539 2.521 2.523 2.552 2.596 2.682 2.792 2.767 2.606 2.380 2.179 1.996 1.764 1.537 2.824 1.327
7.50 12.59 2.785 2.622 2.603 2.622 2.595 2.581 2.538 2.527 2.538 2.523 2.526 2.553 2.592 2.664 2.763 2.733 2.573 2.349 2.151 1.969 1.738 1.514 2.785 1.329
7.50 15.85 2.743 2.585 2.568 2.591 2.573 2.568 2.532 2.525 2.542 2.529 2.532 2.557 2.589 2.645 2.729 2.693 2.535 2.314 2.117 1.936 1.708 1.486 2.743 1.335
7.50 19.95 2.700 2.547 2.533 2.562 2.553 2.559 2.530 2.530 2.552 2.541 2.544 2.565 2.588 2.624 2.689 2.647 2.491 2.272 2.077 1.899 1.672 1.453 2.700 1.348
7.50 25.12 2.655 2.510 2.500 2.535 2.537 2.556 2.535 2.541 2.568 2.558 2.561 2.578 2.588 2.600 2.645 2.594 2.439 2.224 2.031 1.855 1.631 1.415 2.655 1.366
7.50 31.62 2.609 2.474 2.469 2.512 2.527 2.559 2.547 2.558 2.590 2.580 2.581 2.592 2.589 2.574 2.593 2.534 2.381 2.169 1.979 1.805 1.583 1.371 2.609 1.389
7.50 39.81 2.563 2.439 2.440 2.493 2.521 2.567 2.563 2.580 2.615 2.603 2.603 2.606 2.588 2.542 2.534 2.465 2.314 2.106 1.918 1.747 1.528 1.320 2.563 1.415
7.50 50.12 2.514 2.405 2.413 2.475 2.518 2.577 2.580 2.602 2.638 2.624 2.620 2.614 2.580 2.502 2.467 2.386 2.237 2.034 1.849 1.681 1.464 1.261 2.514 1.437
7.50 63.10 2.461 2.369 2.384 2.456 2.512 2.584 2.592 2.618 2.653 2.634 2.626 2.611 2.561 2.451 2.388 2.297 2.151 1.952 1.770 1.605 1.391 1.192 2.461 1.448
7.50 79.43 2.400 2.326 2.350 2.431 2.499 2.581 2.593 2.620 2.651 2.626 2.613 2.589 2.523 2.385 2.296 2.196 2.052 1.858 1.679 1.517 1.307 1.113 2.400 1.439
7.50 100.00 2.327 2.272 2.304 2.395 2.471 2.560 2.572 2.600 2.625 2.593 2.575 2.540 2.461 2.299 2.189 2.081 1.939 1.750 1.575 1.416 1.209 1.020 2.327 1.404
7.50 125.89 2.238 2.202 2.241 2.339 2.421 2.514 2.525 2.551 2.568 2.528 2.505 2.461 2.370 2.190 2.062 1.949 1.810 1.626 1.454 1.299 1.095 0.911 2.238 1.335
7.50 158.49 2.130 2.112 2.156 2.261 2.344 2.438 2.445 2.470 2.478 2.429 2.400 2.346 2.246 2.054 1.913 1.796 1.660 1.481 1.313 1.161 0.961 0.782 2.130 1.228
7.50 199.53 2.000 1.997 2.046 2.155 2.237 2.330 2.332 2.353 2.351 2.291 2.257 2.192 2.086 1.887 1.738 1.619 1.485 1.312 1.147 0.999 0.802 0.629 2.000 1.081
7.50 251.19 1.850 1.858 1.910 2.022 2.099 2.190 2.184 2.201 2.188 2.116 2.075 1.998 1.885 1.683 1.530 1.410 1.279 1.112 0.951 0.806 0.613 0.446 1.850 0.893
7.50 316.23 1.679 1.694 1.747 1.861 1.933 2.019 2.004 2.016 1.989 1.900 1.850 1.758 1.639 1.437 1.282 1.164 1.036 0.874 0.716 0.576 0.387 0.225 1.679 0.662
7.50 398.11 1.488 1.507 1.559 1.675 1.739 1.818 1.791 1.796 1.751 1.640 1.578 1.467 1.341 1.140 0.986 0.870 0.744 0.588 0.434 0.298 0.112 -0.044 1.488 0.384
7.50 501.19 1.277 1.298 1.347 1.464 1.518 1.587 1.545 1.540 1.471 1.332 1.253 1.116 0.980 0.780 0.630 0.516 0.393 0.243 0.093 -0.040 -0.221 -0.372 1.277 0.054
7.50 630.96 1.046 1.066 1.112 1.230 1.272 1.327 1.264 1.246 1.144 0.966 0.865 0.693 0.544 0.345 0.198 0.088 -0.032 -0.177 -0.323 -0.452 -0.629 -0.774 1.046 -0.337
7.50 794.33 0.793 0.811 0.853 0.971 0.999 1.035 0.944 0.906 0.762 0.533 0.400 0.182 0.015 -0.185 -0.327 -0.435 -0.552 -0.690 -0.832 -0.957 -1.131 -1.270 0.793 -0.801
7.50 1000.00 0.514 0.529 0.567 0.685 0.695 0.704 0.578 0.513 0.311 0.015 -0.160 -0.438 -0.630 -0.835 -0.971 -1.075 -1.189 -1.322 -1.460 -1.581 -1.751 -1.884 0.514 -1.355
7.75 1.00 2.997 2.821 2.796 2.799 2.746 2.698 2.632 2.600 2.592 2.567 2.567 2.602 2.668 2.801 2.956 2.949 2.790 2.563 2.360 2.171 1.934 1.700 2.997 1.376
7.75 1.26 2.991 2.814 2.790 2.793 2.741 2.694 2.628 2.597 2.590 2.566 2.565 2.600 2.666 2.798 2.952 2.945 2.785 2.559 2.356 2.168 1.931 1.697 2.991 1.374
7.75 1.58 2.982 2.806 2.782 2.786 2.734 2.688 2.624 2.593 2.587 2.563 2.563 2.598 2.664 2.794 2.947 2.940 2.780 2.554 2.352 2.164 1.927 1.694 2.982 1.372
7.75 2.00 2.972 2.797 2.772 2.777 2.726 2.681 2.618 2.588 2.583 2.560 2.561 2.596 2.661 2.790 2.941 2.933 2.774 2.548 2.346 2.158 1.922 1.689 2.972 1.369
7.75 2.51 2.960 2.785 2.761 2.766 2.716 2.673 2.611 2.583 2.579 2.557 2.558 2.593 2.657 2.784 2.934 2.925 2.766 2.541 2.339 2.152 1.916 1.684 2.960 1.365
7.75 3.16 2.945 2.770 2.746 2.752 2.704 2.664 2.603 2.577 2.574 2.554 2.555 2.591 2.654 2.778 2.924 2.915 2.756 2.532 2.331 2.144 1.908 1.677 2.945 1.361
7.75 3.98 2.927 2.753 2.730 2.736 2.691 2.653 2.594 2.569 2.569 2.550 2.552 2.587 2.649 2.770 2.913 2.902 2.744 2.521 2.320 2.134 1.899 1.669 2.927 1.357
7.75 5.01 2.906 2.733 2.710 2.718 2.674 2.640 2.584 2.562 2.564 2.546 2.549 2.584 2.644 2.761 2.900 2.887 2.730 2.507 2.307 2.122 1.888 1.658 2.906 1.353
7.75 6.31 2.881 2.709 2.687 2.697 2.656 2.626 2.573 2.553 2.559 2.542 2.546 2.581 2.639 2.750 2.883 2.869 2.712 2.491 2.292 2.107 1.874 1.646 2.881 1.349
7.75 7.94 2.853 2.683 2.661 2.673 2.636 2.611 2.562 2.545 2.554 2.540 2.545 2.579 2.634 2.737 2.864 2.847 2.691 2.471 2.273 2.090 1.857 1.631 2.853 1.346
7.75 10.00 2.820 2.653 2.632 2.647 2.615 2.596 2.552 2.539 2.551 2.539 2.545 2.578 2.629 2.723 2.840 2.820 2.665 2.448 2.251 2.068 1.837 1.613 2.820 1.345
7.75 12.59 2.784 2.620 2.600 2.619 2.593 2.582 2.542 2.534 2.551 2.540 2.547 2.580 2.625 2.707 2.813 2.789 2.635 2.419 2.224 2.043 1.814 1.591 2.784 1.347
7.75 15.85 2.745 2.585 2.568 2.590 2.572 2.570 2.536 2.533 2.554 2.546 2.553 2.584 2.622 2.689 2.781 2.752 2.599 2.386 2.192 2.013 1.785 1.565 2.745 1.353
7.75 19.95 2.704 2.549 2.535 2.563 2.553 2.561 2.534 2.536 2.563 2.556 2.564 2.591 2.620 2.669 2.744 2.709 2.558 2.347 2.156 1.978 1.752 1.535 2.704 1.364
7.75 25.12 2.661 2.514 2.502 2.537 2.538 2.557 2.538 2.546 2.577 2.572 2.579 2.602 2.621 2.647 2.702 2.659 2.509 2.302 2.112 1.937 1.713 1.499 2.661 1.381
7.75 31.62 2.617 2.479 2.472 2.514 2.527 2.559 2.548 2.562 2.597 2.592 2.598 2.615 2.621 2.621 2.653 2.602 2.454 2.250 2.063 1.890 1.668 1.457 2.617 1.402
7.75 39.81 2.573 2.445 2.444 2.494 2.520 2.566 2.563 2.582 2.621 2.614 2.618 2.628 2.620 2.591 2.597 2.536 2.390 2.190 2.005 1.835 1.616 1.409 2.573 1.427
7.75 50.12 2.526 2.412 2.417 2.477 2.516 2.575 2.579 2.604 2.644 2.635 2.636 2.637 2.613 2.553 2.532 2.461 2.317 2.121 1.939 1.771 1.555 1.352 2.526 1.448
7.75 63.10 2.475 2.377 2.390 2.459 2.512 2.583 2.593 2.621 2.660 2.647 2.644 2.636 2.596 2.505 2.456 2.375 2.233 2.042 1.863 1.698 1.485 1.286 2.475 1.462
7.75 79.43 2.418 2.337 2.357 2.437 2.501 2.583 2.597 2.627 2.663 2.644 2.636 2.618 2.562 2.442 2.368 2.277 2.137 1.951 1.775 1.613 1.403 1.209 2.418 1.458
7.75 100.00 2.350 2.288 2.316 2.404 2.478 2.568 2.582 2.613 2.643 2.617 2.604 2.575 2.505 2.361 2.264 2.165 2.028 1.846 1.673 1.515 1.308 1.119 2.350 1.429
7.75 125.89 2.267 2.224 2.259 2.356 2.435 2.530 2.543 2.573 2.595 2.560 2.541 2.503 2.420 2.257 2.141 2.036 1.901 1.725 1.555 1.400 1.197 1.013 2.267 1.368
7.75 158.49 2.165 2.141 2.182 2.285 2.367 2.464 2.473 2.500 2.513 2.469 2.444 2.395 2.303 2.125 1.996 1.886 1.754 1.583 1.417 1.265 1.065 0.887 2.165 1.271
7.75 199.53 2.044 2.034 2.081 2.189 2.270 2.366 2.369 2.393 2.396 2.340 2.309 2.249 2.149 1.962 1.823 1.711 1.582 1.416 1.254 1.106 0.910 0.737 2.044 1.133
7.75 251.19 1.900 1.904 1.953 2.065 2.143 2.235 2.231 2.251 2.242 2.172 2.134 2.061 1.954 1.763 1.619 1.506 1.379 1.219 1.060 0.916 0.723 0.556 1.900 0.953
7.75 316.23 1.736 1.748 1.799 1.913 1.985 2.072 2.059 2.073 2.049 1.963 1.916 1.827 1.714 1.521 1.374 1.262 1.138 0.984 0.829 0.688 0.499 0.337 1.736 0.729
7.75 398.11 1.551 1.568 1.619 1.734 1.799 1.879 1.854 1.860 1.818 1.709 1.650 1.541 1.420 1.227 1.081 0.971 0.850 0.701 0.549 0.413 0.228 0.071 1.551 0.458
7.75 501.19 1.345 1.365 1.413 1.530 1.585 1.655 1.614 1.610 1.543 1.406 1.329 1.194 1.063 0.871 0.728 0.620 0.501 0.358 0.211 0.078 -0.103 -0.254 1.345 0.133
7.75 630.96 1.118 1.138 1.184 1.301 1.344 1.400 1.338 1.320 1.221 1.045 0.945 0.775 0.630 0.439 0.299 0.194 0.078 -0.059 -0.203 -0.331 -0.509 -0.654 1.118 -0.253
7.75 794.33 0.869 0.887 0.929 1.047 1.075 1.112 1.022 0.985 0.842 0.615 0.483 0.268 0.104 -0.088 -0.224 -0.326 -0.438 -0.570 -0.710 -0.835 -1.008 -1.147 0.869 -0.713
7.75 1000.00 0.594 0.609 0.647 0.765 0.775 0.785 0.659 0.596 0.395 0.101 -0.073 -0.349 -0.538 -0.735 -0.865 -0.964 -1.073 -1.199 -1.335 -1.456 -1.625 -1.758 0.594 -1.263
8.00 1.00 2.975 2.798 2.773 2.777 2.726 2.684 2.623 2.597 2.596 2.578 2.582 2.623 2.693 2.832 2.991 2.988 2.834 2.616 2.416 2.230 1.994 1.763 2.975 1.387
8.00 1.26 2.969 2.792 2.767 2.771 2.722 2.680 2.620 2.594 2.594 2.576 2.581 2.621 2.692 2.829 2.987 2.985 2.830 2.612 2.413 2.227 1.991 1.760 2.969 1.386
8.00 1.58 2.961 2.785 2.760 2.765 2.716 2.676 2.616 2.591 2.592 2.574 2.579 2.620 2.690 2.826 2.983 2.980 2.825 2.608 2.409 2.223 1.988 1.757 2.961 1.384
8.00 2.00 2.953 2.777 2.751 2.757 2.709 2.670 2.611 2.587 2.589 2.572 2.578 2.618 2.687 2.822 2.977 2.974 2.820 2.603 2.404 2.218 1.983 1.753 2.953 1.381
8.00 2.51 2.942 2.766 2.741 2.747 2.700 2.663 2.606 2.582 2.585 2.570 2.576 2.616 2.685 2.818 2.971 2.966 2.813 2.596 2.398 2.212 1.978 1.748 2.942 1.379
8.00 3.16 2.928 2.753 2.729 2.736 2.690 2.655 2.599 2.577 2.582 2.567 2.573 2.614 2.681 2.812 2.962 2.957 2.804 2.588 2.390 2.205 1.971 1.742 2.928 1.376
8.00 3.98 2.912 2.738 2.714 2.722 2.678 2.645 2.591 2.571 2.578 2.564 2.571 2.611 2.678 2.805 2.952 2.946 2.793 2.578 2.381 2.196 1.963 1.734 2.912 1.372
8.00 5.01 2.893 2.720 2.696 2.705 2.664 2.634 2.583 2.565 2.573 2.561 2.569 2.609 2.674 2.797 2.940 2.932 2.780 2.566 2.369 2.185 1.953 1.725 2.893 1.369
8.00 6.31 2.871 2.699 2.675 2.686 2.648 2.622 2.574 2.558 2.569 2.558 2.567 2.607 2.669 2.787 2.925 2.916 2.764 2.551 2.355 2.172 1.940 1.714 2.871 1.366
8.00 7.94 2.845 2.675 2.652 2.665 2.630 2.609 2.564 2.551 2.565 2.556 2.566 2.605 2.665 2.776 2.907 2.895 2.744 2.533 2.338 2.156 1.925 1.700 2.845 1.364
8.00 10.00 2.816 2.647 2.625 2.641 2.610 2.596 2.554 2.545 2.563 2.556 2.566 2.605 2.660 2.763 2.886 2.871 2.721 2.511 2.318 2.137 1.907 1.684 2.816 1.364
8.00 12.59 2.783 2.617 2.597 2.615 2.590 2.582 2.546 2.541 2.563 2.557 2.569 2.606 2.656 2.748 2.860 2.842 2.693 2.485 2.293 2.113 1.885 1.664 2.783 1.366
8.00 15.85 2.746 2.585 2.566 2.589 2.571 2.571 2.540 2.540 2.566 2.562 2.574 2.609 2.654 2.731 2.831 2.808 2.660 2.454 2.264 2.086 1.859 1.640 2.746 1.371
8.00 19.95 2.708 2.551 2.535 2.563 2.553 2.563 2.538 2.543 2.574 2.572 2.584 2.616 2.652 2.713 2.796 2.767 2.621 2.418 2.229 2.053 1.828 1.612 2.708 1.381
8.00 25.12 2.667 2.517 2.504 2.538 2.537 2.558 2.541 2.551 2.587 2.586 2.597 2.626 2.652 2.691 2.756 2.720 2.575 2.376 2.189 2.014 1.791 1.578 2.667 1.396
8.00 31.62 2.625 2.483 2.475 2.515 2.526 2.559 2.549 2.565 2.605 2.604 2.615 2.638 2.652 2.667 2.710 2.666 2.522 2.326 2.142 1.969 1.749 1.539 2.625 1.416
8.00 39.81 2.582 2.451 2.447 2.496 2.519 2.565 2.563 2.584 2.627 2.625 2.634 2.650 2.651 2.638 2.657 2.603 2.462 2.269 2.087 1.917 1.699 1.493 2.582 1.438
8.00 50.12 2.537 2.418 2.421 2.478 2.515 2.574 2.579 2.605 2.649 2.646 2.651 2.659 2.645 2.602 2.594 2.531 2.392 2.203 2.024 1.857 1.641 1.439 2.537 1.460
8.00 63.10 2.489 2.385 2.394 2.461 2.511 2.582 2.593 2.623 2.667 2.659 2.661 2.660 2.629 2.556 2.522 2.449 2.311 2.127 1.950 1.786 1.573 1.375 2.489 1.474
8.00 79.43 2.434 2.347 2.364 2.441 2.502 2.585 2.599 2.632 2.673 2.659 2.656 2.645 2.599 2.497 2.436 2.354 2.219 2.039 1.865 1.704 1.494 1.301 2.434 1.474
8.00 100.00 2.371 2.302 2.326 2.412 2.484 2.574 2.590 2.624 2.659 2.638 2.629 2.607 2.547 2.419 2.336 2.245 2.112 1.937 1.767 1.609 1.402 1.214 2.371 1.452
8.00 125.89 2.293 2.243 2.275 2.370 2.448 2.543 2.558 2.591 2.618 2.589 2.574 2.541 2.468 2.319 2.216 2.119 1.988 1.818 1.651 1.497 1.293 1.110 2.293 1.399
8.00 158.49 2.199 2.167 2.206 2.307 2.388 2.486 2.498 2.527 2.546 2.506 2.485 2.441 2.357 2.193 2.074 1.972 1.844 1.679 1.516 1.365 1.165 0.987 2.199 1.310
8.00 199.53 2.084 2.069 2.113 2.220 2.301 2.398 2.404 2.430 2.438 2.386 2.358 2.303 2.209 2.034 1.906 1.800 1.675 1.516 1.355 1.208 1.011 0.839 2.084 1.182
8.00 251.19 1.949 1.947 1.994 2.105 2.183 2.277 2.275 2.297 2.292 2.226 2.191 2.122 2.021 1.839 1.704 1.597 1.475 1.321 1.165 1.021 0.828 0.661 1.949 1.011
8.00 316.23 1.791 1.799 1.849 1.962 2.034 2.124 2.112 2.128 2.107 2.024 1.979 1.894 1.785 1.601 1.463 1.356 1.237 1.088 0.936 0.795 0.606 0.445 1.791 0.794
8.00 398.11 1.612 1.627 1.676 1.791 1.856 1.938 1.914 1.922 1.882 1.776 1.719 1.613 1.496 1.312 1.173 1.068 0.951 0.808 0.659 0.523 0.337 0.181 1.612 0.529
8.00 501.19 1.412 1.430 1.478 1.594 1.650 1.721 1.681 1.678 1.613 1.478 1.403 1.271 1.144 0.959 0.822 0.719 0.605 0.468 0.323 0.190 0.009 -0.141 1.412 0.210
8.00 630.96 1.190 1.208 1.254 1.371 1.415 1.471 1.410 1.393 1.296 1.121 1.023 0.856 0.715 0.530 0.396 0.296 0.185 0.054 -0.088 -0.217 -0.394 -0.539 1.190 -0.171
8.00 794.33 0.945 0.961 1.004 1.122 1.151 1.188 1.099 1.062 0.921 0.695 0.565 0.352 0.192 0.006 -0.124 -0.221 -0.329 -0.455 -0.592 -0.717 -0.891 -1.030 0.945 -0.627
8.00 1000.00 0.673 0.687 0.726 0.844 0.855 0.865 0.740 0.677 0.478 0.185 0.012 -0.261 -0.447 -0.638 -0.763 -0.856 -0.962 -1.081 -1.215 -1.336 -1.505 -1.638 0.673 -1.173
