AbrahamsonEtAl2015SInter as implemented in OpenQuake, distance is rrup. Log10 hazard values in cgs units
          10 31 23 : nmag, ndist, nperiod
          10.000 7.500 6.000 5.000 4.000 3.000 2.500 2.000 1.500 1.000 0.750 0.600 0.500 0.400 0.300 0.250 0.200 0.150 0.100 0.075 0.050 0.020 PGA PGV
          0.740 0.740 0.740 0.740 0.740 0.740 0.740 0.740 0.740 0.740 0.740 0.740 0.740 0.740 0.740 0.740 0.740 0.740 0.740 0.740 0.740 0.740 0.740 0.740
7.00 1.00 0.694 0.921 1.141 1.317 1.514 1.744 1.893 2.063 2.295 2.589 2.735 2.841 2.938 3.021 3.041 3.062 3.078 3.069 2.970 2.869 2.739 2.742 2.742 1.267
7.00 1.26 0.690 0.917 1.136 1.311 1.508 1.738 1.887 2.057 2.288 2.582 2.727 2.833 2.929 3.012 3.033 3.054 3.070 3.061 2.963 2.861 2.732 2.734 2.734 1.262
7.00 1.58 0.685 0.911 1.130 1.305 1.502 1.731 1.880 2.049 2.280 2.573 2.718 2.823 2.919 3.001 3.022 3.043 3.061 3.051 2.953 2.852 2.722 2.723 2.723 1.255
7.00 2.00 0.679 0.904 1.123 1.297 1.494 1.722 1.870 2.040 2.270 2.562 2.706 2.811 2.906 2.988 3.009 3.031 3.048 3.040 2.942 2.840 2.711 2.711 2.711 1.246
7.00 2.51 0.671 0.896 1.114 1.288 1.484 1.712 1.859 2.028 2.257 2.548 2.692 2.796 2.890 2.972 2.994 3.015 3.033 3.025 2.928 2.826 2.696 2.695 2.695 1.236
7.00 3.16 0.662 0.885 1.103 1.276 1.471 1.698 1.845 2.013 2.242 2.532 2.674 2.777 2.870 2.952 2.974 2.996 3.015 3.007 2.911 2.809 2.679 2.676 2.676 1.223
7.00 3.98 0.650 0.873 1.089 1.262 1.456 1.682 1.829 1.996 2.223 2.512 2.653 2.755 2.846 2.928 2.951 2.973 2.992 2.985 2.889 2.787 2.657 2.653 2.653 1.207
7.00 5.01 0.636 0.857 1.073 1.245 1.438 1.663 1.809 1.975 2.201 2.487 2.628 2.728 2.818 2.899 2.922 2.944 2.965 2.958 2.864 2.761 2.631 2.625 2.625 1.188
7.00 6.31 0.619 0.839 1.054 1.224 1.417 1.639 1.784 1.950 2.174 2.458 2.597 2.696 2.784 2.865 2.888 2.911 2.932 2.926 2.833 2.730 2.600 2.591 2.591 1.165
7.00 7.94 0.599 0.817 1.030 1.200 1.391 1.612 1.756 1.920 2.142 2.424 2.561 2.658 2.744 2.824 2.848 2.870 2.893 2.887 2.795 2.692 2.562 2.552 2.552 1.139
7.00 10.00 0.576 0.791 1.003 1.171 1.360 1.579 1.722 1.884 2.104 2.384 2.519 2.613 2.697 2.776 2.800 2.822 2.846 2.842 2.751 2.648 2.518 2.505 2.505 1.107
7.00 12.59 0.548 0.761 0.971 1.137 1.325 1.541 1.683 1.843 2.061 2.337 2.470 2.562 2.642 2.721 2.745 2.767 2.791 2.788 2.699 2.595 2.466 2.450 2.450 1.070
7.00 15.85 0.516 0.726 0.934 1.098 1.284 1.497 1.637 1.796 2.010 2.283 2.414 2.503 2.580 2.657 2.681 2.702 2.728 2.725 2.638 2.534 2.405 2.387 2.387 1.027
7.00 19.95 0.478 0.685 0.891 1.053 1.236 1.446 1.585 1.741 1.953 2.221 2.350 2.435 2.509 2.584 2.608 2.628 2.655 2.653 2.568 2.464 2.336 2.315 2.315 0.979
7.00 25.12 0.435 0.638 0.842 1.001 1.182 1.389 1.526 1.680 1.887 2.151 2.277 2.360 2.430 2.503 2.526 2.545 2.572 2.571 2.488 2.384 2.257 2.234 2.234 0.923
7.00 31.62 0.385 0.585 0.786 0.943 1.121 1.324 1.458 1.610 1.814 2.073 2.196 2.276 2.342 2.413 2.434 2.452 2.480 2.479 2.399 2.294 2.168 2.145 2.145 0.861
7.00 39.81 0.329 0.524 0.722 0.876 1.052 1.250 1.383 1.532 1.731 1.986 2.106 2.183 2.245 2.314 2.333 2.350 2.378 2.377 2.299 2.194 2.070 2.046 2.046 0.790
7.00 50.12 0.264 0.455 0.650 0.801 0.974 1.168 1.298 1.444 1.639 1.888 2.006 2.080 2.139 2.205 2.223 2.238 2.266 2.265 2.189 2.084 1.963 1.939 1.939 0.712
7.00 63.10 0.190 0.376 0.568 0.716 0.886 1.075 1.203 1.345 1.535 1.780 1.895 1.968 2.022 2.087 2.104 2.116 2.145 2.144 2.071 1.966 1.847 1.824 1.824 0.623
7.00 79.43 0.105 0.286 0.475 0.619 0.786 0.970 1.095 1.235 1.420 1.659 1.772 1.844 1.895 1.959 1.975 1.986 2.015 2.015 1.943 1.838 1.723 1.701 1.701 0.524
7.00 100.00 0.007 0.183 0.368 0.509 0.672 0.851 0.974 1.110 1.290 1.524 1.635 1.707 1.757 1.821 1.836 1.846 1.876 1.876 1.807 1.702 1.590 1.571 1.571 0.412
7.00 125.89 -0.107 0.063 0.245 0.382 0.542 0.715 0.836 0.968 1.143 1.372 1.483 1.557 1.605 1.671 1.687 1.696 1.729 1.729 1.663 1.558 1.450 1.434 1.434 0.285
7.00 158.49 -0.241 -0.076 0.102 0.236 0.392 0.560 0.677 0.806 0.975 1.200 1.311 1.389 1.438 1.508 1.527 1.536 1.572 1.574 1.511 1.406 1.302 1.289 1.289 0.140
7.00 199.53 -0.400 -0.240 -0.066 0.064 0.217 0.379 0.494 0.619 0.783 1.004 1.116 1.201 1.253 1.330 1.355 1.364 1.405 1.410 1.351 1.246 1.147 1.137 1.137 -0.028
7.00 251.19 -0.588 -0.435 -0.264 -0.137 0.011 0.168 0.280 0.401 0.560 0.778 0.893 0.989 1.045 1.133 1.167 1.179 1.227 1.237 1.183 1.078 0.983 0.977 0.977 -0.223
7.00 316.23 -0.815 -0.667 -0.500 -0.377 -0.232 -0.081 0.028 0.146 0.298 0.514 0.636 0.746 0.811 0.915 0.962 0.979 1.036 1.053 1.005 0.900 0.809 0.808 0.808 -0.453
7.00 398.11 -1.088 -0.946 -0.783 -0.664 -0.523 -0.378 -0.271 -0.158 -0.011 0.205 0.334 0.466 0.543 0.670 0.736 0.761 0.831 0.858 0.817 0.711 0.625 0.629 0.629 -0.725
7.00 501.19 -1.421 -1.285 -1.126 -1.010 -0.874 -0.734 -0.630 -0.521 -0.380 -0.163 -0.021 0.138 0.234 0.391 0.484 0.520 0.608 0.647 0.616 0.510 0.429 0.437 0.437 -1.050
7.00 630.96 -1.829 -1.698 -1.543 -1.432 -1.299 -1.165 -1.064 -0.958 -0.823 -0.603 -0.444 -0.248 -0.127 0.071 0.200 0.251 0.362 0.420 0.399 0.294 0.218 0.230 0.230 -1.443
7.00 794.33 -2.330 -2.205 -2.054 -1.946 -1.817 -1.689 -1.592 -1.490 -1.361 -1.134 -0.953 -0.707 -0.553 -0.300 -0.125 -0.052 0.090 0.171 0.165 0.060 -0.012 0.005 0.005 -1.920
7.00 1000.00 -2.949 -2.830 -2.682 -2.579 -2.454 -2.332 -2.237 -2.139 -2.016 -1.779 -1.568 -1.259 -1.060 -0.737 -0.500 -0.398 -0.216 -0.104 -0.093 -0.198 -0.265 -0.242 -0.242 -2.502
7.25 1.00 0.865 1.089 1.307 1.481 1.674 1.893 2.036 2.198 2.420 2.702 2.841 2.942 3.033 3.106 3.113 3.126 3.136 3.119 3.018 2.917 2.793 2.805 2.805 1.388
7.25 1.26 0.861 1.085 1.303 1.477 1.669 1.888 2.030 2.192 2.414 2.696 2.835 2.935 3.025 3.098 3.106 3.119 3.129 3.112 3.011 2.911 2.786 2.798 2.798 1.383
7.25 1.58 0.856 1.080 1.298 1.471 1.663 1.882 2.024 2.185 2.406 2.688 2.826 2.926 3.016 3.089 3.097 3.110 3.120 3.104 3.003 2.903 2.778 2.789 2.789 1.377
7.25 2.00 0.851 1.074 1.291 1.464 1.656 1.874 2.015 2.177 2.397 2.678 2.816 2.915 3.004 3.077 3.086 3.099 3.109 3.094 2.993 2.893 2.768 2.778 2.778 1.369
7.25 2.51 0.844 1.067 1.283 1.456 1.647 1.864 2.005 2.166 2.386 2.666 2.803 2.901 2.990 3.062 3.072 3.085 3.096 3.081 2.981 2.880 2.755 2.764 2.764 1.360
7.25 3.16 0.835 1.057 1.273 1.445 1.636 1.852 1.993 2.153 2.372 2.651 2.787 2.884 2.972 3.045 3.054 3.068 3.080 3.065 2.966 2.865 2.740 2.747 2.747 1.348
7.25 3.98 0.825 1.046 1.261 1.432 1.622 1.838 1.978 2.137 2.355 2.632 2.768 2.864 2.951 3.023 3.034 3.048 3.060 3.046 2.947 2.846 2.721 2.727 2.727 1.334
7.25 5.01 0.813 1.032 1.246 1.417 1.606 1.820 1.959 2.118 2.334 2.610 2.745 2.840 2.925 2.997 3.008 3.023 3.036 3.022 2.925 2.823 2.698 2.702 2.702 1.316
7.25 6.31 0.797 1.015 1.229 1.398 1.586 1.799 1.937 2.095 2.310 2.584 2.717 2.810 2.893 2.966 2.978 2.992 3.007 2.994 2.897 2.795 2.670 2.672 2.672 1.296
7.25 7.94 0.779 0.995 1.207 1.375 1.563 1.773 1.911 2.067 2.280 2.552 2.684 2.775 2.857 2.928 2.941 2.956 2.971 2.960 2.864 2.762 2.637 2.636 2.636 1.271
7.25 10.00 0.757 0.971 1.182 1.349 1.534 1.743 1.880 2.035 2.246 2.515 2.645 2.734 2.813 2.884 2.898 2.913 2.930 2.919 2.825 2.722 2.597 2.593 2.593 1.242
7.25 12.59 0.732 0.943 1.152 1.318 1.502 1.708 1.843 1.997 2.205 2.471 2.599 2.686 2.762 2.833 2.847 2.863 2.881 2.871 2.779 2.676 2.550 2.544 2.544 1.208
7.25 15.85 0.702 0.911 1.118 1.281 1.463 1.667 1.801 1.952 2.158 2.421 2.546 2.631 2.704 2.774 2.788 2.804 2.823 2.815 2.724 2.621 2.496 2.486 2.486 1.168
7.25 19.95 0.667 0.872 1.078 1.239 1.419 1.619 1.752 1.901 2.104 2.363 2.486 2.568 2.638 2.706 2.721 2.736 2.757 2.749 2.661 2.557 2.433 2.420 2.420 1.122
7.25 25.12 0.626 0.828 1.031 1.190 1.368 1.565 1.696 1.843 2.042 2.297 2.417 2.496 2.563 2.630 2.645 2.659 2.681 2.675 2.589 2.485 2.361 2.346 2.346 1.070
7.25 31.62 0.579 0.778 0.978 1.135 1.310 1.503 1.632 1.776 1.972 2.222 2.340 2.416 2.479 2.545 2.559 2.573 2.596 2.590 2.507 2.402 2.279 2.262 2.262 1.010
7.25 39.81 0.526 0.720 0.918 1.071 1.244 1.433 1.560 1.701 1.893 2.138 2.254 2.327 2.386 2.450 2.464 2.476 2.500 2.495 2.415 2.310 2.189 2.170 2.170 0.943
7.25 50.12 0.464 0.654 0.848 0.999 1.169 1.353 1.478 1.617 1.804 2.044 2.157 2.228 2.284 2.346 2.359 2.370 2.395 2.391 2.313 2.208 2.088 2.069 2.069 0.867
7.25 63.10 0.393 0.578 0.769 0.917 1.084 1.263 1.386 1.522 1.704 1.940 2.050 2.120 2.172 2.233 2.245 2.255 2.281 2.277 2.201 2.096 1.979 1.960 1.960 0.782
7.25 79.43 0.310 0.491 0.679 0.823 0.987 1.162 1.282 1.414 1.592 1.822 1.930 1.999 2.049 2.109 2.121 2.129 2.156 2.153 2.080 1.975 1.861 1.842 1.842 0.685
7.25 100.00 0.215 0.390 0.575 0.716 0.876 1.046 1.163 1.293 1.465 1.690 1.797 1.866 1.914 1.975 1.987 1.994 2.023 2.020 1.950 1.845 1.734 1.717 1.717 0.576
7.25 125.89 0.103 0.273 0.455 0.592 0.749 0.913 1.028 1.154 1.321 1.542 1.648 1.719 1.765 1.829 1.842 1.849 1.880 1.879 1.811 1.706 1.599 1.584 1.584 0.452
7.25 158.49 -0.028 0.136 0.314 0.448 0.601 0.760 0.873 0.995 1.157 1.373 1.479 1.555 1.602 1.669 1.686 1.693 1.727 1.728 1.665 1.559 1.456 1.444 1.444 0.309
7.25 199.53 -0.184 -0.025 0.150 0.280 0.429 0.583 0.692 0.811 0.967 1.180 1.288 1.370 1.419 1.494 1.517 1.525 1.564 1.569 1.509 1.404 1.304 1.296 1.296 0.144
7.25 251.19 -0.370 -0.216 -0.046 0.081 0.226 0.374 0.481 0.596 0.747 0.956 1.068 1.161 1.215 1.301 1.333 1.344 1.390 1.399 1.345 1.239 1.144 1.139 1.139 -0.049
7.25 316.23 -0.594 -0.446 -0.279 -0.156 -0.015 0.128 0.232 0.343 0.488 0.696 0.813 0.921 0.984 1.086 1.131 1.147 1.203 1.219 1.171 1.065 0.974 0.974 0.974 -0.276
7.25 398.11 -0.865 -0.723 -0.560 -0.441 -0.303 -0.166 -0.065 0.042 0.181 0.389 0.514 0.643 0.719 0.844 0.908 0.932 1.001 1.027 0.986 0.880 0.794 0.797 0.797 -0.546
7.25 501.19 -1.195 -1.059 -0.900 -0.785 -0.651 -0.519 -0.421 -0.318 -0.185 0.024 0.162 0.318 0.412 0.568 0.659 0.694 0.781 0.820 0.788 0.682 0.601 0.609 0.609 -0.869
7.25 630.96 -1.600 -1.469 -1.314 -1.203 -1.073 -0.948 -0.853 -0.753 -0.625 -0.413 -0.259 -0.065 0.054 0.251 0.377 0.428 0.539 0.595 0.575 0.469 0.392 0.405 0.405 -1.259
7.25 794.33 -2.099 -1.974 -1.823 -1.715 -1.589 -1.470 -1.377 -1.282 -1.160 -0.942 -0.765 -0.522 -0.369 -0.118 0.056 0.128 0.269 0.349 0.343 0.237 0.166 0.183 0.183 -1.733
7.25 1000.00 -2.715 -2.596 -2.449 -2.345 -2.223 -2.110 -2.020 -1.929 -1.813 -1.584 -1.378 -1.071 -0.874 -0.552 -0.317 -0.215 -0.034 0.077 0.088 -0.017 -0.084 -0.062 -0.062 -2.313
7.50 1.00 1.032 1.254 1.470 1.642 1.831 2.040 2.176 2.331 2.544 2.816 2.948 3.044 3.129 3.191 3.186 3.190 3.192 3.168 3.065 2.965 2.846 2.869 2.869 1.507
7.50 1.26 1.028 1.250 1.466 1.638 1.827 2.036 2.171 2.326 2.538 2.810 2.942 3.037 3.122 3.184 3.179 3.184 3.186 3.162 3.059 2.960 2.840 2.862 2.862 1.503
7.50 1.58 1.024 1.246 1.462 1.633 1.821 2.030 2.165 2.320 2.532 2.803 2.935 3.029 3.113 3.176 3.171 3.176 3.178 3.155 3.052 2.952 2.833 2.854 2.854 1.497
7.50 2.00 1.019 1.240 1.456 1.627 1.815 2.023 2.158 2.312 2.523 2.794 2.925 3.019 3.103 3.165 3.161 3.166 3.169 3.146 3.043 2.943 2.824 2.844 2.844 1.490
7.50 2.51 1.013 1.233 1.448 1.619 1.807 2.014 2.149 2.302 2.513 2.783 2.914 3.007 3.090 3.152 3.149 3.154 3.157 3.135 3.033 2.932 2.813 2.832 2.832 1.482
7.50 3.16 1.006 1.225 1.440 1.610 1.797 2.003 2.138 2.291 2.501 2.769 2.899 2.992 3.074 3.136 3.133 3.139 3.143 3.121 3.019 2.919 2.799 2.817 2.817 1.471
7.50 3.98 0.996 1.215 1.429 1.598 1.785 1.990 2.124 2.276 2.485 2.753 2.882 2.973 3.054 3.117 3.115 3.121 3.125 3.104 3.003 2.902 2.782 2.799 2.799 1.458
7.50 5.01 0.985 1.202 1.415 1.584 1.770 1.974 2.107 2.259 2.467 2.732 2.861 2.951 3.031 3.093 3.092 3.098 3.104 3.083 2.983 2.882 2.762 2.777 2.777 1.443
7.50 6.31 0.971 1.187 1.399 1.567 1.752 1.954 2.087 2.238 2.444 2.708 2.835 2.924 3.002 3.065 3.065 3.071 3.078 3.058 2.959 2.857 2.737 2.750 2.750 1.424
7.50 7.94 0.955 1.169 1.380 1.547 1.730 1.931 2.063 2.213 2.417 2.679 2.805 2.892 2.968 3.031 3.032 3.039 3.047 3.028 2.930 2.828 2.708 2.718 2.718 1.401
7.50 10.00 0.935 1.147 1.357 1.522 1.704 1.903 2.034 2.182 2.385 2.645 2.769 2.854 2.928 2.991 2.993 3.000 3.010 2.992 2.895 2.793 2.672 2.680 2.680 1.374
7.50 12.59 0.911 1.121 1.329 1.493 1.674 1.871 2.000 2.147 2.347 2.604 2.727 2.809 2.881 2.943 2.947 2.955 2.966 2.949 2.854 2.751 2.631 2.635 2.635 1.343
7.50 15.85 0.883 1.091 1.297 1.459 1.638 1.832 1.961 2.106 2.303 2.557 2.677 2.758 2.827 2.889 2.893 2.902 2.914 2.899 2.806 2.702 2.582 2.582 2.582 1.305
7.50 19.95 0.851 1.055 1.260 1.420 1.597 1.788 1.915 2.058 2.253 2.502 2.621 2.698 2.765 2.826 2.831 2.840 2.854 2.840 2.749 2.645 2.525 2.522 2.522 1.262
7.50 25.12 0.813 1.014 1.216 1.374 1.549 1.737 1.862 2.003 2.194 2.440 2.556 2.631 2.694 2.754 2.760 2.769 2.785 2.773 2.684 2.580 2.460 2.454 2.454 1.213
7.50 31.62 0.768 0.966 1.166 1.321 1.493 1.678 1.801 1.940 2.127 2.369 2.482 2.555 2.615 2.674 2.680 2.689 2.707 2.696 2.609 2.505 2.386 2.377 2.377 1.156
7.50 39.81 0.717 0.911 1.108 1.261 1.430 1.611 1.732 1.868 2.052 2.289 2.400 2.470 2.526 2.584 2.591 2.599 2.618 2.609 2.525 2.420 2.302 2.291 2.291 1.092
7.50 50.12 0.658 0.847 1.042 1.192 1.358 1.535 1.654 1.787 1.966 2.199 2.307 2.375 2.428 2.485 2.492 2.499 2.520 2.511 2.431 2.326 2.209 2.196 2.196 1.019
7.50 63.10 0.590 0.774 0.966 1.113 1.276 1.448 1.565 1.695 1.870 2.097 2.203 2.270 2.319 2.376 2.383 2.389 2.412 2.404 2.326 2.221 2.106 2.092 2.092 0.937
7.50 79.43 0.510 0.690 0.878 1.022 1.182 1.349 1.464 1.591 1.761 1.983 2.087 2.153 2.200 2.257 2.264 2.270 2.294 2.287 2.212 2.107 1.995 1.980 1.980 0.843
7.50 100.00 0.417 0.592 0.777 0.918 1.075 1.236 1.349 1.472 1.637 1.855 1.957 2.024 2.069 2.127 2.135 2.140 2.166 2.161 2.089 1.984 1.874 1.860 1.860 0.737
7.50 125.89 0.308 0.478 0.659 0.797 0.950 1.107 1.217 1.336 1.496 1.709 1.811 1.880 1.924 1.985 1.995 1.999 2.028 2.025 1.957 1.851 1.745 1.732 1.732 0.615
7.50 158.49 0.179 0.344 0.522 0.655 0.806 0.957 1.064 1.180 1.335 1.544 1.646 1.719 1.764 1.829 1.843 1.848 1.881 1.880 1.815 1.709 1.607 1.597 1.597 0.475
7.50 199.53 0.026 0.185 0.360 0.490 0.636 0.782 0.886 0.999 1.148 1.353 1.457 1.537 1.585 1.657 1.678 1.684 1.722 1.725 1.664 1.559 1.460 1.453 1.453 0.313
7.50 251.19 -0.157 -0.003 0.167 0.293 0.436 0.576 0.678 0.787 0.931 1.133 1.240 1.331 1.383 1.468 1.497 1.507 1.552 1.560 1.504 1.399 1.304 1.300 1.300 0.123
7.50 316.23 -0.378 -0.230 -0.064 0.059 0.198 0.333 0.432 0.537 0.675 0.875 0.988 1.094 1.155 1.255 1.299 1.314 1.369 1.384 1.334 1.229 1.138 1.138 1.138 -0.102
7.50 398.11 -0.647 -0.504 -0.342 -0.223 -0.087 0.041 0.137 0.239 0.371 0.571 0.693 0.819 0.893 1.016 1.079 1.102 1.170 1.195 1.153 1.047 0.961 0.965 0.965 -0.369
7.50 501.19 -0.974 -0.838 -0.679 -0.564 -0.433 -0.309 -0.216 -0.119 0.008 0.209 0.343 0.497 0.589 0.743 0.833 0.867 0.953 0.991 0.958 0.853 0.771 0.780 0.780 -0.690
7.50 630.96 -1.377 -1.246 -1.091 -0.980 -0.852 -0.735 -0.645 -0.551 -0.430 -0.226 -0.075 0.116 0.234 0.429 0.554 0.604 0.714 0.770 0.749 0.643 0.566 0.579 0.579 -1.078
7.50 794.33 -1.873 -1.748 -1.597 -1.489 -1.366 -1.254 -1.167 -1.077 -0.962 -0.751 -0.578 -0.338 -0.186 0.063 0.235 0.307 0.447 0.527 0.520 0.414 0.342 0.359 0.359 -1.550
7.50 1000.00 -2.487 -2.368 -2.220 -2.117 -1.997 -1.892 -1.807 -1.722 -1.612 -1.391 -1.189 -0.884 -0.688 -0.368 -0.134 -0.034 0.147 0.257 0.268 0.162 0.095 0.117 0.117 -2.128
7.75 1.00 1.137 1.356 1.571 1.742 1.926 2.126 2.274 2.443 2.664 2.929 3.056 3.146 3.225 3.276 3.258 3.254 3.247 3.217 3.111 3.013 2.899 2.932 2.932 1.608
7.75 1.26 1.134 1.353 1.568 1.738 1.922 2.122 2.269 2.439 2.659 2.924 3.050 3.140 3.219 3.270 3.252 3.248 3.242 3.212 3.106 3.008 2.894 2.926 2.926 1.604
7.75 1.58 1.130 1.349 1.563 1.734 1.918 2.117 2.264 2.433 2.653 2.917 3.043 3.132 3.211 3.263 3.245 3.241 3.235 3.205 3.100 3.001 2.887 2.919 2.919 1.599
7.75 2.00 1.126 1.344 1.558 1.728 1.912 2.110 2.257 2.426 2.645 2.909 3.035 3.123 3.202 3.253 3.236 3.232 3.227 3.197 3.092 2.993 2.879 2.911 2.911 1.593
7.75 2.51 1.120 1.338 1.552 1.721 1.905 2.102 2.249 2.417 2.636 2.899 3.024 3.112 3.190 3.242 3.225 3.222 3.217 3.187 3.083 2.984 2.869 2.900 2.900 1.585
7.75 3.16 1.113 1.331 1.544 1.713 1.896 2.093 2.239 2.407 2.625 2.887 3.012 3.099 3.175 3.227 3.211 3.208 3.204 3.175 3.071 2.972 2.857 2.886 2.886 1.576
7.75 3.98 1.105 1.321 1.534 1.702 1.884 2.081 2.227 2.394 2.611 2.872 2.996 3.082 3.158 3.210 3.194 3.192 3.189 3.160 3.057 2.957 2.842 2.870 2.870 1.564
7.75 5.01 1.095 1.310 1.522 1.689 1.871 2.066 2.212 2.378 2.594 2.854 2.977 3.062 3.136 3.189 3.174 3.172 3.170 3.142 3.039 2.939 2.824 2.850 2.850 1.550
7.75 6.31 1.082 1.296 1.507 1.674 1.855 2.048 2.193 2.359 2.573 2.831 2.953 3.037 3.110 3.163 3.150 3.148 3.147 3.120 3.018 2.917 2.802 2.826 2.826 1.532
7.75 7.94 1.067 1.280 1.489 1.655 1.835 2.027 2.171 2.336 2.549 2.805 2.925 3.008 3.079 3.132 3.120 3.119 3.119 3.093 2.992 2.891 2.776 2.797 2.797 1.512
7.75 10.00 1.049 1.260 1.468 1.633 1.811 2.001 2.145 2.308 2.519 2.773 2.892 2.973 3.042 3.095 3.085 3.085 3.086 3.061 2.961 2.860 2.744 2.763 2.763 1.487
7.75 12.59 1.027 1.236 1.443 1.606 1.783 1.971 2.113 2.275 2.484 2.735 2.853 2.931 2.999 3.052 3.043 3.044 3.047 3.023 2.925 2.823 2.707 2.723 2.723 1.457
7.75 15.85 1.002 1.208 1.413 1.574 1.750 1.936 2.076 2.237 2.443 2.691 2.807 2.883 2.948 3.002 2.994 2.995 3.000 2.978 2.882 2.779 2.663 2.675 2.675 1.423
7.75 19.95 0.971 1.174 1.378 1.537 1.711 1.894 2.033 2.192 2.395 2.640 2.754 2.828 2.890 2.943 2.938 2.939 2.946 2.926 2.831 2.728 2.612 2.621 2.621 1.383
7.75 25.12 0.936 1.136 1.337 1.494 1.666 1.846 1.983 2.140 2.340 2.581 2.692 2.764 2.824 2.877 2.872 2.875 2.884 2.865 2.773 2.669 2.554 2.558 2.558 1.336
7.75 31.62 0.894 1.090 1.289 1.445 1.614 1.790 1.926 2.080 2.277 2.514 2.623 2.692 2.748 2.801 2.798 2.801 2.812 2.795 2.706 2.602 2.486 2.487 2.487 1.282
7.75 39.81 0.845 1.038 1.235 1.387 1.554 1.726 1.860 2.012 2.205 2.437 2.544 2.611 2.664 2.716 2.715 2.717 2.731 2.716 2.629 2.525 2.410 2.407 2.407 1.221
7.75 50.12 0.789 0.977 1.171 1.321 1.485 1.653 1.785 1.934 2.123 2.351 2.455 2.520 2.570 2.622 2.621 2.624 2.640 2.626 2.543 2.438 2.324 2.319 2.319 1.151
7.75 63.10 0.723 0.907 1.098 1.245 1.405 1.569 1.699 1.845 2.030 2.253 2.355 2.418 2.466 2.518 2.518 2.521 2.539 2.527 2.446 2.341 2.229 2.221 2.221 1.072
7.75 79.43 0.646 0.825 1.013 1.157 1.315 1.474 1.601 1.744 1.924 2.142 2.242 2.305 2.350 2.403 2.405 2.407 2.427 2.417 2.340 2.235 2.124 2.115 2.115 0.981
7.75 100.00 0.556 0.730 0.915 1.055 1.210 1.364 1.489 1.628 1.803 2.017 2.116 2.180 2.223 2.277 2.281 2.282 2.306 2.298 2.224 2.118 2.010 2.001 2.001 0.877
7.75 125.89 0.449 0.619 0.800 0.937 1.088 1.237 1.360 1.496 1.666 1.875 1.973 2.039 2.081 2.139 2.145 2.147 2.174 2.168 2.098 1.992 1.887 1.878 1.878 0.758
7.75 158.49 0.323 0.488 0.665 0.799 0.946 1.090 1.210 1.343 1.507 1.712 1.811 1.881 1.924 1.987 1.998 2.001 2.031 2.028 1.962 1.857 1.755 1.747 1.747 0.621
7.75 199.53 0.173 0.332 0.506 0.636 0.780 0.918 1.036 1.164 1.324 1.525 1.625 1.703 1.749 1.819 1.836 1.841 1.878 1.879 1.817 1.711 1.613 1.608 1.608 0.461
7.75 251.19 -0.008 0.146 0.316 0.442 0.582 0.716 0.830 0.955 1.109 1.308 1.411 1.499 1.550 1.632 1.660 1.668 1.712 1.718 1.662 1.556 1.462 1.459 1.459 0.273
7.75 316.23 -0.226 -0.079 0.088 0.211 0.347 0.475 0.586 0.708 0.856 1.053 1.162 1.265 1.325 1.424 1.465 1.479 1.533 1.546 1.496 1.390 1.300 1.301 1.301 0.051
7.75 398.11 -0.492 -0.350 -0.187 -0.069 0.064 0.186 0.295 0.412 0.555 0.751 0.869 0.993 1.066 1.187 1.248 1.270 1.338 1.362 1.319 1.213 1.127 1.132 1.132 -0.213
7.75 501.19 -0.818 -0.681 -0.522 -0.407 -0.278 -0.162 -0.056 0.058 0.194 0.392 0.522 0.674 0.765 0.918 1.005 1.038 1.124 1.161 1.128 1.022 0.941 0.949 0.949 -0.532
7.75 630.96 -1.217 -1.087 -0.932 -0.821 -0.695 -0.585 -0.482 -0.372 -0.241 -0.040 0.107 0.296 0.412 0.606 0.730 0.779 0.888 0.943 0.921 0.816 0.739 0.752 0.752 -0.917
7.75 794.33 -1.711 -1.586 -1.435 -1.328 -1.206 -1.102 -1.002 -0.896 -0.771 -0.563 -0.394 -0.155 -0.005 0.243 0.414 0.484 0.624 0.703 0.696 0.590 0.518 0.535 0.535 -1.387
7.75 1000.00 -2.322 -2.203 -2.056 -1.953 -1.835 -1.737 -1.639 -1.537 -1.418 -1.200 -1.001 -0.699 -0.504 -0.186 0.047 0.147 0.327 0.437 0.447 0.341 0.274 0.296 0.296 -1.962
8.00 1.00 1.199 1.416 1.629 1.798 1.979 2.170 2.313 2.476 2.688 2.964 3.101 3.199 3.282 3.340 3.329 3.317 3.302 3.265 3.158 3.060 2.952 2.996 2.996 1.637
8.00 1.26 1.197 1.414 1.626 1.795 1.976 2.166 2.309 2.472 2.684 2.959 3.096 3.193 3.277 3.334 3.324 3.312 3.298 3.260 3.153 3.056 2.947 2.991 2.991 1.634
8.00 1.58 1.193 1.410 1.623 1.791 1.972 2.162 2.304 2.467 2.679 2.953 3.090 3.187 3.270 3.328 3.318 3.305 3.292 3.255 3.148 3.050 2.941 2.985 2.985 1.629
8.00 2.00 1.189 1.406 1.618 1.786 1.966 2.156 2.298 2.460 2.672 2.946 3.083 3.179 3.261 3.319 3.310 3.298 3.284 3.248 3.141 3.043 2.934 2.977 2.977 1.624
8.00 2.51 1.185 1.400 1.612 1.780 1.960 2.149 2.291 2.453 2.664 2.937 3.073 3.169 3.251 3.309 3.300 3.288 3.275 3.239 3.132 3.034 2.925 2.967 2.967 1.617
8.00 3.16 1.178 1.393 1.605 1.772 1.952 2.140 2.282 2.443 2.653 2.926 3.062 3.156 3.238 3.296 3.288 3.276 3.264 3.228 3.122 3.024 2.915 2.955 2.955 1.608
8.00 3.98 1.171 1.385 1.596 1.763 1.942 2.129 2.270 2.431 2.641 2.912 3.047 3.141 3.222 3.280 3.273 3.262 3.250 3.215 3.109 3.010 2.901 2.941 2.941 1.598
8.00 5.01 1.162 1.375 1.585 1.751 1.929 2.116 2.257 2.417 2.625 2.896 3.030 3.123 3.202 3.261 3.255 3.244 3.234 3.199 3.093 2.994 2.885 2.923 2.923 1.585
8.00 6.31 1.150 1.362 1.572 1.737 1.915 2.100 2.240 2.399 2.607 2.876 3.009 3.100 3.179 3.238 3.233 3.223 3.213 3.179 3.074 2.975 2.866 2.901 2.901 1.569
8.00 7.94 1.137 1.347 1.556 1.720 1.897 2.080 2.220 2.378 2.584 2.851 2.983 3.073 3.150 3.210 3.206 3.197 3.189 3.155 3.051 2.952 2.842 2.875 2.875 1.550
8.00 10.00 1.120 1.329 1.536 1.700 1.875 2.057 2.195 2.353 2.557 2.822 2.952 3.041 3.117 3.176 3.175 3.166 3.159 3.127 3.024 2.924 2.814 2.844 2.844 1.527
8.00 12.59 1.100 1.307 1.513 1.675 1.849 2.029 2.166 2.322 2.524 2.787 2.916 3.003 3.076 3.137 3.137 3.129 3.124 3.093 2.991 2.891 2.780 2.808 2.808 1.500
8.00 15.85 1.076 1.281 1.485 1.646 1.818 1.996 2.132 2.287 2.486 2.746 2.873 2.958 3.030 3.090 3.092 3.085 3.082 3.053 2.953 2.852 2.741 2.765 2.765 1.468
8.00 19.95 1.048 1.250 1.453 1.611 1.782 1.957 2.092 2.244 2.441 2.698 2.823 2.906 2.975 3.036 3.041 3.035 3.034 3.006 2.908 2.806 2.695 2.715 2.715 1.430
8.00 25.12 1.015 1.213 1.414 1.571 1.739 1.911 2.045 2.196 2.389 2.643 2.766 2.846 2.913 2.974 2.981 2.976 2.977 2.951 2.856 2.753 2.642 2.658 2.658 1.386
8.00 31.62 0.975 1.171 1.369 1.524 1.690 1.859 1.990 2.139 2.329 2.579 2.699 2.778 2.841 2.903 2.912 2.908 2.912 2.889 2.795 2.692 2.581 2.593 2.593 1.335
8.00 39.81 0.929 1.121 1.317 1.469 1.633 1.798 1.928 2.074 2.261 2.506 2.624 2.701 2.761 2.824 2.835 2.831 2.838 2.817 2.726 2.623 2.512 2.519 2.519 1.277
8.00 50.12 0.875 1.063 1.256 1.406 1.567 1.728 1.856 1.999 2.182 2.422 2.539 2.614 2.671 2.734 2.747 2.744 2.754 2.735 2.648 2.544 2.434 2.437 2.437 1.210
8.00 63.10 0.812 0.995 1.186 1.332 1.491 1.647 1.773 1.914 2.092 2.328 2.442 2.516 2.571 2.635 2.650 2.647 2.660 2.643 2.560 2.455 2.346 2.346 2.346 1.133
8.00 79.43 0.738 0.917 1.104 1.247 1.403 1.555 1.678 1.816 1.990 2.221 2.334 2.407 2.459 2.525 2.542 2.540 2.556 2.542 2.462 2.356 2.249 2.247 2.247 1.045
8.00 100.00 0.650 0.824 1.008 1.148 1.301 1.448 1.569 1.703 1.873 2.099 2.211 2.284 2.336 2.403 2.423 2.422 2.441 2.429 2.353 2.248 2.142 2.138 2.138 0.944
8.00 125.89 0.546 0.715 0.896 1.033 1.182 1.324 1.443 1.574 1.738 1.960 2.071 2.147 2.198 2.269 2.293 2.292 2.316 2.307 2.234 2.129 2.026 2.021 2.021 0.828
8.00 158.49 0.423 0.587 0.764 0.898 1.043 1.180 1.296 1.424 1.583 1.801 1.912 1.993 2.044 2.121 2.150 2.151 2.179 2.173 2.105 2.000 1.899 1.896 1.896 0.694
8.00 199.53 0.275 0.434 0.608 0.737 0.879 1.011 1.124 1.248 1.402 1.616 1.730 1.817 1.872 1.957 1.993 1.996 2.030 2.029 1.966 1.861 1.763 1.761 1.761 0.536
8.00 251.19 0.097 0.250 0.420 0.546 0.685 0.811 0.922 1.042 1.190 1.402 1.519 1.617 1.677 1.774 1.821 1.827 1.870 1.874 1.817 1.711 1.617 1.617 1.617 0.351
8.00 316.23 -0.119 0.029 0.195 0.317 0.452 0.573 0.681 0.797 0.940 1.150 1.272 1.386 1.454 1.568 1.630 1.642 1.695 1.707 1.656 1.550 1.460 1.462 1.462 0.132
8.00 398.11 -0.382 -0.240 -0.078 0.041 0.172 0.287 0.392 0.505 0.642 0.851 0.982 1.117 1.198 1.335 1.416 1.437 1.503 1.526 1.483 1.377 1.291 1.297 1.297 -0.131
8.00 501.19 -0.705 -0.569 -0.410 -0.295 -0.168 -0.059 0.043 0.152 0.284 0.495 0.638 0.801 0.900 1.068 1.177 1.209 1.293 1.330 1.296 1.190 1.109 1.118 1.118 -0.447
8.00 630.96 -1.102 -0.972 -0.817 -0.706 -0.583 -0.479 -0.380 -0.275 -0.149 0.065 0.225 0.426 0.551 0.760 0.904 0.952 1.061 1.115 1.093 0.987 0.910 0.923 0.923 -0.830
8.00 794.33 -1.593 -1.469 -1.317 -1.210 -1.091 -0.993 -0.897 -0.796 -0.676 -0.455 -0.272 -0.023 0.136 0.399 0.591 0.661 0.800 0.879 0.871 0.765 0.693 0.710 0.710 -1.297
8.00 1000.00 -2.202 -2.083 -1.936 -1.833 -1.717 -1.625 -1.532 -1.435 -1.321 -1.090 -0.877 -0.564 -0.361 -0.026 0.227 0.326 0.505 0.615 0.625 0.519 0.452 0.474 0.474 -1.870
8.25 1.00 1.258 1.473 1.685 1.852 2.029 2.212 2.350 2.507 2.712 2.979 3.112 3.204 3.283 3.336 3.322 3.307 3.291 3.252 3.145 3.047 2.940 2.984 2.984 1.665
8.25 1.26 1.256 1.471 1.682 1.849 2.026 2.209 2.346 2.503 2.708 2.975 3.107 3.199 3.278 3.331 3.318 3.303 3.287 3.248 3.141 3.043 2.936 2.980 2.980 1.662
8.25 1.58 1.253 1.468 1.678 1.845 2.022 2.204 2.342 2.499 2.704 2.970 3.102 3.193 3.272 3.325 3.312 3.297 3.282 3.243 3.136 3.038 2.931 2.974 2.974 1.658
8.25 2.00 1.250 1.464 1.674 1.841 2.018 2.199 2.337 2.493 2.698 2.963 3.095 3.186 3.264 3.318 3.305 3.290 3.275 3.237 3.130 3.032 2.924 2.967 2.967 1.653
8.25 2.51 1.245 1.459 1.669 1.835 2.012 2.193 2.330 2.486 2.690 2.955 3.086 3.177 3.255 3.308 3.296 3.282 3.267 3.229 3.122 3.024 2.916 2.959 2.959 1.647
8.25 3.16 1.240 1.453 1.663 1.828 2.004 2.185 2.322 2.478 2.681 2.945 3.076 3.166 3.243 3.297 3.285 3.271 3.257 3.219 3.113 3.014 2.907 2.948 2.948 1.639
8.25 3.98 1.233 1.445 1.654 1.820 1.995 2.175 2.312 2.467 2.669 2.933 3.063 3.152 3.228 3.283 3.272 3.258 3.244 3.207 3.101 3.002 2.895 2.935 2.935 1.630
8.25 5.01 1.225 1.436 1.645 1.809 1.984 2.163 2.299 2.454 2.655 2.918 3.047 3.135 3.211 3.265 3.255 3.242 3.229 3.192 3.087 2.988 2.880 2.919 2.919 1.618
8.25 6.31 1.215 1.424 1.633 1.797 1.971 2.148 2.284 2.438 2.638 2.899 3.027 3.115 3.189 3.244 3.235 3.222 3.211 3.174 3.070 2.970 2.862 2.899 2.899 1.603
8.25 7.94 1.202 1.411 1.618 1.781 1.954 2.131 2.265 2.418 2.617 2.877 3.004 3.090 3.163 3.218 3.211 3.199 3.188 3.153 3.049 2.949 2.841 2.875 2.875 1.586
8.25 10.00 1.187 1.394 1.600 1.762 1.934 2.109 2.243 2.395 2.592 2.850 2.976 3.061 3.132 3.188 3.182 3.170 3.161 3.127 3.024 2.923 2.815 2.847 2.847 1.565
8.25 12.59 1.169 1.374 1.579 1.739 1.910 2.083 2.216 2.367 2.563 2.818 2.942 3.025 3.095 3.151 3.147 3.136 3.129 3.095 2.994 2.893 2.784 2.814 2.814 1.540
8.25 15.85 1.147 1.349 1.553 1.712 1.882 2.052 2.184 2.334 2.527 2.779 2.902 2.984 3.052 3.108 3.106 3.096 3.090 3.059 2.958 2.857 2.748 2.774 2.774 1.510
8.25 19.95 1.120 1.321 1.522 1.680 1.848 2.016 2.147 2.294 2.485 2.735 2.856 2.935 3.001 3.058 3.057 3.049 3.045 3.015 2.917 2.814 2.705 2.728 2.728 1.475
8.25 25.12 1.089 1.287 1.486 1.642 1.808 1.973 2.103 2.248 2.436 2.682 2.801 2.879 2.942 3.000 3.002 2.994 2.993 2.964 2.868 2.765 2.656 2.675 2.675 1.433
8.25 31.62 1.052 1.246 1.444 1.598 1.761 1.924 2.051 2.195 2.379 2.622 2.739 2.814 2.875 2.933 2.937 2.930 2.932 2.906 2.812 2.708 2.599 2.614 2.614 1.385
8.25 39.81 1.008 1.199 1.394 1.546 1.707 1.866 1.991 2.133 2.314 2.552 2.667 2.741 2.799 2.857 2.864 2.858 2.862 2.838 2.747 2.643 2.534 2.545 2.545 1.330
8.25 50.12 0.957 1.144 1.336 1.485 1.644 1.799 1.922 2.061 2.238 2.473 2.585 2.657 2.713 2.772 2.781 2.776 2.783 2.761 2.673 2.569 2.461 2.467 2.467 1.265
8.25 63.10 0.896 1.079 1.269 1.415 1.571 1.721 1.843 1.979 2.152 2.382 2.493 2.564 2.616 2.677 2.688 2.683 2.694 2.675 2.590 2.485 2.378 2.381 2.381 1.192
8.25 79.43 0.824 1.002 1.189 1.332 1.485 1.632 1.751 1.884 2.053 2.278 2.387 2.458 2.509 2.571 2.585 2.581 2.595 2.578 2.497 2.392 2.285 2.286 2.286 1.107
8.25 100.00 0.739 0.913 1.097 1.236 1.386 1.528 1.645 1.775 1.939 2.159 2.268 2.339 2.389 2.453 2.470 2.467 2.484 2.471 2.393 2.288 2.183 2.182 2.182 1.009
8.25 125.89 0.638 0.807 0.987 1.124 1.271 1.407 1.522 1.648 1.807 2.024 2.131 2.206 2.254 2.323 2.344 2.342 2.364 2.353 2.280 2.174 2.072 2.069 2.069 0.895
8.25 158.49 0.517 0.681 0.858 0.991 1.134 1.266 1.378 1.501 1.655 1.867 1.976 2.054 2.104 2.179 2.205 2.205 2.231 2.224 2.156 2.050 1.950 1.948 1.948 0.763
8.25 199.53 0.372 0.530 0.704 0.834 0.973 1.099 1.209 1.329 1.477 1.686 1.796 1.882 1.935 2.018 2.052 2.054 2.087 2.085 2.021 1.915 1.818 1.817 1.817 0.608
8.25 251.19 0.197 0.349 0.519 0.645 0.782 0.902 1.009 1.125 1.268 1.475 1.588 1.685 1.743 1.839 1.883 1.889 1.930 1.934 1.876 1.770 1.676 1.677 1.677 0.426
8.25 316.23 -0.017 0.130 0.297 0.419 0.552 0.667 0.771 0.883 1.021 1.225 1.345 1.457 1.524 1.636 1.696 1.707 1.759 1.770 1.719 1.613 1.523 1.526 1.526 0.209
8.25 398.11 -0.278 -0.136 0.027 0.145 0.274 0.384 0.485 0.593 0.726 0.930 1.058 1.191 1.271 1.406 1.486 1.506 1.571 1.593 1.549 1.443 1.358 1.364 1.364 -0.051
8.25 501.19 -0.598 -0.462 -0.303 -0.188 -0.063 0.041 0.139 0.244 0.370 0.576 0.716 0.877 0.976 1.142 1.249 1.281 1.365 1.401 1.366 1.260 1.179 1.188 1.188 -0.365
8.25 630.96 -0.993 -0.862 -0.707 -0.596 -0.475 -0.377 -0.281 -0.180 -0.060 0.149 0.306 0.505 0.629 0.837 0.980 1.027 1.135 1.189 1.166 1.060 0.983 0.997 0.997 -0.745
8.25 794.33 -1.481 -1.356 -1.205 -1.098 -0.981 -0.889 -0.796 -0.699 -0.584 -0.368 -0.189 0.059 0.217 0.479 0.669 0.739 0.878 0.956 0.947 0.841 0.769 0.786 0.786 -1.210
8.25 1000.00 -2.087 -1.968 -1.821 -1.718 -1.605 -1.518 -1.428 -1.335 -1.226 -1.000 -0.791 -0.480 -0.277 0.056 0.308 0.407 0.586 0.695 0.704 0.598 0.531 0.553 0.553 -1.781
8.50 1.00 1.314 1.527 1.736 1.902 2.076 2.251 2.385 2.537 2.736 2.995 3.122 3.210 3.284 3.334 3.316 3.298 3.281 3.240 3.133 3.035 2.929 2.974 2.974 1.692
8.50 1.26 1.312 1.524 1.734 1.899 2.073 2.249 2.382 2.534 2.732 2.991 3.118 3.205 3.280 3.329 3.312 3.294 3.277 3.237 3.129 3.031 2.925 2.970 2.970 1.689
8.50 1.58 1.310 1.522 1.731 1.896 2.070 2.245 2.378 2.530 2.728 2.986 3.113 3.200 3.274 3.324 3.307 3.289 3.272 3.232 3.125 3.027 2.921 2.965 2.965 1.686
8.50 2.00 1.307 1.518 1.727 1.892 2.066 2.240 2.373 2.525 2.722 2.980 3.107 3.194 3.267 3.317 3.300 3.283 3.266 3.226 3.119 3.021 2.915 2.959 2.959 1.681
8.50 2.51 1.303 1.514 1.722 1.887 2.060 2.234 2.367 2.518 2.716 2.973 3.099 3.185 3.259 3.308 3.292 3.275 3.259 3.219 3.112 3.014 2.908 2.951 2.951 1.676
8.50 3.16 1.298 1.508 1.717 1.881 2.054 2.227 2.360 2.511 2.707 2.964 3.090 3.175 3.248 3.298 3.282 3.266 3.250 3.210 3.104 3.005 2.899 2.941 2.941 1.669
8.50 3.98 1.292 1.501 1.709 1.873 2.046 2.218 2.350 2.501 2.697 2.953 3.078 3.163 3.235 3.285 3.270 3.254 3.239 3.199 3.093 2.994 2.888 2.929 2.929 1.660
8.50 5.01 1.284 1.493 1.700 1.864 2.036 2.207 2.339 2.489 2.684 2.939 3.063 3.148 3.219 3.269 3.255 3.239 3.225 3.186 3.081 2.981 2.875 2.915 2.915 1.649
8.50 6.31 1.275 1.483 1.689 1.852 2.023 2.194 2.325 2.474 2.668 2.922 3.046 3.129 3.199 3.250 3.237 3.221 3.208 3.170 3.065 2.965 2.859 2.897 2.897 1.636
8.50 7.94 1.264 1.470 1.676 1.838 2.008 2.178 2.308 2.457 2.649 2.901 3.024 3.106 3.176 3.227 3.215 3.200 3.187 3.150 3.046 2.946 2.839 2.875 2.875 1.620
8.50 10.00 1.250 1.455 1.660 1.820 1.990 2.158 2.288 2.435 2.626 2.877 2.998 3.079 3.147 3.198 3.188 3.174 3.163 3.126 3.023 2.922 2.816 2.850 2.850 1.601
8.50 12.59 1.233 1.436 1.640 1.799 1.968 2.134 2.263 2.409 2.599 2.847 2.967 3.047 3.113 3.165 3.156 3.143 3.133 3.098 2.995 2.894 2.787 2.819 2.819 1.578
8.50 15.85 1.212 1.414 1.616 1.774 1.941 2.105 2.233 2.378 2.566 2.811 2.930 3.008 3.073 3.125 3.118 3.105 3.098 3.064 2.963 2.861 2.754 2.782 2.782 1.550
8.50 19.95 1.188 1.387 1.588 1.744 1.910 2.071 2.198 2.341 2.527 2.770 2.887 2.963 3.025 3.078 3.073 3.062 3.056 3.023 2.924 2.822 2.715 2.740 2.740 1.517
8.50 25.12 1.159 1.355 1.554 1.709 1.872 2.031 2.157 2.298 2.481 2.720 2.836 2.910 2.970 3.024 3.021 3.010 3.007 2.976 2.879 2.776 2.669 2.690 2.690 1.478
8.50 31.62 1.124 1.317 1.514 1.667 1.828 1.984 2.108 2.248 2.427 2.663 2.777 2.849 2.907 2.961 2.961 2.951 2.950 2.922 2.827 2.723 2.616 2.633 2.633 1.433
8.50 39.81 1.082 1.272 1.467 1.617 1.777 1.929 2.051 2.189 2.365 2.597 2.708 2.779 2.834 2.890 2.892 2.883 2.885 2.858 2.766 2.662 2.555 2.569 2.569 1.380
8.50 50.12 1.033 1.219 1.411 1.560 1.716 1.865 1.985 2.120 2.292 2.521 2.630 2.700 2.752 2.809 2.813 2.805 2.810 2.786 2.697 2.593 2.486 2.496 2.496 1.318
8.50 63.10 0.975 1.157 1.346 1.492 1.646 1.791 1.909 2.041 2.209 2.433 2.541 2.610 2.660 2.717 2.725 2.718 2.726 2.704 2.619 2.514 2.408 2.414 2.414 1.247
8.50 79.43 0.906 1.083 1.270 1.412 1.563 1.704 1.820 1.949 2.113 2.333 2.439 2.508 2.556 2.616 2.626 2.620 2.631 2.613 2.530 2.425 2.320 2.324 2.324 1.165
8.50 100.00 0.823 0.996 1.180 1.319 1.467 1.603 1.717 1.843 2.002 2.218 2.323 2.393 2.440 2.502 2.516 2.510 2.526 2.510 2.432 2.327 2.223 2.224 2.224 1.070
8.50 125.89 0.725 0.893 1.073 1.209 1.354 1.485 1.597 1.720 1.874 2.085 2.190 2.262 2.309 2.376 2.394 2.390 2.410 2.397 2.323 2.218 2.116 2.116 2.116 0.959
8.50 158.49 0.606 0.770 0.947 1.079 1.221 1.347 1.456 1.575 1.725 1.932 2.038 2.114 2.163 2.235 2.259 2.257 2.282 2.274 2.204 2.098 1.999 1.999 1.999 0.830
8.50 199.53 0.464 0.622 0.795 0.925 1.063 1.184 1.290 1.406 1.550 1.754 1.861 1.945 1.997 2.078 2.110 2.111 2.142 2.139 2.074 1.968 1.872 1.872 1.872 0.678
8.50 251.19 0.291 0.443 0.613 0.739 0.874 0.989 1.093 1.205 1.344 1.545 1.656 1.751 1.808 1.902 1.945 1.949 1.989 1.992 1.933 1.827 1.734 1.736 1.736 0.498
8.50 316.23 0.080 0.227 0.393 0.515 0.646 0.756 0.857 0.966 1.099 1.299 1.416 1.526 1.592 1.703 1.761 1.771 1.822 1.833 1.780 1.674 1.585 1.589 1.589 0.283
8.50 398.11 -0.178 -0.037 0.126 0.244 0.371 0.476 0.574 0.679 0.807 1.006 1.132 1.263 1.342 1.476 1.554 1.573 1.638 1.659 1.615 1.509 1.423 1.430 1.430 0.026
8.50 501.19 -0.496 -0.360 -0.201 -0.087 0.037 0.136 0.231 0.332 0.454 0.655 0.793 0.952 1.050 1.215 1.321 1.351 1.435 1.470 1.435 1.329 1.248 1.258 1.258 -0.285
8.50 630.96 -0.888 -0.758 -0.603 -0.492 -0.373 -0.279 -0.187 -0.090 0.027 0.231 0.386 0.583 0.706 0.913 1.054 1.101 1.208 1.262 1.239 1.132 1.056 1.069 1.069 -0.664
8.50 794.33 -1.374 -1.250 -1.098 -0.991 -0.876 -0.788 -0.699 -0.605 -0.495 -0.284 -0.107 0.139 0.296 0.558 0.747 0.816 0.954 1.031 1.023 0.916 0.844 0.862 0.862 -1.126
8.50 1000.00 -1.978 -1.859 -1.712 -1.609 -1.497 -1.415 -1.329 -1.239 -1.134 -0.913 -0.706 -0.396 -0.195 0.137 0.389 0.487 0.665 0.774 0.783 0.677 0.609 0.631 0.631 -1.695
8.75 1.00 1.367 1.577 1.785 1.949 2.120 2.289 2.418 2.566 2.758 3.010 3.133 3.216 3.286 3.331 3.310 3.290 3.271 3.229 3.122 3.023 2.919 2.964 2.964 1.718
8.75 1.26 1.365 1.575 1.783 1.947 2.118 2.286 2.416 2.563 2.755 3.007 3.129 3.212 3.282 3.327 3.306 3.287 3.268 3.226 3.118 3.020 2.915 2.961 2.961 1.715
8.75 1.58 1.363 1.572 1.780 1.944 2.114 2.283 2.412 2.559 2.751 3.002 3.125 3.207 3.277 3.323 3.302 3.282 3.264 3.221 3.114 3.016 2.911 2.956 2.956 1.712
8.75 2.00 1.360 1.569 1.777 1.940 2.111 2.278 2.408 2.555 2.746 2.997 3.119 3.201 3.271 3.316 3.296 3.276 3.258 3.216 3.109 3.011 2.906 2.951 2.951 1.708
8.75 2.51 1.357 1.565 1.772 1.935 2.106 2.273 2.402 2.549 2.740 2.991 3.112 3.194 3.263 3.309 3.289 3.269 3.252 3.210 3.103 3.004 2.900 2.944 2.944 1.703
8.75 3.16 1.352 1.560 1.767 1.930 2.100 2.267 2.395 2.542 2.733 2.982 3.104 3.185 3.254 3.299 3.280 3.261 3.243 3.202 3.095 2.996 2.892 2.935 2.935 1.697
8.75 3.98 1.347 1.554 1.760 1.923 2.092 2.259 2.387 2.533 2.723 2.972 3.093 3.174 3.242 3.288 3.269 3.250 3.233 3.192 3.086 2.987 2.882 2.924 2.924 1.689
8.75 5.01 1.340 1.546 1.752 1.914 2.083 2.249 2.377 2.522 2.712 2.960 3.080 3.160 3.227 3.273 3.255 3.237 3.221 3.180 3.074 2.975 2.870 2.911 2.911 1.679
8.75 6.31 1.331 1.537 1.742 1.904 2.072 2.237 2.364 2.509 2.697 2.944 3.064 3.143 3.209 3.256 3.239 3.221 3.205 3.165 3.060 2.960 2.855 2.895 2.895 1.667
8.75 7.94 1.321 1.526 1.730 1.891 2.058 2.222 2.349 2.493 2.680 2.925 3.044 3.122 3.188 3.235 3.219 3.201 3.187 3.147 3.043 2.943 2.838 2.876 2.876 1.652
8.75 10.00 1.308 1.512 1.715 1.875 2.041 2.203 2.330 2.473 2.659 2.902 3.020 3.097 3.162 3.209 3.194 3.177 3.164 3.125 3.022 2.921 2.816 2.852 2.852 1.635
8.75 12.59 1.293 1.494 1.697 1.855 2.021 2.181 2.307 2.449 2.633 2.875 2.991 3.067 3.130 3.178 3.165 3.148 3.137 3.099 2.997 2.896 2.790 2.824 2.824 1.613
8.75 15.85 1.274 1.474 1.675 1.832 1.996 2.155 2.279 2.420 2.602 2.842 2.957 3.032 3.093 3.141 3.130 3.114 3.104 3.068 2.966 2.865 2.760 2.790 2.790 1.587
8.75 19.95 1.251 1.449 1.648 1.804 1.967 2.123 2.247 2.386 2.566 2.803 2.917 2.990 3.049 3.098 3.088 3.074 3.066 3.031 2.931 2.829 2.723 2.751 2.751 1.557
8.75 25.12 1.224 1.419 1.617 1.771 1.932 2.086 2.208 2.345 2.523 2.757 2.869 2.940 2.997 3.047 3.040 3.026 3.020 2.987 2.889 2.787 2.681 2.705 2.705 1.520
8.75 31.62 1.191 1.383 1.579 1.731 1.890 2.041 2.162 2.297 2.472 2.703 2.813 2.883 2.938 2.988 2.983 2.971 2.967 2.936 2.840 2.737 2.632 2.652 2.652 1.477
8.75 39.81 1.152 1.340 1.534 1.684 1.841 1.989 2.108 2.241 2.413 2.640 2.748 2.816 2.869 2.920 2.918 2.907 2.906 2.877 2.784 2.680 2.575 2.592 2.592 1.427
8.75 50.12 1.105 1.290 1.481 1.629 1.784 1.928 2.045 2.176 2.344 2.567 2.673 2.740 2.791 2.843 2.844 2.833 2.836 2.810 2.719 2.615 2.510 2.523 2.523 1.368
8.75 63.10 1.049 1.230 1.419 1.564 1.716 1.856 1.971 2.100 2.264 2.483 2.588 2.654 2.702 2.757 2.760 2.750 2.756 2.733 2.646 2.541 2.436 2.446 2.446 1.300
8.75 79.43 0.982 1.159 1.345 1.487 1.637 1.772 1.886 2.011 2.171 2.386 2.489 2.556 2.602 2.659 2.666 2.657 2.666 2.646 2.562 2.457 2.354 2.360 2.360 1.221
8.75 100.00 0.902 1.075 1.258 1.397 1.543 1.674 1.785 1.908 2.063 2.274 2.377 2.444 2.490 2.549 2.560 2.552 2.566 2.548 2.469 2.363 2.261 2.265 2.265 1.128
8.75 125.89 0.806 0.974 1.154 1.290 1.433 1.560 1.668 1.787 1.938 2.145 2.247 2.317 2.363 2.427 2.442 2.436 2.455 2.440 2.365 2.259 2.159 2.162 2.162 1.020
8.75 158.49 0.690 0.853 1.030 1.162 1.302 1.424 1.530 1.646 1.792 1.995 2.098 2.173 2.220 2.290 2.312 2.308 2.331 2.321 2.251 2.145 2.047 2.049 2.049 0.893
8.75 199.53 0.550 0.708 0.881 1.010 1.147 1.263 1.367 1.480 1.620 1.820 1.925 2.007 2.057 2.137 2.167 2.166 2.196 2.191 2.125 2.020 1.924 1.926 1.926 0.744
8.75 251.19 0.380 0.532 0.702 0.828 0.960 1.072 1.173 1.282 1.417 1.614 1.723 1.816 1.872 1.964 2.005 2.008 2.047 2.049 1.989 1.883 1.791 1.794 1.794 0.566
8.75 316.23 0.171 0.318 0.484 0.607 0.736 0.842 0.940 1.045 1.175 1.371 1.485 1.594 1.659 1.768 1.824 1.834 1.884 1.893 1.840 1.734 1.646 1.650 1.650 0.354
8.75 398.11 -0.084 0.057 0.220 0.338 0.464 0.564 0.659 0.761 0.885 1.080 1.204 1.334 1.412 1.544 1.621 1.639 1.704 1.724 1.679 1.573 1.488 1.495 1.495 0.099
8.75 501.19 -0.399 -0.264 -0.105 0.010 0.132 0.226 0.319 0.417 0.536 0.732 0.868 1.026 1.122 1.287 1.391 1.421 1.504 1.538 1.503 1.397 1.316 1.326 1.326 -0.209
8.75 630.96 -0.789 -0.659 -0.504 -0.393 -0.275 -0.186 -0.096 -0.002 0.111 0.311 0.464 0.659 0.781 0.987 1.128 1.174 1.281 1.334 1.310 1.204 1.127 1.141 1.141 -0.585
8.75 794.33 -1.272 -1.148 -0.997 -0.890 -0.776 -0.693 -0.606 -0.515 -0.408 -0.201 -0.026 0.219 0.374 0.635 0.823 0.891 1.029 1.106 1.097 0.991 0.919 0.937 0.937 -1.046
8.75 1000.00 -1.873 -1.755 -1.608 -1.505 -1.394 -1.317 -1.233 -1.146 -1.045 -0.828 -0.623 -0.315 -0.114 0.218 0.468 0.565 0.743 0.852 0.860 0.754 0.687 0.709 0.709 -1.612
9.00 1.00 1.417 1.624 1.830 1.992 2.161 2.324 2.450 2.593 2.780 3.026 3.144 3.223 3.289 3.330 3.305 3.283 3.262 3.218 3.111 3.012 2.909 2.956 2.956 1.743
9.00 1.26 1.415 1.622 1.828 1.990 2.159 2.321 2.447 2.590 2.777 3.023 3.141 3.219 3.285 3.326 3.302 3.280 3.259 3.215 3.108 3.009 2.906 2.952 2.952 1.740
9.00 1.58 1.413 1.620 1.826 1.988 2.156 2.318 2.444 2.587 2.774 3.019 3.137 3.215 3.281 3.322 3.298 3.275 3.255 3.211 3.104 3.005 2.902 2.948 2.948 1.737
9.00 2.00 1.410 1.617 1.823 1.984 2.152 2.314 2.440 2.583 2.769 3.014 3.132 3.210 3.275 3.317 3.292 3.270 3.250 3.207 3.100 3.001 2.898 2.943 2.943 1.734
9.00 2.51 1.407 1.613 1.819 1.980 2.148 2.310 2.435 2.578 2.764 3.008 3.126 3.203 3.268 3.310 3.286 3.264 3.244 3.201 3.094 2.995 2.892 2.937 2.937 1.729
9.00 3.16 1.403 1.609 1.814 1.975 2.143 2.304 2.429 2.571 2.757 3.000 3.118 3.195 3.260 3.301 3.278 3.256 3.237 3.194 3.087 2.988 2.885 2.929 2.929 1.723
9.00 3.98 1.398 1.603 1.808 1.969 2.136 2.296 2.422 2.563 2.748 2.991 3.108 3.185 3.249 3.291 3.268 3.247 3.228 3.185 3.079 2.979 2.876 2.920 2.920 1.716
9.00 5.01 1.392 1.596 1.801 1.961 2.127 2.287 2.412 2.554 2.738 2.980 3.096 3.172 3.236 3.278 3.256 3.235 3.217 3.174 3.068 2.969 2.865 2.908 2.908 1.707
9.00 6.31 1.384 1.588 1.792 1.951 2.117 2.276 2.401 2.541 2.725 2.966 3.081 3.157 3.219 3.262 3.241 3.220 3.203 3.161 3.055 2.955 2.852 2.893 2.893 1.696
9.00 7.94 1.375 1.577 1.780 1.939 2.105 2.263 2.386 2.526 2.709 2.948 3.063 3.138 3.200 3.242 3.222 3.202 3.186 3.144 3.040 2.939 2.836 2.876 2.876 1.683
9.00 10.00 1.363 1.564 1.767 1.925 2.089 2.246 2.369 2.508 2.689 2.927 3.041 3.115 3.176 3.219 3.200 3.180 3.165 3.124 3.020 2.920 2.816 2.854 2.854 1.666
9.00 12.59 1.349 1.549 1.750 1.907 2.070 2.225 2.348 2.486 2.666 2.902 3.015 3.087 3.147 3.190 3.173 3.154 3.140 3.100 2.997 2.896 2.793 2.828 2.828 1.647
9.00 15.85 1.331 1.529 1.729 1.885 2.047 2.201 2.322 2.459 2.637 2.871 2.983 3.054 3.112 3.156 3.141 3.122 3.110 3.072 2.970 2.868 2.765 2.798 2.798 1.623
9.00 19.95 1.310 1.506 1.705 1.859 2.020 2.171 2.292 2.427 2.603 2.835 2.945 3.015 3.071 3.116 3.102 3.085 3.074 3.037 2.937 2.835 2.731 2.762 2.762 1.594
9.00 25.12 1.285 1.478 1.675 1.828 1.987 2.136 2.255 2.389 2.563 2.791 2.900 2.969 3.023 3.069 3.057 3.041 3.032 2.997 2.898 2.796 2.692 2.719 2.719 1.560
9.00 31.62 1.254 1.444 1.639 1.791 1.948 2.094 2.212 2.344 2.515 2.740 2.848 2.915 2.967 3.014 3.005 2.989 2.983 2.950 2.853 2.750 2.646 2.670 2.670 1.519
9.00 39.81 1.216 1.404 1.597 1.746 1.901 2.044 2.161 2.291 2.458 2.681 2.786 2.852 2.902 2.950 2.944 2.929 2.926 2.895 2.801 2.697 2.593 2.613 2.613 1.472
9.00 50.12 1.172 1.356 1.547 1.693 1.846 1.986 2.101 2.228 2.392 2.611 2.715 2.780 2.828 2.877 2.874 2.860 2.860 2.831 2.740 2.636 2.533 2.549 2.549 1.415
9.00 63.10 1.118 1.298 1.487 1.631 1.781 1.917 2.030 2.155 2.315 2.530 2.633 2.697 2.743 2.794 2.794 2.782 2.785 2.759 2.671 2.566 2.464 2.476 2.476 1.350
9.00 79.43 1.054 1.230 1.415 1.557 1.705 1.836 1.947 2.070 2.226 2.437 2.538 2.602 2.647 2.700 2.704 2.693 2.700 2.677 2.592 2.487 2.385 2.395 2.395 1.273
9.00 100.00 0.976 1.148 1.331 1.469 1.614 1.741 1.850 1.970 2.121 2.328 2.428 2.494 2.538 2.595 2.602 2.593 2.604 2.584 2.504 2.399 2.298 2.305 2.305 1.183
9.00 125.89 0.882 1.050 1.229 1.365 1.507 1.629 1.735 1.852 1.999 2.202 2.302 2.371 2.415 2.476 2.489 2.481 2.498 2.481 2.405 2.300 2.201 2.205 2.205 1.078
9.00 158.49 0.769 0.932 1.108 1.240 1.379 1.497 1.600 1.714 1.856 2.055 2.156 2.230 2.275 2.343 2.363 2.357 2.379 2.367 2.296 2.190 2.093 2.097 2.097 0.954
9.00 199.53 0.632 0.789 0.962 1.091 1.226 1.339 1.440 1.550 1.687 1.883 1.986 2.067 2.116 2.194 2.221 2.219 2.248 2.242 2.175 2.069 1.975 1.979 1.979 0.807
9.00 251.19 0.464 0.616 0.785 0.911 1.042 1.150 1.248 1.355 1.487 1.680 1.787 1.879 1.934 2.024 2.064 2.066 2.104 2.104 2.043 1.937 1.846 1.850 1.850 0.632
9.00 316.23 0.258 0.404 0.570 0.692 0.820 0.923 1.019 1.121 1.248 1.440 1.553 1.660 1.724 1.832 1.887 1.895 1.944 1.953 1.899 1.793 1.705 1.711 1.711 0.423
9.00 398.11 0.005 0.146 0.308 0.426 0.551 0.647 0.741 0.840 0.961 1.153 1.274 1.403 1.480 1.612 1.687 1.704 1.768 1.787 1.742 1.635 1.551 1.559 1.559 0.170
9.00 501.19 -0.308 -0.172 -0.014 0.101 0.221 0.313 0.403 0.498 0.614 0.807 0.941 1.098 1.194 1.357 1.460 1.489 1.571 1.605 1.569 1.463 1.383 1.394 1.394 -0.136
9.00 630.96 -0.695 -0.565 -0.410 -0.300 -0.183 -0.097 -0.010 0.082 0.192 0.389 0.540 0.734 0.855 1.060 1.200 1.246 1.352 1.404 1.380 1.274 1.197 1.212 1.212 -0.510
9.00 794.33 -1.176 -1.052 -0.901 -0.794 -0.681 -0.601 -0.516 -0.428 -0.324 -0.121 0.053 0.296 0.451 0.711 0.898 0.966 1.104 1.180 1.171 1.064 0.992 1.011 1.011 -0.968
9.00 1000.00 -1.775 -1.656 -1.509 -1.406 -1.297 -1.223 -1.141 -1.057 -0.959 -0.745 -0.541 -0.234 -0.034 0.296 0.546 0.643 0.821 0.928 0.937 0.831 0.763 0.786 0.786 -1.531
9.25 1.00 1.463 1.667 1.872 2.033 2.199 2.356 2.480 2.619 2.802 3.041 3.156 3.230 3.292 3.329 3.301 3.276 3.254 3.208 3.101 3.002 2.900 2.948 2.948 1.766
9.25 1.26 1.461 1.666 1.870 2.031 2.197 2.354 2.477 2.617 2.799 3.038 3.153 3.227 3.289 3.326 3.298 3.273 3.251 3.205 3.098 2.999 2.898 2.945 2.945 1.764
9.25 1.58 1.459 1.664 1.868 2.028 2.194 2.351 2.474 2.614 2.796 3.035 3.149 3.223 3.285 3.322 3.294 3.269 3.248 3.202 3.095 2.996 2.894 2.941 2.941 1.761
9.25 2.00 1.457 1.661 1.865 2.025 2.191 2.348 2.471 2.610 2.792 3.030 3.145 3.219 3.280 3.317 3.290 3.265 3.243 3.198 3.091 2.992 2.890 2.937 2.937 1.758
9.25 2.51 1.454 1.658 1.862 2.022 2.187 2.344 2.466 2.605 2.787 3.025 3.139 3.213 3.274 3.311 3.284 3.259 3.238 3.193 3.086 2.987 2.885 2.931 2.931 1.754
9.25 3.16 1.451 1.654 1.857 2.017 2.182 2.338 2.461 2.599 2.780 3.018 3.132 3.205 3.266 3.303 3.276 3.252 3.231 3.186 3.080 2.980 2.879 2.924 2.924 1.748
9.25 3.98 1.446 1.649 1.852 2.011 2.176 2.332 2.454 2.592 2.773 3.010 3.123 3.196 3.256 3.294 3.267 3.243 3.223 3.178 3.072 2.972 2.871 2.916 2.916 1.742
9.25 5.01 1.440 1.643 1.845 2.004 2.168 2.323 2.445 2.583 2.763 2.999 3.112 3.185 3.244 3.282 3.256 3.233 3.213 3.168 3.062 2.963 2.861 2.905 2.905 1.734
9.25 6.31 1.433 1.635 1.837 1.995 2.159 2.313 2.435 2.572 2.751 2.986 3.099 3.170 3.229 3.268 3.243 3.219 3.200 3.156 3.051 2.951 2.849 2.892 2.892 1.724
9.25 7.94 1.425 1.625 1.827 1.984 2.147 2.301 2.422 2.558 2.736 2.971 3.082 3.153 3.211 3.250 3.226 3.203 3.185 3.141 3.036 2.936 2.834 2.876 2.876 1.711
9.25 10.00 1.414 1.613 1.814 1.971 2.133 2.285 2.406 2.542 2.718 2.951 3.062 3.132 3.189 3.228 3.206 3.183 3.166 3.123 3.019 2.918 2.817 2.856 2.856 1.696
9.25 12.59 1.401 1.599 1.799 1.954 2.116 2.266 2.386 2.521 2.697 2.928 3.038 3.107 3.163 3.202 3.181 3.159 3.143 3.101 2.998 2.897 2.795 2.833 2.833 1.678
9.25 15.85 1.385 1.581 1.780 1.934 2.094 2.244 2.363 2.496 2.670 2.899 3.008 3.076 3.131 3.171 3.151 3.130 3.115 3.075 2.973 2.871 2.769 2.805 2.805 1.656
9.25 19.95 1.365 1.559 1.757 1.910 2.069 2.216 2.334 2.467 2.638 2.865 2.973 3.040 3.093 3.134 3.116 3.095 3.083 3.043 2.943 2.841 2.739 2.772 2.772 1.629
9.25 25.12 1.341 1.533 1.729 1.881 2.038 2.183 2.300 2.431 2.600 2.825 2.931 2.996 3.048 3.090 3.074 3.054 3.044 3.006 2.907 2.805 2.703 2.732 2.732 1.597
9.25 31.62 1.312 1.501 1.695 1.846 2.001 2.143 2.259 2.388 2.555 2.777 2.881 2.946 2.995 3.038 3.025 3.006 2.998 2.962 2.865 2.762 2.660 2.687 2.687 1.559
9.25 39.81 1.276 1.463 1.655 1.803 1.957 2.096 2.210 2.338 2.502 2.720 2.823 2.886 2.934 2.978 2.968 2.950 2.945 2.911 2.816 2.713 2.611 2.634 2.634 1.513
9.25 50.12 1.234 1.417 1.607 1.753 1.904 2.040 2.153 2.278 2.439 2.653 2.755 2.818 2.863 2.909 2.902 2.886 2.883 2.852 2.760 2.656 2.554 2.574 2.574 1.460
9.25 63.10 1.182 1.362 1.549 1.693 1.842 1.974 2.085 2.208 2.365 2.576 2.676 2.738 2.782 2.830 2.826 2.811 2.812 2.784 2.695 2.591 2.489 2.505 2.505 1.397
9.25 79.43 1.120 1.296 1.481 1.622 1.768 1.896 2.005 2.125 2.278 2.485 2.585 2.647 2.690 2.741 2.740 2.727 2.732 2.707 2.621 2.516 2.416 2.428 2.428 1.323
9.25 100.00 1.045 1.216 1.398 1.537 1.680 1.804 1.911 2.028 2.177 2.380 2.479 2.543 2.585 2.639 2.643 2.632 2.641 2.619 2.538 2.432 2.333 2.343 2.343 1.236
9.25 125.89 0.954 1.120 1.300 1.435 1.575 1.695 1.799 1.913 2.058 2.257 2.356 2.423 2.465 2.525 2.534 2.524 2.539 2.521 2.444 2.338 2.240 2.248 2.248 1.133
9.25 158.49 0.843 1.005 1.181 1.313 1.450 1.565 1.667 1.778 1.918 2.114 2.213 2.285 2.329 2.395 2.412 2.405 2.425 2.412 2.339 2.233 2.138 2.144 2.144 1.011
9.25 199.53 0.708 0.865 1.037 1.166 1.300 1.410 1.509 1.617 1.752 1.945 2.046 2.126 2.174 2.249 2.275 2.271 2.299 2.291 2.224 2.118 2.024 2.030 2.030 0.867
9.25 251.19 0.542 0.694 0.863 0.989 1.119 1.224 1.321 1.425 1.554 1.745 1.850 1.941 1.995 2.084 2.121 2.122 2.158 2.157 2.096 1.990 1.899 1.906 1.906 0.695
9.25 316.23 0.339 0.485 0.651 0.773 0.900 0.999 1.093 1.194 1.318 1.507 1.619 1.725 1.788 1.895 1.948 1.955 2.003 2.011 1.957 1.850 1.763 1.770 1.770 0.488
9.25 398.11 0.088 0.229 0.391 0.509 0.633 0.727 0.818 0.915 1.034 1.223 1.343 1.471 1.547 1.677 1.752 1.768 1.831 1.849 1.803 1.697 1.613 1.622 1.622 0.238
9.25 501.19 -0.222 -0.086 0.072 0.186 0.306 0.395 0.483 0.577 0.690 0.880 1.013 1.169 1.264 1.426 1.528 1.557 1.638 1.671 1.635 1.528 1.448 1.460 1.460 -0.066
9.25 630.96 -0.607 -0.477 -0.322 -0.211 -0.095 -0.013 0.073 0.163 0.270 0.465 0.614 0.808 0.928 1.132 1.271 1.316 1.422 1.474 1.449 1.343 1.267 1.281 1.281 -0.437
9.25 794.33 -1.085 -0.961 -0.810 -0.703 -0.591 -0.514 -0.431 -0.345 -0.243 -0.042 0.130 0.373 0.527 0.786 0.972 1.040 1.177 1.253 1.243 1.137 1.065 1.083 1.083 -0.893
9.25 1000.00 -1.681 -1.563 -1.416 -1.313 -1.204 -1.133 -1.053 -0.971 -0.875 -0.664 -0.462 -0.155 0.044 0.374 0.623 0.720 0.897 1.004 1.013 0.906 0.839 0.862 0.862 -1.454
