AbrahamsonEtAl2015SSlab as implemented in OpenQuake, distance is rhypo. Log10 hazard values in cgs units
          14 31 23 : nmag, ndist, nperiod
          10.000 7.500 6.000 5.000 4.000 3.000 2.500 2.000 1.500 1.000 0.750 0.600 0.500 0.400 0.300 0.250 0.200 0.150 0.100 0.075 0.050 0.020 PGA PGV
          0.740 0.740 0.740 0.740 0.740 0.740 0.740 0.740 0.740 0.740 0.740 0.740 0.740 0.740 0.740 0.740 0.740 0.740 0.740 0.740 0.740 0.740 0.740 0.740
4.75 1.00 -0.486 -0.267 -0.050 0.124 0.351 0.690 0.913 1.140 1.417 1.870 2.129 2.321 2.488 2.670 2.816 2.905 2.990 3.033 2.977 2.907 2.809 2.786 2.786 1.281
4.75 1.26 -0.498 -0.280 -0.063 0.110 0.337 0.674 0.897 1.124 1.404 1.858 2.117 2.310 2.477 2.660 2.806 2.895 2.980 3.021 2.964 2.893 2.794 2.767 2.767 1.269
4.75 1.58 -0.512 -0.295 -0.079 0.094 0.319 0.656 0.877 1.106 1.387 1.843 2.103 2.296 2.463 2.646 2.793 2.882 2.966 3.007 2.948 2.875 2.775 2.744 2.744 1.254
4.75 2.00 -0.529 -0.313 -0.098 0.073 0.298 0.633 0.854 1.083 1.368 1.825 2.086 2.279 2.446 2.629 2.777 2.866 2.950 2.989 2.929 2.854 2.751 2.716 2.716 1.235
4.75 2.51 -0.550 -0.336 -0.122 0.049 0.273 0.606 0.826 1.056 1.344 1.803 2.065 2.258 2.425 2.608 2.757 2.845 2.930 2.966 2.905 2.828 2.724 2.682 2.682 1.212
4.75 3.16 -0.574 -0.362 -0.149 0.020 0.243 0.574 0.793 1.024 1.315 1.776 2.038 2.231 2.398 2.581 2.731 2.820 2.904 2.939 2.876 2.797 2.690 2.642 2.642 1.183
4.75 3.98 -0.602 -0.392 -0.181 -0.013 0.208 0.537 0.755 0.987 1.280 1.743 2.006 2.198 2.364 2.548 2.699 2.788 2.872 2.905 2.841 2.759 2.649 2.593 2.593 1.146
4.75 5.01 -0.635 -0.427 -0.218 -0.052 0.167 0.494 0.711 0.943 1.240 1.703 1.966 2.158 2.323 2.506 2.658 2.746 2.831 2.862 2.797 2.712 2.600 2.535 2.535 1.101
4.75 6.31 -0.673 -0.468 -0.260 -0.096 0.121 0.445 0.660 0.893 1.192 1.655 1.918 2.108 2.271 2.454 2.607 2.695 2.779 2.808 2.743 2.656 2.541 2.467 2.467 1.045
4.75 7.94 -0.715 -0.514 -0.308 -0.146 0.069 0.390 0.603 0.836 1.137 1.599 1.860 2.048 2.209 2.390 2.543 2.630 2.714 2.741 2.676 2.586 2.469 2.385 2.385 0.977
4.75 10.00 -0.763 -0.565 -0.362 -0.202 0.011 0.328 0.540 0.771 1.074 1.533 1.792 1.977 2.135 2.313 2.464 2.550 2.633 2.659 2.594 2.503 2.383 2.290 2.290 0.896
4.75 12.59 -0.816 -0.622 -0.421 -0.264 -0.054 0.259 0.469 0.700 1.002 1.457 1.713 1.894 2.048 2.223 2.371 2.454 2.537 2.560 2.496 2.403 2.281 2.181 2.181 0.802
4.75 15.85 -0.874 -0.684 -0.487 -0.332 -0.125 0.184 0.392 0.621 0.923 1.371 1.623 1.799 1.948 2.118 2.262 2.342 2.423 2.443 2.381 2.286 2.164 2.057 2.057 0.693
4.75 19.95 -0.938 -0.753 -0.558 -0.407 -0.202 0.102 0.308 0.535 0.835 1.276 1.522 1.693 1.836 2.000 2.138 2.215 2.292 2.308 2.248 2.152 2.030 1.919 1.919 0.570
4.75 25.12 -1.008 -0.827 -0.636 -0.488 -0.286 0.013 0.217 0.442 0.739 1.171 1.411 1.576 1.712 1.869 2.001 2.073 2.147 2.158 2.099 2.002 1.882 1.768 1.768 0.435
4.75 31.62 -1.084 -0.908 -0.720 -0.575 -0.377 -0.082 0.119 0.341 0.634 1.056 1.289 1.448 1.577 1.727 1.851 1.917 1.987 1.993 1.936 1.838 1.720 1.606 1.606 0.288
4.75 39.81 -1.167 -0.996 -0.811 -0.670 -0.476 -0.186 0.013 0.232 0.521 0.932 1.158 1.310 1.432 1.574 1.690 1.750 1.816 1.816 1.760 1.662 1.546 1.433 1.433 0.130
4.75 50.12 -1.258 -1.092 -0.911 -0.773 -0.582 -0.298 -0.102 0.114 0.399 0.798 1.017 1.163 1.277 1.412 1.519 1.573 1.634 1.628 1.573 1.475 1.363 1.252 1.252 -0.039
4.75 63.10 -1.357 -1.197 -1.020 -0.885 -0.698 -0.419 -0.226 -0.013 0.266 0.654 0.866 1.005 1.113 1.240 1.340 1.387 1.443 1.431 1.378 1.280 1.171 1.063 1.063 -0.218
4.75 79.43 -1.468 -1.313 -1.139 -1.009 -0.825 -0.551 -0.361 -0.152 0.122 0.498 0.703 0.837 0.938 1.059 1.151 1.193 1.244 1.226 1.175 1.077 0.972 0.867 0.867 -0.408
4.75 100.00 -1.591 -1.442 -1.272 -1.145 -0.965 -0.697 -0.510 -0.304 -0.035 0.329 0.526 0.657 0.752 0.869 0.954 0.990 1.038 1.014 0.965 0.867 0.767 0.665 0.665 -0.611
4.75 125.89 -1.730 -1.587 -1.420 -1.297 -1.121 -0.859 -0.674 -0.472 -0.209 0.143 0.335 0.463 0.554 0.667 0.748 0.779 0.824 0.796 0.749 0.650 0.555 0.458 0.458 -0.827
4.75 158.49 -1.888 -1.751 -1.588 -1.469 -1.296 -1.040 -0.858 -0.660 -0.403 -0.062 0.125 0.253 0.341 0.454 0.531 0.559 0.602 0.570 0.526 0.428 0.337 0.244 0.244 -1.059
4.75 199.53 -2.070 -1.939 -1.780 -1.664 -1.496 -1.245 -1.067 -0.872 -0.621 -0.291 -0.107 0.024 0.111 0.226 0.303 0.328 0.372 0.337 0.297 0.199 0.113 0.025 0.025 -1.310
4.75 251.19 -2.282 -2.157 -2.002 -1.890 -1.726 -1.481 -1.305 -1.115 -0.869 -0.549 -0.367 -0.230 -0.141 -0.019 0.061 0.086 0.132 0.097 0.061 -0.038 -0.119 -0.202 -0.202 -1.585
4.75 316.23 -2.532 -2.412 -2.261 -2.154 -1.993 -1.754 -1.581 -1.395 -1.155 -0.844 -0.661 -0.514 -0.420 -0.286 -0.197 -0.171 -0.120 -0.154 -0.184 -0.282 -0.359 -0.437 -0.437 -1.888
4.75 398.11 -2.829 -2.715 -2.568 -2.464 -2.308 -2.075 -1.905 -1.722 -1.488 -1.185 -0.999 -0.834 -0.731 -0.579 -0.477 -0.446 -0.386 -0.415 -0.438 -0.537 -0.608 -0.682 -0.682 -2.228
4.75 501.19 -3.185 -3.077 -2.934 -2.834 -2.682 -2.454 -2.287 -2.109 -1.881 -1.583 -1.390 -1.202 -1.083 -0.905 -0.781 -0.743 -0.669 -0.690 -0.705 -0.803 -0.869 -0.938 -0.938 -2.612
4.75 630.96 -3.615 -3.513 -3.374 -3.279 -3.130 -2.909 -2.745 -2.570 -2.348 -2.054 -1.849 -1.627 -1.487 -1.272 -1.118 -1.067 -0.974 -0.982 -0.985 -1.084 -1.145 -1.209 -1.209 -3.052
4.75 794.33 -4.139 -4.043 -3.908 -3.816 -3.672 -3.456 -3.295 -3.125 -2.908 -2.615 -2.393 -2.126 -1.955 -1.690 -1.494 -1.425 -1.305 -1.295 -1.284 -1.382 -1.439 -1.498 -1.498 -3.562
4.75 1000.00 -4.781 -4.691 -4.560 -4.472 -4.331 -4.122 -3.964 -3.797 -3.587 -3.291 -3.044 -2.718 -2.505 -2.173 -1.921 -1.826 -1.670 -1.634 -1.605 -1.704 -1.755 -1.809 -1.809 -4.161
5.00 1.00 -0.284 -0.067 0.149 0.322 0.542 0.863 1.075 1.287 1.544 1.970 2.213 2.392 2.549 2.719 2.851 2.933 3.012 3.050 2.995 2.927 2.834 2.820 2.820 1.348
5.00 1.26 -0.294 -0.078 0.137 0.309 0.529 0.849 1.061 1.273 1.532 1.959 2.203 2.383 2.539 2.709 2.842 2.924 3.002 3.039 2.984 2.914 2.820 2.803 2.803 1.337
5.00 1.58 -0.307 -0.092 0.123 0.294 0.513 0.832 1.043 1.257 1.518 1.946 2.191 2.371 2.527 2.698 2.831 2.912 2.991 3.026 2.969 2.898 2.803 2.782 2.782 1.324
5.00 2.00 -0.322 -0.108 0.105 0.276 0.494 0.812 1.022 1.236 1.500 1.930 2.176 2.356 2.513 2.683 2.818 2.899 2.977 3.010 2.952 2.879 2.782 2.757 2.757 1.308
5.00 2.51 -0.341 -0.128 0.084 0.254 0.471 0.787 0.997 1.212 1.478 1.911 2.157 2.338 2.494 2.665 2.800 2.881 2.959 2.991 2.931 2.856 2.757 2.726 2.726 1.288
5.00 3.16 -0.363 -0.152 0.059 0.227 0.444 0.758 0.967 1.183 1.452 1.887 2.134 2.315 2.471 2.643 2.779 2.860 2.937 2.967 2.905 2.828 2.727 2.690 2.690 1.263
5.00 3.98 -0.389 -0.180 0.030 0.197 0.411 0.724 0.932 1.148 1.421 1.858 2.106 2.286 2.442 2.614 2.752 2.833 2.910 2.937 2.874 2.794 2.691 2.646 2.646 1.232
5.00 5.01 -0.419 -0.213 -0.004 0.161 0.374 0.684 0.891 1.108 1.385 1.823 2.071 2.251 2.407 2.579 2.717 2.798 2.875 2.901 2.836 2.754 2.647 2.594 2.594 1.193
5.00 6.31 -0.453 -0.250 -0.043 0.120 0.331 0.639 0.844 1.062 1.342 1.780 2.029 2.208 2.362 2.534 2.674 2.754 2.831 2.855 2.789 2.704 2.595 2.533 2.533 1.144
5.00 7.94 -0.493 -0.292 -0.088 0.073 0.283 0.587 0.791 1.009 1.291 1.729 1.977 2.155 2.308 2.479 2.619 2.699 2.776 2.798 2.732 2.644 2.532 2.460 2.460 1.085
5.00 10.00 -0.537 -0.340 -0.138 0.021 0.228 0.529 0.731 0.949 1.233 1.670 1.916 2.092 2.242 2.411 2.551 2.630 2.707 2.727 2.661 2.571 2.456 2.374 2.374 1.013
5.00 12.59 -0.587 -0.394 -0.194 -0.038 0.167 0.464 0.664 0.882 1.167 1.600 1.844 2.017 2.164 2.330 2.468 2.546 2.622 2.640 2.575 2.482 2.365 2.275 2.275 0.928
5.00 15.85 -0.642 -0.453 -0.256 -0.102 0.099 0.393 0.590 0.807 1.092 1.521 1.761 1.930 2.072 2.235 2.370 2.445 2.520 2.535 2.471 2.377 2.259 2.161 2.161 0.828
5.00 19.95 -0.703 -0.518 -0.324 -0.173 0.026 0.314 0.510 0.725 1.009 1.431 1.667 1.831 1.968 2.125 2.257 2.328 2.402 2.413 2.351 2.255 2.136 2.032 2.032 0.714
5.00 25.12 -0.770 -0.590 -0.398 -0.251 -0.055 0.229 0.423 0.636 0.917 1.332 1.562 1.720 1.851 2.003 2.128 2.196 2.266 2.274 2.213 2.117 1.998 1.890 1.890 0.587
5.00 31.62 -0.843 -0.667 -0.479 -0.335 -0.142 0.137 0.328 0.538 0.817 1.222 1.446 1.598 1.723 1.868 1.987 2.050 2.116 2.119 2.060 1.963 1.846 1.735 1.735 0.448
5.00 39.81 -0.923 -0.752 -0.568 -0.427 -0.237 0.037 0.225 0.433 0.708 1.103 1.320 1.466 1.584 1.722 1.833 1.890 1.953 1.950 1.893 1.795 1.681 1.570 1.570 0.296
5.00 50.12 -1.010 -0.845 -0.664 -0.527 -0.341 -0.072 0.114 0.318 0.589 0.973 1.183 1.323 1.434 1.565 1.668 1.720 1.778 1.770 1.714 1.616 1.504 1.394 1.394 0.132
5.00 63.10 -1.107 -0.948 -0.770 -0.636 -0.454 -0.190 -0.007 0.194 0.460 0.833 1.036 1.170 1.274 1.398 1.494 1.539 1.593 1.579 1.525 1.427 1.319 1.211 1.211 -0.042
5.00 79.43 -1.215 -1.061 -0.887 -0.756 -0.578 -0.320 -0.139 0.059 0.319 0.680 0.876 1.006 1.103 1.221 1.310 1.350 1.399 1.380 1.327 1.229 1.125 1.020 1.020 -0.228
5.00 100.00 -1.335 -1.187 -1.016 -0.890 -0.715 -0.462 -0.285 -0.091 0.165 0.514 0.704 0.829 0.921 1.035 1.117 1.151 1.197 1.172 1.122 1.024 0.924 0.822 0.822 -0.426
5.00 125.89 -1.471 -1.328 -1.162 -1.039 -0.868 -0.621 -0.446 -0.256 -0.006 0.331 0.516 0.639 0.727 0.837 0.914 0.944 0.988 0.958 0.910 0.811 0.716 0.619 0.619 -0.639
5.00 158.49 -1.627 -1.490 -1.327 -1.208 -1.041 -0.800 -0.628 -0.441 -0.197 0.129 0.309 0.432 0.517 0.627 0.701 0.727 0.770 0.736 0.691 0.592 0.501 0.409 0.409 -0.867
5.00 199.53 -1.806 -1.675 -1.516 -1.401 -1.238 -1.002 -0.833 -0.650 -0.412 -0.097 0.080 0.206 0.290 0.402 0.477 0.500 0.543 0.507 0.465 0.367 0.280 0.192 0.192 -1.115
5.00 251.19 -2.016 -1.890 -1.736 -1.624 -1.465 -1.235 -1.069 -0.890 -0.657 -0.352 -0.178 -0.045 0.041 0.160 0.238 0.261 0.306 0.269 0.232 0.134 0.052 -0.031 -0.031 -1.387
5.00 316.23 -2.263 -2.143 -1.993 -1.885 -1.730 -1.506 -1.343 -1.167 -0.940 -0.644 -0.469 -0.326 -0.235 -0.104 -0.018 0.006 0.057 0.022 -0.009 -0.108 -0.185 -0.263 -0.263 -1.687
5.00 398.11 -2.557 -2.444 -2.297 -2.193 -2.041 -1.824 -1.663 -1.492 -1.271 -0.983 -0.804 -0.644 -0.543 -0.394 -0.295 -0.266 -0.206 -0.237 -0.261 -0.360 -0.431 -0.505 -0.505 -2.023
5.00 501.19 -2.911 -2.803 -2.660 -2.560 -2.413 -2.201 -2.043 -1.876 -1.661 -1.378 -1.193 -1.009 -0.893 -0.717 -0.597 -0.560 -0.487 -0.509 -0.524 -0.623 -0.690 -0.759 -0.759 -2.404
5.00 630.96 -3.339 -3.237 -3.098 -3.002 -2.858 -2.652 -2.498 -2.335 -2.125 -1.846 -1.649 -1.432 -1.294 -1.082 -0.931 -0.881 -0.789 -0.799 -0.802 -0.901 -0.963 -1.027 -1.027 -2.841
5.00 794.33 -3.860 -3.764 -3.629 -3.537 -3.398 -3.198 -3.046 -2.887 -2.684 -2.405 -2.190 -1.928 -1.760 -1.497 -1.304 -1.236 -1.117 -1.109 -1.098 -1.197 -1.254 -1.313 -1.313 -3.349
5.00 1000.00 -4.499 -4.409 -4.278 -4.190 -4.055 -3.861 -3.712 -3.557 -3.359 -3.078 -2.838 -2.517 -2.307 -1.978 -1.728 -1.634 -1.480 -1.445 -1.417 -1.516 -1.568 -1.622 -1.622 -3.945
5.25 1.00 -0.085 0.130 0.344 0.515 0.729 1.033 1.235 1.433 1.669 2.068 2.295 2.463 2.609 2.766 2.886 2.960 3.033 3.066 3.014 2.948 2.860 2.854 2.854 1.413
5.25 1.26 -0.094 0.120 0.333 0.504 0.717 1.021 1.222 1.420 1.659 2.059 2.287 2.454 2.600 2.758 2.878 2.952 3.024 3.056 3.003 2.936 2.847 2.838 2.838 1.404
5.25 1.58 -0.106 0.107 0.320 0.490 0.703 1.006 1.206 1.405 1.646 2.048 2.276 2.444 2.590 2.748 2.868 2.942 3.014 3.044 2.989 2.921 2.831 2.819 2.819 1.392
5.25 2.00 -0.120 0.092 0.305 0.474 0.686 0.987 1.187 1.387 1.630 2.034 2.263 2.431 2.577 2.736 2.856 2.930 3.002 3.030 2.974 2.903 2.812 2.796 2.796 1.378
5.25 2.51 -0.136 0.074 0.286 0.454 0.665 0.965 1.164 1.365 1.611 2.017 2.247 2.415 2.561 2.720 2.842 2.915 2.986 3.013 2.954 2.882 2.789 2.769 2.769 1.361
5.25 3.16 -0.156 0.053 0.263 0.430 0.640 0.938 1.137 1.338 1.587 1.996 2.227 2.395 2.542 2.701 2.823 2.897 2.967 2.992 2.932 2.857 2.762 2.736 2.736 1.340
5.25 3.98 -0.180 0.027 0.236 0.402 0.611 0.907 1.105 1.307 1.560 1.970 2.202 2.371 2.517 2.677 2.800 2.874 2.944 2.966 2.904 2.827 2.729 2.697 2.697 1.313
5.25 5.01 -0.207 -0.003 0.205 0.369 0.576 0.871 1.067 1.270 1.527 1.939 2.172 2.341 2.486 2.646 2.772 2.845 2.915 2.935 2.871 2.791 2.691 2.650 2.650 1.279
5.25 6.31 -0.239 -0.037 0.169 0.331 0.537 0.828 1.024 1.228 1.487 1.901 2.135 2.304 2.448 2.609 2.735 2.808 2.878 2.896 2.830 2.748 2.644 2.595 2.595 1.238
5.25 7.94 -0.276 -0.076 0.127 0.288 0.491 0.780 0.974 1.178 1.442 1.856 2.090 2.258 2.401 2.561 2.689 2.761 2.831 2.847 2.781 2.695 2.589 2.529 2.529 1.187
5.25 10.00 -0.317 -0.121 0.080 0.239 0.440 0.725 0.918 1.122 1.388 1.802 2.036 2.202 2.344 2.502 2.630 2.702 2.773 2.787 2.720 2.631 2.522 2.452 2.452 1.124
5.25 12.59 -0.364 -0.171 0.028 0.184 0.383 0.664 0.855 1.059 1.327 1.739 1.971 2.135 2.274 2.431 2.558 2.629 2.700 2.711 2.645 2.554 2.442 2.362 2.362 1.048
5.25 15.85 -0.416 -0.227 -0.031 0.122 0.319 0.597 0.785 0.989 1.257 1.666 1.895 2.055 2.191 2.345 2.471 2.541 2.610 2.620 2.554 2.461 2.347 2.258 2.258 0.958
5.25 19.95 -0.473 -0.289 -0.095 0.055 0.249 0.522 0.708 0.911 1.179 1.583 1.808 1.964 2.095 2.246 2.368 2.435 2.503 2.510 2.446 2.351 2.236 2.140 2.140 0.853
5.25 25.12 -0.537 -0.357 -0.167 -0.019 0.171 0.440 0.624 0.825 1.092 1.489 1.709 1.861 1.987 2.132 2.250 2.314 2.380 2.383 2.321 2.225 2.109 2.007 2.007 0.735
5.25 31.62 -0.607 -0.432 -0.244 -0.100 0.087 0.352 0.533 0.732 0.996 1.385 1.599 1.746 1.866 2.005 2.118 2.177 2.240 2.239 2.179 2.082 1.967 1.861 1.861 0.603
5.25 39.81 -0.684 -0.514 -0.330 -0.189 -0.005 0.255 0.434 0.630 0.891 1.270 1.479 1.619 1.733 1.865 1.972 2.026 2.086 2.080 2.021 1.924 1.810 1.703 1.703 0.458
5.25 50.12 -0.769 -0.604 -0.423 -0.286 -0.105 0.149 0.326 0.519 0.776 1.145 1.347 1.482 1.588 1.715 1.814 1.863 1.919 1.908 1.851 1.753 1.642 1.534 1.534 0.301
5.25 63.10 -0.863 -0.703 -0.526 -0.392 -0.215 0.034 0.208 0.398 0.651 1.008 1.204 1.333 1.433 1.553 1.645 1.689 1.740 1.724 1.669 1.570 1.463 1.357 1.357 0.132
5.25 79.43 -0.967 -0.813 -0.640 -0.509 -0.336 -0.092 0.079 0.266 0.514 0.860 1.048 1.173 1.267 1.381 1.466 1.504 1.552 1.531 1.477 1.379 1.275 1.171 1.171 -0.050
5.25 100.00 -1.085 -0.936 -0.766 -0.640 -0.470 -0.232 -0.064 0.120 0.362 0.697 0.879 1.000 1.089 1.199 1.278 1.310 1.355 1.329 1.277 1.178 1.078 0.978 0.978 -0.244
5.25 125.89 -1.218 -1.075 -0.909 -0.786 -0.620 -0.388 -0.222 -0.043 0.195 0.518 0.694 0.813 0.898 1.005 1.079 1.107 1.149 1.118 1.070 0.971 0.875 0.778 0.778 -0.452
5.25 158.49 -1.371 -1.234 -1.071 -0.952 -0.790 -0.564 -0.401 -0.225 0.007 0.319 0.491 0.610 0.691 0.798 0.870 0.894 0.935 0.901 0.855 0.756 0.664 0.572 0.572 -0.677
5.25 199.53 -1.548 -1.417 -1.258 -1.143 -0.984 -0.764 -0.604 -0.432 -0.206 0.096 0.264 0.386 0.467 0.577 0.648 0.671 0.712 0.675 0.633 0.534 0.447 0.359 0.359 -0.922
5.25 251.19 -1.755 -1.629 -1.475 -1.363 -1.209 -0.994 -0.837 -0.669 -0.448 -0.157 0.010 0.138 0.221 0.337 0.413 0.434 0.478 0.440 0.403 0.304 0.222 0.138 0.138 -1.190
5.25 316.23 -2.000 -1.880 -1.729 -1.622 -1.471 -1.262 -1.108 -0.943 -0.729 -0.447 -0.279 -0.140 -0.052 0.077 0.160 0.183 0.232 0.196 0.164 0.065 -0.012 -0.091 -0.091 -1.487
5.25 398.11 -2.291 -2.178 -2.031 -1.927 -1.780 -1.577 -1.426 -1.265 -1.057 -0.782 -0.611 -0.455 -0.357 -0.211 -0.114 -0.086 -0.028 -0.059 -0.084 -0.183 -0.255 -0.330 -0.330 -1.820
5.25 501.19 -2.642 -2.534 -2.391 -2.292 -2.149 -1.952 -1.803 -1.647 -1.444 -1.175 -0.997 -0.817 -0.704 -0.531 -0.413 -0.377 -0.305 -0.329 -0.345 -0.444 -0.511 -0.580 -0.580 -2.198
5.25 630.96 -3.068 -2.966 -2.827 -2.731 -2.592 -2.401 -2.255 -2.103 -1.906 -1.641 -1.450 -1.238 -1.103 -0.893 -0.744 -0.696 -0.605 -0.616 -0.620 -0.719 -0.782 -0.846 -0.846 -2.633
5.25 794.33 -3.587 -3.491 -3.355 -3.264 -3.129 -2.943 -2.801 -2.652 -2.461 -2.197 -1.989 -1.731 -1.566 -1.306 -1.115 -1.049 -0.931 -0.923 -0.914 -1.013 -1.070 -1.129 -1.129 -3.137
5.25 1000.00 -4.223 -4.133 -4.002 -3.914 -3.783 -3.604 -3.464 -3.320 -3.135 -2.867 -2.635 -2.317 -2.110 -1.784 -1.537 -1.444 -1.290 -1.257 -1.229 -1.329 -1.381 -1.435 -1.435 -3.731
5.50 1.00 0.110 0.322 0.535 0.705 0.913 1.201 1.393 1.576 1.793 2.166 2.378 2.532 2.668 2.813 2.920 2.987 3.054 3.083 3.032 2.969 2.885 2.888 2.888 1.477
5.50 1.26 0.102 0.313 0.526 0.695 0.902 1.190 1.381 1.565 1.784 2.158 2.370 2.525 2.661 2.806 2.913 2.980 3.046 3.074 3.022 2.957 2.873 2.874 2.874 1.469
5.50 1.58 0.091 0.302 0.514 0.682 0.889 1.176 1.367 1.551 1.772 2.148 2.361 2.516 2.651 2.797 2.904 2.971 3.037 3.063 3.010 2.944 2.859 2.856 2.856 1.459
5.50 2.00 0.079 0.289 0.500 0.667 0.874 1.159 1.350 1.535 1.758 2.135 2.349 2.505 2.640 2.786 2.894 2.960 3.026 3.050 2.995 2.928 2.841 2.836 2.836 1.447
5.50 2.51 0.064 0.273 0.483 0.649 0.855 1.139 1.329 1.515 1.741 2.120 2.335 2.491 2.626 2.773 2.881 2.947 3.012 3.034 2.978 2.908 2.821 2.811 2.811 1.432
5.50 3.16 0.046 0.253 0.462 0.628 0.832 1.115 1.304 1.491 1.720 2.102 2.318 2.474 2.609 2.756 2.865 2.931 2.995 3.015 2.957 2.885 2.796 2.781 2.781 1.414
5.50 3.98 0.025 0.230 0.438 0.602 0.805 1.086 1.274 1.463 1.695 2.079 2.296 2.453 2.588 2.736 2.846 2.911 2.975 2.993 2.932 2.858 2.766 2.745 2.745 1.391
5.50 5.01 -0.000 0.203 0.409 0.572 0.774 1.053 1.240 1.429 1.665 2.052 2.270 2.427 2.562 2.710 2.821 2.887 2.950 2.965 2.903 2.826 2.732 2.703 2.703 1.362
5.50 6.31 -0.030 0.171 0.376 0.537 0.737 1.014 1.199 1.390 1.630 2.019 2.238 2.395 2.530 2.678 2.791 2.856 2.919 2.932 2.867 2.787 2.690 2.653 2.653 1.327
5.50 7.94 -0.063 0.134 0.337 0.497 0.695 0.969 1.153 1.344 1.588 1.979 2.198 2.355 2.489 2.638 2.752 2.817 2.880 2.890 2.824 2.741 2.641 2.595 2.595 1.282
5.50 10.00 -0.102 0.093 0.294 0.451 0.647 0.918 1.101 1.292 1.540 1.931 2.150 2.306 2.439 2.587 2.703 2.767 2.831 2.839 2.772 2.686 2.582 2.525 2.525 1.228
5.50 12.59 -0.145 0.046 0.244 0.399 0.593 0.860 1.041 1.233 1.483 1.874 2.093 2.247 2.378 2.525 2.641 2.705 2.769 2.775 2.707 2.618 2.512 2.444 2.444 1.161
5.50 15.85 -0.194 -0.007 0.189 0.342 0.533 0.796 0.975 1.167 1.419 1.807 2.024 2.176 2.304 2.450 2.565 2.628 2.691 2.695 2.628 2.537 2.428 2.350 2.350 1.081
5.50 19.95 -0.249 -0.066 0.128 0.278 0.466 0.725 0.902 1.093 1.345 1.730 1.944 2.093 2.217 2.360 2.473 2.535 2.597 2.599 2.533 2.439 2.328 2.242 2.242 0.986
5.50 25.12 -0.309 -0.131 0.060 0.207 0.393 0.647 0.822 1.012 1.263 1.642 1.853 1.997 2.117 2.256 2.366 2.425 2.486 2.485 2.420 2.325 2.213 2.119 2.119 0.877
5.50 31.62 -0.376 -0.202 -0.015 0.129 0.312 0.562 0.734 0.922 1.172 1.544 1.749 1.889 2.004 2.137 2.243 2.298 2.357 2.353 2.290 2.194 2.082 1.982 1.982 0.753
5.50 39.81 -0.450 -0.281 -0.097 0.044 0.223 0.468 0.638 0.824 1.071 1.434 1.634 1.769 1.878 2.006 2.106 2.157 2.213 2.205 2.144 2.047 1.935 1.833 1.833 0.616
5.50 50.12 -0.532 -0.368 -0.187 -0.050 0.126 0.366 0.534 0.716 0.960 1.314 1.508 1.637 1.740 1.862 1.956 2.002 2.055 2.042 1.983 1.885 1.775 1.671 1.671 0.466
5.50 63.10 -0.623 -0.464 -0.287 -0.153 0.019 0.254 0.419 0.599 0.839 1.182 1.369 1.493 1.590 1.706 1.794 1.835 1.884 1.866 1.809 1.711 1.604 1.500 1.500 0.302
5.50 79.43 -0.725 -0.571 -0.398 -0.268 -0.099 0.131 0.293 0.469 0.705 1.037 1.218 1.337 1.428 1.539 1.620 1.656 1.702 1.679 1.624 1.525 1.422 1.320 1.320 0.126
5.50 100.00 -0.840 -0.692 -0.522 -0.395 -0.230 -0.006 0.153 0.326 0.557 0.877 1.052 1.169 1.254 1.361 1.437 1.468 1.511 1.482 1.430 1.331 1.231 1.132 1.132 -0.063
5.50 125.89 -0.971 -0.828 -0.662 -0.539 -0.377 -0.159 -0.002 0.167 0.392 0.701 0.871 0.985 1.067 1.171 1.242 1.269 1.310 1.277 1.227 1.128 1.032 0.936 0.936 -0.268
5.50 158.49 -1.121 -0.984 -0.821 -0.702 -0.545 -0.332 -0.178 -0.012 0.207 0.506 0.671 0.785 0.864 0.968 1.037 1.060 1.099 1.063 1.017 0.917 0.826 0.734 0.734 -0.489
5.50 199.53 -1.295 -1.164 -1.005 -0.890 -0.736 -0.529 -0.378 -0.216 -0.002 0.286 0.447 0.565 0.643 0.750 0.819 0.840 0.880 0.841 0.798 0.699 0.612 0.524 0.524 -0.730
5.50 251.19 -1.499 -1.374 -1.219 -1.108 -0.958 -0.757 -0.609 -0.451 -0.242 0.036 0.196 0.320 0.400 0.514 0.586 0.607 0.649 0.611 0.572 0.473 0.391 0.307 0.307 -0.995
5.50 316.23 -1.741 -1.622 -1.471 -1.363 -1.217 -1.022 -0.877 -0.723 -0.520 -0.251 -0.090 0.045 0.130 0.256 0.337 0.358 0.407 0.370 0.337 0.237 0.160 0.081 0.081 -1.289
5.50 398.11 -2.031 -1.917 -1.770 -1.666 -1.524 -1.335 -1.192 -1.042 -0.845 -0.584 -0.419 -0.268 -0.173 -0.029 0.066 0.092 0.150 0.117 0.091 -0.008 -0.081 -0.155 -0.155 -1.619
5.50 501.19 -2.379 -2.271 -2.128 -2.028 -1.890 -1.707 -1.567 -1.421 -1.230 -0.974 -0.803 -0.627 -0.517 -0.346 -0.231 -0.196 -0.125 -0.150 -0.166 -0.266 -0.333 -0.403 -0.403 -1.994
5.50 630.96 -2.802 -2.700 -2.561 -2.465 -2.331 -2.153 -2.017 -1.874 -1.689 -1.437 -1.254 -1.045 -0.912 -0.705 -0.559 -0.512 -0.422 -0.433 -0.439 -0.538 -0.601 -0.666 -0.666 -2.425
5.50 794.33 -3.318 -3.222 -3.087 -2.995 -2.865 -2.693 -2.560 -2.421 -2.242 -1.990 -1.790 -1.536 -1.373 -1.115 -0.928 -0.862 -0.745 -0.738 -0.730 -0.829 -0.887 -0.946 -0.946 -2.927
5.50 1000.00 -3.952 -3.862 -3.731 -3.643 -3.517 -3.351 -3.220 -3.086 -2.913 -2.658 -2.433 -2.119 -1.915 -1.591 -1.346 -1.254 -1.102 -1.069 -1.043 -1.142 -1.195 -1.250 -1.250 -3.518
5.75 1.00 0.301 0.511 0.723 0.890 1.093 1.366 1.548 1.718 1.916 2.263 2.459 2.602 2.727 2.860 2.954 3.014 3.076 3.100 3.052 2.990 2.912 2.923 2.923 1.542
5.75 1.26 0.294 0.503 0.714 0.882 1.083 1.355 1.537 1.708 1.907 2.256 2.452 2.595 2.720 2.854 2.948 3.008 3.069 3.092 3.042 2.980 2.901 2.910 2.910 1.534
5.75 1.58 0.285 0.494 0.704 0.871 1.072 1.343 1.525 1.696 1.897 2.247 2.444 2.587 2.712 2.846 2.940 2.999 3.060 3.081 3.031 2.967 2.887 2.894 2.894 1.526
5.75 2.00 0.274 0.481 0.691 0.857 1.058 1.328 1.509 1.681 1.884 2.236 2.434 2.577 2.702 2.836 2.931 2.990 3.049 3.069 3.017 2.952 2.871 2.875 2.875 1.515
5.75 2.51 0.260 0.467 0.676 0.841 1.041 1.310 1.490 1.663 1.869 2.222 2.421 2.565 2.690 2.824 2.919 2.978 3.037 3.055 3.001 2.934 2.852 2.852 2.852 1.501
5.75 3.16 0.244 0.449 0.657 0.821 1.020 1.288 1.468 1.641 1.850 2.206 2.406 2.550 2.675 2.810 2.905 2.964 3.022 3.037 2.981 2.913 2.829 2.824 2.824 1.485
5.75 3.98 0.225 0.428 0.635 0.798 0.996 1.262 1.441 1.615 1.828 2.186 2.388 2.532 2.657 2.792 2.888 2.946 3.004 3.017 2.959 2.888 2.802 2.792 2.792 1.465
5.75 5.01 0.202 0.403 0.609 0.771 0.967 1.231 1.409 1.585 1.801 2.162 2.365 2.509 2.635 2.770 2.868 2.925 2.982 2.993 2.932 2.858 2.770 2.754 2.754 1.441
5.75 6.31 0.175 0.374 0.578 0.738 0.933 1.195 1.372 1.549 1.769 2.133 2.337 2.482 2.607 2.743 2.842 2.899 2.956 2.963 2.900 2.824 2.733 2.709 2.709 1.411
5.75 7.94 0.144 0.340 0.543 0.701 0.894 1.153 1.329 1.507 1.731 2.097 2.302 2.447 2.572 2.709 2.809 2.867 2.923 2.928 2.863 2.783 2.689 2.656 2.656 1.373
5.75 10.00 0.108 0.302 0.502 0.659 0.850 1.106 1.280 1.458 1.687 2.055 2.260 2.405 2.529 2.666 2.768 2.825 2.881 2.884 2.817 2.734 2.637 2.594 2.594 1.326
5.75 12.59 0.068 0.258 0.456 0.610 0.799 1.052 1.224 1.403 1.635 2.004 2.210 2.353 2.476 2.613 2.716 2.773 2.829 2.830 2.762 2.675 2.575 2.521 2.521 1.268
5.75 15.85 0.022 0.208 0.404 0.556 0.742 0.991 1.162 1.341 1.576 1.943 2.148 2.291 2.411 2.547 2.651 2.707 2.764 2.762 2.694 2.604 2.501 2.436 2.436 1.198
5.75 19.95 -0.030 0.153 0.346 0.495 0.679 0.924 1.092 1.271 1.508 1.873 2.076 2.216 2.334 2.467 2.571 2.626 2.682 2.678 2.611 2.519 2.413 2.338 2.338 1.113
5.75 25.12 -0.087 0.091 0.281 0.427 0.608 0.849 1.016 1.194 1.431 1.791 1.991 2.128 2.242 2.373 2.475 2.528 2.584 2.577 2.511 2.417 2.309 2.225 2.225 1.013
5.75 31.62 -0.151 0.023 0.210 0.353 0.531 0.767 0.931 1.108 1.344 1.699 1.895 2.028 2.137 2.264 2.362 2.413 2.468 2.459 2.394 2.298 2.189 2.098 2.098 0.899
5.75 39.81 -0.222 -0.053 0.131 0.271 0.446 0.677 0.839 1.014 1.248 1.595 1.786 1.914 2.019 2.141 2.235 2.282 2.335 2.322 2.260 2.163 2.054 1.958 1.958 0.770
5.75 50.12 -0.301 -0.137 0.043 0.180 0.352 0.578 0.738 0.910 1.141 1.479 1.665 1.789 1.887 2.005 2.093 2.136 2.186 2.170 2.110 2.012 1.904 1.804 1.804 0.627
5.75 63.10 -0.389 -0.230 -0.053 0.080 0.248 0.470 0.626 0.795 1.023 1.352 1.531 1.650 1.744 1.855 1.938 1.977 2.024 2.003 1.945 1.846 1.741 1.640 1.640 0.470
5.75 79.43 -0.488 -0.335 -0.161 -0.031 0.133 0.349 0.503 0.669 0.893 1.211 1.385 1.500 1.587 1.694 1.772 1.805 1.849 1.824 1.768 1.669 1.566 1.466 1.466 0.299
5.75 100.00 -0.600 -0.452 -0.283 -0.156 0.005 0.215 0.367 0.529 0.748 1.055 1.223 1.335 1.418 1.521 1.593 1.622 1.663 1.633 1.580 1.481 1.381 1.283 1.283 0.115
5.75 125.89 -0.728 -0.586 -0.420 -0.297 -0.140 0.065 0.214 0.373 0.587 0.883 1.046 1.156 1.234 1.335 1.404 1.428 1.468 1.433 1.383 1.283 1.188 1.092 1.092 -0.085
5.75 158.49 -0.876 -0.739 -0.577 -0.458 -0.304 -0.105 0.041 0.197 0.405 0.690 0.849 0.959 1.035 1.136 1.202 1.224 1.262 1.225 1.177 1.077 0.986 0.894 0.894 -0.303
5.75 199.53 -1.047 -0.916 -0.758 -0.643 -0.493 -0.299 -0.156 -0.004 0.198 0.473 0.629 0.742 0.817 0.921 0.988 1.007 1.046 1.007 0.963 0.863 0.776 0.688 0.688 -0.540
5.75 251.19 -1.249 -1.124 -0.969 -0.858 -0.712 -0.524 -0.384 -0.236 -0.039 0.226 0.380 0.500 0.578 0.689 0.759 0.778 0.819 0.779 0.740 0.640 0.558 0.474 0.474 -0.801
5.75 316.23 -1.488 -1.369 -1.218 -1.111 -0.969 -0.787 -0.650 -0.505 -0.314 -0.057 0.097 0.228 0.311 0.434 0.512 0.533 0.580 0.542 0.508 0.408 0.331 0.252 0.252 -1.092
5.75 398.11 -1.775 -1.661 -1.514 -1.411 -1.273 -1.097 -0.963 -0.822 -0.636 -0.387 -0.229 -0.082 0.011 0.152 0.244 0.270 0.326 0.292 0.266 0.166 0.093 0.019 0.019 -1.419
5.75 501.19 -2.121 -2.013 -1.870 -1.771 -1.637 -1.466 -1.335 -1.198 -1.018 -0.775 -0.610 -0.438 -0.331 -0.163 -0.049 -0.016 0.054 0.029 0.011 -0.089 -0.157 -0.226 -0.226 -1.791
5.75 630.96 -2.541 -2.439 -2.300 -2.205 -2.074 -1.910 -1.782 -1.649 -1.475 -1.235 -1.058 -0.853 -0.724 -0.519 -0.375 -0.329 -0.240 -0.252 -0.259 -0.358 -0.421 -0.486 -0.486 -2.219
5.75 794.33 -3.055 -2.959 -2.824 -2.732 -2.606 -2.447 -2.322 -2.193 -2.025 -1.786 -1.592 -1.342 -1.181 -0.926 -0.741 -0.676 -0.560 -0.554 -0.547 -0.646 -0.704 -0.764 -0.764 -2.718
5.75 1000.00 -3.686 -3.596 -3.465 -3.378 -3.255 -3.103 -2.980 -2.856 -2.694 -2.451 -2.232 -1.923 -1.720 -1.399 -1.156 -1.066 -0.915 -0.883 -0.857 -0.957 -1.010 -1.065 -1.065 -3.306
6.00 1.00 0.489 0.697 0.907 1.073 1.269 1.528 1.701 1.858 2.037 2.359 2.540 2.671 2.786 2.907 2.989 3.042 3.098 3.118 3.072 3.013 2.940 2.958 2.958 1.606
6.00 1.26 0.483 0.690 0.899 1.065 1.261 1.519 1.692 1.849 2.029 2.353 2.534 2.665 2.780 2.901 2.983 3.036 3.091 3.110 3.063 3.003 2.929 2.946 2.946 1.599
6.00 1.58 0.474 0.681 0.890 1.055 1.251 1.507 1.680 1.838 2.020 2.344 2.527 2.658 2.772 2.894 2.976 3.028 3.083 3.101 3.052 2.991 2.917 2.932 2.932 1.591
6.00 2.00 0.465 0.670 0.878 1.043 1.238 1.494 1.666 1.825 2.009 2.335 2.518 2.649 2.764 2.885 2.967 3.019 3.073 3.089 3.039 2.977 2.902 2.914 2.914 1.581
6.00 2.51 0.452 0.657 0.864 1.028 1.223 1.478 1.649 1.808 1.995 2.323 2.507 2.638 2.753 2.875 2.957 3.008 3.062 3.075 3.024 2.960 2.884 2.893 2.893 1.570
6.00 3.16 0.438 0.641 0.848 1.011 1.204 1.458 1.629 1.789 1.978 2.308 2.493 2.625 2.739 2.862 2.944 2.995 3.048 3.059 3.006 2.940 2.862 2.868 2.868 1.555
6.00 3.98 0.420 0.622 0.827 0.989 1.182 1.434 1.604 1.765 1.958 2.290 2.477 2.609 2.723 2.846 2.929 2.980 3.031 3.040 2.985 2.917 2.837 2.838 2.838 1.538
6.00 5.01 0.400 0.599 0.804 0.964 1.156 1.406 1.575 1.737 1.934 2.269 2.457 2.589 2.704 2.827 2.911 2.961 3.012 3.018 2.960 2.889 2.808 2.803 2.803 1.517
6.00 6.31 0.375 0.573 0.775 0.935 1.125 1.373 1.541 1.704 1.905 2.243 2.432 2.565 2.680 2.804 2.889 2.939 2.989 2.992 2.931 2.858 2.773 2.762 2.762 1.490
6.00 7.94 0.347 0.542 0.743 0.900 1.089 1.334 1.501 1.666 1.871 2.212 2.402 2.536 2.650 2.775 2.861 2.911 2.961 2.961 2.898 2.821 2.734 2.714 2.714 1.458
6.00 10.00 0.314 0.506 0.705 0.861 1.047 1.290 1.455 1.621 1.831 2.174 2.366 2.499 2.614 2.739 2.827 2.876 2.926 2.923 2.858 2.778 2.687 2.657 2.657 1.418
6.00 12.59 0.276 0.465 0.662 0.816 1.000 1.239 1.403 1.570 1.784 2.129 2.321 2.454 2.568 2.693 2.783 2.833 2.882 2.877 2.810 2.726 2.632 2.592 2.592 1.368
6.00 15.85 0.233 0.418 0.613 0.764 0.946 1.182 1.344 1.511 1.729 2.075 2.267 2.399 2.512 2.637 2.728 2.777 2.827 2.820 2.751 2.664 2.567 2.516 2.516 1.307
6.00 19.95 0.184 0.366 0.558 0.707 0.886 1.118 1.278 1.446 1.666 2.011 2.202 2.333 2.443 2.568 2.659 2.708 2.758 2.748 2.680 2.590 2.489 2.427 2.427 1.232
6.00 25.12 0.130 0.307 0.497 0.643 0.819 1.047 1.205 1.372 1.594 1.936 2.125 2.254 2.361 2.484 2.575 2.623 2.672 2.661 2.593 2.501 2.397 2.325 2.325 1.143
6.00 31.62 0.069 0.242 0.428 0.572 0.745 0.969 1.125 1.290 1.512 1.850 2.036 2.161 2.265 2.385 2.475 2.520 2.569 2.555 2.489 2.395 2.290 2.208 2.208 1.038
6.00 39.81 0.001 0.169 0.353 0.493 0.663 0.882 1.035 1.200 1.420 1.752 1.934 2.056 2.155 2.271 2.358 2.401 2.449 2.432 2.368 2.272 2.166 2.077 2.077 0.918
6.00 50.12 -0.075 0.088 0.268 0.405 0.572 0.786 0.937 1.099 1.318 1.642 1.819 1.937 2.031 2.143 2.226 2.265 2.311 2.291 2.229 2.132 2.027 1.933 1.933 0.783
6.00 63.10 -0.161 -0.002 0.175 0.308 0.472 0.681 0.829 0.989 1.204 1.519 1.691 1.805 1.894 2.001 2.079 2.115 2.159 2.135 2.075 1.977 1.873 1.777 1.777 0.634
6.00 79.43 -0.257 -0.104 0.070 0.199 0.360 0.563 0.709 0.866 1.078 1.382 1.549 1.659 1.743 1.846 1.919 1.951 1.992 1.964 1.907 1.808 1.706 1.610 1.610 0.469
6.00 100.00 -0.366 -0.218 -0.049 0.078 0.234 0.432 0.576 0.729 0.937 1.231 1.392 1.499 1.579 1.679 1.747 1.774 1.813 1.781 1.727 1.627 1.529 1.433 1.433 0.290
6.00 125.89 -0.491 -0.349 -0.183 -0.060 0.092 0.285 0.426 0.576 0.778 1.062 1.218 1.324 1.400 1.498 1.562 1.586 1.623 1.587 1.536 1.436 1.341 1.247 1.247 0.095
6.00 158.49 -0.636 -0.499 -0.337 -0.218 -0.069 0.118 0.256 0.402 0.600 0.873 1.025 1.131 1.204 1.302 1.366 1.386 1.422 1.384 1.335 1.235 1.144 1.053 1.053 -0.118
6.00 199.53 -0.805 -0.674 -0.516 -0.401 -0.255 -0.074 0.061 0.204 0.396 0.659 0.808 0.917 0.990 1.091 1.155 1.173 1.211 1.170 1.125 1.026 0.939 0.851 0.851 -0.352
6.00 251.19 -1.004 -0.879 -0.724 -0.613 -0.471 -0.296 -0.164 -0.025 0.162 0.415 0.563 0.679 0.754 0.862 0.930 0.947 0.988 0.947 0.907 0.807 0.724 0.641 0.641 -0.609
6.00 316.23 -1.241 -1.121 -0.971 -0.863 -0.726 -0.556 -0.427 -0.291 -0.110 0.134 0.282 0.409 0.490 0.610 0.686 0.706 0.752 0.713 0.678 0.578 0.501 0.422 0.422 -0.897
6.00 398.11 -1.525 -1.411 -1.264 -1.161 -1.027 -0.863 -0.737 -0.605 -0.430 -0.193 -0.041 0.103 0.193 0.332 0.422 0.446 0.501 0.466 0.439 0.339 0.266 0.192 0.192 -1.221
6.00 501.19 -1.868 -1.760 -1.617 -1.518 -1.388 -1.230 -1.106 -0.979 -0.810 -0.578 -0.419 -0.251 -0.146 0.020 0.131 0.163 0.232 0.206 0.187 0.088 0.019 -0.050 -0.050 -1.590
6.00 630.96 -2.286 -2.184 -2.045 -1.949 -1.823 -1.671 -1.551 -1.427 -1.264 -1.036 -0.865 -0.663 -0.536 -0.333 -0.192 -0.147 -0.059 -0.072 -0.079 -0.179 -0.242 -0.307 -0.307 -2.015
6.00 794.33 -2.797 -2.701 -2.566 -2.474 -2.352 -2.206 -2.089 -1.969 -1.811 -1.584 -1.396 -1.149 -0.991 -0.738 -0.555 -0.491 -0.377 -0.372 -0.364 -0.464 -0.523 -0.583 -0.583 -2.511
6.00 1000.00 -3.426 -3.336 -3.205 -3.117 -2.999 -2.859 -2.744 -2.629 -2.477 -2.246 -2.033 -1.727 -1.527 -1.208 -0.968 -0.879 -0.728 -0.697 -0.672 -0.772 -0.826 -0.881 -0.881 -3.096
6.25 1.00 0.673 0.879 1.087 1.251 1.443 1.687 1.852 1.996 2.157 2.455 2.621 2.740 2.845 2.955 3.024 3.071 3.121 3.138 3.094 3.037 2.969 2.995 2.995 1.670
6.25 1.26 0.667 0.872 1.080 1.244 1.435 1.679 1.843 1.988 2.150 2.449 2.616 2.734 2.839 2.949 3.018 3.065 3.115 3.130 3.086 3.028 2.959 2.984 2.984 1.664
6.25 1.58 0.660 0.864 1.072 1.235 1.426 1.669 1.833 1.978 2.142 2.442 2.609 2.728 2.833 2.943 3.012 3.058 3.107 3.121 3.075 3.017 2.947 2.970 2.970 1.657
6.25 2.00 0.651 0.855 1.061 1.225 1.415 1.657 1.821 1.966 2.132 2.433 2.601 2.720 2.824 2.934 3.004 3.049 3.098 3.110 3.063 3.003 2.933 2.954 2.954 1.648
6.25 2.51 0.641 0.843 1.049 1.212 1.401 1.642 1.805 1.952 2.119 2.422 2.591 2.710 2.815 2.925 2.994 3.039 3.087 3.097 3.048 2.987 2.916 2.935 2.935 1.637
6.25 3.16 0.628 0.829 1.034 1.196 1.384 1.624 1.787 1.934 2.104 2.409 2.579 2.698 2.803 2.913 2.982 3.027 3.074 3.081 3.031 2.968 2.896 2.911 2.911 1.624
6.25 3.98 0.612 0.811 1.016 1.176 1.364 1.602 1.764 1.912 2.086 2.393 2.564 2.684 2.788 2.899 2.969 3.012 3.058 3.064 3.011 2.946 2.872 2.883 2.883 1.609
6.25 5.01 0.593 0.791 0.994 1.154 1.340 1.577 1.738 1.887 2.064 2.374 2.546 2.667 2.771 2.882 2.952 2.995 3.040 3.043 2.988 2.920 2.845 2.851 2.851 1.590
6.25 6.31 0.571 0.766 0.968 1.126 1.311 1.546 1.706 1.857 2.038 2.351 2.525 2.646 2.750 2.862 2.933 2.975 3.020 3.019 2.961 2.891 2.813 2.813 2.813 1.567
6.25 7.94 0.544 0.738 0.938 1.095 1.278 1.511 1.669 1.821 2.007 2.323 2.499 2.620 2.725 2.837 2.909 2.952 2.995 2.991 2.930 2.857 2.776 2.769 2.769 1.539
6.25 10.00 0.514 0.705 0.903 1.058 1.240 1.469 1.627 1.780 1.971 2.290 2.467 2.589 2.693 2.806 2.880 2.922 2.965 2.958 2.894 2.817 2.734 2.718 2.718 1.505
6.25 12.59 0.479 0.667 0.863 1.016 1.195 1.422 1.578 1.732 1.928 2.250 2.428 2.550 2.654 2.768 2.844 2.886 2.928 2.918 2.852 2.772 2.685 2.659 2.659 1.462
6.25 15.85 0.439 0.623 0.817 0.968 1.145 1.368 1.523 1.678 1.878 2.201 2.380 2.502 2.606 2.720 2.798 2.840 2.882 2.869 2.802 2.718 2.627 2.590 2.590 1.410
6.25 19.95 0.393 0.574 0.765 0.914 1.088 1.308 1.461 1.616 1.820 2.144 2.323 2.444 2.546 2.660 2.740 2.781 2.824 2.809 2.740 2.653 2.559 2.510 2.510 1.345
6.25 25.12 0.341 0.518 0.707 0.853 1.025 1.240 1.391 1.547 1.753 2.075 2.253 2.373 2.474 2.587 2.667 2.708 2.751 2.734 2.666 2.575 2.478 2.418 2.418 1.265
6.25 31.62 0.283 0.456 0.642 0.785 0.954 1.165 1.314 1.469 1.676 1.996 2.172 2.290 2.387 2.499 2.579 2.618 2.662 2.642 2.575 2.482 2.382 2.311 2.311 1.171
6.25 39.81 0.218 0.386 0.569 0.709 0.875 1.082 1.228 1.382 1.589 1.904 2.077 2.192 2.286 2.395 2.474 2.512 2.554 2.533 2.467 2.372 2.270 2.191 2.191 1.061
6.25 50.12 0.145 0.308 0.488 0.625 0.788 0.990 1.133 1.286 1.492 1.800 1.969 2.081 2.170 2.276 2.352 2.387 2.429 2.405 2.341 2.245 2.143 2.057 2.057 0.935
6.25 63.10 0.063 0.221 0.397 0.530 0.690 0.887 1.028 1.178 1.382 1.682 1.847 1.955 2.040 2.143 2.215 2.247 2.287 2.260 2.199 2.101 2.000 1.909 1.909 0.793
6.25 79.43 -0.031 0.122 0.295 0.425 0.581 0.773 0.911 1.059 1.259 1.551 1.710 1.815 1.896 1.995 2.063 2.092 2.130 2.099 2.041 1.942 1.842 1.749 1.749 0.636
6.25 100.00 -0.137 0.010 0.180 0.306 0.459 0.645 0.781 0.925 1.122 1.404 1.558 1.661 1.737 1.833 1.898 1.922 1.959 1.925 1.869 1.770 1.672 1.579 1.579 0.462
6.25 125.89 -0.260 -0.118 0.048 0.171 0.320 0.501 0.634 0.775 0.967 1.239 1.388 1.490 1.562 1.657 1.719 1.740 1.776 1.738 1.685 1.586 1.491 1.399 1.399 0.272
6.25 158.49 -0.402 -0.265 -0.103 0.016 0.161 0.336 0.467 0.605 0.792 1.053 1.198 1.301 1.371 1.467 1.527 1.545 1.580 1.540 1.490 1.391 1.300 1.210 1.210 0.064
6.25 199.53 -0.568 -0.437 -0.279 -0.164 -0.022 0.147 0.275 0.409 0.591 0.842 0.985 1.091 1.161 1.260 1.321 1.337 1.373 1.332 1.286 1.186 1.099 1.012 1.012 -0.165
6.25 251.19 -0.764 -0.639 -0.485 -0.374 -0.236 -0.072 0.053 0.183 0.360 0.602 0.743 0.855 0.928 1.034 1.099 1.115 1.155 1.112 1.072 0.971 0.889 0.806 0.806 -0.419
6.25 316.23 -0.999 -0.879 -0.729 -0.621 -0.487 -0.329 -0.207 -0.081 0.090 0.323 0.466 0.589 0.667 0.785 0.859 0.877 0.922 0.882 0.847 0.747 0.669 0.590 0.590 -0.703
6.25 398.11 -1.280 -1.167 -1.020 -0.916 -0.786 -0.634 -0.515 -0.392 -0.227 -0.001 0.145 0.285 0.373 0.510 0.598 0.621 0.675 0.639 0.611 0.511 0.438 0.364 0.364 -1.024
6.25 501.19 -1.621 -1.513 -1.370 -1.271 -1.145 -0.998 -0.882 -0.763 -0.604 -0.383 -0.230 -0.065 0.038 0.201 0.310 0.341 0.409 0.382 0.363 0.263 0.194 0.124 0.124 -1.390
6.25 630.96 -2.036 -1.934 -1.795 -1.699 -1.577 -1.437 -1.324 -1.208 -1.055 -0.838 -0.673 -0.475 -0.350 -0.149 -0.010 0.034 0.121 0.107 0.099 -0.001 -0.065 -0.130 -0.130 -1.812
6.25 794.33 -2.545 -2.449 -2.314 -2.222 -2.104 -1.969 -1.859 -1.748 -1.600 -1.384 -1.201 -0.958 -0.802 -0.552 -0.370 -0.308 -0.194 -0.190 -0.183 -0.283 -0.342 -0.402 -0.402 -2.305
6.25 1000.00 -3.171 -3.081 -2.950 -2.862 -2.748 -2.619 -2.512 -2.405 -2.263 -2.044 -1.836 -1.534 -1.336 -1.019 -0.781 -0.692 -0.543 -0.513 -0.488 -0.588 -0.642 -0.697 -0.697 -2.887
6.50 1.00 0.854 1.057 1.263 1.426 1.613 1.844 2.000 2.133 2.276 2.550 2.702 2.809 2.904 3.003 3.060 3.101 3.146 3.159 3.118 3.063 2.999 3.033 3.033 1.735
6.50 1.26 0.849 1.051 1.257 1.420 1.606 1.837 1.993 2.126 2.270 2.545 2.697 2.804 2.899 2.998 3.055 3.095 3.140 3.151 3.110 3.054 2.990 3.022 3.022 1.729
6.50 1.58 0.842 1.044 1.250 1.412 1.598 1.828 1.984 2.117 2.263 2.538 2.691 2.798 2.893 2.991 3.049 3.088 3.133 3.143 3.100 3.044 2.979 3.010 3.010 1.723
6.50 2.00 0.835 1.036 1.241 1.403 1.587 1.817 1.972 2.106 2.253 2.530 2.684 2.791 2.885 2.984 3.041 3.080 3.123 3.132 3.088 3.031 2.965 2.995 2.995 1.714
6.50 2.51 0.825 1.025 1.230 1.391 1.575 1.803 1.959 2.093 2.242 2.520 2.675 2.782 2.876 2.975 3.032 3.070 3.113 3.119 3.074 3.015 2.949 2.977 2.977 1.704
6.50 3.16 0.813 1.012 1.216 1.376 1.560 1.787 1.942 2.077 2.228 2.508 2.664 2.771 2.865 2.964 3.021 3.058 3.100 3.105 3.057 2.997 2.930 2.955 2.955 1.693
6.50 3.98 0.799 0.997 1.200 1.359 1.542 1.767 1.922 2.057 2.212 2.494 2.650 2.758 2.852 2.951 3.008 3.045 3.085 3.087 3.038 2.976 2.908 2.929 2.929 1.678
6.50 5.01 0.782 0.978 1.180 1.338 1.520 1.744 1.897 2.034 2.192 2.477 2.634 2.743 2.837 2.936 2.993 3.029 3.069 3.068 3.016 2.952 2.882 2.899 2.899 1.661
6.50 6.31 0.762 0.956 1.156 1.313 1.494 1.716 1.868 2.006 2.168 2.456 2.615 2.724 2.818 2.917 2.975 3.011 3.049 3.045 2.990 2.924 2.852 2.864 2.864 1.641
6.50 7.94 0.738 0.929 1.129 1.284 1.463 1.683 1.834 1.974 2.140 2.431 2.592 2.701 2.796 2.896 2.954 2.989 3.026 3.019 2.961 2.892 2.817 2.823 2.823 1.617
6.50 10.00 0.709 0.899 1.096 1.250 1.427 1.645 1.795 1.936 2.107 2.402 2.564 2.674 2.768 2.869 2.929 2.964 3.000 2.989 2.928 2.855 2.778 2.776 2.776 1.587
6.50 12.59 0.677 0.863 1.059 1.211 1.386 1.601 1.749 1.892 2.068 2.366 2.530 2.641 2.735 2.837 2.899 2.933 2.969 2.954 2.890 2.813 2.733 2.722 2.722 1.550
6.50 15.85 0.639 0.823 1.016 1.166 1.339 1.551 1.698 1.841 2.022 2.323 2.488 2.600 2.694 2.796 2.860 2.894 2.930 2.912 2.846 2.765 2.682 2.659 2.659 1.505
6.50 19.95 0.597 0.776 0.967 1.115 1.286 1.494 1.639 1.783 1.969 2.271 2.438 2.549 2.642 2.745 2.812 2.846 2.881 2.861 2.793 2.708 2.621 2.587 2.587 1.449
6.50 25.12 0.548 0.724 0.912 1.057 1.225 1.429 1.573 1.717 1.907 2.210 2.376 2.487 2.579 2.682 2.750 2.784 2.820 2.798 2.729 2.641 2.550 2.504 2.504 1.380
6.50 31.62 0.493 0.665 0.850 0.992 1.158 1.358 1.499 1.643 1.836 2.137 2.302 2.412 2.502 2.605 2.674 2.707 2.744 2.719 2.651 2.560 2.465 2.408 2.408 1.296
6.50 39.81 0.431 0.598 0.781 0.920 1.082 1.278 1.416 1.561 1.754 2.052 2.215 2.323 2.411 2.512 2.581 2.613 2.650 2.624 2.556 2.463 2.366 2.298 2.298 1.197
6.50 50.12 0.360 0.523 0.703 0.839 0.998 1.188 1.325 1.468 1.661 1.954 2.114 2.220 2.304 2.403 2.471 2.502 2.539 2.510 2.444 2.349 2.251 2.174 2.174 1.080
6.50 63.10 0.281 0.438 0.615 0.747 0.903 1.089 1.223 1.364 1.556 1.842 1.999 2.101 2.182 2.279 2.345 2.373 2.409 2.378 2.315 2.218 2.119 2.036 2.036 0.947
6.50 79.43 0.190 0.343 0.516 0.645 0.797 0.978 1.110 1.248 1.438 1.716 1.868 1.968 2.045 2.139 2.202 2.227 2.262 2.228 2.168 2.070 1.972 1.885 1.885 0.798
6.50 100.00 0.086 0.234 0.403 0.529 0.678 0.853 0.982 1.118 1.304 1.573 1.721 1.819 1.892 1.984 2.044 2.066 2.100 2.064 2.006 1.907 1.811 1.722 1.722 0.631
6.50 125.89 -0.033 0.109 0.274 0.396 0.542 0.712 0.838 0.971 1.153 1.412 1.556 1.653 1.723 1.814 1.872 1.891 1.924 1.885 1.831 1.731 1.638 1.548 1.548 0.447
6.50 158.49 -0.173 -0.036 0.126 0.244 0.386 0.550 0.674 0.803 0.980 1.230 1.370 1.468 1.536 1.629 1.686 1.702 1.736 1.694 1.643 1.543 1.453 1.365 1.365 0.244
6.50 199.53 -0.336 -0.206 -0.047 0.067 0.205 0.364 0.485 0.611 0.783 1.023 1.160 1.262 1.330 1.426 1.484 1.499 1.534 1.491 1.444 1.344 1.258 1.172 1.172 0.019
6.50 251.19 -0.530 -0.405 -0.251 -0.140 -0.006 0.148 0.265 0.388 0.555 0.786 0.922 1.030 1.101 1.204 1.267 1.282 1.320 1.276 1.235 1.134 1.052 0.970 0.970 -0.231
6.50 316.23 -0.762 -0.642 -0.492 -0.385 -0.254 -0.107 0.008 0.127 0.288 0.511 0.647 0.767 0.843 0.959 1.030 1.048 1.091 1.050 1.014 0.914 0.836 0.757 0.757 -0.511
6.50 398.11 -1.041 -0.927 -0.780 -0.677 -0.551 -0.409 -0.297 -0.182 -0.026 0.189 0.330 0.467 0.552 0.687 0.772 0.794 0.847 0.811 0.782 0.682 0.609 0.534 0.534 -0.829
6.50 501.19 -1.379 -1.271 -1.128 -1.029 -0.906 -0.770 -0.661 -0.550 -0.400 -0.190 -0.043 0.119 0.220 0.381 0.488 0.518 0.585 0.557 0.537 0.437 0.368 0.298 0.298 -1.191
6.50 630.96 -1.791 -1.689 -1.550 -1.455 -1.336 -1.206 -1.100 -0.993 -0.849 -0.642 -0.483 -0.288 -0.165 0.033 0.171 0.214 0.300 0.285 0.277 0.176 0.112 0.047 0.047 -1.611
6.50 794.33 -2.297 -2.202 -2.066 -1.975 -1.860 -1.736 -1.633 -1.530 -1.391 -1.185 -1.008 -0.769 -0.615 -0.366 -0.187 -0.125 -0.012 -0.009 -0.003 -0.103 -0.162 -0.223 -0.223 -2.101
6.50 1000.00 -2.921 -2.831 -2.700 -2.613 -2.502 -2.384 -2.284 -2.184 -2.052 -1.843 -1.641 -1.341 -1.146 -0.831 -0.594 -0.507 -0.358 -0.329 -0.305 -0.405 -0.459 -0.515 -0.515 -2.679
6.75 1.00 1.031 1.232 1.437 1.598 1.779 1.998 2.147 2.268 2.395 2.646 2.784 2.879 2.965 3.052 3.098 3.132 3.173 3.182 3.143 3.091 3.031 3.072 3.072 1.801
6.75 1.26 1.027 1.227 1.431 1.592 1.773 1.991 2.140 2.262 2.389 2.641 2.779 2.875 2.960 3.047 3.093 3.127 3.167 3.175 3.135 3.082 3.023 3.063 3.063 1.795
6.75 1.58 1.021 1.220 1.425 1.585 1.766 1.984 2.132 2.254 2.382 2.635 2.773 2.869 2.954 3.041 3.087 3.120 3.160 3.166 3.126 3.072 3.012 3.051 3.051 1.789
6.75 2.00 1.014 1.213 1.416 1.577 1.757 1.974 2.122 2.244 2.374 2.627 2.766 2.862 2.947 3.034 3.079 3.112 3.151 3.156 3.115 3.060 3.000 3.037 3.037 1.781
6.75 2.51 1.005 1.203 1.406 1.566 1.746 1.962 2.110 2.232 2.364 2.618 2.758 2.854 2.938 3.025 3.070 3.102 3.140 3.144 3.101 3.045 2.984 3.020 3.020 1.772
6.75 3.16 0.995 1.192 1.394 1.553 1.732 1.947 2.094 2.217 2.351 2.607 2.748 2.844 2.928 3.015 3.060 3.091 3.128 3.129 3.085 3.028 2.966 3.000 3.000 1.761
6.75 3.98 0.982 1.178 1.379 1.537 1.715 1.929 2.076 2.200 2.336 2.594 2.736 2.832 2.916 3.003 3.047 3.078 3.114 3.112 3.066 3.008 2.945 2.975 2.975 1.748
6.75 5.01 0.967 1.161 1.361 1.518 1.695 1.908 2.054 2.179 2.318 2.578 2.721 2.818 2.902 2.988 3.033 3.063 3.097 3.093 3.045 2.984 2.920 2.947 2.947 1.732
6.75 6.31 0.948 1.140 1.340 1.496 1.672 1.882 2.027 2.153 2.297 2.560 2.704 2.801 2.885 2.972 3.017 3.045 3.078 3.071 3.020 2.957 2.891 2.914 2.914 1.713
6.75 7.94 0.926 1.116 1.315 1.469 1.644 1.852 1.996 2.123 2.271 2.537 2.683 2.780 2.864 2.952 2.998 3.025 3.057 3.046 2.992 2.926 2.859 2.876 2.876 1.691
6.75 10.00 0.900 1.088 1.285 1.438 1.611 1.817 1.960 2.088 2.241 2.511 2.658 2.756 2.840 2.929 2.975 3.002 3.033 3.018 2.961 2.892 2.822 2.832 2.832 1.665
6.75 12.59 0.870 1.055 1.250 1.401 1.572 1.776 1.917 2.047 2.205 2.479 2.628 2.727 2.811 2.901 2.949 2.975 3.005 2.986 2.926 2.853 2.780 2.782 2.782 1.634
6.75 15.85 0.835 1.018 1.210 1.359 1.528 1.728 1.868 2.000 2.163 2.440 2.592 2.691 2.776 2.866 2.916 2.942 2.972 2.949 2.885 2.809 2.732 2.725 2.725 1.595
6.75 19.95 0.795 0.974 1.164 1.311 1.478 1.675 1.813 1.946 2.114 2.394 2.547 2.648 2.732 2.823 2.876 2.902 2.931 2.905 2.839 2.758 2.678 2.659 2.659 1.547
6.75 25.12 0.749 0.924 1.112 1.257 1.421 1.614 1.750 1.884 2.057 2.339 2.493 2.593 2.677 2.770 2.824 2.851 2.880 2.852 2.784 2.699 2.615 2.584 2.584 1.487
6.75 31.62 0.697 0.868 1.053 1.195 1.356 1.545 1.680 1.814 1.991 2.273 2.427 2.527 2.610 2.703 2.760 2.786 2.816 2.786 2.717 2.628 2.541 2.498 2.498 1.414
6.75 39.81 0.638 0.804 0.987 1.125 1.284 1.469 1.601 1.735 1.914 2.195 2.348 2.447 2.528 2.621 2.679 2.705 2.736 2.704 2.635 2.544 2.453 2.398 2.398 1.325
6.75 50.12 0.570 0.732 0.912 1.047 1.203 1.383 1.513 1.646 1.826 2.104 2.254 2.353 2.431 2.523 2.582 2.607 2.638 2.604 2.537 2.443 2.350 2.285 2.285 1.219
6.75 63.10 0.494 0.651 0.827 0.959 1.112 1.287 1.414 1.546 1.726 1.998 2.146 2.243 2.318 2.409 2.467 2.490 2.522 2.486 2.422 2.325 2.231 2.157 2.157 1.096
6.75 79.43 0.406 0.558 0.731 0.860 1.009 1.179 1.304 1.434 1.612 1.877 2.022 2.116 2.189 2.278 2.335 2.356 2.387 2.350 2.288 2.190 2.096 2.015 2.015 0.955
6.75 100.00 0.305 0.452 0.621 0.746 0.892 1.057 1.179 1.307 1.482 1.740 1.880 1.974 2.043 2.131 2.186 2.205 2.236 2.196 2.137 2.039 1.945 1.861 1.861 0.796
6.75 125.89 0.188 0.329 0.495 0.617 0.759 0.919 1.038 1.163 1.335 1.583 1.720 1.813 1.880 1.968 2.021 2.038 2.069 2.027 1.971 1.872 1.780 1.694 1.694 0.618
6.75 158.49 0.051 0.187 0.349 0.467 0.606 0.760 0.877 0.999 1.166 1.405 1.539 1.633 1.699 1.788 1.841 1.856 1.887 1.843 1.792 1.692 1.603 1.517 1.517 0.421
6.75 199.53 -0.110 0.021 0.179 0.293 0.428 0.577 0.691 0.809 0.972 1.202 1.333 1.431 1.497 1.590 1.645 1.659 1.692 1.647 1.599 1.499 1.413 1.329 1.329 0.201
6.75 251.19 -0.301 -0.176 -0.022 0.089 0.220 0.363 0.474 0.589 0.747 0.968 1.098 1.203 1.271 1.372 1.432 1.446 1.483 1.438 1.395 1.295 1.213 1.132 1.132 -0.045
6.75 316.23 -0.530 -0.411 -0.260 -0.153 -0.026 0.111 0.219 0.331 0.483 0.696 0.827 0.944 1.018 1.131 1.200 1.216 1.259 1.216 1.180 1.079 1.002 0.923 0.923 -0.321
6.75 398.11 -0.806 -0.693 -0.546 -0.443 -0.320 -0.188 -0.083 0.025 0.172 0.377 0.512 0.646 0.730 0.862 0.946 0.967 1.019 0.981 0.952 0.851 0.778 0.704 0.704 -0.635
6.75 501.19 -1.142 -1.034 -0.891 -0.792 -0.673 -0.547 -0.445 -0.341 -0.200 0.000 0.143 0.301 0.400 0.559 0.664 0.694 0.760 0.731 0.710 0.610 0.541 0.471 0.471 -0.994
6.75 630.96 -1.552 -1.450 -1.311 -1.216 -1.100 -0.981 -0.881 -0.781 -0.646 -0.449 -0.294 -0.103 0.019 0.215 0.350 0.392 0.478 0.462 0.453 0.352 0.288 0.223 0.223 -1.411
6.75 794.33 -2.056 -1.960 -1.825 -1.733 -1.622 -1.508 -1.411 -1.315 -1.186 -0.989 -0.817 -0.580 -0.428 -0.182 -0.004 0.057 0.169 0.171 0.177 0.076 0.017 -0.044 -0.044 -1.898
6.75 1000.00 -2.677 -2.587 -2.456 -2.368 -2.261 -2.153 -2.059 -1.967 -1.843 -1.644 -1.447 -1.150 -0.957 -0.644 -0.409 -0.322 -0.174 -0.146 -0.123 -0.223 -0.278 -0.333 -0.333 -2.473
7.00 1.00 1.205 1.403 1.606 1.766 1.943 2.150 2.292 2.402 2.512 2.741 2.866 2.950 3.026 3.103 3.137 3.165 3.201 3.207 3.171 3.120 3.065 3.113 3.113 1.868
7.00 1.26 1.201 1.399 1.602 1.761 1.937 2.144 2.286 2.396 2.507 2.736 2.861 2.946 3.021 3.098 3.132 3.160 3.196 3.200 3.163 3.113 3.057 3.104 3.104 1.863
7.00 1.58 1.196 1.393 1.596 1.755 1.931 2.137 2.278 2.389 2.501 2.731 2.856 2.941 3.016 3.092 3.126 3.154 3.188 3.192 3.154 3.103 3.048 3.094 3.094 1.857
7.00 2.00 1.190 1.386 1.588 1.747 1.923 2.128 2.269 2.380 2.493 2.724 2.850 2.934 3.009 3.085 3.119 3.146 3.180 3.182 3.143 3.091 3.036 3.081 3.081 1.849
7.00 2.51 1.182 1.378 1.579 1.738 1.912 2.117 2.258 2.369 2.484 2.716 2.842 2.926 3.001 3.077 3.110 3.136 3.170 3.170 3.130 3.077 3.021 3.065 3.065 1.840
7.00 3.16 1.172 1.367 1.568 1.726 1.900 2.104 2.244 2.356 2.473 2.706 2.832 2.917 2.991 3.067 3.100 3.125 3.158 3.156 3.115 3.061 3.004 3.046 3.046 1.830
7.00 3.98 1.161 1.355 1.555 1.712 1.885 2.088 2.227 2.340 2.459 2.694 2.821 2.905 2.980 3.055 3.088 3.112 3.143 3.139 3.097 3.041 2.983 3.023 3.023 1.817
7.00 5.01 1.147 1.339 1.539 1.694 1.867 2.068 2.207 2.321 2.442 2.679 2.807 2.892 2.966 3.042 3.074 3.097 3.127 3.120 3.075 3.018 2.959 2.996 2.996 1.802
7.00 6.31 1.130 1.321 1.519 1.674 1.845 2.045 2.183 2.298 2.423 2.662 2.791 2.876 2.950 3.026 3.058 3.080 3.109 3.099 3.051 2.992 2.932 2.965 2.965 1.785
7.00 7.94 1.110 1.299 1.496 1.649 1.820 2.017 2.154 2.270 2.399 2.641 2.772 2.858 2.932 3.007 3.040 3.061 3.088 3.074 3.024 2.962 2.900 2.929 2.929 1.765
7.00 10.00 1.087 1.273 1.468 1.620 1.789 1.984 2.121 2.238 2.371 2.617 2.750 2.836 2.910 2.986 3.019 3.039 3.065 3.047 2.993 2.928 2.865 2.887 2.887 1.741
7.00 12.59 1.059 1.243 1.436 1.587 1.754 1.946 2.081 2.200 2.339 2.588 2.723 2.810 2.884 2.961 2.995 3.015 3.039 3.017 2.960 2.891 2.825 2.840 2.840 1.713
7.00 15.85 1.026 1.207 1.399 1.547 1.713 1.902 2.036 2.156 2.301 2.554 2.690 2.779 2.853 2.931 2.967 2.986 3.009 2.983 2.922 2.850 2.781 2.787 2.787 1.679
7.00 19.95 0.989 1.167 1.356 1.502 1.665 1.852 1.984 2.105 2.256 2.512 2.651 2.741 2.815 2.895 2.933 2.951 2.974 2.944 2.880 2.804 2.731 2.727 2.727 1.638
7.00 25.12 0.946 1.120 1.307 1.451 1.611 1.794 1.924 2.047 2.203 2.463 2.603 2.694 2.768 2.849 2.890 2.909 2.931 2.898 2.832 2.751 2.674 2.659 2.659 1.586
7.00 31.62 0.896 1.066 1.251 1.392 1.550 1.729 1.857 1.981 2.142 2.403 2.545 2.636 2.710 2.792 2.836 2.855 2.878 2.842 2.774 2.689 2.608 2.581 2.581 1.523
7.00 39.81 0.840 1.006 1.187 1.326 1.481 1.656 1.782 1.906 2.070 2.332 2.474 2.565 2.638 2.722 2.768 2.787 2.811 2.773 2.704 2.615 2.531 2.491 2.491 1.445
7.00 50.12 0.775 0.937 1.115 1.251 1.403 1.573 1.697 1.821 1.987 2.248 2.389 2.479 2.551 2.635 2.683 2.702 2.727 2.688 2.620 2.528 2.440 2.388 2.388 1.350
7.00 63.10 0.701 0.858 1.033 1.166 1.315 1.480 1.601 1.725 1.892 2.149 2.288 2.378 2.448 2.532 2.581 2.599 2.625 2.584 2.518 2.424 2.334 2.271 2.271 1.238
7.00 79.43 0.616 0.768 0.940 1.069 1.215 1.375 1.494 1.616 1.783 2.034 2.171 2.260 2.328 2.411 2.460 2.477 2.504 2.462 2.398 2.302 2.211 2.140 2.140 1.106
7.00 100.00 0.518 0.664 0.833 0.959 1.101 1.256 1.373 1.492 1.657 1.902 2.036 2.124 2.190 2.273 2.322 2.337 2.365 2.321 2.261 2.163 2.072 1.995 1.995 0.956
7.00 125.89 0.403 0.545 0.710 0.832 0.971 1.121 1.234 1.352 1.514 1.751 1.881 1.970 2.033 2.117 2.166 2.180 2.208 2.163 2.106 2.007 1.917 1.836 1.836 0.786
7.00 158.49 0.269 0.405 0.567 0.685 0.820 0.965 1.076 1.190 1.349 1.577 1.705 1.796 1.858 1.944 1.993 2.006 2.035 1.988 1.935 1.836 1.748 1.666 1.666 0.594
7.00 199.53 0.111 0.241 0.400 0.514 0.645 0.785 0.893 1.004 1.158 1.378 1.504 1.598 1.661 1.751 1.803 1.815 1.846 1.800 1.751 1.651 1.566 1.484 1.484 0.380
7.00 251.19 -0.078 0.047 0.202 0.312 0.440 0.574 0.679 0.787 0.936 1.147 1.272 1.374 1.440 1.538 1.596 1.608 1.643 1.597 1.553 1.453 1.372 1.292 1.292 0.139
7.00 316.23 -0.304 -0.185 -0.034 0.073 0.197 0.324 0.427 0.531 0.675 0.878 1.005 1.118 1.190 1.301 1.368 1.383 1.424 1.380 1.343 1.243 1.165 1.088 1.088 -0.134
7.00 398.11 -0.578 -0.464 -0.318 -0.214 -0.094 0.028 0.127 0.228 0.367 0.563 0.693 0.824 0.906 1.036 1.117 1.137 1.188 1.150 1.120 1.019 0.946 0.872 0.872 -0.443
7.00 501.19 -0.910 -0.803 -0.660 -0.561 -0.445 -0.328 -0.232 -0.135 -0.002 0.189 0.327 0.482 0.579 0.736 0.840 0.868 0.933 0.903 0.882 0.781 0.712 0.643 0.643 -0.799
7.00 630.96 -1.318 -1.216 -1.077 -0.982 -0.870 -0.759 -0.665 -0.573 -0.445 -0.257 -0.107 0.081 0.201 0.395 0.529 0.570 0.654 0.638 0.628 0.527 0.463 0.398 0.398 -1.212
7.00 794.33 -1.819 -1.723 -1.588 -1.497 -1.388 -1.284 -1.193 -1.104 -0.982 -0.795 -0.627 -0.394 -0.243 0.001 0.177 0.237 0.348 0.350 0.355 0.254 0.195 0.134 0.134 -1.696
7.00 1000.00 -2.438 -2.348 -2.217 -2.129 -2.025 -1.926 -1.838 -1.753 -1.638 -1.447 -1.254 -0.961 -0.769 -0.458 -0.225 -0.139 0.008 0.036 0.059 -0.042 -0.097 -0.153 -0.153 -2.269
7.25 1.00 1.375 1.571 1.773 1.931 2.103 2.299 2.434 2.534 2.629 2.837 2.948 3.022 3.089 3.155 3.179 3.201 3.232 3.234 3.201 3.152 3.102 3.156 3.156 1.936
7.25 1.26 1.372 1.567 1.768 1.926 2.098 2.294 2.429 2.529 2.625 2.832 2.944 3.018 3.084 3.150 3.174 3.196 3.227 3.228 3.194 3.145 3.094 3.148 3.148 1.931
7.25 1.58 1.367 1.562 1.763 1.921 2.092 2.287 2.422 2.523 2.619 2.827 2.939 3.013 3.079 3.145 3.168 3.189 3.220 3.220 3.185 3.136 3.085 3.138 3.138 1.925
7.25 2.00 1.362 1.556 1.757 1.914 2.085 2.279 2.414 2.515 2.612 2.821 2.933 3.007 3.073 3.138 3.161 3.182 3.211 3.210 3.175 3.125 3.074 3.126 3.126 1.918
7.25 2.51 1.355 1.548 1.748 1.905 2.076 2.270 2.404 2.505 2.604 2.813 2.926 2.999 3.065 3.130 3.152 3.172 3.201 3.198 3.162 3.111 3.060 3.111 3.111 1.910
7.25 3.16 1.346 1.539 1.739 1.895 2.065 2.258 2.391 2.493 2.593 2.804 2.917 2.990 3.056 3.120 3.142 3.162 3.189 3.185 3.147 3.095 3.043 3.093 3.093 1.900
7.25 3.98 1.336 1.528 1.726 1.882 2.051 2.243 2.376 2.478 2.581 2.792 2.906 2.980 3.044 3.109 3.130 3.149 3.175 3.168 3.129 3.076 3.024 3.071 3.071 1.888
7.25 5.01 1.323 1.514 1.712 1.866 2.035 2.225 2.358 2.461 2.565 2.779 2.893 2.967 3.031 3.096 3.117 3.134 3.159 3.150 3.108 3.054 3.001 3.046 3.046 1.873
7.25 6.31 1.308 1.497 1.694 1.848 2.015 2.204 2.336 2.439 2.547 2.763 2.878 2.952 3.016 3.080 3.101 3.117 3.141 3.128 3.084 3.028 2.974 3.016 3.016 1.857
7.25 7.94 1.290 1.477 1.673 1.825 1.991 2.179 2.310 2.414 2.525 2.744 2.860 2.935 2.998 3.063 3.083 3.098 3.120 3.104 3.058 2.999 2.943 2.982 2.982 1.838
7.25 10.00 1.268 1.453 1.648 1.799 1.963 2.148 2.278 2.384 2.500 2.721 2.840 2.914 2.978 3.042 3.063 3.077 3.097 3.077 3.027 2.966 2.909 2.943 2.943 1.815
7.25 12.59 1.243 1.425 1.618 1.767 1.930 2.113 2.242 2.349 2.470 2.695 2.815 2.891 2.954 3.019 3.041 3.053 3.072 3.047 2.994 2.930 2.871 2.898 2.898 1.790
7.25 15.85 1.213 1.392 1.583 1.731 1.892 2.072 2.199 2.308 2.434 2.664 2.786 2.863 2.927 2.992 3.015 3.027 3.044 3.015 2.958 2.890 2.828 2.848 2.848 1.759
7.25 19.95 1.178 1.354 1.543 1.688 1.848 2.025 2.150 2.261 2.393 2.626 2.751 2.829 2.893 2.961 2.985 2.996 3.012 2.979 2.919 2.846 2.781 2.792 2.792 1.723
7.25 25.12 1.137 1.310 1.497 1.640 1.797 1.970 2.094 2.206 2.345 2.582 2.709 2.788 2.853 2.922 2.949 2.960 2.975 2.939 2.875 2.798 2.729 2.729 2.729 1.679
7.25 31.62 1.090 1.260 1.444 1.584 1.739 1.908 2.030 2.144 2.288 2.528 2.657 2.738 2.803 2.874 2.904 2.915 2.931 2.890 2.824 2.743 2.670 2.658 2.658 1.624
7.25 39.81 1.036 1.202 1.383 1.521 1.673 1.838 1.958 2.073 2.221 2.464 2.594 2.675 2.740 2.813 2.846 2.858 2.875 2.832 2.764 2.678 2.601 2.577 2.577 1.556
7.25 50.12 0.975 1.135 1.314 1.449 1.598 1.759 1.877 1.991 2.144 2.386 2.517 2.599 2.664 2.738 2.774 2.786 2.804 2.760 2.691 2.602 2.522 2.484 2.484 1.473
7.25 63.10 0.903 1.060 1.235 1.367 1.512 1.669 1.784 1.899 2.054 2.295 2.425 2.507 2.571 2.646 2.685 2.697 2.717 2.671 2.604 2.511 2.427 2.378 2.378 1.371
7.25 79.43 0.821 0.972 1.144 1.273 1.416 1.567 1.680 1.794 1.949 2.187 2.315 2.398 2.460 2.537 2.577 2.589 2.610 2.564 2.499 2.403 2.317 2.258 2.258 1.251
7.25 100.00 0.725 0.872 1.040 1.166 1.305 1.451 1.562 1.674 1.829 2.061 2.187 2.270 2.331 2.408 2.450 2.462 2.485 2.437 2.375 2.278 2.191 2.123 2.123 1.110
7.25 125.89 0.614 0.755 0.920 1.042 1.177 1.319 1.427 1.537 1.689 1.915 2.039 2.123 2.182 2.262 2.305 2.315 2.340 2.291 2.233 2.134 2.047 1.974 1.974 0.948
7.25 158.49 0.483 0.618 0.780 0.898 1.030 1.166 1.271 1.379 1.528 1.746 1.868 1.954 2.013 2.096 2.141 2.150 2.177 2.128 2.073 1.974 1.888 1.811 1.811 0.764
7.25 199.53 0.327 0.457 0.615 0.729 0.858 0.988 1.091 1.195 1.341 1.551 1.671 1.762 1.822 1.909 1.958 1.968 1.997 1.948 1.898 1.798 1.714 1.636 1.636 0.556
7.25 251.19 0.141 0.265 0.420 0.530 0.655 0.780 0.880 0.981 1.122 1.324 1.444 1.543 1.606 1.702 1.756 1.767 1.800 1.752 1.708 1.608 1.527 1.449 1.449 0.320
7.25 316.23 -0.083 0.036 0.186 0.293 0.414 0.534 0.631 0.728 0.864 1.059 1.180 1.291 1.360 1.469 1.533 1.547 1.587 1.542 1.504 1.403 1.326 1.250 1.250 0.052
7.25 398.11 -0.354 -0.241 -0.094 0.009 0.126 0.240 0.334 0.428 0.559 0.746 0.872 1.000 1.080 1.208 1.287 1.306 1.356 1.316 1.285 1.185 1.112 1.039 1.039 -0.254
7.25 501.19 -0.684 -0.577 -0.434 -0.335 -0.222 -0.114 -0.023 0.067 0.193 0.376 0.509 0.662 0.757 0.912 1.013 1.040 1.104 1.074 1.052 0.951 0.883 0.813 0.813 -0.606
7.25 630.96 -1.089 -0.988 -0.849 -0.753 -0.644 -0.542 -0.454 -0.368 -0.247 -0.068 0.078 0.264 0.381 0.574 0.706 0.746 0.830 0.812 0.802 0.701 0.637 0.572 0.572 -1.015
7.25 794.33 -1.588 -1.492 -1.357 -1.266 -1.160 -1.064 -0.979 -0.896 -0.782 -0.603 -0.440 -0.208 -0.060 0.183 0.357 0.416 0.527 0.528 0.532 0.431 0.372 0.311 0.311 -1.496
7.25 1000.00 -2.204 -2.114 -1.983 -1.896 -1.794 -1.704 -1.622 -1.543 -1.435 -1.252 -1.064 -0.773 -0.583 -0.273 -0.042 0.043 0.190 0.217 0.239 0.138 0.083 0.027 0.027 -2.066
7.50 1.00 1.542 1.736 1.936 2.092 2.260 2.446 2.575 2.665 2.746 2.933 3.032 3.095 3.153 3.209 3.222 3.239 3.266 3.264 3.233 3.187 3.141 3.201 3.201 2.006
7.50 1.26 1.539 1.732 1.932 2.088 2.256 2.441 2.570 2.661 2.742 2.929 3.028 3.092 3.149 3.204 3.218 3.234 3.260 3.258 3.227 3.180 3.133 3.193 3.193 2.001
7.50 1.58 1.535 1.728 1.927 2.083 2.250 2.435 2.564 2.655 2.736 2.924 3.023 3.087 3.144 3.199 3.212 3.228 3.254 3.250 3.218 3.171 3.125 3.184 3.184 1.996
7.50 2.00 1.530 1.722 1.921 2.077 2.244 2.428 2.557 2.648 2.730 2.918 3.018 3.081 3.138 3.193 3.205 3.220 3.245 3.241 3.208 3.161 3.114 3.173 3.173 1.989
7.50 2.51 1.524 1.715 1.914 2.069 2.236 2.419 2.548 2.639 2.722 2.911 3.011 3.074 3.130 3.185 3.197 3.211 3.235 3.230 3.196 3.148 3.101 3.159 3.159 1.981
7.50 3.16 1.516 1.707 1.905 2.060 2.226 2.409 2.536 2.628 2.713 2.902 3.002 3.065 3.121 3.175 3.187 3.200 3.224 3.216 3.182 3.132 3.085 3.142 3.142 1.971
7.50 3.98 1.507 1.697 1.894 2.048 2.213 2.395 2.523 2.615 2.701 2.891 2.992 3.055 3.110 3.164 3.175 3.187 3.210 3.200 3.164 3.114 3.066 3.122 3.122 1.959
7.50 5.01 1.496 1.684 1.881 2.034 2.199 2.379 2.506 2.598 2.687 2.879 2.980 3.042 3.098 3.151 3.161 3.173 3.194 3.181 3.144 3.092 3.044 3.098 3.098 1.946
7.50 6.31 1.482 1.669 1.865 2.017 2.181 2.360 2.486 2.579 2.670 2.863 2.965 3.028 3.083 3.136 3.145 3.155 3.175 3.160 3.120 3.067 3.018 3.070 3.070 1.929
7.50 7.94 1.465 1.651 1.845 1.996 2.159 2.337 2.462 2.556 2.650 2.846 2.948 3.011 3.066 3.118 3.127 3.136 3.154 3.136 3.094 3.038 2.989 3.037 3.037 1.911
7.50 10.00 1.446 1.629 1.822 1.972 2.133 2.309 2.433 2.528 2.626 2.824 2.929 2.992 3.046 3.099 3.107 3.115 3.131 3.109 3.064 3.006 2.955 2.999 2.999 1.889
7.50 12.59 1.422 1.603 1.795 1.943 2.103 2.276 2.399 2.496 2.598 2.800 2.906 2.970 3.024 3.077 3.085 3.092 3.106 3.079 3.031 2.970 2.917 2.957 2.957 1.865
7.50 15.85 1.394 1.573 1.763 1.909 2.067 2.238 2.359 2.457 2.566 2.771 2.879 2.944 2.998 3.052 3.061 3.066 3.078 3.047 2.995 2.931 2.876 2.909 2.909 1.837
7.50 19.95 1.362 1.537 1.725 1.870 2.025 2.193 2.314 2.413 2.527 2.737 2.847 2.913 2.968 3.023 3.034 3.037 3.048 3.013 2.956 2.888 2.831 2.856 2.856 1.804
7.50 25.12 1.323 1.496 1.681 1.824 1.977 2.142 2.261 2.362 2.482 2.696 2.809 2.877 2.932 2.989 3.002 3.005 3.015 2.975 2.915 2.842 2.781 2.797 2.797 1.765
7.50 31.62 1.279 1.448 1.631 1.771 1.922 2.083 2.200 2.303 2.430 2.648 2.763 2.833 2.889 2.947 2.963 2.967 2.976 2.932 2.868 2.791 2.727 2.731 2.731 1.718
7.50 39.81 1.228 1.393 1.573 1.711 1.859 2.016 2.131 2.235 2.368 2.590 2.707 2.779 2.835 2.896 2.916 2.919 2.929 2.882 2.816 2.734 2.665 2.657 2.657 1.659
7.50 50.12 1.169 1.329 1.507 1.642 1.787 1.940 2.053 2.158 2.295 2.519 2.638 2.711 2.768 2.832 2.855 2.860 2.871 2.821 2.753 2.667 2.594 2.573 2.573 1.586
7.50 63.10 1.100 1.256 1.431 1.562 1.705 1.853 1.964 2.069 2.211 2.435 2.554 2.629 2.685 2.752 2.779 2.784 2.797 2.746 2.678 2.589 2.511 2.477 2.477 1.496
7.50 79.43 1.021 1.172 1.343 1.472 1.611 1.755 1.863 1.968 2.111 2.334 2.453 2.529 2.585 2.654 2.685 2.690 2.706 2.654 2.587 2.494 2.414 2.368 2.368 1.387
7.50 100.00 0.928 1.074 1.242 1.367 1.504 1.642 1.747 1.852 1.995 2.214 2.333 2.410 2.466 2.537 2.571 2.577 2.594 2.542 2.478 2.383 2.301 2.244 2.244 1.257
7.50 125.89 0.819 0.960 1.125 1.246 1.379 1.512 1.615 1.718 1.861 2.074 2.192 2.271 2.326 2.400 2.437 2.443 2.463 2.411 2.350 2.253 2.170 2.105 2.105 1.105
7.50 158.49 0.690 0.826 0.987 1.105 1.234 1.362 1.463 1.563 1.704 1.911 2.027 2.109 2.165 2.243 2.282 2.289 2.312 2.260 2.204 2.105 2.022 1.951 1.951 0.929
7.50 199.53 0.537 0.667 0.825 0.939 1.065 1.187 1.285 1.383 1.520 1.720 1.836 1.923 1.980 2.064 2.108 2.115 2.142 2.090 2.039 1.940 1.858 1.784 1.784 0.728
7.50 251.19 0.354 0.478 0.632 0.743 0.865 0.982 1.077 1.171 1.305 1.498 1.613 1.709 1.769 1.862 1.913 1.922 1.953 1.904 1.858 1.758 1.678 1.604 1.604 0.498
7.50 316.23 0.133 0.252 0.402 0.509 0.627 0.738 0.830 0.922 1.051 1.236 1.354 1.461 1.528 1.635 1.696 1.708 1.747 1.700 1.661 1.561 1.484 1.411 1.411 0.235
7.50 398.11 -0.136 -0.023 0.124 0.227 0.341 0.447 0.536 0.624 0.748 0.927 1.049 1.174 1.252 1.378 1.455 1.472 1.521 1.480 1.449 1.348 1.275 1.204 1.204 -0.066
7.50 501.19 -0.464 -0.356 -0.214 -0.114 -0.004 0.096 0.182 0.267 0.385 0.560 0.689 0.839 0.932 1.086 1.185 1.211 1.274 1.243 1.220 1.119 1.051 0.982 0.982 -0.414
7.50 630.96 -0.866 -0.764 -0.626 -0.530 -0.423 -0.330 -0.246 -0.166 -0.052 0.119 0.261 0.444 0.560 0.751 0.881 0.921 1.003 0.985 0.974 0.873 0.809 0.745 0.745 -0.820
7.50 794.33 -1.362 -1.266 -1.131 -1.040 -0.937 -0.849 -0.769 -0.692 -0.584 -0.413 -0.254 -0.025 0.122 0.363 0.536 0.594 0.704 0.705 0.708 0.607 0.548 0.487 0.487 -1.298
7.50 1000.00 -1.976 -1.886 -1.755 -1.667 -1.568 -1.486 -1.409 -1.336 -1.234 -1.059 -0.875 -0.587 -0.398 -0.090 0.140 0.224 0.370 0.397 0.418 0.317 0.262 0.206 0.206 -1.864
7.75 1.00 1.608 1.799 1.997 2.152 2.316 2.492 2.616 2.700 2.775 2.953 3.046 3.104 3.157 3.207 3.215 3.227 3.250 3.243 3.210 3.163 3.117 3.177 3.177 2.010
7.75 1.26 1.605 1.796 1.994 2.149 2.312 2.488 2.611 2.696 2.771 2.949 3.043 3.101 3.153 3.203 3.211 3.223 3.245 3.238 3.205 3.157 3.111 3.170 3.170 2.006
7.75 1.58 1.602 1.792 1.990 2.144 2.308 2.483 2.606 2.691 2.767 2.945 3.039 3.097 3.149 3.199 3.206 3.218 3.239 3.231 3.197 3.149 3.103 3.162 3.162 2.002
7.75 2.00 1.597 1.787 1.984 2.139 2.302 2.477 2.599 2.685 2.761 2.940 3.034 3.092 3.143 3.193 3.200 3.211 3.232 3.223 3.189 3.140 3.094 3.152 3.152 1.996
7.75 2.51 1.592 1.781 1.978 2.132 2.294 2.469 2.591 2.677 2.754 2.933 3.027 3.085 3.137 3.186 3.193 3.203 3.224 3.213 3.178 3.128 3.082 3.140 3.140 1.988
7.75 3.16 1.585 1.773 1.970 2.123 2.285 2.459 2.581 2.667 2.746 2.926 3.020 3.078 3.129 3.178 3.184 3.194 3.213 3.201 3.165 3.115 3.068 3.125 3.125 1.980
7.75 3.98 1.577 1.764 1.960 2.113 2.274 2.447 2.569 2.655 2.735 2.916 3.011 3.068 3.119 3.168 3.173 3.182 3.201 3.187 3.149 3.098 3.051 3.107 3.107 1.969
7.75 5.01 1.567 1.753 1.948 2.100 2.261 2.432 2.554 2.640 2.722 2.904 3.000 3.057 3.108 3.156 3.161 3.169 3.187 3.170 3.131 3.079 3.031 3.085 3.085 1.957
7.75 6.31 1.554 1.739 1.933 2.084 2.244 2.415 2.535 2.623 2.707 2.891 2.987 3.044 3.095 3.143 3.147 3.154 3.170 3.151 3.110 3.056 3.008 3.059 3.059 1.942
7.75 7.94 1.539 1.722 1.916 2.066 2.225 2.393 2.513 2.601 2.689 2.874 2.971 3.029 3.079 3.127 3.131 3.136 3.151 3.129 3.086 3.030 2.981 3.029 3.029 1.925
7.75 10.00 1.521 1.702 1.895 2.043 2.201 2.368 2.487 2.576 2.667 2.855 2.953 3.011 3.061 3.109 3.113 3.117 3.130 3.104 3.058 3.000 2.950 2.995 2.995 1.906
7.75 12.59 1.499 1.679 1.869 2.017 2.173 2.338 2.455 2.546 2.641 2.832 2.932 2.991 3.040 3.088 3.092 3.095 3.106 3.077 3.028 2.967 2.915 2.955 2.955 1.883
7.75 15.85 1.473 1.650 1.839 1.985 2.140 2.302 2.418 2.510 2.610 2.805 2.907 2.966 3.016 3.065 3.069 3.071 3.081 3.047 2.994 2.930 2.877 2.911 2.911 1.857
7.75 19.95 1.443 1.617 1.804 1.948 2.101 2.260 2.375 2.469 2.574 2.773 2.877 2.938 2.988 3.038 3.044 3.044 3.053 3.014 2.958 2.890 2.834 2.861 2.861 1.826
7.75 25.12 1.407 1.578 1.763 1.905 2.056 2.212 2.325 2.420 2.532 2.735 2.841 2.904 2.954 3.006 3.014 3.014 3.021 2.979 2.919 2.847 2.787 2.806 2.806 1.789
7.75 31.62 1.366 1.533 1.716 1.855 2.003 2.156 2.268 2.365 2.482 2.689 2.798 2.862 2.913 2.967 2.978 2.978 2.985 2.938 2.875 2.799 2.736 2.743 2.743 1.745
7.75 39.81 1.317 1.481 1.661 1.798 1.943 2.092 2.202 2.300 2.424 2.634 2.745 2.811 2.863 2.919 2.933 2.934 2.941 2.891 2.825 2.744 2.677 2.673 2.673 1.690
7.75 50.12 1.260 1.420 1.597 1.731 1.874 2.019 2.127 2.226 2.355 2.567 2.680 2.748 2.800 2.859 2.877 2.878 2.886 2.834 2.766 2.682 2.611 2.594 2.594 1.621
7.75 63.10 1.195 1.350 1.524 1.655 1.795 1.936 2.041 2.141 2.273 2.486 2.600 2.670 2.722 2.784 2.806 2.808 2.818 2.764 2.696 2.607 2.533 2.503 2.503 1.536
7.75 79.43 1.118 1.268 1.439 1.567 1.704 1.840 1.943 2.043 2.177 2.390 2.503 2.575 2.627 2.692 2.717 2.720 2.733 2.678 2.611 2.519 2.441 2.399 2.399 1.433
7.75 100.00 1.027 1.173 1.341 1.466 1.599 1.730 1.831 1.929 2.065 2.274 2.388 2.461 2.513 2.580 2.610 2.613 2.628 2.574 2.509 2.414 2.334 2.281 2.281 1.309
7.75 125.89 0.921 1.062 1.226 1.348 1.478 1.604 1.702 1.799 1.934 2.139 2.251 2.326 2.379 2.449 2.482 2.486 2.504 2.449 2.388 2.291 2.209 2.148 2.148 1.162
7.75 158.49 0.795 0.930 1.092 1.209 1.336 1.457 1.552 1.647 1.781 1.979 2.091 2.169 2.222 2.297 2.334 2.338 2.359 2.305 2.248 2.150 2.068 2.000 2.000 0.992
7.75 199.53 0.645 0.774 0.932 1.046 1.170 1.285 1.378 1.470 1.600 1.792 1.903 1.987 2.042 2.124 2.165 2.170 2.195 2.142 2.090 1.991 1.910 1.839 1.839 0.795
7.75 251.19 0.464 0.588 0.742 0.853 0.972 1.082 1.172 1.261 1.388 1.573 1.684 1.777 1.836 1.926 1.975 1.982 2.012 1.961 1.915 1.815 1.736 1.663 1.663 0.570
7.75 316.23 0.245 0.364 0.514 0.621 0.737 0.841 0.928 1.014 1.137 1.315 1.428 1.533 1.599 1.703 1.763 1.773 1.811 1.763 1.723 1.623 1.547 1.474 1.474 0.312
7.75 398.11 -0.021 0.092 0.239 0.342 0.454 0.552 0.637 0.719 0.837 1.009 1.127 1.250 1.326 1.450 1.525 1.541 1.589 1.548 1.516 1.415 1.342 1.271 1.271 0.014
7.75 501.19 -0.346 -0.239 -0.096 0.003 0.111 0.204 0.286 0.365 0.477 0.645 0.770 0.918 1.010 1.161 1.259 1.284 1.346 1.314 1.291 1.190 1.122 1.054 1.054 -0.330
7.75 630.96 -0.746 -0.644 -0.505 -0.410 -0.306 -0.219 -0.140 -0.065 0.042 0.207 0.345 0.526 0.640 0.830 0.958 0.997 1.079 1.060 1.049 0.948 0.883 0.819 0.819 -0.733
7.75 794.33 -1.239 -1.143 -1.009 -0.917 -0.817 -0.736 -0.660 -0.588 -0.487 -0.322 -0.167 0.060 0.205 0.445 0.616 0.674 0.783 0.783 0.786 0.685 0.625 0.565 0.565 -1.207
7.75 1000.00 -1.850 -1.761 -1.630 -1.542 -1.446 -1.370 -1.297 -1.230 -1.134 -0.966 -0.786 -0.499 -0.312 -0.005 0.223 0.307 0.452 0.478 0.499 0.398 0.343 0.287 0.287 -1.771
8.00 1.00 1.671 1.859 2.056 2.209 2.369 2.536 2.655 2.734 2.804 2.973 3.061 3.114 3.162 3.207 3.208 3.217 3.235 3.223 3.189 3.140 3.095 3.154 3.154 2.015
8.00 1.26 1.668 1.856 2.053 2.206 2.366 2.533 2.651 2.730 2.801 2.970 3.058 3.111 3.158 3.203 3.205 3.213 3.231 3.219 3.183 3.134 3.089 3.148 3.148 2.012
8.00 1.58 1.665 1.853 2.049 2.202 2.361 2.528 2.646 2.726 2.796 2.966 3.054 3.107 3.155 3.199 3.201 3.208 3.226 3.213 3.177 3.128 3.082 3.141 3.141 2.008
8.00 2.00 1.661 1.848 2.044 2.197 2.356 2.522 2.640 2.720 2.791 2.961 3.050 3.102 3.150 3.194 3.195 3.202 3.220 3.206 3.169 3.119 3.074 3.132 3.132 2.002
8.00 2.51 1.656 1.843 2.038 2.191 2.350 2.515 2.633 2.713 2.785 2.956 3.044 3.097 3.144 3.188 3.189 3.196 3.212 3.197 3.160 3.109 3.064 3.121 3.121 1.996
8.00 3.16 1.650 1.836 2.031 2.183 2.342 2.506 2.624 2.704 2.777 2.949 3.037 3.090 3.137 3.181 3.181 3.187 3.203 3.186 3.149 3.097 3.051 3.108 3.108 1.988
8.00 3.98 1.643 1.828 2.022 2.173 2.332 2.496 2.612 2.693 2.768 2.940 3.029 3.082 3.128 3.172 3.172 3.177 3.192 3.174 3.135 3.083 3.036 3.092 3.092 1.979
8.00 5.01 1.633 1.818 2.011 2.162 2.319 2.482 2.599 2.680 2.756 2.930 3.019 3.072 3.118 3.162 3.161 3.166 3.180 3.159 3.119 3.065 3.018 3.072 3.072 1.968
8.00 6.31 1.622 1.805 1.998 2.148 2.304 2.466 2.582 2.664 2.743 2.917 3.007 3.060 3.106 3.149 3.149 3.152 3.165 3.142 3.100 3.045 2.997 3.049 3.049 1.955
8.00 7.94 1.608 1.790 1.982 2.131 2.286 2.447 2.562 2.644 2.726 2.902 2.993 3.046 3.092 3.135 3.134 3.136 3.148 3.122 3.078 3.021 2.973 3.022 3.022 1.939
8.00 10.00 1.592 1.772 1.963 2.110 2.265 2.423 2.537 2.621 2.706 2.884 2.976 3.030 3.075 3.119 3.117 3.118 3.128 3.099 3.052 2.994 2.945 2.990 2.990 1.921
8.00 12.59 1.572 1.750 1.939 2.085 2.239 2.395 2.508 2.593 2.682 2.863 2.957 3.011 3.056 3.100 3.098 3.098 3.107 3.074 3.024 2.963 2.912 2.954 2.954 1.900
8.00 15.85 1.548 1.724 1.912 2.056 2.208 2.362 2.474 2.560 2.653 2.838 2.933 2.988 3.034 3.078 3.077 3.076 3.083 3.046 2.993 2.929 2.877 2.912 2.912 1.876
8.00 19.95 1.520 1.693 1.879 2.022 2.172 2.323 2.434 2.521 2.619 2.808 2.905 2.961 3.007 3.052 3.053 3.051 3.056 3.015 2.959 2.892 2.837 2.866 2.866 1.847
8.00 25.12 1.486 1.656 1.840 1.981 2.129 2.278 2.387 2.476 2.580 2.772 2.872 2.929 2.976 3.022 3.025 3.022 3.027 2.982 2.922 2.850 2.793 2.813 2.813 1.813
8.00 31.62 1.447 1.613 1.796 1.934 2.080 2.225 2.332 2.423 2.533 2.729 2.831 2.890 2.937 2.986 2.991 2.988 2.992 2.944 2.880 2.805 2.744 2.755 2.755 1.771
8.00 39.81 1.401 1.564 1.743 1.879 2.023 2.164 2.270 2.362 2.477 2.676 2.781 2.842 2.890 2.941 2.950 2.947 2.951 2.899 2.833 2.753 2.689 2.688 2.688 1.719
8.00 50.12 1.347 1.506 1.683 1.816 1.957 2.094 2.198 2.291 2.411 2.613 2.719 2.783 2.831 2.885 2.897 2.895 2.901 2.846 2.778 2.694 2.626 2.613 2.613 1.655
8.00 63.10 1.284 1.438 1.612 1.743 1.880 2.014 2.115 2.208 2.333 2.536 2.644 2.709 2.757 2.814 2.831 2.830 2.837 2.781 2.713 2.625 2.552 2.527 2.527 1.575
8.00 79.43 1.209 1.359 1.530 1.658 1.792 1.921 2.020 2.114 2.241 2.443 2.551 2.618 2.667 2.728 2.748 2.748 2.758 2.701 2.633 2.542 2.466 2.429 2.429 1.477
8.00 100.00 1.122 1.267 1.435 1.559 1.690 1.814 1.911 2.004 2.132 2.332 2.440 2.509 2.559 2.622 2.647 2.648 2.660 2.603 2.538 2.443 2.365 2.316 2.316 1.358
8.00 125.89 1.018 1.158 1.323 1.444 1.572 1.691 1.785 1.876 2.004 2.201 2.308 2.380 2.429 2.497 2.525 2.527 2.542 2.485 2.424 2.327 2.247 2.189 2.189 1.217
8.00 158.49 0.895 1.030 1.191 1.308 1.433 1.547 1.638 1.728 1.854 2.045 2.152 2.228 2.278 2.350 2.383 2.386 2.404 2.348 2.291 2.193 2.112 2.048 2.048 1.052
8.00 199.53 0.747 0.876 1.034 1.148 1.269 1.377 1.466 1.553 1.678 1.862 1.969 2.050 2.103 2.181 2.220 2.224 2.247 2.192 2.139 2.040 1.960 1.891 1.891 0.861
8.00 251.19 0.569 0.693 0.847 0.957 1.074 1.177 1.264 1.348 1.469 1.646 1.754 1.844 1.900 1.989 2.035 2.041 2.070 2.017 1.970 1.870 1.792 1.721 1.721 0.641
8.00 316.23 0.353 0.471 0.621 0.728 0.842 0.939 1.023 1.104 1.220 1.392 1.501 1.604 1.667 1.770 1.827 1.837 1.873 1.824 1.784 1.683 1.608 1.536 1.536 0.387
8.00 398.11 0.089 0.202 0.349 0.452 0.561 0.653 0.734 0.812 0.923 1.089 1.203 1.324 1.398 1.520 1.594 1.609 1.656 1.613 1.581 1.480 1.408 1.338 1.338 0.093
8.00 501.19 -0.233 -0.126 0.016 0.115 0.222 0.308 0.385 0.460 0.566 0.727 0.850 0.995 1.085 1.235 1.331 1.356 1.417 1.384 1.361 1.260 1.191 1.124 1.124 -0.248
8.00 630.96 -0.631 -0.529 -0.390 -0.295 -0.193 -0.113 -0.038 0.033 0.134 0.292 0.427 0.606 0.719 0.907 1.034 1.072 1.154 1.134 1.122 1.021 0.957 0.892 0.892 -0.647
8.00 794.33 -1.121 -1.026 -0.891 -0.800 -0.701 -0.627 -0.555 -0.488 -0.392 -0.234 -0.082 0.143 0.287 0.525 0.695 0.752 0.861 0.860 0.863 0.761 0.702 0.641 0.641 -1.118
8.00 1000.00 -1.730 -1.641 -1.510 -1.422 -1.328 -1.259 -1.190 -1.127 -1.037 -0.875 -0.698 -0.413 -0.227 0.078 0.305 0.388 0.533 0.558 0.579 0.478 0.422 0.367 0.367 -1.678
