AbrahamsonEtAl2015SSlab as implemented in OpenQuake, distance is rhypo. Log10 hazard values in cgs units
          14 31 23 : nmag, ndist, nperiod
          10.000 7.500 6.000 5.000 4.000 3.000 2.500 2.000 1.500 1.000 0.750 0.600 0.500 0.400 0.300 0.250 0.200 0.150 0.100 0.075 0.050 0.020 PGA PGV
          0.740 0.740 0.740 0.740 0.740 0.740 0.740 0.740 0.740 0.740 0.740 0.740 0.740 0.740 0.740 0.740 0.740 0.740 0.740 0.740 0.740 0.740 0.740 0.740
4.75 1.00 -0.873 -0.645 -0.433 -0.261 -0.034 0.301 0.507 0.755 1.079 1.603 1.917 2.188 2.428 2.702 2.984 3.162 3.331 3.477 3.476 3.409 3.219 2.984 2.984 1.216
4.75 1.26 -0.885 -0.657 -0.446 -0.275 -0.048 0.285 0.491 0.738 1.062 1.584 1.896 2.164 2.403 2.675 2.955 3.131 3.299 3.443 3.442 3.375 3.186 2.951 2.951 1.188
4.75 1.58 -0.899 -0.673 -0.462 -0.292 -0.066 0.267 0.471 0.718 1.041 1.559 1.870 2.136 2.372 2.642 2.919 3.093 3.260 3.402 3.401 3.334 3.146 2.912 2.912 1.155
4.75 2.00 -0.916 -0.691 -0.482 -0.312 -0.087 0.244 0.448 0.694 1.015 1.531 1.839 2.102 2.336 2.602 2.877 3.048 3.213 3.353 3.352 3.285 3.098 2.865 2.865 1.115
4.75 2.51 -0.936 -0.713 -0.505 -0.337 -0.112 0.217 0.420 0.665 0.985 1.496 1.801 2.062 2.292 2.555 2.826 2.995 3.157 3.294 3.294 3.226 3.041 2.810 2.810 1.068
4.75 3.16 -0.961 -0.739 -0.532 -0.365 -0.142 0.185 0.388 0.631 0.949 1.456 1.757 2.014 2.241 2.500 2.766 2.932 3.091 3.225 3.225 3.158 2.974 2.744 2.744 1.012
4.75 3.98 -0.989 -0.770 -0.564 -0.399 -0.177 0.148 0.349 0.592 0.907 1.408 1.706 1.959 2.181 2.435 2.696 2.858 3.015 3.145 3.145 3.078 2.895 2.668 2.668 0.947
4.75 5.01 -1.022 -0.805 -0.601 -0.437 -0.218 0.105 0.305 0.546 0.858 1.353 1.647 1.895 2.113 2.361 2.615 2.774 2.927 3.053 3.053 2.986 2.806 2.580 2.580 0.872
4.75 6.31 -1.059 -0.846 -0.643 -0.482 -0.264 0.056 0.255 0.493 0.803 1.291 1.579 1.822 2.034 2.277 2.524 2.678 2.827 2.949 2.949 2.881 2.704 2.481 2.481 0.787
4.75 7.94 -1.102 -0.891 -0.691 -0.532 -0.316 0.001 0.198 0.434 0.740 1.221 1.503 1.740 1.946 2.182 2.422 2.571 2.715 2.832 2.832 2.764 2.589 2.369 2.369 0.691
4.75 10.00 -1.149 -0.943 -0.745 -0.588 -0.374 -0.061 0.134 0.368 0.671 1.142 1.419 1.649 1.849 2.077 2.309 2.452 2.591 2.702 2.703 2.635 2.463 2.246 2.246 0.584
4.75 12.59 -1.202 -0.999 -0.804 -0.650 -0.439 -0.130 0.063 0.295 0.594 1.056 1.325 1.549 1.742 1.961 2.184 2.321 2.456 2.561 2.561 2.494 2.325 2.111 2.111 0.468
4.75 15.85 -1.261 -1.062 -0.870 -0.718 -0.510 -0.205 -0.014 0.215 0.510 0.961 1.224 1.440 1.625 1.836 2.050 2.181 2.309 2.408 2.409 2.342 2.176 1.966 1.966 0.341
4.75 19.95 -1.325 -1.130 -0.941 -0.792 -0.587 -0.287 -0.098 0.128 0.418 0.859 1.114 1.323 1.500 1.702 1.906 2.030 2.153 2.245 2.246 2.179 2.017 1.810 1.810 0.204
4.75 25.12 -1.395 -1.205 -1.019 -0.873 -0.671 -0.375 -0.189 0.034 0.319 0.749 0.996 1.197 1.366 1.560 1.754 1.870 1.987 2.072 2.074 2.007 1.849 1.646 1.646 0.058
4.75 31.62 -1.471 -1.286 -1.103 -0.961 -0.762 -0.471 -0.287 -0.068 0.213 0.630 0.870 1.063 1.224 1.409 1.593 1.702 1.813 1.891 1.893 1.826 1.672 1.474 1.474 -0.096
4.75 39.81 -1.554 -1.374 -1.195 -1.056 -0.861 -0.575 -0.393 -0.177 0.098 0.504 0.735 0.921 1.074 1.250 1.424 1.526 1.631 1.702 1.705 1.638 1.488 1.294 1.294 -0.260
4.75 50.12 -1.644 -1.470 -1.294 -1.159 -0.967 -0.687 -0.508 -0.295 -0.025 0.368 0.592 0.771 0.916 1.083 1.247 1.343 1.442 1.506 1.510 1.443 1.298 1.108 1.108 -0.433
4.75 63.10 -1.744 -1.575 -1.403 -1.271 -1.083 -0.808 -0.632 -0.423 -0.158 0.223 0.438 0.611 0.749 0.909 1.064 1.153 1.247 1.304 1.309 1.241 1.101 0.915 0.915 -0.615
4.75 79.43 -1.854 -1.691 -1.522 -1.394 -1.210 -0.940 -0.767 -0.562 -0.303 0.066 0.274 0.442 0.573 0.726 0.873 0.956 1.045 1.095 1.102 1.034 0.899 0.718 0.718 -0.807
4.75 100.00 -1.977 -1.820 -1.655 -1.531 -1.350 -1.086 -0.915 -0.714 -0.461 -0.104 0.098 0.261 0.386 0.534 0.674 0.751 0.836 0.881 0.889 0.822 0.691 0.514 0.514 -1.010
4.75 125.89 -2.116 -1.964 -1.803 -1.683 -1.506 -1.248 -1.080 -0.882 -0.634 -0.290 -0.094 0.067 0.187 0.332 0.467 0.539 0.621 0.661 0.671 0.604 0.478 0.306 0.306 -1.227
4.75 158.49 -2.274 -2.128 -1.971 -1.854 -1.681 -1.429 -1.264 -1.070 -0.828 -0.495 -0.304 -0.144 -0.026 0.118 0.250 0.318 0.399 0.434 0.448 0.380 0.259 0.092 0.092 -1.460
4.75 199.53 -2.457 -2.316 -2.163 -2.050 -1.881 -1.634 -1.472 -1.283 -1.046 -0.724 -0.537 -0.373 -0.257 -0.110 0.021 0.087 0.168 0.201 0.218 0.151 0.034 -0.128 -0.128 -1.711
4.75 251.19 -2.669 -2.534 -2.385 -2.276 -2.111 -1.870 -1.711 -1.525 -1.294 -0.983 -0.797 -0.627 -0.509 -0.356 -0.221 -0.156 -0.073 -0.040 -0.019 -0.086 -0.198 -0.355 -0.355 -1.986
4.75 316.23 -2.919 -2.790 -2.645 -2.539 -2.378 -2.143 -1.987 -1.805 -1.580 -1.278 -1.091 -0.911 -0.788 -0.622 -0.479 -0.413 -0.325 -0.291 -0.264 -0.331 -0.438 -0.590 -0.590 -2.289
4.75 398.11 -3.216 -3.093 -2.951 -2.850 -2.693 -2.464 -2.310 -2.133 -1.914 -1.619 -1.429 -1.232 -1.099 -0.916 -0.759 -0.688 -0.591 -0.552 -0.518 -0.586 -0.688 -0.835 -0.835 -2.629
4.75 501.19 -3.572 -3.455 -3.317 -3.220 -3.067 -2.843 -2.693 -2.519 -2.306 -2.017 -1.820 -1.599 -1.451 -1.241 -1.064 -0.985 -0.874 -0.827 -0.784 -0.852 -0.949 -1.091 -1.091 -3.013
4.75 630.96 -4.002 -3.891 -3.757 -3.664 -3.515 -3.298 -3.150 -2.980 -2.773 -2.488 -2.279 -2.025 -1.855 -1.608 -1.400 -1.309 -1.179 -1.120 -1.065 -1.133 -1.225 -1.362 -1.362 -3.453
4.75 794.33 -4.526 -4.421 -4.291 -4.202 -4.057 -3.845 -3.701 -3.535 -3.334 -3.049 -2.823 -2.524 -2.323 -2.027 -1.777 -1.667 -1.510 -1.433 -1.364 -1.431 -1.519 -1.651 -1.651 -3.963
4.75 1000.00 -5.168 -5.069 -4.943 -4.858 -4.716 -4.511 -4.370 -4.207 -4.012 -3.725 -3.474 -3.115 -2.873 -2.510 -2.203 -2.068 -1.875 -1.772 -1.685 -1.753 -1.835 -1.962 -1.962 -4.562
5.00 1.00 -0.670 -0.444 -0.234 -0.064 0.157 0.474 0.669 0.905 1.214 1.718 2.020 2.281 2.514 2.781 3.055 3.227 3.392 3.533 3.531 3.463 3.275 3.041 3.041 1.310
5.00 1.26 -0.681 -0.456 -0.246 -0.077 0.144 0.460 0.655 0.890 1.198 1.700 2.001 2.260 2.492 2.756 3.028 3.199 3.363 3.502 3.500 3.433 3.245 3.012 3.012 1.285
5.00 1.58 -0.694 -0.469 -0.260 -0.092 0.128 0.443 0.637 0.872 1.179 1.678 1.977 2.235 2.464 2.726 2.995 3.165 3.327 3.464 3.463 3.395 3.209 2.977 2.977 1.255
5.00 2.00 -0.709 -0.486 -0.278 -0.110 0.109 0.423 0.616 0.850 1.156 1.652 1.949 2.204 2.431 2.690 2.956 3.124 3.284 3.420 3.418 3.351 3.165 2.934 2.934 1.219
5.00 2.51 -0.728 -0.506 -0.299 -0.132 0.086 0.398 0.591 0.823 1.128 1.620 1.914 2.167 2.391 2.647 2.910 3.074 3.233 3.366 3.365 3.297 3.112 2.883 2.883 1.175
5.00 3.16 -0.749 -0.530 -0.324 -0.158 0.059 0.369 0.561 0.792 1.095 1.583 1.874 2.123 2.344 2.596 2.854 3.016 3.172 3.302 3.301 3.233 3.050 2.822 2.822 1.124
5.00 3.98 -0.775 -0.558 -0.353 -0.189 0.027 0.335 0.526 0.756 1.056 1.539 1.827 2.072 2.288 2.536 2.790 2.948 3.101 3.228 3.227 3.159 2.978 2.751 2.751 1.064
5.00 5.01 -0.805 -0.590 -0.387 -0.225 -0.011 0.295 0.485 0.713 1.011 1.488 1.772 2.012 2.224 2.467 2.715 2.870 3.019 3.142 3.141 3.074 2.894 2.670 2.670 0.994
5.00 6.31 -0.840 -0.628 -0.426 -0.266 -0.053 0.250 0.438 0.665 0.960 1.430 1.709 1.944 2.151 2.388 2.629 2.780 2.926 3.044 3.043 2.976 2.799 2.576 2.576 0.914
5.00 7.94 -0.879 -0.670 -0.471 -0.312 -0.102 0.198 0.385 0.609 0.901 1.364 1.637 1.867 2.068 2.298 2.533 2.679 2.820 2.934 2.933 2.865 2.691 2.471 2.471 0.824
5.00 10.00 -0.924 -0.718 -0.521 -0.365 -0.157 0.140 0.325 0.547 0.836 1.290 1.557 1.781 1.976 2.199 2.426 2.566 2.703 2.811 2.811 2.743 2.571 2.354 2.354 0.723
5.00 12.59 -0.974 -0.772 -0.577 -0.423 -0.218 0.075 0.258 0.478 0.763 1.208 1.469 1.686 1.874 2.089 2.307 2.442 2.574 2.676 2.676 2.608 2.440 2.226 2.226 0.612
5.00 15.85 -1.029 -0.831 -0.639 -0.488 -0.285 0.004 0.185 0.402 0.683 1.118 1.372 1.582 1.763 1.970 2.179 2.307 2.433 2.530 2.530 2.462 2.297 2.087 2.087 0.491
5.00 19.95 -1.090 -0.896 -0.707 -0.559 -0.359 -0.075 0.104 0.318 0.595 1.020 1.266 1.469 1.642 1.841 2.040 2.162 2.283 2.373 2.373 2.305 2.144 1.937 1.937 0.360
5.00 25.12 -1.156 -0.967 -0.782 -0.636 -0.440 -0.160 0.017 0.228 0.500 0.913 1.152 1.348 1.513 1.703 1.893 2.008 2.123 2.206 2.206 2.139 1.981 1.778 1.778 0.219
5.00 31.62 -1.229 -1.045 -0.863 -0.721 -0.527 -0.252 -0.078 0.130 0.397 0.799 1.030 1.218 1.376 1.556 1.737 1.844 1.954 2.030 2.031 1.963 1.810 1.611 1.611 0.069
5.00 39.81 -1.309 -1.130 -0.951 -0.812 -0.622 -0.352 -0.181 0.024 0.286 0.676 0.899 1.080 1.230 1.402 1.572 1.673 1.776 1.846 1.848 1.780 1.630 1.436 1.436 -0.090
5.00 50.12 -1.397 -1.223 -1.047 -0.912 -0.726 -0.461 -0.292 -0.091 0.166 0.544 0.760 0.934 1.075 1.239 1.400 1.494 1.592 1.654 1.657 1.589 1.444 1.254 1.254 -0.259
5.00 63.10 -1.494 -1.325 -1.153 -1.022 -0.839 -0.579 -0.413 -0.216 0.036 0.402 0.610 0.778 0.912 1.069 1.221 1.308 1.400 1.456 1.460 1.392 1.252 1.066 1.066 -0.437
5.00 79.43 -1.601 -1.438 -1.270 -1.142 -0.963 -0.709 -0.545 -0.351 -0.105 0.248 0.449 0.612 0.739 0.889 1.033 1.114 1.202 1.252 1.257 1.189 1.053 0.872 0.872 -0.625
5.00 100.00 -1.722 -1.564 -1.400 -1.275 -1.100 -0.851 -0.690 -0.501 -0.260 0.081 0.275 0.434 0.556 0.701 0.838 0.913 0.997 1.041 1.048 0.980 0.849 0.673 0.673 -0.825
5.00 125.89 -1.858 -1.706 -1.545 -1.425 -1.253 -1.010 -0.852 -0.666 -0.431 -0.102 0.087 0.243 0.360 0.502 0.634 0.705 0.786 0.824 0.834 0.766 0.639 0.468 0.468 -1.038
5.00 158.49 -2.013 -1.867 -1.710 -1.593 -1.426 -1.188 -1.033 -0.851 -0.622 -0.304 -0.121 0.036 0.150 0.291 0.420 0.487 0.566 0.601 0.613 0.546 0.424 0.257 0.257 -1.267
5.00 199.53 -2.193 -2.053 -1.899 -1.787 -1.623 -1.391 -1.239 -1.061 -0.837 -0.530 -0.350 -0.191 -0.078 0.066 0.195 0.259 0.339 0.371 0.387 0.319 0.202 0.040 0.040 -1.516
5.00 251.19 -2.403 -2.268 -2.119 -2.010 -1.850 -1.624 -1.475 -1.300 -1.083 -0.786 -0.607 -0.442 -0.327 -0.177 -0.044 0.019 0.101 0.133 0.153 0.085 -0.027 -0.184 -0.184 -1.787
5.00 316.23 -2.650 -2.521 -2.376 -2.271 -2.114 -1.895 -1.748 -1.578 -1.366 -1.078 -0.899 -0.723 -0.603 -0.441 -0.300 -0.236 -0.148 -0.115 -0.089 -0.157 -0.264 -0.416 -0.416 -2.088
5.00 398.11 -2.944 -2.821 -2.680 -2.579 -2.426 -2.213 -2.069 -1.902 -1.697 -1.416 -1.234 -1.041 -0.911 -0.731 -0.577 -0.508 -0.411 -0.374 -0.341 -0.408 -0.511 -0.658 -0.658 -2.424
5.00 501.19 -3.298 -3.181 -3.043 -2.946 -2.798 -2.590 -2.449 -2.286 -2.087 -1.812 -1.623 -1.406 -1.261 -1.054 -0.879 -0.802 -0.692 -0.646 -0.604 -0.672 -0.769 -0.912 -0.912 -2.805
5.00 630.96 -3.726 -3.615 -3.481 -3.388 -3.243 -3.041 -2.904 -2.745 -2.551 -2.280 -2.079 -1.829 -1.662 -1.418 -1.213 -1.123 -0.994 -0.936 -0.882 -0.950 -1.043 -1.180 -1.180 -3.243
5.00 794.33 -4.247 -4.142 -4.012 -3.923 -3.783 -3.587 -3.452 -3.297 -3.109 -2.839 -2.620 -2.326 -2.128 -1.834 -1.587 -1.478 -1.323 -1.246 -1.178 -1.246 -1.334 -1.467 -1.467 -3.750
5.00 1000.00 -4.886 -4.787 -4.661 -4.576 -4.440 -4.250 -4.118 -3.967 -3.785 -3.512 -3.268 -2.914 -2.675 -2.314 -2.011 -1.876 -1.685 -1.582 -1.497 -1.565 -1.647 -1.775 -1.775 -4.346
5.25 1.00 -0.472 -0.248 -0.039 0.129 0.344 0.644 0.829 1.052 1.347 1.831 2.123 2.375 2.601 2.859 3.125 3.292 3.453 3.589 3.586 3.518 3.331 3.099 3.099 1.404
5.25 1.26 -0.481 -0.258 -0.050 0.118 0.332 0.632 0.816 1.039 1.333 1.815 2.105 2.356 2.580 2.837 3.101 3.267 3.426 3.561 3.559 3.490 3.304 3.073 3.073 1.382
5.25 1.58 -0.492 -0.270 -0.063 0.104 0.318 0.617 0.801 1.023 1.315 1.795 2.084 2.333 2.555 2.809 3.071 3.236 3.394 3.527 3.525 3.457 3.271 3.040 3.040 1.354
5.25 2.00 -0.506 -0.285 -0.079 0.088 0.301 0.598 0.781 1.003 1.294 1.772 2.058 2.305 2.525 2.776 3.036 3.198 3.355 3.486 3.484 3.416 3.231 3.001 3.001 1.321
5.25 2.51 -0.523 -0.303 -0.098 0.068 0.280 0.576 0.759 0.979 1.269 1.743 2.026 2.271 2.488 2.737 2.993 3.153 3.308 3.436 3.434 3.366 3.183 2.955 2.955 1.281
5.25 3.16 -0.543 -0.325 -0.120 0.044 0.255 0.549 0.731 0.951 1.239 1.709 1.989 2.231 2.445 2.690 2.942 3.100 3.252 3.378 3.376 3.308 3.126 2.899 2.899 1.234
5.25 3.98 -0.566 -0.350 -0.147 0.016 0.226 0.518 0.699 0.917 1.203 1.668 1.946 2.183 2.394 2.635 2.882 3.037 3.186 3.309 3.307 3.239 3.059 2.834 2.834 1.179
5.25 5.01 -0.594 -0.380 -0.178 -0.017 0.192 0.482 0.661 0.878 1.162 1.621 1.895 2.128 2.335 2.571 2.813 2.964 3.110 3.229 3.228 3.160 2.981 2.758 2.758 1.114
5.25 6.31 -0.626 -0.415 -0.214 -0.054 0.152 0.439 0.618 0.833 1.114 1.567 1.836 2.065 2.266 2.497 2.733 2.880 3.022 3.138 3.136 3.068 2.892 2.670 2.670 1.040
5.25 7.94 -0.662 -0.454 -0.256 -0.098 0.107 0.391 0.568 0.781 1.059 1.505 1.769 1.993 2.189 2.413 2.642 2.785 2.923 3.034 3.032 2.964 2.790 2.571 2.571 0.955
5.25 10.00 -0.704 -0.499 -0.303 -0.147 0.055 0.337 0.512 0.722 0.998 1.436 1.694 1.911 2.101 2.319 2.541 2.678 2.812 2.918 2.916 2.848 2.677 2.461 2.461 0.860
5.25 12.59 -0.750 -0.549 -0.355 -0.202 -0.002 0.275 0.449 0.657 0.929 1.358 1.610 1.821 2.005 2.215 2.428 2.560 2.689 2.789 2.788 2.720 2.552 2.339 2.339 0.754
5.25 15.85 -0.802 -0.605 -0.414 -0.263 -0.066 0.208 0.379 0.585 0.853 1.272 1.517 1.722 1.898 2.101 2.306 2.431 2.555 2.649 2.649 2.580 2.416 2.206 2.206 0.639
5.25 19.95 -0.860 -0.667 -0.479 -0.331 -0.136 0.133 0.302 0.505 0.769 1.178 1.416 1.614 1.783 1.977 2.173 2.292 2.411 2.498 2.498 2.430 2.268 2.062 2.062 0.513
5.25 25.12 -0.924 -0.735 -0.550 -0.405 -0.213 0.052 0.219 0.418 0.678 1.076 1.307 1.497 1.659 1.844 2.030 2.143 2.256 2.337 2.337 2.269 2.111 1.909 1.909 0.377
5.25 31.62 -0.993 -0.810 -0.628 -0.486 -0.298 -0.037 0.127 0.324 0.578 0.965 1.189 1.372 1.525 1.702 1.879 1.985 2.092 2.167 2.167 2.099 1.945 1.747 1.747 0.232
5.25 39.81 -1.070 -0.892 -0.713 -0.574 -0.389 -0.134 0.028 0.221 0.471 0.846 1.062 1.238 1.384 1.552 1.719 1.818 1.920 1.987 1.989 1.921 1.771 1.577 1.577 0.077
5.25 50.12 -1.155 -0.982 -0.806 -0.671 -0.490 -0.240 -0.080 0.110 0.354 0.718 0.926 1.095 1.233 1.394 1.551 1.644 1.740 1.801 1.803 1.735 1.589 1.399 1.399 -0.087
5.25 63.10 -1.249 -1.081 -0.909 -0.777 -0.600 -0.355 -0.198 -0.011 0.228 0.579 0.779 0.943 1.074 1.227 1.376 1.462 1.553 1.607 1.610 1.542 1.401 1.215 1.215 -0.260
5.25 79.43 -1.354 -1.191 -1.023 -0.895 -0.721 -0.481 -0.327 -0.144 0.089 0.429 0.622 0.780 0.904 1.051 1.192 1.272 1.358 1.406 1.411 1.343 1.207 1.025 1.025 -0.445
5.25 100.00 -1.472 -1.314 -1.150 -1.025 -0.855 -0.621 -0.469 -0.290 -0.062 0.265 0.452 0.606 0.724 0.866 1.001 1.075 1.157 1.200 1.206 1.138 1.006 0.830 0.830 -0.641
5.25 125.89 -1.605 -1.453 -1.292 -1.172 -1.005 -0.777 -0.628 -0.453 -0.230 0.085 0.266 0.418 0.532 0.671 0.800 0.869 0.949 0.986 0.995 0.927 0.800 0.628 0.628 -0.851
5.25 158.49 -1.758 -1.612 -1.455 -1.338 -1.175 -0.952 -0.807 -0.635 -0.418 -0.115 0.062 0.213 0.325 0.463 0.590 0.655 0.733 0.767 0.778 0.710 0.588 0.420 0.420 -1.077
5.25 199.53 -1.935 -1.794 -1.641 -1.528 -1.369 -1.152 -1.009 -0.842 -0.631 -0.338 -0.165 -0.011 0.100 0.241 0.367 0.430 0.508 0.540 0.555 0.487 0.369 0.207 0.207 -1.322
5.25 251.19 -2.142 -2.007 -1.858 -1.749 -1.594 -1.383 -1.243 -1.079 -0.874 -0.591 -0.420 -0.259 -0.147 0.001 0.131 0.193 0.274 0.304 0.324 0.256 0.143 -0.014 -0.014 -1.590
5.25 316.23 -2.386 -2.258 -2.112 -2.007 -1.856 -1.651 -1.513 -1.354 -1.154 -0.880 -0.709 -0.537 -0.419 -0.260 -0.122 -0.059 0.028 0.060 0.085 0.017 -0.091 -0.244 -0.244 -1.888
5.25 398.11 -2.678 -2.555 -2.414 -2.313 -2.165 -1.966 -1.832 -1.676 -1.482 -1.216 -1.041 -0.852 -0.725 -0.547 -0.396 -0.328 -0.233 -0.196 -0.164 -0.232 -0.335 -0.483 -0.483 -2.221
5.25 501.19 -3.029 -2.912 -2.775 -2.677 -2.534 -2.340 -2.209 -2.057 -1.870 -1.609 -1.427 -1.214 -1.072 -0.868 -0.695 -0.619 -0.510 -0.466 -0.425 -0.493 -0.591 -0.734 -0.734 -2.599
5.25 630.96 -3.454 -3.343 -3.210 -3.117 -2.977 -2.789 -2.661 -2.513 -2.332 -2.074 -1.881 -1.635 -1.471 -1.229 -1.027 -0.938 -0.810 -0.753 -0.700 -0.768 -0.861 -0.999 -0.999 -3.034
5.25 794.33 -3.973 -3.868 -3.739 -3.649 -3.514 -3.332 -3.207 -3.063 -2.887 -2.631 -2.419 -2.129 -1.934 -1.643 -1.398 -1.291 -1.136 -1.060 -0.994 -1.062 -1.150 -1.283 -1.283 -3.539
5.25 1000.00 -4.610 -4.511 -4.385 -4.300 -4.168 -3.993 -3.870 -3.730 -3.560 -3.301 -3.065 -2.715 -2.478 -2.120 -1.819 -1.686 -1.496 -1.394 -1.309 -1.378 -1.461 -1.589 -1.589 -4.132
5.50 1.00 -0.277 -0.055 0.152 0.319 0.528 0.812 0.987 1.198 1.479 1.944 2.225 2.468 2.687 2.937 3.195 3.358 3.514 3.645 3.642 3.573 3.388 3.158 3.158 1.498
5.50 1.26 -0.285 -0.064 0.143 0.309 0.517 0.801 0.975 1.186 1.466 1.930 2.209 2.451 2.668 2.917 3.173 3.334 3.490 3.619 3.616 3.548 3.363 3.133 3.133 1.478
5.50 1.58 -0.295 -0.075 0.131 0.297 0.504 0.787 0.961 1.172 1.450 1.912 2.189 2.430 2.646 2.892 3.147 3.306 3.460 3.589 3.586 3.517 3.333 3.104 3.104 1.453
5.50 2.00 -0.308 -0.089 0.117 0.282 0.489 0.770 0.944 1.154 1.431 1.890 2.166 2.405 2.618 2.863 3.114 3.272 3.424 3.551 3.548 3.480 3.297 3.069 3.069 1.423
5.50 2.51 -0.323 -0.105 0.100 0.264 0.470 0.750 0.923 1.132 1.408 1.864 2.137 2.374 2.585 2.827 3.075 3.231 3.382 3.506 3.503 3.435 3.253 3.026 3.026 1.387
5.50 3.16 -0.341 -0.125 0.079 0.242 0.447 0.726 0.898 1.106 1.381 1.833 2.104 2.337 2.545 2.783 3.028 3.182 3.330 3.452 3.450 3.381 3.200 2.975 2.975 1.343
5.50 3.98 -0.362 -0.148 0.055 0.217 0.421 0.697 0.869 1.075 1.348 1.796 2.063 2.294 2.498 2.733 2.973 3.124 3.270 3.389 3.386 3.318 3.139 2.914 2.914 1.292
5.50 5.01 -0.387 -0.175 0.026 0.187 0.389 0.664 0.834 1.039 1.310 1.753 2.016 2.243 2.443 2.673 2.909 3.056 3.199 3.315 3.312 3.244 3.066 2.844 2.844 1.232
5.50 6.31 -0.416 -0.207 -0.007 0.152 0.353 0.625 0.794 0.997 1.266 1.702 1.962 2.184 2.380 2.604 2.834 2.978 3.117 3.229 3.227 3.159 2.983 2.763 2.763 1.163
5.50 7.94 -0.450 -0.243 -0.046 0.111 0.310 0.580 0.747 0.949 1.215 1.645 1.899 2.116 2.307 2.526 2.749 2.889 3.024 3.132 3.130 3.061 2.888 2.670 2.670 1.084
5.50 10.00 -0.489 -0.285 -0.089 0.066 0.263 0.529 0.695 0.895 1.157 1.579 1.828 2.040 2.225 2.437 2.654 2.788 2.919 3.022 3.020 2.952 2.781 2.566 2.566 0.994
5.50 12.59 -0.532 -0.332 -0.139 0.014 0.208 0.471 0.636 0.833 1.092 1.506 1.749 1.954 2.133 2.339 2.547 2.676 2.803 2.901 2.899 2.830 2.662 2.450 2.450 0.894
5.50 15.85 -0.581 -0.385 -0.194 -0.044 0.148 0.407 0.570 0.764 1.020 1.424 1.661 1.860 2.032 2.230 2.430 2.553 2.675 2.767 2.765 2.697 2.532 2.323 2.323 0.784
5.50 19.95 -0.636 -0.443 -0.255 -0.108 0.081 0.336 0.497 0.689 0.940 1.334 1.564 1.756 1.922 2.111 2.303 2.420 2.536 2.622 2.621 2.552 2.391 2.185 2.185 0.664
5.50 25.12 -0.696 -0.508 -0.323 -0.179 0.008 0.258 0.416 0.606 0.852 1.236 1.459 1.644 1.802 1.983 2.166 2.276 2.387 2.467 2.466 2.397 2.240 2.037 2.037 0.533
5.50 31.62 -0.763 -0.580 -0.398 -0.256 -0.073 0.173 0.329 0.515 0.757 1.130 1.345 1.523 1.673 1.846 2.019 2.123 2.229 2.302 2.301 2.233 2.079 1.881 1.881 0.393
5.50 39.81 -0.837 -0.659 -0.480 -0.342 -0.162 0.079 0.233 0.416 0.653 1.014 1.222 1.393 1.536 1.701 1.864 1.962 2.062 2.128 2.128 2.060 1.910 1.716 1.716 0.243
5.50 50.12 -0.919 -0.745 -0.570 -0.436 -0.259 -0.023 0.128 0.307 0.540 0.889 1.090 1.254 1.389 1.547 1.701 1.792 1.886 1.946 1.947 1.879 1.733 1.543 1.543 0.084
5.50 63.10 -1.010 -0.842 -0.670 -0.539 -0.366 -0.135 0.013 0.189 0.416 0.754 0.947 1.106 1.234 1.384 1.530 1.614 1.703 1.756 1.759 1.690 1.549 1.363 1.363 -0.086
5.50 79.43 -1.112 -0.949 -0.781 -0.653 -0.484 -0.258 -0.113 0.060 0.281 0.607 0.793 0.946 1.068 1.212 1.350 1.428 1.513 1.560 1.564 1.495 1.359 1.177 1.177 -0.267
5.50 100.00 -1.227 -1.069 -0.905 -0.781 -0.615 -0.395 -0.252 -0.084 0.132 0.446 0.626 0.775 0.891 1.030 1.162 1.234 1.316 1.357 1.362 1.294 1.162 0.985 0.985 -0.459
5.50 125.89 -1.357 -1.206 -1.045 -0.925 -0.762 -0.548 -0.408 -0.243 -0.033 0.269 0.443 0.591 0.702 0.838 0.965 1.032 1.111 1.147 1.155 1.087 0.960 0.787 0.787 -0.666
5.50 158.49 -1.507 -1.361 -1.205 -1.088 -0.930 -0.721 -0.584 -0.423 -0.218 0.073 0.242 0.389 0.498 0.634 0.757 0.821 0.898 0.931 0.942 0.873 0.751 0.583 0.583 -0.888
5.50 199.53 -1.682 -1.541 -1.388 -1.276 -1.121 -0.918 -0.784 -0.626 -0.427 -0.148 0.018 0.168 0.276 0.415 0.538 0.600 0.677 0.707 0.721 0.653 0.535 0.373 0.373 -1.130
5.50 251.19 -1.886 -1.752 -1.602 -1.494 -1.343 -1.146 -1.014 -0.861 -0.668 -0.398 -0.234 -0.077 0.033 0.178 0.305 0.366 0.446 0.475 0.494 0.425 0.312 0.155 0.155 -1.395
5.50 316.23 -2.128 -1.999 -1.854 -1.749 -1.602 -1.411 -1.283 -1.133 -0.945 -0.685 -0.520 -0.352 -0.237 -0.080 0.055 0.117 0.202 0.233 0.258 0.189 0.081 -0.072 -0.072 -1.689
5.50 398.11 -2.417 -2.294 -2.153 -2.052 -1.909 -1.724 -1.598 -1.452 -1.271 -1.017 -0.849 -0.665 -0.540 -0.365 -0.216 -0.149 -0.055 -0.020 0.012 -0.057 -0.160 -0.308 -0.308 -2.020
5.50 501.19 -2.766 -2.649 -2.511 -2.414 -2.275 -2.095 -1.973 -1.831 -1.655 -1.408 -1.233 -1.024 -0.885 -0.683 -0.513 -0.438 -0.330 -0.287 -0.246 -0.315 -0.413 -0.556 -0.556 -2.395
5.50 630.96 -3.188 -3.077 -2.944 -2.851 -2.716 -2.542 -2.422 -2.284 -2.115 -1.871 -1.684 -1.442 -1.280 -1.042 -0.841 -0.754 -0.627 -0.571 -0.519 -0.587 -0.681 -0.819 -0.819 -2.826
5.50 794.33 -3.705 -3.600 -3.470 -3.381 -3.250 -3.082 -2.965 -2.831 -2.668 -2.424 -2.220 -1.933 -1.741 -1.452 -1.210 -1.104 -0.950 -0.875 -0.810 -0.878 -0.966 -1.100 -1.100 -3.328
5.50 1000.00 -4.339 -4.240 -4.114 -4.029 -3.902 -3.740 -3.626 -3.496 -3.338 -3.092 -2.863 -2.517 -2.283 -1.927 -1.628 -1.497 -1.307 -1.207 -1.123 -1.191 -1.275 -1.403 -1.403 -3.919
5.75 1.00 -0.085 0.134 0.340 0.505 0.708 0.977 1.142 1.343 1.609 2.057 2.326 2.562 2.773 3.016 3.266 3.423 3.575 3.701 3.697 3.629 3.445 3.216 3.216 1.592
5.75 1.26 -0.093 0.126 0.331 0.496 0.698 0.967 1.132 1.332 1.598 2.044 2.312 2.546 2.757 2.998 3.246 3.402 3.553 3.678 3.675 3.606 3.422 3.194 3.194 1.574
5.75 1.58 -0.102 0.116 0.321 0.485 0.687 0.954 1.119 1.318 1.584 2.028 2.295 2.527 2.736 2.975 3.222 3.377 3.526 3.650 3.647 3.578 3.395 3.168 3.168 1.551
5.75 2.00 -0.113 0.104 0.308 0.472 0.673 0.939 1.103 1.302 1.567 2.008 2.273 2.504 2.711 2.948 3.192 3.346 3.494 3.616 3.613 3.544 3.362 3.135 3.135 1.524
5.75 2.51 -0.126 0.089 0.292 0.455 0.656 0.921 1.085 1.283 1.546 1.984 2.247 2.476 2.681 2.915 3.157 3.308 3.455 3.575 3.571 3.503 3.322 3.096 3.096 1.491
5.75 3.16 -0.143 0.072 0.274 0.436 0.635 0.899 1.062 1.259 1.521 1.956 2.216 2.442 2.644 2.876 3.114 3.263 3.408 3.526 3.522 3.454 3.274 3.049 3.049 1.452
5.75 3.98 -0.162 0.050 0.252 0.413 0.611 0.873 1.035 1.231 1.491 1.922 2.180 2.402 2.601 2.829 3.063 3.210 3.352 3.467 3.464 3.395 3.217 2.994 2.994 1.405
5.75 5.01 -0.185 0.026 0.226 0.385 0.582 0.842 1.003 1.198 1.456 1.882 2.136 2.355 2.550 2.774 3.003 3.147 3.286 3.399 3.395 3.327 3.150 2.929 2.929 1.349
5.75 6.31 -0.212 -0.003 0.195 0.353 0.548 0.806 0.966 1.159 1.415 1.835 2.086 2.301 2.491 2.710 2.934 3.074 3.210 3.319 3.316 3.247 3.073 2.853 2.853 1.285
5.75 7.94 -0.243 -0.037 0.159 0.316 0.509 0.765 0.923 1.114 1.368 1.781 2.027 2.238 2.424 2.637 2.855 2.991 3.123 3.228 3.225 3.156 2.984 2.766 2.766 1.211
5.75 10.00 -0.278 -0.076 0.119 0.273 0.465 0.717 0.874 1.063 1.313 1.720 1.961 2.166 2.346 2.554 2.765 2.896 3.025 3.125 3.122 3.053 2.883 2.668 2.668 1.127
5.75 12.59 -0.319 -0.120 0.072 0.224 0.414 0.663 0.818 1.005 1.252 1.651 1.886 2.085 2.260 2.460 2.664 2.790 2.915 3.009 3.007 2.938 2.771 2.559 2.559 1.032
5.75 15.85 -0.365 -0.170 0.020 0.170 0.357 0.602 0.756 0.941 1.184 1.574 1.802 1.996 2.164 2.357 2.553 2.673 2.793 2.882 2.880 2.811 2.647 2.438 2.438 0.928
5.75 19.95 -0.416 -0.225 -0.038 0.109 0.294 0.535 0.687 0.869 1.108 1.488 1.710 1.897 2.058 2.244 2.431 2.546 2.660 2.744 2.742 2.673 2.512 2.306 2.306 0.813
5.75 25.12 -0.474 -0.287 -0.102 0.042 0.224 0.461 0.610 0.789 1.024 1.394 1.609 1.789 1.943 2.121 2.299 2.408 2.517 2.594 2.593 2.524 2.367 2.164 2.164 0.687
5.75 31.62 -0.538 -0.355 -0.174 -0.033 0.146 0.378 0.526 0.702 0.932 1.291 1.499 1.673 1.819 1.989 2.158 2.260 2.364 2.435 2.434 2.365 2.211 2.013 2.013 0.552
5.75 39.81 -0.609 -0.431 -0.253 -0.115 0.061 0.288 0.433 0.606 0.832 1.180 1.380 1.547 1.686 1.848 2.008 2.103 2.202 2.266 2.266 2.197 2.047 1.853 1.853 0.407
5.75 50.12 -0.688 -0.515 -0.340 -0.205 -0.033 0.190 0.332 0.501 0.722 1.058 1.252 1.412 1.544 1.698 1.849 1.938 2.031 2.089 2.089 2.021 1.875 1.685 1.685 0.252
5.75 63.10 -0.776 -0.608 -0.437 -0.306 -0.137 0.081 0.220 0.387 0.602 0.927 1.113 1.267 1.392 1.539 1.682 1.764 1.853 1.904 1.906 1.837 1.696 1.510 1.510 0.086
5.75 79.43 -0.875 -0.712 -0.545 -0.417 -0.252 -0.040 0.097 0.260 0.470 0.783 0.962 1.111 1.230 1.371 1.506 1.583 1.667 1.712 1.715 1.646 1.510 1.328 1.328 -0.090
5.75 100.00 -0.987 -0.830 -0.666 -0.542 -0.380 -0.174 -0.039 0.120 0.325 0.625 0.798 0.944 1.057 1.193 1.322 1.393 1.473 1.513 1.518 1.449 1.317 1.140 1.140 -0.279
5.75 125.89 -1.115 -0.963 -0.803 -0.683 -0.525 -0.324 -0.192 -0.037 0.162 0.452 0.619 0.762 0.871 1.004 1.128 1.195 1.272 1.307 1.314 1.245 1.118 0.946 0.946 -0.482
5.75 158.49 -1.262 -1.117 -0.960 -0.843 -0.689 -0.494 -0.365 -0.213 -0.020 0.258 0.421 0.564 0.670 0.803 0.924 0.987 1.063 1.094 1.104 1.035 0.913 0.745 0.745 -0.701
5.75 199.53 -1.434 -1.294 -1.141 -1.028 -0.878 -0.688 -0.562 -0.414 -0.227 0.040 0.200 0.346 0.451 0.587 0.708 0.768 0.845 0.874 0.887 0.818 0.700 0.538 0.538 -0.939
5.75 251.19 -1.636 -1.501 -1.352 -1.243 -1.097 -0.913 -0.790 -0.646 -0.464 -0.207 -0.049 0.104 0.211 0.353 0.478 0.537 0.616 0.645 0.663 0.594 0.481 0.323 0.323 -1.201
5.75 316.23 -1.875 -1.747 -1.601 -1.496 -1.354 -1.176 -1.056 -0.915 -0.739 -0.491 -0.333 -0.169 -0.057 0.098 0.231 0.292 0.376 0.406 0.430 0.361 0.253 0.099 0.099 -1.492
5.75 398.11 -2.162 -2.039 -1.898 -1.797 -1.658 -1.486 -1.368 -1.232 -1.062 -0.821 -0.659 -0.479 -0.357 -0.184 -0.037 0.028 0.121 0.156 0.187 0.118 0.014 -0.134 -0.134 -1.820
5.75 501.19 -2.508 -2.391 -2.253 -2.156 -2.021 -1.855 -1.741 -1.608 -1.444 -1.209 -1.040 -0.836 -0.698 -0.499 -0.331 -0.258 -0.151 -0.108 -0.068 -0.137 -0.236 -0.379 -0.379 -2.192
5.75 630.96 -2.928 -2.817 -2.683 -2.590 -2.459 -2.299 -2.187 -2.059 -1.901 -1.669 -1.488 -1.251 -1.092 -0.855 -0.657 -0.571 -0.445 -0.389 -0.338 -0.407 -0.501 -0.639 -0.639 -2.620
5.75 794.33 -3.442 -3.337 -3.207 -3.118 -2.991 -2.836 -2.728 -2.604 -2.451 -2.220 -2.022 -1.739 -1.549 -1.263 -1.023 -0.918 -0.765 -0.692 -0.626 -0.695 -0.784 -0.917 -0.917 -3.120
5.75 1000.00 -4.073 -3.974 -3.848 -3.763 -3.640 -3.492 -3.386 -3.266 -3.119 -2.885 -2.662 -2.320 -2.088 -1.736 -1.439 -1.308 -1.120 -1.020 -0.937 -1.006 -1.089 -1.218 -1.218 -3.707
6.00 1.00 0.102 0.319 0.523 0.687 0.884 1.139 1.295 1.485 1.739 2.169 2.428 2.655 2.860 3.095 3.336 3.489 3.636 3.758 3.753 3.684 3.502 3.275 3.275 1.686
6.00 1.26 0.096 0.312 0.516 0.679 0.876 1.130 1.286 1.475 1.729 2.157 2.415 2.641 2.845 3.078 3.319 3.470 3.617 3.737 3.733 3.664 3.482 3.255 3.255 1.670
6.00 1.58 0.088 0.303 0.506 0.669 0.866 1.119 1.274 1.463 1.716 2.143 2.400 2.624 2.826 3.058 3.297 3.447 3.592 3.712 3.707 3.638 3.457 3.231 3.231 1.650
6.00 2.00 0.078 0.292 0.495 0.657 0.853 1.105 1.260 1.449 1.700 2.125 2.380 2.603 2.803 3.033 3.270 3.419 3.563 3.681 3.676 3.608 3.427 3.202 3.202 1.625
6.00 2.51 0.066 0.279 0.481 0.643 0.838 1.089 1.243 1.431 1.682 2.103 2.357 2.578 2.776 3.003 3.237 3.385 3.527 3.643 3.639 3.570 3.391 3.166 3.166 1.595
6.00 3.16 0.051 0.263 0.464 0.625 0.819 1.069 1.223 1.410 1.659 2.077 2.328 2.547 2.743 2.967 3.198 3.343 3.484 3.598 3.594 3.525 3.347 3.124 3.124 1.559
6.00 3.98 0.034 0.244 0.444 0.604 0.797 1.045 1.198 1.384 1.632 2.046 2.295 2.510 2.703 2.924 3.152 3.294 3.433 3.545 3.540 3.471 3.294 3.073 3.073 1.516
6.00 5.01 0.013 0.222 0.420 0.579 0.771 1.017 1.169 1.354 1.599 2.010 2.255 2.467 2.656 2.874 3.097 3.236 3.372 3.481 3.477 3.408 3.233 3.012 3.012 1.465
6.00 6.31 -0.012 0.195 0.392 0.549 0.740 0.984 1.135 1.318 1.562 1.966 2.208 2.416 2.602 2.815 3.033 3.169 3.302 3.407 3.403 3.334 3.161 2.942 2.942 1.405
6.00 7.94 -0.040 0.164 0.360 0.515 0.704 0.945 1.095 1.277 1.518 1.916 2.154 2.358 2.538 2.746 2.959 3.091 3.221 3.322 3.318 3.249 3.078 2.861 2.861 1.336
6.00 10.00 -0.073 0.128 0.322 0.475 0.662 0.901 1.049 1.229 1.467 1.859 2.091 2.290 2.466 2.668 2.874 3.002 3.128 3.225 3.222 3.153 2.983 2.769 2.769 1.257
6.00 12.59 -0.111 0.087 0.279 0.430 0.615 0.850 0.997 1.175 1.410 1.794 2.021 2.214 2.385 2.580 2.779 2.902 3.024 3.116 3.113 3.044 2.877 2.666 2.666 1.168
6.00 15.85 -0.154 0.040 0.230 0.379 0.561 0.793 0.938 1.113 1.345 1.721 1.942 2.129 2.293 2.482 2.673 2.791 2.909 2.996 2.992 2.923 2.760 2.551 2.551 1.069
6.00 19.95 -0.203 -0.012 0.175 0.321 0.501 0.729 0.873 1.045 1.273 1.639 1.854 2.035 2.193 2.374 2.557 2.670 2.782 2.863 2.860 2.791 2.631 2.426 2.426 0.959
6.00 25.12 -0.257 -0.070 0.113 0.257 0.434 0.658 0.800 0.969 1.193 1.549 1.757 1.932 2.083 2.256 2.431 2.537 2.644 2.720 2.717 2.648 2.491 2.290 2.290 0.839
6.00 31.62 -0.318 -0.136 0.045 0.186 0.360 0.580 0.719 0.885 1.105 1.451 1.652 1.820 1.963 2.129 2.295 2.395 2.497 2.566 2.564 2.495 2.342 2.144 2.144 0.709
6.00 39.81 -0.386 -0.208 -0.031 0.107 0.278 0.493 0.630 0.793 1.008 1.343 1.537 1.699 1.835 1.993 2.150 2.243 2.340 2.403 2.402 2.333 2.183 1.989 1.989 0.569
6.00 50.12 -0.462 -0.289 -0.115 0.020 0.187 0.397 0.532 0.692 0.902 1.225 1.412 1.568 1.696 1.847 1.995 2.083 2.174 2.231 2.230 2.161 2.016 1.826 1.826 0.418
6.00 63.10 -0.547 -0.380 -0.209 -0.078 0.087 0.292 0.423 0.580 0.785 1.097 1.277 1.426 1.549 1.692 1.833 1.914 2.000 2.050 2.051 1.982 1.841 1.655 1.655 0.257
6.00 79.43 -0.643 -0.481 -0.314 -0.186 -0.025 0.174 0.304 0.457 0.656 0.957 1.129 1.274 1.390 1.528 1.661 1.736 1.818 1.863 1.865 1.796 1.659 1.478 1.478 0.085
6.00 100.00 -0.753 -0.596 -0.432 -0.308 -0.151 0.044 0.170 0.320 0.514 0.802 0.969 1.110 1.221 1.354 1.480 1.550 1.629 1.668 1.672 1.603 1.471 1.293 1.293 -0.100
6.00 125.89 -0.878 -0.727 -0.566 -0.446 -0.292 -0.104 0.020 0.166 0.355 0.632 0.793 0.932 1.038 1.169 1.290 1.355 1.431 1.465 1.472 1.403 1.275 1.103 1.103 -0.299
6.00 158.49 -1.023 -0.877 -0.720 -0.604 -0.454 -0.271 -0.150 -0.008 0.175 0.441 0.597 0.737 0.840 0.971 1.090 1.151 1.226 1.256 1.265 1.196 1.073 0.906 0.906 -0.515
6.00 199.53 -1.192 -1.052 -0.899 -0.786 -0.640 -0.463 -0.345 -0.206 -0.029 0.227 0.380 0.522 0.625 0.758 0.877 0.936 1.011 1.039 1.052 0.983 0.865 0.702 0.702 -0.750
6.00 251.19 -1.391 -1.257 -1.107 -0.999 -0.856 -0.685 -0.570 -0.435 -0.263 -0.018 0.134 0.282 0.387 0.527 0.650 0.708 0.786 0.813 0.831 0.762 0.648 0.490 0.490 -1.009
6.00 316.23 -1.628 -1.499 -1.354 -1.249 -1.110 -0.945 -0.832 -0.701 -0.536 -0.299 -0.147 0.013 0.123 0.275 0.405 0.465 0.549 0.578 0.601 0.532 0.423 0.270 0.270 -1.297
6.00 398.11 -1.912 -1.789 -1.648 -1.547 -1.412 -1.252 -1.143 -1.016 -0.856 -0.627 -0.471 -0.294 -0.175 -0.004 0.140 0.205 0.297 0.330 0.361 0.292 0.188 0.039 0.039 -1.621
6.00 501.19 -2.255 -2.138 -2.001 -1.904 -1.773 -1.619 -1.512 -1.389 -1.235 -1.012 -0.849 -0.648 -0.513 -0.317 -0.151 -0.078 0.028 0.069 0.108 0.039 -0.060 -0.203 -0.203 -1.990
6.00 630.96 -2.672 -2.562 -2.428 -2.335 -2.208 -2.060 -1.956 -1.837 -1.689 -1.469 -1.295 -1.061 -0.904 -0.670 -0.474 -0.389 -0.263 -0.209 -0.159 -0.228 -0.322 -0.461 -0.461 -2.416
6.00 794.33 -3.184 -3.079 -2.949 -2.860 -2.737 -2.595 -2.494 -2.379 -2.237 -2.018 -1.826 -1.547 -1.359 -1.075 -0.837 -0.733 -0.582 -0.509 -0.444 -0.513 -0.602 -0.736 -0.736 -2.912
6.00 1000.00 -3.813 -3.714 -3.588 -3.503 -3.384 -3.248 -3.150 -3.039 -2.903 -2.680 -2.463 -2.125 -1.895 -1.545 -1.250 -1.121 -0.933 -0.834 -0.752 -0.821 -0.905 -1.034 -1.034 -3.497
6.25 1.00 0.287 0.501 0.704 0.866 1.058 1.298 1.446 1.626 1.867 2.281 2.530 2.749 2.946 3.174 3.408 3.555 3.698 3.815 3.810 3.741 3.560 3.335 3.335 1.781
6.25 1.26 0.281 0.495 0.697 0.859 1.050 1.290 1.438 1.617 1.858 2.270 2.518 2.736 2.933 3.159 3.392 3.538 3.680 3.796 3.791 3.722 3.542 3.317 3.317 1.766
6.25 1.58 0.274 0.487 0.688 0.850 1.041 1.280 1.427 1.606 1.847 2.257 2.504 2.721 2.916 3.141 3.372 3.517 3.658 3.773 3.768 3.699 3.519 3.295 3.295 1.748
6.25 2.00 0.265 0.477 0.678 0.839 1.030 1.268 1.415 1.593 1.833 2.241 2.487 2.702 2.895 3.118 3.347 3.492 3.632 3.745 3.740 3.671 3.492 3.268 3.268 1.725
6.25 2.51 0.254 0.465 0.666 0.826 1.016 1.253 1.399 1.577 1.816 2.221 2.465 2.679 2.870 3.091 3.318 3.461 3.599 3.711 3.706 3.637 3.459 3.236 3.236 1.698
6.25 3.16 0.241 0.451 0.651 0.810 0.999 1.235 1.381 1.558 1.795 2.198 2.440 2.651 2.840 3.058 3.282 3.423 3.560 3.670 3.665 3.596 3.419 3.197 3.197 1.665
6.25 3.98 0.225 0.434 0.632 0.791 0.979 1.213 1.358 1.534 1.770 2.169 2.409 2.617 2.804 3.019 3.240 3.378 3.513 3.621 3.616 3.547 3.371 3.150 3.150 1.626
6.25 5.01 0.206 0.413 0.611 0.768 0.955 1.188 1.332 1.507 1.741 2.136 2.372 2.577 2.761 2.972 3.189 3.325 3.457 3.562 3.557 3.488 3.314 3.095 3.095 1.579
6.25 6.31 0.184 0.389 0.585 0.741 0.926 1.157 1.300 1.474 1.706 2.096 2.329 2.530 2.710 2.917 3.130 3.262 3.392 3.494 3.489 3.420 3.247 3.030 3.030 1.524
6.25 7.94 0.158 0.360 0.555 0.709 0.893 1.122 1.264 1.436 1.665 2.049 2.278 2.476 2.652 2.854 3.061 3.190 3.316 3.415 3.410 3.341 3.170 2.955 2.955 1.460
6.25 10.00 0.127 0.327 0.520 0.672 0.855 1.080 1.221 1.391 1.618 1.996 2.220 2.413 2.584 2.781 2.982 3.107 3.230 3.324 3.319 3.250 3.082 2.868 2.868 1.386
6.25 12.59 0.092 0.289 0.480 0.630 0.810 1.033 1.172 1.340 1.565 1.935 2.154 2.342 2.507 2.698 2.892 3.013 3.132 3.221 3.217 3.148 2.982 2.771 2.771 1.302
6.25 15.85 0.052 0.245 0.434 0.582 0.760 0.980 1.117 1.283 1.504 1.866 2.079 2.261 2.421 2.605 2.792 2.907 3.022 3.107 3.103 3.034 2.870 2.663 2.663 1.208
6.25 19.95 0.006 0.196 0.382 0.528 0.703 0.919 1.055 1.218 1.435 1.788 1.996 2.172 2.325 2.503 2.682 2.791 2.902 2.981 2.977 2.908 2.748 2.543 2.543 1.104
6.25 25.12 -0.045 0.140 0.324 0.467 0.640 0.852 0.985 1.146 1.359 1.703 1.904 2.074 2.220 2.390 2.561 2.665 2.770 2.843 2.840 2.771 2.614 2.413 2.413 0.989
6.25 31.62 -0.103 0.078 0.259 0.399 0.569 0.776 0.908 1.066 1.274 1.608 1.802 1.966 2.105 2.268 2.430 2.528 2.628 2.695 2.693 2.624 2.470 2.273 2.273 0.864
6.25 39.81 -0.168 0.009 0.186 0.323 0.490 0.693 0.822 0.977 1.181 1.504 1.691 1.848 1.981 2.136 2.290 2.381 2.476 2.537 2.536 2.467 2.317 2.123 2.123 0.729
6.25 50.12 -0.241 -0.069 0.105 0.239 0.403 0.601 0.727 0.879 1.078 1.390 1.570 1.721 1.847 1.995 2.140 2.226 2.316 2.371 2.370 2.301 2.155 1.965 1.965 0.583
6.25 63.10 -0.324 -0.157 0.014 0.145 0.305 0.498 0.622 0.771 0.965 1.265 1.438 1.584 1.703 1.844 1.982 2.061 2.146 2.195 2.195 2.126 1.985 1.799 1.799 0.426
6.25 79.43 -0.417 -0.255 -0.088 0.039 0.196 0.384 0.506 0.650 0.840 1.128 1.295 1.436 1.549 1.684 1.814 1.888 1.969 2.012 2.013 1.944 1.807 1.626 1.626 0.258
6.25 100.00 -0.524 -0.367 -0.203 -0.080 0.074 0.256 0.375 0.516 0.700 0.977 1.138 1.275 1.383 1.514 1.637 1.706 1.783 1.821 1.824 1.755 1.623 1.446 1.446 0.077
6.25 125.89 -0.646 -0.495 -0.335 -0.215 -0.065 0.112 0.228 0.366 0.544 0.810 0.965 1.100 1.204 1.332 1.451 1.515 1.590 1.623 1.628 1.559 1.431 1.259 1.259 -0.119
6.25 158.49 -0.788 -0.643 -0.486 -0.370 -0.224 -0.053 0.061 0.195 0.368 0.622 0.773 0.908 1.009 1.137 1.254 1.314 1.388 1.417 1.426 1.356 1.233 1.065 1.065 -0.331
6.25 199.53 -0.955 -0.815 -0.662 -0.549 -0.407 -0.241 -0.131 -0.001 0.166 0.410 0.558 0.696 0.797 0.928 1.044 1.102 1.176 1.203 1.215 1.146 1.028 0.864 0.864 -0.562
6.25 251.19 -1.151 -1.017 -0.868 -0.759 -0.621 -0.461 -0.353 -0.227 -0.065 0.169 0.315 0.460 0.562 0.700 0.820 0.877 0.954 0.981 0.997 0.928 0.814 0.656 0.656 -0.818
6.25 316.23 -1.385 -1.257 -1.112 -1.007 -0.872 -0.718 -0.613 -0.491 -0.335 -0.110 0.037 0.193 0.301 0.450 0.579 0.638 0.720 0.748 0.771 0.701 0.592 0.439 0.439 -1.103
6.25 398.11 -1.667 -1.544 -1.403 -1.302 -1.171 -1.023 -0.921 -0.802 -0.652 -0.434 -0.284 -0.111 0.006 0.174 0.317 0.380 0.471 0.504 0.533 0.464 0.360 0.211 0.211 -1.424
6.25 501.19 -2.007 -1.891 -1.753 -1.656 -1.529 -1.387 -1.288 -1.173 -1.029 -0.817 -0.660 -0.462 -0.330 -0.135 0.028 0.100 0.205 0.246 0.284 0.215 0.116 -0.028 -0.028 -1.790
6.25 630.96 -2.423 -2.312 -2.178 -2.085 -1.962 -1.825 -1.729 -1.619 -1.480 -1.272 -1.103 -0.872 -0.718 -0.486 -0.292 -0.208 -0.083 -0.030 0.020 -0.049 -0.144 -0.283 -0.283 -2.213
6.25 794.33 -2.931 -2.826 -2.697 -2.608 -2.489 -2.358 -2.265 -2.158 -2.026 -1.817 -1.631 -1.355 -1.170 -0.888 -0.652 -0.550 -0.399 -0.326 -0.263 -0.332 -0.421 -0.555 -0.555 -2.706
6.25 1000.00 -3.558 -3.459 -3.333 -3.248 -3.133 -3.008 -2.918 -2.815 -2.689 -2.477 -2.266 -1.931 -1.704 -1.356 -1.063 -0.934 -0.748 -0.650 -0.568 -0.637 -0.722 -0.851 -0.851 -3.288
6.50 1.00 0.467 0.679 0.880 1.041 1.228 1.455 1.595 1.765 1.995 2.392 2.632 2.842 3.033 3.253 3.479 3.622 3.760 3.873 3.867 3.797 3.618 3.395 3.395 1.876
6.50 1.26 0.462 0.674 0.874 1.035 1.221 1.448 1.587 1.757 1.987 2.382 2.621 2.831 3.021 3.240 3.465 3.607 3.744 3.856 3.850 3.781 3.602 3.379 3.379 1.862
6.50 1.58 0.456 0.667 0.867 1.027 1.213 1.439 1.578 1.747 1.976 2.371 2.608 2.817 3.006 3.223 3.447 3.588 3.725 3.835 3.829 3.760 3.582 3.359 3.359 1.846
6.50 2.00 0.448 0.658 0.858 1.017 1.203 1.428 1.567 1.736 1.964 2.356 2.592 2.800 2.987 3.203 3.425 3.564 3.700 3.809 3.804 3.734 3.557 3.335 3.335 1.825
6.50 2.51 0.438 0.647 0.846 1.005 1.190 1.414 1.553 1.721 1.948 2.338 2.573 2.779 2.965 3.178 3.398 3.536 3.671 3.778 3.773 3.703 3.527 3.306 3.306 1.801
6.50 3.16 0.426 0.634 0.833 0.991 1.175 1.398 1.536 1.704 1.930 2.317 2.550 2.754 2.937 3.148 3.365 3.502 3.635 3.741 3.735 3.666 3.490 3.270 3.270 1.771
6.50 3.98 0.412 0.619 0.816 0.973 1.157 1.379 1.516 1.682 1.907 2.291 2.522 2.723 2.904 3.112 3.326 3.461 3.592 3.696 3.690 3.621 3.446 3.227 3.227 1.735
6.50 5.01 0.395 0.600 0.797 0.953 1.135 1.355 1.491 1.657 1.880 2.260 2.488 2.686 2.865 3.070 3.280 3.412 3.541 3.642 3.637 3.567 3.394 3.176 3.176 1.692
6.50 6.31 0.375 0.578 0.773 0.928 1.109 1.327 1.463 1.627 1.848 2.224 2.448 2.643 2.818 3.019 3.225 3.354 3.480 3.579 3.574 3.504 3.332 3.116 3.116 1.641
6.50 7.94 0.351 0.552 0.745 0.899 1.078 1.294 1.429 1.592 1.811 2.181 2.401 2.593 2.763 2.960 3.161 3.287 3.410 3.505 3.500 3.431 3.261 3.046 3.046 1.581
6.50 10.00 0.323 0.521 0.713 0.865 1.043 1.256 1.389 1.550 1.767 2.131 2.347 2.534 2.700 2.892 3.087 3.209 3.329 3.420 3.415 3.346 3.178 2.966 2.966 1.513
6.50 12.59 0.290 0.486 0.676 0.825 1.001 1.212 1.344 1.503 1.717 2.074 2.285 2.467 2.628 2.814 3.003 3.121 3.237 3.324 3.319 3.250 3.085 2.875 2.875 1.434
6.50 15.85 0.253 0.445 0.633 0.780 0.954 1.162 1.292 1.449 1.659 2.008 2.215 2.392 2.547 2.727 2.909 3.022 3.134 3.216 3.211 3.142 2.979 2.772 2.772 1.346
6.50 19.95 0.210 0.399 0.584 0.729 0.901 1.105 1.233 1.388 1.595 1.935 2.136 2.307 2.456 2.629 2.804 2.911 3.019 3.096 3.092 3.022 2.863 2.659 2.659 1.247
6.50 25.12 0.161 0.346 0.529 0.672 0.840 1.040 1.167 1.319 1.522 1.853 2.048 2.213 2.356 2.522 2.689 2.790 2.894 2.965 2.961 2.892 2.735 2.534 2.534 1.137
6.50 31.62 0.106 0.287 0.467 0.607 0.773 0.969 1.093 1.242 1.441 1.763 1.950 2.109 2.246 2.404 2.563 2.659 2.757 2.823 2.820 2.750 2.597 2.400 2.400 1.017
6.50 39.81 0.044 0.220 0.397 0.534 0.697 0.889 1.011 1.157 1.352 1.662 1.843 1.996 2.126 2.277 2.428 2.518 2.611 2.670 2.668 2.599 2.449 2.256 2.256 0.887
6.50 50.12 -0.026 0.145 0.319 0.453 0.613 0.800 0.919 1.062 1.252 1.552 1.726 1.874 1.996 2.141 2.283 2.367 2.455 2.509 2.507 2.438 2.293 2.103 2.103 0.745
6.50 63.10 -0.106 0.061 0.232 0.362 0.518 0.700 0.817 0.957 1.142 1.431 1.598 1.740 1.857 1.995 2.129 2.207 2.291 2.338 2.338 2.268 2.127 1.942 1.942 0.593
6.50 79.43 -0.196 -0.035 0.132 0.259 0.413 0.589 0.704 0.840 1.020 1.298 1.458 1.596 1.706 1.838 1.966 2.038 2.118 2.159 2.161 2.091 1.954 1.773 1.773 0.429
6.50 100.00 -0.300 -0.144 0.020 0.143 0.293 0.464 0.576 0.709 0.884 1.150 1.305 1.438 1.544 1.672 1.793 1.860 1.936 1.973 1.976 1.906 1.774 1.597 1.597 0.252
6.50 125.89 -0.420 -0.269 -0.109 0.011 0.157 0.323 0.432 0.562 0.731 0.985 1.135 1.267 1.368 1.494 1.610 1.673 1.747 1.779 1.784 1.714 1.586 1.414 1.414 0.060
6.50 158.49 -0.559 -0.414 -0.258 -0.141 0.001 0.161 0.268 0.394 0.557 0.801 0.946 1.078 1.177 1.302 1.417 1.476 1.548 1.577 1.584 1.515 1.392 1.224 1.224 -0.148
6.50 199.53 -0.723 -0.583 -0.431 -0.318 -0.179 -0.025 0.079 0.201 0.359 0.592 0.734 0.869 0.967 1.096 1.210 1.267 1.340 1.366 1.378 1.308 1.190 1.026 1.026 -0.376
6.50 251.19 -0.917 -0.783 -0.634 -0.525 -0.390 -0.241 -0.140 -0.022 0.130 0.354 0.494 0.636 0.736 0.871 0.990 1.046 1.122 1.147 1.163 1.094 0.980 0.821 0.821 -0.629
6.50 316.23 -1.148 -1.020 -0.875 -0.770 -0.639 -0.496 -0.398 -0.283 -0.137 0.078 0.219 0.372 0.477 0.625 0.751 0.809 0.891 0.918 0.940 0.870 0.761 0.607 0.607 -0.910
6.50 398.11 -1.427 -1.305 -1.163 -1.063 -0.935 -0.798 -0.703 -0.592 -0.452 -0.244 -0.100 0.070 0.186 0.352 0.492 0.554 0.645 0.677 0.705 0.636 0.532 0.383 0.383 -1.228
6.50 501.19 -1.765 -1.649 -1.511 -1.414 -1.291 -1.159 -1.067 -0.960 -0.826 -0.624 -0.472 -0.278 -0.148 0.045 0.207 0.277 0.381 0.421 0.459 0.390 0.290 0.146 0.146 -1.592
6.50 630.96 -2.178 -2.067 -1.934 -1.841 -1.721 -1.595 -1.506 -1.403 -1.274 -1.076 -0.913 -0.685 -0.533 -0.303 -0.111 -0.028 0.096 0.149 0.198 0.128 0.034 -0.106 -0.106 -2.011
6.50 794.33 -2.684 -2.579 -2.450 -2.361 -2.245 -2.125 -2.039 -1.940 -1.817 -1.619 -1.438 -1.166 -0.982 -0.703 -0.469 -0.367 -0.217 -0.145 -0.082 -0.152 -0.241 -0.376 -0.376 -2.502
6.50 1000.00 -3.308 -3.209 -3.083 -2.998 -2.887 -2.773 -2.689 -2.595 -2.477 -2.276 -2.071 -1.739 -1.514 -1.167 -0.877 -0.749 -0.563 -0.466 -0.385 -0.454 -0.539 -0.668 -0.668 -3.080
6.75 1.00 0.645 0.854 1.053 1.212 1.394 1.609 1.741 1.903 2.122 2.503 2.733 2.936 3.121 3.333 3.551 3.689 3.823 3.931 3.924 3.855 3.677 3.456 3.456 1.971
6.75 1.26 0.640 0.849 1.048 1.207 1.388 1.603 1.735 1.896 2.114 2.494 2.724 2.926 3.110 3.321 3.538 3.675 3.809 3.916 3.909 3.840 3.663 3.441 3.441 1.959
6.75 1.58 0.634 0.843 1.041 1.200 1.381 1.595 1.726 1.887 2.105 2.484 2.712 2.914 3.096 3.306 3.522 3.658 3.791 3.897 3.890 3.821 3.644 3.424 3.424 1.944
6.75 2.00 0.627 0.835 1.033 1.191 1.372 1.585 1.716 1.876 2.094 2.471 2.698 2.898 3.079 3.288 3.502 3.637 3.769 3.874 3.867 3.798 3.622 3.402 3.402 1.926
6.75 2.51 0.619 0.826 1.023 1.180 1.361 1.573 1.704 1.863 2.080 2.455 2.681 2.879 3.059 3.265 3.478 3.612 3.742 3.846 3.839 3.770 3.595 3.375 3.375 1.903
6.75 3.16 0.608 0.814 1.011 1.167 1.347 1.558 1.689 1.847 2.063 2.435 2.659 2.856 3.034 3.238 3.448 3.580 3.710 3.811 3.805 3.736 3.561 3.343 3.343 1.876
6.75 3.98 0.595 0.800 0.996 1.152 1.330 1.540 1.670 1.828 2.042 2.412 2.634 2.828 3.003 3.205 3.413 3.543 3.670 3.770 3.764 3.694 3.521 3.304 3.304 1.843
6.75 5.01 0.580 0.783 0.978 1.133 1.311 1.519 1.648 1.805 2.018 2.383 2.603 2.795 2.967 3.166 3.370 3.498 3.623 3.721 3.715 3.645 3.473 3.257 3.257 1.803
6.75 6.31 0.561 0.763 0.957 1.110 1.287 1.493 1.622 1.777 1.988 2.350 2.566 2.755 2.924 3.119 3.319 3.445 3.568 3.663 3.657 3.587 3.417 3.202 3.202 1.757
6.75 7.94 0.539 0.739 0.931 1.084 1.259 1.463 1.590 1.745 1.954 2.310 2.523 2.708 2.874 3.065 3.260 3.382 3.503 3.594 3.589 3.519 3.350 3.137 3.137 1.702
6.75 10.00 0.514 0.711 0.902 1.052 1.226 1.428 1.554 1.707 1.913 2.264 2.473 2.654 2.815 3.001 3.192 3.310 3.427 3.515 3.510 3.440 3.273 3.062 3.062 1.638
6.75 12.59 0.484 0.678 0.867 1.016 1.187 1.387 1.511 1.662 1.866 2.210 2.414 2.591 2.748 2.929 3.113 3.227 3.341 3.425 3.420 3.350 3.185 2.976 2.976 1.564
6.75 15.85 0.449 0.640 0.827 0.974 1.143 1.340 1.463 1.612 1.812 2.149 2.348 2.520 2.671 2.846 3.024 3.134 3.244 3.323 3.318 3.248 3.086 2.880 2.880 1.481
6.75 19.95 0.409 0.596 0.781 0.926 1.093 1.286 1.407 1.554 1.751 2.080 2.273 2.440 2.585 2.754 2.925 3.029 3.135 3.209 3.205 3.135 2.976 2.772 2.772 1.387
6.75 25.12 0.363 0.547 0.729 0.871 1.036 1.225 1.345 1.489 1.682 2.002 2.190 2.350 2.490 2.652 2.815 2.914 3.015 3.084 3.080 3.010 2.854 2.654 2.654 1.283
6.75 31.62 0.310 0.490 0.670 0.809 0.972 1.157 1.274 1.416 1.605 1.915 2.096 2.251 2.384 2.539 2.694 2.788 2.885 2.948 2.944 2.875 2.722 2.525 2.525 1.168
6.75 39.81 0.251 0.427 0.603 0.740 0.899 1.080 1.195 1.334 1.519 1.819 1.994 2.142 2.269 2.417 2.564 2.652 2.744 2.802 2.799 2.729 2.580 2.387 2.387 1.042
6.75 50.12 0.184 0.355 0.528 0.662 0.818 0.994 1.107 1.243 1.423 1.712 1.881 2.024 2.144 2.285 2.424 2.507 2.594 2.645 2.643 2.574 2.428 2.239 2.239 0.906
6.75 63.10 0.107 0.273 0.444 0.574 0.727 0.898 1.008 1.141 1.317 1.595 1.756 1.894 2.008 2.143 2.275 2.351 2.434 2.480 2.479 2.409 2.268 2.082 2.082 0.758
6.75 79.43 0.019 0.180 0.347 0.474 0.624 0.790 0.898 1.027 1.198 1.465 1.620 1.754 1.861 1.991 2.116 2.187 2.265 2.306 2.306 2.237 2.100 1.918 1.918 0.598
6.75 100.00 -0.082 0.074 0.238 0.361 0.507 0.668 0.774 0.899 1.065 1.320 1.470 1.600 1.703 1.828 1.947 2.013 2.088 2.123 2.126 2.056 1.923 1.746 1.746 0.425
6.75 125.89 -0.199 -0.048 0.112 0.231 0.374 0.530 0.632 0.754 0.914 1.159 1.303 1.432 1.531 1.654 1.768 1.830 1.902 1.933 1.938 1.868 1.740 1.567 1.567 0.238
6.75 158.49 -0.336 -0.191 -0.034 0.082 0.221 0.371 0.471 0.589 0.744 0.978 1.117 1.246 1.343 1.466 1.578 1.636 1.708 1.735 1.742 1.673 1.549 1.381 1.381 0.033
6.75 199.53 -0.497 -0.357 -0.204 -0.092 0.043 0.188 0.285 0.400 0.549 0.772 0.909 1.041 1.137 1.263 1.375 1.431 1.503 1.528 1.539 1.470 1.351 1.187 1.187 -0.192
6.75 251.19 -0.688 -0.554 -0.405 -0.297 -0.165 -0.026 0.068 0.179 0.323 0.536 0.671 0.810 0.908 1.041 1.158 1.213 1.288 1.313 1.328 1.258 1.144 0.985 0.985 -0.441
6.75 316.23 -0.917 -0.789 -0.644 -0.539 -0.411 -0.278 -0.186 -0.079 0.058 0.263 0.399 0.549 0.653 0.798 0.923 0.979 1.060 1.086 1.107 1.038 0.928 0.775 0.775 -0.719
6.75 398.11 -1.193 -1.071 -0.929 -0.829 -0.705 -0.577 -0.489 -0.386 -0.254 -0.056 0.084 0.250 0.364 0.528 0.666 0.728 0.817 0.848 0.876 0.807 0.702 0.553 0.553 -1.034
6.75 501.19 -1.529 -1.412 -1.275 -1.178 -1.058 -0.936 -0.850 -0.751 -0.625 -0.433 -0.286 -0.095 0.033 0.224 0.384 0.453 0.557 0.596 0.633 0.563 0.464 0.319 0.319 -1.394
6.75 630.96 -1.939 -1.828 -1.694 -1.601 -1.485 -1.370 -1.287 -1.191 -1.071 -0.882 -0.724 -0.500 -0.349 -0.121 0.069 0.151 0.274 0.326 0.374 0.305 0.210 0.071 0.071 -1.811
6.75 794.33 -2.442 -2.337 -2.208 -2.119 -2.007 -1.897 -1.817 -1.726 -1.611 -1.423 -1.247 -0.977 -0.796 -0.518 -0.286 -0.185 -0.036 0.035 0.098 0.028 -0.062 -0.197 -0.197 -2.298
6.75 1000.00 -3.064 -2.965 -2.839 -2.754 -2.646 -2.542 -2.465 -2.377 -2.269 -2.078 -1.877 -1.548 -1.324 -0.980 -0.691 -0.564 -0.379 -0.283 -0.202 -0.272 -0.357 -0.486 -0.486 -2.874
7.00 1.00 0.818 1.025 1.223 1.381 1.558 1.761 1.886 2.039 2.247 2.614 2.835 3.031 3.208 3.413 3.624 3.757 3.887 3.990 3.983 3.913 3.737 3.517 3.517 2.066
7.00 1.26 0.814 1.021 1.218 1.375 1.552 1.755 1.880 2.032 2.241 2.606 2.827 3.021 3.198 3.402 3.612 3.745 3.874 3.976 3.969 3.899 3.724 3.504 3.504 2.055
7.00 1.58 0.809 1.015 1.212 1.369 1.546 1.748 1.873 2.025 2.232 2.597 2.816 3.010 3.186 3.389 3.598 3.729 3.858 3.959 3.952 3.882 3.708 3.488 3.488 2.042
7.00 2.00 0.803 1.008 1.205 1.361 1.538 1.739 1.863 2.015 2.222 2.585 2.803 2.996 3.171 3.372 3.580 3.710 3.838 3.938 3.931 3.861 3.687 3.469 3.469 2.026
7.00 2.51 0.795 1.000 1.196 1.352 1.528 1.728 1.852 2.003 2.210 2.570 2.787 2.979 3.152 3.352 3.558 3.687 3.813 3.913 3.906 3.836 3.662 3.445 3.445 2.005
7.00 3.16 0.786 0.990 1.185 1.340 1.515 1.715 1.838 1.989 2.194 2.553 2.768 2.958 3.130 3.327 3.531 3.659 3.784 3.881 3.875 3.805 3.632 3.415 3.415 1.980
7.00 3.98 0.774 0.977 1.172 1.326 1.500 1.699 1.822 1.971 2.176 2.531 2.745 2.932 3.102 3.297 3.498 3.624 3.748 3.844 3.837 3.767 3.596 3.379 3.379 1.950
7.00 5.01 0.760 0.962 1.155 1.309 1.482 1.679 1.802 1.950 2.153 2.505 2.717 2.902 3.069 3.262 3.459 3.583 3.705 3.799 3.792 3.722 3.552 3.337 3.337 1.914
7.00 6.31 0.744 0.943 1.136 1.288 1.461 1.656 1.777 1.925 2.126 2.474 2.683 2.865 3.029 3.219 3.413 3.534 3.654 3.745 3.739 3.669 3.500 3.286 3.286 1.871
7.00 7.94 0.724 0.921 1.113 1.264 1.435 1.628 1.749 1.895 2.094 2.438 2.643 2.822 2.983 3.168 3.358 3.476 3.594 3.682 3.676 3.606 3.438 3.226 3.226 1.821
7.00 10.00 0.700 0.895 1.085 1.235 1.404 1.596 1.715 1.860 2.057 2.395 2.596 2.772 2.928 3.109 3.294 3.409 3.524 3.608 3.602 3.533 3.367 3.157 3.157 1.761
7.00 12.59 0.672 0.865 1.053 1.201 1.369 1.557 1.676 1.819 2.013 2.345 2.542 2.713 2.865 3.041 3.221 3.332 3.443 3.524 3.518 3.448 3.285 3.077 3.077 1.693
7.00 15.85 0.640 0.830 1.016 1.162 1.328 1.513 1.630 1.771 1.963 2.288 2.480 2.646 2.794 2.964 3.137 3.244 3.351 3.428 3.423 3.353 3.192 2.986 2.986 1.614
7.00 19.95 0.602 0.789 0.973 1.117 1.280 1.463 1.578 1.717 1.905 2.222 2.409 2.571 2.712 2.877 3.043 3.145 3.249 3.321 3.315 3.246 3.087 2.884 2.884 1.526
7.00 25.12 0.559 0.742 0.924 1.065 1.226 1.405 1.518 1.655 1.840 2.148 2.330 2.486 2.621 2.780 2.939 3.036 3.135 3.202 3.197 3.127 2.972 2.772 2.772 1.427
7.00 31.62 0.510 0.689 0.868 1.007 1.165 1.340 1.451 1.585 1.766 2.065 2.241 2.391 2.521 2.672 2.824 2.916 3.010 3.072 3.067 2.998 2.845 2.649 2.649 1.317
7.00 39.81 0.453 0.628 0.804 0.940 1.096 1.267 1.376 1.507 1.684 1.973 2.142 2.287 2.410 2.555 2.699 2.785 2.875 2.931 2.927 2.858 2.709 2.516 2.516 1.196
7.00 50.12 0.388 0.559 0.732 0.865 1.018 1.184 1.291 1.419 1.591 1.870 2.033 2.172 2.289 2.428 2.564 2.644 2.730 2.780 2.777 2.707 2.563 2.373 2.373 1.065
7.00 63.10 0.314 0.480 0.650 0.780 0.930 1.091 1.196 1.321 1.488 1.756 1.912 2.047 2.158 2.290 2.419 2.494 2.575 2.620 2.618 2.548 2.407 2.222 2.222 0.921
7.00 79.43 0.229 0.390 0.557 0.683 0.830 0.986 1.088 1.210 1.372 1.630 1.780 1.910 2.015 2.142 2.264 2.334 2.411 2.450 2.450 2.380 2.243 2.062 2.062 0.766
7.00 100.00 0.131 0.287 0.450 0.573 0.716 0.867 0.967 1.085 1.242 1.489 1.633 1.760 1.860 1.983 2.100 2.164 2.238 2.272 2.274 2.204 2.072 1.895 1.895 0.597
7.00 125.89 0.017 0.167 0.327 0.446 0.586 0.732 0.829 0.944 1.096 1.331 1.470 1.595 1.692 1.813 1.925 1.985 2.057 2.086 2.090 2.021 1.892 1.720 1.720 0.413
7.00 158.49 -0.117 0.028 0.184 0.300 0.436 0.576 0.670 0.781 0.928 1.153 1.287 1.413 1.507 1.628 1.738 1.795 1.866 1.892 1.899 1.829 1.705 1.537 1.537 0.212
7.00 199.53 -0.276 -0.136 0.016 0.129 0.261 0.396 0.487 0.595 0.736 0.950 1.081 1.210 1.304 1.428 1.539 1.593 1.665 1.689 1.699 1.630 1.511 1.347 1.347 -0.009
7.00 251.19 -0.464 -0.330 -0.182 -0.073 0.055 0.185 0.273 0.377 0.512 0.717 0.847 0.983 1.079 1.210 1.325 1.379 1.453 1.477 1.492 1.422 1.307 1.149 1.149 -0.255
7.00 316.23 -0.691 -0.562 -0.417 -0.313 -0.188 -0.064 0.021 0.121 0.251 0.447 0.578 0.725 0.827 0.970 1.093 1.149 1.228 1.254 1.274 1.205 1.095 0.941 0.941 -0.530
7.00 398.11 -0.964 -0.842 -0.701 -0.600 -0.479 -0.361 -0.278 -0.182 -0.058 0.130 0.265 0.429 0.540 0.702 0.839 0.900 0.989 1.019 1.047 0.977 0.872 0.723 0.723 -0.842
7.00 501.19 -1.297 -1.181 -1.043 -0.946 -0.830 -0.717 -0.638 -0.545 -0.427 -0.244 -0.102 0.086 0.213 0.402 0.560 0.628 0.731 0.769 0.806 0.736 0.636 0.492 0.492 -1.199
7.00 630.96 -1.705 -1.594 -1.461 -1.368 -1.255 -1.148 -1.071 -0.983 -0.871 -0.691 -0.537 -0.315 -0.167 0.059 0.248 0.329 0.451 0.503 0.550 0.481 0.385 0.246 0.246 -1.612
7.00 794.33 -2.206 -2.101 -1.971 -1.882 -1.773 -1.673 -1.599 -1.514 -1.408 -1.229 -1.057 -0.791 -0.611 -0.335 -0.104 -0.004 0.144 0.214 0.276 0.206 0.116 -0.018 -0.018 -2.097
7.00 1000.00 -2.825 -2.726 -2.600 -2.515 -2.410 -2.315 -2.244 -2.164 -2.063 -1.881 -1.684 -1.358 -1.137 -0.794 -0.507 -0.381 -0.196 -0.101 -0.021 -0.091 -0.176 -0.306 -0.306 -2.670
7.25 1.00 0.989 1.193 1.389 1.545 1.718 1.910 2.028 2.173 2.372 2.724 2.937 3.125 3.296 3.494 3.697 3.825 3.951 4.049 4.042 3.972 3.798 3.580 3.580 2.162
7.25 1.26 0.985 1.189 1.385 1.541 1.713 1.905 2.023 2.168 2.366 2.717 2.929 3.117 3.287 3.484 3.687 3.814 3.939 4.037 4.029 3.959 3.786 3.568 3.568 2.153
7.25 1.58 0.981 1.184 1.380 1.535 1.707 1.898 2.016 2.161 2.359 2.709 2.920 3.107 3.276 3.472 3.673 3.800 3.925 4.021 4.014 3.944 3.771 3.554 3.554 2.140
7.25 2.00 0.975 1.178 1.373 1.528 1.700 1.890 2.008 2.152 2.350 2.698 2.908 3.094 3.263 3.457 3.657 3.783 3.907 4.003 3.995 3.925 3.753 3.536 3.536 2.126
7.25 2.51 0.968 1.171 1.365 1.520 1.691 1.881 1.998 2.141 2.338 2.685 2.894 3.079 3.246 3.439 3.637 3.762 3.885 3.980 3.972 3.902 3.730 3.514 3.514 2.107
7.25 3.16 0.960 1.161 1.355 1.509 1.680 1.869 1.986 2.128 2.324 2.669 2.877 3.059 3.225 3.416 3.613 3.736 3.858 3.951 3.944 3.874 3.703 3.487 3.487 2.085
7.25 3.98 0.949 1.150 1.343 1.496 1.666 1.854 1.971 2.113 2.308 2.650 2.855 3.036 3.200 3.389 3.583 3.705 3.825 3.917 3.910 3.840 3.670 3.455 3.455 2.057
7.25 5.01 0.937 1.136 1.329 1.481 1.650 1.836 1.952 2.093 2.287 2.626 2.830 3.008 3.170 3.356 3.548 3.668 3.786 3.876 3.869 3.799 3.629 3.416 3.416 2.024
7.25 6.31 0.922 1.119 1.311 1.462 1.630 1.815 1.930 2.070 2.262 2.598 2.799 2.975 3.134 3.317 3.505 3.623 3.739 3.826 3.820 3.750 3.582 3.369 3.369 1.985
7.25 7.94 0.903 1.099 1.290 1.439 1.607 1.790 1.904 2.043 2.233 2.564 2.762 2.935 3.091 3.271 3.455 3.569 3.683 3.768 3.761 3.691 3.525 3.314 3.314 1.938
7.25 10.00 0.882 1.076 1.264 1.413 1.579 1.760 1.873 2.010 2.198 2.524 2.719 2.888 3.040 3.216 3.395 3.507 3.618 3.700 3.694 3.623 3.459 3.250 3.250 1.883
7.25 12.59 0.856 1.047 1.235 1.382 1.546 1.724 1.836 1.972 2.158 2.478 2.668 2.834 2.982 3.153 3.327 3.435 3.543 3.621 3.615 3.545 3.382 3.175 3.175 1.819
7.25 15.85 0.826 1.015 1.200 1.345 1.507 1.683 1.794 1.928 2.111 2.424 2.610 2.771 2.914 3.080 3.249 3.353 3.457 3.531 3.525 3.455 3.295 3.090 3.090 1.746
7.25 19.95 0.791 0.976 1.160 1.303 1.463 1.636 1.745 1.877 2.057 2.362 2.543 2.700 2.838 2.998 3.160 3.260 3.361 3.430 3.424 3.354 3.197 2.994 2.994 1.662
7.25 25.12 0.750 0.932 1.114 1.254 1.412 1.581 1.688 1.818 1.995 2.292 2.468 2.619 2.752 2.906 3.061 3.156 3.253 3.317 3.312 3.242 3.087 2.888 2.888 1.568
7.25 31.62 0.704 0.882 1.060 1.199 1.354 1.519 1.625 1.752 1.925 2.213 2.383 2.529 2.656 2.803 2.951 3.041 3.134 3.193 3.188 3.118 2.967 2.771 2.771 1.464
7.25 39.81 0.650 0.824 1.000 1.135 1.288 1.449 1.552 1.677 1.845 2.125 2.288 2.429 2.549 2.691 2.832 2.916 3.004 3.058 3.054 2.984 2.836 2.643 2.643 1.348
7.25 50.12 0.588 0.758 0.931 1.063 1.213 1.370 1.471 1.592 1.757 2.026 2.183 2.319 2.433 2.568 2.702 2.780 2.864 2.913 2.910 2.840 2.695 2.506 2.506 1.221
7.25 63.10 0.517 0.682 0.852 0.981 1.128 1.280 1.379 1.497 1.657 1.916 2.067 2.197 2.306 2.435 2.562 2.635 2.715 2.758 2.756 2.686 2.545 2.360 2.360 1.083
7.25 79.43 0.434 0.595 0.761 0.887 1.031 1.178 1.275 1.390 1.544 1.792 1.937 2.064 2.167 2.292 2.411 2.479 2.555 2.593 2.593 2.523 2.386 2.205 2.205 0.931
7.25 100.00 0.339 0.494 0.657 0.780 0.920 1.062 1.156 1.268 1.418 1.655 1.794 1.918 2.016 2.137 2.251 2.314 2.387 2.420 2.421 2.351 2.219 2.042 2.042 0.767
7.25 125.89 0.227 0.377 0.537 0.656 0.793 0.930 1.021 1.129 1.274 1.500 1.634 1.757 1.851 1.970 2.080 2.139 2.209 2.238 2.242 2.172 2.043 1.871 1.871 0.587
7.25 158.49 0.096 0.241 0.397 0.512 0.645 0.777 0.866 0.970 1.109 1.325 1.455 1.578 1.670 1.789 1.897 1.953 2.022 2.048 2.054 1.984 1.860 1.692 1.692 0.390
7.25 199.53 -0.060 0.079 0.232 0.344 0.473 0.599 0.685 0.786 0.920 1.125 1.252 1.379 1.470 1.593 1.701 1.755 1.825 1.849 1.858 1.788 1.669 1.506 1.506 0.172
7.25 251.19 -0.246 -0.112 0.036 0.145 0.270 0.391 0.474 0.571 0.699 0.895 1.021 1.154 1.248 1.378 1.490 1.543 1.617 1.640 1.654 1.584 1.470 1.311 1.311 -0.070
7.25 316.23 -0.470 -0.342 -0.197 -0.092 0.029 0.145 0.225 0.318 0.441 0.628 0.755 0.899 0.999 1.140 1.261 1.316 1.395 1.420 1.440 1.370 1.260 1.106 1.106 -0.342
7.25 398.11 -0.741 -0.618 -0.477 -0.377 -0.259 -0.149 -0.072 0.018 0.134 0.315 0.445 0.606 0.716 0.876 1.011 1.071 1.159 1.188 1.216 1.146 1.041 0.891 0.891 -0.650
7.25 501.19 -1.071 -0.955 -0.817 -0.721 -0.607 -0.503 -0.429 -0.343 -0.232 -0.057 0.081 0.266 0.391 0.578 0.734 0.802 0.904 0.942 0.978 0.908 0.808 0.663 0.663 -1.004
7.25 630.96 -1.476 -1.365 -1.232 -1.139 -1.029 -0.931 -0.860 -0.778 -0.673 -0.501 -0.352 -0.133 0.014 0.238 0.425 0.506 0.627 0.678 0.725 0.655 0.560 0.420 0.420 -1.415
7.25 794.33 -1.974 -1.870 -1.740 -1.651 -1.545 -1.453 -1.385 -1.306 -1.207 -1.036 -0.869 -0.605 -0.427 -0.153 0.076 0.175 0.323 0.393 0.454 0.384 0.294 0.159 0.159 -1.896
7.25 1000.00 -2.591 -2.492 -2.366 -2.281 -2.179 -2.093 -2.027 -1.953 -1.860 -1.686 -1.494 -1.170 -0.950 -0.609 -0.324 -0.198 -0.015 0.081 0.160 0.090 0.004 -0.125 -0.125 -2.467
7.50 1.00 1.156 1.358 1.552 1.706 1.875 2.057 2.169 2.306 2.496 2.835 3.039 3.220 3.385 3.575 3.771 3.895 4.016 4.109 4.102 4.031 3.859 3.643 3.643 2.259
7.50 1.26 1.152 1.354 1.549 1.702 1.871 2.052 2.164 2.301 2.491 2.829 3.032 3.213 3.377 3.567 3.762 3.885 4.005 4.098 4.090 4.020 3.849 3.633 3.633 2.250
7.50 1.58 1.148 1.350 1.544 1.697 1.865 2.046 2.158 2.295 2.484 2.821 3.024 3.203 3.367 3.556 3.750 3.872 3.992 4.085 4.077 4.007 3.835 3.620 3.620 2.239
7.50 2.00 1.143 1.344 1.538 1.691 1.859 2.039 2.151 2.287 2.476 2.811 3.013 3.192 3.355 3.542 3.735 3.857 3.976 4.068 4.060 3.990 3.819 3.604 3.604 2.226
7.50 2.51 1.137 1.338 1.531 1.683 1.851 2.030 2.142 2.278 2.466 2.800 3.000 3.178 3.339 3.526 3.717 3.838 3.956 4.047 4.039 3.969 3.799 3.584 3.584 2.209
7.50 3.16 1.130 1.329 1.522 1.674 1.841 2.020 2.131 2.266 2.453 2.785 2.985 3.161 3.321 3.505 3.695 3.814 3.932 4.021 4.013 3.943 3.774 3.560 3.560 2.189
7.50 3.98 1.120 1.319 1.511 1.662 1.829 2.006 2.117 2.252 2.438 2.767 2.965 3.140 3.298 3.481 3.668 3.786 3.902 3.990 3.982 3.912 3.743 3.530 3.530 2.164
7.50 5.01 1.109 1.306 1.498 1.648 1.814 1.990 2.100 2.234 2.419 2.746 2.942 3.114 3.270 3.451 3.635 3.752 3.866 3.952 3.945 3.875 3.707 3.495 3.495 2.134
7.50 6.31 1.095 1.291 1.481 1.631 1.796 1.971 2.080 2.213 2.397 2.720 2.913 3.084 3.237 3.415 3.596 3.710 3.823 3.907 3.900 3.829 3.663 3.452 3.452 2.098
7.50 7.94 1.079 1.273 1.462 1.611 1.774 1.948 2.056 2.188 2.370 2.689 2.880 3.047 3.198 3.372 3.550 3.661 3.772 3.853 3.846 3.776 3.611 3.401 3.401 2.055
7.50 10.00 1.059 1.251 1.439 1.586 1.748 1.920 2.027 2.158 2.338 2.652 2.840 3.004 3.151 3.321 3.495 3.604 3.712 3.790 3.783 3.713 3.550 3.342 3.342 2.004
7.50 12.59 1.035 1.225 1.412 1.557 1.718 1.887 1.993 2.123 2.300 2.609 2.793 2.953 3.096 3.263 3.432 3.537 3.642 3.717 3.710 3.640 3.478 3.273 3.273 1.944
7.50 15.85 1.008 1.195 1.379 1.523 1.682 1.849 1.954 2.081 2.256 2.559 2.738 2.895 3.033 3.195 3.358 3.460 3.562 3.633 3.626 3.556 3.397 3.193 3.193 1.876
7.50 19.95 0.975 1.159 1.342 1.484 1.641 1.804 1.908 2.033 2.205 2.501 2.676 2.827 2.961 3.117 3.275 3.372 3.471 3.538 3.531 3.461 3.304 3.103 3.103 1.797
7.50 25.12 0.937 1.118 1.298 1.438 1.593 1.753 1.855 1.978 2.147 2.434 2.604 2.751 2.880 3.030 3.181 3.274 3.369 3.431 3.425 3.355 3.201 3.002 3.002 1.708
7.50 31.62 0.893 1.070 1.248 1.385 1.537 1.694 1.794 1.915 2.080 2.359 2.523 2.665 2.789 2.933 3.077 3.165 3.255 3.313 3.308 3.237 3.086 2.891 2.891 1.609
7.50 39.81 0.841 1.015 1.190 1.325 1.474 1.627 1.725 1.843 2.004 2.274 2.433 2.570 2.687 2.825 2.963 3.045 3.131 3.184 3.179 3.109 2.961 2.769 2.769 1.498
7.50 50.12 0.782 0.951 1.124 1.256 1.402 1.551 1.647 1.762 1.919 2.179 2.331 2.463 2.575 2.707 2.838 2.915 2.997 3.044 3.040 2.970 2.826 2.637 2.637 1.376
7.50 63.10 0.714 0.878 1.048 1.177 1.320 1.464 1.558 1.670 1.823 2.073 2.219 2.346 2.452 2.579 2.702 2.774 2.852 2.894 2.892 2.821 2.681 2.496 2.496 1.242
7.50 79.43 0.634 0.794 0.960 1.086 1.226 1.366 1.457 1.566 1.714 1.953 2.093 2.217 2.317 2.440 2.557 2.623 2.698 2.735 2.734 2.663 2.527 2.346 2.346 1.095
7.50 100.00 0.541 0.696 0.859 0.982 1.119 1.253 1.342 1.447 1.590 1.819 1.954 2.074 2.170 2.289 2.401 2.463 2.534 2.566 2.567 2.497 2.364 2.187 2.187 0.935
7.50 125.89 0.432 0.582 0.742 0.861 0.994 1.123 1.209 1.312 1.449 1.667 1.797 1.917 2.009 2.126 2.234 2.291 2.361 2.389 2.392 2.321 2.193 2.021 2.021 0.759
7.50 158.49 0.304 0.448 0.604 0.720 0.850 0.973 1.057 1.156 1.288 1.495 1.621 1.741 1.832 1.948 2.054 2.109 2.178 2.202 2.208 2.138 2.014 1.846 1.846 0.566
7.50 199.53 0.151 0.290 0.442 0.554 0.680 0.799 0.879 0.974 1.101 1.299 1.422 1.545 1.635 1.756 1.862 1.915 1.984 2.007 2.016 1.946 1.827 1.663 1.663 0.352
7.50 251.19 -0.033 0.101 0.249 0.357 0.480 0.593 0.671 0.762 0.884 1.072 1.193 1.324 1.416 1.544 1.655 1.707 1.779 1.802 1.815 1.745 1.631 1.472 1.472 0.113
7.50 316.23 -0.254 -0.126 0.019 0.123 0.242 0.349 0.424 0.512 0.628 0.808 0.930 1.072 1.170 1.310 1.429 1.483 1.561 1.585 1.605 1.535 1.425 1.271 1.271 -0.156
7.50 398.11 -0.522 -0.400 -0.259 -0.159 -0.043 0.058 0.130 0.214 0.324 0.497 0.623 0.782 0.890 1.048 1.182 1.241 1.328 1.357 1.384 1.313 1.208 1.059 1.059 -0.461
7.50 501.19 -0.850 -0.734 -0.597 -0.500 -0.389 -0.293 -0.223 -0.143 -0.039 0.128 0.262 0.445 0.568 0.753 0.908 0.975 1.076 1.114 1.149 1.079 0.979 0.834 0.834 -0.812
7.50 630.96 -1.253 -1.142 -1.009 -0.916 -0.808 -0.718 -0.652 -0.576 -0.478 -0.314 -0.168 0.048 0.194 0.417 0.602 0.682 0.803 0.853 0.900 0.829 0.734 0.594 0.594 -1.219
7.50 794.33 -1.749 -1.644 -1.514 -1.425 -1.322 -1.238 -1.174 -1.102 -1.010 -0.846 -0.683 -0.421 -0.245 0.028 0.255 0.354 0.501 0.570 0.631 0.561 0.470 0.335 0.335 -1.698
7.50 1000.00 -2.362 -2.264 -2.138 -2.053 -1.953 -1.875 -1.815 -1.746 -1.660 -1.493 -1.305 -0.984 -0.765 -0.426 -0.142 -0.017 0.166 0.261 0.340 0.270 0.184 0.054 0.054 -2.265
7.75 1.00 1.222 1.421 1.614 1.767 1.931 2.103 2.210 2.340 2.522 2.847 3.044 3.218 3.376 3.560 3.748 3.867 3.984 4.073 4.065 3.994 3.824 3.610 3.610 2.250
7.75 1.26 1.219 1.418 1.611 1.763 1.927 2.099 2.206 2.336 2.517 2.842 3.038 3.211 3.369 3.552 3.739 3.858 3.974 4.063 4.055 3.984 3.815 3.601 3.601 2.242
7.75 1.58 1.215 1.414 1.607 1.758 1.923 2.094 2.200 2.330 2.511 2.835 3.030 3.203 3.360 3.542 3.729 3.847 3.963 4.050 4.042 3.972 3.802 3.589 3.589 2.232
7.75 2.00 1.211 1.409 1.601 1.753 1.917 2.088 2.194 2.323 2.504 2.826 3.021 3.193 3.349 3.530 3.716 3.833 3.948 4.035 4.027 3.957 3.788 3.574 3.574 2.220
7.75 2.51 1.205 1.403 1.595 1.746 1.909 2.080 2.185 2.315 2.494 2.816 3.009 3.180 3.335 3.515 3.699 3.815 3.930 4.016 4.008 3.938 3.769 3.556 3.556 2.205
7.75 3.16 1.198 1.396 1.587 1.738 1.900 2.070 2.175 2.304 2.483 2.803 2.995 3.164 3.318 3.496 3.679 3.794 3.908 3.993 3.985 3.915 3.747 3.535 3.535 2.186
7.75 3.98 1.190 1.386 1.577 1.727 1.889 2.058 2.163 2.291 2.469 2.786 2.977 3.145 3.298 3.474 3.655 3.769 3.881 3.965 3.957 3.886 3.719 3.508 3.508 2.164
7.75 5.01 1.180 1.375 1.565 1.714 1.876 2.044 2.148 2.275 2.452 2.767 2.956 3.122 3.272 3.447 3.625 3.737 3.848 3.930 3.922 3.852 3.686 3.475 3.475 2.136
7.75 6.31 1.167 1.361 1.550 1.699 1.860 2.026 2.129 2.256 2.432 2.743 2.930 3.094 3.242 3.414 3.589 3.700 3.809 3.889 3.881 3.811 3.646 3.436 3.436 2.103
7.75 7.94 1.152 1.345 1.533 1.680 1.840 2.004 2.107 2.233 2.407 2.715 2.899 3.060 3.206 3.374 3.547 3.655 3.762 3.840 3.832 3.762 3.598 3.390 3.390 2.064
7.75 10.00 1.134 1.325 1.511 1.658 1.816 1.979 2.081 2.205 2.377 2.681 2.862 3.020 3.163 3.328 3.496 3.601 3.707 3.782 3.774 3.704 3.541 3.335 3.335 2.017
7.75 12.59 1.113 1.301 1.486 1.631 1.788 1.949 2.050 2.172 2.342 2.641 2.818 2.973 3.112 3.273 3.437 3.539 3.642 3.714 3.706 3.636 3.475 3.271 3.271 1.962
7.75 15.85 1.087 1.273 1.456 1.599 1.755 1.913 2.013 2.134 2.301 2.594 2.767 2.919 3.053 3.210 3.369 3.467 3.567 3.635 3.628 3.558 3.399 3.197 3.197 1.897
7.75 19.95 1.056 1.239 1.421 1.562 1.716 1.871 1.970 2.089 2.254 2.539 2.708 2.856 2.986 3.137 3.291 3.385 3.481 3.546 3.539 3.469 3.313 3.112 3.112 1.824
7.75 25.12 1.021 1.201 1.380 1.519 1.671 1.823 1.920 2.037 2.199 2.477 2.641 2.783 2.909 3.055 3.202 3.292 3.385 3.445 3.439 3.368 3.215 3.017 3.017 1.740
7.75 31.62 0.979 1.155 1.333 1.469 1.619 1.767 1.862 1.977 2.135 2.405 2.564 2.702 2.822 2.963 3.103 3.189 3.277 3.333 3.327 3.257 3.106 2.911 2.911 1.645
7.75 39.81 0.930 1.103 1.278 1.412 1.559 1.703 1.796 1.909 2.063 2.324 2.477 2.611 2.725 2.860 2.994 3.074 3.159 3.209 3.205 3.134 2.987 2.795 2.795 1.539
7.75 50.12 0.874 1.042 1.214 1.346 1.490 1.630 1.721 1.831 1.981 2.233 2.380 2.509 2.617 2.747 2.874 2.949 3.030 3.075 3.071 3.001 2.857 2.669 2.669 1.422
7.75 63.10 0.808 0.972 1.141 1.270 1.410 1.547 1.636 1.742 1.888 2.130 2.271 2.395 2.499 2.623 2.744 2.814 2.891 2.931 2.928 2.858 2.717 2.533 2.533 1.293
7.75 79.43 0.731 0.890 1.056 1.182 1.319 1.451 1.538 1.641 1.782 2.014 2.150 2.270 2.368 2.488 2.603 2.668 2.741 2.777 2.775 2.705 2.568 2.388 2.388 1.151
7.75 100.00 0.641 0.795 0.958 1.080 1.215 1.341 1.425 1.526 1.662 1.883 2.013 2.131 2.225 2.341 2.451 2.512 2.582 2.613 2.613 2.543 2.410 2.234 2.234 0.995
7.75 125.89 0.535 0.684 0.843 0.962 1.093 1.215 1.296 1.393 1.524 1.735 1.860 1.977 2.068 2.182 2.288 2.345 2.413 2.440 2.442 2.372 2.244 2.072 2.072 0.823
7.75 158.49 0.408 0.553 0.708 0.824 0.951 1.068 1.147 1.240 1.366 1.566 1.688 1.805 1.894 2.009 2.113 2.166 2.234 2.258 2.263 2.193 2.069 1.901 1.901 0.633
7.75 199.53 0.258 0.397 0.549 0.661 0.785 0.896 0.972 1.062 1.182 1.372 1.491 1.612 1.701 1.819 1.924 1.976 2.044 2.066 2.075 2.005 1.886 1.722 1.722 0.423
7.75 251.19 0.077 0.211 0.359 0.467 0.587 0.693 0.766 0.852 0.967 1.149 1.266 1.394 1.485 1.611 1.720 1.771 1.843 1.865 1.878 1.808 1.693 1.534 1.534 0.188
7.75 316.23 -0.141 -0.014 0.131 0.235 0.352 0.452 0.523 0.605 0.714 0.887 1.006 1.145 1.242 1.380 1.498 1.551 1.628 1.652 1.671 1.601 1.491 1.337 1.337 -0.077
7.75 398.11 -0.407 -0.285 -0.144 -0.044 0.069 0.163 0.231 0.310 0.413 0.579 0.702 0.858 0.965 1.122 1.254 1.312 1.398 1.427 1.453 1.382 1.277 1.128 1.128 -0.379
7.75 501.19 -0.732 -0.616 -0.479 -0.382 -0.273 -0.185 -0.120 -0.045 0.053 0.213 0.343 0.524 0.646 0.830 0.983 1.050 1.150 1.186 1.222 1.151 1.051 0.906 0.906 -0.727
7.75 630.96 -1.132 -1.022 -0.889 -0.796 -0.691 -0.608 -0.546 -0.475 -0.383 -0.226 -0.084 0.130 0.275 0.496 0.680 0.759 0.879 0.928 0.975 0.905 0.809 0.669 0.669 -1.131
7.75 794.33 -1.626 -1.521 -1.392 -1.303 -1.202 -1.125 -1.066 -0.998 -0.912 -0.756 -0.596 -0.337 -0.161 0.110 0.336 0.434 0.581 0.649 0.709 0.639 0.548 0.413 0.413 -1.607
7.75 1000.00 -2.237 -2.138 -2.013 -1.928 -1.830 -1.759 -1.703 -1.640 -1.560 -1.400 -1.215 -0.896 -0.679 -0.341 -0.058 0.066 0.248 0.342 0.421 0.351 0.265 0.135 0.135 -2.171
8.00 1.00 1.284 1.481 1.673 1.823 1.984 2.148 2.249 2.373 2.547 2.860 3.049 3.216 3.368 3.545 3.726 3.840 3.953 4.037 4.028 3.958 3.790 3.578 3.578 2.241
8.00 1.26 1.282 1.479 1.670 1.820 1.981 2.144 2.245 2.369 2.542 2.855 3.043 3.210 3.362 3.538 3.718 3.832 3.944 4.028 4.020 3.949 3.781 3.569 3.569 2.234
8.00 1.58 1.278 1.475 1.666 1.816 1.977 2.139 2.240 2.364 2.537 2.849 3.036 3.202 3.354 3.529 3.708 3.822 3.934 4.017 4.008 3.938 3.770 3.559 3.559 2.225
8.00 2.00 1.275 1.471 1.661 1.811 1.971 2.134 2.234 2.358 2.530 2.841 3.028 3.193 3.344 3.518 3.697 3.809 3.921 4.003 3.995 3.924 3.757 3.546 3.546 2.214
8.00 2.51 1.270 1.465 1.655 1.805 1.965 2.126 2.227 2.350 2.522 2.831 3.017 3.182 3.331 3.504 3.682 3.794 3.904 3.986 3.978 3.907 3.740 3.529 3.529 2.200
8.00 3.16 1.264 1.458 1.648 1.797 1.957 2.118 2.218 2.340 2.512 2.819 3.004 3.167 3.316 3.488 3.664 3.774 3.884 3.965 3.957 3.886 3.720 3.510 3.510 2.184
8.00 3.98 1.256 1.450 1.639 1.788 1.947 2.107 2.207 2.329 2.499 2.805 2.988 3.150 3.297 3.467 3.642 3.751 3.860 3.939 3.931 3.861 3.695 3.485 3.485 2.163
8.00 5.01 1.247 1.440 1.628 1.776 1.934 2.094 2.193 2.314 2.484 2.787 2.969 3.129 3.274 3.442 3.615 3.723 3.830 3.908 3.900 3.829 3.665 3.456 3.456 2.138
8.00 6.31 1.235 1.427 1.615 1.762 1.919 2.077 2.176 2.297 2.465 2.765 2.945 3.103 3.247 3.412 3.582 3.688 3.794 3.870 3.862 3.792 3.628 3.420 3.420 2.108
8.00 7.94 1.222 1.412 1.599 1.745 1.901 2.058 2.156 2.275 2.442 2.739 2.917 3.073 3.213 3.376 3.543 3.647 3.751 3.825 3.817 3.747 3.584 3.378 3.378 2.072
8.00 10.00 1.205 1.394 1.579 1.724 1.880 2.034 2.132 2.250 2.415 2.708 2.882 3.036 3.174 3.333 3.496 3.598 3.700 3.772 3.764 3.693 3.532 3.327 3.327 2.028
8.00 12.59 1.185 1.372 1.556 1.700 1.854 2.006 2.103 2.220 2.383 2.671 2.842 2.992 3.127 3.283 3.442 3.540 3.640 3.709 3.701 3.631 3.471 3.268 3.268 1.977
8.00 15.85 1.161 1.346 1.528 1.671 1.823 1.973 2.068 2.184 2.344 2.627 2.795 2.941 3.072 3.224 3.378 3.473 3.570 3.636 3.628 3.558 3.400 3.199 3.199 1.918
8.00 19.95 1.133 1.315 1.496 1.636 1.787 1.934 2.028 2.142 2.300 2.576 2.739 2.882 3.009 3.156 3.305 3.396 3.490 3.552 3.545 3.474 3.319 3.120 3.120 1.849
8.00 25.12 1.100 1.278 1.457 1.596 1.744 1.889 1.981 2.093 2.248 2.517 2.676 2.814 2.936 3.078 3.222 3.309 3.399 3.457 3.450 3.380 3.227 3.030 3.030 1.769
8.00 31.62 1.060 1.236 1.412 1.549 1.695 1.836 1.927 2.036 2.188 2.449 2.603 2.737 2.854 2.991 3.128 3.211 3.298 3.351 3.345 3.274 3.124 2.930 2.930 1.680
8.00 39.81 1.014 1.186 1.360 1.494 1.638 1.775 1.864 1.971 2.119 2.372 2.520 2.650 2.761 2.893 3.024 3.102 3.185 3.233 3.228 3.158 3.011 2.820 2.820 1.579
8.00 50.12 0.960 1.128 1.299 1.430 1.572 1.705 1.792 1.896 2.040 2.284 2.427 2.552 2.658 2.785 2.909 2.982 3.061 3.105 3.101 3.030 2.887 2.699 2.699 1.467
8.00 63.10 0.897 1.060 1.229 1.357 1.495 1.625 1.709 1.811 1.950 2.185 2.322 2.443 2.544 2.665 2.783 2.852 2.927 2.966 2.963 2.892 2.752 2.568 2.568 1.342
8.00 79.43 0.823 0.982 1.147 1.272 1.407 1.532 1.614 1.713 1.848 2.072 2.204 2.321 2.418 2.535 2.647 2.711 2.783 2.817 2.815 2.745 2.608 2.428 2.428 1.204
8.00 100.00 0.735 0.889 1.051 1.173 1.305 1.426 1.505 1.601 1.731 1.945 2.071 2.186 2.278 2.392 2.500 2.559 2.629 2.658 2.658 2.587 2.455 2.279 2.279 1.053
8.00 125.89 0.631 0.780 0.939 1.058 1.187 1.302 1.379 1.471 1.596 1.800 1.922 2.036 2.124 2.237 2.341 2.396 2.464 2.490 2.492 2.421 2.293 2.121 2.121 0.885
8.00 158.49 0.508 0.652 0.807 0.923 1.048 1.158 1.232 1.321 1.441 1.634 1.753 1.868 1.954 2.067 2.170 2.222 2.289 2.312 2.317 2.246 2.123 1.955 1.955 0.699
8.00 199.53 0.360 0.499 0.651 0.762 0.884 0.989 1.060 1.145 1.260 1.444 1.559 1.678 1.765 1.881 1.985 2.035 2.103 2.124 2.133 2.062 1.943 1.780 1.780 0.493
8.00 251.19 0.182 0.315 0.463 0.571 0.689 0.789 0.858 0.939 1.048 1.223 1.337 1.463 1.552 1.677 1.784 1.835 1.906 1.926 1.939 1.869 1.754 1.595 1.595 0.261
8.00 316.23 -0.034 0.094 0.238 0.342 0.457 0.550 0.617 0.694 0.798 0.965 1.080 1.217 1.312 1.449 1.565 1.618 1.694 1.717 1.736 1.665 1.555 1.401 1.401 -0.000
8.00 398.11 -0.297 -0.175 -0.035 0.066 0.177 0.264 0.328 0.402 0.500 0.659 0.779 0.933 1.038 1.194 1.324 1.382 1.468 1.495 1.521 1.451 1.345 1.196 1.196 -0.299
8.00 501.19 -0.620 -0.504 -0.367 -0.270 -0.163 -0.081 -0.020 0.050 0.142 0.296 0.423 0.602 0.722 0.905 1.057 1.122 1.222 1.258 1.293 1.223 1.122 0.977 0.977 -0.644
8.00 630.96 -1.017 -0.907 -0.774 -0.681 -0.578 -0.501 -0.444 -0.377 -0.291 -0.140 -0.001 0.211 0.354 0.574 0.756 0.835 0.954 1.003 1.049 0.979 0.883 0.743 0.743 -1.045
8.00 794.33 -1.508 -1.404 -1.274 -1.185 -1.086 -1.016 -0.961 -0.898 -0.818 -0.667 -0.511 -0.253 -0.079 0.190 0.415 0.513 0.659 0.727 0.787 0.716 0.625 0.490 0.490 -1.517
8.00 1000.00 -2.117 -2.018 -1.893 -1.808 -1.713 -1.648 -1.596 -1.537 -1.462 -1.309 -1.127 -0.810 -0.594 -0.258 0.024 0.147 0.329 0.423 0.501 0.431 0.345 0.214 0.214 -2.079
