AbrahamsonEtAl2015SSlab as implemented in OpenQuake, distance is rhypo. Log10 hazard values in cgs units
          14 31 23 : nmag, ndist, nperiod
          0.020 0.050 0.075 0.100 0.150 0.200 0.250 0.300 0.400 0.500 0.600 0.750 1.000 1.500 2.000 2.500 3.000 4.000 5.000 6.000 7.500 10.000 PGA PGV
          0.740 0.740 0.740 0.740 0.740 0.740 0.740 0.740 0.740 0.740 0.740 0.740 0.740 0.740 0.740 0.740 0.740 0.740 0.740 0.740 0.740 0.740 0.740 PGVsig
4.75 1.00 2.879 2.982 3.119 3.198 3.260 3.202 3.104 2.995 2.811 2.598 2.382 2.133 1.824 1.300 0.973 0.728 0.518 0.191 -0.028 -0.194 -0.402 -0.615 2.879 0.927
4.75 1.26 2.853 2.959 3.097 3.176 3.237 3.179 3.081 2.971 2.787 2.574 2.359 2.112 1.804 1.283 0.956 0.712 0.502 0.177 -0.042 -0.207 -0.414 -0.627 2.853 0.904
4.75 1.58 2.822 2.931 3.070 3.150 3.210 3.151 3.052 2.942 2.756 2.544 2.331 2.085 1.780 1.262 0.936 0.693 0.484 0.159 -0.059 -0.223 -0.430 -0.641 2.822 0.876
4.75 2.00 2.785 2.898 3.037 3.117 3.176 3.117 3.017 2.907 2.720 2.507 2.297 2.054 1.751 1.236 0.912 0.669 0.461 0.138 -0.079 -0.243 -0.448 -0.658 2.785 0.843
4.75 2.51 2.740 2.857 2.997 3.078 3.135 3.077 2.975 2.864 2.677 2.464 2.257 2.017 1.716 1.206 0.883 0.642 0.434 0.112 -0.103 -0.266 -0.470 -0.678 2.740 0.802
4.75 3.16 2.686 2.808 2.949 3.031 3.087 3.027 2.925 2.814 2.625 2.414 2.209 1.973 1.676 1.170 0.849 0.609 0.402 0.083 -0.132 -0.293 -0.496 -0.703 2.686 0.755
4.75 3.98 2.623 2.750 2.892 2.974 3.028 2.968 2.865 2.754 2.565 2.355 2.154 1.921 1.628 1.128 0.809 0.571 0.365 0.048 -0.165 -0.325 -0.527 -0.731 2.623 0.700
4.75 5.01 2.548 2.681 2.824 2.907 2.958 2.899 2.795 2.683 2.494 2.286 2.090 1.862 1.574 1.079 0.763 0.526 0.322 0.007 -0.204 -0.362 -0.562 -0.764 2.548 0.636
4.75 6.31 2.462 2.600 2.744 2.827 2.876 2.817 2.713 2.602 2.414 2.209 2.017 1.795 1.511 1.024 0.711 0.476 0.273 -0.039 -0.248 -0.405 -0.603 -0.801 2.462 0.564
4.75 7.94 2.363 2.506 2.650 2.734 2.780 2.722 2.618 2.509 2.323 2.121 1.935 1.719 1.441 0.961 0.652 0.419 0.218 -0.091 -0.298 -0.453 -0.648 -0.844 2.363 0.482
4.75 10.00 2.251 2.399 2.542 2.627 2.670 2.613 2.511 2.404 2.221 2.024 1.844 1.634 1.362 0.892 0.586 0.355 0.156 -0.150 -0.354 -0.506 -0.700 -0.891 2.251 0.391
4.75 12.59 2.127 2.277 2.420 2.505 2.545 2.491 2.390 2.287 2.109 1.917 1.744 1.541 1.276 0.815 0.513 0.285 0.087 -0.214 -0.416 -0.566 -0.756 -0.944 2.127 0.291
4.75 15.85 1.989 2.142 2.283 2.368 2.406 2.356 2.258 2.158 1.986 1.801 1.635 1.439 1.181 0.731 0.433 0.207 0.012 -0.285 -0.484 -0.631 -0.819 -1.003 1.989 0.182
4.75 19.95 1.841 1.993 2.132 2.218 2.254 2.208 2.114 2.019 1.854 1.676 1.518 1.330 1.079 0.639 0.346 0.123 -0.070 -0.363 -0.559 -0.702 -0.887 -1.067 1.841 0.064
4.75 25.12 1.681 1.833 1.970 2.055 2.090 2.049 1.959 1.869 1.713 1.542 1.392 1.212 0.969 0.540 0.251 0.032 -0.158 -0.446 -0.640 -0.780 -0.962 -1.136 1.681 -0.063
4.75 31.62 1.512 1.663 1.796 1.881 1.914 1.879 1.794 1.711 1.563 1.400 1.258 1.085 0.850 0.434 0.150 -0.066 -0.254 -0.537 -0.727 -0.864 -1.043 -1.213 1.512 -0.199
4.75 39.81 1.335 1.483 1.612 1.698 1.730 1.701 1.620 1.544 1.404 1.250 1.116 0.951 0.724 0.319 0.040 -0.172 -0.358 -0.636 -0.822 -0.956 -1.131 -1.296 1.335 -0.343
4.75 50.12 1.150 1.295 1.421 1.506 1.537 1.514 1.439 1.369 1.238 1.092 0.966 0.807 0.588 0.196 -0.078 -0.287 -0.469 -0.742 -0.925 -1.055 -1.227 -1.386 1.150 -0.497
4.75 63.10 0.959 1.100 1.222 1.307 1.336 1.320 1.250 1.186 1.064 0.925 0.806 0.654 0.443 0.063 -0.205 -0.411 -0.591 -0.858 -1.038 -1.164 -1.332 -1.486 0.959 -0.661
4.75 79.43 0.762 0.899 1.016 1.102 1.129 1.119 1.053 0.995 0.881 0.749 0.637 0.490 0.286 -0.082 -0.344 -0.546 -0.723 -0.985 -1.161 -1.284 -1.448 -1.596 0.762 -0.837
4.75 100.00 0.560 0.692 0.805 0.890 0.916 0.911 0.849 0.797 0.690 0.562 0.456 0.313 0.116 -0.240 -0.496 -0.694 -0.869 -1.125 -1.297 -1.416 -1.577 -1.719 0.560 -1.027
4.75 125.89 0.352 0.480 0.587 0.673 0.696 0.696 0.637 0.590 0.488 0.363 0.261 0.121 -0.070 -0.413 -0.665 -0.859 -1.031 -1.281 -1.449 -1.565 -1.721 -1.858 0.352 -1.232
4.75 158.49 0.138 0.261 0.364 0.450 0.470 0.474 0.416 0.373 0.274 0.150 0.051 -0.089 -0.275 -0.607 -0.853 -1.043 -1.212 -1.456 -1.621 -1.732 -1.885 -2.016 0.138 -1.457
4.75 199.53 -0.082 0.037 0.135 0.220 0.237 0.244 0.185 0.145 0.046 -0.081 -0.179 -0.321 -0.504 -0.825 -1.065 -1.251 -1.417 -1.656 -1.817 -1.924 -2.073 -2.199 -0.082 -1.706
4.75 251.19 -0.309 -0.195 -0.102 -0.016 -0.004 0.003 -0.057 -0.097 -0.200 -0.333 -0.432 -0.581 -0.763 -1.073 -1.307 -1.490 -1.653 -1.886 -2.042 -2.146 -2.291 -2.411 -0.309 -1.983
4.75 316.23 -0.544 -0.435 -0.347 -0.261 -0.255 -0.249 -0.315 -0.356 -0.466 -0.611 -0.716 -0.876 -1.058 -1.359 -1.587 -1.766 -1.926 -2.153 -2.306 -2.406 -2.547 -2.661 -0.544 -2.298
4.75 398.11 -0.789 -0.685 -0.601 -0.516 -0.516 -0.515 -0.590 -0.636 -0.760 -0.922 -1.037 -1.213 -1.399 -1.693 -1.915 -2.089 -2.247 -2.468 -2.617 -2.713 -2.850 -2.958 -0.789 -2.658
4.75 501.19 -1.045 -0.946 -0.867 -0.782 -0.792 -0.798 -0.886 -0.940 -1.085 -1.275 -1.404 -1.605 -1.797 -2.085 -2.301 -2.472 -2.626 -2.842 -2.986 -3.078 -3.212 -3.314 -1.045 -3.075
4.75 630.96 -1.316 -1.222 -1.148 -1.063 -1.084 -1.103 -1.210 -1.277 -1.452 -1.679 -1.830 -2.064 -2.268 -2.552 -2.762 -2.929 -3.080 -3.290 -3.431 -3.519 -3.648 -3.744 -1.316 -3.564
4.75 794.33 -1.605 -1.516 -1.447 -1.361 -1.397 -1.434 -1.568 -1.654 -1.871 -2.147 -2.329 -2.608 -2.829 -3.113 -3.317 -3.480 -3.628 -3.832 -3.969 -4.053 -4.178 -4.268 -1.605 -4.143
4.75 1000.00 -1.916 -1.832 -1.768 -1.683 -1.736 -1.799 -1.969 -2.080 -2.354 -2.696 -2.920 -3.258 -3.504 -3.791 -3.990 -4.148 -4.294 -4.491 -4.624 -4.704 -4.826 -4.910 -1.916 -4.836
5.00 1.00 2.924 3.019 3.152 3.231 3.295 3.245 3.156 3.055 2.886 2.684 2.476 2.236 1.938 1.435 1.122 0.890 0.691 0.382 0.169 0.005 -0.201 -0.412 2.924 1.037
5.00 1.26 2.901 2.999 3.133 3.212 3.275 3.225 3.135 3.034 2.863 2.662 2.455 2.216 1.920 1.419 1.108 0.876 0.677 0.369 0.157 -0.007 -0.213 -0.423 2.901 1.016
5.00 1.58 2.873 2.974 3.108 3.188 3.250 3.200 3.109 3.008 2.836 2.635 2.429 2.193 1.898 1.400 1.089 0.859 0.660 0.353 0.142 -0.022 -0.227 -0.436 2.873 0.990
5.00 2.00 2.839 2.944 3.079 3.159 3.220 3.169 3.078 2.976 2.803 2.602 2.399 2.164 1.872 1.377 1.067 0.838 0.640 0.334 0.123 -0.039 -0.243 -0.451 2.839 0.960
5.00 2.51 2.798 2.907 3.043 3.124 3.184 3.133 3.040 2.937 2.763 2.562 2.362 2.130 1.840 1.349 1.041 0.812 0.615 0.311 0.101 -0.060 -0.263 -0.470 2.798 0.923
5.00 3.16 2.750 2.863 3.000 3.081 3.140 3.088 2.995 2.891 2.716 2.516 2.318 2.090 1.803 1.316 1.010 0.782 0.586 0.283 0.075 -0.085 -0.287 -0.491 2.750 0.880
5.00 3.98 2.692 2.811 2.948 3.031 3.087 3.035 2.940 2.837 2.661 2.461 2.267 2.042 1.759 1.277 0.974 0.747 0.552 0.251 0.045 -0.114 -0.315 -0.517 2.692 0.829
5.00 5.01 2.624 2.748 2.887 2.970 3.024 2.972 2.876 2.773 2.596 2.398 2.207 1.987 1.709 1.232 0.931 0.706 0.513 0.214 0.009 -0.148 -0.347 -0.547 2.624 0.769
5.00 6.31 2.545 2.675 2.815 2.898 2.950 2.898 2.801 2.698 2.521 2.325 2.139 1.924 1.650 1.181 0.882 0.659 0.467 0.171 -0.032 -0.188 -0.385 -0.582 2.545 0.702
5.00 7.94 2.454 2.589 2.730 2.814 2.863 2.812 2.714 2.612 2.436 2.243 2.062 1.853 1.584 1.122 0.827 0.606 0.415 0.123 -0.079 -0.232 -0.427 -0.621 2.454 0.625
5.00 10.00 2.350 2.491 2.631 2.716 2.762 2.712 2.615 2.514 2.340 2.151 1.976 1.773 1.510 1.057 0.765 0.546 0.357 0.068 -0.131 -0.283 -0.475 -0.666 2.350 0.539
5.00 12.59 2.233 2.378 2.518 2.603 2.647 2.598 2.502 2.404 2.234 2.049 1.881 1.684 1.428 0.984 0.696 0.479 0.292 0.007 -0.190 -0.339 -0.529 -0.716 2.233 0.444
5.00 15.85 2.104 2.251 2.391 2.476 2.517 2.471 2.378 2.282 2.117 1.938 1.777 1.587 1.338 0.904 0.619 0.406 0.221 -0.061 -0.254 -0.400 -0.588 -0.771 2.104 0.340
5.00 19.95 1.962 2.112 2.249 2.335 2.373 2.331 2.240 2.149 1.991 1.818 1.664 1.482 1.240 0.816 0.536 0.326 0.143 -0.134 -0.325 -0.469 -0.653 -0.832 1.962 0.226
5.00 25.12 1.810 1.959 2.094 2.180 2.217 2.179 2.092 2.006 1.855 1.689 1.543 1.368 1.134 0.721 0.446 0.238 0.057 -0.215 -0.403 -0.543 -0.724 -0.898 1.810 0.104
5.00 31.62 1.647 1.795 1.928 2.014 2.048 2.016 1.933 1.853 1.710 1.552 1.413 1.246 1.019 0.618 0.348 0.143 -0.035 -0.302 -0.487 -0.624 -0.802 -0.971 1.647 -0.027
5.00 39.81 1.475 1.622 1.751 1.837 1.870 1.843 1.765 1.691 1.556 1.406 1.275 1.115 0.896 0.507 0.242 0.041 -0.135 -0.398 -0.579 -0.712 -0.887 -1.051 1.475 -0.168
5.00 50.12 1.296 1.440 1.565 1.651 1.682 1.662 1.589 1.520 1.394 1.252 1.129 0.975 0.764 0.387 0.127 -0.071 -0.244 -0.501 -0.679 -0.809 -0.980 -1.139 1.296 -0.318
5.00 63.10 1.109 1.250 1.371 1.457 1.487 1.473 1.404 1.342 1.224 1.088 0.973 0.825 0.622 0.257 0.002 -0.192 -0.362 -0.614 -0.788 -0.915 -1.082 -1.236 1.109 -0.478
5.00 79.43 0.916 1.053 1.170 1.256 1.284 1.276 1.211 1.155 1.045 0.916 0.807 0.665 0.468 0.116 -0.134 -0.324 -0.491 -0.738 -0.908 -1.031 -1.195 -1.343 0.916 -0.651
5.00 100.00 0.718 0.850 0.963 1.048 1.075 1.072 1.011 0.961 0.857 0.732 0.629 0.491 0.301 -0.039 -0.283 -0.469 -0.634 -0.875 -1.042 -1.161 -1.321 -1.464 0.718 -0.837
5.00 125.89 0.513 0.641 0.749 0.835 0.859 0.861 0.803 0.757 0.658 0.537 0.438 0.302 0.119 -0.210 -0.448 -0.631 -0.793 -1.028 -1.191 -1.306 -1.463 -1.600 0.513 -1.039
5.00 158.49 0.302 0.426 0.529 0.615 0.636 0.642 0.585 0.543 0.447 0.326 0.230 0.095 -0.084 -0.401 -0.633 -0.812 -0.971 -1.201 -1.360 -1.471 -1.624 -1.755 0.302 -1.261
5.00 199.53 0.086 0.205 0.303 0.389 0.406 0.414 0.357 0.318 0.222 0.099 0.004 -0.135 -0.310 -0.616 -0.843 -1.018 -1.174 -1.398 -1.553 -1.661 -1.810 -1.935 0.086 -1.506
5.00 251.19 -0.138 -0.024 0.070 0.155 0.168 0.177 0.118 0.079 -0.021 -0.151 -0.247 -0.392 -0.566 -0.862 -1.082 -1.254 -1.407 -1.625 -1.776 -1.880 -2.025 -2.145 -0.138 -1.781
5.00 316.23 -0.370 -0.261 -0.172 -0.086 -0.079 -0.072 -0.137 -0.177 -0.285 -0.426 -0.528 -0.684 -0.858 -1.145 -1.360 -1.527 -1.678 -1.890 -2.037 -2.137 -2.278 -2.392 -0.370 -2.092
5.00 398.11 -0.612 -0.508 -0.424 -0.338 -0.338 -0.335 -0.409 -0.454 -0.575 -0.735 -0.847 -1.018 -1.196 -1.476 -1.685 -1.848 -1.995 -2.202 -2.345 -2.441 -2.578 -2.686 -0.612 -2.450
5.00 501.19 -0.866 -0.766 -0.687 -0.602 -0.610 -0.616 -0.703 -0.756 -0.898 -1.085 -1.211 -1.407 -1.592 -1.866 -2.069 -2.228 -2.373 -2.573 -2.713 -2.804 -2.938 -3.040 -0.866 -2.864
5.00 630.96 -1.134 -1.040 -0.966 -0.880 -0.900 -0.918 -1.024 -1.090 -1.262 -1.486 -1.634 -1.863 -2.060 -2.330 -2.527 -2.683 -2.824 -3.018 -3.154 -3.242 -3.372 -3.468 -1.134 -3.350
5.00 794.33 -1.420 -1.331 -1.262 -1.176 -1.210 -1.247 -1.380 -1.463 -1.678 -1.951 -2.131 -2.405 -2.619 -2.888 -3.079 -3.231 -3.369 -3.558 -3.690 -3.774 -3.899 -3.989 -1.420 -3.926
5.00 1000.00 -1.729 -1.644 -1.580 -1.494 -1.546 -1.609 -1.778 -1.887 -2.158 -2.498 -2.719 -3.053 -3.292 -3.564 -3.749 -3.897 -4.032 -4.215 -4.343 -4.423 -4.544 -4.628 -1.729 -4.616
5.25 1.00 2.969 3.057 3.186 3.264 3.329 3.288 3.207 3.115 2.959 2.770 2.570 2.338 2.051 1.568 1.270 1.050 0.862 0.569 0.363 0.200 -0.005 -0.214 2.969 1.146
5.25 1.26 2.948 3.038 3.168 3.246 3.311 3.269 3.188 3.096 2.939 2.750 2.551 2.321 2.035 1.554 1.257 1.037 0.849 0.557 0.352 0.189 -0.015 -0.223 2.948 1.127
5.25 1.58 2.923 3.016 3.146 3.225 3.289 3.247 3.165 3.072 2.914 2.725 2.527 2.299 2.016 1.536 1.240 1.022 0.834 0.543 0.338 0.176 -0.028 -0.234 2.923 1.104
5.25 2.00 2.893 2.988 3.119 3.199 3.262 3.220 3.137 3.043 2.885 2.695 2.499 2.273 1.992 1.515 1.221 1.003 0.815 0.526 0.321 0.160 -0.043 -0.248 2.893 1.076
5.25 2.51 2.856 2.955 3.087 3.167 3.230 3.187 3.103 3.009 2.849 2.659 2.466 2.242 1.963 1.490 1.197 0.980 0.793 0.505 0.302 0.141 -0.061 -0.265 2.856 1.042
5.25 3.16 2.811 2.916 3.048 3.129 3.190 3.147 3.062 2.967 2.806 2.616 2.425 2.205 1.929 1.460 1.168 0.952 0.767 0.480 0.278 0.119 -0.082 -0.285 2.811 1.003
5.25 3.98 2.759 2.868 3.002 3.084 3.143 3.099 3.013 2.918 2.755 2.566 2.378 2.161 1.889 1.424 1.135 0.920 0.735 0.451 0.250 0.092 -0.108 -0.308 2.759 0.956
5.25 5.01 2.697 2.812 2.947 3.029 3.087 3.043 2.955 2.859 2.695 2.507 2.323 2.110 1.842 1.383 1.096 0.883 0.699 0.416 0.217 0.061 -0.137 -0.336 2.697 0.901
5.25 6.31 2.625 2.746 2.882 2.965 3.020 2.975 2.886 2.790 2.626 2.439 2.260 2.052 1.787 1.335 1.050 0.839 0.657 0.377 0.179 0.024 -0.172 -0.368 2.625 0.838
5.25 7.94 2.541 2.668 2.805 2.889 2.941 2.897 2.807 2.711 2.547 2.362 2.187 1.985 1.726 1.281 0.999 0.789 0.608 0.331 0.136 -0.017 -0.211 -0.404 2.541 0.766
5.25 10.00 2.445 2.578 2.715 2.800 2.849 2.805 2.715 2.620 2.457 2.276 2.106 1.909 1.656 1.219 0.940 0.733 0.554 0.280 0.087 -0.064 -0.256 -0.446 2.445 0.685
5.25 12.59 2.336 2.474 2.611 2.696 2.743 2.700 2.611 2.518 2.357 2.179 2.016 1.825 1.578 1.150 0.875 0.670 0.493 0.223 0.031 -0.117 -0.306 -0.492 2.336 0.594
5.25 15.85 2.214 2.357 2.494 2.579 2.623 2.582 2.493 2.403 2.246 2.074 1.917 1.733 1.492 1.074 0.803 0.600 0.425 0.159 -0.030 -0.175 -0.362 -0.544 2.214 0.495
5.25 19.95 2.081 2.225 2.361 2.447 2.488 2.450 2.364 2.277 2.125 1.959 1.809 1.632 1.398 0.990 0.723 0.524 0.350 0.088 -0.097 -0.240 -0.424 -0.602 2.081 0.387
5.25 25.12 1.935 2.081 2.215 2.301 2.340 2.306 2.223 2.140 1.995 1.834 1.692 1.522 1.296 0.899 0.636 0.440 0.269 0.011 -0.171 -0.311 -0.492 -0.666 1.935 0.269
5.25 31.62 1.779 1.925 2.057 2.143 2.179 2.150 2.070 1.993 1.854 1.701 1.567 1.404 1.186 0.799 0.542 0.349 0.180 -0.073 -0.252 -0.389 -0.567 -0.735 1.779 0.142
5.25 39.81 1.613 1.758 1.887 1.973 2.007 1.983 1.908 1.836 1.706 1.560 1.433 1.277 1.066 0.692 0.439 0.249 0.083 -0.165 -0.341 -0.474 -0.649 -0.812 1.613 0.006
5.25 50.12 1.439 1.582 1.707 1.793 1.826 1.808 1.736 1.671 1.548 1.409 1.290 1.141 0.938 0.575 0.328 0.141 -0.022 -0.265 -0.438 -0.567 -0.739 -0.897 1.439 -0.140
5.25 63.10 1.257 1.397 1.518 1.604 1.636 1.623 1.556 1.496 1.382 1.250 1.137 0.995 0.799 0.449 0.206 0.024 -0.138 -0.375 -0.544 -0.670 -0.838 -0.991 1.257 -0.297
5.25 79.43 1.069 1.205 1.322 1.408 1.438 1.431 1.368 1.314 1.207 1.081 0.975 0.838 0.649 0.310 0.074 -0.106 -0.264 -0.496 -0.661 -0.784 -0.948 -1.096 1.069 -0.466
5.25 100.00 0.874 1.006 1.119 1.205 1.233 1.231 1.172 1.123 1.022 0.901 0.800 0.667 0.485 0.159 -0.073 -0.248 -0.404 -0.630 -0.792 -0.911 -1.071 -1.213 0.874 -0.649
5.25 125.89 0.673 0.801 0.909 0.996 1.021 1.024 0.967 0.923 0.827 0.708 0.612 0.481 0.305 -0.009 -0.235 -0.407 -0.560 -0.780 -0.938 -1.054 -1.210 -1.347 0.673 -0.847
5.25 158.49 0.466 0.590 0.693 0.779 0.801 0.808 0.753 0.712 0.619 0.501 0.408 0.277 0.106 -0.197 -0.417 -0.585 -0.735 -0.950 -1.105 -1.216 -1.369 -1.500 0.466 -1.066
5.25 199.53 0.252 0.371 0.470 0.556 0.575 0.584 0.528 0.490 0.397 0.276 0.184 0.050 -0.118 -0.410 -0.624 -0.788 -0.935 -1.144 -1.295 -1.403 -1.551 -1.677 0.252 -1.308
5.25 251.19 0.032 0.146 0.240 0.326 0.340 0.350 0.291 0.254 0.157 0.030 -0.064 -0.204 -0.370 -0.653 -0.861 -1.021 -1.166 -1.369 -1.515 -1.619 -1.764 -1.884 0.032 -1.580
5.25 316.23 -0.198 -0.088 0.001 0.087 0.095 0.104 0.040 0.001 -0.104 -0.243 -0.342 -0.493 -0.660 -0.933 -1.136 -1.292 -1.434 -1.631 -1.774 -1.874 -2.015 -2.128 -0.198 -1.889
5.25 398.11 -0.437 -0.332 -0.248 -0.161 -0.160 -0.157 -0.229 -0.273 -0.391 -0.549 -0.658 -0.825 -0.996 -1.261 -1.458 -1.610 -1.749 -1.940 -2.079 -2.175 -2.312 -2.420 -0.437 -2.243
5.25 501.19 -0.687 -0.588 -0.508 -0.422 -0.430 -0.434 -0.521 -0.572 -0.712 -0.896 -1.020 -1.211 -1.389 -1.649 -1.839 -1.988 -2.123 -2.309 -2.444 -2.536 -2.669 -2.771 -0.687 -2.655
5.25 630.96 -0.953 -0.858 -0.784 -0.698 -0.717 -0.734 -0.839 -0.903 -1.073 -1.294 -1.440 -1.665 -1.854 -2.111 -2.295 -2.440 -2.572 -2.752 -2.883 -2.971 -3.100 -3.196 -0.953 -3.138
5.25 794.33 -1.236 -1.147 -1.077 -0.991 -1.024 -1.060 -1.192 -1.274 -1.487 -1.757 -1.934 -2.204 -2.410 -2.666 -2.845 -2.986 -3.115 -3.289 -3.416 -3.500 -3.625 -3.715 -1.236 -3.712
5.25 1000.00 -1.543 -1.458 -1.393 -1.307 -1.358 -1.420 -1.587 -1.696 -1.964 -2.302 -2.520 -2.849 -3.081 -3.339 -3.512 -3.649 -3.775 -3.943 -4.066 -4.146 -4.268 -4.352 -1.543 -4.398
5.50 1.00 3.014 3.094 3.219 3.297 3.364 3.330 3.257 3.174 3.033 2.856 2.663 2.440 2.165 1.700 1.416 1.208 1.029 0.753 0.552 0.391 0.188 -0.019 3.014 1.254
5.50 1.26 2.995 3.077 3.203 3.281 3.348 3.313 3.240 3.157 3.015 2.837 2.646 2.424 2.150 1.687 1.404 1.196 1.018 0.742 0.542 0.381 0.179 -0.027 2.995 1.237
5.50 1.58 2.973 3.057 3.183 3.261 3.328 3.293 3.219 3.136 2.992 2.815 2.625 2.405 2.132 1.671 1.389 1.182 1.004 0.729 0.530 0.370 0.168 -0.037 2.973 1.216
5.50 2.00 2.945 3.032 3.159 3.238 3.303 3.269 3.194 3.110 2.965 2.788 2.599 2.381 2.110 1.652 1.371 1.165 0.987 0.714 0.515 0.355 0.154 -0.050 2.945 1.191
5.50 2.51 2.912 3.002 3.130 3.209 3.274 3.239 3.164 3.079 2.933 2.755 2.569 2.353 2.084 1.629 1.350 1.144 0.967 0.695 0.497 0.338 0.138 -0.065 2.912 1.161
5.50 3.16 2.872 2.966 3.095 3.175 3.239 3.204 3.127 3.041 2.894 2.716 2.532 2.319 2.053 1.602 1.324 1.119 0.943 0.672 0.476 0.318 0.118 -0.082 2.872 1.124
5.50 3.98 2.824 2.924 3.053 3.134 3.196 3.161 3.082 2.996 2.847 2.669 2.488 2.279 2.016 1.569 1.293 1.090 0.915 0.645 0.450 0.293 0.095 -0.104 2.824 1.081
5.50 5.01 2.767 2.873 3.003 3.085 3.145 3.109 3.030 2.943 2.792 2.615 2.437 2.232 1.973 1.531 1.257 1.055 0.881 0.614 0.420 0.265 0.068 -0.129 2.767 1.030
5.50 6.31 2.701 2.813 2.944 3.027 3.085 3.049 2.968 2.880 2.728 2.552 2.378 2.177 1.922 1.487 1.215 1.015 0.842 0.577 0.385 0.231 0.036 -0.158 2.701 0.972
5.50 7.94 2.624 2.742 2.875 2.958 3.014 2.977 2.895 2.807 2.655 2.480 2.311 2.115 1.865 1.436 1.167 0.969 0.797 0.535 0.345 0.193 -0.000 -0.192 2.624 0.904
5.50 10.00 2.536 2.660 2.794 2.878 2.931 2.894 2.811 2.723 2.571 2.399 2.234 2.044 1.799 1.378 1.112 0.916 0.746 0.487 0.299 0.149 -0.042 -0.231 2.536 0.828
5.50 12.59 2.435 2.565 2.699 2.784 2.834 2.798 2.715 2.628 2.477 2.308 2.149 1.964 1.726 1.313 1.051 0.857 0.688 0.433 0.247 0.100 -0.089 -0.274 2.435 0.743
5.50 15.85 2.321 2.457 2.591 2.676 2.723 2.688 2.605 2.520 2.372 2.207 2.055 1.877 1.644 1.241 0.982 0.791 0.624 0.373 0.190 0.045 -0.142 -0.323 2.321 0.648
5.50 19.95 2.195 2.335 2.468 2.554 2.598 2.565 2.484 2.401 2.257 2.097 1.951 1.780 1.554 1.161 0.907 0.718 0.553 0.306 0.125 -0.017 -0.200 -0.378 2.195 0.545
5.50 25.12 2.057 2.199 2.331 2.418 2.459 2.429 2.350 2.271 2.132 1.977 1.839 1.675 1.456 1.073 0.823 0.638 0.475 0.232 0.055 -0.085 -0.265 -0.438 2.057 0.432
5.50 31.62 1.908 2.051 2.181 2.268 2.306 2.280 2.204 2.130 1.997 1.849 1.718 1.561 1.350 0.978 0.732 0.550 0.390 0.152 -0.023 -0.159 -0.337 -0.505 1.908 0.309
5.50 39.81 1.749 1.891 2.019 2.105 2.142 2.121 2.048 1.979 1.853 1.712 1.588 1.438 1.234 0.874 0.633 0.454 0.296 0.063 -0.108 -0.241 -0.416 -0.579 1.749 0.177
5.50 50.12 1.580 1.721 1.846 1.932 1.967 1.951 1.882 1.818 1.700 1.566 1.449 1.305 1.109 0.761 0.525 0.349 0.194 -0.034 -0.202 -0.332 -0.503 -0.661 1.580 0.035
5.50 63.10 1.404 1.542 1.663 1.750 1.782 1.772 1.707 1.649 1.538 1.410 1.300 1.163 0.974 0.637 0.407 0.235 0.082 -0.141 -0.305 -0.431 -0.599 -0.752 1.404 -0.118
5.50 79.43 1.220 1.355 1.472 1.559 1.589 1.584 1.523 1.471 1.367 1.244 1.141 1.009 0.827 0.502 0.278 0.108 -0.041 -0.259 -0.420 -0.542 -0.706 -0.854 1.220 -0.283
5.50 100.00 1.029 1.161 1.274 1.360 1.389 1.389 1.331 1.284 1.186 1.068 0.970 0.841 0.666 0.353 0.134 -0.031 -0.178 -0.390 -0.547 -0.666 -0.826 -0.969 1.029 -0.462
5.50 125.89 0.832 0.960 1.068 1.155 1.181 1.185 1.130 1.087 0.994 0.878 0.785 0.659 0.489 0.188 -0.025 -0.187 -0.331 -0.538 -0.691 -0.806 -0.963 -1.099 0.832 -0.658
5.50 158.49 0.628 0.752 0.856 0.942 0.965 0.973 0.919 0.880 0.789 0.674 0.584 0.458 0.293 0.003 -0.205 -0.363 -0.504 -0.705 -0.855 -0.966 -1.119 -1.249 0.628 -0.873
5.50 199.53 0.418 0.537 0.636 0.723 0.742 0.752 0.698 0.661 0.570 0.453 0.363 0.234 0.073 -0.206 -0.409 -0.563 -0.701 -0.896 -1.042 -1.150 -1.299 -1.424 0.418 -1.113
5.50 251.19 0.200 0.315 0.409 0.496 0.510 0.521 0.464 0.428 0.334 0.209 0.118 -0.018 -0.177 -0.446 -0.643 -0.793 -0.929 -1.118 -1.260 -1.364 -1.509 -1.628 0.200 -1.381
5.50 316.23 -0.026 0.084 0.174 0.260 0.269 0.278 0.216 0.178 0.076 -0.061 -0.157 -0.304 -0.464 -0.724 -0.915 -1.061 -1.194 -1.377 -1.516 -1.615 -1.757 -1.870 -0.026 -1.687
5.50 398.11 -0.262 -0.157 -0.072 0.014 0.016 0.021 -0.051 -0.093 -0.209 -0.364 -0.470 -0.634 -0.797 -1.050 -1.235 -1.377 -1.506 -1.684 -1.818 -1.914 -2.052 -2.159 -0.262 -2.038
5.50 501.19 -0.510 -0.410 -0.330 -0.244 -0.251 -0.254 -0.339 -0.389 -0.527 -0.708 -0.829 -1.017 -1.188 -1.434 -1.613 -1.752 -1.878 -2.050 -2.181 -2.273 -2.406 -2.508 -0.510 -2.447
5.50 630.96 -0.773 -0.678 -0.603 -0.516 -0.535 -0.551 -0.655 -0.718 -0.886 -1.104 -1.247 -1.468 -1.650 -1.894 -2.067 -2.201 -2.325 -2.491 -2.617 -2.705 -2.835 -2.930 -0.773 -2.928
5.50 794.33 -1.053 -0.963 -0.893 -0.807 -0.840 -0.874 -1.005 -1.087 -1.296 -1.564 -1.738 -2.004 -2.204 -2.447 -2.614 -2.744 -2.865 -3.025 -3.147 -3.231 -3.357 -3.447 -1.053 -3.498
5.50 1000.00 -1.357 -1.272 -1.207 -1.120 -1.171 -1.231 -1.398 -1.505 -1.771 -2.106 -2.322 -2.647 -2.872 -3.117 -3.278 -3.405 -3.523 -3.677 -3.795 -3.875 -3.997 -4.081 -1.357 -4.182
5.75 1.00 3.059 3.132 3.253 3.329 3.398 3.372 3.307 3.233 3.106 2.941 2.757 2.542 2.277 1.830 1.560 1.363 1.194 0.933 0.738 0.578 0.377 0.173 3.059 1.363
5.75 1.26 3.043 3.117 3.238 3.315 3.384 3.357 3.292 3.218 3.090 2.925 2.741 2.528 2.264 1.819 1.549 1.353 1.184 0.923 0.729 0.570 0.369 0.165 3.043 1.347
5.75 1.58 3.022 3.098 3.220 3.298 3.366 3.339 3.274 3.199 3.070 2.905 2.722 2.510 2.248 1.805 1.536 1.340 1.171 0.912 0.718 0.559 0.359 0.156 3.022 1.329
5.75 2.00 2.997 3.076 3.198 3.276 3.344 3.317 3.251 3.175 3.046 2.880 2.699 2.489 2.228 1.788 1.520 1.325 1.156 0.898 0.705 0.547 0.347 0.145 2.997 1.306
5.75 2.51 2.967 3.048 3.171 3.250 3.317 3.290 3.223 3.147 3.016 2.850 2.671 2.463 2.204 1.767 1.500 1.306 1.138 0.881 0.689 0.531 0.332 0.132 2.967 1.278
5.75 3.16 2.930 3.016 3.140 3.219 3.285 3.258 3.190 3.113 2.980 2.814 2.637 2.432 2.176 1.742 1.477 1.283 1.116 0.860 0.669 0.513 0.314 0.115 2.930 1.245
5.75 3.98 2.887 2.977 3.102 3.182 3.247 3.219 3.150 3.072 2.938 2.772 2.597 2.395 2.142 1.712 1.449 1.256 1.090 0.836 0.646 0.490 0.293 0.096 2.887 1.205
5.75 5.01 2.835 2.931 3.057 3.138 3.201 3.173 3.102 3.024 2.887 2.722 2.550 2.352 2.102 1.677 1.416 1.224 1.059 0.807 0.618 0.464 0.269 0.073 2.835 1.158
5.75 6.31 2.775 2.876 3.003 3.085 3.147 3.118 3.046 2.967 2.829 2.663 2.495 2.301 2.055 1.636 1.377 1.187 1.023 0.773 0.586 0.434 0.239 0.046 2.775 1.104
5.75 7.94 2.704 2.812 2.941 3.024 3.083 3.054 2.980 2.900 2.761 2.596 2.432 2.243 2.002 1.589 1.332 1.144 0.982 0.734 0.549 0.398 0.206 0.015 2.704 1.041
5.75 10.00 2.623 2.738 2.867 2.951 3.007 2.978 2.903 2.823 2.683 2.520 2.361 2.176 1.940 1.535 1.281 1.095 0.934 0.690 0.506 0.357 0.167 -0.020 2.623 0.970
5.75 12.59 2.530 2.651 2.782 2.866 2.920 2.890 2.814 2.734 2.595 2.434 2.280 2.101 1.871 1.473 1.223 1.040 0.880 0.639 0.458 0.311 0.123 -0.061 2.530 0.889
5.75 15.85 2.424 2.552 2.683 2.768 2.818 2.790 2.713 2.634 2.496 2.338 2.190 2.018 1.794 1.405 1.158 0.977 0.820 0.582 0.403 0.259 0.073 -0.107 2.424 0.799
5.75 19.95 2.306 2.439 2.570 2.656 2.702 2.675 2.599 2.522 2.387 2.233 2.092 1.926 1.708 1.329 1.086 0.908 0.752 0.519 0.343 0.201 0.018 -0.158 2.306 0.700
5.75 25.12 2.176 2.313 2.443 2.529 2.573 2.548 2.473 2.399 2.267 2.119 1.984 1.825 1.614 1.245 1.007 0.831 0.678 0.448 0.275 0.136 -0.044 -0.216 2.176 0.592
5.75 31.62 2.034 2.173 2.302 2.388 2.429 2.407 2.335 2.264 2.138 1.995 1.867 1.715 1.511 1.153 0.920 0.747 0.596 0.371 0.201 0.065 -0.112 -0.280 2.034 0.474
5.75 39.81 1.882 2.021 2.148 2.234 2.273 2.255 2.185 2.119 1.999 1.862 1.742 1.596 1.400 1.053 0.824 0.654 0.505 0.286 0.119 -0.014 -0.188 -0.351 1.882 0.346
5.75 50.12 1.719 1.858 1.982 2.068 2.105 2.091 2.025 1.964 1.850 1.720 1.607 1.467 1.279 0.943 0.719 0.553 0.407 0.192 0.028 -0.101 -0.272 -0.430 1.719 0.208
5.75 63.10 1.548 1.685 1.806 1.892 1.926 1.918 1.855 1.800 1.693 1.568 1.462 1.328 1.147 0.823 0.604 0.442 0.298 0.088 -0.072 -0.198 -0.365 -0.518 1.548 0.059
5.75 79.43 1.369 1.504 1.620 1.707 1.739 1.735 1.676 1.626 1.525 1.406 1.306 1.178 1.003 0.691 0.478 0.319 0.177 -0.027 -0.184 -0.306 -0.470 -0.617 1.369 -0.103
5.75 100.00 1.183 1.314 1.427 1.513 1.543 1.544 1.488 1.443 1.348 1.233 1.138 1.014 0.845 0.546 0.338 0.182 0.044 -0.155 -0.308 -0.427 -0.587 -0.729 1.183 -0.278
5.75 125.89 0.990 1.117 1.226 1.312 1.339 1.345 1.291 1.250 1.160 1.047 0.957 0.834 0.672 0.383 0.181 0.029 -0.107 -0.300 -0.449 -0.564 -0.721 -0.857 0.990 -0.470
5.75 158.49 0.790 0.913 1.017 1.104 1.128 1.137 1.084 1.047 0.959 0.846 0.759 0.636 0.478 0.201 0.004 -0.144 -0.277 -0.464 -0.610 -0.721 -0.874 -1.004 0.790 -0.682
5.75 199.53 0.583 0.702 0.801 0.888 0.908 0.919 0.866 0.831 0.743 0.628 0.541 0.415 0.261 -0.006 -0.197 -0.341 -0.471 -0.653 -0.795 -0.902 -1.051 -1.176 0.583 -0.919
5.75 251.19 0.368 0.483 0.577 0.664 0.680 0.692 0.636 0.601 0.509 0.387 0.298 0.166 0.013 -0.243 -0.428 -0.569 -0.696 -0.872 -1.010 -1.114 -1.259 -1.378 0.368 -1.184
5.75 316.23 0.145 0.255 0.345 0.432 0.441 0.452 0.390 0.354 0.254 0.120 0.026 -0.117 -0.271 -0.518 -0.698 -0.834 -0.959 -1.129 -1.263 -1.363 -1.504 -1.617 0.145 -1.487
5.75 398.11 -0.088 0.017 0.102 0.189 0.192 0.197 0.127 0.086 -0.028 -0.180 -0.284 -0.444 -0.601 -0.841 -1.014 -1.147 -1.268 -1.433 -1.563 -1.659 -1.796 -1.904 -0.088 -1.835
5.75 501.19 -0.333 -0.233 -0.153 -0.066 -0.072 -0.075 -0.159 -0.208 -0.343 -0.522 -0.641 -0.824 -0.989 -1.223 -1.391 -1.519 -1.638 -1.797 -1.923 -2.015 -2.148 -2.249 -0.333 -2.241
5.75 630.96 -0.593 -0.498 -0.423 -0.336 -0.353 -0.369 -0.472 -0.534 -0.699 -0.915 -1.056 -1.273 -1.449 -1.680 -1.841 -1.966 -2.082 -2.235 -2.357 -2.445 -2.574 -2.670 -0.593 -2.719
5.75 794.33 -0.871 -0.781 -0.711 -0.624 -0.656 -0.689 -0.819 -0.900 -1.107 -1.373 -1.544 -1.806 -2.000 -2.230 -2.386 -2.507 -2.619 -2.766 -2.884 -2.968 -3.094 -3.184 -0.871 -3.287
5.75 1000.00 -1.172 -1.086 -1.021 -0.934 -0.984 -1.044 -1.209 -1.316 -1.580 -1.912 -2.125 -2.447 -2.665 -2.898 -3.048 -3.165 -3.274 -3.415 -3.530 -3.610 -3.731 -3.815 -1.172 -3.968
6.00 1.00 3.105 3.170 3.287 3.363 3.433 3.414 3.358 3.293 3.180 3.027 2.850 2.644 2.389 1.960 1.703 1.516 1.356 1.109 0.921 0.762 0.562 0.360 3.105 1.471
6.00 1.26 3.090 3.156 3.273 3.350 3.419 3.401 3.344 3.279 3.165 3.012 2.836 2.631 2.377 1.950 1.693 1.507 1.347 1.101 0.913 0.754 0.555 0.354 3.090 1.457
6.00 1.58 3.071 3.139 3.257 3.334 3.403 3.384 3.327 3.261 3.147 2.994 2.819 2.615 2.363 1.937 1.681 1.496 1.336 1.091 0.903 0.745 0.546 0.346 3.071 1.440
6.00 2.00 3.049 3.119 3.237 3.314 3.383 3.365 3.307 3.240 3.125 2.972 2.798 2.596 2.345 1.921 1.667 1.482 1.322 1.078 0.891 0.734 0.535 0.336 3.049 1.419
6.00 2.51 3.021 3.094 3.213 3.290 3.359 3.340 3.282 3.215 3.098 2.945 2.772 2.572 2.323 1.903 1.649 1.465 1.306 1.063 0.876 0.720 0.522 0.324 3.021 1.394
6.00 3.16 2.988 3.064 3.184 3.262 3.330 3.311 3.252 3.184 3.066 2.912 2.742 2.544 2.298 1.880 1.627 1.444 1.286 1.044 0.858 0.703 0.506 0.309 2.988 1.364
6.00 3.98 2.948 3.029 3.149 3.228 3.295 3.276 3.215 3.147 3.027 2.873 2.705 2.510 2.266 1.853 1.602 1.420 1.262 1.022 0.837 0.683 0.487 0.292 2.948 1.328
6.00 5.01 2.901 2.987 3.108 3.188 3.254 3.234 3.172 3.103 2.981 2.827 2.662 2.470 2.230 1.820 1.571 1.390 1.234 0.996 0.812 0.659 0.465 0.271 2.901 1.285
6.00 6.31 2.846 2.937 3.059 3.141 3.205 3.185 3.121 3.051 2.927 2.773 2.611 2.423 2.187 1.783 1.536 1.356 1.201 0.965 0.783 0.631 0.438 0.246 2.846 1.234
6.00 7.94 2.781 2.879 3.003 3.085 3.147 3.126 3.061 2.990 2.864 2.710 2.552 2.369 2.137 1.739 1.494 1.316 1.162 0.929 0.748 0.598 0.407 0.218 2.781 1.176
6.00 10.00 2.707 2.811 2.936 3.019 3.079 3.058 2.991 2.919 2.792 2.639 2.485 2.307 2.079 1.688 1.447 1.271 1.118 0.887 0.709 0.560 0.371 0.185 2.707 1.109
6.00 12.59 2.621 2.732 2.859 2.943 3.000 2.978 2.910 2.837 2.709 2.558 2.409 2.236 2.014 1.631 1.392 1.218 1.067 0.840 0.663 0.517 0.330 0.147 2.621 1.033
6.00 15.85 2.523 2.642 2.769 2.854 2.907 2.886 2.816 2.744 2.617 2.467 2.324 2.157 1.941 1.566 1.331 1.160 1.010 0.786 0.612 0.468 0.283 0.104 2.523 0.948
6.00 19.95 2.413 2.538 2.666 2.751 2.801 2.781 2.711 2.640 2.513 2.367 2.230 2.070 1.860 1.494 1.263 1.094 0.946 0.726 0.555 0.414 0.231 0.055 2.413 0.854
6.00 25.12 2.291 2.421 2.548 2.634 2.681 2.662 2.592 2.524 2.400 2.258 2.127 1.973 1.770 1.414 1.187 1.021 0.875 0.659 0.491 0.352 0.172 0.001 2.291 0.750
6.00 31.62 2.157 2.290 2.417 2.503 2.547 2.530 2.462 2.396 2.276 2.139 2.015 1.867 1.671 1.326 1.103 0.940 0.797 0.585 0.419 0.284 0.107 -0.060 2.157 0.637
6.00 39.81 2.012 2.147 2.272 2.358 2.399 2.385 2.319 2.257 2.142 2.010 1.893 1.752 1.563 1.229 1.011 0.851 0.710 0.503 0.340 0.208 0.034 -0.128 2.012 0.513
6.00 50.12 1.856 1.991 2.114 2.201 2.239 2.229 2.166 2.108 1.999 1.872 1.762 1.628 1.445 1.123 0.910 0.753 0.614 0.412 0.253 0.124 -0.046 -0.204 1.856 0.379
6.00 63.10 1.690 1.825 1.945 2.032 2.067 2.061 2.001 1.948 1.845 1.725 1.621 1.492 1.317 1.006 0.798 0.645 0.509 0.312 0.156 0.030 -0.137 -0.289 1.690 0.234
6.00 79.43 1.516 1.649 1.766 1.853 1.886 1.885 1.828 1.779 1.682 1.567 1.469 1.345 1.177 0.877 0.675 0.525 0.391 0.200 0.047 -0.075 -0.238 -0.385 1.516 0.076
6.00 100.00 1.335 1.465 1.578 1.665 1.695 1.698 1.644 1.600 1.509 1.397 1.305 1.184 1.023 0.735 0.538 0.391 0.261 0.074 -0.075 -0.193 -0.353 -0.495 1.335 -0.096
6.00 125.89 1.146 1.273 1.381 1.468 1.496 1.503 1.451 1.411 1.324 1.214 1.127 1.008 0.852 0.576 0.384 0.241 0.113 -0.068 -0.213 -0.328 -0.484 -0.620 1.146 -0.285
6.00 158.49 0.950 1.073 1.177 1.264 1.289 1.299 1.248 1.212 1.126 1.017 0.932 0.813 0.661 0.396 0.210 0.071 -0.054 -0.229 -0.370 -0.482 -0.634 -0.765 0.950 -0.493
6.00 199.53 0.746 0.865 0.965 1.052 1.073 1.085 1.033 0.999 0.914 0.801 0.717 0.595 0.447 0.192 0.012 -0.123 -0.245 -0.415 -0.553 -0.660 -0.809 -0.934 0.746 -0.726
6.00 251.19 0.535 0.650 0.745 0.832 0.848 0.861 0.806 0.772 0.683 0.564 0.477 0.349 0.202 -0.042 -0.217 -0.348 -0.468 -0.632 -0.765 -0.869 -1.014 -1.133 0.535 -0.989
6.00 316.23 0.315 0.425 0.515 0.602 0.613 0.624 0.564 0.528 0.431 0.299 0.208 0.069 -0.079 -0.315 -0.484 -0.611 -0.728 -0.886 -1.016 -1.115 -1.256 -1.370 0.315 -1.289
6.00 398.11 0.085 0.190 0.276 0.363 0.366 0.373 0.303 0.263 0.152 0.002 -0.100 -0.255 -0.406 -0.635 -0.798 -0.921 -1.035 -1.187 -1.313 -1.409 -1.546 -1.654 0.085 -1.634
6.00 501.19 -0.157 -0.057 0.024 0.111 0.105 0.103 0.020 -0.028 -0.161 -0.337 -0.453 -0.633 -0.792 -1.014 -1.171 -1.291 -1.402 -1.548 -1.670 -1.762 -1.895 -1.997 -0.157 -2.037
6.00 630.96 -0.414 -0.319 -0.243 -0.156 -0.173 -0.188 -0.290 -0.351 -0.514 -0.727 -0.866 -1.079 -1.249 -1.468 -1.619 -1.735 -1.843 -1.983 -2.101 -2.189 -2.319 -2.414 -0.414 -2.512
6.00 794.33 -0.690 -0.599 -0.529 -0.442 -0.473 -0.506 -0.635 -0.714 -0.919 -1.183 -1.352 -1.610 -1.797 -2.016 -2.161 -2.273 -2.378 -2.512 -2.627 -2.711 -2.836 -2.926 -0.690 -3.077
6.00 1000.00 -0.988 -0.902 -0.836 -0.749 -0.798 -0.857 -1.022 -1.127 -1.389 -1.719 -1.930 -2.248 -2.460 -2.682 -2.821 -2.929 -3.031 -3.159 -3.269 -3.349 -3.471 -3.555 -0.988 -3.756
6.25 1.00 3.151 3.208 3.321 3.397 3.468 3.457 3.409 3.352 3.254 3.113 2.944 2.745 2.501 2.088 1.844 1.667 1.515 1.283 1.099 0.942 0.744 0.545 3.151 1.579
6.25 1.26 3.138 3.196 3.309 3.385 3.456 3.445 3.396 3.339 3.241 3.100 2.931 2.734 2.490 2.079 1.835 1.659 1.507 1.275 1.092 0.936 0.738 0.539 3.138 1.567
6.25 1.58 3.121 3.181 3.294 3.370 3.441 3.430 3.381 3.324 3.224 3.083 2.915 2.720 2.477 2.068 1.824 1.649 1.497 1.266 1.083 0.927 0.730 0.532 3.121 1.552
6.25 2.00 3.100 3.162 3.276 3.352 3.423 3.412 3.362 3.305 3.204 3.063 2.896 2.702 2.461 2.054 1.811 1.636 1.485 1.254 1.073 0.917 0.720 0.523 3.100 1.533
6.25 2.51 3.075 3.139 3.253 3.330 3.401 3.390 3.340 3.282 3.180 3.038 2.873 2.681 2.442 2.037 1.795 1.621 1.470 1.241 1.059 0.904 0.708 0.512 3.075 1.510
6.25 3.16 3.045 3.112 3.227 3.305 3.374 3.363 3.312 3.254 3.150 3.009 2.845 2.655 2.418 2.016 1.776 1.602 1.452 1.224 1.043 0.889 0.694 0.499 3.045 1.482
6.25 3.98 3.008 3.079 3.195 3.274 3.342 3.331 3.279 3.220 3.115 2.973 2.812 2.624 2.390 1.991 1.752 1.580 1.431 1.204 1.024 0.871 0.677 0.483 3.008 1.449
6.25 5.01 2.965 3.041 3.157 3.237 3.305 3.293 3.240 3.180 3.073 2.930 2.772 2.587 2.356 1.962 1.724 1.553 1.405 1.180 1.001 0.849 0.656 0.464 2.965 1.409
6.25 6.31 2.915 2.995 3.113 3.194 3.260 3.248 3.194 3.132 3.023 2.881 2.725 2.544 2.316 1.927 1.692 1.522 1.374 1.151 0.974 0.824 0.632 0.442 2.915 1.363
6.25 7.94 2.856 2.942 3.061 3.143 3.208 3.195 3.139 3.077 2.965 2.823 2.671 2.494 2.270 1.886 1.653 1.485 1.339 1.118 0.943 0.794 0.603 0.416 2.856 1.309
6.25 10.00 2.787 2.881 3.001 3.084 3.146 3.133 3.075 3.012 2.898 2.756 2.608 2.436 2.216 1.839 1.609 1.442 1.298 1.080 0.906 0.759 0.570 0.385 2.787 1.246
6.25 12.59 2.708 2.809 2.931 3.014 3.074 3.061 3.001 2.937 2.822 2.680 2.537 2.370 2.155 1.786 1.558 1.394 1.250 1.035 0.864 0.718 0.532 0.350 2.708 1.175
6.25 15.85 2.618 2.726 2.849 2.934 2.991 2.977 2.915 2.851 2.735 2.594 2.456 2.295 2.086 1.725 1.501 1.338 1.197 0.985 0.816 0.673 0.488 0.310 2.618 1.095
6.25 19.95 2.516 2.632 2.755 2.841 2.894 2.880 2.818 2.753 2.638 2.499 2.367 2.211 2.009 1.656 1.436 1.276 1.136 0.928 0.761 0.621 0.439 0.264 2.516 1.005
6.25 25.12 2.402 2.524 2.648 2.734 2.784 2.771 2.708 2.644 2.530 2.395 2.268 2.119 1.923 1.580 1.364 1.206 1.069 0.865 0.700 0.563 0.383 0.213 2.402 0.906
6.25 31.62 2.276 2.402 2.526 2.613 2.659 2.647 2.585 2.524 2.412 2.280 2.160 2.018 1.828 1.495 1.283 1.129 0.993 0.794 0.632 0.498 0.321 0.155 2.276 0.797
6.25 39.81 2.138 2.268 2.391 2.477 2.521 2.511 2.450 2.391 2.283 2.157 2.043 1.907 1.724 1.402 1.195 1.043 0.910 0.715 0.557 0.425 0.251 0.090 2.138 0.678
6.25 50.12 1.989 2.121 2.242 2.329 2.369 2.362 2.303 2.248 2.145 2.023 1.916 1.786 1.610 1.299 1.097 0.949 0.818 0.628 0.472 0.344 0.174 0.017 1.989 0.548
6.25 63.10 1.830 1.962 2.081 2.168 2.205 2.202 2.145 2.094 1.996 1.879 1.779 1.654 1.485 1.186 0.988 0.844 0.715 0.530 0.378 0.253 0.086 -0.066 1.830 0.407
6.25 79.43 1.661 1.793 1.908 1.995 2.030 2.031 1.976 1.930 1.837 1.725 1.631 1.510 1.348 1.061 0.868 0.727 0.601 0.421 0.273 0.151 -0.013 -0.159 1.661 0.253
6.25 100.00 1.485 1.614 1.726 1.813 1.845 1.850 1.798 1.756 1.668 1.559 1.470 1.353 1.197 0.921 0.734 0.596 0.473 0.299 0.154 0.035 -0.124 -0.266 1.485 0.084
6.25 125.89 1.300 1.427 1.535 1.622 1.651 1.660 1.609 1.571 1.487 1.380 1.295 1.180 1.030 0.765 0.583 0.449 0.329 0.160 0.019 -0.096 -0.252 -0.388 1.300 -0.101
6.25 158.49 1.108 1.231 1.335 1.422 1.448 1.460 1.410 1.375 1.292 1.186 1.103 0.988 0.842 0.589 0.413 0.282 0.165 0.001 -0.137 -0.248 -0.400 -0.530 1.108 -0.306
6.25 199.53 0.909 1.028 1.127 1.214 1.236 1.250 1.199 1.166 1.083 0.973 0.891 0.773 0.631 0.388 0.217 0.090 -0.024 -0.182 -0.316 -0.423 -0.572 -0.697 0.909 -0.536
6.25 251.19 0.701 0.816 0.910 0.998 1.015 1.029 0.975 0.943 0.856 0.739 0.655 0.530 0.389 0.156 -0.009 -0.132 -0.244 -0.396 -0.526 -0.629 -0.774 -0.893 0.701 -0.796
6.25 316.23 0.484 0.594 0.685 0.772 0.783 0.795 0.736 0.702 0.606 0.477 0.388 0.252 0.111 -0.114 -0.273 -0.392 -0.501 -0.647 -0.773 -0.873 -1.014 -1.127 0.484 -1.092
6.25 398.11 0.257 0.363 0.448 0.535 0.539 0.547 0.479 0.440 0.330 0.183 0.083 -0.069 -0.214 -0.431 -0.584 -0.700 -0.806 -0.946 -1.068 -1.164 -1.301 -1.409 0.257 -1.435
6.25 501.19 0.018 0.118 0.199 0.286 0.281 0.281 0.199 0.152 0.021 -0.153 -0.268 -0.444 -0.597 -0.808 -0.955 -1.067 -1.170 -1.305 -1.423 -1.515 -1.648 -1.749 0.018 -1.835
6.25 630.96 -0.237 -0.141 -0.065 0.022 0.006 -0.007 -0.109 -0.169 -0.330 -0.541 -0.677 -0.887 -1.051 -1.259 -1.401 -1.508 -1.608 -1.737 -1.852 -1.940 -2.069 -2.164 -0.237 -2.307
6.25 794.33 -0.509 -0.418 -0.347 -0.260 -0.291 -0.323 -0.451 -0.529 -0.732 -0.994 -1.161 -1.415 -1.597 -1.805 -1.940 -2.043 -2.141 -2.264 -2.374 -2.458 -2.583 -2.673 -0.509 -2.869
6.25 1000.00 -0.805 -0.719 -0.653 -0.565 -0.614 -0.672 -0.835 -0.940 -1.200 -1.527 -1.736 -2.051 -2.257 -2.468 -2.597 -2.697 -2.791 -2.908 -3.014 -3.094 -3.216 -3.300 -0.805 -3.545
6.50 1.00 3.199 3.248 3.357 3.431 3.504 3.500 3.460 3.412 3.328 3.200 3.037 2.847 2.612 2.216 1.983 1.816 1.672 1.453 1.274 1.119 0.922 0.725 3.199 1.688
6.50 1.26 3.186 3.237 3.346 3.420 3.493 3.489 3.448 3.400 3.316 3.187 3.026 2.837 2.603 2.208 1.975 1.808 1.665 1.446 1.268 1.113 0.917 0.720 3.186 1.676
6.50 1.58 3.171 3.223 3.332 3.407 3.479 3.475 3.435 3.386 3.301 3.173 3.012 2.824 2.591 2.197 1.965 1.799 1.656 1.438 1.260 1.106 0.909 0.714 3.171 1.663
6.50 2.00 3.152 3.205 3.315 3.390 3.462 3.459 3.418 3.369 3.283 3.154 2.995 2.808 2.576 2.185 1.953 1.788 1.645 1.427 1.250 1.096 0.901 0.706 3.152 1.646
6.50 2.51 3.129 3.185 3.294 3.371 3.442 3.439 3.397 3.348 3.261 3.132 2.974 2.789 2.559 2.170 1.939 1.774 1.631 1.415 1.239 1.085 0.890 0.696 3.129 1.625
6.50 3.16 3.101 3.159 3.270 3.347 3.418 3.414 3.372 3.323 3.234 3.105 2.948 2.765 2.537 2.151 1.921 1.757 1.615 1.400 1.224 1.072 0.877 0.684 3.101 1.600
6.50 3.98 3.068 3.130 3.241 3.318 3.389 3.385 3.342 3.292 3.202 3.072 2.918 2.737 2.511 2.128 1.900 1.737 1.596 1.382 1.207 1.055 0.862 0.670 3.068 1.569
6.50 5.01 3.029 3.094 3.206 3.284 3.354 3.351 3.306 3.255 3.164 3.033 2.881 2.703 2.480 2.101 1.875 1.713 1.572 1.360 1.186 1.035 0.843 0.653 3.029 1.533
6.50 6.31 2.982 3.052 3.165 3.245 3.313 3.310 3.264 3.212 3.118 2.987 2.838 2.664 2.444 2.069 1.845 1.684 1.544 1.334 1.161 1.012 0.821 0.633 2.982 1.490
6.50 7.94 2.928 3.004 3.118 3.198 3.266 3.262 3.214 3.161 3.065 2.933 2.787 2.617 2.401 2.032 1.809 1.650 1.511 1.303 1.132 0.984 0.795 0.609 2.928 1.440
6.50 10.00 2.865 2.947 3.063 3.144 3.210 3.205 3.156 3.101 3.003 2.871 2.729 2.563 2.351 1.988 1.768 1.610 1.473 1.267 1.098 0.952 0.764 0.581 2.865 1.382
6.50 12.59 2.792 2.882 2.999 3.081 3.144 3.139 3.088 3.032 2.931 2.800 2.662 2.501 2.294 1.938 1.721 1.565 1.429 1.226 1.059 0.914 0.729 0.548 2.792 1.315
6.50 15.85 2.709 2.806 2.925 3.008 3.069 3.063 3.010 2.953 2.850 2.720 2.586 2.430 2.229 1.880 1.667 1.513 1.379 1.179 1.014 0.872 0.688 0.511 2.709 1.239
6.50 19.95 2.615 2.720 2.839 2.924 2.981 2.975 2.920 2.863 2.759 2.629 2.502 2.351 2.155 1.816 1.605 1.454 1.322 1.126 0.963 0.823 0.642 0.468 2.615 1.154
6.50 25.12 2.509 2.621 2.741 2.827 2.880 2.874 2.818 2.761 2.657 2.530 2.408 2.263 2.074 1.743 1.537 1.388 1.258 1.065 0.905 0.768 0.589 0.419 2.509 1.060
6.50 31.62 2.391 2.509 2.630 2.716 2.766 2.760 2.703 2.648 2.545 2.420 2.304 2.166 1.983 1.662 1.460 1.314 1.186 0.998 0.840 0.706 0.530 0.364 2.391 0.955
6.50 39.81 2.260 2.384 2.504 2.591 2.637 2.632 2.576 2.523 2.422 2.301 2.191 2.059 1.883 1.573 1.375 1.232 1.106 0.922 0.768 0.636 0.463 0.302 2.260 0.841
6.50 50.12 2.119 2.245 2.365 2.452 2.494 2.492 2.436 2.386 2.288 2.172 2.068 1.942 1.772 1.473 1.280 1.140 1.017 0.838 0.686 0.558 0.388 0.232 2.119 0.715
6.50 63.10 1.966 2.095 2.212 2.299 2.338 2.339 2.285 2.238 2.145 2.032 1.935 1.814 1.651 1.363 1.175 1.039 0.917 0.743 0.595 0.470 0.304 0.152 1.966 0.578
6.50 79.43 1.804 1.933 2.047 2.134 2.171 2.175 2.123 2.079 1.990 1.882 1.790 1.674 1.518 1.241 1.058 0.925 0.806 0.637 0.493 0.371 0.208 0.062 1.804 0.428
6.50 100.00 1.633 1.760 1.872 1.959 1.992 2.000 1.949 1.910 1.825 1.720 1.633 1.520 1.370 1.105 0.927 0.798 0.681 0.518 0.377 0.259 0.099 -0.042 1.633 0.263
6.50 125.89 1.453 1.578 1.686 1.773 1.804 1.814 1.765 1.729 1.648 1.544 1.462 1.350 1.206 0.952 0.779 0.653 0.540 0.382 0.244 0.130 -0.026 -0.162 1.453 0.081
6.50 158.49 1.266 1.388 1.491 1.579 1.605 1.619 1.570 1.537 1.457 1.353 1.273 1.161 1.021 0.778 0.612 0.489 0.379 0.226 0.092 -0.019 -0.171 -0.301 1.266 -0.121
6.50 199.53 1.070 1.188 1.288 1.375 1.398 1.413 1.363 1.332 1.251 1.144 1.064 0.950 0.813 0.580 0.419 0.300 0.192 0.045 -0.085 -0.192 -0.340 -0.465 1.070 -0.348
6.50 251.19 0.866 0.980 1.075 1.162 1.180 1.195 1.143 1.112 1.027 0.912 0.831 0.709 0.574 0.351 0.196 0.081 -0.024 -0.166 -0.292 -0.395 -0.540 -0.659 0.866 -0.604
6.50 316.23 0.652 0.762 0.853 0.940 0.952 0.965 0.907 0.874 0.781 0.654 0.567 0.434 0.298 0.084 -0.066 -0.177 -0.279 -0.414 -0.537 -0.636 -0.777 -0.890 0.652 -0.898
6.50 398.11 0.428 0.534 0.619 0.707 0.712 0.720 0.653 0.615 0.507 0.362 0.265 0.116 -0.024 -0.231 -0.374 -0.482 -0.581 -0.711 -0.829 -0.925 -1.062 -1.169 0.428 -1.237
6.50 501.19 0.192 0.293 0.373 0.461 0.457 0.457 0.376 0.330 0.201 0.029 -0.083 -0.257 -0.404 -0.605 -0.743 -0.846 -0.942 -1.066 -1.181 -1.273 -1.406 -1.507 0.192 -1.634
6.50 630.96 -0.060 0.036 0.112 0.200 0.184 0.172 0.071 0.012 -0.147 -0.356 -0.490 -0.697 -0.856 -1.053 -1.186 -1.285 -1.378 -1.496 -1.607 -1.695 -1.824 -1.920 -0.060 -2.103
6.50 794.33 -0.329 -0.238 -0.167 -0.080 -0.110 -0.141 -0.268 -0.345 -0.547 -0.806 -0.971 -1.222 -1.399 -1.596 -1.722 -1.818 -1.908 -2.020 -2.127 -2.211 -2.336 -2.426 -0.329 -2.663
6.50 1000.00 -0.622 -0.536 -0.470 -0.382 -0.430 -0.487 -0.650 -0.753 -1.011 -1.337 -1.544 -1.855 -2.056 -2.256 -2.377 -2.468 -2.556 -2.662 -2.765 -2.845 -2.966 -3.050 -0.622 -3.336
6.75 1.00 3.247 3.289 3.394 3.467 3.541 3.544 3.511 3.472 3.403 3.286 3.131 2.949 2.723 2.343 2.120 1.963 1.826 1.619 1.446 1.292 1.097 0.903 3.247 1.796
6.75 1.26 3.235 3.278 3.383 3.457 3.530 3.534 3.501 3.462 3.392 3.275 3.121 2.939 2.715 2.335 2.113 1.956 1.820 1.613 1.440 1.287 1.092 0.898 3.235 1.786
6.75 1.58 3.221 3.265 3.371 3.445 3.518 3.521 3.489 3.449 3.378 3.262 3.108 2.928 2.704 2.326 2.105 1.948 1.812 1.606 1.433 1.280 1.086 0.892 3.221 1.773
6.75 2.00 3.204 3.250 3.355 3.430 3.503 3.506 3.473 3.433 3.362 3.245 3.093 2.914 2.691 2.315 2.094 1.937 1.802 1.597 1.425 1.272 1.078 0.885 3.204 1.758
6.75 2.51 3.183 3.230 3.336 3.411 3.484 3.488 3.454 3.414 3.342 3.225 3.074 2.896 2.675 2.301 2.081 1.925 1.790 1.585 1.414 1.262 1.068 0.877 3.183 1.739
6.75 3.16 3.158 3.207 3.313 3.389 3.461 3.466 3.432 3.391 3.318 3.200 3.051 2.875 2.655 2.284 2.065 1.910 1.775 1.572 1.401 1.250 1.057 0.866 3.158 1.716
6.75 3.98 3.127 3.180 3.286 3.363 3.435 3.439 3.404 3.363 3.288 3.171 3.023 2.849 2.632 2.263 2.046 1.891 1.757 1.555 1.385 1.235 1.043 0.853 3.127 1.689
6.75 5.01 3.091 3.147 3.254 3.331 3.403 3.407 3.372 3.330 3.253 3.135 2.989 2.818 2.604 2.239 2.023 1.869 1.736 1.535 1.366 1.217 1.026 0.838 3.091 1.656
6.75 6.31 3.048 3.108 3.216 3.294 3.365 3.370 3.333 3.290 3.211 3.093 2.950 2.782 2.570 2.209 1.995 1.843 1.710 1.512 1.344 1.195 1.006 0.819 3.048 1.616
6.75 7.94 2.998 3.063 3.172 3.251 3.321 3.325 3.287 3.243 3.162 3.043 2.903 2.738 2.530 2.175 1.963 1.812 1.680 1.484 1.317 1.170 0.982 0.797 2.998 1.570
6.75 10.00 2.940 3.011 3.121 3.202 3.270 3.274 3.234 3.189 3.105 2.985 2.848 2.688 2.484 2.134 1.924 1.775 1.645 1.451 1.286 1.140 0.954 0.772 2.940 1.516
6.75 12.59 2.873 2.951 3.063 3.144 3.210 3.214 3.172 3.125 3.039 2.918 2.786 2.630 2.430 2.087 1.880 1.733 1.604 1.412 1.249 1.106 0.921 0.742 2.873 1.453
6.75 15.85 2.796 2.882 2.995 3.078 3.142 3.144 3.100 3.052 2.963 2.843 2.715 2.564 2.369 2.033 1.829 1.684 1.557 1.368 1.207 1.066 0.883 0.707 2.796 1.382
6.75 19.95 2.709 2.803 2.918 3.002 3.062 3.064 3.017 2.969 2.877 2.758 2.634 2.489 2.300 1.972 1.772 1.628 1.503 1.318 1.159 1.020 0.839 0.667 2.709 1.302
6.75 25.12 2.611 2.712 2.829 2.913 2.971 2.972 2.923 2.874 2.781 2.663 2.545 2.405 2.222 1.903 1.707 1.566 1.442 1.261 1.104 0.968 0.790 0.621 2.611 1.212
6.75 31.62 2.501 2.610 2.727 2.812 2.866 2.867 2.817 2.768 2.675 2.558 2.446 2.312 2.135 1.826 1.633 1.495 1.374 1.196 1.043 0.909 0.733 0.568 2.501 1.112
6.75 39.81 2.379 2.494 2.611 2.698 2.747 2.749 2.698 2.650 2.558 2.444 2.337 2.209 2.039 1.740 1.552 1.416 1.297 1.124 0.973 0.842 0.670 0.509 2.379 1.001
6.75 50.12 2.245 2.365 2.482 2.568 2.614 2.617 2.566 2.520 2.430 2.319 2.219 2.096 1.933 1.644 1.460 1.328 1.211 1.043 0.895 0.767 0.598 0.442 2.245 0.880
6.75 63.10 2.100 2.223 2.338 2.425 2.467 2.472 2.422 2.378 2.291 2.184 2.089 1.972 1.815 1.538 1.359 1.230 1.115 0.951 0.807 0.682 0.516 0.365 2.100 0.747
6.75 79.43 1.944 2.069 2.182 2.269 2.308 2.315 2.266 2.225 2.142 2.037 1.948 1.836 1.685 1.419 1.245 1.119 1.007 0.849 0.708 0.586 0.423 0.277 1.944 0.600
6.75 100.00 1.779 1.903 2.014 2.101 2.136 2.146 2.098 2.061 1.981 1.879 1.795 1.685 1.541 1.286 1.117 0.995 0.885 0.732 0.594 0.476 0.317 0.176 1.779 0.439
6.75 125.89 1.604 1.727 1.835 1.922 1.954 1.966 1.919 1.885 1.807 1.707 1.626 1.519 1.379 1.135 0.972 0.854 0.747 0.599 0.465 0.350 0.195 0.059 1.604 0.261
6.75 158.49 1.421 1.542 1.645 1.733 1.761 1.776 1.729 1.697 1.620 1.519 1.441 1.333 1.198 0.965 0.807 0.692 0.588 0.446 0.315 0.205 0.052 -0.078 1.421 0.062
6.75 199.53 1.230 1.347 1.446 1.534 1.558 1.574 1.526 1.496 1.418 1.313 1.235 1.124 0.992 0.770 0.617 0.506 0.405 0.268 0.141 0.034 -0.114 -0.239 1.230 -0.161
6.75 251.19 1.029 1.143 1.238 1.326 1.344 1.361 1.309 1.279 1.197 1.085 1.005 0.887 0.757 0.544 0.397 0.290 0.191 0.060 -0.063 -0.166 -0.311 -0.430 1.029 -0.414
6.75 316.23 0.819 0.929 1.019 1.107 1.120 1.134 1.077 1.045 0.954 0.829 0.744 0.615 0.484 0.279 0.138 0.035 -0.061 -0.186 -0.305 -0.405 -0.546 -0.659 0.819 -0.705
6.75 398.11 0.598 0.704 0.790 0.877 0.883 0.892 0.826 0.789 0.683 0.540 0.445 0.299 0.164 -0.033 -0.168 -0.267 -0.360 -0.480 -0.595 -0.691 -0.828 -0.935 0.598 -1.041
6.75 501.19 0.365 0.466 0.547 0.635 0.631 0.632 0.552 0.507 0.380 0.210 0.100 -0.071 -0.213 -0.404 -0.533 -0.629 -0.719 -0.833 -0.944 -1.036 -1.169 -1.271 0.365 -1.436
6.75 630.96 0.117 0.213 0.289 0.377 0.362 0.350 0.250 0.192 0.035 -0.172 -0.305 -0.508 -0.662 -0.850 -0.974 -1.066 -1.152 -1.261 -1.368 -1.456 -1.585 -1.681 0.117 -1.902
6.75 794.33 -0.150 -0.059 0.012 0.100 0.071 0.040 -0.086 -0.163 -0.362 -0.620 -0.783 -1.031 -1.203 -1.390 -1.508 -1.596 -1.680 -1.782 -1.885 -1.969 -2.095 -2.184 -0.150 -2.458
6.75 1000.00 -0.440 -0.354 -0.288 -0.200 -0.247 -0.303 -0.466 -0.568 -0.824 -1.148 -1.353 -1.661 -1.857 -2.048 -2.160 -2.244 -2.325 -2.421 -2.520 -2.600 -2.722 -2.806 -0.440 -3.129
7.00 1.00 3.296 3.331 3.432 3.505 3.579 3.589 3.564 3.533 3.478 3.373 3.225 3.051 2.834 2.468 2.256 2.107 1.978 1.783 1.614 1.462 1.268 1.076 3.296 1.904
7.00 1.26 3.285 3.321 3.422 3.495 3.569 3.580 3.555 3.524 3.468 3.363 3.216 3.042 2.826 2.462 2.250 2.101 1.972 1.777 1.609 1.457 1.264 1.072 3.285 1.895
7.00 1.58 3.273 3.309 3.411 3.484 3.558 3.568 3.543 3.512 3.456 3.351 3.205 3.032 2.817 2.453 2.242 2.094 1.965 1.771 1.603 1.451 1.258 1.067 3.273 1.884
7.00 2.00 3.257 3.295 3.396 3.470 3.544 3.554 3.529 3.498 3.441 3.336 3.191 3.019 2.805 2.443 2.233 2.085 1.956 1.762 1.595 1.444 1.251 1.061 3.257 1.870
7.00 2.51 3.238 3.277 3.379 3.453 3.526 3.537 3.512 3.480 3.423 3.318 3.174 3.003 2.790 2.431 2.221 2.073 1.945 1.752 1.585 1.435 1.243 1.053 3.238 1.853
7.00 3.16 3.214 3.256 3.358 3.432 3.506 3.517 3.491 3.459 3.401 3.295 3.153 2.984 2.773 2.415 2.207 2.060 1.932 1.740 1.574 1.424 1.232 1.044 3.214 1.833
7.00 3.98 3.186 3.230 3.332 3.407 3.481 3.492 3.466 3.434 3.374 3.268 3.127 2.960 2.751 2.397 2.189 2.043 1.916 1.725 1.560 1.410 1.220 1.032 3.186 1.807
7.00 5.01 3.153 3.200 3.302 3.378 3.451 3.463 3.436 3.403 3.342 3.236 3.097 2.932 2.726 2.374 2.168 2.023 1.896 1.707 1.542 1.394 1.204 1.018 3.153 1.777
7.00 6.31 3.114 3.164 3.267 3.344 3.416 3.428 3.400 3.367 3.303 3.197 3.060 2.899 2.695 2.347 2.143 1.999 1.873 1.685 1.522 1.375 1.186 1.002 3.114 1.741
7.00 7.94 3.067 3.122 3.226 3.304 3.375 3.387 3.358 3.324 3.258 3.151 3.017 2.859 2.658 2.315 2.113 1.970 1.845 1.660 1.497 1.351 1.164 0.982 3.067 1.698
7.00 10.00 3.013 3.073 3.179 3.258 3.328 3.340 3.309 3.273 3.205 3.097 2.966 2.812 2.615 2.278 2.078 1.936 1.813 1.629 1.468 1.324 1.138 0.958 3.013 1.648
7.00 12.59 2.951 3.018 3.124 3.205 3.273 3.285 3.252 3.215 3.144 3.035 2.908 2.758 2.565 2.234 2.037 1.897 1.775 1.594 1.435 1.292 1.108 0.930 2.951 1.589
7.00 15.85 2.880 2.954 3.062 3.144 3.210 3.221 3.186 3.148 3.073 2.964 2.841 2.696 2.508 2.184 1.989 1.851 1.730 1.552 1.395 1.255 1.073 0.898 2.880 1.523
7.00 19.95 2.800 2.881 2.991 3.074 3.138 3.148 3.111 3.071 2.993 2.884 2.765 2.625 2.442 2.126 1.935 1.799 1.680 1.505 1.350 1.212 1.032 0.860 2.800 1.447
7.00 25.12 2.709 2.799 2.910 2.994 3.055 3.064 3.024 2.983 2.903 2.794 2.680 2.545 2.368 2.061 1.873 1.740 1.622 1.451 1.299 1.163 0.985 0.817 2.709 1.361
7.00 31.62 2.607 2.705 2.817 2.902 2.959 2.968 2.926 2.884 2.802 2.694 2.586 2.456 2.286 1.987 1.803 1.673 1.557 1.390 1.240 1.107 0.932 0.768 2.607 1.266
7.00 39.81 2.493 2.598 2.712 2.798 2.851 2.859 2.815 2.773 2.691 2.584 2.481 2.358 2.193 1.905 1.725 1.597 1.484 1.321 1.174 1.043 0.871 0.711 2.493 1.160
7.00 50.12 2.367 2.479 2.592 2.679 2.728 2.736 2.691 2.651 2.569 2.464 2.367 2.248 2.090 1.812 1.637 1.512 1.401 1.243 1.099 0.971 0.802 0.646 2.367 1.042
7.00 63.10 2.229 2.346 2.459 2.546 2.591 2.600 2.555 2.516 2.435 2.333 2.242 2.128 1.976 1.709 1.538 1.417 1.308 1.154 1.013 0.889 0.723 0.572 2.229 0.913
7.00 79.43 2.081 2.200 2.312 2.399 2.440 2.451 2.406 2.369 2.291 2.191 2.105 1.995 1.850 1.593 1.428 1.309 1.203 1.055 0.917 0.796 0.633 0.487 2.081 0.771
7.00 100.00 1.922 2.043 2.152 2.239 2.276 2.289 2.245 2.210 2.134 2.036 1.955 1.848 1.709 1.464 1.303 1.188 1.085 0.941 0.807 0.689 0.530 0.389 1.922 0.614
7.00 125.89 1.753 1.873 1.980 2.067 2.100 2.116 2.071 2.039 1.965 1.868 1.790 1.685 1.551 1.317 1.161 1.050 0.949 0.811 0.680 0.566 0.410 0.275 1.753 0.439
7.00 158.49 1.575 1.694 1.797 1.884 1.913 1.930 1.885 1.856 1.782 1.683 1.608 1.503 1.373 1.149 0.999 0.891 0.793 0.660 0.533 0.423 0.271 0.141 1.575 0.244
7.00 199.53 1.388 1.504 1.603 1.691 1.716 1.733 1.687 1.658 1.583 1.481 1.405 1.297 1.170 0.957 0.812 0.708 0.613 0.485 0.362 0.255 0.107 -0.018 1.388 0.024
7.00 251.19 1.191 1.304 1.399 1.487 1.507 1.524 1.474 1.445 1.365 1.255 1.178 1.063 0.937 0.733 0.595 0.494 0.402 0.280 0.160 0.057 -0.088 -0.206 1.191 -0.226
7.00 316.23 0.985 1.094 1.185 1.273 1.286 1.301 1.245 1.214 1.125 1.003 0.920 0.793 0.667 0.472 0.339 0.242 0.153 0.036 -0.079 -0.179 -0.320 -0.433 0.985 -0.514
7.00 398.11 0.768 0.873 0.959 1.046 1.053 1.063 0.997 0.962 0.858 0.717 0.624 0.481 0.351 0.163 0.036 -0.057 -0.144 -0.254 -0.366 -0.462 -0.599 -0.706 0.768 -0.847
7.00 501.19 0.537 0.638 0.719 0.807 0.804 0.806 0.727 0.682 0.557 0.389 0.281 0.114 -0.024 -0.206 -0.327 -0.416 -0.500 -0.605 -0.713 -0.805 -0.938 -1.039 0.537 -1.239
7.00 630.96 0.292 0.388 0.464 0.552 0.538 0.527 0.428 0.371 0.215 0.010 -0.121 -0.321 -0.471 -0.650 -0.765 -0.850 -0.931 -1.030 -1.134 -1.222 -1.351 -1.447 0.292 -1.702
7.00 794.33 0.028 0.119 0.190 0.278 0.250 0.220 0.094 0.019 -0.179 -0.434 -0.596 -0.842 -1.008 -1.187 -1.297 -1.378 -1.456 -1.548 -1.649 -1.733 -1.858 -1.948 0.028 -2.256
7.00 1000.00 -0.259 -0.173 -0.106 -0.018 -0.065 -0.121 -0.282 -0.384 -0.638 -0.960 -1.163 -1.469 -1.661 -1.842 -1.946 -2.023 -2.098 -2.185 -2.282 -2.361 -2.483 -2.567 -0.259 -2.923
7.25 1.00 3.346 3.375 3.472 3.544 3.618 3.635 3.618 3.595 3.553 3.461 3.320 3.153 2.945 2.593 2.391 2.250 2.127 1.943 1.779 1.628 1.436 1.247 3.346 2.013
7.25 1.26 3.337 3.366 3.463 3.535 3.609 3.627 3.609 3.586 3.545 3.452 3.312 3.145 2.938 2.587 2.385 2.244 2.122 1.938 1.774 1.624 1.432 1.243 3.337 2.005
7.25 1.58 3.325 3.355 3.452 3.524 3.599 3.616 3.599 3.576 3.534 3.441 3.301 3.136 2.929 2.580 2.378 2.238 2.115 1.932 1.769 1.619 1.427 1.239 3.325 1.995
7.25 2.00 3.311 3.341 3.439 3.511 3.586 3.603 3.586 3.563 3.520 3.427 3.289 3.124 2.918 2.571 2.370 2.229 2.108 1.925 1.762 1.612 1.421 1.233 3.311 1.982
7.25 2.51 3.293 3.325 3.422 3.495 3.570 3.588 3.570 3.547 3.504 3.411 3.273 3.110 2.905 2.559 2.359 2.219 2.098 1.916 1.753 1.604 1.414 1.226 3.293 1.967
7.25 3.16 3.272 3.305 3.403 3.476 3.550 3.569 3.551 3.528 3.484 3.390 3.254 3.092 2.889 2.545 2.346 2.207 2.086 1.905 1.743 1.594 1.404 1.218 3.272 1.948
7.25 3.98 3.246 3.281 3.379 3.453 3.527 3.546 3.528 3.504 3.459 3.366 3.231 3.071 2.870 2.529 2.330 2.192 2.071 1.891 1.730 1.582 1.393 1.207 3.246 1.925
7.25 5.01 3.215 3.253 3.351 3.426 3.500 3.519 3.500 3.476 3.430 3.336 3.203 3.045 2.846 2.508 2.311 2.173 2.054 1.875 1.714 1.567 1.379 1.195 3.215 1.898
7.25 6.31 3.179 3.219 3.318 3.394 3.467 3.486 3.467 3.442 3.394 3.300 3.170 3.014 2.818 2.483 2.288 2.151 2.032 1.855 1.695 1.550 1.362 1.180 3.179 1.864
7.25 7.94 3.136 3.180 3.279 3.356 3.429 3.449 3.428 3.403 3.353 3.258 3.130 2.978 2.784 2.454 2.261 2.125 2.007 1.831 1.673 1.528 1.342 1.161 3.136 1.825
7.25 10.00 3.086 3.135 3.235 3.313 3.385 3.405 3.383 3.356 3.304 3.208 3.083 2.934 2.745 2.419 2.228 2.094 1.977 1.803 1.646 1.503 1.318 1.140 3.086 1.778
7.25 12.59 3.028 3.083 3.184 3.263 3.334 3.354 3.330 3.303 3.247 3.150 3.029 2.884 2.698 2.379 2.190 2.057 1.941 1.770 1.615 1.473 1.290 1.114 3.028 1.724
7.25 15.85 2.962 3.023 3.126 3.207 3.276 3.295 3.269 3.240 3.181 3.084 2.966 2.826 2.644 2.332 2.146 2.015 1.900 1.732 1.579 1.439 1.258 1.084 2.962 1.661
7.25 19.95 2.887 2.956 3.061 3.142 3.209 3.228 3.200 3.169 3.107 3.008 2.895 2.759 2.583 2.278 2.094 1.966 1.853 1.688 1.536 1.399 1.219 1.049 2.887 1.590
7.25 25.12 2.803 2.880 2.986 3.069 3.133 3.151 3.120 3.088 3.022 2.923 2.814 2.683 2.513 2.216 2.036 1.910 1.798 1.637 1.488 1.352 1.175 1.008 2.803 1.509
7.25 31.62 2.708 2.794 2.902 2.986 3.047 3.063 3.030 2.996 2.927 2.828 2.724 2.599 2.434 2.146 1.970 1.846 1.736 1.579 1.432 1.299 1.125 0.962 2.708 1.418
7.25 39.81 2.602 2.697 2.805 2.891 2.947 2.963 2.927 2.892 2.821 2.723 2.624 2.504 2.345 2.066 1.895 1.774 1.666 1.513 1.369 1.238 1.067 0.908 2.602 1.316
7.25 50.12 2.484 2.587 2.696 2.782 2.835 2.850 2.812 2.777 2.705 2.607 2.513 2.399 2.246 1.978 1.810 1.692 1.587 1.438 1.297 1.169 1.001 0.846 2.484 1.203
7.25 63.10 2.355 2.463 2.573 2.660 2.708 2.723 2.683 2.649 2.577 2.480 2.392 2.282 2.136 1.878 1.715 1.600 1.497 1.352 1.215 1.090 0.925 0.775 2.355 1.078
7.25 79.43 2.214 2.327 2.436 2.523 2.567 2.582 2.542 2.509 2.437 2.342 2.259 2.153 2.013 1.765 1.608 1.496 1.395 1.255 1.121 1.000 0.838 0.692 2.214 0.940
7.25 100.00 2.062 2.178 2.285 2.373 2.412 2.428 2.387 2.356 2.286 2.192 2.113 2.010 1.875 1.639 1.486 1.377 1.279 1.145 1.013 0.896 0.737 0.597 2.062 0.786
7.25 125.89 1.899 2.016 2.121 2.209 2.244 2.262 2.220 2.191 2.121 2.027 1.951 1.850 1.720 1.495 1.347 1.242 1.147 1.017 0.890 0.776 0.620 0.485 1.899 0.615
7.25 158.49 1.726 1.843 1.945 2.033 2.063 2.082 2.040 2.012 1.942 1.846 1.773 1.671 1.545 1.330 1.188 1.087 0.994 0.870 0.746 0.635 0.483 0.354 1.726 0.423
7.25 199.53 1.544 1.659 1.757 1.845 1.871 1.891 1.846 1.819 1.746 1.647 1.573 1.468 1.346 1.141 1.004 0.906 0.816 0.698 0.577 0.470 0.322 0.198 1.544 0.207
7.25 251.19 1.352 1.464 1.558 1.647 1.667 1.686 1.637 1.610 1.532 1.425 1.349 1.237 1.116 0.920 0.789 0.695 0.608 0.495 0.378 0.275 0.131 0.012 1.352 -0.040
7.25 316.23 1.149 1.258 1.348 1.436 1.451 1.467 1.412 1.383 1.296 1.175 1.094 0.970 0.848 0.662 0.536 0.446 0.362 0.254 0.141 0.042 -0.099 -0.212 1.149 -0.325
7.25 398.11 0.935 1.040 1.126 1.214 1.221 1.232 1.168 1.133 1.031 0.892 0.801 0.661 0.535 0.355 0.235 0.149 0.068 -0.034 -0.143 -0.239 -0.376 -0.483 0.935 -0.655
7.25 501.19 0.708 0.809 0.890 0.978 0.976 0.979 0.900 0.857 0.734 0.568 0.461 0.296 0.163 -0.011 -0.125 -0.207 -0.286 -0.382 -0.487 -0.579 -0.712 -0.813 0.708 -1.043
7.25 630.96 0.466 0.562 0.639 0.727 0.713 0.703 0.604 0.548 0.394 0.191 0.062 -0.136 -0.281 -0.452 -0.560 -0.638 -0.714 -0.804 -0.906 -0.993 -1.122 -1.218 0.466 -1.504
7.25 794.33 0.205 0.296 0.368 0.456 0.428 0.399 0.274 0.199 0.003 -0.251 -0.410 -0.654 -0.816 -0.986 -1.089 -1.163 -1.236 -1.320 -1.418 -1.502 -1.627 -1.716 0.205 -2.055
7.25 1000.00 -0.079 0.007 0.074 0.162 0.116 0.061 -0.100 -0.200 -0.454 -0.774 -0.975 -1.278 -1.466 -1.639 -1.735 -1.806 -1.876 -1.954 -2.048 -2.128 -2.249 -2.333 -0.079 -2.719
7.50 1.00 3.398 3.420 3.513 3.584 3.659 3.683 3.673 3.658 3.630 3.548 3.415 3.255 3.055 2.717 2.524 2.390 2.274 2.100 1.940 1.791 1.601 1.414 3.398 2.122
7.50 1.26 3.389 3.412 3.505 3.576 3.651 3.675 3.665 3.650 3.622 3.540 3.407 3.248 3.049 2.712 2.519 2.385 2.269 2.096 1.936 1.787 1.597 1.410 3.389 2.115
7.50 1.58 3.379 3.402 3.495 3.566 3.641 3.665 3.655 3.641 3.612 3.531 3.398 3.239 3.041 2.705 2.513 2.379 2.263 2.090 1.931 1.783 1.593 1.406 3.379 2.105
7.50 2.00 3.366 3.389 3.483 3.554 3.629 3.653 3.643 3.629 3.600 3.518 3.387 3.229 3.032 2.697 2.505 2.372 2.256 2.084 1.925 1.777 1.587 1.402 3.366 2.094
7.50 2.51 3.349 3.374 3.467 3.540 3.614 3.639 3.629 3.614 3.585 3.503 3.373 3.216 3.020 2.687 2.496 2.363 2.248 2.076 1.917 1.769 1.580 1.395 3.349 2.080
7.50 3.16 3.330 3.356 3.449 3.522 3.596 3.621 3.611 3.596 3.566 3.485 3.356 3.200 3.005 2.674 2.484 2.352 2.237 2.066 1.908 1.761 1.572 1.388 3.330 2.063
7.50 3.98 3.306 3.333 3.427 3.500 3.575 3.600 3.590 3.575 3.544 3.463 3.335 3.181 2.988 2.659 2.470 2.338 2.224 2.053 1.896 1.750 1.562 1.378 3.306 2.042
7.50 5.01 3.278 3.307 3.401 3.474 3.549 3.575 3.564 3.549 3.517 3.435 3.309 3.157 2.966 2.640 2.452 2.321 2.207 2.039 1.882 1.736 1.549 1.367 3.278 2.017
7.50 6.31 3.244 3.275 3.370 3.444 3.518 3.545 3.534 3.518 3.485 3.403 3.278 3.129 2.940 2.618 2.431 2.301 2.188 2.020 1.865 1.720 1.534 1.353 3.244 1.987
7.50 7.94 3.204 3.238 3.333 3.408 3.482 3.509 3.497 3.481 3.446 3.364 3.242 3.095 2.909 2.591 2.406 2.277 2.165 1.999 1.844 1.701 1.516 1.337 3.204 1.950
7.50 10.00 3.157 3.196 3.291 3.367 3.441 3.468 3.455 3.438 3.401 3.318 3.199 3.055 2.872 2.559 2.376 2.248 2.137 1.973 1.820 1.678 1.494 1.317 3.157 1.907
7.50 12.59 3.103 3.147 3.243 3.321 3.393 3.421 3.406 3.388 3.348 3.264 3.148 3.008 2.829 2.521 2.340 2.215 2.104 1.943 1.791 1.650 1.468 1.293 3.103 1.857
7.50 15.85 3.042 3.091 3.189 3.268 3.339 3.366 3.350 3.331 3.287 3.202 3.089 2.954 2.779 2.477 2.299 2.175 2.066 1.907 1.757 1.618 1.438 1.266 3.042 1.798
7.50 19.95 2.972 3.029 3.127 3.208 3.277 3.304 3.286 3.264 3.217 3.131 3.022 2.891 2.721 2.426 2.251 2.129 2.021 1.865 1.717 1.580 1.402 1.233 2.972 1.731
7.50 25.12 2.893 2.958 3.058 3.140 3.207 3.234 3.212 3.189 3.138 3.050 2.946 2.820 2.655 2.368 2.196 2.076 1.970 1.817 1.672 1.537 1.361 1.195 2.893 1.654
7.50 31.62 2.805 2.878 2.981 3.064 3.128 3.153 3.128 3.104 3.049 2.960 2.860 2.739 2.579 2.301 2.133 2.015 1.911 1.762 1.619 1.487 1.313 1.151 2.805 1.567
7.50 39.81 2.706 2.789 2.893 2.977 3.037 3.061 3.034 3.007 2.949 2.859 2.764 2.648 2.495 2.226 2.061 1.946 1.844 1.699 1.558 1.429 1.258 1.099 2.706 1.470
7.50 50.12 2.597 2.688 2.793 2.879 2.935 2.957 2.927 2.899 2.838 2.748 2.658 2.547 2.399 2.140 1.980 1.868 1.768 1.627 1.489 1.363 1.194 1.040 2.597 1.362
7.50 63.10 2.475 2.574 2.680 2.767 2.818 2.840 2.807 2.779 2.716 2.626 2.541 2.434 2.293 2.044 1.888 1.779 1.682 1.545 1.410 1.286 1.121 0.972 2.475 1.241
7.50 79.43 2.342 2.448 2.553 2.640 2.687 2.708 2.673 2.645 2.581 2.492 2.412 2.309 2.173 1.935 1.784 1.678 1.583 1.451 1.320 1.199 1.037 0.892 2.342 1.106
7.50 100.00 2.198 2.307 2.412 2.500 2.542 2.563 2.526 2.499 2.435 2.345 2.269 2.169 2.039 1.811 1.665 1.563 1.470 1.343 1.215 1.098 0.939 0.799 2.198 0.956
7.50 125.89 2.042 2.154 2.257 2.345 2.382 2.404 2.366 2.340 2.275 2.185 2.111 2.013 1.888 1.670 1.530 1.431 1.340 1.219 1.094 0.980 0.825 0.690 2.042 0.789
7.50 158.49 1.875 1.988 2.089 2.177 2.209 2.231 2.191 2.166 2.100 2.007 1.936 1.837 1.716 1.509 1.373 1.278 1.191 1.074 0.953 0.843 0.691 0.562 1.875 0.601
7.50 199.53 1.698 1.811 1.908 1.996 2.023 2.045 2.003 1.978 1.908 1.811 1.740 1.637 1.519 1.322 1.192 1.101 1.016 0.905 0.787 0.681 0.532 0.409 1.698 0.387
7.50 251.19 1.511 1.621 1.715 1.803 1.825 1.846 1.799 1.773 1.698 1.593 1.519 1.409 1.292 1.105 0.980 0.892 0.810 0.705 0.591 0.488 0.344 0.225 1.511 0.144
7.50 316.23 1.312 1.420 1.510 1.598 1.613 1.631 1.578 1.549 1.464 1.346 1.267 1.146 1.028 0.849 0.730 0.646 0.566 0.467 0.357 0.257 0.117 0.004 1.312 -0.137
7.50 398.11 1.102 1.206 1.292 1.380 1.388 1.400 1.337 1.303 1.204 1.066 0.977 0.839 0.717 0.545 0.432 0.352 0.275 0.181 0.075 -0.021 -0.157 -0.264 1.102 -0.465
7.50 501.19 0.879 0.979 1.060 1.148 1.147 1.150 1.073 1.030 0.909 0.744 0.639 0.477 0.348 0.182 0.074 -0.002 -0.076 -0.164 -0.266 -0.358 -0.491 -0.592 0.879 -0.850
7.50 630.96 0.639 0.735 0.812 0.900 0.887 0.877 0.780 0.725 0.572 0.371 0.243 0.048 -0.093 -0.257 -0.358 -0.431 -0.501 -0.584 -0.682 -0.770 -0.899 -0.995 0.639 -1.307
7.50 794.33 0.381 0.472 0.544 0.633 0.605 0.577 0.452 0.378 0.184 -0.068 -0.227 -0.467 -0.626 -0.789 -0.884 -0.953 -1.021 -1.097 -1.192 -1.276 -1.401 -1.491 0.381 -1.855
7.50 1000.00 0.100 0.186 0.253 0.342 0.296 0.242 0.082 -0.018 -0.270 -0.589 -0.789 -1.089 -1.273 -1.439 -1.528 -1.593 -1.658 -1.729 -1.820 -1.899 -2.021 -2.104 0.100 -2.517
7.75 1.00 3.371 3.393 3.485 3.557 3.633 3.660 3.652 3.641 3.617 3.540 3.413 3.259 3.068 2.743 2.558 2.431 2.320 2.156 2.000 1.853 1.664 1.480 3.371 2.126
7.75 1.26 3.363 3.386 3.478 3.550 3.625 3.653 3.645 3.634 3.610 3.533 3.406 3.253 3.062 2.738 2.554 2.427 2.316 2.152 1.996 1.849 1.661 1.477 3.363 2.120
7.75 1.58 3.353 3.377 3.469 3.541 3.617 3.644 3.637 3.625 3.601 3.524 3.398 3.246 3.055 2.732 2.548 2.421 2.311 2.147 1.992 1.845 1.657 1.473 3.353 2.112
7.75 2.00 3.342 3.366 3.458 3.531 3.606 3.634 3.626 3.614 3.590 3.513 3.387 3.236 3.047 2.725 2.541 2.415 2.305 2.142 1.986 1.840 1.652 1.469 3.342 2.101
7.75 2.51 3.327 3.352 3.445 3.517 3.593 3.621 3.613 3.601 3.576 3.500 3.375 3.224 3.036 2.715 2.533 2.407 2.297 2.134 1.979 1.834 1.646 1.463 3.327 2.089
7.75 3.16 3.309 3.336 3.428 3.501 3.576 3.605 3.597 3.585 3.560 3.483 3.359 3.210 3.023 2.704 2.522 2.397 2.287 2.125 1.971 1.825 1.639 1.456 3.309 2.073
7.75 3.98 3.288 3.316 3.408 3.482 3.557 3.586 3.578 3.566 3.539 3.463 3.340 3.193 3.007 2.690 2.509 2.384 2.275 2.114 1.961 1.816 1.629 1.448 3.288 2.055
7.75 5.01 3.262 3.292 3.385 3.459 3.534 3.563 3.555 3.542 3.515 3.438 3.317 3.171 2.987 2.673 2.493 2.369 2.261 2.101 1.948 1.804 1.618 1.438 3.262 2.032
7.75 6.31 3.231 3.263 3.356 3.431 3.506 3.535 3.527 3.514 3.485 3.408 3.289 3.145 2.963 2.653 2.474 2.351 2.243 2.084 1.932 1.789 1.604 1.425 3.231 2.004
7.75 7.94 3.195 3.229 3.323 3.399 3.473 3.503 3.494 3.480 3.450 3.372 3.255 3.114 2.935 2.628 2.451 2.329 2.222 2.065 1.914 1.771 1.588 1.410 3.195 1.970
7.75 10.00 3.152 3.190 3.284 3.361 3.435 3.465 3.455 3.441 3.408 3.330 3.215 3.077 2.901 2.598 2.423 2.302 2.196 2.041 1.891 1.750 1.568 1.392 3.152 1.931
7.75 12.59 3.102 3.144 3.240 3.317 3.390 3.421 3.409 3.394 3.359 3.280 3.168 3.034 2.861 2.563 2.390 2.271 2.166 2.013 1.864 1.725 1.544 1.371 3.102 1.884
7.75 15.85 3.044 3.093 3.189 3.268 3.340 3.370 3.357 3.340 3.302 3.222 3.113 2.983 2.814 2.522 2.352 2.234 2.130 1.980 1.833 1.695 1.516 1.345 3.044 1.829
7.75 19.95 2.979 3.034 3.131 3.212 3.282 3.312 3.296 3.278 3.237 3.155 3.050 2.924 2.760 2.475 2.307 2.191 2.088 1.941 1.796 1.660 1.482 1.314 2.979 1.766
7.75 25.12 2.905 2.967 3.066 3.148 3.216 3.245 3.227 3.207 3.162 3.079 2.978 2.856 2.697 2.420 2.255 2.141 2.040 1.896 1.753 1.619 1.443 1.279 2.905 1.693
7.75 31.62 2.821 2.892 2.993 3.076 3.141 3.169 3.148 3.127 3.077 2.993 2.897 2.780 2.625 2.356 2.195 2.083 1.984 1.843 1.703 1.571 1.398 1.237 2.821 1.611
7.75 39.81 2.728 2.807 2.909 2.994 3.055 3.082 3.058 3.035 2.982 2.897 2.805 2.693 2.544 2.284 2.127 2.018 1.921 1.783 1.645 1.516 1.346 1.188 2.728 1.518
7.75 50.12 2.623 2.711 2.815 2.900 2.958 2.983 2.956 2.932 2.876 2.791 2.703 2.596 2.453 2.202 2.049 1.942 1.847 1.714 1.579 1.453 1.285 1.132 2.623 1.413
7.75 63.10 2.508 2.603 2.708 2.794 2.847 2.871 2.841 2.816 2.758 2.673 2.590 2.487 2.350 2.109 1.960 1.857 1.764 1.635 1.503 1.380 1.215 1.066 2.508 1.297
7.75 79.43 2.380 2.482 2.587 2.674 2.722 2.746 2.713 2.688 2.629 2.543 2.465 2.365 2.234 2.003 1.859 1.759 1.668 1.544 1.415 1.295 1.133 0.989 2.380 1.166
7.75 100.00 2.241 2.348 2.452 2.539 2.582 2.606 2.572 2.547 2.486 2.400 2.326 2.229 2.103 1.883 1.743 1.647 1.559 1.439 1.314 1.197 1.038 0.899 2.241 1.020
7.75 125.89 2.090 2.200 2.302 2.390 2.428 2.452 2.416 2.392 2.330 2.243 2.172 2.076 1.955 1.745 1.611 1.517 1.432 1.318 1.195 1.082 0.927 0.793 2.090 0.857
7.75 158.49 1.928 2.039 2.140 2.228 2.261 2.285 2.246 2.223 2.159 2.069 2.000 1.903 1.786 1.587 1.458 1.368 1.285 1.176 1.057 0.947 0.796 0.666 1.928 0.672
7.75 199.53 1.755 1.867 1.964 2.052 2.080 2.103 2.062 2.039 1.972 1.877 1.807 1.707 1.593 1.403 1.279 1.193 1.113 1.009 0.894 0.788 0.640 0.516 1.755 0.462
7.75 251.19 1.572 1.682 1.775 1.864 1.886 1.908 1.862 1.837 1.765 1.661 1.589 1.482 1.369 1.188 1.070 0.988 0.910 0.812 0.701 0.598 0.453 0.335 1.572 0.222
7.75 316.23 1.377 1.484 1.574 1.663 1.679 1.697 1.645 1.617 1.534 1.418 1.340 1.222 1.107 0.935 0.823 0.744 0.669 0.577 0.469 0.370 0.229 0.117 1.377 -0.056
7.75 398.11 1.171 1.275 1.360 1.449 1.457 1.470 1.407 1.375 1.277 1.141 1.053 0.917 0.799 0.634 0.528 0.452 0.380 0.294 0.190 0.094 -0.042 -0.149 1.171 -0.381
7.75 501.19 0.950 1.050 1.132 1.220 1.219 1.223 1.146 1.105 0.985 0.822 0.719 0.559 0.433 0.274 0.173 0.101 0.032 -0.049 -0.149 -0.240 -0.373 -0.474 0.950 -0.763
7.75 630.96 0.714 0.810 0.887 0.975 0.962 0.953 0.857 0.802 0.651 0.451 0.325 0.132 -0.006 -0.162 -0.257 -0.325 -0.391 -0.466 -0.562 -0.650 -0.779 -0.874 0.714 -1.217
7.75 794.33 0.459 0.550 0.622 0.711 0.684 0.656 0.532 0.459 0.266 0.015 -0.142 -0.380 -0.535 -0.691 -0.781 -0.844 -0.907 -0.977 -1.069 -1.153 -1.278 -1.368 0.459 -1.763
7.75 1000.00 0.180 0.267 0.334 0.423 0.378 0.324 0.164 0.065 -0.185 -0.503 -0.701 -1.000 -1.180 -1.339 -1.422 -1.482 -1.542 -1.606 -1.694 -1.774 -1.895 -1.979 0.180 -2.421
8.00 1.00 3.344 3.367 3.459 3.531 3.607 3.637 3.633 3.624 3.604 3.532 3.411 3.264 3.080 2.768 2.591 2.470 2.365 2.209 2.057 1.911 1.724 1.542 3.344 2.131
8.00 1.26 3.337 3.361 3.452 3.525 3.601 3.631 3.627 3.618 3.598 3.526 3.405 3.259 3.075 2.763 2.587 2.466 2.361 2.206 2.054 1.908 1.722 1.540 3.337 2.125
8.00 1.58 3.329 3.353 3.444 3.517 3.593 3.624 3.619 3.610 3.590 3.518 3.397 3.252 3.069 2.758 2.582 2.461 2.356 2.201 2.050 1.904 1.718 1.536 3.329 2.118
8.00 2.00 3.318 3.343 3.434 3.507 3.583 3.614 3.610 3.601 3.580 3.508 3.388 3.243 3.061 2.751 2.576 2.456 2.351 2.196 2.045 1.900 1.714 1.533 3.318 2.109
8.00 2.51 3.305 3.331 3.422 3.496 3.571 3.603 3.598 3.589 3.568 3.496 3.376 3.233 3.052 2.743 2.568 2.448 2.343 2.190 2.038 1.894 1.708 1.528 3.305 2.097
8.00 3.16 3.289 3.316 3.408 3.481 3.557 3.589 3.583 3.574 3.553 3.481 3.362 3.220 3.040 2.733 2.558 2.439 2.335 2.181 2.031 1.887 1.701 1.522 3.289 2.083
8.00 3.98 3.270 3.298 3.390 3.464 3.539 3.571 3.566 3.557 3.535 3.462 3.345 3.204 3.025 2.720 2.546 2.428 2.324 2.171 2.021 1.878 1.693 1.514 3.270 2.066
8.00 5.01 3.247 3.276 3.368 3.443 3.518 3.550 3.545 3.535 3.512 3.440 3.324 3.184 3.007 2.705 2.532 2.414 2.311 2.159 2.010 1.867 1.683 1.505 3.247 2.045
8.00 6.31 3.219 3.250 3.343 3.418 3.493 3.526 3.519 3.510 3.485 3.412 3.298 3.161 2.986 2.686 2.515 2.397 2.295 2.144 1.996 1.854 1.670 1.494 3.219 2.020
8.00 7.94 3.185 3.219 3.312 3.388 3.463 3.496 3.489 3.479 3.453 3.380 3.267 3.132 2.959 2.663 2.493 2.377 2.275 2.126 1.979 1.838 1.655 1.480 3.185 1.989
8.00 10.00 3.146 3.183 3.277 3.353 3.427 3.461 3.453 3.442 3.414 3.340 3.231 3.098 2.928 2.636 2.468 2.353 2.252 2.105 1.958 1.818 1.637 1.463 3.146 1.953
8.00 12.59 3.099 3.141 3.235 3.313 3.386 3.420 3.411 3.399 3.369 3.294 3.187 3.058 2.891 2.604 2.438 2.324 2.224 2.079 1.933 1.795 1.615 1.443 3.099 1.909
8.00 15.85 3.046 3.093 3.188 3.267 3.339 3.373 3.362 3.349 3.316 3.240 3.136 3.010 2.847 2.565 2.402 2.289 2.190 2.048 1.904 1.767 1.589 1.419 3.046 1.858
8.00 19.95 2.985 3.038 3.134 3.215 3.285 3.318 3.306 3.291 3.255 3.178 3.077 2.955 2.796 2.521 2.360 2.249 2.151 2.011 1.870 1.734 1.558 1.391 2.985 1.799
8.00 25.12 2.915 2.975 3.073 3.155 3.223 3.256 3.241 3.224 3.184 3.106 3.009 2.891 2.737 2.469 2.311 2.202 2.106 1.969 1.829 1.696 1.521 1.358 2.915 1.730
8.00 31.62 2.836 2.904 3.004 3.087 3.152 3.184 3.166 3.148 3.104 3.025 2.932 2.819 2.669 2.409 2.254 2.148 2.053 1.920 1.782 1.651 1.479 1.318 2.836 1.652
8.00 39.81 2.748 2.824 2.925 3.009 3.072 3.102 3.081 3.061 3.014 2.933 2.845 2.736 2.592 2.340 2.189 2.085 1.992 1.862 1.727 1.599 1.429 1.272 2.748 1.563
8.00 50.12 2.649 2.733 2.835 2.921 2.979 3.008 2.984 2.963 2.912 2.831 2.747 2.643 2.504 2.261 2.114 2.013 1.922 1.796 1.664 1.538 1.371 1.218 2.649 1.463
8.00 63.10 2.538 2.631 2.733 2.820 2.874 2.901 2.874 2.853 2.799 2.718 2.638 2.538 2.405 2.171 2.029 1.930 1.842 1.720 1.591 1.468 1.303 1.155 2.538 1.351
8.00 79.43 2.416 2.515 2.618 2.705 2.755 2.781 2.752 2.729 2.674 2.592 2.516 2.420 2.292 2.069 1.931 1.836 1.749 1.632 1.506 1.386 1.224 1.081 2.416 1.224
8.00 100.00 2.282 2.386 2.489 2.577 2.621 2.647 2.615 2.593 2.536 2.453 2.381 2.287 2.165 1.952 1.818 1.726 1.643 1.530 1.407 1.290 1.132 0.993 2.282 1.082
8.00 125.89 2.136 2.244 2.346 2.434 2.473 2.499 2.465 2.443 2.384 2.300 2.231 2.137 2.020 1.817 1.689 1.600 1.519 1.412 1.292 1.178 1.023 0.889 2.136 0.922
8.00 158.49 1.979 2.089 2.188 2.277 2.311 2.336 2.300 2.278 2.217 2.130 2.062 1.968 1.855 1.662 1.539 1.454 1.375 1.273 1.156 1.046 0.895 0.766 1.979 0.741
8.00 199.53 1.811 1.921 2.018 2.106 2.135 2.160 2.120 2.098 2.033 1.941 1.873 1.775 1.664 1.481 1.363 1.282 1.206 1.109 0.996 0.889 0.742 0.618 1.811 0.535
8.00 251.19 1.632 1.741 1.834 1.923 1.946 1.969 1.924 1.901 1.830 1.728 1.658 1.553 1.443 1.269 1.157 1.079 1.006 0.914 0.805 0.702 0.558 0.440 1.632 0.298
8.00 316.23 1.441 1.548 1.637 1.726 1.742 1.762 1.710 1.684 1.603 1.488 1.412 1.296 1.185 1.019 0.912 0.838 0.767 0.682 0.576 0.477 0.336 0.224 1.441 0.023
8.00 398.11 1.238 1.342 1.427 1.516 1.524 1.538 1.477 1.445 1.349 1.214 1.128 0.994 0.880 0.721 0.620 0.549 0.481 0.401 0.299 0.204 0.067 -0.039 1.238 -0.298
8.00 501.19 1.021 1.121 1.202 1.291 1.290 1.295 1.219 1.178 1.060 0.899 0.796 0.638 0.516 0.363 0.268 0.201 0.136 0.062 -0.037 -0.128 -0.261 -0.362 1.021 -0.678
8.00 630.96 0.788 0.884 0.961 1.049 1.037 1.029 0.933 0.879 0.729 0.530 0.406 0.214 0.080 -0.070 -0.160 -0.222 -0.284 -0.353 -0.447 -0.535 -0.664 -0.759 0.788 -1.129
8.00 794.33 0.536 0.627 0.699 0.788 0.761 0.734 0.611 0.538 0.346 0.097 -0.058 -0.295 -0.447 -0.597 -0.681 -0.739 -0.799 -0.861 -0.952 -1.036 -1.161 -1.250 0.536 -1.671
8.00 1000.00 0.260 0.347 0.414 0.503 0.458 0.405 0.246 0.147 -0.102 -0.418 -0.615 -0.912 -1.088 -1.241 -1.320 -1.375 -1.431 -1.488 -1.574 -1.654 -1.775 -1.859 0.260 -2.327
