AbrahamsonEtAl2015SSlab as implemented in OpenQuake, distance is rhypo. Log10 hazard values in cgs units
          14 31 23 : nmag, ndist, nperiod
          0.020 0.050 0.075 0.100 0.150 0.200 0.250 0.300 0.400 0.500 0.600 0.750 1.000 1.500 2.000 2.500 3.000 4.000 5.000 6.000 7.500 10.000 PGA PGV
          0.740 0.740 0.740 0.740 0.740 0.740 0.740 0.740 0.740 0.740 0.740 0.740 0.740 0.740 0.740 0.740 0.740 0.740 0.740 0.740 0.740 0.740 0.740 PGVsig
4.75 1.00 2.753 2.783 2.885 2.957 3.015 2.972 2.885 2.794 2.644 2.458 2.288 2.094 1.834 1.381 1.105 0.883 0.666 0.340 0.122 -0.044 -0.253 -0.460 2.753 0.882
4.75 1.26 2.734 2.767 2.870 2.944 3.003 2.961 2.874 2.783 2.632 2.447 2.277 2.083 1.822 1.367 1.089 0.867 0.651 0.325 0.108 -0.057 -0.265 -0.472 2.734 0.870
4.75 1.58 2.710 2.748 2.852 2.928 2.988 2.947 2.860 2.770 2.618 2.432 2.262 2.068 1.807 1.351 1.071 0.847 0.632 0.307 0.091 -0.073 -0.281 -0.486 2.710 0.854
4.75 2.00 2.682 2.725 2.830 2.908 2.969 2.930 2.843 2.753 2.600 2.414 2.244 2.050 1.788 1.331 1.048 0.824 0.609 0.286 0.071 -0.093 -0.299 -0.503 2.682 0.835
4.75 2.51 2.648 2.696 2.804 2.883 2.946 2.908 2.822 2.731 2.578 2.391 2.222 2.028 1.765 1.306 1.021 0.796 0.583 0.261 0.047 -0.116 -0.321 -0.524 2.648 0.811
4.75 3.16 2.606 2.661 2.772 2.853 2.917 2.881 2.795 2.704 2.550 2.363 2.194 2.000 1.737 1.277 0.989 0.764 0.551 0.231 0.018 -0.143 -0.347 -0.548 2.606 0.782
4.75 3.98 2.556 2.619 2.732 2.816 2.880 2.846 2.760 2.669 2.514 2.328 2.160 1.966 1.703 1.242 0.951 0.725 0.514 0.196 -0.015 -0.175 -0.378 -0.576 2.556 0.745
4.75 5.01 2.497 2.568 2.683 2.770 2.835 2.803 2.716 2.626 2.470 2.284 2.117 1.925 1.662 1.201 0.907 0.681 0.471 0.156 -0.054 -0.212 -0.413 -0.609 2.497 0.701
4.75 6.31 2.426 2.506 2.624 2.713 2.778 2.747 2.661 2.571 2.415 2.231 2.066 1.875 1.613 1.152 0.857 0.631 0.422 0.109 -0.098 -0.255 -0.454 -0.647 2.426 0.648
4.75 7.94 2.342 2.432 2.552 2.642 2.707 2.679 2.593 2.504 2.349 2.166 2.004 1.816 1.555 1.097 0.800 0.573 0.366 0.057 -0.148 -0.303 -0.499 -0.689 2.342 0.584
4.75 10.00 2.245 2.342 2.464 2.557 2.621 2.595 2.509 2.422 2.269 2.090 1.931 1.746 1.488 1.033 0.735 0.510 0.304 -0.001 -0.204 -0.356 -0.551 -0.737 2.245 0.509
4.75 12.59 2.134 2.238 2.361 2.455 2.518 2.494 2.410 2.326 2.176 2.001 1.846 1.665 1.411 0.961 0.664 0.439 0.236 -0.066 -0.266 -0.416 -0.607 -0.790 2.134 0.423
4.75 15.85 2.008 2.117 2.241 2.336 2.398 2.377 2.296 2.215 2.069 1.899 1.750 1.574 1.324 0.881 0.585 0.362 0.161 -0.137 -0.335 -0.481 -0.670 -0.848 2.008 0.325
4.75 19.95 1.868 1.981 2.104 2.200 2.260 2.244 2.165 2.089 1.949 1.785 1.642 1.472 1.228 0.792 0.499 0.278 0.079 -0.214 -0.409 -0.552 -0.738 -0.912 1.868 0.215
4.75 25.12 1.715 1.831 1.952 2.049 2.107 2.096 2.021 1.950 1.817 1.660 1.524 1.360 1.123 0.696 0.405 0.187 -0.010 -0.298 -0.490 -0.630 -0.813 -0.982 1.715 0.095
4.75 31.62 1.552 1.667 1.786 1.884 1.941 1.935 1.864 1.798 1.674 1.525 1.396 1.238 1.008 0.591 0.304 0.089 -0.106 -0.389 -0.577 -0.714 -0.894 -1.058 1.552 -0.036
4.75 39.81 1.378 1.493 1.609 1.706 1.762 1.762 1.697 1.637 1.521 1.379 1.257 1.107 0.883 0.478 0.195 -0.017 -0.209 -0.487 -0.672 -0.806 -0.982 -1.141 1.378 -0.177
4.75 50.12 1.196 1.308 1.421 1.519 1.573 1.579 1.519 1.465 1.358 1.224 1.109 0.966 0.749 0.355 0.077 -0.132 -0.321 -0.594 -0.775 -0.905 -1.078 -1.232 1.196 -0.329
4.75 63.10 1.007 1.116 1.225 1.323 1.376 1.388 1.332 1.285 1.186 1.059 0.952 0.814 0.605 0.223 -0.050 -0.256 -0.442 -0.710 -0.888 -1.014 -1.183 -1.331 1.007 -0.491
4.75 79.43 0.811 0.917 1.021 1.119 1.171 1.189 1.137 1.096 1.005 0.884 0.783 0.651 0.449 0.079 -0.189 -0.391 -0.575 -0.837 -1.011 -1.134 -1.299 -1.442 0.811 -0.666
4.75 100.00 0.609 0.711 0.811 0.909 0.958 0.982 0.935 0.899 0.814 0.698 0.603 0.474 0.279 -0.079 -0.341 -0.540 -0.721 -0.977 -1.147 -1.266 -1.428 -1.565 0.609 -0.855
4.75 125.89 0.402 0.499 0.594 0.693 0.740 0.768 0.723 0.692 0.612 0.500 0.410 0.283 0.094 -0.253 -0.509 -0.704 -0.882 -1.133 -1.299 -1.414 -1.572 -1.704 0.402 -1.060
4.75 158.49 0.188 0.281 0.372 0.470 0.514 0.547 0.503 0.476 0.399 0.287 0.200 0.073 -0.111 -0.446 -0.697 -0.888 -1.063 -1.308 -1.471 -1.582 -1.736 -1.862 0.188 -1.285
4.75 199.53 -0.032 0.056 0.142 0.241 0.281 0.316 0.272 0.248 0.171 0.056 -0.030 -0.159 -0.340 -0.664 -0.909 -1.096 -1.269 -1.508 -1.667 -1.774 -1.924 -2.044 -0.032 -1.533
4.75 251.19 -0.259 -0.175 -0.094 0.004 0.040 0.076 0.030 0.006 -0.074 -0.196 -0.284 -0.419 -0.599 -0.912 -1.152 -1.335 -1.504 -1.738 -1.892 -1.996 -2.142 -2.256 -0.259 -1.811
4.75 316.23 -0.493 -0.415 -0.339 -0.240 -0.210 -0.176 -0.227 -0.253 -0.341 -0.474 -0.567 -0.714 -0.894 -1.198 -1.432 -1.611 -1.778 -2.005 -2.156 -2.256 -2.398 -2.506 -0.493 -2.125
4.75 398.11 -0.738 -0.664 -0.593 -0.495 -0.472 -0.442 -0.502 -0.532 -0.634 -0.785 -0.888 -1.051 -1.234 -1.532 -1.759 -1.935 -2.098 -2.320 -2.467 -2.562 -2.701 -2.803 -0.738 -2.485
4.75 501.19 -0.995 -0.926 -0.859 -0.761 -0.747 -0.725 -0.799 -0.837 -0.960 -1.138 -1.256 -1.442 -1.633 -1.924 -2.146 -2.317 -2.478 -2.693 -2.837 -2.928 -3.063 -3.159 -0.995 -2.902
4.75 630.96 -1.265 -1.202 -1.140 -1.042 -1.039 -1.030 -1.123 -1.174 -1.327 -1.541 -1.681 -1.901 -2.103 -2.391 -2.607 -2.775 -2.932 -3.142 -3.281 -3.369 -3.499 -3.589 -1.265 -3.391
4.75 794.33 -1.554 -1.495 -1.439 -1.341 -1.352 -1.361 -1.481 -1.550 -1.745 -2.010 -2.180 -2.445 -2.665 -2.952 -3.162 -3.325 -3.480 -3.683 -3.819 -3.903 -4.029 -4.113 -1.554 -3.970
4.75 1000.00 -1.866 -1.812 -1.760 -1.662 -1.691 -1.726 -1.882 -1.976 -2.228 -2.559 -2.771 -3.096 -3.340 -3.630 -3.834 -3.994 -4.145 -4.343 -4.474 -4.554 -4.677 -4.755 -1.866 -4.663
5.00 1.00 2.787 2.808 2.905 2.975 3.032 2.994 2.913 2.830 2.693 2.520 2.360 2.179 1.934 1.508 1.252 1.045 0.840 0.530 0.319 0.155 -0.052 -0.258 2.787 0.972
5.00 1.26 2.770 2.794 2.892 2.963 3.021 2.984 2.904 2.821 2.683 2.510 2.350 2.169 1.924 1.496 1.239 1.031 0.826 0.517 0.307 0.143 -0.064 -0.268 2.770 0.961
5.00 1.58 2.749 2.777 2.876 2.949 3.008 2.973 2.892 2.809 2.671 2.497 2.338 2.156 1.910 1.481 1.222 1.013 0.809 0.501 0.292 0.128 -0.077 -0.281 2.749 0.948
5.00 2.00 2.723 2.756 2.856 2.931 2.991 2.958 2.878 2.795 2.656 2.482 2.323 2.141 1.894 1.463 1.201 0.992 0.788 0.482 0.273 0.111 -0.094 -0.296 2.723 0.931
5.00 2.51 2.692 2.730 2.833 2.909 2.971 2.939 2.860 2.776 2.637 2.462 2.303 2.121 1.874 1.441 1.177 0.967 0.764 0.459 0.251 0.090 -0.114 -0.315 2.692 0.910
5.00 3.16 2.655 2.699 2.804 2.883 2.946 2.916 2.837 2.754 2.613 2.438 2.279 2.097 1.849 1.415 1.148 0.937 0.735 0.432 0.225 0.065 -0.138 -0.337 2.655 0.885
5.00 3.98 2.611 2.662 2.769 2.851 2.915 2.887 2.807 2.724 2.583 2.408 2.250 2.068 1.819 1.384 1.113 0.902 0.701 0.400 0.195 0.036 -0.166 -0.363 2.611 0.853
5.00 5.01 2.557 2.617 2.727 2.811 2.876 2.850 2.770 2.688 2.545 2.370 2.213 2.032 1.783 1.346 1.073 0.861 0.661 0.363 0.159 0.002 -0.198 -0.393 2.557 0.815
5.00 6.31 2.494 2.563 2.675 2.762 2.828 2.803 2.724 2.641 2.498 2.324 2.168 1.988 1.739 1.303 1.026 0.814 0.615 0.320 0.118 -0.038 -0.236 -0.427 2.494 0.767
5.00 7.94 2.419 2.497 2.612 2.701 2.767 2.744 2.665 2.583 2.440 2.267 2.113 1.935 1.687 1.251 0.973 0.761 0.564 0.271 0.071 -0.082 -0.278 -0.467 2.419 0.711
5.00 10.00 2.331 2.418 2.535 2.627 2.692 2.672 2.593 2.512 2.369 2.199 2.047 1.872 1.626 1.193 0.913 0.701 0.505 0.216 0.019 -0.132 -0.326 -0.511 2.331 0.643
5.00 12.59 2.229 2.324 2.443 2.537 2.601 2.583 2.505 2.426 2.285 2.118 1.970 1.798 1.555 1.126 0.845 0.634 0.441 0.155 -0.040 -0.188 -0.380 -0.561 2.229 0.564
5.00 15.85 2.113 2.215 2.335 2.430 2.493 2.477 2.401 2.325 2.188 2.025 1.882 1.714 1.475 1.050 0.771 0.561 0.369 0.088 -0.104 -0.250 -0.439 -0.616 2.113 0.473
5.00 19.95 1.982 2.090 2.210 2.306 2.367 2.355 2.281 2.209 2.076 1.919 1.781 1.618 1.384 0.967 0.689 0.480 0.291 0.014 -0.175 -0.318 -0.504 -0.677 1.982 0.371
5.00 25.12 1.838 1.949 2.068 2.165 2.225 2.217 2.146 2.078 1.952 1.801 1.669 1.512 1.284 0.875 0.599 0.393 0.206 -0.067 -0.253 -0.393 -0.575 -0.744 1.838 0.257
5.00 31.62 1.682 1.794 1.912 2.010 2.068 2.065 1.998 1.935 1.816 1.671 1.547 1.396 1.174 0.774 0.502 0.298 0.113 -0.154 -0.337 -0.474 -0.653 -0.817 1.682 0.132
5.00 39.81 1.516 1.628 1.743 1.841 1.898 1.900 1.837 1.780 1.668 1.531 1.414 1.269 1.054 0.665 0.396 0.195 0.013 -0.249 -0.429 -0.562 -0.738 -0.897 1.516 -0.004
5.00 50.12 1.339 1.450 1.562 1.660 1.716 1.724 1.666 1.614 1.511 1.381 1.270 1.132 0.924 0.546 0.282 0.084 -0.095 -0.353 -0.529 -0.659 -0.831 -0.984 1.339 -0.151
5.00 63.10 1.155 1.264 1.372 1.470 1.524 1.539 1.485 1.439 1.344 1.221 1.117 0.984 0.783 0.417 0.157 -0.037 -0.214 -0.466 -0.638 -0.764 -0.933 -1.081 1.155 -0.309
5.00 79.43 0.964 1.069 1.174 1.272 1.324 1.344 1.294 1.255 1.167 1.050 0.952 0.825 0.631 0.276 0.022 -0.169 -0.343 -0.589 -0.758 -0.881 -1.046 -1.189 0.964 -0.480
5.00 100.00 0.766 0.868 0.968 1.066 1.117 1.142 1.096 1.062 0.980 0.867 0.776 0.652 0.464 0.122 -0.127 -0.315 -0.486 -0.727 -0.892 -1.011 -1.172 -1.309 0.766 -0.665
5.00 125.89 0.562 0.660 0.755 0.854 0.902 0.932 0.888 0.859 0.782 0.673 0.585 0.464 0.282 -0.049 -0.293 -0.476 -0.645 -0.880 -1.041 -1.156 -1.314 -1.445 0.562 -0.867
5.00 158.49 0.352 0.445 0.536 0.635 0.680 0.714 0.671 0.646 0.572 0.463 0.379 0.257 0.080 -0.240 -0.478 -0.657 -0.823 -1.052 -1.210 -1.321 -1.475 -1.601 0.352 -1.088
5.00 199.53 0.136 0.224 0.310 0.409 0.450 0.487 0.444 0.421 0.347 0.235 0.152 0.027 -0.146 -0.455 -0.687 -0.863 -1.026 -1.249 -1.403 -1.511 -1.661 -1.780 0.136 -1.334
5.00 251.19 -0.088 -0.004 0.077 0.176 0.213 0.250 0.205 0.182 0.105 -0.014 -0.099 -0.230 -0.402 -0.701 -0.927 -1.099 -1.259 -1.476 -1.626 -1.730 -1.876 -1.990 -0.088 -1.608
5.00 316.23 -0.320 -0.241 -0.164 -0.066 -0.035 0.001 -0.050 -0.074 -0.159 -0.289 -0.380 -0.521 -0.694 -0.984 -1.204 -1.372 -1.529 -1.741 -1.887 -1.987 -2.129 -2.237 -0.320 -1.920
5.00 398.11 -0.562 -0.488 -0.416 -0.317 -0.293 -0.262 -0.322 -0.350 -0.449 -0.598 -0.698 -0.856 -1.032 -1.315 -1.529 -1.693 -1.847 -2.053 -2.195 -2.291 -2.429 -2.531 -0.562 -2.277
5.00 501.19 -0.815 -0.746 -0.679 -0.581 -0.566 -0.543 -0.616 -0.652 -0.772 -0.947 -1.063 -1.245 -1.428 -1.704 -1.913 -2.073 -2.224 -2.424 -2.563 -2.654 -2.789 -2.885 -0.815 -2.691
5.00 630.96 -1.083 -1.019 -0.957 -0.859 -0.855 -0.845 -0.937 -0.986 -1.137 -1.349 -1.486 -1.701 -1.896 -2.169 -2.372 -2.528 -2.676 -2.870 -3.004 -3.092 -3.223 -3.313 -1.083 -3.177
5.00 794.33 -1.370 -1.311 -1.254 -1.155 -1.165 -1.174 -1.292 -1.360 -1.552 -1.814 -1.982 -2.242 -2.455 -2.727 -2.924 -3.076 -3.221 -3.409 -3.540 -3.623 -3.750 -3.834 -1.370 -3.754
5.00 1000.00 -1.678 -1.624 -1.572 -1.473 -1.502 -1.536 -1.690 -1.784 -2.033 -2.361 -2.571 -2.891 -3.127 -3.403 -3.594 -3.742 -3.884 -4.066 -4.193 -4.273 -4.395 -4.473 -1.678 -4.443
5.25 1.00 2.821 2.833 2.925 2.993 3.048 3.016 2.941 2.865 2.741 2.580 2.431 2.262 2.034 1.633 1.398 1.205 1.010 0.717 0.513 0.350 0.144 -0.059 2.821 1.061
5.25 1.26 2.805 2.821 2.913 2.982 3.039 3.007 2.933 2.857 2.733 2.572 2.423 2.253 2.024 1.623 1.386 1.192 0.997 0.706 0.502 0.339 0.134 -0.068 2.805 1.051
5.25 1.58 2.786 2.805 2.898 2.969 3.027 2.996 2.923 2.847 2.722 2.561 2.412 2.243 2.012 1.610 1.370 1.176 0.982 0.691 0.488 0.326 0.122 -0.080 2.786 1.039
5.25 2.00 2.763 2.786 2.881 2.953 3.012 2.984 2.910 2.835 2.709 2.548 2.399 2.229 1.998 1.594 1.352 1.157 0.964 0.674 0.471 0.310 0.107 -0.094 2.763 1.025
5.25 2.51 2.735 2.763 2.860 2.934 2.994 2.968 2.895 2.819 2.693 2.531 2.382 2.212 1.980 1.574 1.330 1.134 0.941 0.653 0.451 0.291 0.089 -0.110 2.735 1.007
5.25 3.16 2.702 2.735 2.834 2.911 2.973 2.948 2.875 2.800 2.673 2.510 2.362 2.192 1.959 1.551 1.303 1.107 0.915 0.628 0.428 0.269 0.067 -0.130 2.702 0.985
5.25 3.98 2.662 2.702 2.803 2.882 2.946 2.923 2.851 2.775 2.647 2.484 2.336 2.166 1.932 1.523 1.272 1.075 0.884 0.599 0.400 0.242 0.042 -0.154 2.662 0.958
5.25 5.01 2.615 2.662 2.766 2.848 2.913 2.892 2.820 2.744 2.615 2.452 2.304 2.134 1.900 1.489 1.235 1.037 0.847 0.565 0.367 0.211 0.012 -0.181 2.615 0.924
5.25 6.31 2.558 2.615 2.721 2.805 2.872 2.853 2.780 2.705 2.575 2.412 2.265 2.096 1.862 1.449 1.192 0.994 0.805 0.525 0.329 0.174 -0.023 -0.213 2.558 0.883
5.25 7.94 2.491 2.557 2.666 2.753 2.820 2.803 2.731 2.656 2.525 2.363 2.217 2.049 1.815 1.403 1.143 0.944 0.757 0.480 0.286 0.133 -0.062 -0.249 2.491 0.832
5.25 10.00 2.412 2.487 2.599 2.689 2.756 2.741 2.668 2.594 2.463 2.302 2.159 1.993 1.760 1.349 1.087 0.888 0.702 0.428 0.236 0.086 -0.107 -0.291 2.412 0.772
5.25 12.59 2.319 2.404 2.518 2.610 2.677 2.664 2.592 2.519 2.389 2.230 2.090 1.926 1.696 1.287 1.023 0.825 0.641 0.371 0.181 0.033 -0.157 -0.338 2.319 0.701
5.25 15.85 2.213 2.306 2.422 2.516 2.581 2.570 2.499 2.428 2.300 2.145 2.009 1.849 1.621 1.216 0.953 0.755 0.573 0.307 0.120 -0.025 -0.213 -0.390 2.213 0.618
5.25 19.95 2.092 2.192 2.309 2.404 2.467 2.460 2.390 2.323 2.198 2.048 1.916 1.760 1.537 1.137 0.875 0.678 0.499 0.237 0.053 -0.090 -0.275 -0.447 2.092 0.522
5.25 25.12 1.957 2.062 2.179 2.275 2.337 2.333 2.266 2.202 2.082 1.937 1.811 1.660 1.442 1.050 0.789 0.594 0.417 0.160 -0.021 -0.161 -0.343 -0.511 1.957 0.415
5.25 31.62 1.809 1.917 2.033 2.130 2.190 2.191 2.127 2.067 1.954 1.815 1.695 1.550 1.337 0.954 0.695 0.503 0.328 0.076 -0.102 -0.239 -0.418 -0.581 1.809 0.296
5.25 39.81 1.650 1.759 1.873 1.970 2.029 2.034 1.974 1.920 1.813 1.681 1.567 1.428 1.222 0.848 0.593 0.404 0.231 -0.016 -0.191 -0.324 -0.500 -0.658 1.650 0.166
5.25 50.12 1.480 1.589 1.700 1.798 1.855 1.866 1.810 1.761 1.661 1.536 1.429 1.296 1.096 0.733 0.482 0.296 0.126 -0.117 -0.288 -0.417 -0.590 -0.743 1.480 0.024
5.25 63.10 1.302 1.408 1.516 1.615 1.670 1.686 1.634 1.591 1.499 1.380 1.280 1.152 0.959 0.608 0.361 0.178 0.011 -0.226 -0.394 -0.520 -0.689 -0.836 1.302 -0.130
5.25 79.43 1.115 1.220 1.324 1.422 1.476 1.498 1.449 1.412 1.327 1.213 1.119 0.997 0.810 0.470 0.229 0.049 -0.116 -0.347 -0.511 -0.634 -0.799 -0.941 1.115 -0.297
5.25 100.00 0.922 1.023 1.123 1.222 1.273 1.300 1.255 1.223 1.144 1.035 0.947 0.827 0.647 0.319 0.083 -0.094 -0.255 -0.482 -0.642 -0.761 -0.922 -1.059 0.922 -0.478
5.25 125.89 0.722 0.819 0.915 1.014 1.063 1.094 1.052 1.024 0.950 0.844 0.760 0.642 0.468 0.151 -0.080 -0.252 -0.411 -0.632 -0.788 -0.904 -1.061 -1.192 0.722 -0.676
5.25 158.49 0.516 0.608 0.700 0.799 0.844 0.880 0.839 0.815 0.743 0.637 0.556 0.439 0.269 -0.037 -0.262 -0.431 -0.587 -0.802 -0.955 -1.066 -1.220 -1.345 0.516 -0.894
5.25 199.53 0.302 0.391 0.477 0.576 0.619 0.656 0.615 0.593 0.522 0.413 0.332 0.212 0.046 -0.249 -0.469 -0.634 -0.787 -0.996 -1.145 -1.252 -1.402 -1.522 0.302 -1.136
5.25 251.19 0.082 0.166 0.247 0.346 0.384 0.422 0.378 0.357 0.282 0.167 0.084 -0.042 -0.207 -0.492 -0.706 -0.867 -1.017 -1.220 -1.366 -1.469 -1.615 -1.729 0.082 -1.408
5.25 316.23 -0.147 -0.068 0.009 0.108 0.140 0.176 0.127 0.104 0.021 -0.106 -0.194 -0.331 -0.496 -0.772 -0.980 -1.138 -1.285 -1.483 -1.624 -1.723 -1.866 -1.974 -0.147 -1.716
5.25 398.11 -0.386 -0.312 -0.240 -0.141 -0.116 -0.084 -0.142 -0.169 -0.266 -0.412 -0.509 -0.663 -0.832 -1.100 -1.302 -1.456 -1.600 -1.792 -1.929 -2.025 -2.163 -2.265 -0.386 -2.070
5.25 501.19 -0.637 -0.568 -0.500 -0.401 -0.385 -0.361 -0.433 -0.469 -0.586 -0.759 -0.871 -1.049 -1.225 -1.488 -1.684 -1.833 -1.975 -2.161 -2.294 -2.386 -2.520 -2.616 -0.637 -2.482
5.25 630.96 -0.902 -0.838 -0.776 -0.677 -0.672 -0.661 -0.752 -0.800 -0.948 -1.157 -1.291 -1.503 -1.690 -1.949 -2.140 -2.285 -2.424 -2.604 -2.733 -2.821 -2.951 -3.042 -0.902 -2.965
5.25 794.33 -1.186 -1.126 -1.069 -0.970 -0.980 -0.987 -1.105 -1.171 -1.361 -1.620 -1.785 -2.041 -2.246 -2.505 -2.689 -2.831 -2.967 -3.140 -3.266 -3.350 -3.476 -3.560 -1.186 -3.539
5.25 1000.00 -1.492 -1.437 -1.385 -1.286 -1.313 -1.346 -1.500 -1.592 -1.839 -2.164 -2.371 -2.687 -2.917 -3.178 -3.357 -3.494 -3.627 -3.795 -3.916 -3.996 -4.119 -4.197 -1.492 -4.226
5.50 1.00 2.855 2.859 2.945 3.011 3.065 3.037 2.968 2.899 2.789 2.640 2.501 2.345 2.132 1.757 1.542 1.363 1.177 0.901 0.702 0.541 0.337 0.136 2.855 1.148
5.50 1.26 2.841 2.847 2.934 3.002 3.056 3.029 2.961 2.892 2.781 2.632 2.494 2.337 2.123 1.748 1.530 1.351 1.166 0.890 0.692 0.531 0.328 0.128 2.841 1.140
5.50 1.58 2.823 2.833 2.921 2.989 3.045 3.020 2.952 2.884 2.772 2.623 2.485 2.328 2.113 1.736 1.517 1.337 1.152 0.878 0.680 0.520 0.317 0.118 2.823 1.130
5.50 2.00 2.803 2.815 2.905 2.975 3.032 3.008 2.941 2.873 2.761 2.612 2.473 2.316 2.100 1.722 1.500 1.320 1.136 0.862 0.665 0.506 0.303 0.105 2.803 1.117
5.50 2.51 2.778 2.795 2.886 2.957 3.016 2.994 2.927 2.860 2.747 2.597 2.459 2.301 2.085 1.705 1.480 1.299 1.116 0.843 0.647 0.488 0.287 0.090 2.778 1.101
5.50 3.16 2.747 2.770 2.863 2.937 2.997 2.977 2.911 2.843 2.730 2.579 2.441 2.283 2.066 1.684 1.456 1.274 1.091 0.821 0.626 0.468 0.267 0.072 2.747 1.082
5.50 3.98 2.711 2.740 2.835 2.911 2.974 2.956 2.890 2.822 2.708 2.557 2.419 2.261 2.043 1.658 1.428 1.244 1.063 0.794 0.600 0.444 0.244 0.051 2.711 1.058
5.50 5.01 2.669 2.704 2.802 2.881 2.945 2.930 2.864 2.797 2.681 2.530 2.392 2.234 2.014 1.628 1.394 1.210 1.029 0.762 0.570 0.415 0.217 0.026 2.669 1.029
5.50 6.31 2.618 2.662 2.762 2.844 2.910 2.897 2.831 2.764 2.647 2.495 2.358 2.200 1.980 1.592 1.354 1.170 0.990 0.726 0.535 0.382 0.185 -0.003 2.618 0.993
5.50 7.94 2.558 2.611 2.715 2.799 2.866 2.855 2.789 2.722 2.604 2.453 2.316 2.159 1.939 1.550 1.309 1.123 0.945 0.684 0.495 0.343 0.149 -0.037 2.558 0.949
5.50 10.00 2.487 2.550 2.656 2.744 2.811 2.802 2.737 2.670 2.551 2.400 2.266 2.109 1.890 1.501 1.257 1.071 0.894 0.636 0.449 0.299 0.107 -0.076 2.487 0.896
5.50 12.59 2.403 2.477 2.586 2.676 2.743 2.736 2.671 2.605 2.486 2.337 2.204 2.050 1.831 1.443 1.197 1.011 0.837 0.582 0.397 0.250 0.060 -0.119 2.403 0.832
5.50 15.85 2.307 2.389 2.501 2.593 2.660 2.655 2.590 2.525 2.407 2.260 2.131 1.979 1.763 1.378 1.131 0.945 0.773 0.521 0.340 0.195 0.007 -0.168 2.307 0.757
5.50 19.95 2.196 2.286 2.400 2.494 2.559 2.557 2.493 2.430 2.314 2.171 2.046 1.898 1.685 1.304 1.057 0.872 0.702 0.454 0.275 0.133 -0.051 -0.223 2.196 0.669
5.50 25.12 2.070 2.168 2.282 2.378 2.441 2.442 2.379 2.320 2.208 2.069 1.948 1.805 1.596 1.222 0.975 0.792 0.624 0.381 0.205 0.066 -0.116 -0.283 2.070 0.569
5.50 31.62 1.932 2.034 2.147 2.244 2.306 2.310 2.250 2.194 2.087 1.954 1.839 1.700 1.496 1.130 0.885 0.704 0.538 0.300 0.127 -0.009 -0.188 -0.350 1.932 0.457
5.50 39.81 1.780 1.885 1.997 2.095 2.155 2.163 2.107 2.055 1.954 1.827 1.717 1.584 1.386 1.029 0.787 0.608 0.445 0.211 0.042 -0.091 -0.267 -0.424 1.780 0.333
5.50 50.12 1.618 1.723 1.833 1.932 1.990 2.003 1.950 1.903 1.809 1.688 1.585 1.457 1.265 0.917 0.680 0.504 0.343 0.114 -0.052 -0.181 -0.353 -0.506 1.618 0.196
5.50 63.10 1.446 1.550 1.658 1.756 1.813 1.831 1.781 1.740 1.653 1.537 1.440 1.318 1.133 0.796 0.562 0.389 0.231 0.008 -0.155 -0.281 -0.450 -0.597 1.446 0.047
5.50 79.43 1.265 1.367 1.471 1.570 1.625 1.648 1.602 1.566 1.485 1.375 1.284 1.166 0.988 0.662 0.432 0.263 0.107 -0.110 -0.270 -0.392 -0.557 -0.699 1.265 -0.115
5.50 100.00 1.076 1.176 1.276 1.375 1.427 1.456 1.413 1.382 1.307 1.201 1.115 1.001 0.828 0.513 0.289 0.124 -0.030 -0.242 -0.397 -0.516 -0.677 -0.814 1.076 -0.293
5.50 125.89 0.880 0.977 1.073 1.172 1.221 1.254 1.214 1.187 1.116 1.013 0.932 0.819 0.652 0.349 0.130 -0.032 -0.183 -0.389 -0.541 -0.656 -0.814 -0.945 0.880 -0.487
5.50 158.49 0.678 0.770 0.862 0.961 1.008 1.044 1.004 0.982 0.913 0.810 0.732 0.619 0.456 0.164 -0.049 -0.208 -0.355 -0.556 -0.705 -0.816 -0.969 -1.095 0.678 -0.702
5.50 199.53 0.468 0.556 0.643 0.742 0.785 0.824 0.784 0.763 0.695 0.589 0.511 0.395 0.236 -0.046 -0.253 -0.408 -0.553 -0.748 -0.892 -1.000 -1.149 -1.269 0.468 -0.940
5.50 251.19 0.251 0.334 0.416 0.516 0.554 0.593 0.551 0.531 0.459 0.346 0.266 0.144 -0.014 -0.285 -0.487 -0.638 -0.780 -0.970 -1.110 -1.214 -1.360 -1.473 0.251 -1.209
5.50 316.23 0.025 0.104 0.181 0.280 0.313 0.351 0.303 0.281 0.201 0.076 -0.009 -0.142 -0.300 -0.563 -0.760 -0.907 -1.045 -1.229 -1.366 -1.465 -1.607 -1.715 0.025 -1.514
5.50 398.11 -0.211 -0.137 -0.065 0.035 0.061 0.094 0.036 0.010 -0.084 -0.227 -0.322 -0.471 -0.633 -0.889 -1.079 -1.222 -1.358 -1.536 -1.669 -1.764 -1.902 -2.004 -0.211 -1.866
5.50 501.19 -0.459 -0.390 -0.322 -0.223 -0.206 -0.181 -0.252 -0.286 -0.401 -0.571 -0.681 -0.855 -1.024 -1.273 -1.458 -1.597 -1.730 -1.902 -2.031 -2.122 -2.257 -2.353 -0.459 -2.274
5.50 630.96 -0.722 -0.657 -0.595 -0.495 -0.490 -0.478 -0.568 -0.615 -0.760 -0.967 -1.099 -1.306 -1.486 -1.733 -1.911 -2.047 -2.176 -2.342 -2.467 -2.555 -2.685 -2.776 -0.722 -2.755
5.50 794.33 -1.003 -0.943 -0.885 -0.786 -0.795 -0.801 -0.918 -0.983 -1.171 -1.427 -1.590 -1.842 -2.040 -2.286 -2.458 -2.590 -2.717 -2.877 -2.997 -3.081 -3.208 -3.292 -1.003 -3.325
5.50 1000.00 -1.306 -1.251 -1.199 -1.099 -1.126 -1.158 -1.310 -1.402 -1.646 -1.969 -2.173 -2.485 -2.708 -2.956 -3.123 -3.250 -3.374 -3.528 -3.645 -3.725 -3.848 -3.926 -1.306 -4.010
5.75 1.00 2.889 2.885 2.966 3.030 3.081 3.058 2.995 2.933 2.836 2.699 2.571 2.427 2.229 1.880 1.683 1.518 1.342 1.081 0.888 0.728 0.526 0.327 2.889 1.235
5.75 1.26 2.876 2.874 2.956 3.021 3.073 3.051 2.989 2.927 2.829 2.692 2.564 2.420 2.221 1.872 1.673 1.507 1.332 1.072 0.879 0.720 0.518 0.320 2.876 1.227
5.75 1.58 2.861 2.861 2.944 3.010 3.063 3.042 2.981 2.919 2.821 2.684 2.556 2.411 2.212 1.861 1.661 1.495 1.320 1.060 0.868 0.709 0.508 0.311 2.861 1.219
5.75 2.00 2.842 2.845 2.929 2.996 3.051 3.032 2.971 2.910 2.811 2.674 2.546 2.401 2.201 1.848 1.646 1.479 1.305 1.046 0.855 0.697 0.496 0.300 2.842 1.207
5.75 2.51 2.819 2.826 2.911 2.980 3.037 3.019 2.959 2.898 2.799 2.662 2.534 2.388 2.187 1.833 1.628 1.460 1.286 1.029 0.839 0.681 0.481 0.286 2.819 1.194
5.75 3.16 2.791 2.803 2.890 2.961 3.020 3.004 2.944 2.884 2.784 2.646 2.518 2.373 2.171 1.814 1.606 1.438 1.265 1.009 0.819 0.663 0.464 0.270 2.791 1.177
5.75 3.98 2.759 2.776 2.865 2.938 2.999 2.986 2.926 2.866 2.766 2.627 2.499 2.353 2.150 1.791 1.580 1.411 1.238 0.984 0.796 0.641 0.442 0.251 2.759 1.156
5.75 5.01 2.720 2.744 2.835 2.911 2.974 2.963 2.904 2.845 2.742 2.604 2.476 2.330 2.125 1.764 1.550 1.379 1.208 0.955 0.768 0.614 0.418 0.228 2.720 1.131
5.75 6.31 2.674 2.706 2.800 2.879 2.944 2.935 2.877 2.817 2.714 2.574 2.447 2.301 2.095 1.732 1.513 1.342 1.172 0.922 0.736 0.584 0.389 0.201 2.674 1.100
5.75 7.94 2.620 2.661 2.758 2.840 2.906 2.900 2.842 2.782 2.677 2.538 2.411 2.265 2.059 1.694 1.471 1.299 1.130 0.883 0.699 0.548 0.355 0.170 2.620 1.062
5.75 10.00 2.557 2.607 2.707 2.792 2.860 2.856 2.798 2.738 2.632 2.493 2.367 2.221 2.015 1.649 1.423 1.250 1.082 0.838 0.656 0.508 0.316 0.134 2.557 1.015
5.75 12.59 2.482 2.542 2.646 2.734 2.802 2.800 2.742 2.683 2.576 2.437 2.313 2.168 1.962 1.596 1.368 1.194 1.028 0.787 0.608 0.461 0.272 0.094 2.482 0.958
5.75 15.85 2.394 2.465 2.572 2.662 2.730 2.731 2.672 2.614 2.507 2.370 2.248 2.105 1.901 1.536 1.305 1.132 0.968 0.730 0.553 0.409 0.222 0.048 2.394 0.891
5.75 19.95 2.294 2.374 2.482 2.575 2.642 2.645 2.587 2.530 2.424 2.289 2.170 2.031 1.829 1.467 1.235 1.062 0.900 0.667 0.493 0.351 0.167 -0.004 2.294 0.811
5.75 25.12 2.178 2.267 2.377 2.472 2.537 2.543 2.485 2.431 2.327 2.196 2.081 1.945 1.746 1.389 1.158 0.986 0.826 0.597 0.425 0.287 0.105 -0.061 2.178 0.719
5.75 31.62 2.049 2.144 2.255 2.351 2.415 2.423 2.367 2.316 2.216 2.089 1.979 1.847 1.652 1.302 1.072 0.901 0.744 0.519 0.351 0.215 0.037 -0.125 2.049 0.613
5.75 39.81 1.907 2.006 2.116 2.213 2.275 2.287 2.234 2.186 2.091 1.969 1.864 1.737 1.548 1.205 0.977 0.809 0.654 0.434 0.269 0.136 -0.039 -0.196 1.907 0.496
5.75 50.12 1.752 1.853 1.962 2.060 2.120 2.136 2.086 2.042 1.953 1.836 1.737 1.615 1.431 1.098 0.873 0.708 0.555 0.340 0.178 0.049 -0.123 -0.275 1.752 0.365
5.75 63.10 1.587 1.688 1.795 1.893 1.951 1.972 1.924 1.886 1.803 1.691 1.598 1.481 1.303 0.980 0.759 0.596 0.446 0.236 0.078 -0.048 -0.216 -0.363 1.587 0.221
5.75 79.43 1.411 1.512 1.616 1.715 1.770 1.796 1.752 1.718 1.641 1.534 1.447 1.333 1.162 0.850 0.633 0.473 0.326 0.121 -0.034 -0.156 -0.320 -0.462 1.411 0.063
5.75 100.00 1.228 1.327 1.426 1.526 1.579 1.609 1.568 1.539 1.467 1.364 1.282 1.172 1.006 0.705 0.493 0.337 0.192 -0.007 -0.158 -0.277 -0.438 -0.574 1.228 -0.110
5.75 125.89 1.037 1.133 1.228 1.328 1.378 1.413 1.373 1.349 1.281 1.181 1.102 0.994 0.834 0.543 0.336 0.184 0.042 -0.152 -0.299 -0.414 -0.571 -0.702 1.037 -0.300
5.75 158.49 0.838 0.930 1.022 1.121 1.169 1.207 1.168 1.147 1.081 0.981 0.905 0.797 0.641 0.362 0.160 0.011 -0.128 -0.316 -0.460 -0.571 -0.725 -0.850 0.838 -0.511
5.75 199.53 0.632 0.720 0.807 0.907 0.951 0.990 0.952 0.933 0.867 0.763 0.688 0.577 0.424 0.155 -0.041 -0.186 -0.323 -0.505 -0.645 -0.752 -0.902 -1.021 0.632 -0.747
5.75 251.19 0.418 0.502 0.584 0.684 0.723 0.763 0.722 0.703 0.634 0.523 0.446 0.328 0.177 -0.082 -0.273 -0.414 -0.548 -0.724 -0.860 -0.963 -1.109 -1.223 0.418 -1.012
5.75 316.23 0.195 0.275 0.352 0.452 0.485 0.524 0.477 0.457 0.379 0.257 0.174 0.045 -0.107 -0.357 -0.542 -0.680 -0.810 -0.981 -1.113 -1.212 -1.355 -1.462 0.195 -1.315
5.75 398.11 -0.038 0.037 0.110 0.209 0.236 0.270 0.214 0.189 0.097 -0.043 -0.136 -0.282 -0.437 -0.680 -0.859 -0.993 -1.120 -1.285 -1.413 -1.509 -1.647 -1.749 -0.038 -1.663
5.75 501.19 -0.283 -0.213 -0.145 -0.045 -0.028 -0.002 -0.072 -0.105 -0.218 -0.385 -0.492 -0.662 -0.825 -1.062 -1.235 -1.365 -1.489 -1.648 -1.773 -1.864 -1.999 -2.095 -0.283 -2.069
5.75 630.96 -0.543 -0.478 -0.415 -0.315 -0.309 -0.296 -0.385 -0.430 -0.574 -0.778 -0.907 -1.110 -1.285 -1.518 -1.686 -1.812 -1.933 -2.086 -2.207 -2.294 -2.425 -2.515 -0.543 -2.546
5.75 794.33 -0.821 -0.761 -0.703 -0.603 -0.611 -0.616 -0.732 -0.796 -0.982 -1.236 -1.396 -1.644 -1.836 -2.069 -2.230 -2.352 -2.471 -2.618 -2.734 -2.818 -2.945 -3.029 -0.821 -3.114
5.75 1000.00 -1.121 -1.066 -1.013 -0.913 -0.939 -0.971 -1.122 -1.212 -1.454 -1.775 -1.976 -2.284 -2.501 -2.737 -2.893 -3.010 -3.126 -3.267 -3.380 -3.460 -3.582 -3.660 -1.121 -3.795
6.00 1.00 2.924 2.912 2.988 3.050 3.099 3.079 3.022 2.968 2.883 2.758 2.640 2.508 2.325 2.001 1.823 1.671 1.504 1.258 1.071 0.912 0.711 0.515 2.924 1.321
6.00 1.26 2.912 2.902 2.979 3.041 3.091 3.073 3.016 2.962 2.877 2.752 2.634 2.502 2.318 1.994 1.814 1.662 1.495 1.249 1.063 0.905 0.704 0.509 2.912 1.314
6.00 1.58 2.898 2.889 2.967 3.031 3.082 3.065 3.009 2.955 2.869 2.745 2.627 2.494 2.310 1.984 1.803 1.650 1.484 1.239 1.053 0.895 0.695 0.500 2.898 1.306
6.00 2.00 2.881 2.875 2.953 3.018 3.071 3.055 3.000 2.946 2.861 2.736 2.618 2.485 2.300 1.973 1.790 1.636 1.471 1.226 1.041 0.884 0.684 0.491 2.881 1.297
6.00 2.51 2.860 2.857 2.937 3.003 3.057 3.044 2.989 2.936 2.850 2.725 2.607 2.474 2.288 1.959 1.774 1.619 1.454 1.211 1.026 0.870 0.671 0.479 2.860 1.285
6.00 3.16 2.835 2.836 2.917 2.985 3.041 3.030 2.976 2.923 2.837 2.711 2.594 2.460 2.273 1.942 1.754 1.599 1.434 1.192 1.008 0.853 0.655 0.464 2.835 1.270
6.00 3.98 2.805 2.811 2.894 2.964 3.023 3.014 2.961 2.908 2.821 2.695 2.577 2.443 2.255 1.922 1.730 1.574 1.410 1.170 0.987 0.833 0.636 0.446 2.805 1.252
6.00 5.01 2.770 2.782 2.867 2.940 3.000 2.994 2.941 2.889 2.801 2.674 2.557 2.423 2.233 1.898 1.702 1.545 1.382 1.144 0.962 0.809 0.614 0.426 2.770 1.230
6.00 6.31 2.728 2.747 2.835 2.911 2.973 2.970 2.918 2.866 2.776 2.649 2.532 2.397 2.207 1.868 1.669 1.511 1.349 1.113 0.933 0.781 0.587 0.401 2.728 1.203
6.00 7.94 2.679 2.707 2.797 2.876 2.941 2.940 2.889 2.837 2.746 2.618 2.501 2.366 2.175 1.834 1.631 1.471 1.311 1.077 0.898 0.748 0.556 0.373 2.679 1.170
6.00 10.00 2.622 2.659 2.753 2.835 2.902 2.903 2.852 2.800 2.708 2.580 2.463 2.328 2.136 1.793 1.586 1.425 1.266 1.035 0.859 0.711 0.520 0.340 2.622 1.129
6.00 12.59 2.555 2.602 2.699 2.785 2.853 2.857 2.805 2.754 2.660 2.532 2.416 2.282 2.089 1.745 1.534 1.373 1.216 0.988 0.813 0.667 0.479 0.302 2.555 1.079
6.00 15.85 2.476 2.534 2.635 2.723 2.792 2.798 2.746 2.695 2.600 2.473 2.359 2.226 2.033 1.690 1.476 1.314 1.159 0.934 0.762 0.619 0.432 0.259 2.476 1.019
6.00 19.95 2.385 2.454 2.557 2.648 2.716 2.725 2.673 2.622 2.527 2.401 2.290 2.159 1.968 1.626 1.410 1.248 1.095 0.874 0.705 0.564 0.380 0.210 2.385 0.947
6.00 25.12 2.280 2.358 2.464 2.557 2.624 2.635 2.583 2.534 2.441 2.317 2.208 2.080 1.892 1.553 1.336 1.175 1.024 0.807 0.641 0.502 0.322 0.156 2.280 0.863
6.00 31.62 2.161 2.247 2.354 2.449 2.515 2.528 2.477 2.431 2.339 2.218 2.114 1.989 1.804 1.471 1.254 1.095 0.945 0.733 0.569 0.434 0.256 0.095 2.161 0.765
6.00 39.81 2.028 2.120 2.227 2.324 2.388 2.404 2.354 2.311 2.223 2.106 2.007 1.886 1.705 1.379 1.163 1.006 0.858 0.651 0.490 0.358 0.184 0.027 2.028 0.654
6.00 50.12 1.882 1.978 2.084 2.182 2.244 2.263 2.216 2.176 2.093 1.981 1.886 1.770 1.594 1.276 1.063 0.907 0.763 0.561 0.403 0.274 0.103 -0.049 1.882 0.530
6.00 63.10 1.724 1.822 1.927 2.025 2.084 2.108 2.064 2.028 1.949 1.842 1.753 1.641 1.471 1.162 0.952 0.799 0.657 0.460 0.306 0.180 0.012 -0.134 1.724 0.392
6.00 79.43 1.556 1.654 1.756 1.855 1.912 1.940 1.898 1.867 1.793 1.691 1.607 1.498 1.334 1.035 0.829 0.679 0.540 0.348 0.197 0.075 -0.089 -0.231 1.556 0.239
6.00 100.00 1.378 1.475 1.574 1.673 1.728 1.760 1.720 1.693 1.625 1.526 1.446 1.341 1.182 0.894 0.692 0.546 0.409 0.222 0.075 -0.043 -0.204 -0.340 1.378 0.070
6.00 125.89 1.192 1.286 1.381 1.481 1.533 1.569 1.531 1.508 1.443 1.346 1.271 1.167 1.013 0.735 0.539 0.396 0.262 0.081 -0.063 -0.177 -0.335 -0.465 1.192 -0.116
6.00 158.49 0.997 1.089 1.180 1.280 1.328 1.367 1.330 1.311 1.248 1.150 1.077 0.973 0.824 0.556 0.365 0.226 0.095 -0.081 -0.221 -0.331 -0.485 -0.610 0.997 -0.323
6.00 199.53 0.795 0.883 0.970 1.070 1.114 1.155 1.118 1.100 1.037 0.936 0.864 0.756 0.610 0.353 0.167 0.031 -0.097 -0.267 -0.403 -0.510 -0.660 -0.779 0.795 -0.555
6.00 251.19 0.585 0.668 0.751 0.851 0.891 0.932 0.892 0.874 0.807 0.700 0.625 0.511 0.366 0.119 -0.061 -0.194 -0.319 -0.483 -0.615 -0.719 -0.865 -0.978 0.585 -0.817
6.00 316.23 0.365 0.444 0.522 0.622 0.656 0.696 0.650 0.631 0.555 0.436 0.356 0.230 0.085 -0.154 -0.328 -0.457 -0.579 -0.737 -0.866 -0.965 -1.107 -1.215 0.365 -1.117
6.00 398.11 0.135 0.210 0.283 0.383 0.410 0.445 0.390 0.366 0.277 0.139 0.049 -0.093 -0.243 -0.474 -0.642 -0.767 -0.887 -1.039 -1.163 -1.259 -1.397 -1.499 0.135 -1.462
6.00 501.19 -0.107 -0.037 0.031 0.131 0.149 0.176 0.107 0.076 -0.035 -0.200 -0.305 -0.471 -0.628 -0.853 -1.016 -1.136 -1.253 -1.400 -1.520 -1.612 -1.746 -1.842 -0.107 -1.865
6.00 630.96 -0.364 -0.299 -0.236 -0.136 -0.129 -0.115 -0.203 -0.247 -0.389 -0.590 -0.717 -0.917 -1.085 -1.307 -1.464 -1.581 -1.694 -1.835 -1.952 -2.039 -2.170 -2.260 -0.364 -2.339
6.00 794.33 -0.639 -0.579 -0.521 -0.421 -0.428 -0.433 -0.547 -0.610 -0.794 -1.045 -1.203 -1.448 -1.633 -1.855 -2.006 -2.119 -2.229 -2.364 -2.477 -2.560 -2.687 -2.771 -0.639 -2.904
6.00 1000.00 -0.937 -0.882 -0.828 -0.729 -0.754 -0.784 -0.935 -1.024 -1.263 -1.582 -1.781 -2.085 -2.296 -2.520 -2.665 -2.774 -2.882 -3.011 -3.119 -3.199 -3.322 -3.400 -0.937 -3.583
6.25 1.00 2.960 2.939 3.011 3.070 3.117 3.102 3.050 3.002 2.930 2.817 2.709 2.589 2.420 2.121 1.962 1.822 1.663 1.431 1.249 1.092 0.893 0.699 2.960 1.407
6.25 1.26 2.949 2.930 3.002 3.062 3.110 3.096 3.045 2.997 2.924 2.811 2.704 2.583 2.415 2.115 1.954 1.813 1.655 1.423 1.242 1.086 0.887 0.694 2.949 1.401
6.25 1.58 2.936 2.919 2.991 3.052 3.101 3.088 3.038 2.990 2.918 2.805 2.697 2.577 2.407 2.106 1.944 1.803 1.646 1.414 1.233 1.077 0.879 0.686 2.936 1.394
6.25 2.00 2.920 2.905 2.978 3.041 3.090 3.079 3.029 2.983 2.910 2.797 2.689 2.568 2.398 2.096 1.932 1.791 1.633 1.403 1.223 1.067 0.869 0.677 2.920 1.385
6.25 2.51 2.901 2.888 2.963 3.026 3.078 3.069 3.020 2.973 2.900 2.787 2.679 2.558 2.388 2.084 1.917 1.775 1.618 1.389 1.209 1.055 0.857 0.667 2.901 1.374
6.25 3.16 2.878 2.869 2.944 3.010 3.063 3.056 3.008 2.962 2.888 2.775 2.668 2.546 2.374 2.069 1.899 1.757 1.601 1.372 1.193 1.039 0.843 0.654 2.878 1.361
6.25 3.98 2.850 2.846 2.923 2.990 3.045 3.041 2.993 2.948 2.874 2.760 2.653 2.531 2.358 2.050 1.878 1.734 1.579 1.352 1.174 1.021 0.826 0.638 2.850 1.345
6.25 5.01 2.818 2.818 2.898 2.967 3.025 3.023 2.976 2.932 2.857 2.743 2.635 2.513 2.339 2.028 1.852 1.708 1.553 1.328 1.151 1.000 0.805 0.619 2.818 1.326
6.25 6.31 2.780 2.787 2.868 2.941 3.001 3.002 2.956 2.912 2.836 2.721 2.614 2.491 2.315 2.002 1.822 1.676 1.523 1.300 1.124 0.974 0.781 0.597 2.780 1.302
6.25 7.94 2.736 2.750 2.834 2.910 2.972 2.976 2.931 2.887 2.810 2.694 2.587 2.464 2.287 1.971 1.786 1.639 1.487 1.266 1.093 0.944 0.752 0.570 2.736 1.273
6.25 10.00 2.684 2.707 2.794 2.873 2.938 2.945 2.900 2.856 2.777 2.661 2.554 2.431 2.253 1.934 1.745 1.597 1.446 1.228 1.056 0.909 0.719 0.540 2.684 1.238
6.25 12.59 2.623 2.657 2.747 2.829 2.896 2.906 2.861 2.817 2.737 2.620 2.514 2.390 2.211 1.890 1.697 1.548 1.399 1.184 1.014 0.869 0.681 0.505 2.623 1.195
6.25 15.85 2.553 2.597 2.691 2.776 2.845 2.857 2.812 2.768 2.686 2.569 2.464 2.341 2.161 1.839 1.643 1.493 1.345 1.133 0.966 0.823 0.637 0.465 2.553 1.142
6.25 19.95 2.471 2.526 2.623 2.712 2.781 2.795 2.750 2.706 2.623 2.507 2.403 2.281 2.102 1.780 1.581 1.431 1.285 1.077 0.911 0.771 0.588 0.419 2.471 1.078
6.25 25.12 2.376 2.442 2.542 2.633 2.702 2.718 2.672 2.630 2.547 2.431 2.330 2.210 2.032 1.713 1.511 1.361 1.217 1.013 0.850 0.713 0.532 0.367 2.376 1.001
6.25 31.62 2.267 2.342 2.444 2.538 2.606 2.624 2.579 2.538 2.455 2.342 2.244 2.126 1.951 1.635 1.433 1.284 1.142 0.942 0.782 0.648 0.470 0.310 2.267 0.912
6.25 39.81 2.144 2.227 2.330 2.426 2.492 2.512 2.468 2.429 2.349 2.239 2.144 2.030 1.858 1.548 1.346 1.198 1.058 0.863 0.707 0.575 0.401 0.244 2.144 0.809
6.25 50.12 2.007 2.096 2.200 2.297 2.360 2.384 2.341 2.305 2.228 2.121 2.031 1.920 1.753 1.450 1.249 1.103 0.966 0.776 0.622 0.494 0.323 0.171 2.007 0.691
6.25 63.10 1.858 1.950 2.053 2.151 2.212 2.239 2.198 2.165 2.092 1.990 1.904 1.797 1.635 1.340 1.142 0.998 0.864 0.678 0.528 0.403 0.235 0.089 1.858 0.559
6.25 79.43 1.696 1.791 1.892 1.990 2.049 2.079 2.040 2.011 1.943 1.844 1.764 1.660 1.503 1.217 1.022 0.881 0.749 0.569 0.423 0.301 0.137 -0.005 1.696 0.412
6.25 100.00 1.525 1.619 1.717 1.817 1.872 1.907 1.869 1.845 1.780 1.684 1.608 1.507 1.355 1.079 0.889 0.751 0.622 0.447 0.304 0.186 0.025 -0.111 1.525 0.248
6.25 125.89 1.344 1.437 1.532 1.631 1.684 1.722 1.686 1.665 1.603 1.509 1.437 1.337 1.190 0.924 0.738 0.604 0.477 0.308 0.169 0.054 -0.103 -0.234 1.344 0.066
6.25 158.49 1.155 1.245 1.336 1.436 1.485 1.526 1.491 1.472 1.412 1.318 1.247 1.147 1.004 0.748 0.568 0.437 0.313 0.149 0.013 -0.097 -0.251 -0.376 1.155 -0.137
6.25 199.53 0.957 1.044 1.131 1.231 1.276 1.318 1.282 1.266 1.205 1.107 1.037 0.933 0.793 0.548 0.372 0.245 0.124 -0.034 -0.166 -0.273 -0.423 -0.542 0.957 -0.366
6.25 251.19 0.750 0.833 0.916 1.016 1.057 1.099 1.060 1.044 0.979 0.874 0.802 0.691 0.552 0.316 0.146 0.023 -0.095 -0.248 -0.376 -0.479 -0.625 -0.738 0.750 -0.624
6.25 316.23 0.534 0.613 0.691 0.791 0.826 0.867 0.822 0.804 0.731 0.613 0.536 0.414 0.274 0.047 -0.118 -0.237 -0.353 -0.499 -0.623 -0.723 -0.865 -0.973 0.534 -0.920
6.25 398.11 0.307 0.382 0.455 0.555 0.583 0.619 0.565 0.542 0.455 0.319 0.232 0.093 -0.050 -0.270 -0.429 -0.545 -0.657 -0.798 -0.918 -1.014 -1.152 -1.254 0.307 -1.263
6.25 501.19 0.068 0.138 0.206 0.307 0.326 0.353 0.285 0.255 0.146 -0.016 -0.119 -0.282 -0.433 -0.647 -0.800 -0.912 -1.021 -1.156 -1.273 -1.364 -1.499 -1.595 0.068 -1.662
6.25 630.96 -0.186 -0.121 -0.057 0.043 0.050 0.065 -0.022 -0.065 -0.205 -0.404 -0.529 -0.725 -0.887 -1.098 -1.245 -1.354 -1.460 -1.589 -1.702 -1.789 -1.920 -2.010 -0.186 -2.134
6.25 794.33 -0.459 -0.398 -0.340 -0.239 -0.246 -0.250 -0.364 -0.426 -0.607 -0.856 -1.012 -1.253 -1.433 -1.643 -1.785 -1.889 -1.992 -2.115 -2.224 -2.308 -2.434 -2.519 -0.459 -2.696
6.25 1000.00 -0.754 -0.698 -0.645 -0.544 -0.569 -0.599 -0.748 -0.836 -1.074 -1.390 -1.587 -1.888 -2.093 -2.307 -2.442 -2.542 -2.643 -2.760 -2.864 -2.944 -3.067 -3.145 -0.754 -3.372
6.50 1.00 2.997 2.969 3.036 3.093 3.137 3.125 3.079 3.038 2.977 2.876 2.778 2.669 2.516 2.241 2.098 1.971 1.820 1.601 1.424 1.269 1.071 0.880 2.997 1.492
6.50 1.26 2.987 2.960 3.027 3.085 3.130 3.120 3.074 3.033 2.972 2.871 2.773 2.665 2.510 2.235 2.091 1.963 1.813 1.594 1.418 1.263 1.066 0.875 2.987 1.487
6.50 1.58 2.975 2.949 3.017 3.075 3.121 3.112 3.067 3.027 2.966 2.865 2.767 2.659 2.504 2.227 2.082 1.954 1.804 1.586 1.410 1.256 1.059 0.868 2.975 1.481
6.50 2.00 2.960 2.936 3.005 3.064 3.111 3.104 3.059 3.019 2.959 2.857 2.760 2.651 2.496 2.218 2.072 1.943 1.793 1.576 1.400 1.246 1.050 0.861 2.960 1.473
6.50 2.51 2.942 2.921 2.990 3.051 3.099 3.094 3.050 3.010 2.950 2.848 2.751 2.642 2.486 2.207 2.058 1.929 1.780 1.563 1.389 1.235 1.039 0.851 2.942 1.463
6.50 3.16 2.921 2.902 2.972 3.035 3.085 3.082 3.039 3.000 2.939 2.838 2.741 2.631 2.474 2.193 2.042 1.912 1.764 1.548 1.374 1.222 1.026 0.839 2.921 1.451
6.50 3.98 2.896 2.880 2.952 3.016 3.068 3.067 3.026 2.987 2.926 2.825 2.728 2.618 2.460 2.176 2.023 1.892 1.744 1.530 1.357 1.205 1.011 0.825 2.896 1.437
6.50 5.01 2.866 2.855 2.928 2.994 3.049 3.051 3.010 2.972 2.911 2.809 2.712 2.602 2.442 2.156 1.999 1.867 1.720 1.508 1.336 1.185 0.992 0.808 2.866 1.420
6.50 6.31 2.830 2.825 2.901 2.970 3.027 3.032 2.992 2.955 2.892 2.790 2.693 2.582 2.421 2.133 1.972 1.838 1.693 1.482 1.311 1.162 0.970 0.788 2.830 1.399
6.50 7.94 2.790 2.791 2.869 2.941 3.001 3.009 2.970 2.933 2.870 2.767 2.670 2.558 2.396 2.104 1.939 1.804 1.660 1.451 1.282 1.134 0.944 0.764 2.790 1.374
6.50 10.00 2.742 2.752 2.832 2.908 2.971 2.982 2.943 2.907 2.842 2.738 2.641 2.529 2.366 2.071 1.901 1.765 1.622 1.416 1.248 1.102 0.913 0.735 2.742 1.343
6.50 12.59 2.687 2.707 2.790 2.869 2.934 2.949 2.911 2.875 2.808 2.703 2.606 2.494 2.329 2.031 1.857 1.720 1.577 1.374 1.209 1.065 0.878 0.703 2.687 1.305
6.50 15.85 2.624 2.654 2.740 2.823 2.890 2.907 2.870 2.834 2.765 2.660 2.563 2.451 2.285 1.985 1.806 1.668 1.527 1.327 1.164 1.022 0.837 0.665 2.624 1.259
6.50 19.95 2.550 2.591 2.681 2.768 2.836 2.856 2.818 2.782 2.711 2.606 2.510 2.398 2.232 1.931 1.748 1.609 1.470 1.274 1.113 0.973 0.791 0.623 2.550 1.202
6.50 25.12 2.465 2.517 2.611 2.700 2.769 2.791 2.752 2.717 2.645 2.539 2.446 2.334 2.168 1.868 1.682 1.543 1.406 1.214 1.055 0.918 0.738 0.574 2.465 1.134
6.50 31.62 2.366 2.429 2.526 2.618 2.686 2.710 2.671 2.636 2.564 2.460 2.368 2.259 2.094 1.796 1.608 1.469 1.334 1.146 0.990 0.856 0.679 0.519 2.366 1.053
6.50 39.81 2.253 2.326 2.425 2.519 2.586 2.612 2.573 2.540 2.468 2.365 2.277 2.170 2.007 1.713 1.524 1.386 1.254 1.070 0.918 0.786 0.612 0.457 2.253 0.957
6.50 50.12 2.126 2.207 2.307 2.403 2.468 2.496 2.458 2.426 2.357 2.256 2.172 2.067 1.908 1.620 1.431 1.295 1.165 0.986 0.836 0.708 0.537 0.386 2.126 0.847
6.50 63.10 1.986 2.072 2.172 2.270 2.332 2.363 2.325 2.297 2.230 2.133 2.052 1.950 1.795 1.514 1.328 1.193 1.066 0.892 0.745 0.620 0.453 0.307 1.986 0.722
6.50 79.43 1.833 1.923 2.022 2.120 2.180 2.213 2.177 2.152 2.088 1.994 1.917 1.818 1.668 1.395 1.212 1.080 0.955 0.786 0.643 0.521 0.357 0.216 1.833 0.581
6.50 100.00 1.669 1.760 1.856 1.956 2.013 2.049 2.015 1.992 1.932 1.840 1.767 1.670 1.525 1.261 1.081 0.952 0.830 0.666 0.527 0.409 0.248 0.113 1.669 0.422
6.50 125.89 1.494 1.585 1.679 1.778 1.832 1.872 1.838 1.819 1.761 1.670 1.600 1.505 1.364 1.110 0.934 0.808 0.688 0.530 0.394 0.280 0.123 -0.007 1.494 0.245
6.50 158.49 1.310 1.399 1.489 1.589 1.640 1.682 1.648 1.632 1.575 1.483 1.415 1.319 1.181 0.937 0.766 0.644 0.527 0.374 0.242 0.131 -0.022 -0.147 1.310 0.046
6.50 199.53 1.116 1.203 1.289 1.389 1.436 1.479 1.445 1.430 1.372 1.276 1.209 1.109 0.974 0.740 0.574 0.455 0.341 0.194 0.065 -0.042 -0.191 -0.310 1.116 -0.178
6.50 251.19 0.914 0.997 1.079 1.179 1.221 1.264 1.226 1.212 1.149 1.047 0.977 0.870 0.736 0.511 0.351 0.235 0.124 -0.017 -0.142 -0.245 -0.391 -0.504 0.914 -0.434
6.50 316.23 0.701 0.780 0.858 0.958 0.994 1.036 0.992 0.975 0.904 0.789 0.714 0.595 0.461 0.245 0.090 -0.022 -0.130 -0.266 -0.387 -0.486 -0.628 -0.736 0.701 -0.726
6.50 398.11 0.478 0.553 0.626 0.726 0.755 0.792 0.739 0.717 0.632 0.498 0.413 0.278 0.140 -0.070 -0.219 -0.327 -0.432 -0.562 -0.679 -0.775 -0.913 -1.014 0.478 -1.065
6.50 501.19 0.242 0.312 0.381 0.481 0.501 0.529 0.462 0.432 0.326 0.166 0.065 -0.095 -0.240 -0.444 -0.587 -0.691 -0.794 -0.918 -1.031 -1.122 -1.257 -1.353 0.242 -1.462
6.50 630.96 -0.009 0.056 0.120 0.220 0.229 0.244 0.158 0.115 -0.022 -0.219 -0.342 -0.535 -0.692 -0.892 -1.030 -1.130 -1.230 -1.348 -1.457 -1.545 -1.675 -1.765 -0.009 -1.931
6.50 794.33 -0.279 -0.218 -0.159 -0.059 -0.065 -0.068 -0.181 -0.242 -0.421 -0.669 -0.822 -1.060 -1.235 -1.435 -1.567 -1.663 -1.760 -1.872 -1.977 -2.061 -2.187 -2.271 -0.279 -2.490
6.50 1000.00 -0.571 -0.516 -0.462 -0.361 -0.385 -0.414 -0.563 -0.650 -0.886 -1.200 -1.395 -1.693 -1.892 -2.095 -2.221 -2.314 -2.407 -2.514 -2.615 -2.695 -2.817 -2.895 -0.571 -3.163
6.75 1.00 3.035 3.000 3.062 3.116 3.158 3.150 3.109 3.074 3.025 2.935 2.848 2.750 2.611 2.359 2.233 2.117 1.974 1.768 1.596 1.442 1.246 1.057 3.035 1.578
6.75 1.26 3.026 2.991 3.054 3.109 3.151 3.145 3.104 3.069 3.021 2.931 2.843 2.746 2.606 2.353 2.227 2.110 1.968 1.762 1.590 1.437 1.241 1.053 3.026 1.573
6.75 1.58 3.015 2.981 3.044 3.100 3.143 3.138 3.098 3.064 3.015 2.925 2.838 2.740 2.600 2.347 2.219 2.102 1.960 1.754 1.583 1.430 1.235 1.047 3.015 1.568
6.75 2.00 3.001 2.969 3.032 3.089 3.133 3.130 3.090 3.056 3.008 2.918 2.831 2.734 2.593 2.338 2.209 2.092 1.950 1.745 1.575 1.422 1.227 1.040 3.001 1.560
6.75 2.51 2.985 2.954 3.018 3.076 3.122 3.120 3.081 3.048 3.000 2.910 2.823 2.725 2.584 2.328 2.197 2.080 1.938 1.734 1.564 1.412 1.218 1.031 2.985 1.551
6.75 3.16 2.965 2.937 3.002 3.061 3.108 3.108 3.070 3.038 2.990 2.900 2.813 2.715 2.573 2.316 2.183 2.064 1.923 1.720 1.551 1.400 1.206 1.021 2.965 1.541
6.75 3.98 2.941 2.916 2.982 3.043 3.092 3.095 3.058 3.026 2.978 2.888 2.801 2.703 2.560 2.301 2.165 2.046 1.906 1.704 1.535 1.385 1.192 1.008 2.941 1.528
6.75 5.01 2.913 2.892 2.959 3.022 3.074 3.079 3.043 3.012 2.964 2.874 2.787 2.689 2.544 2.283 2.144 2.024 1.884 1.684 1.516 1.367 1.175 0.993 2.913 1.512
6.75 6.31 2.880 2.864 2.933 2.999 3.052 3.061 3.026 2.996 2.947 2.857 2.770 2.671 2.525 2.261 2.119 1.997 1.859 1.660 1.494 1.346 1.155 0.974 2.880 1.494
6.75 7.94 2.843 2.832 2.903 2.971 3.028 3.040 3.006 2.977 2.927 2.836 2.749 2.650 2.503 2.235 2.089 1.966 1.829 1.632 1.467 1.320 1.131 0.952 2.843 1.471
6.75 10.00 2.799 2.795 2.869 2.940 3.000 3.015 2.983 2.954 2.903 2.811 2.725 2.625 2.475 2.205 2.053 1.930 1.793 1.599 1.436 1.290 1.103 0.926 2.799 1.444
6.75 12.59 2.748 2.754 2.830 2.905 2.968 2.987 2.955 2.927 2.874 2.781 2.694 2.594 2.443 2.169 2.012 1.887 1.752 1.561 1.399 1.256 1.070 0.896 2.748 1.411
6.75 15.85 2.691 2.706 2.786 2.864 2.930 2.952 2.921 2.892 2.837 2.744 2.657 2.556 2.403 2.126 1.965 1.839 1.705 1.516 1.357 1.216 1.032 0.861 2.691 1.370
6.75 19.95 2.624 2.650 2.733 2.816 2.884 2.908 2.877 2.849 2.792 2.698 2.611 2.509 2.356 2.077 1.911 1.783 1.651 1.466 1.309 1.170 0.988 0.821 2.624 1.321
6.75 25.12 2.547 2.585 2.672 2.758 2.827 2.854 2.823 2.794 2.735 2.640 2.555 2.453 2.299 2.019 1.849 1.720 1.590 1.409 1.254 1.118 0.939 0.775 2.547 1.260
6.75 31.62 2.458 2.508 2.598 2.688 2.757 2.786 2.754 2.726 2.665 2.570 2.486 2.385 2.231 1.952 1.778 1.650 1.522 1.345 1.193 1.059 0.882 0.723 2.458 1.187
6.75 39.81 2.356 2.416 2.510 2.602 2.671 2.701 2.669 2.641 2.580 2.486 2.403 2.304 2.152 1.874 1.699 1.571 1.445 1.272 1.123 0.992 0.819 0.664 2.356 1.101
6.75 50.12 2.240 2.310 2.405 2.500 2.566 2.599 2.566 2.540 2.479 2.386 2.307 2.209 2.059 1.785 1.610 1.483 1.359 1.191 1.045 0.917 0.747 0.596 2.240 0.999
6.75 63.10 2.109 2.187 2.283 2.380 2.444 2.479 2.446 2.421 2.362 2.270 2.194 2.099 1.952 1.685 1.510 1.384 1.263 1.100 0.957 0.832 0.665 0.520 2.109 0.881
6.75 79.43 1.965 2.048 2.144 2.242 2.304 2.341 2.308 2.286 2.229 2.139 2.067 1.973 1.830 1.570 1.397 1.274 1.155 0.997 0.857 0.736 0.572 0.432 1.965 0.746
6.75 100.00 1.809 1.895 1.990 2.089 2.147 2.187 2.155 2.135 2.080 1.992 1.923 1.830 1.692 1.440 1.270 1.149 1.034 0.880 0.744 0.626 0.466 0.331 1.809 0.594
6.75 125.89 1.641 1.728 1.821 1.920 1.975 2.017 1.986 1.969 1.915 1.828 1.761 1.670 1.535 1.292 1.126 1.008 0.895 0.747 0.615 0.501 0.344 0.214 1.641 0.421
6.75 158.49 1.463 1.549 1.639 1.739 1.790 1.834 1.803 1.788 1.734 1.646 1.581 1.488 1.357 1.123 0.962 0.847 0.736 0.594 0.465 0.355 0.201 0.077 1.463 0.227
6.75 199.53 1.274 1.359 1.445 1.545 1.593 1.638 1.604 1.591 1.536 1.443 1.378 1.282 1.153 0.929 0.772 0.661 0.553 0.416 0.291 0.184 0.035 -0.084 1.274 0.007
6.75 251.19 1.076 1.158 1.240 1.340 1.383 1.428 1.391 1.378 1.318 1.218 1.150 1.046 0.918 0.704 0.552 0.444 0.339 0.208 0.087 -0.016 -0.162 -0.275 1.076 -0.245
6.75 316.23 0.868 0.946 1.024 1.124 1.161 1.203 1.161 1.145 1.076 0.964 0.890 0.775 0.646 0.440 0.294 0.189 0.087 -0.038 -0.155 -0.255 -0.397 -0.504 0.868 -0.534
6.75 398.11 0.648 0.722 0.795 0.896 0.925 0.963 0.911 0.890 0.807 0.676 0.593 0.460 0.328 0.128 -0.012 -0.113 -0.212 -0.332 -0.445 -0.541 -0.679 -0.780 0.648 -0.870
6.75 501.19 0.415 0.485 0.554 0.654 0.674 0.704 0.638 0.609 0.504 0.346 0.248 0.091 -0.049 -0.243 -0.378 -0.475 -0.571 -0.685 -0.794 -0.886 -1.020 -1.116 0.415 -1.263
6.75 630.96 0.167 0.232 0.296 0.397 0.406 0.422 0.337 0.295 0.160 -0.036 -0.156 -0.346 -0.498 -0.689 -0.818 -0.911 -1.004 -1.112 -1.218 -1.306 -1.436 -1.526 0.167 -1.729
6.75 794.33 -0.100 -0.039 0.020 0.120 0.115 0.113 0.001 -0.060 -0.237 -0.483 -0.634 -0.869 -1.039 -1.229 -1.352 -1.441 -1.531 -1.634 -1.735 -1.819 -1.945 -2.029 -0.100 -2.286
6.75 1000.00 -0.390 -0.334 -0.280 -0.179 -0.202 -0.230 -0.378 -0.465 -0.699 -1.011 -1.204 -1.499 -1.693 -1.887 -2.004 -2.089 -2.176 -2.273 -2.371 -2.450 -2.573 -2.651 -0.390 -2.956
7.00 1.00 3.075 3.032 3.090 3.142 3.181 3.177 3.141 3.112 3.075 2.996 2.918 2.832 2.705 2.476 2.367 2.262 2.126 1.931 1.764 1.612 1.417 1.231 3.075 1.665
7.00 1.26 3.067 3.025 3.082 3.135 3.175 3.172 3.136 3.108 3.070 2.991 2.914 2.828 2.701 2.471 2.361 2.256 2.120 1.926 1.759 1.607 1.413 1.227 3.067 1.660
7.00 1.58 3.056 3.015 3.073 3.127 3.167 3.165 3.130 3.102 3.065 2.986 2.908 2.822 2.696 2.465 2.354 2.248 2.113 1.919 1.753 1.601 1.407 1.222 3.056 1.655
7.00 2.00 3.044 3.004 3.062 3.116 3.158 3.157 3.123 3.095 3.058 2.980 2.902 2.816 2.689 2.458 2.346 2.239 2.104 1.911 1.745 1.594 1.400 1.216 3.044 1.648
7.00 2.51 3.028 2.990 3.049 3.104 3.146 3.148 3.114 3.087 3.050 2.972 2.895 2.808 2.681 2.448 2.335 2.228 2.094 1.901 1.735 1.585 1.392 1.208 3.028 1.640
7.00 3.16 3.010 2.973 3.033 3.089 3.133 3.136 3.103 3.077 3.041 2.963 2.885 2.799 2.671 2.437 2.322 2.214 2.080 1.888 1.724 1.574 1.382 1.199 3.010 1.630
7.00 3.98 2.987 2.953 3.014 3.072 3.117 3.123 3.091 3.066 3.030 2.951 2.874 2.788 2.659 2.423 2.305 2.197 2.064 1.873 1.709 1.560 1.369 1.187 2.987 1.618
7.00 5.01 2.961 2.930 2.992 3.052 3.099 3.107 3.077 3.053 3.016 2.938 2.861 2.775 2.645 2.407 2.286 2.177 2.045 1.855 1.692 1.544 1.354 1.173 2.961 1.604
7.00 6.31 2.930 2.904 2.966 3.028 3.079 3.090 3.061 3.037 3.001 2.922 2.846 2.759 2.627 2.387 2.263 2.153 2.021 1.834 1.672 1.525 1.335 1.156 2.930 1.586
7.00 7.94 2.895 2.873 2.938 3.002 3.055 3.070 3.042 3.019 2.983 2.904 2.827 2.740 2.607 2.364 2.235 2.124 1.994 1.808 1.647 1.502 1.313 1.136 2.895 1.566
7.00 10.00 2.854 2.838 2.905 2.973 3.029 3.047 3.021 2.999 2.961 2.882 2.805 2.717 2.582 2.336 2.203 2.091 1.961 1.777 1.618 1.474 1.287 1.113 2.854 1.542
7.00 12.59 2.807 2.799 2.868 2.940 2.999 3.021 2.996 2.975 2.936 2.855 2.779 2.689 2.553 2.303 2.165 2.051 1.923 1.742 1.584 1.442 1.257 1.085 2.807 1.512
7.00 15.85 2.754 2.755 2.827 2.902 2.965 2.991 2.966 2.945 2.904 2.823 2.746 2.656 2.518 2.264 2.121 2.006 1.879 1.701 1.545 1.405 1.222 1.052 2.754 1.477
7.00 19.95 2.693 2.704 2.780 2.859 2.925 2.954 2.930 2.909 2.866 2.783 2.706 2.616 2.476 2.219 2.070 1.954 1.828 1.654 1.500 1.362 1.181 1.015 2.693 1.434
7.00 25.12 2.624 2.646 2.726 2.809 2.877 2.909 2.884 2.863 2.818 2.734 2.657 2.566 2.425 2.165 2.012 1.894 1.771 1.600 1.449 1.313 1.134 0.972 2.624 1.380
7.00 31.62 2.544 2.578 2.662 2.748 2.817 2.852 2.827 2.806 2.758 2.673 2.597 2.505 2.363 2.103 1.945 1.827 1.706 1.538 1.390 1.257 1.081 0.922 2.544 1.316
7.00 39.81 2.451 2.498 2.585 2.675 2.744 2.780 2.754 2.734 2.684 2.598 2.523 2.432 2.290 2.031 1.870 1.752 1.632 1.469 1.324 1.193 1.020 0.866 2.451 1.237
7.00 50.12 2.346 2.403 2.493 2.586 2.654 2.692 2.665 2.645 2.594 2.508 2.435 2.345 2.204 1.947 1.785 1.667 1.550 1.391 1.248 1.121 0.951 0.801 2.346 1.144
7.00 63.10 2.226 2.293 2.385 2.480 2.546 2.585 2.558 2.538 2.487 2.402 2.332 2.242 2.104 1.851 1.688 1.571 1.457 1.303 1.163 1.039 0.872 0.727 2.226 1.034
7.00 79.43 2.092 2.167 2.259 2.356 2.419 2.460 2.432 2.414 2.364 2.280 2.212 2.123 1.988 1.741 1.579 1.464 1.352 1.203 1.067 0.946 0.782 0.642 2.092 0.907
7.00 100.00 1.944 2.024 2.116 2.215 2.275 2.318 2.289 2.273 2.223 2.140 2.074 1.987 1.855 1.615 1.456 1.343 1.233 1.089 0.957 0.839 0.679 0.544 1.944 0.761
7.00 125.89 1.784 1.867 1.958 2.057 2.113 2.158 2.129 2.115 2.066 1.982 1.919 1.831 1.703 1.471 1.315 1.205 1.097 0.959 0.830 0.716 0.559 0.429 1.784 0.594
7.00 158.49 1.613 1.696 1.784 1.884 1.937 1.983 1.953 1.941 1.891 1.806 1.744 1.654 1.529 1.306 1.154 1.046 0.942 0.809 0.683 0.573 0.420 0.295 1.613 0.405
7.00 199.53 1.430 1.512 1.598 1.698 1.746 1.793 1.762 1.750 1.698 1.608 1.545 1.452 1.329 1.115 0.967 0.863 0.761 0.634 0.512 0.405 0.256 0.137 1.430 0.189
7.00 251.19 1.236 1.317 1.399 1.499 1.542 1.589 1.553 1.541 1.484 1.386 1.321 1.221 1.098 0.893 0.750 0.649 0.550 0.428 0.310 0.207 0.062 -0.051 1.236 -0.058
7.00 316.23 1.032 1.110 1.187 1.288 1.325 1.369 1.328 1.313 1.247 1.136 1.065 0.953 0.829 0.632 0.494 0.397 0.301 0.185 0.071 -0.029 -0.170 -0.278 1.032 -0.344
7.00 398.11 0.816 0.890 0.963 1.064 1.094 1.133 1.082 1.062 0.981 0.852 0.771 0.641 0.513 0.323 0.191 0.097 0.004 -0.106 -0.216 -0.312 -0.450 -0.551 0.816 -0.676
7.00 501.19 0.587 0.656 0.725 0.826 0.847 0.877 0.812 0.784 0.682 0.525 0.429 0.275 0.140 -0.045 -0.172 -0.262 -0.352 -0.456 -0.563 -0.655 -0.789 -0.884 0.587 -1.067
7.00 630.96 0.342 0.407 0.471 0.572 0.581 0.599 0.514 0.473 0.340 0.146 0.027 -0.160 -0.307 -0.489 -0.610 -0.695 -0.783 -0.881 -0.984 -1.072 -1.202 -1.292 0.342 -1.530
7.00 794.33 0.078 0.139 0.198 0.299 0.294 0.293 0.181 0.122 -0.054 -0.298 -0.447 -0.679 -0.844 -1.026 -1.141 -1.223 -1.307 -1.400 -1.499 -1.583 -1.709 -1.793 0.078 -2.083
7.00 1000.00 -0.209 -0.153 -0.099 0.002 -0.020 -0.048 -0.195 -0.280 -0.513 -0.823 -1.015 -1.307 -1.497 -1.681 -1.790 -1.868 -1.950 -2.037 -2.132 -2.211 -2.334 -2.412 -0.209 -2.750
7.25 1.00 3.117 3.067 3.120 3.170 3.206 3.206 3.175 3.152 3.125 3.057 2.989 2.914 2.801 2.593 2.499 2.404 2.275 2.091 1.929 1.778 1.585 1.401 3.117 1.751
7.25 1.26 3.109 3.060 3.113 3.164 3.200 3.201 3.170 3.147 3.121 3.053 2.985 2.910 2.796 2.588 2.494 2.399 2.270 2.086 1.924 1.774 1.581 1.398 3.109 1.747
7.25 1.58 3.100 3.051 3.104 3.156 3.193 3.195 3.164 3.142 3.116 3.048 2.980 2.905 2.791 2.583 2.488 2.392 2.264 2.080 1.919 1.769 1.576 1.393 3.100 1.742
7.25 2.00 3.088 3.040 3.094 3.146 3.184 3.187 3.157 3.135 3.110 3.042 2.974 2.899 2.785 2.576 2.480 2.384 2.256 2.073 1.912 1.762 1.570 1.388 3.088 1.736
7.25 2.51 3.073 3.027 3.081 3.134 3.173 3.177 3.148 3.127 3.102 3.035 2.967 2.892 2.778 2.568 2.470 2.374 2.246 2.064 1.903 1.754 1.563 1.381 3.073 1.728
7.25 3.16 3.056 3.011 3.065 3.119 3.160 3.166 3.138 3.118 3.093 3.026 2.958 2.883 2.769 2.557 2.458 2.362 2.234 2.053 1.893 1.744 1.553 1.372 3.056 1.719
7.25 3.98 3.035 2.992 3.047 3.102 3.145 3.153 3.126 3.107 3.082 3.015 2.948 2.873 2.758 2.545 2.444 2.346 2.220 2.039 1.880 1.732 1.542 1.362 3.035 1.708
7.25 5.01 3.010 2.970 3.026 3.083 3.127 3.138 3.112 3.094 3.069 3.003 2.936 2.860 2.744 2.530 2.426 2.328 2.202 2.023 1.864 1.717 1.528 1.349 3.010 1.694
7.25 6.31 2.981 2.944 3.001 3.060 3.106 3.120 3.096 3.079 3.055 2.988 2.921 2.845 2.728 2.512 2.405 2.306 2.181 2.003 1.845 1.700 1.511 1.334 2.981 1.679
7.25 7.94 2.948 2.915 2.973 3.034 3.083 3.101 3.078 3.062 3.037 2.970 2.904 2.828 2.709 2.490 2.380 2.280 2.155 1.980 1.823 1.678 1.491 1.316 2.948 1.660
7.25 10.00 2.909 2.881 2.942 3.005 3.058 3.079 3.057 3.042 3.018 2.950 2.884 2.807 2.687 2.464 2.350 2.249 2.125 1.952 1.796 1.653 1.468 1.294 2.909 1.638
7.25 12.59 2.865 2.844 2.906 2.973 3.029 3.054 3.034 3.020 2.995 2.926 2.860 2.782 2.660 2.434 2.315 2.212 2.090 1.919 1.765 1.624 1.439 1.269 2.865 1.611
7.25 15.85 2.815 2.802 2.867 2.938 2.997 3.026 3.007 2.994 2.967 2.898 2.831 2.753 2.629 2.399 2.274 2.169 2.049 1.880 1.729 1.589 1.407 1.239 2.815 1.579
7.25 19.95 2.759 2.755 2.824 2.899 2.961 2.994 2.976 2.963 2.934 2.864 2.796 2.717 2.591 2.357 2.226 2.120 2.001 1.836 1.686 1.549 1.369 1.204 2.759 1.541
7.25 25.12 2.695 2.702 2.775 2.854 2.919 2.956 2.938 2.925 2.893 2.821 2.754 2.673 2.545 2.308 2.171 2.064 1.947 1.785 1.638 1.502 1.324 1.163 2.695 1.494
7.25 31.62 2.623 2.642 2.718 2.801 2.869 2.908 2.890 2.877 2.842 2.769 2.701 2.619 2.490 2.250 2.109 2.000 1.885 1.727 1.582 1.449 1.274 1.116 2.623 1.437
7.25 39.81 2.540 2.571 2.651 2.738 2.807 2.849 2.829 2.816 2.779 2.703 2.636 2.554 2.424 2.183 2.037 1.928 1.815 1.661 1.519 1.389 1.216 1.063 2.540 1.367
7.25 50.12 2.444 2.488 2.571 2.662 2.731 2.774 2.753 2.740 2.700 2.624 2.557 2.475 2.345 2.104 1.956 1.847 1.735 1.586 1.447 1.319 1.150 1.001 2.444 1.282
7.25 63.10 2.335 2.390 2.476 2.570 2.637 2.682 2.660 2.646 2.605 2.527 2.463 2.380 2.251 2.013 1.863 1.755 1.645 1.501 1.364 1.240 1.074 0.929 2.335 1.181
7.25 79.43 2.212 2.276 2.364 2.460 2.525 2.571 2.548 2.535 2.492 2.414 2.351 2.269 2.142 1.908 1.758 1.650 1.544 1.404 1.271 1.150 0.987 0.847 2.212 1.062
7.25 100.00 2.074 2.146 2.235 2.332 2.394 2.440 2.416 2.404 2.361 2.283 2.222 2.139 2.014 1.787 1.638 1.532 1.428 1.293 1.163 1.046 0.886 0.752 2.074 0.923
7.25 125.89 1.923 1.999 2.088 2.186 2.244 2.292 2.267 2.256 2.212 2.132 2.073 1.990 1.867 1.647 1.500 1.397 1.295 1.166 1.040 0.926 0.769 0.640 1.923 0.763
7.25 158.49 1.759 1.838 1.924 2.024 2.078 2.127 2.100 2.090 2.044 1.962 1.903 1.818 1.698 1.485 1.342 1.241 1.142 1.018 0.896 0.785 0.633 0.509 1.759 0.580
7.25 199.53 1.582 1.662 1.746 1.846 1.896 1.945 1.915 1.905 1.857 1.770 1.710 1.620 1.502 1.298 1.158 1.061 0.965 0.846 0.727 0.621 0.471 0.353 1.582 0.369
7.25 251.19 1.395 1.473 1.554 1.655 1.699 1.747 1.713 1.703 1.648 1.553 1.490 1.393 1.275 1.079 0.944 0.850 0.756 0.643 0.528 0.425 0.280 0.167 1.395 0.126
7.25 316.23 1.195 1.271 1.349 1.449 1.487 1.532 1.492 1.479 1.415 1.307 1.238 1.129 1.010 0.821 0.691 0.601 0.510 0.403 0.291 0.192 0.050 -0.057 1.195 -0.156
7.25 398.11 0.983 1.056 1.129 1.230 1.261 1.301 1.251 1.232 1.153 1.026 0.947 0.820 0.697 0.515 0.391 0.304 0.216 0.114 0.007 -0.089 -0.226 -0.328 0.983 -0.485
7.25 501.19 0.757 0.827 0.896 0.996 1.018 1.049 0.985 0.958 0.857 0.703 0.608 0.457 0.326 0.150 0.031 -0.053 -0.137 -0.233 -0.337 -0.429 -0.563 -0.658 0.757 -0.872
7.25 630.96 0.516 0.581 0.645 0.746 0.756 0.774 0.690 0.650 0.519 0.327 0.210 0.026 -0.117 -0.291 -0.404 -0.484 -0.566 -0.656 -0.756 -0.843 -0.973 -1.063 0.516 -1.332
7.25 794.33 0.255 0.316 0.375 0.476 0.472 0.471 0.360 0.302 0.128 -0.114 -0.262 -0.492 -0.652 -0.825 -0.933 -1.009 -1.088 -1.172 -1.268 -1.351 -1.478 -1.562 0.255 -1.882
7.25 1000.00 -0.029 0.027 0.082 0.183 0.160 0.134 -0.013 -0.097 -0.328 -0.637 -0.827 -1.116 -1.302 -1.478 -1.580 -1.652 -1.728 -1.806 -1.898 -1.978 -2.100 -2.178 -0.029 -2.547
7.50 1.00 3.161 3.104 3.153 3.201 3.234 3.238 3.211 3.194 3.178 3.120 3.061 2.996 2.896 2.709 2.630 2.545 2.422 2.248 2.090 1.941 1.750 1.568 3.161 1.839
7.50 1.26 3.154 3.097 3.146 3.195 3.229 3.233 3.206 3.189 3.174 3.116 3.057 2.993 2.892 2.705 2.626 2.540 2.418 2.244 2.086 1.937 1.746 1.565 3.154 1.835
7.50 1.58 3.144 3.089 3.138 3.187 3.221 3.226 3.200 3.184 3.169 3.112 3.053 2.988 2.887 2.700 2.620 2.534 2.412 2.239 2.081 1.933 1.742 1.561 3.144 1.830
7.50 2.00 3.133 3.079 3.128 3.177 3.213 3.219 3.193 3.177 3.163 3.106 3.047 2.983 2.882 2.694 2.613 2.527 2.405 2.232 2.075 1.927 1.736 1.556 3.133 1.825
7.50 2.51 3.120 3.066 3.115 3.166 3.202 3.209 3.185 3.170 3.155 3.099 3.040 2.976 2.875 2.686 2.604 2.518 2.396 2.224 2.067 1.920 1.730 1.550 3.120 1.817
7.50 3.16 3.104 3.051 3.101 3.152 3.189 3.198 3.174 3.160 3.146 3.090 3.032 2.968 2.866 2.676 2.593 2.506 2.385 2.214 2.057 1.911 1.721 1.543 3.104 1.809
7.50 3.98 3.084 3.033 3.083 3.135 3.174 3.185 3.163 3.149 3.136 3.080 3.022 2.958 2.856 2.665 2.580 2.493 2.372 2.202 2.046 1.900 1.711 1.533 3.084 1.798
7.50 5.01 3.061 3.012 3.062 3.116 3.157 3.170 3.149 3.136 3.123 3.068 3.010 2.946 2.843 2.651 2.564 2.476 2.356 2.187 2.032 1.886 1.698 1.522 3.061 1.785
7.50 6.31 3.033 2.987 3.038 3.094 3.136 3.153 3.133 3.122 3.109 3.053 2.996 2.932 2.829 2.634 2.544 2.456 2.336 2.169 2.015 1.870 1.683 1.508 3.033 1.770
7.50 7.94 3.001 2.958 3.011 3.068 3.113 3.133 3.115 3.105 3.093 3.037 2.980 2.915 2.811 2.614 2.521 2.432 2.313 2.147 1.994 1.851 1.665 1.492 3.001 1.753
7.50 10.00 2.964 2.926 2.980 3.040 3.088 3.111 3.094 3.086 3.074 3.018 2.961 2.896 2.790 2.591 2.494 2.403 2.285 2.121 1.970 1.828 1.643 1.472 2.964 1.732
7.50 12.59 2.922 2.889 2.945 3.008 3.060 3.087 3.072 3.064 3.052 2.996 2.939 2.873 2.766 2.563 2.461 2.369 2.253 2.091 1.941 1.800 1.617 1.448 2.922 1.708
7.50 15.85 2.875 2.849 2.907 2.974 3.029 3.060 3.047 3.040 3.027 2.970 2.913 2.846 2.736 2.530 2.423 2.330 2.214 2.055 1.907 1.768 1.587 1.420 2.875 1.679
7.50 19.95 2.823 2.804 2.866 2.936 2.995 3.031 3.019 3.013 2.998 2.939 2.882 2.814 2.702 2.491 2.379 2.284 2.170 2.014 1.867 1.731 1.551 1.388 2.823 1.644
7.50 25.12 2.764 2.755 2.820 2.894 2.957 2.997 2.985 2.980 2.962 2.902 2.845 2.775 2.661 2.446 2.327 2.231 2.119 1.966 1.822 1.687 1.510 1.350 2.764 1.603
7.50 31.62 2.697 2.700 2.768 2.847 2.913 2.957 2.945 2.940 2.919 2.857 2.799 2.728 2.611 2.393 2.268 2.170 2.060 1.911 1.769 1.637 1.462 1.305 2.697 1.552
7.50 39.81 2.622 2.637 2.709 2.793 2.860 2.907 2.895 2.889 2.865 2.801 2.742 2.670 2.551 2.330 2.200 2.101 1.993 1.848 1.708 1.579 1.407 1.254 2.622 1.490
7.50 50.12 2.536 2.564 2.640 2.727 2.796 2.845 2.831 2.824 2.797 2.731 2.672 2.598 2.479 2.257 2.123 2.023 1.917 1.776 1.639 1.513 1.343 1.195 2.536 1.414
7.50 63.10 2.437 2.478 2.557 2.648 2.716 2.766 2.751 2.744 2.713 2.645 2.587 2.512 2.393 2.171 2.034 1.934 1.830 1.694 1.560 1.437 1.270 1.126 2.437 1.322
7.50 79.43 2.325 2.376 2.459 2.553 2.619 2.670 2.653 2.645 2.612 2.542 2.484 2.409 2.290 2.071 1.932 1.833 1.731 1.600 1.470 1.349 1.186 1.047 2.325 1.211
7.50 100.00 2.198 2.259 2.343 2.439 2.503 2.554 2.535 2.527 2.492 2.420 2.363 2.287 2.169 1.954 1.816 1.717 1.618 1.492 1.365 1.248 1.088 0.954 2.198 1.081
7.50 125.89 2.056 2.124 2.209 2.307 2.367 2.418 2.397 2.390 2.352 2.278 2.222 2.144 2.028 1.819 1.681 1.585 1.489 1.367 1.244 1.130 0.974 0.845 2.056 0.928
7.50 158.49 1.900 1.974 2.058 2.157 2.212 2.264 2.240 2.233 2.192 2.115 2.059 1.978 1.864 1.661 1.527 1.433 1.339 1.223 1.103 0.993 0.840 0.716 1.900 0.751
7.50 199.53 1.732 1.807 1.890 1.989 2.040 2.091 2.064 2.057 2.012 1.929 1.871 1.785 1.672 1.478 1.346 1.255 1.164 1.053 0.937 0.831 0.682 0.563 1.732 0.545
7.50 251.19 1.550 1.626 1.706 1.806 1.851 1.901 1.869 1.861 1.809 1.717 1.656 1.562 1.449 1.262 1.135 1.047 0.958 0.853 0.741 0.638 0.493 0.380 1.550 0.307
7.50 316.23 1.356 1.430 1.507 1.608 1.646 1.693 1.654 1.643 1.581 1.475 1.408 1.302 1.187 1.008 0.885 0.800 0.715 0.615 0.507 0.408 0.266 0.159 1.356 0.029
7.50 398.11 1.148 1.220 1.293 1.394 1.425 1.466 1.418 1.400 1.324 1.198 1.121 0.997 0.878 0.705 0.587 0.506 0.423 0.330 0.225 0.130 -0.008 -0.110 1.148 -0.296
7.50 501.19 0.927 0.995 1.064 1.165 1.187 1.219 1.156 1.130 1.031 0.879 0.785 0.637 0.511 0.342 0.230 0.152 0.073 -0.015 -0.116 -0.208 -0.342 -0.437 0.927 -0.679
7.50 630.96 0.688 0.753 0.818 0.919 0.929 0.948 0.865 0.826 0.696 0.506 0.391 0.209 0.070 -0.096 -0.203 -0.276 -0.353 -0.435 -0.532 -0.620 -0.750 -0.840 0.688 -1.136
7.50 794.33 0.431 0.491 0.551 0.652 0.648 0.648 0.539 0.481 0.308 0.068 -0.079 -0.306 -0.462 -0.628 -0.729 -0.798 -0.872 -0.949 -1.042 -1.126 -1.252 -1.336 0.431 -1.683
7.50 1000.00 0.150 0.206 0.261 0.362 0.340 0.314 0.168 0.084 -0.145 -0.452 -0.640 -0.927 -1.109 -1.278 -1.373 -1.439 -1.510 -1.580 -1.670 -1.749 -1.872 -1.950 0.150 -2.345
7.75 1.00 3.138 3.082 3.130 3.179 3.215 3.223 3.200 3.187 3.177 3.125 3.070 3.011 2.916 2.739 2.666 2.586 2.469 2.304 2.150 2.003 1.813 1.634 3.138 1.855
7.75 1.26 3.131 3.076 3.124 3.174 3.210 3.219 3.196 3.183 3.174 3.122 3.067 3.008 2.913 2.735 2.661 2.581 2.465 2.301 2.146 2.000 1.810 1.631 3.131 1.851
7.75 1.58 3.123 3.068 3.116 3.167 3.203 3.213 3.191 3.179 3.169 3.117 3.063 3.004 2.909 2.730 2.656 2.576 2.459 2.296 2.142 1.995 1.806 1.628 3.123 1.847
7.75 2.00 3.113 3.059 3.108 3.158 3.196 3.206 3.185 3.173 3.164 3.112 3.058 2.999 2.904 2.725 2.650 2.569 2.453 2.290 2.136 1.990 1.801 1.623 3.113 1.842
7.75 2.51 3.101 3.048 3.097 3.148 3.186 3.198 3.177 3.166 3.157 3.106 3.052 2.993 2.898 2.718 2.642 2.561 2.445 2.283 2.129 1.984 1.795 1.618 3.101 1.835
7.75 3.16 3.087 3.035 3.084 3.136 3.175 3.189 3.169 3.158 3.150 3.098 3.045 2.986 2.890 2.710 2.632 2.551 2.435 2.274 2.121 1.976 1.788 1.611 3.087 1.827
7.75 3.98 3.069 3.018 3.068 3.121 3.162 3.177 3.158 3.148 3.140 3.089 3.036 2.977 2.881 2.699 2.620 2.539 2.424 2.263 2.111 1.966 1.778 1.603 3.069 1.818
7.75 5.01 3.048 2.999 3.049 3.104 3.146 3.164 3.146 3.137 3.129 3.078 3.025 2.966 2.869 2.687 2.606 2.524 2.409 2.249 2.098 1.954 1.767 1.593 3.048 1.807
7.75 6.31 3.023 2.977 3.028 3.084 3.128 3.148 3.131 3.124 3.116 3.065 3.013 2.953 2.856 2.671 2.588 2.505 2.391 2.233 2.082 1.939 1.753 1.580 3.023 1.793
7.75 7.94 2.994 2.951 3.003 3.061 3.107 3.130 3.115 3.108 3.101 3.050 2.998 2.938 2.840 2.653 2.567 2.483 2.370 2.213 2.063 1.921 1.737 1.565 2.994 1.777
7.75 10.00 2.960 2.921 2.974 3.035 3.083 3.110 3.096 3.091 3.084 3.033 2.981 2.920 2.820 2.631 2.541 2.457 2.344 2.189 2.041 1.900 1.717 1.547 2.960 1.758
7.75 12.59 2.921 2.887 2.942 3.005 3.057 3.088 3.076 3.071 3.064 3.012 2.960 2.899 2.798 2.605 2.511 2.425 2.314 2.161 2.014 1.875 1.693 1.525 2.921 1.735
7.75 15.85 2.878 2.850 2.907 2.973 3.028 3.063 3.052 3.049 3.040 2.988 2.936 2.874 2.771 2.575 2.476 2.388 2.278 2.128 1.983 1.845 1.665 1.499 2.878 1.708
7.75 19.95 2.828 2.808 2.868 2.938 2.996 3.035 3.026 3.023 3.013 2.960 2.907 2.844 2.738 2.539 2.434 2.345 2.237 2.089 1.946 1.810 1.631 1.469 2.828 1.676
7.75 25.12 2.772 2.761 2.824 2.898 2.961 3.003 2.994 2.992 2.980 2.925 2.872 2.807 2.699 2.496 2.386 2.296 2.188 2.044 1.903 1.769 1.593 1.433 2.772 1.637
7.75 31.62 2.710 2.709 2.776 2.854 2.919 2.965 2.957 2.954 2.939 2.882 2.829 2.763 2.653 2.446 2.330 2.238 2.133 1.992 1.853 1.721 1.547 1.392 2.710 1.589
7.75 39.81 2.638 2.650 2.720 2.803 2.870 2.919 2.910 2.907 2.889 2.829 2.775 2.708 2.596 2.386 2.265 2.172 2.069 1.932 1.795 1.666 1.495 1.343 2.638 1.531
7.75 50.12 2.557 2.581 2.655 2.741 2.810 2.861 2.851 2.847 2.825 2.764 2.709 2.640 2.527 2.316 2.191 2.097 1.996 1.863 1.729 1.603 1.434 1.287 2.557 1.459
7.75 63.10 2.464 2.500 2.577 2.668 2.736 2.788 2.776 2.772 2.747 2.683 2.629 2.558 2.445 2.234 2.105 2.011 1.912 1.784 1.653 1.530 1.364 1.221 2.464 1.371
7.75 79.43 2.357 2.404 2.485 2.578 2.645 2.698 2.684 2.679 2.651 2.585 2.531 2.460 2.346 2.137 2.007 1.913 1.817 1.693 1.565 1.445 1.282 1.144 2.357 1.265
7.75 100.00 2.236 2.293 2.376 2.471 2.536 2.589 2.572 2.568 2.536 2.468 2.415 2.342 2.230 2.024 1.893 1.801 1.707 1.588 1.464 1.347 1.187 1.054 2.236 1.140
7.75 125.89 2.100 2.165 2.249 2.346 2.407 2.460 2.441 2.436 2.402 2.331 2.278 2.203 2.093 1.892 1.762 1.672 1.580 1.466 1.345 1.232 1.076 0.947 2.100 0.992
7.75 158.49 1.950 2.021 2.104 2.202 2.259 2.312 2.290 2.285 2.248 2.173 2.119 2.042 1.932 1.738 1.610 1.522 1.433 1.324 1.207 1.097 0.945 0.821 1.950 0.819
7.75 199.53 1.786 1.860 1.942 2.041 2.093 2.146 2.120 2.114 2.072 1.991 1.936 1.853 1.745 1.558 1.433 1.348 1.261 1.158 1.044 0.938 0.789 0.671 1.786 0.617
7.75 251.19 1.610 1.684 1.763 1.864 1.910 1.961 1.930 1.923 1.874 1.784 1.725 1.634 1.525 1.345 1.225 1.142 1.058 0.961 0.851 0.748 0.603 0.490 1.610 0.383
7.75 316.23 1.420 1.493 1.569 1.670 1.710 1.757 1.720 1.709 1.650 1.546 1.481 1.377 1.266 1.094 0.978 0.898 0.817 0.725 0.619 0.520 0.378 0.271 1.420 0.109
7.75 398.11 1.216 1.287 1.360 1.461 1.493 1.535 1.487 1.471 1.396 1.272 1.197 1.076 0.960 0.794 0.683 0.607 0.529 0.442 0.340 0.245 0.107 0.006 1.216 -0.212
7.75 501.19 0.998 1.066 1.135 1.236 1.259 1.291 1.229 1.204 1.107 0.956 0.864 0.718 0.595 0.434 0.328 0.256 0.181 0.100 0.001 -0.090 -0.224 -0.320 0.998 -0.593
7.75 630.96 0.763 0.828 0.892 0.993 1.004 1.024 0.941 0.903 0.775 0.586 0.472 0.293 0.158 -0.001 -0.102 -0.170 -0.242 -0.317 -0.412 -0.500 -0.630 -0.719 0.763 -1.046
7.75 794.33 0.509 0.569 0.629 0.730 0.727 0.727 0.618 0.561 0.390 0.151 0.006 -0.219 -0.372 -0.530 -0.625 -0.690 -0.759 -0.828 -0.919 -1.003 -1.129 -1.213 0.509 -1.591
7.75 1000.00 0.231 0.287 0.342 0.443 0.422 0.396 0.251 0.168 -0.060 -0.366 -0.553 -0.838 -1.016 -1.178 -1.267 -1.327 -1.394 -1.457 -1.544 -1.624 -1.746 -1.824 0.231 -2.249
8.00 1.00 3.116 3.060 3.107 3.158 3.196 3.209 3.190 3.182 3.177 3.130 3.080 3.026 2.937 2.768 2.699 2.625 2.513 2.357 2.207 2.061 1.873 1.697 3.116 1.870
8.00 1.26 3.110 3.055 3.102 3.154 3.191 3.206 3.187 3.178 3.174 3.127 3.077 3.023 2.934 2.764 2.696 2.621 2.509 2.354 2.204 2.058 1.871 1.694 3.110 1.867
8.00 1.58 3.103 3.048 3.096 3.148 3.186 3.201 3.183 3.174 3.170 3.124 3.074 3.020 2.930 2.760 2.691 2.616 2.505 2.350 2.200 2.055 1.867 1.691 3.103 1.864
8.00 2.00 3.094 3.040 3.088 3.140 3.179 3.195 3.177 3.169 3.166 3.119 3.069 3.015 2.926 2.755 2.685 2.610 2.499 2.344 2.195 2.050 1.863 1.687 3.094 1.859
8.00 2.51 3.083 3.030 3.079 3.131 3.171 3.188 3.171 3.163 3.160 3.113 3.064 3.010 2.920 2.749 2.678 2.603 2.492 2.338 2.188 2.044 1.857 1.682 3.083 1.853
8.00 3.16 3.070 3.018 3.067 3.120 3.161 3.179 3.163 3.156 3.153 3.107 3.058 3.003 2.913 2.741 2.669 2.594 2.483 2.330 2.181 2.037 1.850 1.676 3.070 1.846
8.00 3.98 3.055 3.004 3.053 3.107 3.149 3.169 3.154 3.148 3.145 3.099 3.050 2.996 2.905 2.732 2.658 2.582 2.472 2.320 2.171 2.028 1.842 1.669 3.055 1.838
8.00 5.01 3.036 2.987 3.036 3.092 3.135 3.157 3.143 3.137 3.135 3.089 3.040 2.986 2.895 2.721 2.645 2.569 2.459 2.308 2.160 2.017 1.832 1.660 3.036 1.827
8.00 6.31 3.013 2.967 3.017 3.074 3.119 3.143 3.130 3.125 3.123 3.077 3.029 2.974 2.882 2.707 2.629 2.552 2.443 2.293 2.146 2.004 1.819 1.648 3.013 1.815
8.00 7.94 2.986 2.943 2.994 3.053 3.100 3.127 3.115 3.112 3.109 3.063 3.015 2.960 2.867 2.690 2.610 2.532 2.423 2.275 2.129 1.988 1.804 1.635 2.986 1.800
8.00 10.00 2.955 2.916 2.968 3.029 3.079 3.109 3.098 3.096 3.093 3.047 2.999 2.944 2.850 2.670 2.586 2.507 2.400 2.253 2.108 1.968 1.786 1.618 2.955 1.783
8.00 12.59 2.920 2.884 2.938 3.002 3.054 3.088 3.079 3.077 3.075 3.028 2.980 2.924 2.829 2.646 2.558 2.478 2.372 2.227 2.083 1.945 1.764 1.598 2.920 1.762
8.00 15.85 2.879 2.849 2.905 2.972 3.027 3.065 3.057 3.057 3.053 3.006 2.958 2.901 2.803 2.618 2.525 2.444 2.339 2.196 2.054 1.917 1.738 1.574 2.879 1.736
8.00 19.95 2.833 2.810 2.869 2.939 2.997 3.039 3.032 3.032 3.027 2.979 2.930 2.872 2.773 2.584 2.486 2.404 2.300 2.160 2.020 1.884 1.707 1.546 2.833 1.706
8.00 25.12 2.780 2.767 2.828 2.902 2.964 3.009 3.003 3.003 2.996 2.946 2.897 2.838 2.737 2.544 2.441 2.357 2.254 2.117 1.979 1.846 1.670 1.512 2.780 1.670
8.00 31.62 2.721 2.717 2.782 2.860 2.925 2.973 2.967 2.968 2.958 2.906 2.857 2.796 2.692 2.496 2.388 2.302 2.202 2.068 1.932 1.801 1.628 1.473 2.721 1.625
8.00 39.81 2.654 2.661 2.729 2.811 2.879 2.930 2.924 2.924 2.911 2.857 2.807 2.744 2.639 2.440 2.326 2.240 2.141 2.011 1.877 1.749 1.578 1.427 2.654 1.569
8.00 50.12 2.577 2.596 2.668 2.754 2.823 2.876 2.869 2.868 2.852 2.795 2.745 2.681 2.574 2.373 2.255 2.168 2.071 1.945 1.814 1.688 1.520 1.373 2.577 1.501
8.00 63.10 2.488 2.520 2.596 2.685 2.754 2.809 2.799 2.798 2.778 2.719 2.668 2.603 2.495 2.294 2.173 2.085 1.990 1.869 1.741 1.618 1.452 1.310 2.488 1.418
8.00 79.43 2.387 2.430 2.509 2.602 2.669 2.725 2.713 2.711 2.687 2.626 2.575 2.508 2.400 2.201 2.078 1.990 1.898 1.781 1.656 1.536 1.374 1.235 2.387 1.317
8.00 100.00 2.272 2.325 2.406 2.501 2.566 2.622 2.608 2.606 2.579 2.514 2.464 2.395 2.288 2.091 1.968 1.881 1.791 1.679 1.557 1.440 1.281 1.148 2.272 1.196
8.00 125.89 2.142 2.204 2.286 2.383 2.444 2.500 2.483 2.481 2.450 2.382 2.332 2.261 2.155 1.963 1.840 1.755 1.667 1.560 1.441 1.328 1.172 1.044 2.142 1.053
8.00 158.49 1.998 2.066 2.147 2.246 2.303 2.359 2.339 2.335 2.301 2.229 2.178 2.103 1.998 1.812 1.691 1.608 1.523 1.421 1.306 1.196 1.044 0.921 1.998 0.885
8.00 199.53 1.840 1.911 1.992 2.091 2.144 2.198 2.174 2.170 2.131 2.052 1.999 1.919 1.814 1.635 1.517 1.436 1.354 1.257 1.146 1.040 0.891 0.773 1.840 0.688
8.00 251.19 1.668 1.740 1.819 1.919 1.966 2.018 1.989 1.983 1.937 1.849 1.792 1.703 1.598 1.426 1.311 1.234 1.154 1.063 0.955 0.852 0.707 0.595 1.668 0.457
8.00 316.23 1.482 1.555 1.630 1.731 1.771 1.820 1.783 1.774 1.717 1.615 1.551 1.450 1.343 1.177 1.067 0.993 0.916 0.830 0.726 0.627 0.486 0.379 1.482 0.187
8.00 398.11 1.283 1.353 1.426 1.527 1.559 1.602 1.555 1.540 1.467 1.345 1.271 1.152 1.040 0.880 0.775 0.704 0.630 0.550 0.449 0.354 0.217 0.115 1.283 -0.131
8.00 501.19 1.068 1.136 1.205 1.306 1.329 1.362 1.301 1.277 1.181 1.032 0.941 0.798 0.678 0.523 0.423 0.355 0.284 0.210 0.113 0.022 -0.112 -0.207 1.068 -0.508
8.00 630.96 0.837 0.901 0.965 1.067 1.078 1.098 1.017 0.979 0.852 0.665 0.552 0.375 0.243 0.091 -0.004 -0.068 -0.136 -0.205 -0.297 -0.385 -0.515 -0.604 0.837 -0.958
8.00 794.33 0.585 0.646 0.705 0.807 0.804 0.805 0.697 0.640 0.470 0.233 0.089 -0.134 -0.283 -0.436 -0.525 -0.585 -0.650 -0.713 -0.802 -0.885 -1.012 -1.095 0.585 -1.500
8.00 1000.00 0.310 0.366 0.421 0.523 0.502 0.477 0.332 0.250 0.023 -0.281 -0.467 -0.750 -0.925 -1.080 -1.164 -1.220 -1.282 -1.339 -1.424 -1.504 -1.626 -1.704 0.310 -2.155
