AbrahamsonEtAl2015SSlab as implemented in OpenQuake, distance is rhypo. Log10 hazard values in cgs units
          14 31 23 : nmag, ndist, nperiod
          10.000 7.500 6.000 5.000 4.000 3.000 2.500 2.000 1.500 1.000 0.750 0.600 0.500 0.400 0.300 0.250 0.200 0.150 0.100 0.075 0.050 0.020 PGA PGV
          0.740 0.740 0.740 0.740 0.740 0.740 0.740 0.740 0.740 0.740 0.740 0.740 0.740 0.740 0.740 0.740 0.740 0.740 0.740 0.740 0.740 0.740 0.740 0.740
4.75 1.00 -0.808 -0.565 -0.340 -0.157 0.084 0.435 0.653 0.912 1.248 1.782 2.098 2.363 2.596 2.862 3.133 3.301 3.460 3.535 3.471 3.389 3.227 3.072 3.072 1.917
4.75 1.26 -0.819 -0.578 -0.353 -0.171 0.069 0.420 0.637 0.895 1.231 1.762 2.077 2.340 2.571 2.835 3.103 3.270 3.428 3.503 3.442 3.360 3.198 3.042 3.042 1.883
4.75 1.58 -0.834 -0.593 -0.369 -0.188 0.051 0.401 0.618 0.875 1.209 1.738 2.051 2.312 2.541 2.802 3.068 3.232 3.389 3.465 3.406 3.325 3.163 3.004 3.004 1.843
4.75 2.00 -0.851 -0.611 -0.389 -0.208 0.030 0.378 0.595 0.851 1.184 1.709 2.019 2.278 2.504 2.763 3.025 3.187 3.342 3.420 3.364 3.283 3.120 2.959 2.959 1.795
4.75 2.51 -0.871 -0.633 -0.412 -0.232 0.005 0.351 0.567 0.822 1.153 1.674 1.982 2.238 2.461 2.716 2.974 3.134 3.286 3.365 3.312 3.232 3.070 2.906 2.906 1.738
4.75 3.16 -0.896 -0.660 -0.439 -0.261 -0.025 0.320 0.534 0.788 1.118 1.634 1.938 2.190 2.410 2.660 2.914 3.071 3.220 3.301 3.252 3.172 3.010 2.843 2.843 1.671
4.75 3.98 -0.924 -0.690 -0.471 -0.294 -0.060 0.282 0.496 0.749 1.076 1.586 1.887 2.134 2.350 2.596 2.844 2.997 3.144 3.226 3.181 3.102 2.940 2.769 2.769 1.592
4.75 5.01 -0.957 -0.725 -0.508 -0.333 -0.100 0.239 0.452 0.703 1.027 1.532 1.827 2.070 2.281 2.521 2.764 2.913 3.056 3.139 3.099 3.020 2.858 2.684 2.684 1.501
4.75 6.31 -0.994 -0.766 -0.551 -0.377 -0.147 0.190 0.401 0.650 0.972 1.469 1.760 1.998 2.203 2.437 2.673 2.817 2.956 3.039 3.004 2.926 2.765 2.587 2.587 1.397
4.75 7.94 -1.037 -0.812 -0.598 -0.427 -0.199 0.135 0.344 0.591 0.909 1.399 1.684 1.916 2.115 2.342 2.570 2.710 2.844 2.927 2.896 2.819 2.659 2.478 2.478 1.281
4.75 10.00 -1.084 -0.863 -0.652 -0.483 -0.257 0.073 0.280 0.525 0.840 1.320 1.599 1.825 2.017 2.237 2.457 2.591 2.720 2.802 2.775 2.699 2.540 2.357 2.357 1.151
4.75 12.59 -1.137 -0.920 -0.711 -0.545 -0.322 0.004 0.210 0.452 0.763 1.234 1.506 1.725 1.910 2.122 2.333 2.461 2.585 2.664 2.641 2.565 2.409 2.225 2.225 1.010
4.75 15.85 -1.196 -0.982 -0.777 -0.614 -0.393 -0.071 0.133 0.372 0.678 1.139 1.405 1.616 1.794 1.997 2.198 2.320 2.438 2.515 2.495 2.420 2.265 2.081 2.081 0.856
4.75 19.95 -1.260 -1.051 -0.848 -0.688 -0.470 -0.153 0.049 0.285 0.587 1.037 1.295 1.498 1.669 1.863 2.055 2.169 2.282 2.354 2.337 2.262 2.110 1.927 1.927 0.691
4.75 25.12 -1.329 -1.125 -0.926 -0.769 -0.554 -0.241 -0.042 0.190 0.488 0.927 1.177 1.373 1.535 1.720 1.902 2.010 2.116 2.183 2.169 2.094 1.945 1.764 1.764 0.516
4.75 31.62 -1.405 -1.206 -1.010 -0.856 -0.645 -0.337 -0.141 0.089 0.381 0.808 1.050 1.239 1.393 1.569 1.741 1.841 1.942 2.003 1.991 1.916 1.771 1.592 1.592 0.333
4.75 39.81 -1.488 -1.294 -1.102 -0.951 -0.743 -0.440 -0.247 -0.021 0.267 0.682 0.916 1.097 1.243 1.410 1.572 1.665 1.760 1.815 1.804 1.730 1.589 1.413 1.413 0.141
4.75 50.12 -1.579 -1.390 -1.201 -1.054 -0.850 -0.552 -0.361 -0.139 0.144 0.546 0.772 0.946 1.084 1.243 1.396 1.482 1.571 1.620 1.610 1.536 1.400 1.227 1.227 -0.058
4.75 63.10 -1.679 -1.495 -1.310 -1.167 -0.966 -0.674 -0.485 -0.266 0.011 0.401 0.619 0.787 0.917 1.069 1.212 1.292 1.376 1.418 1.410 1.336 1.204 1.035 1.035 -0.263
4.75 79.43 -1.789 -1.611 -1.429 -1.290 -1.093 -0.806 -0.620 -0.405 -0.134 0.244 0.455 0.618 0.741 0.886 1.021 1.095 1.174 1.210 1.204 1.130 1.002 0.837 0.837 -0.475
4.75 100.00 -1.912 -1.740 -1.562 -1.426 -1.233 -0.952 -0.769 -0.557 -0.292 0.074 0.278 0.437 0.554 0.694 0.823 0.890 0.965 0.996 0.992 0.918 0.794 0.634 0.634 -0.692
4.75 125.89 -2.051 -1.885 -1.710 -1.578 -1.389 -1.113 -0.933 -0.726 -0.466 -0.112 0.086 0.242 0.355 0.492 0.615 0.678 0.750 0.776 0.774 0.700 0.581 0.426 0.426 -0.915
4.75 158.49 -2.209 -2.048 -1.878 -1.750 -1.564 -1.295 -1.117 -0.913 -0.659 -0.317 -0.124 0.032 0.142 0.278 0.398 0.457 0.528 0.549 0.550 0.476 0.363 0.212 0.212 -1.144
4.75 199.53 -2.392 -2.237 -2.070 -1.946 -1.764 -1.500 -1.326 -1.126 -0.877 -0.546 -0.356 -0.198 -0.089 0.050 0.170 0.226 0.297 0.316 0.321 0.247 0.138 -0.008 -0.008 -1.380
4.75 251.19 -2.604 -2.455 -2.292 -2.172 -1.993 -1.736 -1.564 -1.368 -1.126 -0.805 -0.616 -0.452 -0.341 -0.195 -0.072 -0.017 0.056 0.075 0.084 0.010 -0.094 -0.235 -0.235 -1.622
4.75 316.23 -2.854 -2.710 -2.552 -2.435 -2.261 -2.009 -1.840 -1.648 -1.412 -1.100 -0.911 -0.735 -0.619 -0.462 -0.331 -0.274 -0.196 -0.175 -0.161 -0.235 -0.334 -0.470 -0.470 -1.874
4.75 398.11 -3.150 -3.013 -2.858 -2.746 -2.575 -2.329 -2.164 -1.976 -1.745 -1.441 -1.248 -1.056 -0.930 -0.755 -0.611 -0.549 -0.462 -0.437 -0.415 -0.489 -0.584 -0.715 -0.715 -2.136
4.75 501.19 -3.507 -3.375 -3.224 -3.116 -2.949 -2.709 -2.547 -2.362 -2.137 -1.839 -1.640 -1.423 -1.283 -1.081 -0.915 -0.846 -0.745 -0.712 -0.682 -0.756 -0.845 -0.971 -0.971 -2.410
4.75 630.96 -3.937 -3.811 -3.665 -3.560 -3.397 -3.163 -3.004 -2.823 -2.604 -2.310 -2.099 -1.849 -1.687 -1.448 -1.252 -1.170 -1.050 -1.004 -0.962 -1.036 -1.121 -1.242 -1.242 -2.700
4.75 794.33 -4.461 -4.341 -4.198 -4.098 -3.939 -3.711 -3.555 -3.378 -3.165 -2.871 -2.642 -2.348 -2.155 -1.866 -1.629 -1.528 -1.381 -1.317 -1.261 -1.335 -1.415 -1.531 -1.531 -3.009
4.75 1000.00 -5.103 -4.989 -4.850 -4.753 -4.599 -4.377 -4.223 -4.051 -3.844 -3.546 -3.293 -2.939 -2.704 -2.349 -2.055 -1.929 -1.746 -1.657 -1.582 -1.656 -1.731 -1.842 -1.842 -3.342
5.00 1.00 -0.605 -0.365 -0.141 0.040 0.274 0.608 0.816 1.062 1.383 1.896 2.201 2.457 2.683 2.941 3.203 3.366 3.521 3.586 3.518 3.435 3.276 3.128 3.128 1.976
5.00 1.26 -0.616 -0.376 -0.153 0.028 0.261 0.594 0.801 1.047 1.367 1.878 2.181 2.436 2.660 2.916 3.176 3.338 3.492 3.558 3.491 3.409 3.249 3.100 3.100 1.946
5.00 1.58 -0.629 -0.390 -0.167 0.013 0.245 0.578 0.784 1.029 1.348 1.856 2.158 2.410 2.632 2.886 3.144 3.304 3.456 3.523 3.459 3.377 3.217 3.066 3.066 1.909
5.00 2.00 -0.644 -0.406 -0.185 -0.006 0.226 0.557 0.763 1.007 1.324 1.830 2.129 2.379 2.599 2.850 3.105 3.263 3.413 3.481 3.420 3.338 3.179 3.025 3.025 1.865
5.00 2.51 -0.662 -0.426 -0.206 -0.028 0.203 0.533 0.738 0.980 1.297 1.798 2.095 2.343 2.559 2.807 3.058 3.213 3.362 3.432 3.374 3.292 3.133 2.976 2.976 1.813
5.00 3.16 -0.684 -0.450 -0.231 -0.054 0.176 0.504 0.708 0.949 1.264 1.761 2.055 2.299 2.512 2.756 3.003 3.155 3.301 3.373 3.318 3.237 3.078 2.918 2.918 1.751
5.00 3.98 -0.710 -0.478 -0.260 -0.085 0.144 0.469 0.672 0.913 1.225 1.717 2.007 2.247 2.457 2.696 2.938 3.087 3.230 3.303 3.253 3.173 3.013 2.850 2.850 1.678
5.00 5.01 -0.740 -0.511 -0.294 -0.120 0.107 0.430 0.632 0.870 1.180 1.667 1.952 2.188 2.393 2.627 2.863 3.009 3.148 3.223 3.177 3.097 2.938 2.771 2.771 1.594
5.00 6.31 -0.775 -0.548 -0.333 -0.161 0.064 0.384 0.585 0.821 1.129 1.608 1.889 2.120 2.320 2.548 2.778 2.919 3.055 3.130 3.089 3.010 2.852 2.680 2.680 1.497
5.00 7.94 -0.814 -0.590 -0.378 -0.208 0.015 0.332 0.531 0.766 1.070 1.542 1.818 2.043 2.237 2.459 2.681 2.818 2.949 3.025 2.989 2.911 2.753 2.578 2.578 1.388
5.00 10.00 -0.859 -0.638 -0.428 -0.260 -0.040 0.274 0.471 0.704 1.005 1.468 1.738 1.957 2.145 2.359 2.574 2.705 2.832 2.907 2.876 2.798 2.642 2.464 2.464 1.265
5.00 12.59 -0.909 -0.692 -0.484 -0.319 -0.101 0.209 0.405 0.635 0.932 1.386 1.649 1.862 2.043 2.249 2.456 2.581 2.703 2.776 2.750 2.673 2.518 2.338 2.338 1.131
5.00 15.85 -0.964 -0.751 -0.546 -0.384 -0.168 0.138 0.331 0.559 0.851 1.296 1.552 1.758 1.931 2.130 2.327 2.446 2.562 2.634 2.611 2.535 2.381 2.201 2.201 0.984
5.00 19.95 -1.025 -0.816 -0.614 -0.454 -0.242 0.060 0.251 0.475 0.764 1.198 1.447 1.645 1.811 2.001 2.189 2.301 2.412 2.480 2.460 2.384 2.234 2.053 2.053 0.826
5.00 25.12 -1.091 -0.888 -0.689 -0.532 -0.322 -0.025 0.163 0.385 0.669 1.092 1.333 1.524 1.682 1.863 2.041 2.147 2.252 2.315 2.298 2.223 2.075 1.895 1.895 0.657
5.00 31.62 -1.164 -0.965 -0.770 -0.616 -0.410 -0.118 0.069 0.287 0.566 0.977 1.211 1.394 1.544 1.717 1.885 1.984 2.083 2.141 2.126 2.051 1.907 1.729 1.729 0.479
5.00 39.81 -1.244 -1.050 -0.858 -0.708 -0.505 -0.218 -0.034 0.181 0.455 0.854 1.080 1.256 1.398 1.562 1.721 1.812 1.905 1.958 1.945 1.871 1.730 1.555 1.555 0.292
5.00 50.12 -1.332 -1.143 -0.955 -0.808 -0.608 -0.327 -0.145 0.066 0.335 0.722 0.940 1.109 1.244 1.399 1.549 1.633 1.721 1.768 1.757 1.682 1.545 1.373 1.373 0.098
5.00 63.10 -1.429 -1.246 -1.060 -0.917 -0.721 -0.445 -0.266 -0.059 0.205 0.580 0.791 0.953 1.081 1.229 1.369 1.447 1.529 1.570 1.561 1.486 1.354 1.185 1.185 -0.102
5.00 79.43 -1.536 -1.359 -1.177 -1.038 -0.845 -0.574 -0.398 -0.194 0.064 0.427 0.630 0.787 0.908 1.050 1.182 1.254 1.331 1.366 1.359 1.284 1.156 0.992 0.992 -0.310
5.00 100.00 -1.657 -1.485 -1.307 -1.171 -0.982 -0.717 -0.544 -0.344 -0.091 0.260 0.456 0.610 0.724 0.861 0.986 1.053 1.126 1.156 1.150 1.076 0.952 0.792 0.792 -0.523
5.00 125.89 -1.793 -1.626 -1.452 -1.320 -1.136 -0.876 -0.705 -0.509 -0.262 0.077 0.267 0.419 0.529 0.662 0.783 0.844 0.915 0.939 0.936 0.862 0.743 0.587 0.587 -0.742
5.00 158.49 -1.948 -1.788 -1.617 -1.489 -1.308 -1.054 -0.887 -0.694 -0.453 -0.126 0.060 0.211 0.318 0.451 0.569 0.626 0.695 0.716 0.716 0.642 0.528 0.377 0.377 -0.968
5.00 199.53 -2.128 -1.973 -1.806 -1.682 -1.505 -1.257 -1.092 -0.904 -0.668 -0.352 -0.169 -0.016 0.091 0.226 0.343 0.398 0.468 0.486 0.490 0.415 0.306 0.160 0.160 -1.200
5.00 251.19 -2.338 -2.188 -2.026 -1.905 -1.732 -1.490 -1.328 -1.143 -0.914 -0.607 -0.427 -0.267 -0.159 -0.016 0.104 0.158 0.230 0.248 0.256 0.182 0.077 -0.064 -0.064 -1.440
5.00 316.23 -2.585 -2.441 -2.283 -2.166 -1.997 -1.760 -1.602 -1.421 -1.197 -0.900 -0.719 -0.548 -0.434 -0.280 -0.152 -0.096 -0.019 0.000 0.014 -0.060 -0.160 -0.296 -0.296 -1.688
5.00 398.11 -2.879 -2.742 -2.587 -2.474 -2.309 -2.078 -1.923 -1.745 -1.528 -1.238 -1.053 -0.866 -0.743 -0.571 -0.429 -0.369 -0.282 -0.259 -0.238 -0.312 -0.407 -0.538 -0.538 -1.947
5.00 501.19 -3.233 -3.101 -2.950 -2.842 -2.680 -2.455 -2.303 -2.130 -1.918 -1.634 -1.442 -1.230 -1.093 -0.894 -0.731 -0.663 -0.563 -0.531 -0.501 -0.576 -0.665 -0.792 -0.792 -2.218
5.00 630.96 -3.660 -3.535 -3.388 -3.283 -3.126 -2.907 -2.757 -2.588 -2.382 -2.102 -1.898 -1.653 -1.494 -1.258 -1.065 -0.984 -0.865 -0.821 -0.779 -0.854 -0.939 -1.060 -1.060 -2.505
5.00 794.33 -4.182 -4.062 -3.919 -3.819 -3.665 -3.452 -3.305 -3.140 -2.940 -2.661 -2.440 -2.150 -1.959 -1.674 -1.439 -1.339 -1.194 -1.131 -1.075 -1.150 -1.230 -1.346 -1.346 -2.812
5.00 1000.00 -4.821 -4.707 -4.568 -4.472 -4.322 -4.115 -3.971 -3.810 -3.616 -3.333 -3.088 -2.738 -2.506 -2.154 -1.862 -1.737 -1.556 -1.467 -1.394 -1.468 -1.543 -1.655 -1.655 -3.142
5.25 1.00 -0.407 -0.168 0.054 0.234 0.461 0.779 0.976 1.209 1.516 2.010 2.303 2.551 2.769 3.019 3.273 3.431 3.582 3.637 3.564 3.481 3.324 3.183 3.183 2.035
5.25 1.26 -0.416 -0.178 0.043 0.222 0.450 0.766 0.963 1.196 1.501 1.993 2.286 2.532 2.749 2.997 3.249 3.406 3.555 3.612 3.540 3.457 3.301 3.158 3.158 2.008
5.25 1.58 -0.427 -0.191 0.030 0.209 0.435 0.751 0.947 1.180 1.484 1.974 2.264 2.508 2.724 2.970 3.219 3.375 3.523 3.580 3.511 3.428 3.272 3.127 3.127 1.975
5.25 2.00 -0.441 -0.206 0.014 0.192 0.418 0.732 0.928 1.160 1.463 1.950 2.238 2.480 2.693 2.937 3.184 3.337 3.484 3.542 3.476 3.393 3.237 3.089 3.089 1.935
5.25 2.51 -0.458 -0.224 -0.005 0.172 0.397 0.710 0.905 1.136 1.438 1.921 2.207 2.446 2.657 2.897 3.141 3.292 3.437 3.497 3.433 3.351 3.195 3.045 3.045 1.887
5.25 3.16 -0.478 -0.245 -0.027 0.149 0.372 0.684 0.878 1.107 1.408 1.887 2.170 2.406 2.614 2.850 3.090 3.239 3.381 3.443 3.383 3.301 3.144 2.991 2.991 1.830
5.25 3.98 -0.501 -0.271 -0.054 0.121 0.343 0.652 0.846 1.074 1.372 1.847 2.126 2.359 2.563 2.795 3.030 3.176 3.315 3.379 3.323 3.242 3.085 2.928 2.928 1.763
5.25 5.01 -0.529 -0.300 -0.085 0.088 0.309 0.616 0.808 1.035 1.331 1.800 2.075 2.304 2.503 2.731 2.961 3.103 3.239 3.304 3.253 3.172 3.016 2.855 2.855 1.684
5.25 6.31 -0.561 -0.335 -0.121 0.050 0.269 0.574 0.764 0.990 1.283 1.745 2.017 2.240 2.435 2.657 2.881 3.019 3.151 3.218 3.172 3.092 2.936 2.771 2.771 1.594
5.25 7.94 -0.597 -0.374 -0.163 0.007 0.224 0.525 0.715 0.938 1.228 1.684 1.950 2.168 2.357 2.573 2.791 2.924 3.052 3.120 3.079 3.000 2.844 2.676 2.676 1.492
5.25 10.00 -0.639 -0.419 -0.210 -0.043 0.173 0.471 0.658 0.879 1.167 1.614 1.874 2.087 2.270 2.479 2.689 2.817 2.941 3.009 2.973 2.895 2.740 2.568 2.568 1.377
5.25 12.59 -0.685 -0.469 -0.262 -0.098 0.115 0.410 0.595 0.814 1.098 1.536 1.791 1.997 2.173 2.375 2.577 2.699 2.818 2.886 2.855 2.777 2.623 2.449 2.449 1.249
5.25 15.85 -0.737 -0.525 -0.321 -0.159 0.051 0.342 0.526 0.742 1.021 1.450 1.698 1.898 2.067 2.261 2.454 2.570 2.684 2.750 2.724 2.647 2.495 2.318 2.318 1.109
5.25 19.95 -0.795 -0.587 -0.386 -0.226 -0.019 0.267 0.449 0.662 0.938 1.356 1.597 1.790 1.952 2.137 2.321 2.431 2.540 2.603 2.580 2.504 2.354 2.176 2.176 0.958
5.25 25.12 -0.858 -0.655 -0.457 -0.300 -0.096 0.186 0.365 0.575 0.846 1.254 1.488 1.673 1.827 2.004 2.179 2.282 2.385 2.445 2.425 2.349 2.202 2.025 2.025 0.795
5.25 31.62 -0.928 -0.730 -0.535 -0.381 -0.180 0.097 0.274 0.481 0.747 1.144 1.369 1.547 1.694 1.863 2.027 2.124 2.221 2.276 2.259 2.184 2.040 1.864 1.864 0.623
5.25 39.81 -1.005 -0.812 -0.620 -0.470 -0.272 0.000 0.175 0.378 0.640 1.024 1.243 1.413 1.552 1.712 1.867 1.957 2.049 2.099 2.084 2.009 1.869 1.695 1.695 0.442
5.25 50.12 -1.090 -0.902 -0.713 -0.567 -0.372 -0.105 0.067 0.267 0.523 0.896 1.106 1.271 1.402 1.554 1.700 1.783 1.869 1.913 1.901 1.826 1.689 1.518 1.518 0.253
5.25 63.10 -1.184 -1.001 -0.816 -0.673 -0.482 -0.220 -0.051 0.146 0.396 0.757 0.960 1.118 1.242 1.387 1.524 1.601 1.682 1.720 1.710 1.635 1.502 1.335 1.335 0.057
5.25 79.43 -1.289 -1.111 -0.930 -0.790 -0.603 -0.347 -0.180 0.013 0.258 0.607 0.803 0.956 1.073 1.212 1.341 1.411 1.487 1.520 1.512 1.437 1.309 1.145 1.145 -0.146
5.25 100.00 -1.406 -1.234 -1.057 -0.921 -0.737 -0.487 -0.323 -0.133 0.106 0.443 0.632 0.781 0.893 1.027 1.149 1.214 1.286 1.314 1.308 1.233 1.109 0.949 0.949 -0.355
5.25 125.89 -1.540 -1.373 -1.199 -1.068 -0.888 -0.643 -0.482 -0.296 -0.062 0.263 0.446 0.593 0.700 0.831 0.948 1.008 1.078 1.101 1.097 1.022 0.903 0.748 0.748 -0.571
5.25 158.49 -1.693 -1.532 -1.362 -1.234 -1.058 -0.818 -0.660 -0.478 -0.250 0.064 0.242 0.389 0.493 0.623 0.738 0.794 0.862 0.881 0.880 0.806 0.691 0.540 0.540 -0.793
5.25 199.53 -1.870 -1.715 -1.548 -1.424 -1.252 -1.018 -0.863 -0.685 -0.462 -0.160 0.016 0.165 0.268 0.401 0.515 0.569 0.637 0.654 0.657 0.583 0.473 0.327 0.327 -1.021
5.25 251.19 -2.077 -1.927 -1.765 -1.645 -1.476 -1.248 -1.096 -0.922 -0.705 -0.412 -0.239 -0.083 0.022 0.161 0.279 0.332 0.403 0.419 0.427 0.352 0.247 0.106 0.106 -1.258
5.25 316.23 -2.321 -2.178 -2.019 -1.903 -1.738 -1.516 -1.367 -1.197 -0.986 -0.702 -0.528 -0.361 -0.251 -0.100 0.026 0.080 0.157 0.175 0.188 0.113 0.013 -0.124 -0.124 -1.503
5.25 398.11 -2.613 -2.476 -2.321 -2.208 -2.048 -1.832 -1.685 -1.519 -1.313 -1.038 -0.860 -0.677 -0.557 -0.387 -0.248 -0.189 -0.104 -0.081 -0.061 -0.136 -0.231 -0.363 -0.363 -1.759
5.25 501.19 -2.964 -2.832 -2.682 -2.573 -2.416 -2.206 -2.063 -1.900 -1.701 -1.431 -1.246 -1.039 -0.904 -0.708 -0.547 -0.480 -0.381 -0.351 -0.322 -0.396 -0.487 -0.614 -0.614 -2.027
5.25 630.96 -3.389 -3.264 -3.117 -3.012 -2.860 -2.655 -2.515 -2.356 -2.163 -1.896 -1.700 -1.459 -1.302 -1.069 -0.878 -0.799 -0.681 -0.638 -0.597 -0.672 -0.757 -0.879 -0.879 -2.311
5.25 794.33 -3.908 -3.788 -3.646 -3.545 -3.396 -3.198 -3.060 -2.906 -2.718 -2.452 -2.239 -1.953 -1.765 -1.482 -1.250 -1.152 -1.007 -0.945 -0.891 -0.965 -1.046 -1.163 -1.163 -2.615
5.25 1000.00 -4.545 -4.431 -4.292 -4.195 -4.051 -3.858 -3.724 -3.573 -3.392 -3.123 -2.884 -2.539 -2.309 -1.960 -1.671 -1.547 -1.367 -1.279 -1.207 -1.281 -1.357 -1.469 -1.469 -2.942
5.50 1.00 -0.212 0.025 0.245 0.423 0.645 0.946 1.133 1.355 1.648 2.123 2.405 2.644 2.856 3.098 3.343 3.497 3.643 3.689 3.611 3.527 3.373 3.238 3.238 2.094
5.50 1.26 -0.220 0.015 0.235 0.413 0.635 0.935 1.122 1.343 1.635 2.108 2.389 2.627 2.837 3.077 3.322 3.474 3.619 3.665 3.590 3.506 3.352 3.216 3.216 2.070
5.50 1.58 -0.230 0.004 0.224 0.401 0.622 0.921 1.108 1.329 1.619 2.090 2.370 2.606 2.814 3.053 3.295 3.445 3.589 3.637 3.563 3.479 3.326 3.188 3.188 2.040
5.50 2.00 -0.242 -0.009 0.210 0.386 0.606 0.905 1.090 1.311 1.600 2.069 2.347 2.580 2.787 3.023 3.262 3.411 3.553 3.602 3.531 3.447 3.294 3.154 3.154 2.003
5.50 2.51 -0.257 -0.025 0.192 0.368 0.587 0.884 1.070 1.289 1.577 2.042 2.318 2.549 2.753 2.987 3.223 3.370 3.510 3.561 3.492 3.409 3.255 3.113 3.113 1.960
5.50 3.16 -0.275 -0.045 0.172 0.347 0.565 0.860 1.045 1.263 1.550 2.011 2.284 2.513 2.714 2.944 3.177 3.321 3.459 3.511 3.446 3.363 3.209 3.064 3.064 1.907
5.50 3.98 -0.297 -0.068 0.148 0.321 0.538 0.832 1.015 1.232 1.517 1.974 2.244 2.469 2.667 2.893 3.122 3.263 3.399 3.452 3.391 3.309 3.155 3.006 3.006 1.845
5.50 5.01 -0.322 -0.095 0.119 0.291 0.506 0.798 0.981 1.196 1.479 1.931 2.197 2.418 2.612 2.833 3.057 3.195 3.328 3.384 3.327 3.245 3.091 2.938 2.938 1.773
5.50 6.31 -0.351 -0.127 0.086 0.256 0.470 0.759 0.940 1.154 1.435 1.880 2.142 2.359 2.548 2.765 2.983 3.117 3.246 3.304 3.252 3.171 3.017 2.860 2.860 1.690
5.50 7.94 -0.385 -0.163 0.047 0.216 0.428 0.714 0.894 1.106 1.384 1.823 2.080 2.292 2.476 2.686 2.898 3.028 3.153 3.212 3.165 3.085 2.932 2.771 2.771 1.594
5.50 10.00 -0.423 -0.205 0.003 0.170 0.380 0.663 0.841 1.052 1.326 1.757 2.009 2.215 2.393 2.598 2.802 2.927 3.048 3.108 3.067 2.988 2.835 2.670 2.670 1.486
5.50 12.59 -0.467 -0.252 -0.046 0.118 0.326 0.606 0.782 0.990 1.261 1.684 1.930 2.130 2.302 2.499 2.696 2.815 2.932 2.992 2.956 2.878 2.726 2.557 2.557 1.365
5.50 15.85 -0.516 -0.305 -0.101 0.060 0.265 0.542 0.716 0.921 1.189 1.602 1.842 2.035 2.201 2.390 2.578 2.692 2.804 2.864 2.833 2.755 2.605 2.433 2.433 1.232
5.50 19.95 -0.570 -0.364 -0.163 -0.004 0.199 0.471 0.643 0.846 1.109 1.512 1.745 1.932 2.090 2.272 2.451 2.559 2.665 2.723 2.697 2.620 2.471 2.298 2.298 1.088
5.50 25.12 -0.631 -0.428 -0.230 -0.074 0.125 0.393 0.563 0.763 1.021 1.414 1.640 1.820 1.970 2.144 2.314 2.415 2.516 2.572 2.549 2.472 2.326 2.152 2.152 0.932
5.50 31.62 -0.698 -0.500 -0.305 -0.152 0.044 0.307 0.475 0.672 0.926 1.308 1.526 1.699 1.842 2.007 2.168 2.262 2.358 2.410 2.390 2.314 2.171 1.997 1.997 0.766
5.50 39.81 -0.772 -0.579 -0.387 -0.237 -0.044 0.214 0.379 0.573 0.822 1.192 1.403 1.569 1.704 1.861 2.013 2.101 2.191 2.238 2.221 2.145 2.005 1.833 1.833 0.590
5.50 50.12 -0.854 -0.666 -0.477 -0.331 -0.142 0.111 0.275 0.464 0.708 1.067 1.270 1.430 1.558 1.707 1.849 1.931 2.015 2.057 2.043 1.968 1.831 1.661 1.661 0.407
5.50 63.10 -0.945 -0.762 -0.577 -0.434 -0.248 -0.001 0.160 0.346 0.585 0.932 1.128 1.281 1.402 1.544 1.678 1.753 1.832 1.869 1.857 1.782 1.649 1.482 1.482 0.215
5.50 79.43 -1.047 -0.869 -0.688 -0.549 -0.366 -0.124 0.034 0.217 0.450 0.785 0.974 1.122 1.237 1.372 1.498 1.567 1.642 1.673 1.664 1.589 1.460 1.297 1.297 0.017
5.50 100.00 -1.161 -0.990 -0.812 -0.677 -0.498 -0.261 -0.106 0.073 0.301 0.624 0.807 0.951 1.060 1.191 1.310 1.374 1.445 1.471 1.464 1.388 1.265 1.105 1.105 -0.189
5.50 125.89 -1.292 -1.126 -0.952 -0.820 -0.645 -0.414 -0.262 -0.086 0.136 0.447 0.624 0.766 0.871 0.998 1.113 1.172 1.240 1.262 1.257 1.182 1.063 0.907 0.907 -0.400
5.50 158.49 -1.442 -1.282 -1.112 -0.984 -0.812 -0.587 -0.437 -0.266 -0.049 0.251 0.423 0.565 0.667 0.794 0.906 0.960 1.027 1.046 1.044 0.969 0.854 0.703 0.703 -0.619
5.50 199.53 -1.617 -1.462 -1.295 -1.171 -1.004 -0.784 -0.637 -0.469 -0.259 0.031 0.199 0.344 0.445 0.575 0.687 0.739 0.806 0.822 0.824 0.749 0.639 0.493 0.493 -0.844
5.50 251.19 -1.821 -1.672 -1.509 -1.389 -1.225 -1.011 -0.868 -0.704 -0.499 -0.219 -0.053 0.099 0.201 0.338 0.453 0.505 0.575 0.590 0.596 0.521 0.416 0.275 0.275 -1.077
5.50 316.23 -2.063 -1.920 -1.761 -1.645 -1.485 -1.277 -1.136 -0.976 -0.777 -0.506 -0.339 -0.177 -0.069 0.080 0.203 0.256 0.331 0.348 0.361 0.286 0.185 0.048 0.048 -1.319
5.50 398.11 -2.352 -2.215 -2.060 -1.948 -1.792 -1.589 -1.452 -1.295 -1.102 -0.839 -0.668 -0.489 -0.372 -0.205 -0.068 -0.010 0.074 0.095 0.115 0.040 -0.056 -0.188 -0.188 -1.572
5.50 501.19 -2.700 -2.569 -2.418 -2.310 -2.158 -1.961 -1.826 -1.674 -1.487 -1.230 -1.052 -0.849 -0.716 -0.523 -0.365 -0.299 -0.201 -0.172 -0.143 -0.218 -0.309 -0.436 -0.436 -1.837
5.50 630.96 -3.123 -2.998 -2.851 -2.746 -2.598 -2.408 -2.276 -2.127 -1.946 -1.692 -1.503 -1.266 -1.112 -0.882 -0.693 -0.615 -0.498 -0.455 -0.416 -0.491 -0.576 -0.699 -0.699 -2.118
5.50 794.33 -3.640 -3.520 -3.377 -3.277 -3.132 -2.948 -2.819 -2.674 -2.499 -2.246 -2.039 -1.758 -1.572 -1.292 -1.062 -0.965 -0.821 -0.760 -0.707 -0.782 -0.862 -0.980 -0.980 -2.419
5.50 1000.00 -4.274 -4.160 -4.021 -3.924 -3.784 -3.606 -3.480 -3.339 -3.170 -2.914 -2.682 -2.341 -2.114 -1.767 -1.480 -1.358 -1.178 -1.092 -1.020 -1.095 -1.171 -1.283 -1.283 -2.744
5.75 1.00 -0.020 0.214 0.432 0.609 0.825 1.111 1.289 1.499 1.778 2.235 2.507 2.737 2.942 3.176 3.414 3.562 3.704 3.740 3.658 3.573 3.423 3.294 3.294 2.154
5.75 1.26 -0.028 0.205 0.424 0.600 0.816 1.101 1.278 1.489 1.767 2.222 2.493 2.722 2.925 3.158 3.394 3.541 3.682 3.719 3.639 3.554 3.403 3.274 3.274 2.132
5.75 1.58 -0.037 0.196 0.414 0.589 0.804 1.089 1.265 1.475 1.753 2.206 2.475 2.703 2.905 3.136 3.370 3.516 3.655 3.693 3.615 3.530 3.379 3.248 3.248 2.105
5.75 2.00 -0.048 0.183 0.401 0.576 0.790 1.074 1.250 1.459 1.735 2.186 2.454 2.680 2.879 3.108 3.340 3.485 3.623 3.662 3.585 3.501 3.350 3.217 3.217 2.072
5.75 2.51 -0.061 0.169 0.385 0.560 0.773 1.055 1.231 1.440 1.715 2.163 2.428 2.652 2.849 3.076 3.305 3.447 3.584 3.624 3.550 3.466 3.315 3.180 3.180 2.032
5.75 3.16 -0.077 0.151 0.367 0.540 0.753 1.033 1.209 1.416 1.690 2.134 2.397 2.618 2.813 3.036 3.262 3.402 3.537 3.579 3.508 3.424 3.273 3.135 3.135 1.984
5.75 3.98 -0.097 0.130 0.345 0.517 0.728 1.007 1.182 1.388 1.660 2.100 2.360 2.578 2.770 2.989 3.211 3.349 3.481 3.525 3.457 3.374 3.224 3.082 3.082 1.927
5.75 5.01 -0.120 0.105 0.318 0.489 0.699 0.976 1.150 1.355 1.625 2.060 2.317 2.531 2.719 2.934 3.152 3.286 3.415 3.461 3.398 3.315 3.165 3.020 3.020 1.860
5.75 6.31 -0.146 0.076 0.288 0.457 0.666 0.940 1.113 1.316 1.584 2.014 2.266 2.476 2.660 2.870 3.083 3.213 3.339 3.387 3.329 3.247 3.097 2.947 2.947 1.783
5.75 7.94 -0.178 0.043 0.252 0.420 0.627 0.899 1.070 1.271 1.536 1.960 2.208 2.413 2.592 2.797 3.003 3.130 3.252 3.302 3.249 3.168 3.018 2.864 2.864 1.694
5.75 10.00 -0.213 0.004 0.212 0.377 0.582 0.851 1.021 1.220 1.482 1.898 2.141 2.342 2.515 2.714 2.913 3.035 3.154 3.205 3.158 3.077 2.927 2.769 2.769 1.592
5.75 12.59 -0.254 -0.040 0.165 0.329 0.531 0.797 0.965 1.162 1.421 1.829 2.067 2.261 2.428 2.621 2.812 2.929 3.044 3.096 3.054 2.975 2.826 2.663 2.663 1.479
5.75 15.85 -0.300 -0.090 0.113 0.274 0.475 0.737 0.903 1.098 1.353 1.752 1.983 2.171 2.332 2.517 2.701 2.812 2.922 2.975 2.939 2.860 2.712 2.546 2.546 1.353
5.75 19.95 -0.351 -0.145 0.055 0.214 0.411 0.669 0.833 1.026 1.277 1.666 1.891 2.073 2.227 2.404 2.579 2.685 2.789 2.841 2.810 2.732 2.585 2.417 2.417 1.215
5.75 25.12 -0.409 -0.207 -0.009 0.146 0.341 0.595 0.757 0.946 1.193 1.572 1.790 1.965 2.112 2.281 2.448 2.547 2.646 2.696 2.670 2.592 2.448 2.277 2.277 1.066
5.75 31.62 -0.473 -0.275 -0.081 0.072 0.263 0.513 0.672 0.859 1.101 1.470 1.680 1.848 1.988 2.149 2.306 2.399 2.493 2.540 2.518 2.441 2.299 2.128 2.128 0.906
5.75 39.81 -0.544 -0.351 -0.160 -0.010 0.178 0.423 0.580 0.763 1.001 1.358 1.561 1.723 1.855 2.008 2.156 2.242 2.331 2.374 2.355 2.279 2.140 1.969 1.969 0.736
5.75 50.12 -0.623 -0.435 -0.247 -0.101 0.084 0.324 0.478 0.658 0.891 1.237 1.433 1.587 1.712 1.858 1.997 2.077 2.160 2.199 2.183 2.107 1.971 1.803 1.803 0.558
5.75 63.10 -0.711 -0.528 -0.344 -0.201 -0.020 0.215 0.367 0.544 0.771 1.105 1.293 1.443 1.560 1.699 1.830 1.904 1.982 2.016 2.002 1.927 1.794 1.628 1.628 0.371
5.75 79.43 -0.810 -0.633 -0.452 -0.313 -0.135 0.095 0.244 0.417 0.639 0.961 1.143 1.287 1.398 1.531 1.655 1.722 1.795 1.825 1.814 1.738 1.610 1.447 1.447 0.178
5.75 100.00 -0.922 -0.750 -0.573 -0.437 -0.263 -0.039 0.107 0.277 0.493 0.804 0.979 1.119 1.225 1.353 1.470 1.532 1.602 1.627 1.618 1.543 1.419 1.259 1.259 -0.023
5.75 125.89 -1.050 -0.884 -0.710 -0.578 -0.408 -0.189 -0.046 0.120 0.331 0.630 0.799 0.938 1.039 1.164 1.277 1.334 1.401 1.421 1.415 1.340 1.221 1.065 1.065 -0.231
5.75 158.49 -1.197 -1.037 -0.867 -0.739 -0.572 -0.359 -0.218 -0.056 0.149 0.436 0.601 0.740 0.838 0.963 1.072 1.126 1.192 1.209 1.206 1.131 1.016 0.865 0.865 -0.446
5.75 199.53 -1.369 -1.214 -1.048 -0.924 -0.761 -0.554 -0.416 -0.258 -0.058 0.219 0.380 0.522 0.620 0.747 0.856 0.907 0.974 0.988 0.989 0.914 0.804 0.657 0.657 -0.667
5.75 251.19 -1.571 -1.422 -1.259 -1.139 -0.980 -0.779 -0.643 -0.489 -0.295 -0.029 0.132 0.279 0.379 0.513 0.626 0.677 0.745 0.760 0.765 0.690 0.584 0.443 0.443 -0.897
5.75 316.23 -1.810 -1.667 -1.508 -1.392 -1.237 -1.041 -0.909 -0.758 -0.570 -0.313 -0.152 0.007 0.112 0.258 0.379 0.431 0.505 0.521 0.532 0.457 0.357 0.219 0.219 -1.136
5.75 398.11 -2.097 -1.959 -1.805 -1.692 -1.541 -1.351 -1.222 -1.075 -0.893 -0.643 -0.479 -0.303 -0.188 -0.024 0.111 0.167 0.250 0.271 0.289 0.214 0.118 -0.014 -0.014 -1.386
5.75 501.19 -2.442 -2.311 -2.160 -2.052 -1.904 -1.721 -1.594 -1.451 -1.275 -1.031 -0.859 -0.660 -0.530 -0.339 -0.183 -0.119 -0.022 0.007 0.034 -0.041 -0.132 -0.259 -0.259 -1.648
5.75 630.96 -2.863 -2.737 -2.590 -2.486 -2.342 -2.164 -2.041 -1.902 -1.732 -1.491 -1.308 -1.075 -0.923 -0.695 -0.509 -0.432 -0.316 -0.274 -0.235 -0.311 -0.397 -0.519 -0.519 -1.926
5.75 794.33 -3.376 -3.257 -3.114 -3.013 -2.874 -2.702 -2.581 -2.447 -2.282 -2.042 -1.841 -1.564 -1.381 -1.103 -0.875 -0.779 -0.636 -0.576 -0.523 -0.599 -0.680 -0.797 -0.797 -2.224
5.75 1000.00 -4.008 -3.894 -3.756 -3.659 -3.523 -3.357 -3.240 -3.109 -2.950 -2.707 -2.481 -2.144 -1.920 -1.575 -1.291 -1.169 -0.991 -0.905 -0.834 -0.909 -0.985 -1.098 -1.098 -2.546
6.00 1.00 0.168 0.399 0.616 0.791 1.002 1.273 1.442 1.642 1.908 2.347 2.609 2.831 3.028 3.255 3.485 3.628 3.765 3.792 3.706 3.620 3.473 3.351 3.351 2.214
6.00 1.26 0.161 0.392 0.609 0.783 0.993 1.264 1.432 1.632 1.897 2.335 2.596 2.817 3.013 3.238 3.467 3.609 3.746 3.773 3.688 3.603 3.455 3.332 3.332 2.194
6.00 1.58 0.153 0.383 0.599 0.774 0.983 1.253 1.421 1.620 1.885 2.321 2.580 2.800 2.995 3.218 3.445 3.586 3.721 3.750 3.666 3.581 3.433 3.309 3.309 2.170
6.00 2.00 0.143 0.372 0.588 0.762 0.970 1.239 1.407 1.606 1.869 2.303 2.561 2.779 2.972 3.194 3.418 3.558 3.692 3.721 3.640 3.554 3.407 3.281 3.281 2.140
6.00 2.51 0.131 0.359 0.574 0.747 0.955 1.223 1.390 1.588 1.850 2.282 2.537 2.753 2.944 3.164 3.386 3.524 3.656 3.687 3.607 3.522 3.375 3.247 3.247 2.103
6.00 3.16 0.116 0.343 0.557 0.729 0.937 1.203 1.369 1.567 1.828 2.256 2.509 2.723 2.911 3.128 3.347 3.482 3.613 3.645 3.568 3.484 3.337 3.206 3.206 2.060
6.00 3.98 0.099 0.324 0.537 0.708 0.914 1.179 1.345 1.541 1.801 2.225 2.475 2.686 2.872 3.085 3.300 3.433 3.562 3.596 3.522 3.438 3.291 3.157 3.157 2.007
6.00 5.01 0.078 0.301 0.513 0.683 0.888 1.151 1.316 1.511 1.768 2.188 2.435 2.643 2.825 3.034 3.245 3.376 3.501 3.537 3.468 3.384 3.237 3.100 3.100 1.946
6.00 6.31 0.054 0.275 0.485 0.654 0.857 1.118 1.282 1.475 1.731 2.145 2.389 2.592 2.770 2.975 3.181 3.308 3.431 3.469 3.404 3.321 3.174 3.033 3.033 1.874
6.00 7.94 0.025 0.244 0.452 0.619 0.821 1.079 1.242 1.433 1.687 2.095 2.334 2.533 2.707 2.906 3.107 3.230 3.350 3.390 3.330 3.248 3.101 2.955 2.955 1.791
6.00 10.00 -0.008 0.208 0.415 0.580 0.779 1.035 1.196 1.386 1.636 2.037 2.272 2.466 2.635 2.828 3.022 3.141 3.257 3.299 3.245 3.164 3.017 2.867 2.867 1.696
6.00 12.59 -0.046 0.167 0.372 0.534 0.732 0.984 1.144 1.332 1.579 1.972 2.202 2.390 2.553 2.740 2.927 3.041 3.153 3.197 3.149 3.068 2.922 2.767 2.767 1.590
6.00 15.85 -0.089 0.120 0.323 0.483 0.679 0.927 1.085 1.270 1.514 1.899 2.123 2.305 2.462 2.642 2.822 2.930 3.038 3.082 3.041 2.961 2.815 2.656 2.656 1.471
6.00 19.95 -0.137 0.068 0.268 0.426 0.618 0.864 1.019 1.202 1.442 1.818 2.035 2.211 2.361 2.534 2.706 2.809 2.911 2.956 2.920 2.841 2.696 2.533 2.533 1.340
6.00 25.12 -0.192 0.009 0.206 0.361 0.552 0.793 0.946 1.126 1.362 1.728 1.938 2.108 2.251 2.417 2.579 2.676 2.773 2.818 2.787 2.709 2.566 2.400 2.400 1.197
6.00 31.62 -0.253 -0.056 0.138 0.290 0.477 0.714 0.865 1.042 1.274 1.629 1.832 1.996 2.132 2.289 2.443 2.534 2.626 2.669 2.643 2.565 2.424 2.257 2.257 1.044
6.00 39.81 -0.321 -0.129 0.062 0.211 0.395 0.627 0.776 0.950 1.177 1.521 1.717 1.874 2.003 2.153 2.298 2.382 2.469 2.509 2.487 2.410 2.271 2.104 2.104 0.880
6.00 50.12 -0.397 -0.210 -0.022 0.124 0.305 0.532 0.678 0.849 1.071 1.403 1.593 1.743 1.865 2.007 2.144 2.222 2.303 2.339 2.321 2.244 2.109 1.943 1.943 0.708
6.00 63.10 -0.482 -0.300 -0.116 0.027 0.204 0.426 0.570 0.737 0.954 1.275 1.457 1.602 1.717 1.853 1.981 2.053 2.129 2.161 2.146 2.069 1.938 1.773 1.773 0.526
6.00 79.43 -0.578 -0.402 -0.221 -0.082 0.092 0.309 0.450 0.614 0.825 1.135 1.310 1.450 1.559 1.689 1.809 1.875 1.947 1.975 1.962 1.886 1.758 1.596 1.596 0.337
6.00 100.00 -0.688 -0.516 -0.339 -0.204 -0.033 0.178 0.316 0.477 0.683 0.981 1.150 1.286 1.389 1.514 1.629 1.689 1.758 1.781 1.771 1.695 1.571 1.413 1.413 0.141
6.00 125.89 -0.813 -0.647 -0.473 -0.342 -0.175 0.031 0.166 0.323 0.523 0.810 0.973 1.108 1.207 1.329 1.439 1.494 1.560 1.579 1.572 1.497 1.377 1.222 1.222 -0.063
6.00 158.49 -0.958 -0.797 -0.627 -0.500 -0.337 -0.137 -0.003 0.149 0.344 0.619 0.778 0.913 1.009 1.131 1.238 1.290 1.355 1.370 1.367 1.291 1.176 1.025 1.025 -0.274
6.00 199.53 -1.127 -0.972 -0.806 -0.682 -0.523 -0.328 -0.198 -0.049 0.140 0.405 0.560 0.698 0.793 0.918 1.025 1.075 1.140 1.154 1.154 1.078 0.968 0.821 0.821 -0.492
6.00 251.19 -1.326 -1.177 -1.014 -0.894 -0.739 -0.550 -0.423 -0.278 -0.094 0.160 0.314 0.458 0.556 0.687 0.798 0.847 0.915 0.928 0.933 0.857 0.752 0.610 0.610 -0.718
6.00 316.23 -1.562 -1.419 -1.261 -1.145 -0.993 -0.810 -0.686 -0.544 -0.367 -0.121 0.034 0.188 0.291 0.435 0.554 0.604 0.678 0.693 0.703 0.628 0.527 0.390 0.390 -0.954
6.00 398.11 -1.846 -1.709 -1.555 -1.442 -1.295 -1.118 -0.996 -0.859 -0.687 -0.448 -0.290 -0.119 -0.006 0.156 0.288 0.344 0.426 0.445 0.463 0.388 0.292 0.159 0.159 -1.201
6.00 501.19 -2.190 -2.058 -1.908 -1.799 -1.656 -1.484 -1.366 -1.232 -1.066 -0.834 -0.668 -0.473 -0.345 -0.156 -0.003 0.061 0.157 0.184 0.211 0.136 0.044 -0.083 -0.083 -1.460
6.00 630.96 -2.607 -2.482 -2.335 -2.231 -2.091 -1.926 -1.810 -1.680 -1.520 -1.291 -1.114 -0.885 -0.735 -0.510 -0.326 -0.250 -0.135 -0.094 -0.056 -0.131 -0.218 -0.340 -0.340 -1.735
6.00 794.33 -3.119 -2.999 -2.856 -2.756 -2.620 -2.461 -2.348 -2.222 -2.068 -1.839 -1.645 -1.371 -1.190 -0.915 -0.689 -0.594 -0.453 -0.393 -0.341 -0.417 -0.498 -0.616 -0.616 -2.030
6.00 1000.00 -3.748 -3.634 -3.495 -3.399 -3.267 -3.113 -3.004 -2.882 -2.734 -2.502 -2.283 -1.949 -1.727 -1.385 -1.102 -0.982 -0.804 -0.719 -0.649 -0.725 -0.801 -0.914 -0.914 -2.349
6.25 1.00 0.352 0.581 0.797 0.970 1.175 1.432 1.593 1.783 2.036 2.459 2.711 2.924 3.115 3.334 3.556 3.694 3.827 3.845 3.754 3.668 3.523 3.408 3.408 2.275
6.25 1.26 0.346 0.574 0.790 0.963 1.168 1.424 1.584 1.774 2.027 2.448 2.699 2.912 3.101 3.319 3.540 3.677 3.809 3.827 3.738 3.652 3.507 3.391 3.391 2.257
6.25 1.58 0.339 0.566 0.781 0.954 1.158 1.414 1.574 1.763 2.016 2.435 2.685 2.896 3.085 3.301 3.520 3.656 3.787 3.806 3.718 3.632 3.488 3.370 3.370 2.235
6.25 2.00 0.330 0.557 0.771 0.943 1.147 1.402 1.561 1.750 2.002 2.419 2.667 2.877 3.064 3.278 3.496 3.631 3.761 3.780 3.694 3.608 3.463 3.344 3.344 2.208
6.25 2.51 0.319 0.545 0.759 0.930 1.133 1.387 1.546 1.734 1.985 2.400 2.646 2.854 3.039 3.251 3.466 3.600 3.728 3.749 3.664 3.579 3.434 3.314 3.314 2.175
6.25 3.16 0.306 0.531 0.744 0.914 1.116 1.369 1.527 1.715 1.964 2.376 2.620 2.826 3.009 3.218 3.430 3.562 3.689 3.711 3.629 3.543 3.399 3.276 3.276 2.135
6.25 3.98 0.290 0.513 0.725 0.895 1.096 1.348 1.505 1.691 1.939 2.348 2.589 2.793 2.973 3.179 3.388 3.517 3.642 3.665 3.586 3.501 3.357 3.232 3.232 2.087
6.25 5.01 0.271 0.493 0.704 0.872 1.072 1.322 1.478 1.664 1.910 2.314 2.553 2.753 2.930 3.132 3.337 3.464 3.586 3.611 3.536 3.452 3.308 3.179 3.179 2.030
6.25 6.31 0.249 0.469 0.678 0.845 1.044 1.292 1.447 1.631 1.875 2.274 2.509 2.706 2.879 3.078 3.278 3.401 3.521 3.548 3.477 3.393 3.249 3.117 3.117 1.964
6.25 7.94 0.223 0.440 0.648 0.813 1.011 1.256 1.410 1.592 1.834 2.228 2.459 2.652 2.820 3.014 3.209 3.329 3.445 3.475 3.409 3.326 3.182 3.045 3.045 1.887
6.25 10.00 0.192 0.407 0.613 0.777 0.972 1.215 1.368 1.548 1.787 2.174 2.401 2.589 2.753 2.941 3.130 3.246 3.359 3.391 3.330 3.248 3.104 2.962 2.962 1.798
6.25 12.59 0.157 0.369 0.573 0.735 0.928 1.167 1.319 1.497 1.733 2.113 2.335 2.517 2.676 2.858 3.041 3.152 3.261 3.295 3.241 3.159 3.015 2.869 2.869 1.698
6.25 15.85 0.117 0.325 0.527 0.686 0.877 1.114 1.264 1.440 1.673 2.044 2.260 2.437 2.590 2.766 2.940 3.047 3.151 3.187 3.139 3.058 2.915 2.764 2.764 1.586
6.25 19.95 0.071 0.276 0.475 0.632 0.821 1.053 1.201 1.375 1.604 1.967 2.177 2.348 2.494 2.663 2.830 2.931 3.030 3.068 3.026 2.946 2.804 2.648 2.648 1.462
6.25 25.12 0.020 0.220 0.417 0.571 0.757 0.986 1.132 1.303 1.528 1.881 2.084 2.249 2.389 2.550 2.709 2.804 2.899 2.937 2.901 2.822 2.681 2.521 2.521 1.327
6.25 31.62 -0.038 0.158 0.352 0.503 0.686 0.911 1.054 1.223 1.443 1.786 1.983 2.141 2.274 2.428 2.578 2.667 2.757 2.794 2.764 2.685 2.546 2.384 2.384 1.180
6.25 39.81 -0.103 0.088 0.279 0.428 0.608 0.827 0.969 1.134 1.350 1.682 1.872 2.024 2.150 2.296 2.438 2.521 2.605 2.641 2.615 2.537 2.400 2.237 2.237 1.022
6.25 50.12 -0.176 0.010 0.198 0.343 0.520 0.735 0.874 1.036 1.247 1.568 1.751 1.897 2.016 2.155 2.288 2.365 2.445 2.477 2.456 2.379 2.244 2.080 2.080 0.855
6.25 63.10 -0.259 -0.077 0.107 0.249 0.423 0.632 0.769 0.928 1.134 1.443 1.619 1.760 1.872 2.005 2.130 2.200 2.275 2.304 2.287 2.210 2.079 1.916 1.916 0.679
6.25 79.43 -0.352 -0.176 0.005 0.144 0.314 0.518 0.652 0.807 1.008 1.306 1.476 1.612 1.718 1.844 1.962 2.027 2.098 2.123 2.108 2.032 1.904 1.744 1.744 0.495
6.25 100.00 -0.459 -0.288 -0.110 0.025 0.191 0.390 0.522 0.673 0.869 1.155 1.318 1.451 1.551 1.674 1.786 1.845 1.912 1.933 1.922 1.846 1.722 1.564 1.564 0.303
6.25 125.89 -0.581 -0.416 -0.242 -0.111 0.052 0.246 0.375 0.523 0.713 0.988 1.145 1.276 1.372 1.492 1.599 1.654 1.719 1.736 1.728 1.652 1.532 1.378 1.378 0.104
6.25 158.49 -0.723 -0.563 -0.393 -0.266 -0.107 0.082 0.208 0.352 0.537 0.800 0.953 1.084 1.178 1.298 1.402 1.453 1.517 1.531 1.526 1.450 1.335 1.185 1.185 -0.103
6.25 199.53 -0.890 -0.735 -0.569 -0.445 -0.290 -0.107 0.016 0.156 0.335 0.589 0.738 0.872 0.965 1.088 1.192 1.241 1.305 1.318 1.317 1.241 1.130 0.984 0.984 -0.318
6.25 251.19 -1.086 -0.937 -0.775 -0.655 -0.504 -0.327 -0.206 -0.070 0.104 0.347 0.495 0.636 0.731 0.860 0.968 1.017 1.083 1.095 1.099 1.024 0.918 0.776 0.776 -0.541
6.25 316.23 -1.320 -1.177 -1.019 -0.903 -0.755 -0.584 -0.467 -0.334 -0.166 0.069 0.217 0.369 0.469 0.611 0.727 0.777 0.849 0.863 0.873 0.797 0.696 0.559 0.559 -0.773
6.25 398.11 -1.602 -1.464 -1.310 -1.198 -1.054 -0.888 -0.774 -0.645 -0.483 -0.256 -0.104 0.064 0.175 0.334 0.465 0.519 0.600 0.619 0.636 0.560 0.464 0.331 0.331 -1.016
6.25 501.19 -1.942 -1.811 -1.660 -1.552 -1.412 -1.253 -1.141 -1.016 -0.860 -0.639 -0.479 -0.287 -0.161 0.025 0.177 0.239 0.334 0.361 0.387 0.311 0.220 0.092 0.092 -1.273
6.25 630.96 -2.357 -2.232 -2.085 -1.981 -1.845 -1.691 -1.583 -1.462 -1.312 -1.093 -0.922 -0.697 -0.549 -0.326 -0.144 -0.069 0.046 0.085 0.123 0.047 -0.040 -0.163 -0.163 -1.545
6.25 794.33 -2.866 -2.747 -2.604 -2.503 -2.371 -2.224 -2.118 -2.001 -1.857 -1.639 -1.450 -1.180 -1.001 -0.728 -0.504 -0.410 -0.270 -0.211 -0.160 -0.236 -0.317 -0.435 -0.435 -1.837
6.25 1000.00 -3.493 -3.379 -3.240 -3.144 -3.016 -2.874 -2.771 -2.658 -2.520 -2.299 -2.085 -1.755 -1.535 -1.195 -0.915 -0.795 -0.619 -0.534 -0.465 -0.541 -0.618 -0.731 -0.731 -2.153
6.50 1.00 0.532 0.759 0.973 1.145 1.345 1.589 1.741 1.922 2.164 2.570 2.812 3.018 3.202 3.413 3.627 3.761 3.889 3.898 3.803 3.716 3.574 3.465 3.465 2.337
6.50 1.26 0.527 0.753 0.967 1.139 1.338 1.582 1.734 1.914 2.156 2.561 2.802 3.007 3.190 3.400 3.613 3.746 3.873 3.882 3.788 3.701 3.560 3.450 3.450 2.321
6.50 1.58 0.521 0.746 0.960 1.131 1.330 1.573 1.725 1.904 2.145 2.549 2.789 2.993 3.175 3.383 3.595 3.727 3.854 3.863 3.770 3.683 3.542 3.431 3.431 2.300
6.50 2.00 0.513 0.738 0.951 1.121 1.320 1.562 1.713 1.893 2.133 2.534 2.773 2.976 3.156 3.363 3.573 3.704 3.829 3.839 3.748 3.662 3.520 3.408 3.408 2.276
6.50 2.51 0.503 0.727 0.939 1.109 1.307 1.549 1.699 1.878 2.117 2.517 2.754 2.955 3.133 3.338 3.546 3.675 3.800 3.810 3.721 3.635 3.494 3.380 3.380 2.246
6.50 3.16 0.492 0.714 0.926 1.095 1.292 1.532 1.683 1.861 2.099 2.495 2.730 2.929 3.106 3.309 3.514 3.641 3.764 3.776 3.689 3.603 3.461 3.346 3.346 2.209
6.50 3.98 0.477 0.699 0.909 1.078 1.274 1.513 1.662 1.839 2.076 2.469 2.702 2.899 3.073 3.273 3.475 3.600 3.721 3.734 3.650 3.564 3.423 3.305 3.305 2.165
6.50 5.01 0.460 0.680 0.890 1.057 1.252 1.489 1.638 1.814 2.049 2.438 2.669 2.862 3.033 3.230 3.428 3.551 3.670 3.685 3.603 3.518 3.377 3.256 3.256 2.113
6.50 6.31 0.440 0.658 0.866 1.032 1.226 1.461 1.609 1.784 2.017 2.402 2.629 2.819 2.986 3.179 3.373 3.493 3.609 3.626 3.549 3.464 3.323 3.199 3.199 2.052
6.50 7.94 0.416 0.632 0.838 1.003 1.196 1.429 1.575 1.749 1.980 2.359 2.582 2.768 2.932 3.120 3.309 3.426 3.539 3.558 3.486 3.401 3.261 3.132 3.132 1.981
6.50 10.00 0.388 0.601 0.806 0.969 1.160 1.390 1.536 1.707 1.936 2.309 2.528 2.710 2.869 3.052 3.236 3.348 3.458 3.480 3.413 3.329 3.188 3.056 3.056 1.898
6.50 12.59 0.355 0.565 0.769 0.930 1.119 1.346 1.490 1.660 1.886 2.252 2.466 2.643 2.797 2.974 3.152 3.260 3.366 3.390 3.329 3.246 3.106 2.968 2.968 1.805
6.50 15.85 0.318 0.525 0.726 0.885 1.072 1.296 1.438 1.606 1.828 2.187 2.395 2.567 2.716 2.887 3.057 3.161 3.263 3.289 3.235 3.153 3.013 2.869 2.869 1.699
6.50 19.95 0.275 0.478 0.677 0.834 1.018 1.239 1.379 1.545 1.764 2.113 2.316 2.482 2.625 2.789 2.952 3.050 3.148 3.177 3.129 3.048 2.908 2.760 2.760 1.582
6.50 25.12 0.226 0.426 0.622 0.776 0.958 1.175 1.313 1.476 1.691 2.032 2.228 2.388 2.524 2.682 2.837 2.930 3.023 3.053 3.011 2.931 2.792 2.639 2.639 1.453
6.50 31.62 0.171 0.367 0.560 0.711 0.890 1.103 1.239 1.399 1.610 1.941 2.131 2.285 2.414 2.565 2.711 2.798 2.886 2.917 2.881 2.802 2.665 2.508 2.508 1.313
6.50 39.81 0.109 0.300 0.490 0.639 0.815 1.023 1.157 1.314 1.520 1.841 2.024 2.172 2.295 2.438 2.576 2.657 2.740 2.770 2.740 2.661 2.526 2.367 2.367 1.162
6.50 50.12 0.039 0.225 0.412 0.557 0.730 0.934 1.066 1.219 1.421 1.731 1.907 2.049 2.165 2.301 2.431 2.506 2.584 2.612 2.588 2.510 2.376 2.217 2.217 1.001
6.50 63.10 -0.041 0.141 0.324 0.466 0.636 0.835 0.964 1.114 1.311 1.609 1.779 1.916 2.025 2.155 2.277 2.346 2.420 2.445 2.425 2.347 2.217 2.057 2.057 0.830
6.50 79.43 -0.131 0.045 0.225 0.364 0.530 0.723 0.850 0.997 1.189 1.476 1.639 1.771 1.875 1.999 2.114 2.177 2.247 2.269 2.252 2.175 2.048 1.890 1.890 0.651
6.50 100.00 -0.235 -0.064 0.113 0.248 0.410 0.599 0.723 0.866 1.053 1.328 1.485 1.614 1.712 1.832 1.941 1.999 2.065 2.084 2.071 1.995 1.871 1.715 1.715 0.464
6.50 125.89 -0.355 -0.189 -0.016 0.115 0.274 0.457 0.579 0.719 0.900 1.164 1.315 1.442 1.536 1.654 1.759 1.812 1.876 1.891 1.882 1.805 1.686 1.532 1.532 0.269
6.50 158.49 -0.494 -0.334 -0.165 -0.037 0.118 0.296 0.415 0.551 0.726 0.979 1.127 1.254 1.345 1.463 1.565 1.615 1.677 1.690 1.684 1.608 1.493 1.343 1.343 0.066
6.50 199.53 -0.658 -0.504 -0.338 -0.214 -0.062 0.110 0.226 0.358 0.528 0.771 0.915 1.045 1.136 1.256 1.359 1.406 1.469 1.480 1.479 1.403 1.292 1.146 1.146 -0.145
6.50 251.19 -0.852 -0.703 -0.541 -0.421 -0.273 -0.107 0.006 0.135 0.299 0.532 0.675 0.811 0.904 1.032 1.138 1.185 1.251 1.262 1.265 1.189 1.083 0.941 0.941 -0.364
6.50 316.23 -1.083 -0.940 -0.782 -0.666 -0.522 -0.362 -0.251 -0.126 0.032 0.256 0.400 0.547 0.646 0.785 0.900 0.948 1.020 1.033 1.042 0.966 0.864 0.727 0.727 -0.593
6.50 398.11 -1.362 -1.225 -1.071 -0.958 -0.818 -0.664 -0.556 -0.435 -0.283 -0.066 0.081 0.246 0.354 0.512 0.640 0.694 0.774 0.792 0.808 0.732 0.635 0.503 0.503 -0.833
6.50 501.19 -1.700 -1.569 -1.418 -1.310 -1.174 -1.025 -0.921 -0.804 -0.657 -0.446 -0.291 -0.102 0.021 0.205 0.355 0.416 0.510 0.536 0.562 0.486 0.394 0.266 0.266 -1.086
6.50 630.96 -2.113 -1.987 -1.841 -1.736 -1.604 -1.461 -1.360 -1.246 -1.106 -0.898 -0.732 -0.510 -0.364 -0.143 0.037 0.112 0.225 0.264 0.300 0.224 0.138 0.015 0.015 -1.355
6.50 794.33 -2.619 -2.499 -2.357 -2.256 -2.128 -1.991 -1.892 -1.783 -1.648 -1.441 -1.257 -0.990 -0.814 -0.542 -0.320 -0.228 -0.088 -0.030 0.021 -0.055 -0.137 -0.255 -0.255 -1.644
6.50 1000.00 -3.243 -3.129 -2.991 -2.894 -2.770 -2.638 -2.543 -2.438 -2.309 -2.098 -1.890 -1.563 -1.345 -1.007 -0.728 -0.610 -0.434 -0.351 -0.282 -0.358 -0.435 -0.548 -0.548 -1.957
6.75 1.00 0.710 0.934 1.146 1.317 1.512 1.743 1.888 2.059 2.291 2.681 2.914 3.112 3.289 3.493 3.700 3.828 3.952 3.951 3.853 3.765 3.627 3.524 3.524 2.399
6.75 1.26 0.705 0.929 1.141 1.311 1.506 1.737 1.881 2.052 2.283 2.673 2.905 3.102 3.278 3.481 3.686 3.814 3.938 3.937 3.839 3.752 3.613 3.510 3.510 2.385
6.75 1.58 0.699 0.923 1.134 1.304 1.498 1.729 1.873 2.044 2.274 2.662 2.893 3.089 3.265 3.466 3.670 3.797 3.920 3.920 3.823 3.736 3.597 3.493 3.493 2.366
6.75 2.00 0.692 0.915 1.126 1.295 1.489 1.719 1.863 2.033 2.263 2.649 2.879 3.074 3.248 3.448 3.650 3.776 3.898 3.898 3.803 3.716 3.577 3.472 3.472 2.344
6.75 2.51 0.684 0.905 1.116 1.285 1.478 1.707 1.850 2.020 2.249 2.633 2.861 3.055 3.227 3.425 3.626 3.751 3.871 3.872 3.778 3.691 3.553 3.446 3.446 2.317
6.75 3.16 0.673 0.894 1.104 1.272 1.464 1.692 1.835 2.004 2.232 2.613 2.840 3.032 3.202 3.398 3.597 3.720 3.839 3.840 3.748 3.662 3.524 3.415 3.415 2.283
6.75 3.98 0.660 0.880 1.089 1.256 1.448 1.675 1.817 1.985 2.211 2.590 2.814 3.004 3.172 3.365 3.561 3.682 3.799 3.802 3.713 3.626 3.488 3.378 3.378 2.243
6.75 5.01 0.645 0.863 1.071 1.237 1.428 1.653 1.795 1.962 2.187 2.562 2.783 2.970 3.136 3.326 3.518 3.637 3.752 3.757 3.670 3.584 3.446 3.333 3.333 2.196
6.75 6.31 0.626 0.843 1.050 1.215 1.404 1.628 1.768 1.934 2.157 2.528 2.747 2.930 3.093 3.280 3.468 3.584 3.697 3.703 3.620 3.534 3.396 3.281 3.281 2.139
6.75 7.94 0.605 0.819 1.024 1.188 1.376 1.597 1.737 1.902 2.123 2.488 2.704 2.884 3.042 3.225 3.408 3.521 3.632 3.640 3.561 3.476 3.338 3.219 3.219 2.073
6.75 10.00 0.579 0.790 0.995 1.156 1.343 1.562 1.700 1.864 2.082 2.442 2.653 2.829 2.984 3.162 3.340 3.449 3.556 3.567 3.493 3.408 3.271 3.147 3.147 1.997
6.75 12.59 0.549 0.757 0.960 1.120 1.305 1.521 1.658 1.819 2.035 2.388 2.595 2.767 2.916 3.089 3.261 3.366 3.470 3.484 3.415 3.331 3.194 3.066 3.066 1.909
6.75 15.85 0.514 0.720 0.920 1.078 1.261 1.474 1.609 1.769 1.981 2.327 2.529 2.696 2.840 3.007 3.172 3.273 3.373 3.389 3.327 3.244 3.107 2.973 2.973 1.810
6.75 19.95 0.474 0.676 0.874 1.030 1.210 1.420 1.554 1.711 1.920 2.258 2.454 2.615 2.754 2.914 3.073 3.168 3.264 3.283 3.228 3.146 3.009 2.870 2.870 1.700
6.75 25.12 0.428 0.626 0.822 0.975 1.153 1.359 1.491 1.646 1.851 2.180 2.370 2.526 2.658 2.812 2.963 3.053 3.144 3.165 3.118 3.036 2.900 2.755 2.755 1.577
6.75 31.62 0.376 0.570 0.763 0.914 1.089 1.291 1.421 1.573 1.774 2.093 2.277 2.427 2.553 2.700 2.843 2.927 3.014 3.036 2.995 2.915 2.780 2.631 2.631 1.444
6.75 39.81 0.316 0.506 0.696 0.844 1.016 1.214 1.342 1.491 1.688 1.997 2.174 2.318 2.438 2.577 2.713 2.791 2.873 2.896 2.861 2.782 2.648 2.495 2.495 1.299
6.75 50.12 0.249 0.434 0.621 0.766 0.935 1.128 1.254 1.400 1.592 1.891 2.061 2.199 2.312 2.445 2.573 2.646 2.722 2.745 2.716 2.637 2.506 2.350 2.350 1.144
6.75 63.10 0.172 0.353 0.536 0.678 0.844 1.032 1.155 1.298 1.485 1.773 1.937 2.070 2.177 2.304 2.423 2.490 2.563 2.584 2.560 2.482 2.353 2.197 2.197 0.979
6.75 79.43 0.084 0.260 0.440 0.578 0.741 0.924 1.045 1.184 1.367 1.643 1.801 1.929 2.030 2.151 2.264 2.326 2.394 2.413 2.394 2.316 2.190 2.034 2.034 0.806
6.75 100.00 -0.017 0.154 0.331 0.465 0.624 0.802 0.920 1.056 1.233 1.499 1.650 1.776 1.871 1.989 2.096 2.152 2.217 2.233 2.218 2.141 2.018 1.864 1.864 0.623
6.75 125.89 -0.134 0.031 0.205 0.336 0.491 0.664 0.779 0.911 1.083 1.337 1.484 1.607 1.699 1.814 1.917 1.969 2.031 2.045 2.034 1.957 1.838 1.686 1.686 0.433
6.75 158.49 -0.271 -0.111 0.059 0.186 0.338 0.505 0.618 0.746 0.913 1.156 1.298 1.422 1.511 1.626 1.726 1.775 1.837 1.848 1.841 1.764 1.649 1.500 1.500 0.234
6.75 199.53 -0.432 -0.277 -0.111 0.012 0.160 0.322 0.432 0.556 0.718 0.950 1.089 1.216 1.305 1.423 1.524 1.570 1.632 1.642 1.639 1.563 1.452 1.307 1.307 0.027
6.75 251.19 -0.623 -0.474 -0.312 -0.192 -0.048 0.108 0.215 0.336 0.491 0.715 0.852 0.986 1.077 1.202 1.306 1.352 1.417 1.427 1.429 1.353 1.247 1.105 1.105 -0.189
6.75 316.23 -0.852 -0.709 -0.551 -0.435 -0.294 -0.144 -0.040 0.077 0.227 0.442 0.580 0.725 0.821 0.958 1.071 1.119 1.189 1.201 1.209 1.133 1.031 0.894 0.894 -0.414
6.75 398.11 -1.128 -0.991 -0.836 -0.724 -0.587 -0.443 -0.342 -0.229 -0.085 0.122 0.264 0.426 0.532 0.688 0.814 0.867 0.946 0.963 0.979 0.902 0.806 0.673 0.673 -0.651
6.75 501.19 -1.463 -1.332 -1.182 -1.073 -0.940 -0.802 -0.704 -0.594 -0.456 -0.255 -0.105 0.080 0.202 0.384 0.532 0.592 0.686 0.711 0.736 0.659 0.567 0.439 0.439 -0.901
6.75 630.96 -1.873 -1.748 -1.602 -1.497 -1.368 -1.235 -1.140 -1.034 -0.902 -0.704 -0.543 -0.324 -0.180 0.039 0.217 0.291 0.403 0.441 0.477 0.401 0.314 0.191 0.191 -1.167
6.75 794.33 -2.377 -2.258 -2.115 -2.014 -1.889 -1.763 -1.670 -1.569 -1.442 -1.245 -1.066 -0.802 -0.627 -0.358 -0.138 -0.046 0.093 0.150 0.200 0.124 0.042 -0.076 -0.076 -1.453
6.75 1000.00 -2.998 -2.885 -2.746 -2.650 -2.529 -2.408 -2.318 -2.220 -2.100 -1.899 -1.696 -1.372 -1.156 -0.820 -0.543 -0.425 -0.250 -0.168 -0.099 -0.176 -0.253 -0.366 -0.366 -1.763
7.00 1.00 0.883 1.105 1.316 1.485 1.675 1.895 2.032 2.196 2.416 2.792 3.016 3.206 3.377 3.573 3.772 3.896 4.016 4.006 3.903 3.815 3.680 3.583 3.583 2.463
7.00 1.26 0.879 1.101 1.311 1.480 1.670 1.889 2.026 2.189 2.410 2.784 3.007 3.197 3.367 3.562 3.760 3.884 4.003 3.993 3.891 3.803 3.668 3.570 3.570 2.449
7.00 1.58 0.874 1.095 1.305 1.474 1.663 1.882 2.019 2.182 2.401 2.775 2.997 3.186 3.355 3.549 3.746 3.868 3.987 3.977 3.876 3.788 3.653 3.555 3.555 2.433
7.00 2.00 0.868 1.088 1.298 1.466 1.655 1.873 2.010 2.172 2.391 2.763 2.984 3.172 3.339 3.533 3.728 3.849 3.967 3.958 3.858 3.770 3.635 3.536 3.536 2.413
7.00 2.51 0.860 1.080 1.289 1.456 1.645 1.862 1.999 2.160 2.379 2.749 2.968 3.155 3.321 3.512 3.706 3.826 3.942 3.934 3.835 3.748 3.613 3.513 3.513 2.388
7.00 3.16 0.851 1.069 1.278 1.445 1.633 1.849 1.985 2.146 2.363 2.731 2.949 3.134 3.298 3.488 3.679 3.798 3.913 3.905 3.808 3.721 3.586 3.485 3.485 2.358
7.00 3.98 0.839 1.057 1.265 1.430 1.618 1.833 1.968 2.128 2.345 2.709 2.925 3.108 3.271 3.458 3.646 3.763 3.877 3.870 3.775 3.688 3.554 3.451 3.451 2.321
7.00 5.01 0.825 1.041 1.248 1.413 1.600 1.814 1.948 2.107 2.322 2.684 2.897 3.078 3.237 3.422 3.607 3.722 3.834 3.828 3.736 3.649 3.515 3.410 3.410 2.277
7.00 6.31 0.809 1.023 1.229 1.393 1.578 1.790 1.924 2.082 2.295 2.653 2.864 3.041 3.198 3.379 3.561 3.673 3.783 3.779 3.690 3.603 3.469 3.361 3.361 2.225
7.00 7.94 0.789 1.001 1.206 1.368 1.552 1.763 1.895 2.052 2.263 2.616 2.824 2.998 3.151 3.329 3.506 3.616 3.723 3.720 3.635 3.549 3.415 3.304 3.304 2.164
7.00 10.00 0.765 0.975 1.178 1.339 1.522 1.730 1.861 2.017 2.226 2.573 2.777 2.947 3.097 3.270 3.442 3.548 3.653 3.653 3.572 3.486 3.352 3.238 3.238 2.093
7.00 12.59 0.737 0.945 1.146 1.305 1.486 1.692 1.822 1.976 2.182 2.523 2.723 2.889 3.034 3.202 3.369 3.471 3.572 3.575 3.499 3.414 3.281 3.161 3.161 2.012
7.00 15.85 0.705 0.909 1.109 1.266 1.445 1.648 1.777 1.928 2.132 2.466 2.661 2.822 2.962 3.124 3.285 3.383 3.480 3.486 3.417 3.333 3.199 3.075 3.075 1.919
7.00 19.95 0.667 0.869 1.066 1.221 1.398 1.597 1.724 1.874 2.074 2.400 2.590 2.746 2.881 3.037 3.191 3.285 3.378 3.386 3.324 3.241 3.107 2.977 2.977 1.815
7.00 25.12 0.624 0.822 1.017 1.169 1.344 1.540 1.665 1.812 2.009 2.326 2.510 2.661 2.790 2.940 3.087 3.175 3.264 3.275 3.220 3.138 3.005 2.869 2.869 1.699
7.00 31.62 0.575 0.768 0.961 1.111 1.282 1.474 1.598 1.742 1.935 2.244 2.421 2.567 2.689 2.833 2.972 3.055 3.139 3.153 3.106 3.024 2.892 2.750 2.750 1.572
7.00 39.81 0.518 0.708 0.897 1.044 1.213 1.401 1.522 1.664 1.853 2.151 2.323 2.462 2.579 2.715 2.847 2.924 3.004 3.020 2.979 2.899 2.767 2.621 2.621 1.434
7.00 50.12 0.454 0.639 0.825 0.969 1.135 1.318 1.437 1.576 1.760 2.048 2.214 2.348 2.458 2.588 2.712 2.783 2.859 2.875 2.841 2.762 2.632 2.482 2.482 1.285
7.00 63.10 0.380 0.560 0.743 0.884 1.047 1.225 1.342 1.478 1.657 1.935 2.093 2.222 2.326 2.450 2.567 2.633 2.704 2.720 2.692 2.613 2.486 2.334 2.334 1.126
7.00 79.43 0.294 0.470 0.650 0.788 0.947 1.121 1.235 1.367 1.541 1.808 1.960 2.085 2.184 2.303 2.413 2.473 2.540 2.555 2.532 2.454 2.329 2.177 2.177 0.958
7.00 100.00 0.196 0.366 0.543 0.677 0.833 1.002 1.113 1.242 1.411 1.667 1.813 1.935 2.029 2.144 2.248 2.303 2.367 2.380 2.363 2.285 2.163 2.011 2.011 0.781
7.00 125.89 0.082 0.247 0.420 0.551 0.703 0.866 0.975 1.101 1.264 1.509 1.650 1.771 1.860 1.973 2.073 2.124 2.186 2.196 2.183 2.106 1.988 1.837 1.837 0.595
7.00 158.49 -0.052 0.107 0.277 0.404 0.553 0.710 0.817 0.938 1.097 1.331 1.468 1.589 1.676 1.789 1.887 1.934 1.995 2.004 1.995 1.918 1.804 1.656 1.656 0.401
7.00 199.53 -0.210 -0.056 0.109 0.233 0.378 0.530 0.634 0.752 0.904 1.128 1.262 1.386 1.473 1.589 1.687 1.733 1.794 1.802 1.798 1.721 1.611 1.466 1.466 0.198
7.00 251.19 -0.399 -0.251 -0.089 0.031 0.172 0.319 0.420 0.534 0.681 0.895 1.028 1.159 1.248 1.371 1.473 1.518 1.582 1.590 1.592 1.515 1.409 1.268 1.268 -0.014
7.00 316.23 -0.625 -0.483 -0.325 -0.209 -0.071 0.070 0.168 0.278 0.420 0.625 0.759 0.901 0.995 1.130 1.241 1.288 1.357 1.368 1.376 1.299 1.198 1.061 1.061 -0.236
7.00 398.11 -0.899 -0.762 -0.608 -0.496 -0.362 -0.227 -0.132 -0.025 0.111 0.309 0.446 0.605 0.709 0.863 0.987 1.039 1.118 1.133 1.148 1.072 0.975 0.843 0.843 -0.469
7.00 501.19 -1.232 -1.101 -0.950 -0.842 -0.712 -0.583 -0.491 -0.388 -0.258 -0.066 0.079 0.262 0.381 0.562 0.708 0.768 0.860 0.884 0.908 0.832 0.740 0.612 0.612 -0.716
7.00 630.96 -1.639 -1.514 -1.368 -1.263 -1.137 -1.014 -0.925 -0.826 -0.702 -0.513 -0.356 -0.140 0.002 0.219 0.396 0.468 0.580 0.618 0.653 0.577 0.489 0.366 0.366 -0.979
7.00 794.33 -2.141 -2.021 -1.878 -1.778 -1.656 -1.539 -1.452 -1.357 -1.239 -1.050 -0.876 -0.615 -0.442 -0.175 0.044 0.135 0.273 0.329 0.379 0.303 0.220 0.102 0.102 -1.262
7.00 1000.00 -2.759 -2.646 -2.507 -2.411 -2.293 -2.181 -2.098 -2.007 -1.894 -1.702 -1.504 -1.183 -0.968 -0.634 -0.359 -0.242 -0.067 0.014 0.082 0.006 -0.072 -0.185 -0.185 -1.569
7.25 1.00 1.054 1.273 1.482 1.650 1.835 2.044 2.175 2.330 2.541 2.903 3.118 3.301 3.465 3.654 3.845 3.965 4.080 4.061 3.955 3.867 3.734 3.643 3.643 2.527
7.25 1.26 1.050 1.269 1.478 1.645 1.831 2.039 2.170 2.325 2.535 2.896 3.110 3.293 3.456 3.644 3.835 3.953 4.068 4.049 3.944 3.856 3.723 3.632 3.632 2.515
7.25 1.58 1.046 1.264 1.473 1.639 1.825 2.033 2.163 2.318 2.528 2.887 3.101 3.282 3.445 3.632 3.822 3.939 4.054 4.035 3.931 3.842 3.710 3.618 3.618 2.500
7.25 2.00 1.040 1.258 1.466 1.632 1.817 2.025 2.155 2.309 2.519 2.876 3.089 3.270 3.431 3.617 3.805 3.922 4.036 4.017 3.914 3.826 3.693 3.601 3.601 2.482
7.25 2.51 1.033 1.250 1.458 1.624 1.808 2.015 2.145 2.298 2.507 2.863 3.075 3.254 3.414 3.599 3.786 3.901 4.014 3.996 3.893 3.805 3.673 3.580 3.580 2.459
7.25 3.16 1.025 1.241 1.448 1.613 1.797 2.003 2.132 2.285 2.493 2.847 3.057 3.235 3.394 3.577 3.761 3.876 3.987 3.970 3.868 3.780 3.649 3.554 3.554 2.432
7.25 3.98 1.014 1.230 1.436 1.601 1.784 1.988 2.117 2.270 2.476 2.828 3.036 3.212 3.369 3.549 3.732 3.844 3.954 3.938 3.838 3.750 3.619 3.523 3.523 2.399
7.25 5.01 1.002 1.216 1.421 1.585 1.767 1.971 2.099 2.250 2.456 2.804 3.010 3.184 3.338 3.517 3.696 3.807 3.915 3.899 3.802 3.715 3.583 3.485 3.485 2.359
7.25 6.31 0.987 1.199 1.404 1.566 1.747 1.949 2.077 2.227 2.431 2.776 2.979 3.151 3.302 3.477 3.653 3.762 3.868 3.853 3.759 3.672 3.541 3.441 3.441 2.311
7.25 7.94 0.968 1.179 1.383 1.544 1.724 1.924 2.050 2.200 2.402 2.742 2.943 3.111 3.259 3.431 3.603 3.709 3.812 3.800 3.709 3.622 3.491 3.388 3.388 2.254
7.25 10.00 0.947 1.155 1.357 1.517 1.696 1.894 2.019 2.167 2.367 2.703 2.899 3.064 3.209 3.376 3.544 3.646 3.747 3.737 3.650 3.563 3.433 3.327 3.327 2.188
7.25 12.59 0.921 1.127 1.328 1.486 1.663 1.859 1.983 2.129 2.327 2.656 2.849 3.010 3.150 3.313 3.475 3.574 3.672 3.664 3.582 3.496 3.366 3.255 3.255 2.112
7.25 15.85 0.891 1.094 1.293 1.449 1.625 1.817 1.940 2.085 2.280 2.602 2.791 2.947 3.083 3.240 3.397 3.492 3.586 3.581 3.505 3.419 3.289 3.174 3.174 2.026
7.25 19.95 0.856 1.056 1.253 1.407 1.580 1.770 1.891 2.034 2.225 2.541 2.724 2.875 3.006 3.158 3.308 3.399 3.490 3.487 3.418 3.333 3.203 3.083 3.083 1.928
7.25 25.12 0.816 1.012 1.206 1.359 1.529 1.716 1.835 1.975 2.164 2.471 2.649 2.795 2.920 3.066 3.209 3.295 3.382 3.383 3.320 3.237 3.107 2.981 2.981 1.818
7.25 31.62 0.769 0.962 1.153 1.303 1.471 1.654 1.771 1.909 2.093 2.392 2.564 2.705 2.824 2.964 3.100 3.180 3.263 3.267 3.212 3.129 3.000 2.868 2.868 1.698
7.25 39.81 0.715 0.904 1.093 1.240 1.405 1.583 1.699 1.834 2.014 2.303 2.469 2.605 2.718 2.851 2.980 3.055 3.133 3.140 3.093 3.011 2.883 2.745 2.745 1.566
7.25 50.12 0.653 0.837 1.024 1.167 1.330 1.504 1.617 1.749 1.925 2.204 2.364 2.494 2.602 2.729 2.850 2.919 2.993 3.002 2.962 2.882 2.754 2.612 2.612 1.424
7.25 63.10 0.582 0.762 0.945 1.085 1.245 1.414 1.525 1.654 1.826 2.094 2.247 2.373 2.474 2.596 2.710 2.774 2.844 2.853 2.821 2.741 2.615 2.469 2.469 1.271
7.25 79.43 0.500 0.674 0.854 0.992 1.148 1.312 1.421 1.547 1.713 1.971 2.118 2.240 2.336 2.452 2.560 2.619 2.684 2.694 2.668 2.589 2.465 2.317 2.317 1.108
7.25 100.00 0.404 0.574 0.750 0.884 1.037 1.197 1.303 1.425 1.587 1.833 1.975 2.093 2.185 2.297 2.399 2.453 2.516 2.525 2.504 2.426 2.305 2.156 2.156 0.936
7.25 125.89 0.292 0.457 0.630 0.761 0.910 1.064 1.168 1.286 1.443 1.678 1.815 1.932 2.020 2.130 2.228 2.278 2.338 2.346 2.331 2.253 2.135 1.987 1.987 0.755
7.25 158.49 0.161 0.320 0.490 0.617 0.762 0.911 1.012 1.127 1.278 1.503 1.636 1.754 1.839 1.949 2.045 2.092 2.151 2.158 2.148 2.070 1.956 1.810 1.810 0.566
7.25 199.53 0.005 0.159 0.325 0.448 0.590 0.734 0.832 0.943 1.089 1.304 1.433 1.554 1.639 1.753 1.849 1.894 1.954 1.961 1.955 1.878 1.768 1.624 1.624 0.367
7.25 251.19 -0.181 -0.033 0.129 0.249 0.388 0.525 0.621 0.728 0.868 1.074 1.202 1.330 1.417 1.538 1.638 1.683 1.746 1.753 1.753 1.676 1.570 1.430 1.430 0.159
7.25 316.23 -0.404 -0.262 -0.104 0.012 0.147 0.279 0.371 0.475 0.609 0.806 0.936 1.075 1.167 1.301 1.410 1.456 1.524 1.534 1.541 1.464 1.362 1.226 1.226 -0.059
7.25 398.11 -0.675 -0.539 -0.384 -0.272 -0.142 -0.015 0.074 0.175 0.303 0.493 0.626 0.782 0.884 1.036 1.159 1.210 1.288 1.303 1.317 1.240 1.143 1.011 1.011 -0.289
7.25 501.19 -1.006 -0.875 -0.724 -0.616 -0.489 -0.369 -0.282 -0.186 -0.063 0.121 0.261 0.442 0.560 0.738 0.883 0.942 1.033 1.057 1.080 1.003 0.911 0.783 0.783 -0.533
7.25 630.96 -1.411 -1.286 -1.139 -1.035 -0.912 -0.797 -0.713 -0.621 -0.504 -0.323 -0.171 0.043 0.183 0.399 0.574 0.645 0.756 0.793 0.828 0.751 0.664 0.540 0.540 -0.793
7.25 794.33 -1.909 -1.790 -1.647 -1.547 -1.428 -1.319 -1.238 -1.150 -1.039 -0.858 -0.688 -0.430 -0.259 0.007 0.224 0.315 0.452 0.508 0.557 0.480 0.398 0.279 0.279 -1.072
7.25 1000.00 -2.526 -2.412 -2.274 -2.177 -2.062 -1.959 -1.881 -1.796 -1.691 -1.508 -1.313 -0.995 -0.782 -0.449 -0.175 -0.059 0.114 0.196 0.263 0.186 0.108 -0.005 -0.005 -1.377
7.50 1.00 1.221 1.438 1.645 1.811 1.992 2.191 2.316 2.463 2.665 3.013 3.220 3.396 3.554 3.736 3.919 4.034 4.145 4.117 4.008 3.919 3.790 3.704 3.704 2.593
7.50 1.26 1.218 1.434 1.642 1.807 1.988 2.186 2.311 2.458 2.660 3.007 3.213 3.388 3.546 3.727 3.910 4.024 4.134 4.107 3.998 3.909 3.780 3.694 3.694 2.582
7.50 1.58 1.214 1.430 1.637 1.802 1.983 2.181 2.305 2.452 2.653 2.999 3.205 3.379 3.536 3.716 3.898 4.011 4.121 4.094 3.986 3.897 3.768 3.682 3.682 2.568
7.50 2.00 1.209 1.424 1.631 1.796 1.976 2.174 2.297 2.444 2.645 2.990 3.194 3.368 3.523 3.702 3.883 3.996 4.105 4.078 3.971 3.882 3.753 3.666 3.666 2.552
7.50 2.51 1.202 1.417 1.624 1.788 1.968 2.165 2.288 2.435 2.635 2.978 3.181 3.354 3.508 3.686 3.865 3.977 4.085 4.058 3.952 3.863 3.734 3.647 3.647 2.531
7.50 3.16 1.195 1.409 1.615 1.778 1.958 2.154 2.277 2.423 2.622 2.963 3.165 3.336 3.489 3.666 3.843 3.953 4.061 4.034 3.929 3.841 3.712 3.624 3.624 2.506
7.50 3.98 1.186 1.399 1.604 1.767 1.946 2.141 2.263 2.409 2.607 2.946 3.146 3.315 3.466 3.641 3.816 3.925 4.031 4.005 3.901 3.813 3.685 3.595 3.595 2.476
7.50 5.01 1.174 1.386 1.591 1.753 1.931 2.125 2.247 2.391 2.588 2.924 3.122 3.290 3.439 3.611 3.784 3.891 3.995 3.970 3.868 3.780 3.652 3.561 3.561 2.439
7.50 6.31 1.161 1.371 1.574 1.736 1.913 2.105 2.227 2.370 2.566 2.898 3.094 3.259 3.406 3.575 3.745 3.849 3.952 3.928 3.828 3.740 3.612 3.520 3.520 2.396
7.50 7.94 1.144 1.353 1.555 1.715 1.891 2.082 2.203 2.345 2.539 2.867 3.060 3.223 3.366 3.532 3.698 3.800 3.901 3.878 3.781 3.694 3.566 3.471 3.471 2.344
7.50 10.00 1.124 1.331 1.532 1.691 1.866 2.054 2.174 2.315 2.507 2.830 3.020 3.179 3.320 3.482 3.644 3.743 3.841 3.819 3.727 3.639 3.512 3.414 3.414 2.283
7.50 12.59 1.100 1.305 1.504 1.662 1.835 2.021 2.140 2.280 2.469 2.787 2.973 3.129 3.265 3.423 3.580 3.676 3.771 3.752 3.663 3.576 3.449 3.348 3.348 2.212
7.50 15.85 1.073 1.275 1.472 1.628 1.799 1.983 2.100 2.238 2.425 2.737 2.919 3.070 3.202 3.355 3.507 3.599 3.691 3.674 3.591 3.505 3.378 3.272 3.272 2.131
7.50 19.95 1.040 1.239 1.435 1.588 1.758 1.939 2.054 2.190 2.374 2.679 2.856 3.003 3.130 3.278 3.423 3.511 3.600 3.586 3.509 3.423 3.297 3.186 3.186 2.039
7.50 25.12 1.002 1.198 1.391 1.542 1.710 1.887 2.001 2.135 2.316 2.613 2.785 2.927 3.048 3.190 3.330 3.413 3.498 3.487 3.417 3.333 3.206 3.090 3.090 1.936
7.50 31.62 0.958 1.150 1.341 1.490 1.655 1.829 1.941 2.072 2.249 2.537 2.704 2.841 2.957 3.093 3.225 3.304 3.384 3.378 3.315 3.232 3.106 2.983 2.983 1.821
7.50 39.81 0.907 1.095 1.283 1.429 1.592 1.762 1.872 2.000 2.173 2.453 2.613 2.745 2.856 2.986 3.111 3.184 3.260 3.257 3.203 3.120 2.995 2.866 2.866 1.696
7.50 50.12 0.847 1.031 1.217 1.360 1.520 1.685 1.793 1.919 2.088 2.357 2.512 2.639 2.744 2.868 2.986 3.054 3.126 3.126 3.080 2.998 2.873 2.739 2.739 1.560
7.50 63.10 0.779 0.958 1.141 1.281 1.438 1.599 1.704 1.827 1.991 2.251 2.399 2.522 2.621 2.739 2.851 2.913 2.981 2.984 2.945 2.864 2.741 2.602 2.602 1.413
7.50 79.43 0.699 0.874 1.053 1.190 1.344 1.500 1.603 1.723 1.882 2.131 2.274 2.392 2.486 2.600 2.705 2.762 2.827 2.831 2.799 2.720 2.598 2.456 2.456 1.257
7.50 100.00 0.606 0.776 0.952 1.086 1.236 1.387 1.488 1.604 1.759 1.997 2.134 2.250 2.339 2.449 2.549 2.602 2.663 2.667 2.643 2.564 2.444 2.300 2.300 1.090
7.50 125.89 0.497 0.662 0.834 0.965 1.112 1.258 1.356 1.469 1.618 1.846 1.978 2.092 2.178 2.286 2.382 2.430 2.490 2.494 2.476 2.397 2.280 2.136 2.136 0.914
7.50 158.49 0.369 0.528 0.697 0.824 0.967 1.108 1.203 1.313 1.457 1.674 1.802 1.917 2.000 2.109 2.203 2.248 2.307 2.311 2.298 2.220 2.107 1.963 1.963 0.729
7.50 199.53 0.216 0.369 0.535 0.658 0.797 0.933 1.026 1.131 1.270 1.477 1.602 1.721 1.804 1.916 2.010 2.054 2.113 2.118 2.110 2.033 1.923 1.781 1.781 0.535
7.50 251.19 0.032 0.180 0.342 0.462 0.598 0.727 0.818 0.919 1.052 1.250 1.374 1.499 1.585 1.704 1.803 1.846 1.908 1.914 1.913 1.835 1.730 1.590 1.590 0.331
7.50 316.23 -0.189 -0.046 0.112 0.227 0.359 0.484 0.571 0.669 0.797 0.986 1.111 1.247 1.338 1.470 1.577 1.622 1.690 1.699 1.704 1.627 1.526 1.390 1.390 0.116
7.50 398.11 -0.457 -0.321 -0.166 -0.054 0.074 0.192 0.277 0.371 0.493 0.675 0.804 0.957 1.058 1.209 1.330 1.380 1.457 1.471 1.484 1.407 1.310 1.178 1.178 -0.110
7.50 501.19 -0.785 -0.654 -0.504 -0.396 -0.271 -0.159 -0.077 0.014 0.130 0.306 0.442 0.620 0.737 0.914 1.056 1.115 1.205 1.228 1.251 1.174 1.082 0.954 0.954 -0.350
7.50 630.96 -1.187 -1.062 -0.916 -0.811 -0.691 -0.584 -0.505 -0.419 -0.309 -0.135 0.013 0.224 0.363 0.577 0.750 0.821 0.932 0.967 1.002 0.925 0.837 0.714 0.714 -0.607
7.50 794.33 -1.683 -1.564 -1.422 -1.321 -1.205 -1.104 -1.028 -0.945 -0.841 -0.668 -0.502 -0.246 -0.076 0.188 0.404 0.493 0.630 0.685 0.734 0.657 0.574 0.455 0.455 -0.884
7.50 1000.00 -2.297 -2.184 -2.045 -1.949 -1.836 -1.741 -1.668 -1.589 -1.491 -1.315 -1.124 -0.808 -0.597 -0.266 0.007 0.122 0.295 0.376 0.442 0.366 0.288 0.174 0.174 -1.185
7.75 1.00 1.287 1.501 1.707 1.871 2.049 2.238 2.356 2.497 2.691 3.026 3.224 3.393 3.545 3.720 3.896 4.006 4.113 4.083 3.975 3.886 3.757 3.672 3.672 2.558
7.75 1.26 1.284 1.498 1.704 1.867 2.045 2.233 2.352 2.493 2.686 3.020 3.218 3.387 3.538 3.712 3.888 3.997 4.103 4.073 3.966 3.877 3.749 3.663 3.663 2.548
7.75 1.58 1.280 1.494 1.699 1.863 2.040 2.228 2.347 2.487 2.680 3.013 3.211 3.378 3.529 3.702 3.877 3.986 4.092 4.062 3.955 3.866 3.738 3.652 3.652 2.536
7.75 2.00 1.276 1.489 1.694 1.857 2.034 2.222 2.340 2.480 2.672 3.005 3.201 3.368 3.518 3.690 3.864 3.972 4.077 4.047 3.941 3.852 3.724 3.638 3.638 2.521
7.75 2.51 1.270 1.483 1.688 1.850 2.027 2.214 2.332 2.472 2.663 2.994 3.190 3.355 3.504 3.675 3.848 3.955 4.059 4.030 3.924 3.836 3.708 3.621 3.621 2.503
7.75 3.16 1.264 1.475 1.680 1.842 2.018 2.204 2.322 2.461 2.652 2.981 3.175 3.340 3.487 3.657 3.828 3.933 4.037 4.008 3.904 3.815 3.687 3.599 3.599 2.480
7.75 3.98 1.255 1.466 1.670 1.831 2.007 2.192 2.310 2.448 2.638 2.965 3.158 3.321 3.466 3.634 3.803 3.908 4.010 3.981 3.879 3.790 3.663 3.574 3.574 2.453
7.75 5.01 1.245 1.455 1.658 1.819 1.993 2.178 2.294 2.432 2.621 2.945 3.136 3.298 3.441 3.607 3.774 3.876 3.977 3.949 3.848 3.760 3.633 3.543 3.543 2.420
7.75 6.31 1.233 1.441 1.643 1.803 1.977 2.160 2.276 2.413 2.601 2.921 3.110 3.269 3.411 3.574 3.738 3.839 3.938 3.911 3.812 3.724 3.597 3.505 3.505 2.380
7.75 7.94 1.217 1.424 1.626 1.784 1.957 2.139 2.254 2.390 2.576 2.893 3.079 3.236 3.374 3.535 3.695 3.794 3.891 3.865 3.769 3.681 3.555 3.460 3.460 2.332
7.75 10.00 1.199 1.404 1.604 1.762 1.933 2.113 2.227 2.362 2.546 2.859 3.042 3.196 3.331 3.488 3.645 3.741 3.836 3.811 3.718 3.631 3.505 3.408 3.408 2.276
7.75 12.59 1.178 1.381 1.579 1.735 1.905 2.083 2.196 2.329 2.511 2.819 2.999 3.149 3.281 3.434 3.586 3.678 3.771 3.748 3.660 3.573 3.447 3.347 3.347 2.210
7.75 15.85 1.152 1.352 1.549 1.704 1.872 2.047 2.159 2.291 2.470 2.772 2.948 3.094 3.222 3.370 3.517 3.606 3.696 3.676 3.592 3.506 3.380 3.276 3.276 2.134
7.75 19.95 1.121 1.319 1.514 1.667 1.833 2.006 2.116 2.246 2.423 2.718 2.889 3.031 3.154 3.298 3.439 3.524 3.610 3.593 3.515 3.429 3.304 3.195 3.195 2.048
7.75 25.12 1.086 1.280 1.473 1.624 1.788 1.957 2.066 2.194 2.367 2.655 2.822 2.959 3.077 3.215 3.351 3.431 3.514 3.500 3.429 3.344 3.219 3.104 3.104 1.951
7.75 31.62 1.044 1.235 1.426 1.574 1.736 1.902 2.009 2.134 2.304 2.583 2.745 2.878 2.991 3.123 3.252 3.328 3.406 3.396 3.332 3.248 3.123 3.003 3.003 1.842
7.75 39.81 0.996 1.183 1.371 1.516 1.676 1.838 1.943 2.066 2.232 2.502 2.658 2.786 2.894 3.020 3.142 3.213 3.288 3.281 3.225 3.142 3.017 2.892 2.892 1.723
7.75 50.12 0.939 1.122 1.307 1.450 1.607 1.765 1.868 1.988 2.150 2.411 2.561 2.684 2.786 2.907 3.022 3.088 3.159 3.156 3.107 3.025 2.901 2.770 2.770 1.593
7.75 63.10 0.873 1.052 1.234 1.374 1.528 1.681 1.782 1.899 2.057 2.308 2.452 2.571 2.667 2.783 2.892 2.953 3.020 3.019 2.978 2.897 2.774 2.638 2.638 1.452
7.75 79.43 0.796 0.970 1.149 1.286 1.437 1.585 1.684 1.798 1.951 2.192 2.330 2.446 2.537 2.648 2.751 2.807 2.870 2.871 2.838 2.758 2.637 2.497 2.497 1.300
7.75 100.00 0.706 0.875 1.051 1.184 1.332 1.476 1.572 1.683 1.831 2.061 2.194 2.307 2.394 2.502 2.599 2.651 2.711 2.713 2.686 2.607 2.488 2.346 2.346 1.139
7.75 125.89 0.600 0.764 0.936 1.066 1.210 1.349 1.443 1.550 1.693 1.913 2.041 2.153 2.236 2.342 2.436 2.484 2.542 2.544 2.524 2.445 2.329 2.186 2.186 0.968
7.75 158.49 0.474 0.632 0.801 0.928 1.069 1.202 1.293 1.397 1.535 1.744 1.868 1.981 2.062 2.169 2.261 2.305 2.363 2.365 2.351 2.273 2.160 2.017 2.017 0.787
7.75 199.53 0.323 0.477 0.642 0.765 0.902 1.030 1.118 1.219 1.351 1.551 1.672 1.788 1.869 1.979 2.072 2.115 2.173 2.176 2.168 2.090 1.981 1.839 1.839 0.597
7.75 251.19 0.142 0.290 0.452 0.571 0.705 0.827 0.913 1.009 1.136 1.327 1.447 1.570 1.654 1.771 1.868 1.911 1.972 1.976 1.974 1.897 1.791 1.653 1.653 0.397
7.75 316.23 -0.076 0.066 0.224 0.340 0.469 0.586 0.669 0.762 0.883 1.065 1.187 1.321 1.410 1.540 1.646 1.690 1.757 1.765 1.770 1.692 1.591 1.456 1.456 0.186
7.75 398.11 -0.342 -0.205 -0.051 0.061 0.186 0.298 0.378 0.467 0.582 0.757 0.882 1.034 1.133 1.282 1.402 1.451 1.527 1.540 1.553 1.476 1.379 1.247 1.247 -0.036
7.75 501.19 -0.667 -0.536 -0.386 -0.278 -0.156 -0.051 0.027 0.112 0.222 0.391 0.524 0.699 0.814 0.990 1.131 1.189 1.279 1.301 1.323 1.246 1.154 1.026 1.026 -0.273
7.75 630.96 -1.067 -0.942 -0.796 -0.691 -0.573 -0.474 -0.399 -0.318 -0.214 -0.047 0.097 0.306 0.443 0.656 0.828 0.898 1.008 1.043 1.077 1.000 0.912 0.789 0.789 -0.527
7.75 794.33 -1.561 -1.441 -1.299 -1.198 -1.084 -0.990 -0.919 -0.842 -0.743 -0.577 -0.415 -0.161 0.007 0.270 0.484 0.573 0.710 0.764 0.812 0.735 0.652 0.533 0.533 -0.800
7.75 1000.00 -2.172 -2.058 -1.920 -1.823 -1.713 -1.625 -1.557 -1.483 -1.391 -1.222 -1.034 -0.720 -0.511 -0.181 0.090 0.205 0.377 0.457 0.524 0.447 0.368 0.255 0.255 -1.098
8.00 1.00 1.349 1.561 1.766 1.928 2.102 2.282 2.395 2.530 2.715 3.038 3.229 3.391 3.537 3.705 3.874 3.979 4.082 4.049 3.942 3.853 3.726 3.641 3.641 2.525
8.00 1.26 1.347 1.558 1.763 1.924 2.098 2.278 2.392 2.526 2.711 3.033 3.224 3.385 3.530 3.698 3.866 3.971 4.073 4.041 3.934 3.845 3.718 3.633 3.633 2.516
8.00 1.58 1.344 1.555 1.759 1.920 2.094 2.274 2.387 2.521 2.706 3.027 3.217 3.378 3.522 3.689 3.857 3.961 4.063 4.030 3.924 3.836 3.709 3.623 3.623 2.505
8.00 2.00 1.340 1.550 1.754 1.915 2.089 2.268 2.381 2.515 2.699 3.019 3.208 3.369 3.512 3.678 3.845 3.948 4.049 4.017 3.912 3.823 3.697 3.610 3.610 2.492
8.00 2.51 1.335 1.545 1.748 1.909 2.082 2.261 2.373 2.507 2.691 3.010 3.198 3.357 3.500 3.665 3.830 3.933 4.033 4.001 3.897 3.808 3.682 3.594 3.594 2.475
8.00 3.16 1.329 1.538 1.741 1.902 2.074 2.252 2.364 2.497 2.680 2.998 3.185 3.343 3.485 3.648 3.812 3.914 4.013 3.982 3.878 3.790 3.663 3.575 3.575 2.455
8.00 3.98 1.321 1.530 1.732 1.892 2.064 2.241 2.353 2.486 2.668 2.983 3.169 3.326 3.466 3.628 3.790 3.890 3.989 3.958 3.856 3.767 3.641 3.552 3.552 2.430
8.00 5.01 1.312 1.520 1.721 1.881 2.052 2.228 2.339 2.471 2.652 2.965 3.149 3.305 3.443 3.603 3.763 3.862 3.959 3.929 3.828 3.740 3.614 3.524 3.524 2.400
8.00 6.31 1.301 1.507 1.708 1.866 2.037 2.212 2.323 2.454 2.634 2.944 3.126 3.279 3.415 3.573 3.730 3.827 3.923 3.894 3.795 3.707 3.581 3.490 3.490 2.363
8.00 7.94 1.287 1.492 1.692 1.849 2.019 2.192 2.302 2.432 2.611 2.917 3.097 3.248 3.382 3.537 3.691 3.786 3.880 3.852 3.756 3.668 3.542 3.449 3.449 2.319
8.00 10.00 1.270 1.474 1.672 1.829 1.997 2.169 2.278 2.407 2.584 2.886 3.063 3.211 3.342 3.494 3.645 3.737 3.829 3.802 3.709 3.622 3.496 3.400 3.400 2.268
8.00 12.59 1.250 1.452 1.649 1.804 1.971 2.141 2.249 2.377 2.552 2.849 3.023 3.168 3.295 3.443 3.590 3.679 3.769 3.744 3.655 3.568 3.443 3.344 3.344 2.207
8.00 15.85 1.227 1.426 1.621 1.775 1.940 2.108 2.215 2.341 2.513 2.805 2.975 3.117 3.240 3.384 3.526 3.613 3.699 3.676 3.592 3.505 3.381 3.278 3.278 2.136
8.00 19.95 1.198 1.395 1.589 1.740 1.904 2.069 2.175 2.299 2.469 2.754 2.920 3.058 3.177 3.316 3.453 3.536 3.619 3.599 3.520 3.434 3.310 3.202 3.202 2.056
8.00 25.12 1.165 1.358 1.550 1.700 1.861 2.023 2.128 2.250 2.417 2.695 2.857 2.990 3.105 3.239 3.370 3.448 3.528 3.511 3.439 3.353 3.229 3.117 3.117 1.964
8.00 31.62 1.126 1.316 1.505 1.653 1.812 1.970 2.073 2.193 2.357 2.627 2.784 2.913 3.022 3.151 3.276 3.350 3.427 3.413 3.347 3.263 3.139 3.021 3.021 1.862
8.00 39.81 1.079 1.266 1.453 1.598 1.755 1.910 2.010 2.128 2.288 2.550 2.701 2.825 2.930 3.053 3.172 3.241 3.314 3.304 3.245 3.162 3.039 2.915 2.915 1.748
8.00 50.12 1.025 1.208 1.392 1.535 1.689 1.840 1.938 2.053 2.209 2.462 2.608 2.728 2.827 2.945 3.057 3.121 3.190 3.183 3.133 3.050 2.928 2.799 2.799 1.624
8.00 63.10 0.962 1.140 1.322 1.461 1.613 1.759 1.856 1.968 2.119 2.363 2.503 2.619 2.712 2.826 2.932 2.991 3.056 3.052 3.009 2.928 2.806 2.672 2.672 1.489
8.00 79.43 0.888 1.061 1.240 1.377 1.525 1.667 1.761 1.870 2.017 2.250 2.385 2.497 2.586 2.695 2.795 2.850 2.912 2.910 2.875 2.794 2.674 2.536 2.536 1.343
8.00 100.00 0.800 0.969 1.144 1.278 1.423 1.560 1.652 1.758 1.900 2.123 2.252 2.362 2.447 2.553 2.648 2.698 2.757 2.756 2.728 2.649 2.530 2.390 2.390 1.186
8.00 125.89 0.697 0.860 1.032 1.162 1.304 1.436 1.526 1.628 1.765 1.978 2.103 2.212 2.293 2.397 2.489 2.535 2.593 2.593 2.571 2.492 2.376 2.235 2.235 1.020
8.00 158.49 0.573 0.732 0.900 1.027 1.165 1.292 1.379 1.478 1.610 1.813 1.933 2.043 2.123 2.228 2.318 2.361 2.418 2.418 2.403 2.325 2.212 2.070 2.070 0.844
8.00 199.53 0.425 0.578 0.744 0.867 1.001 1.123 1.207 1.302 1.429 1.622 1.740 1.854 1.933 2.042 2.133 2.175 2.232 2.233 2.224 2.146 2.037 1.897 1.897 0.659
8.00 251.19 0.247 0.395 0.556 0.676 0.807 0.923 1.004 1.096 1.217 1.401 1.518 1.639 1.721 1.837 1.932 1.974 2.034 2.038 2.035 1.957 1.852 1.713 1.713 0.463
8.00 316.23 0.031 0.173 0.331 0.447 0.574 0.685 0.763 0.851 0.967 1.143 1.261 1.393 1.481 1.609 1.713 1.757 1.823 1.830 1.834 1.757 1.655 1.520 1.520 0.255
8.00 398.11 -0.232 -0.096 0.058 0.170 0.294 0.399 0.475 0.559 0.669 0.838 0.959 1.109 1.207 1.354 1.472 1.521 1.597 1.609 1.621 1.544 1.447 1.315 1.315 0.036
8.00 501.19 -0.555 -0.424 -0.274 -0.166 -0.046 0.053 0.126 0.207 0.311 0.474 0.604 0.777 0.891 1.065 1.205 1.262 1.351 1.372 1.394 1.317 1.224 1.097 1.097 -0.197
8.00 630.96 -0.952 -0.827 -0.681 -0.576 -0.461 -0.367 -0.297 -0.220 -0.122 0.038 0.180 0.387 0.522 0.734 0.905 0.974 1.083 1.118 1.151 1.074 0.986 0.863 0.863 -0.447
8.00 794.33 -1.443 -1.324 -1.181 -1.081 -0.969 -0.881 -0.814 -0.741 -0.649 -0.489 -0.330 -0.078 0.089 0.351 0.564 0.652 0.788 0.841 0.889 0.812 0.729 0.610 0.610 -0.718
8.00 1000.00 -2.052 -1.938 -1.800 -1.703 -1.595 -1.514 -1.449 -1.380 -1.294 -1.130 -0.946 -0.634 -0.426 -0.097 0.172 0.287 0.458 0.538 0.604 0.527 0.448 0.334 0.334 -1.013
