AbrahamsonEtAl2015SInter as implemented in OpenQuake, distance is rrup. Log10 hazard values in cgs units
          14 31 23 : nmag, ndist, nperiod
          10.000 7.500 6.000 5.000 4.000 3.000 2.500 2.000 1.500 1.000 0.750 0.600 0.500 0.400 0.300 0.250 0.200 0.150 0.100 0.075 0.050 0.020 PGA PGV
          0.740 0.740 0.740 0.740 0.740 0.740 0.740 0.740 0.740 0.740 0.740 0.740 0.740 0.740 0.740 0.740 0.740 0.740 0.740 0.740 0.740 0.740 0.740 0.740
4.75 1.00 -0.868 -0.614 -0.370 -0.173 0.082 0.456 0.698 0.967 1.313 1.733 1.944 2.089 2.221 2.364 2.445 2.504 2.555 2.565 2.466 2.355 2.214 2.203 2.203 1.393
4.75 1.26 -0.880 -0.627 -0.384 -0.187 0.068 0.441 0.682 0.950 1.297 1.716 1.927 2.071 2.202 2.345 2.425 2.484 2.535 2.545 2.446 2.335 2.193 2.182 2.182 1.373
4.75 1.58 -0.894 -0.642 -0.400 -0.204 0.050 0.422 0.663 0.931 1.276 1.695 1.906 2.049 2.180 2.321 2.401 2.459 2.510 2.520 2.421 2.310 2.168 2.155 2.155 1.350
4.75 2.00 -0.911 -0.660 -0.419 -0.224 0.029 0.399 0.640 0.907 1.252 1.671 1.880 2.023 2.152 2.292 2.372 2.429 2.480 2.490 2.391 2.280 2.138 2.123 2.123 1.321
4.75 2.51 -0.932 -0.683 -0.442 -0.249 0.004 0.372 0.612 0.878 1.223 1.641 1.849 1.991 2.118 2.258 2.336 2.392 2.443 2.453 2.355 2.243 2.101 2.085 2.085 1.287
4.75 3.16 -0.956 -0.709 -0.470 -0.277 -0.026 0.341 0.579 0.845 1.189 1.605 1.813 1.953 2.078 2.216 2.293 2.348 2.399 2.408 2.311 2.198 2.057 2.039 2.039 1.245
4.75 3.98 -0.984 -0.739 -0.502 -0.311 -0.061 0.303 0.541 0.805 1.148 1.563 1.770 1.908 2.031 2.166 2.242 2.296 2.346 2.355 2.258 2.145 2.004 1.984 1.984 1.197
4.75 5.01 -1.017 -0.774 -0.539 -0.349 -0.102 0.260 0.497 0.760 1.101 1.514 1.719 1.855 1.976 2.108 2.182 2.234 2.283 2.292 2.195 2.082 1.942 1.921 1.921 1.140
4.75 6.31 -1.055 -0.815 -0.581 -0.394 -0.148 0.211 0.446 0.708 1.047 1.458 1.661 1.795 1.912 2.042 2.112 2.162 2.211 2.218 2.123 2.009 1.870 1.848 1.848 1.074
4.75 7.94 -1.097 -0.861 -0.629 -0.444 -0.200 0.156 0.389 0.649 0.986 1.394 1.595 1.725 1.839 1.965 2.033 2.080 2.128 2.134 2.039 1.925 1.787 1.764 1.764 0.999
4.75 10.00 -1.145 -0.912 -0.683 -0.500 -0.258 0.094 0.326 0.583 0.918 1.322 1.521 1.648 1.757 1.879 1.943 1.988 2.034 2.038 1.944 1.830 1.694 1.671 1.671 0.916
4.75 12.59 -1.198 -0.969 -0.742 -0.562 -0.323 0.025 0.255 0.511 0.842 1.242 1.438 1.561 1.666 1.783 1.843 1.885 1.929 1.932 1.838 1.724 1.590 1.568 1.568 0.823
4.75 15.85 -1.256 -1.031 -0.808 -0.630 -0.394 -0.050 0.178 0.431 0.759 1.154 1.347 1.466 1.566 1.679 1.733 1.772 1.814 1.815 1.722 1.607 1.475 1.455 1.455 0.721
4.75 19.95 -1.320 -1.100 -0.879 -0.704 -0.471 -0.132 0.094 0.344 0.668 1.058 1.248 1.363 1.458 1.565 1.614 1.649 1.689 1.687 1.595 1.480 1.352 1.333 1.333 0.612
4.75 25.12 -1.390 -1.174 -0.957 -0.785 -0.555 -0.220 0.003 0.250 0.569 0.955 1.141 1.252 1.341 1.443 1.487 1.517 1.555 1.551 1.460 1.345 1.219 1.203 1.203 0.496
4.75 31.62 -1.466 -1.255 -1.041 -0.873 -0.646 -0.316 -0.096 0.149 0.463 0.843 1.026 1.133 1.216 1.313 1.352 1.377 1.413 1.407 1.316 1.201 1.079 1.066 1.066 0.372
4.75 39.81 -1.549 -1.343 -1.132 -0.968 -0.744 -0.420 -0.202 0.039 0.349 0.723 0.902 1.005 1.084 1.175 1.208 1.230 1.264 1.255 1.165 1.050 0.932 0.922 0.922 0.243
4.75 50.12 -1.640 -1.439 -1.232 -1.071 -0.851 -0.531 -0.316 -0.079 0.226 0.594 0.770 0.870 0.943 1.030 1.058 1.076 1.108 1.096 1.008 0.892 0.778 0.772 0.772 0.109
4.75 63.10 -1.739 -1.544 -1.341 -1.183 -0.967 -0.653 -0.440 -0.206 0.093 0.455 0.628 0.725 0.794 0.877 0.901 0.915 0.945 0.931 0.844 0.728 0.619 0.617 0.617 -0.030
4.75 79.43 -1.850 -1.660 -1.460 -1.306 -1.094 -0.785 -0.575 -0.345 -0.051 0.305 0.475 0.571 0.636 0.716 0.737 0.747 0.776 0.761 0.675 0.559 0.455 0.457 0.457 -0.174
4.75 100.00 -1.973 -1.789 -1.593 -1.442 -1.234 -0.931 -0.724 -0.497 -0.209 0.142 0.310 0.405 0.467 0.546 0.565 0.572 0.601 0.585 0.501 0.385 0.285 0.291 0.291 -0.322
4.75 125.89 -2.112 -1.934 -1.741 -1.595 -1.390 -1.092 -0.888 -0.666 -0.383 -0.037 0.130 0.226 0.286 0.366 0.384 0.389 0.420 0.403 0.322 0.206 0.110 0.121 0.121 -0.475
4.75 158.49 -2.270 -2.098 -1.909 -1.766 -1.565 -1.274 -1.072 -0.853 -0.576 -0.236 -0.069 0.031 0.091 0.174 0.194 0.199 0.231 0.215 0.137 0.021 -0.070 -0.054 -0.054 -0.632
4.75 199.53 -2.452 -2.286 -2.101 -1.962 -1.765 -1.479 -1.281 -1.066 -0.794 -0.458 -0.290 -0.183 -0.121 -0.032 -0.007 -0.002 0.034 0.021 -0.054 -0.170 -0.256 -0.236 -0.236 -0.795
4.75 251.19 -2.664 -2.504 -2.323 -2.188 -1.995 -1.715 -1.519 -1.308 -1.043 -0.710 -0.538 -0.421 -0.354 -0.255 -0.222 -0.215 -0.172 -0.181 -0.252 -0.368 -0.449 -0.423 -0.423 -0.963
4.75 316.23 -2.914 -2.759 -2.582 -2.451 -2.262 -1.988 -1.795 -1.588 -1.329 -0.998 -0.821 -0.689 -0.614 -0.499 -0.453 -0.442 -0.390 -0.392 -0.457 -0.573 -0.649 -0.619 -0.619 -1.139
4.75 398.11 -3.211 -3.062 -2.889 -2.762 -2.577 -2.308 -2.119 -1.916 -1.662 -1.332 -1.146 -0.994 -0.907 -0.769 -0.705 -0.686 -0.621 -0.615 -0.672 -0.788 -0.860 -0.825 -0.825 -1.323
4.75 501.19 -3.567 -3.424 -3.255 -3.132 -2.950 -2.688 -2.502 -2.302 -2.054 -1.723 -1.526 -1.346 -1.240 -1.072 -0.982 -0.952 -0.870 -0.850 -0.899 -1.015 -1.081 -1.042 -1.042 -1.518
4.75 630.96 -3.998 -3.860 -3.695 -3.576 -3.399 -3.142 -2.959 -2.763 -2.521 -2.187 -1.973 -1.756 -1.625 -1.417 -1.291 -1.246 -1.140 -1.103 -1.140 -1.256 -1.318 -1.273 -1.273 -1.725
4.75 794.33 -4.522 -4.390 -4.229 -4.114 -3.941 -3.690 -3.509 -3.318 -3.082 -2.741 -2.505 -2.239 -2.075 -1.812 -1.640 -1.573 -1.437 -1.376 -1.400 -1.515 -1.572 -1.522 -1.522 -1.949
4.75 1000.00 -5.163 -5.038 -4.881 -4.770 -4.600 -4.356 -4.178 -3.991 -3.761 -3.410 -3.144 -2.814 -2.605 -2.272 -2.038 -1.943 -1.767 -1.675 -1.681 -1.797 -1.848 -1.794 -1.794 -2.192
5.00 1.00 -0.666 -0.414 -0.172 0.024 0.273 0.629 0.861 1.116 1.444 1.844 2.043 2.179 2.304 2.438 2.509 2.562 2.608 2.614 2.513 2.403 2.265 2.262 2.262 1.446
5.00 1.26 -0.676 -0.425 -0.184 0.012 0.260 0.615 0.846 1.101 1.430 1.829 2.028 2.164 2.287 2.421 2.492 2.545 2.591 2.596 2.496 2.385 2.248 2.243 2.243 1.429
5.00 1.58 -0.689 -0.439 -0.198 -0.004 0.244 0.598 0.829 1.083 1.412 1.811 2.010 2.145 2.267 2.401 2.471 2.523 2.569 2.575 2.475 2.364 2.226 2.220 2.220 1.408
5.00 2.00 -0.705 -0.455 -0.216 -0.022 0.225 0.578 0.808 1.062 1.390 1.789 1.987 2.121 2.243 2.375 2.445 2.497 2.543 2.548 2.448 2.337 2.199 2.192 2.192 1.383
5.00 2.51 -0.723 -0.475 -0.237 -0.044 0.202 0.554 0.783 1.036 1.364 1.762 1.960 2.093 2.213 2.344 2.414 2.465 2.511 2.516 2.416 2.305 2.167 2.157 2.157 1.352
5.00 3.16 -0.745 -0.499 -0.262 -0.070 0.175 0.524 0.753 1.005 1.332 1.730 1.927 2.058 2.177 2.307 2.376 2.426 2.471 2.477 2.378 2.265 2.127 2.116 2.116 1.315
5.00 3.98 -0.771 -0.527 -0.291 -0.101 0.143 0.490 0.718 0.969 1.295 1.691 1.888 2.018 2.135 2.263 2.330 2.379 2.425 2.429 2.331 2.218 2.080 2.067 2.067 1.271
5.00 5.01 -0.801 -0.560 -0.325 -0.136 0.105 0.451 0.677 0.927 1.252 1.647 1.842 1.970 2.084 2.210 2.276 2.323 2.369 2.373 2.275 2.162 2.025 2.010 2.010 1.219
5.00 6.31 -0.835 -0.597 -0.364 -0.177 0.063 0.405 0.630 0.879 1.202 1.595 1.788 1.914 2.026 2.149 2.213 2.259 2.303 2.307 2.210 2.096 1.959 1.943 1.943 1.159
5.00 7.94 -0.875 -0.639 -0.409 -0.224 0.014 0.353 0.576 0.824 1.145 1.535 1.727 1.851 1.959 2.079 2.140 2.183 2.227 2.230 2.134 2.019 1.884 1.866 1.866 1.090
5.00 10.00 -0.919 -0.687 -0.459 -0.277 -0.041 0.295 0.517 0.762 1.081 1.468 1.658 1.778 1.883 1.999 2.056 2.098 2.141 2.142 2.046 1.932 1.798 1.779 1.779 1.013
5.00 12.59 -0.969 -0.741 -0.515 -0.335 -0.102 0.230 0.450 0.693 1.010 1.393 1.580 1.697 1.797 1.909 1.963 2.002 2.043 2.043 1.948 1.833 1.701 1.682 1.682 0.926
5.00 15.85 -1.024 -0.800 -0.577 -0.400 -0.169 0.159 0.376 0.617 0.931 1.310 1.494 1.607 1.703 1.810 1.860 1.895 1.935 1.933 1.839 1.724 1.594 1.576 1.576 0.830
5.00 19.95 -1.085 -0.865 -0.645 -0.471 -0.243 0.081 0.296 0.534 0.844 1.219 1.400 1.509 1.600 1.702 1.747 1.779 1.817 1.813 1.720 1.604 1.477 1.460 1.460 0.726
5.00 25.12 -1.152 -0.937 -0.719 -0.548 -0.324 -0.004 0.209 0.444 0.749 1.119 1.297 1.402 1.488 1.585 1.625 1.653 1.689 1.683 1.591 1.475 1.350 1.336 1.336 0.615
5.00 31.62 -1.225 -1.014 -0.800 -0.632 -0.411 -0.097 0.114 0.346 0.647 1.011 1.186 1.288 1.368 1.460 1.495 1.519 1.553 1.544 1.453 1.337 1.216 1.204 1.204 0.496
5.00 39.81 -1.305 -1.099 -0.889 -0.724 -0.506 -0.197 0.011 0.240 0.537 0.895 1.066 1.164 1.239 1.327 1.357 1.377 1.409 1.398 1.307 1.191 1.074 1.065 1.065 0.372
5.00 50.12 -1.393 -1.192 -0.985 -0.824 -0.610 -0.306 -0.100 0.126 0.417 0.770 0.938 1.033 1.103 1.186 1.211 1.227 1.257 1.244 1.154 1.039 0.925 0.919 0.919 0.241
5.00 63.10 -1.489 -1.295 -1.091 -0.933 -0.723 -0.424 -0.221 0.001 0.287 0.634 0.799 0.892 0.957 1.037 1.058 1.070 1.099 1.084 0.995 0.879 0.770 0.768 0.768 0.106
5.00 79.43 -1.597 -1.408 -1.208 -1.054 -0.847 -0.553 -0.353 -0.134 0.146 0.488 0.650 0.741 0.803 0.879 0.897 0.906 0.934 0.917 0.831 0.714 0.610 0.612 0.612 -0.035
5.00 100.00 -1.717 -1.534 -1.337 -1.187 -0.984 -0.696 -0.499 -0.284 -0.008 0.327 0.488 0.578 0.637 0.713 0.729 0.735 0.762 0.745 0.660 0.544 0.444 0.450 0.450 -0.180
5.00 125.89 -1.853 -1.675 -1.483 -1.336 -1.137 -0.855 -0.660 -0.449 -0.179 0.151 0.311 0.403 0.460 0.536 0.552 0.556 0.584 0.567 0.484 0.368 0.272 0.283 0.283 -0.329
5.00 158.49 -2.009 -1.837 -1.648 -1.505 -1.310 -1.033 -0.842 -0.634 -0.370 -0.044 0.115 0.211 0.268 0.348 0.365 0.368 0.399 0.382 0.303 0.187 0.095 0.111 0.111 -0.484
5.00 199.53 -2.189 -2.022 -1.837 -1.698 -1.506 -1.236 -1.047 -0.844 -0.585 -0.264 -0.103 -0.001 0.059 0.145 0.167 0.170 0.205 0.191 0.115 -0.001 -0.087 -0.067 -0.067 -0.644
5.00 251.19 -2.398 -2.237 -2.056 -1.922 -1.734 -1.469 -1.283 -1.083 -0.831 -0.512 -0.349 -0.236 -0.172 -0.075 -0.045 -0.040 0.002 -0.008 -0.080 -0.196 -0.277 -0.252 -0.252 -0.810
5.00 316.23 -2.645 -2.490 -2.313 -2.183 -1.998 -1.739 -1.557 -1.361 -1.114 -0.798 -0.629 -0.501 -0.429 -0.317 -0.274 -0.264 -0.213 -0.216 -0.282 -0.398 -0.475 -0.445 -0.445 -0.983
5.00 398.11 -2.940 -2.791 -2.618 -2.491 -2.310 -2.057 -1.877 -1.685 -1.445 -1.129 -0.952 -0.804 -0.719 -0.584 -0.523 -0.505 -0.442 -0.436 -0.495 -0.611 -0.683 -0.648 -0.648 -1.165
5.00 501.19 -3.293 -3.150 -2.981 -2.858 -2.682 -2.434 -2.258 -2.070 -1.835 -1.518 -1.328 -1.152 -1.050 -0.885 -0.797 -0.769 -0.688 -0.669 -0.719 -0.835 -0.902 -0.862 -0.862 -1.357
5.00 630.96 -3.721 -3.584 -3.419 -3.300 -3.127 -2.886 -2.712 -2.528 -2.299 -1.979 -1.773 -1.560 -1.432 -1.226 -1.103 -1.060 -0.955 -0.919 -0.957 -1.073 -1.135 -1.091 -1.091 -1.562
5.00 794.33 -4.242 -4.111 -3.950 -3.835 -3.667 -3.431 -3.260 -3.080 -2.857 -2.531 -2.302 -2.040 -1.879 -1.619 -1.449 -1.384 -1.249 -1.189 -1.214 -1.330 -1.387 -1.337 -1.337 -1.783
5.00 1000.00 -4.882 -4.756 -4.599 -4.488 -4.324 -4.094 -3.926 -3.750 -3.533 -3.197 -2.938 -2.613 -2.407 -2.077 -1.845 -1.751 -1.577 -1.486 -1.493 -1.609 -1.661 -1.606 -1.606 -2.024
5.25 1.00 -0.467 -0.217 0.023 0.217 0.460 0.800 1.021 1.262 1.574 1.954 2.142 2.269 2.385 2.510 2.572 2.618 2.658 2.660 2.557 2.448 2.315 2.320 2.320 1.498
5.25 1.26 -0.477 -0.227 0.012 0.206 0.449 0.787 1.008 1.249 1.561 1.941 2.128 2.255 2.371 2.496 2.557 2.603 2.644 2.645 2.543 2.433 2.300 2.303 2.303 1.483
5.25 1.58 -0.488 -0.240 -0.001 0.193 0.434 0.772 0.992 1.233 1.545 1.924 2.112 2.238 2.353 2.477 2.538 2.584 2.625 2.626 2.524 2.414 2.281 2.283 2.283 1.464
5.25 2.00 -0.502 -0.255 -0.016 0.176 0.417 0.753 0.973 1.214 1.525 1.905 2.092 2.217 2.331 2.455 2.516 2.562 2.602 2.603 2.502 2.391 2.258 2.258 2.258 1.442
5.25 2.51 -0.518 -0.273 -0.035 0.156 0.396 0.731 0.950 1.190 1.502 1.880 2.067 2.192 2.305 2.428 2.488 2.534 2.574 2.575 2.474 2.363 2.229 2.228 2.228 1.415
5.25 3.16 -0.538 -0.294 -0.058 0.132 0.371 0.705 0.923 1.162 1.473 1.852 2.038 2.162 2.273 2.395 2.455 2.499 2.540 2.541 2.440 2.329 2.195 2.191 2.191 1.382
5.25 3.98 -0.562 -0.320 -0.085 0.104 0.342 0.673 0.891 1.129 1.440 1.817 2.003 2.125 2.235 2.355 2.414 2.458 2.499 2.500 2.399 2.287 2.153 2.147 2.147 1.342
5.25 5.01 -0.589 -0.350 -0.116 0.072 0.308 0.637 0.853 1.091 1.400 1.776 1.961 2.082 2.190 2.308 2.366 2.409 2.450 2.450 2.350 2.237 2.103 2.095 2.095 1.296
5.25 6.31 -0.621 -0.384 -0.152 0.034 0.268 0.595 0.809 1.046 1.354 1.729 1.913 2.031 2.137 2.253 2.309 2.350 2.391 2.391 2.292 2.178 2.045 2.034 2.034 1.241
5.25 7.94 -0.658 -0.423 -0.194 -0.010 0.223 0.546 0.760 0.995 1.301 1.674 1.856 1.973 2.075 2.189 2.243 2.282 2.322 2.321 2.223 2.109 1.976 1.964 1.964 1.178
5.25 10.00 -0.699 -0.468 -0.240 -0.059 0.171 0.492 0.703 0.937 1.242 1.612 1.792 1.906 2.005 2.115 2.166 2.204 2.243 2.241 2.144 2.029 1.897 1.884 1.884 1.107
5.25 12.59 -0.746 -0.518 -0.293 -0.114 0.114 0.431 0.641 0.872 1.174 1.541 1.719 1.830 1.925 2.032 2.080 2.115 2.153 2.150 2.053 1.939 1.808 1.794 1.794 1.026
5.25 15.85 -0.798 -0.574 -0.352 -0.175 0.050 0.363 0.571 0.800 1.099 1.463 1.638 1.745 1.837 1.939 1.983 2.015 2.052 2.048 1.952 1.837 1.708 1.694 1.694 0.936
5.25 19.95 -0.856 -0.636 -0.416 -0.243 -0.020 0.288 0.494 0.721 1.017 1.376 1.549 1.652 1.739 1.837 1.877 1.906 1.941 1.935 1.840 1.725 1.598 1.584 1.584 0.838
5.25 25.12 -0.919 -0.704 -0.487 -0.317 -0.097 0.207 0.410 0.635 0.926 1.281 1.450 1.551 1.632 1.725 1.761 1.786 1.820 1.812 1.718 1.602 1.479 1.466 1.466 0.732
5.25 31.62 -0.989 -0.779 -0.565 -0.398 -0.182 0.118 0.319 0.540 0.828 1.177 1.344 1.440 1.517 1.605 1.636 1.658 1.690 1.679 1.586 1.471 1.350 1.339 1.339 0.618
5.25 39.81 -1.066 -0.861 -0.651 -0.486 -0.273 0.021 0.220 0.438 0.721 1.065 1.228 1.321 1.393 1.477 1.503 1.521 1.551 1.538 1.447 1.331 1.213 1.205 1.205 0.498
5.25 50.12 -1.151 -0.951 -0.744 -0.583 -0.374 -0.084 0.112 0.327 0.605 0.943 1.104 1.194 1.260 1.340 1.362 1.376 1.404 1.390 1.299 1.183 1.070 1.065 1.065 0.372
5.25 63.10 -1.245 -1.050 -0.847 -0.689 -0.483 -0.199 -0.006 0.205 0.479 0.811 0.969 1.056 1.119 1.195 1.213 1.223 1.250 1.234 1.145 1.029 0.919 0.918 0.918 0.240
5.25 79.43 -1.349 -1.160 -0.960 -0.807 -0.604 -0.326 -0.135 0.073 0.341 0.668 0.823 0.909 0.968 1.041 1.056 1.063 1.090 1.072 0.984 0.868 0.763 0.765 0.765 0.103
5.25 100.00 -1.467 -1.283 -1.087 -0.937 -0.739 -0.466 -0.278 -0.073 0.189 0.511 0.664 0.750 0.806 0.879 0.892 0.896 0.922 0.904 0.818 0.702 0.601 0.607 0.607 -0.038
5.25 125.89 -1.600 -1.422 -1.230 -1.084 -0.889 -0.622 -0.436 -0.236 0.021 0.338 0.490 0.577 0.632 0.705 0.718 0.720 0.748 0.729 0.646 0.529 0.433 0.444 0.444 -0.185
5.25 158.49 -1.753 -1.581 -1.392 -1.250 -1.059 -0.797 -0.615 -0.418 -0.167 0.145 0.297 0.389 0.443 0.520 0.534 0.536 0.566 0.548 0.467 0.351 0.260 0.275 0.275 -0.337
5.25 199.53 -1.930 -1.764 -1.579 -1.440 -1.253 -0.997 -0.818 -0.625 -0.379 -0.071 0.082 0.180 0.236 0.320 0.339 0.341 0.375 0.360 0.283 0.167 0.080 0.100 0.100 -0.494
5.25 251.19 -2.137 -1.976 -1.796 -1.661 -1.478 -1.227 -1.051 -0.862 -0.622 -0.317 -0.161 -0.052 0.009 0.103 0.130 0.134 0.175 0.164 0.091 -0.025 -0.107 -0.082 -0.082 -0.657
5.25 316.23 -2.382 -2.227 -2.050 -1.919 -1.740 -1.495 -1.322 -1.137 -0.903 -0.600 -0.438 -0.315 -0.246 -0.136 -0.095 -0.087 -0.037 -0.042 -0.108 -0.225 -0.302 -0.272 -0.272 -0.828
5.25 398.11 -2.674 -2.525 -2.352 -2.225 -2.049 -1.811 -1.640 -1.459 -1.231 -0.929 -0.758 -0.615 -0.533 -0.401 -0.342 -0.326 -0.263 -0.258 -0.318 -0.434 -0.506 -0.472 -0.472 -1.007
5.25 501.19 -3.024 -2.881 -2.712 -2.589 -2.418 -2.185 -2.017 -1.840 -1.618 -1.315 -1.132 -0.961 -0.861 -0.699 -0.613 -0.586 -0.506 -0.488 -0.539 -0.656 -0.723 -0.683 -0.683 -1.196
5.25 630.96 -3.450 -3.313 -3.147 -3.028 -2.861 -2.634 -2.469 -2.296 -2.080 -1.773 -1.574 -1.365 -1.241 -1.038 -0.917 -0.874 -0.771 -0.736 -0.775 -0.891 -0.954 -0.909 -0.909 -1.399
5.25 794.33 -3.969 -3.838 -3.676 -3.561 -3.398 -3.177 -3.015 -2.846 -2.635 -2.323 -2.101 -1.843 -1.685 -1.428 -1.260 -1.196 -1.062 -1.004 -1.029 -1.145 -1.203 -1.153 -1.153 -1.618
5.25 1000.00 -4.605 -4.480 -4.323 -4.212 -4.052 -3.837 -3.678 -3.513 -3.309 -2.986 -2.735 -2.413 -2.210 -1.883 -1.654 -1.561 -1.387 -1.298 -1.305 -1.421 -1.474 -1.420 -1.420 -1.857
5.50 1.00 -0.272 -0.025 0.214 0.407 0.644 0.967 1.178 1.407 1.702 2.062 2.238 2.356 2.464 2.580 2.631 2.671 2.706 2.702 2.599 2.491 2.362 2.376 2.376 1.548
5.50 1.26 -0.281 -0.034 0.205 0.397 0.633 0.956 1.167 1.395 1.690 2.050 2.227 2.344 2.452 2.568 2.619 2.659 2.694 2.690 2.587 2.478 2.349 2.362 2.362 1.535
5.50 1.58 -0.291 -0.045 0.193 0.385 0.620 0.942 1.153 1.381 1.676 2.036 2.212 2.329 2.437 2.552 2.603 2.643 2.678 2.674 2.571 2.462 2.333 2.344 2.344 1.519
5.50 2.00 -0.303 -0.058 0.179 0.370 0.605 0.926 1.135 1.363 1.658 2.018 2.195 2.311 2.418 2.533 2.583 2.623 2.658 2.654 2.552 2.442 2.313 2.322 2.322 1.499
5.50 2.51 -0.318 -0.074 0.162 0.352 0.586 0.905 1.115 1.342 1.637 1.997 2.173 2.289 2.395 2.509 2.559 2.599 2.634 2.630 2.528 2.418 2.288 2.295 2.295 1.475
5.50 3.16 -0.336 -0.094 0.141 0.330 0.563 0.881 1.090 1.317 1.612 1.971 2.147 2.262 2.367 2.480 2.530 2.569 2.605 2.601 2.499 2.388 2.258 2.263 2.263 1.446
5.50 3.98 -0.357 -0.117 0.117 0.305 0.537 0.853 1.060 1.287 1.581 1.940 2.115 2.229 2.333 2.445 2.495 2.533 2.569 2.565 2.463 2.352 2.221 2.224 2.224 1.411
5.50 5.01 -0.382 -0.144 0.088 0.275 0.505 0.819 1.026 1.251 1.545 1.903 2.078 2.191 2.292 2.403 2.452 2.489 2.525 2.521 2.420 2.308 2.178 2.177 2.177 1.370
5.50 6.31 -0.412 -0.176 0.055 0.240 0.469 0.780 0.985 1.210 1.503 1.860 2.034 2.145 2.244 2.353 2.401 2.438 2.473 2.469 2.368 2.256 2.125 2.122 2.122 1.320
5.50 7.94 -0.445 -0.213 0.017 0.200 0.426 0.735 0.939 1.163 1.454 1.810 1.982 2.092 2.188 2.295 2.341 2.376 2.412 2.407 2.307 2.194 2.064 2.059 2.059 1.263
5.50 10.00 -0.484 -0.254 -0.027 0.154 0.379 0.684 0.886 1.108 1.399 1.752 1.923 2.030 2.124 2.227 2.272 2.305 2.341 2.335 2.236 2.122 1.993 1.985 1.985 1.197
5.50 12.59 -0.528 -0.301 -0.077 0.102 0.325 0.627 0.827 1.048 1.335 1.686 1.855 1.960 2.050 2.151 2.192 2.224 2.258 2.252 2.154 2.039 1.911 1.902 1.902 1.122
5.50 15.85 -0.577 -0.354 -0.132 0.044 0.264 0.563 0.761 0.979 1.265 1.612 1.779 1.881 1.967 2.064 2.103 2.131 2.165 2.157 2.060 1.945 1.819 1.809 1.809 1.039
5.50 19.95 -0.631 -0.413 -0.193 -0.020 0.197 0.492 0.688 0.904 1.186 1.530 1.695 1.793 1.875 1.968 2.003 2.029 2.061 2.052 1.956 1.841 1.716 1.706 1.706 0.947
5.50 25.12 -0.692 -0.478 -0.261 -0.091 0.124 0.414 0.608 0.821 1.100 1.440 1.601 1.696 1.774 1.862 1.893 1.916 1.947 1.936 1.841 1.726 1.603 1.593 1.593 0.846
5.50 31.62 -0.758 -0.549 -0.336 -0.168 0.043 0.328 0.520 0.731 1.006 1.340 1.499 1.590 1.663 1.748 1.774 1.794 1.823 1.811 1.717 1.601 1.481 1.473 1.473 0.738
5.50 39.81 -0.832 -0.628 -0.418 -0.254 -0.046 0.235 0.424 0.632 0.902 1.232 1.388 1.476 1.544 1.624 1.647 1.662 1.690 1.676 1.583 1.467 1.351 1.344 1.344 0.622
5.50 50.12 -0.914 -0.715 -0.508 -0.347 -0.143 0.132 0.320 0.524 0.790 1.114 1.267 1.352 1.416 1.492 1.510 1.522 1.549 1.533 1.441 1.325 1.212 1.208 1.208 0.501
5.50 63.10 -1.005 -0.811 -0.608 -0.451 -0.250 0.020 0.205 0.406 0.667 0.986 1.136 1.219 1.278 1.351 1.366 1.375 1.400 1.382 1.292 1.176 1.067 1.066 1.066 0.373
5.50 79.43 -1.107 -0.918 -0.719 -0.565 -0.368 -0.103 0.079 0.276 0.532 0.846 0.994 1.075 1.131 1.202 1.214 1.219 1.244 1.225 1.136 1.020 0.915 0.918 0.918 0.240
5.50 100.00 -1.222 -1.039 -0.843 -0.693 -0.499 -0.240 -0.061 0.133 0.384 0.692 0.838 0.920 0.973 1.042 1.053 1.055 1.081 1.061 0.974 0.857 0.757 0.764 0.764 0.102
5.50 125.89 -1.353 -1.175 -0.983 -0.836 -0.646 -0.393 -0.216 -0.026 0.219 0.522 0.667 0.750 0.802 0.873 0.883 0.884 0.910 0.890 0.806 0.689 0.593 0.604 0.604 -0.042
5.50 158.49 -1.503 -1.331 -1.142 -1.000 -0.813 -0.566 -0.392 -0.206 0.034 0.332 0.478 0.565 0.616 0.690 0.702 0.702 0.731 0.712 0.631 0.514 0.423 0.438 0.438 -0.190
5.50 199.53 -1.677 -1.511 -1.326 -1.188 -1.005 -0.763 -0.592 -0.410 -0.176 0.119 0.266 0.359 0.413 0.494 0.510 0.511 0.544 0.528 0.450 0.333 0.246 0.266 0.266 -0.345
5.50 251.19 -1.882 -1.721 -1.540 -1.405 -1.227 -0.990 -0.823 -0.644 -0.416 -0.124 0.026 0.130 0.188 0.279 0.305 0.307 0.347 0.335 0.261 0.145 0.063 0.087 0.087 -0.505
5.50 316.23 -2.124 -1.969 -1.792 -1.661 -1.486 -1.256 -1.091 -0.916 -0.694 -0.404 -0.249 -0.130 -0.063 0.044 0.082 0.089 0.138 0.132 0.065 -0.052 -0.129 -0.100 -0.100 -0.673
5.50 398.11 -2.413 -2.264 -2.091 -1.964 -1.793 -1.568 -1.406 -1.235 -1.019 -0.730 -0.567 -0.427 -0.348 -0.219 -0.162 -0.147 -0.085 -0.081 -0.142 -0.259 -0.331 -0.297 -0.297 -0.850
5.50 501.19 -2.761 -2.618 -2.449 -2.326 -2.159 -1.940 -1.781 -1.614 -1.404 -1.114 -0.938 -0.771 -0.673 -0.514 -0.431 -0.405 -0.326 -0.309 -0.360 -0.477 -0.545 -0.506 -0.506 -1.037
5.50 630.96 -3.184 -3.047 -2.882 -2.763 -2.600 -2.387 -2.231 -2.067 -1.863 -1.570 -1.377 -1.173 -1.050 -0.850 -0.732 -0.690 -0.588 -0.553 -0.593 -0.710 -0.773 -0.729 -0.729 -1.237
5.50 794.33 -3.700 -3.569 -3.408 -3.293 -3.134 -2.927 -2.774 -2.615 -2.416 -2.116 -1.901 -1.648 -1.492 -1.237 -1.072 -1.009 -0.876 -0.819 -0.845 -0.961 -1.019 -0.970 -0.970 -1.454
5.50 1000.00 -4.334 -4.209 -4.052 -3.941 -3.786 -3.585 -3.435 -3.279 -3.087 -2.777 -2.532 -2.215 -2.015 -1.690 -1.463 -1.371 -1.199 -1.110 -1.118 -1.235 -1.288 -1.234 -1.234 -1.690
5.75 1.00 -0.081 0.164 0.402 0.593 0.824 1.132 1.334 1.550 1.828 2.168 2.333 2.442 2.542 2.648 2.688 2.722 2.751 2.742 2.638 2.531 2.408 2.431 2.431 1.597
5.75 1.26 -0.088 0.156 0.393 0.584 0.814 1.122 1.323 1.539 1.818 2.158 2.323 2.431 2.531 2.637 2.678 2.711 2.741 2.732 2.628 2.520 2.396 2.418 2.418 1.586
5.75 1.58 -0.097 0.147 0.383 0.573 0.803 1.110 1.311 1.526 1.805 2.146 2.311 2.419 2.518 2.624 2.664 2.698 2.727 2.718 2.614 2.507 2.382 2.403 2.403 1.572
5.75 2.00 -0.108 0.134 0.370 0.560 0.789 1.094 1.295 1.511 1.789 2.130 2.295 2.403 2.501 2.607 2.648 2.681 2.711 2.702 2.598 2.490 2.365 2.384 2.384 1.555
5.75 2.51 -0.122 0.120 0.355 0.543 0.772 1.076 1.276 1.492 1.770 2.111 2.276 2.383 2.481 2.587 2.627 2.660 2.690 2.681 2.578 2.469 2.344 2.360 2.360 1.534
5.75 3.16 -0.138 0.102 0.336 0.524 0.751 1.054 1.254 1.469 1.747 2.088 2.253 2.360 2.457 2.561 2.602 2.635 2.665 2.656 2.553 2.443 2.318 2.332 2.332 1.508
5.75 3.98 -0.157 0.081 0.314 0.501 0.727 1.028 1.227 1.441 1.720 2.060 2.225 2.331 2.427 2.531 2.571 2.603 2.634 2.625 2.522 2.412 2.286 2.297 2.297 1.477
5.75 5.01 -0.180 0.056 0.288 0.473 0.698 0.997 1.195 1.409 1.687 2.027 2.192 2.296 2.391 2.494 2.533 2.565 2.596 2.587 2.484 2.373 2.247 2.256 2.256 1.440
5.75 6.31 -0.207 0.027 0.257 0.441 0.664 0.961 1.158 1.371 1.649 1.988 2.152 2.255 2.348 2.449 2.488 2.520 2.551 2.542 2.439 2.328 2.201 2.207 2.207 1.396
5.75 7.94 -0.238 -0.007 0.222 0.404 0.625 0.920 1.115 1.327 1.604 1.942 2.105 2.207 2.297 2.397 2.435 2.465 2.496 2.487 2.386 2.273 2.147 2.149 2.149 1.344
5.75 10.00 -0.274 -0.045 0.181 0.361 0.581 0.872 1.066 1.276 1.552 1.889 2.051 2.151 2.239 2.336 2.373 2.401 2.432 2.423 2.322 2.209 2.083 2.082 2.082 1.284
5.75 12.59 -0.315 -0.089 0.135 0.313 0.530 0.818 1.010 1.219 1.493 1.828 1.988 2.086 2.171 2.265 2.300 2.327 2.358 2.348 2.248 2.134 2.009 2.006 2.006 1.216
5.75 15.85 -0.360 -0.139 0.083 0.258 0.473 0.758 0.948 1.155 1.427 1.759 1.917 2.012 2.094 2.185 2.218 2.243 2.273 2.262 2.163 2.048 1.924 1.920 1.920 1.138
5.75 19.95 -0.412 -0.194 0.025 0.197 0.410 0.690 0.878 1.084 1.353 1.682 1.838 1.930 2.008 2.096 2.125 2.147 2.177 2.165 2.067 1.952 1.829 1.823 1.823 1.052
5.75 25.12 -0.469 -0.256 -0.040 0.130 0.340 0.616 0.802 1.005 1.271 1.596 1.749 1.839 1.912 1.996 2.022 2.042 2.070 2.057 1.960 1.845 1.724 1.718 1.718 0.957
5.75 31.62 -0.533 -0.324 -0.111 0.056 0.262 0.534 0.717 0.918 1.180 1.501 1.652 1.738 1.807 1.887 1.909 1.926 1.953 1.938 1.843 1.727 1.609 1.603 1.603 0.855
5.75 39.81 -0.604 -0.400 -0.190 -0.027 0.177 0.444 0.625 0.822 1.081 1.397 1.545 1.628 1.693 1.769 1.787 1.801 1.827 1.810 1.716 1.600 1.484 1.480 1.480 0.745
5.75 50.12 -0.683 -0.484 -0.278 -0.117 0.083 0.345 0.523 0.718 0.972 1.283 1.428 1.509 1.569 1.642 1.657 1.667 1.691 1.673 1.581 1.464 1.352 1.350 1.350 0.627
5.75 63.10 -0.771 -0.577 -0.374 -0.217 -0.021 0.236 0.412 0.603 0.852 1.158 1.301 1.380 1.436 1.506 1.517 1.524 1.548 1.528 1.437 1.320 1.212 1.212 1.212 0.504
5.75 79.43 -0.870 -0.682 -0.482 -0.329 -0.136 0.116 0.289 0.477 0.721 1.021 1.163 1.240 1.293 1.360 1.369 1.373 1.396 1.376 1.286 1.169 1.065 1.068 1.068 0.375
5.75 100.00 -0.982 -0.799 -0.603 -0.454 -0.264 -0.018 0.152 0.337 0.576 0.871 1.010 1.088 1.138 1.205 1.212 1.213 1.237 1.216 1.128 1.012 0.911 0.918 0.918 0.240
5.75 125.89 -1.110 -0.933 -0.741 -0.595 -0.409 -0.168 -0.000 0.180 0.414 0.704 0.843 0.922 0.970 1.038 1.046 1.045 1.070 1.049 0.964 0.847 0.751 0.762 0.762 0.100
5.75 158.49 -1.258 -1.086 -0.897 -0.755 -0.573 -0.338 -0.173 0.003 0.232 0.518 0.656 0.739 0.788 0.859 0.869 0.868 0.895 0.875 0.793 0.676 0.585 0.600 0.600 -0.045
5.75 199.53 -1.430 -1.263 -1.079 -0.940 -0.762 -0.533 -0.371 -0.198 0.025 0.307 0.447 0.537 0.588 0.666 0.680 0.680 0.712 0.694 0.616 0.499 0.411 0.432 0.432 -0.196
5.75 251.19 -1.631 -1.471 -1.290 -1.155 -0.981 -0.758 -0.598 -0.429 -0.212 0.067 0.210 0.310 0.366 0.455 0.478 0.479 0.518 0.504 0.430 0.313 0.231 0.256 0.256 -0.354
5.75 316.23 -1.871 -1.716 -1.539 -1.408 -1.238 -1.020 -0.864 -0.699 -0.487 -0.211 -0.062 0.053 0.117 0.222 0.258 0.264 0.312 0.305 0.237 0.120 0.042 0.071 0.071 -0.519
5.75 398.11 -2.157 -2.008 -1.835 -1.708 -1.542 -1.330 -1.177 -1.015 -0.810 -0.534 -0.377 -0.241 -0.164 -0.037 0.017 0.031 0.092 0.094 0.033 -0.084 -0.157 -0.123 -0.123 -0.693
5.75 501.19 -2.503 -2.360 -2.191 -2.068 -1.905 -1.700 -1.549 -1.391 -1.192 -0.915 -0.745 -0.582 -0.487 -0.330 -0.249 -0.224 -0.146 -0.130 -0.183 -0.300 -0.368 -0.329 -0.329 -0.878
5.75 630.96 -2.923 -2.786 -2.621 -2.502 -2.343 -2.144 -1.996 -1.842 -1.649 -1.368 -1.182 -0.981 -0.861 -0.663 -0.547 -0.507 -0.405 -0.372 -0.413 -0.530 -0.593 -0.549 -0.549 -1.076
5.75 794.33 -3.437 -3.306 -3.145 -3.030 -2.875 -2.681 -2.536 -2.387 -2.199 -1.912 -1.704 -1.454 -1.300 -1.048 -0.885 -0.823 -0.691 -0.635 -0.661 -0.778 -0.836 -0.788 -0.788 -1.290
5.75 1000.00 -4.069 -3.943 -3.786 -3.675 -3.524 -3.336 -3.195 -3.049 -2.867 -2.570 -2.332 -2.019 -1.821 -1.498 -1.273 -1.183 -1.011 -0.923 -0.932 -1.049 -1.102 -1.049 -1.049 -1.524
6.00 1.00 0.107 0.350 0.586 0.775 1.001 1.294 1.487 1.691 1.952 2.273 2.427 2.526 2.617 2.714 2.743 2.770 2.793 2.779 2.675 2.569 2.451 2.484 2.484 1.645
6.00 1.26 0.100 0.343 0.578 0.767 0.992 1.285 1.477 1.681 1.943 2.264 2.418 2.517 2.608 2.705 2.734 2.761 2.784 2.770 2.666 2.560 2.441 2.473 2.473 1.635
6.00 1.58 0.092 0.334 0.569 0.757 0.982 1.274 1.466 1.670 1.932 2.253 2.407 2.506 2.597 2.693 2.722 2.749 2.773 2.759 2.655 2.548 2.429 2.460 2.460 1.623
6.00 2.00 0.082 0.323 0.557 0.745 0.969 1.260 1.452 1.656 1.918 2.240 2.393 2.492 2.583 2.679 2.708 2.735 2.759 2.745 2.641 2.534 2.414 2.443 2.443 1.608
6.00 2.51 0.070 0.310 0.543 0.731 0.954 1.244 1.435 1.638 1.901 2.223 2.377 2.475 2.565 2.661 2.691 2.717 2.742 2.728 2.623 2.516 2.396 2.423 2.423 1.590
6.00 3.16 0.056 0.294 0.527 0.713 0.935 1.224 1.415 1.618 1.881 2.203 2.357 2.454 2.544 2.639 2.669 2.696 2.720 2.707 2.602 2.494 2.374 2.398 2.398 1.567
6.00 3.98 0.038 0.275 0.506 0.692 0.913 1.200 1.390 1.593 1.856 2.178 2.332 2.429 2.518 2.612 2.643 2.669 2.694 2.680 2.576 2.467 2.346 2.367 2.367 1.540
6.00 5.01 0.017 0.252 0.483 0.667 0.887 1.172 1.361 1.563 1.826 2.148 2.302 2.399 2.486 2.580 2.610 2.636 2.662 2.648 2.544 2.434 2.313 2.331 2.331 1.507
6.00 6.31 -0.007 0.226 0.455 0.637 0.856 1.139 1.327 1.528 1.791 2.113 2.267 2.362 2.448 2.541 2.571 2.596 2.622 2.608 2.505 2.394 2.272 2.287 2.287 1.468
6.00 7.94 -0.036 0.195 0.422 0.603 0.820 1.100 1.287 1.488 1.750 2.071 2.224 2.319 2.403 2.495 2.524 2.549 2.575 2.561 2.458 2.346 2.224 2.235 2.235 1.422
6.00 10.00 -0.069 0.159 0.384 0.563 0.778 1.056 1.241 1.441 1.702 2.023 2.175 2.268 2.350 2.440 2.468 2.492 2.518 2.504 2.402 2.289 2.167 2.175 2.175 1.368
6.00 12.59 -0.107 0.118 0.341 0.518 0.731 1.005 1.189 1.387 1.648 1.966 2.118 2.209 2.288 2.376 2.403 2.426 2.452 2.438 2.336 2.223 2.101 2.106 2.106 1.305
6.00 15.85 -0.150 0.071 0.292 0.467 0.677 0.948 1.130 1.327 1.585 1.902 2.052 2.141 2.217 2.302 2.328 2.349 2.375 2.360 2.260 2.146 2.024 2.026 2.026 1.234
6.00 19.95 -0.198 0.019 0.237 0.409 0.617 0.885 1.064 1.259 1.516 1.830 1.978 2.064 2.137 2.219 2.242 2.261 2.287 2.272 2.172 2.058 1.937 1.937 1.937 1.154
6.00 25.12 -0.253 -0.040 0.176 0.345 0.550 0.813 0.991 1.184 1.438 1.748 1.894 1.978 2.047 2.126 2.147 2.163 2.188 2.172 2.074 1.958 1.840 1.839 1.839 1.066
6.00 31.62 -0.313 -0.105 0.107 0.274 0.476 0.735 0.910 1.101 1.351 1.658 1.802 1.883 1.948 2.023 2.041 2.054 2.079 2.061 1.965 1.849 1.732 1.731 1.731 0.969
6.00 39.81 -0.381 -0.178 0.032 0.195 0.394 0.648 0.821 1.009 1.256 1.558 1.700 1.778 1.839 1.911 1.925 1.936 1.959 1.941 1.845 1.729 1.615 1.614 1.614 0.864
6.00 50.12 -0.457 -0.259 -0.053 0.108 0.303 0.553 0.723 0.908 1.150 1.448 1.587 1.663 1.720 1.789 1.800 1.808 1.830 1.810 1.716 1.600 1.489 1.489 1.489 0.752
6.00 63.10 -0.543 -0.349 -0.146 0.010 0.203 0.447 0.615 0.797 1.035 1.328 1.464 1.538 1.591 1.658 1.666 1.670 1.692 1.671 1.579 1.462 1.354 1.357 1.357 0.633
6.00 79.43 -0.639 -0.451 -0.251 -0.098 0.091 0.330 0.495 0.673 0.907 1.195 1.329 1.402 1.452 1.516 1.522 1.524 1.546 1.524 1.433 1.317 1.212 1.217 1.217 0.509
6.00 100.00 -0.748 -0.565 -0.370 -0.220 -0.035 0.199 0.362 0.536 0.764 1.048 1.181 1.254 1.301 1.365 1.370 1.369 1.392 1.369 1.281 1.164 1.063 1.072 1.072 0.378
6.00 125.89 -0.873 -0.696 -0.504 -0.358 -0.176 0.052 0.212 0.383 0.606 0.884 1.016 1.091 1.137 1.202 1.207 1.205 1.229 1.207 1.121 1.004 0.907 0.919 0.919 0.241
6.00 158.49 -1.018 -0.846 -0.658 -0.516 -0.338 -0.116 0.042 0.209 0.427 0.701 0.833 0.912 0.958 1.027 1.034 1.032 1.058 1.037 0.954 0.837 0.745 0.761 0.761 0.099
6.00 199.53 -1.187 -1.021 -0.836 -0.698 -0.524 -0.307 -0.153 0.011 0.223 0.493 0.627 0.713 0.761 0.837 0.849 0.847 0.878 0.859 0.780 0.663 0.575 0.596 0.596 -0.049
6.00 251.19 -1.386 -1.226 -1.045 -0.911 -0.740 -0.529 -0.378 -0.218 -0.012 0.255 0.393 0.489 0.542 0.629 0.649 0.650 0.687 0.673 0.598 0.481 0.398 0.423 0.423 -0.204
6.00 316.23 -1.623 -1.468 -1.292 -1.161 -0.994 -0.789 -0.641 -0.485 -0.284 -0.019 0.124 0.235 0.297 0.399 0.433 0.438 0.484 0.477 0.408 0.290 0.213 0.242 0.242 -0.367
6.00 398.11 -1.907 -1.758 -1.585 -1.458 -1.296 -1.097 -0.951 -0.799 -0.604 -0.340 -0.188 -0.056 0.018 0.142 0.195 0.207 0.267 0.269 0.207 0.090 0.017 0.051 0.051 -0.538
6.00 501.19 -2.250 -2.107 -1.938 -1.815 -1.657 -1.463 -1.321 -1.172 -0.983 -0.718 -0.554 -0.394 -0.302 -0.147 -0.069 -0.045 0.032 0.047 -0.006 -0.123 -0.191 -0.153 -0.153 -0.720
6.00 630.96 -2.668 -2.531 -2.366 -2.247 -2.092 -1.905 -1.765 -1.620 -1.437 -1.168 -0.988 -0.791 -0.674 -0.478 -0.364 -0.325 -0.224 -0.192 -0.233 -0.351 -0.414 -0.370 -0.370 -0.916
6.00 794.33 -3.179 -3.048 -2.887 -2.772 -2.621 -2.440 -2.303 -2.162 -1.985 -1.710 -1.507 -1.261 -1.110 -0.860 -0.699 -0.639 -0.507 -0.451 -0.479 -0.596 -0.655 -0.606 -0.606 -1.127
6.00 1000.00 -3.808 -3.683 -3.526 -3.415 -3.268 -3.092 -2.958 -2.822 -2.651 -2.365 -2.133 -1.823 -1.628 -1.307 -1.085 -0.995 -0.824 -0.738 -0.747 -0.865 -0.918 -0.865 -0.865 -1.359
6.25 1.00 0.291 0.532 0.766 0.954 1.174 1.453 1.638 1.830 2.075 2.376 2.518 2.608 2.691 2.777 2.794 2.814 2.832 2.813 2.709 2.605 2.492 2.536 2.536 1.692
6.25 1.26 0.285 0.525 0.759 0.947 1.166 1.445 1.629 1.821 2.067 2.368 2.511 2.600 2.683 2.769 2.787 2.807 2.824 2.806 2.701 2.597 2.484 2.527 2.527 1.683
6.25 1.58 0.278 0.517 0.751 0.938 1.157 1.435 1.619 1.811 2.057 2.359 2.501 2.590 2.673 2.759 2.777 2.797 2.815 2.796 2.692 2.587 2.474 2.515 2.515 1.673
6.25 2.00 0.269 0.508 0.740 0.927 1.146 1.423 1.606 1.798 2.045 2.347 2.490 2.579 2.661 2.747 2.765 2.785 2.804 2.785 2.680 2.575 2.461 2.500 2.500 1.659
6.25 2.51 0.258 0.496 0.728 0.914 1.132 1.408 1.591 1.783 2.029 2.332 2.475 2.564 2.646 2.732 2.751 2.771 2.789 2.770 2.665 2.559 2.445 2.483 2.483 1.643
6.25 3.16 0.245 0.482 0.713 0.898 1.115 1.390 1.573 1.764 2.011 2.314 2.457 2.546 2.627 2.713 2.732 2.752 2.771 2.752 2.647 2.541 2.426 2.461 2.461 1.624
6.25 3.98 0.230 0.464 0.695 0.879 1.095 1.369 1.550 1.742 1.989 2.293 2.436 2.524 2.605 2.690 2.710 2.730 2.749 2.730 2.625 2.517 2.402 2.434 2.434 1.600
6.25 5.01 0.211 0.444 0.673 0.856 1.071 1.343 1.524 1.715 1.962 2.266 2.410 2.497 2.577 2.662 2.682 2.702 2.721 2.703 2.598 2.489 2.373 2.402 2.402 1.571
6.25 6.31 0.188 0.419 0.647 0.829 1.043 1.313 1.492 1.683 1.930 2.235 2.378 2.465 2.544 2.628 2.648 2.668 2.688 2.669 2.564 2.455 2.338 2.363 2.363 1.537
6.25 7.94 0.162 0.391 0.617 0.797 1.009 1.277 1.455 1.645 1.893 2.197 2.340 2.427 2.504 2.587 2.607 2.626 2.647 2.628 2.524 2.413 2.296 2.318 2.318 1.495
6.25 10.00 0.132 0.358 0.582 0.761 0.971 1.236 1.413 1.602 1.849 2.153 2.296 2.381 2.456 2.539 2.558 2.577 2.598 2.579 2.475 2.364 2.246 2.264 2.264 1.447
6.25 12.59 0.097 0.320 0.542 0.718 0.927 1.188 1.364 1.552 1.799 2.101 2.243 2.327 2.401 2.481 2.500 2.518 2.539 2.520 2.418 2.305 2.187 2.201 2.201 1.391
6.25 15.85 0.056 0.276 0.496 0.670 0.876 1.135 1.309 1.495 1.741 2.042 2.183 2.265 2.336 2.415 2.433 2.449 2.471 2.452 2.350 2.236 2.119 2.129 2.129 1.326
6.25 19.95 0.011 0.227 0.444 0.616 0.820 1.074 1.246 1.431 1.675 1.974 2.114 2.194 2.262 2.338 2.355 2.369 2.391 2.372 2.271 2.157 2.040 2.047 2.047 1.253
6.25 25.12 -0.041 0.171 0.386 0.555 0.756 1.007 1.177 1.360 1.601 1.898 2.036 2.114 2.178 2.252 2.267 2.279 2.301 2.281 2.181 2.067 1.950 1.955 1.955 1.171
6.25 31.62 -0.099 0.109 0.321 0.487 0.685 0.932 1.100 1.280 1.519 1.812 1.948 2.024 2.085 2.156 2.168 2.178 2.200 2.179 2.081 1.965 1.851 1.854 1.854 1.080
6.25 39.81 -0.164 0.039 0.248 0.411 0.606 0.848 1.014 1.192 1.427 1.717 1.851 1.924 1.981 2.049 2.059 2.067 2.088 2.066 1.969 1.853 1.741 1.744 1.744 0.981
6.25 50.12 -0.237 -0.039 0.167 0.327 0.519 0.756 0.919 1.095 1.326 1.611 1.743 1.815 1.868 1.933 1.940 1.945 1.966 1.943 1.848 1.732 1.622 1.625 1.625 0.874
6.25 63.10 -0.319 -0.126 0.076 0.233 0.421 0.653 0.814 0.987 1.214 1.495 1.624 1.694 1.744 1.807 1.811 1.814 1.834 1.811 1.717 1.601 1.493 1.498 1.498 0.761
6.25 79.43 -0.413 -0.225 -0.026 0.127 0.312 0.539 0.697 0.867 1.089 1.365 1.493 1.562 1.609 1.670 1.673 1.673 1.693 1.669 1.578 1.461 1.357 1.364 1.364 0.640
6.25 100.00 -0.519 -0.337 -0.141 0.008 0.190 0.411 0.567 0.733 0.950 1.222 1.349 1.418 1.462 1.523 1.525 1.523 1.544 1.520 1.430 1.313 1.213 1.223 1.223 0.514
6.25 125.89 -0.642 -0.465 -0.273 -0.127 0.051 0.267 0.420 0.582 0.795 1.062 1.188 1.259 1.302 1.365 1.367 1.363 1.386 1.362 1.275 1.158 1.062 1.075 1.075 0.381
6.25 158.49 -0.784 -0.612 -0.424 -0.282 -0.108 0.103 0.253 0.411 0.619 0.881 1.008 1.083 1.127 1.193 1.198 1.194 1.219 1.197 1.113 0.995 0.904 0.920 0.920 0.242
6.25 199.53 -0.950 -0.784 -0.600 -0.461 -0.291 -0.086 0.061 0.216 0.418 0.677 0.805 0.887 0.933 1.006 1.016 1.013 1.042 1.023 0.943 0.825 0.738 0.759 0.759 0.097
6.25 251.19 -1.147 -0.986 -0.806 -0.671 -0.505 -0.306 -0.161 -0.010 0.186 0.442 0.574 0.666 0.717 0.801 0.820 0.819 0.855 0.840 0.765 0.647 0.564 0.589 0.589 -0.055
6.25 316.23 -1.381 -1.226 -1.050 -0.919 -0.756 -0.563 -0.421 -0.274 -0.083 0.171 0.308 0.415 0.475 0.575 0.606 0.610 0.656 0.647 0.577 0.460 0.382 0.411 0.411 -0.215
6.25 398.11 -1.662 -1.514 -1.341 -1.214 -1.055 -0.867 -0.729 -0.585 -0.401 -0.147 -0.002 0.127 0.199 0.321 0.371 0.383 0.442 0.443 0.380 0.262 0.189 0.223 0.223 -0.383
6.25 501.19 -2.003 -1.860 -1.691 -1.568 -1.413 -1.232 -1.096 -0.956 -0.777 -0.523 -0.365 -0.209 -0.118 0.034 0.111 0.133 0.210 0.224 0.170 0.053 -0.016 0.023 0.023 -0.563
6.25 630.96 -2.418 -2.281 -2.116 -1.997 -1.846 -1.670 -1.538 -1.402 -1.229 -0.971 -0.796 -0.603 -0.487 -0.294 -0.182 -0.143 -0.044 -0.012 -0.054 -0.172 -0.236 -0.192 -0.192 -0.756
6.25 794.33 -2.927 -2.796 -2.635 -2.519 -2.373 -2.203 -2.073 -1.941 -1.774 -1.509 -1.313 -1.070 -0.921 -0.673 -0.515 -0.455 -0.324 -0.269 -0.297 -0.415 -0.474 -0.425 -0.425 -0.965
6.25 1000.00 -3.553 -3.428 -3.271 -3.160 -3.017 -2.853 -2.726 -2.598 -2.437 -2.162 -1.936 -1.630 -1.436 -1.118 -0.897 -0.809 -0.639 -0.553 -0.563 -0.681 -0.734 -0.681 -0.681 -1.194
6.50 1.00 0.472 0.710 0.943 1.129 1.344 1.610 1.786 1.967 2.196 2.478 2.608 2.687 2.762 2.837 2.843 2.856 2.868 2.844 2.740 2.638 2.531 2.587 2.587 1.737
6.50 1.26 0.467 0.704 0.936 1.123 1.337 1.603 1.779 1.960 2.189 2.471 2.601 2.681 2.755 2.831 2.837 2.850 2.861 2.838 2.733 2.631 2.524 2.578 2.578 1.729
6.50 1.58 0.460 0.697 0.929 1.115 1.329 1.594 1.770 1.950 2.180 2.462 2.593 2.673 2.747 2.823 2.829 2.842 2.854 2.830 2.726 2.623 2.516 2.568 2.568 1.720
6.50 2.00 0.452 0.689 0.920 1.105 1.319 1.583 1.758 1.939 2.169 2.452 2.583 2.663 2.736 2.812 2.819 2.832 2.844 2.821 2.716 2.612 2.505 2.556 2.556 1.709
6.50 2.51 0.443 0.678 0.909 1.093 1.306 1.570 1.745 1.925 2.156 2.439 2.571 2.650 2.724 2.800 2.807 2.820 2.832 2.809 2.703 2.599 2.491 2.540 2.540 1.695
6.50 3.16 0.431 0.665 0.895 1.079 1.291 1.553 1.728 1.908 2.139 2.424 2.555 2.635 2.708 2.784 2.791 2.804 2.817 2.793 2.688 2.583 2.475 2.521 2.521 1.678
6.50 3.98 0.417 0.650 0.879 1.062 1.273 1.534 1.707 1.888 2.119 2.404 2.537 2.616 2.688 2.764 2.772 2.785 2.798 2.775 2.669 2.564 2.454 2.498 2.498 1.657
6.50 5.01 0.400 0.631 0.859 1.041 1.251 1.510 1.683 1.863 2.095 2.381 2.514 2.593 2.664 2.740 2.749 2.762 2.775 2.752 2.646 2.540 2.429 2.470 2.470 1.632
6.50 6.31 0.379 0.609 0.835 1.016 1.225 1.482 1.654 1.834 2.067 2.353 2.486 2.564 2.635 2.711 2.720 2.733 2.747 2.723 2.618 2.510 2.399 2.436 2.436 1.602
6.50 7.94 0.355 0.582 0.808 0.987 1.194 1.450 1.620 1.800 2.032 2.319 2.452 2.530 2.600 2.675 2.685 2.697 2.712 2.689 2.583 2.475 2.363 2.395 2.395 1.565
6.50 10.00 0.327 0.552 0.775 0.953 1.159 1.411 1.581 1.760 1.992 2.279 2.412 2.490 2.558 2.632 2.642 2.655 2.670 2.647 2.542 2.432 2.319 2.347 2.347 1.522
6.50 12.59 0.295 0.516 0.738 0.914 1.117 1.367 1.535 1.713 1.946 2.232 2.365 2.442 2.508 2.582 2.591 2.603 2.619 2.596 2.492 2.380 2.267 2.291 2.291 1.472
6.50 15.85 0.257 0.476 0.695 0.869 1.070 1.317 1.483 1.660 1.892 2.178 2.310 2.385 2.450 2.522 2.531 2.542 2.559 2.536 2.432 2.320 2.207 2.226 2.226 1.413
6.50 19.95 0.214 0.429 0.646 0.817 1.017 1.260 1.425 1.600 1.831 2.115 2.246 2.320 2.383 2.453 2.461 2.471 2.489 2.465 2.363 2.249 2.136 2.152 2.152 1.347
6.50 25.12 0.166 0.377 0.591 0.760 0.956 1.196 1.358 1.532 1.761 2.044 2.174 2.246 2.305 2.373 2.381 2.389 2.407 2.383 2.282 2.168 2.055 2.067 2.067 1.271
6.50 31.62 0.111 0.318 0.529 0.695 0.889 1.124 1.285 1.456 1.683 1.963 2.092 2.162 2.218 2.284 2.290 2.297 2.314 2.290 2.191 2.075 1.964 1.974 1.974 1.187
6.50 39.81 0.049 0.251 0.460 0.622 0.813 1.044 1.202 1.372 1.596 1.872 1.999 2.068 2.121 2.184 2.188 2.193 2.211 2.186 2.088 1.972 1.862 1.870 1.870 1.094
6.50 50.12 -0.022 0.176 0.382 0.541 0.729 0.955 1.111 1.278 1.498 1.771 1.896 1.963 2.013 2.074 2.076 2.078 2.096 2.071 1.975 1.858 1.750 1.758 1.758 0.993
6.50 63.10 -0.101 0.091 0.294 0.450 0.635 0.855 1.009 1.173 1.390 1.659 1.782 1.847 1.894 1.953 1.953 1.954 1.971 1.946 1.851 1.735 1.629 1.637 1.637 0.885
6.50 79.43 -0.192 -0.004 0.195 0.347 0.529 0.744 0.895 1.056 1.269 1.533 1.655 1.720 1.764 1.822 1.821 1.819 1.837 1.811 1.719 1.602 1.499 1.508 1.508 0.770
6.50 100.00 -0.296 -0.113 0.082 0.231 0.409 0.620 0.768 0.926 1.133 1.393 1.514 1.580 1.621 1.679 1.678 1.674 1.693 1.667 1.577 1.460 1.361 1.372 1.372 0.647
6.50 125.89 -0.415 -0.238 -0.047 0.099 0.273 0.478 0.624 0.778 0.981 1.237 1.357 1.425 1.465 1.525 1.524 1.519 1.540 1.515 1.427 1.310 1.214 1.229 1.229 0.519
6.50 158.49 -0.555 -0.383 -0.195 -0.053 0.117 0.317 0.460 0.610 0.808 1.060 1.180 1.252 1.294 1.357 1.359 1.354 1.378 1.354 1.269 1.152 1.061 1.078 1.078 0.384
6.50 199.53 -0.718 -0.553 -0.368 -0.230 -0.063 0.131 0.271 0.418 0.610 0.858 0.981 1.060 1.103 1.174 1.181 1.177 1.205 1.185 1.104 0.986 0.899 0.920 0.920 0.242
6.50 251.19 -0.912 -0.752 -0.572 -0.437 -0.274 -0.086 0.051 0.195 0.381 0.627 0.753 0.842 0.891 0.972 0.988 0.987 1.022 1.006 0.929 0.812 0.729 0.754 0.754 0.093
6.50 316.23 -1.144 -0.989 -0.813 -0.682 -0.523 -0.341 -0.206 -0.067 0.115 0.358 0.490 0.594 0.651 0.749 0.778 0.781 0.826 0.816 0.746 0.628 0.550 0.579 0.579 -0.064
6.50 398.11 -1.423 -1.274 -1.101 -0.974 -0.819 -0.643 -0.511 -0.375 -0.200 0.043 0.183 0.308 0.378 0.498 0.547 0.557 0.615 0.615 0.552 0.434 0.360 0.394 0.394 -0.230
6.50 501.19 -1.761 -1.618 -1.449 -1.326 -1.175 -1.004 -0.875 -0.744 -0.574 -0.330 -0.178 -0.024 0.064 0.214 0.289 0.311 0.386 0.399 0.345 0.227 0.159 0.197 0.197 -0.407
6.50 630.96 -2.173 -2.036 -1.871 -1.752 -1.605 -1.440 -1.314 -1.186 -1.023 -0.775 -0.606 -0.415 -0.302 -0.111 -0.001 0.037 0.135 0.166 0.123 0.006 -0.058 -0.015 -0.015 -0.597
6.50 794.33 -2.680 -2.549 -2.387 -2.272 -2.129 -1.970 -1.847 -1.723 -1.565 -1.311 -1.120 -0.880 -0.733 -0.488 -0.331 -0.272 -0.142 -0.088 -0.117 -0.235 -0.294 -0.245 -0.245 -0.804
6.50 1000.00 -3.304 -3.178 -3.021 -2.910 -2.771 -2.618 -2.498 -2.378 -2.226 -1.962 -1.740 -1.437 -1.246 -0.929 -0.711 -0.623 -0.454 -0.369 -0.380 -0.497 -0.551 -0.499 -0.499 -1.031
6.75 1.00 0.649 0.885 1.116 1.301 1.510 1.764 1.933 2.102 2.315 2.577 2.696 2.765 2.830 2.895 2.889 2.895 2.900 2.873 2.769 2.670 2.569 2.636 2.636 1.781
6.75 1.26 0.644 0.880 1.110 1.295 1.504 1.758 1.926 2.096 2.309 2.571 2.690 2.760 2.825 2.890 2.884 2.890 2.895 2.868 2.764 2.664 2.563 2.629 2.629 1.775
6.75 1.58 0.639 0.873 1.104 1.288 1.497 1.750 1.918 2.087 2.301 2.564 2.683 2.753 2.818 2.883 2.877 2.883 2.889 2.861 2.757 2.657 2.555 2.620 2.620 1.767
6.75 2.00 0.632 0.866 1.096 1.279 1.488 1.740 1.908 2.077 2.291 2.555 2.675 2.744 2.809 2.874 2.869 2.875 2.881 2.853 2.748 2.648 2.546 2.609 2.609 1.757
6.75 2.51 0.623 0.856 1.085 1.269 1.477 1.728 1.895 2.065 2.279 2.544 2.664 2.734 2.798 2.864 2.859 2.865 2.871 2.843 2.738 2.637 2.535 2.595 2.595 1.745
6.75 3.16 0.613 0.845 1.073 1.256 1.463 1.713 1.880 2.050 2.265 2.530 2.650 2.720 2.785 2.850 2.846 2.852 2.859 2.830 2.725 2.623 2.520 2.579 2.579 1.730
6.75 3.98 0.600 0.831 1.058 1.240 1.447 1.695 1.862 2.031 2.247 2.513 2.634 2.704 2.768 2.834 2.830 2.836 2.843 2.815 2.709 2.606 2.503 2.559 2.559 1.712
6.75 5.01 0.584 0.814 1.040 1.221 1.427 1.674 1.840 2.009 2.225 2.493 2.614 2.684 2.748 2.813 2.810 2.816 2.824 2.796 2.690 2.586 2.481 2.534 2.534 1.690
6.75 6.31 0.566 0.793 1.019 1.198 1.403 1.649 1.813 1.982 2.200 2.468 2.590 2.659 2.723 2.788 2.786 2.792 2.800 2.772 2.666 2.560 2.456 2.504 2.504 1.663
6.75 7.94 0.544 0.769 0.994 1.172 1.375 1.618 1.782 1.951 2.169 2.438 2.560 2.630 2.692 2.758 2.756 2.762 2.771 2.743 2.637 2.530 2.424 2.469 2.469 1.631
6.75 10.00 0.518 0.741 0.964 1.140 1.342 1.583 1.745 1.914 2.132 2.402 2.525 2.594 2.655 2.720 2.720 2.726 2.735 2.707 2.601 2.493 2.386 2.426 2.426 1.593
6.75 12.59 0.488 0.708 0.929 1.104 1.303 1.542 1.703 1.871 2.090 2.359 2.482 2.551 2.611 2.676 2.676 2.682 2.692 2.664 2.558 2.449 2.341 2.376 2.376 1.548
6.75 15.85 0.453 0.670 0.889 1.062 1.259 1.495 1.654 1.821 2.040 2.310 2.433 2.501 2.559 2.623 2.623 2.629 2.640 2.612 2.507 2.396 2.288 2.318 2.318 1.496
6.75 19.95 0.413 0.627 0.843 1.014 1.209 1.441 1.599 1.765 1.983 2.252 2.375 2.442 2.498 2.561 2.561 2.566 2.578 2.550 2.446 2.334 2.225 2.251 2.251 1.436
6.75 25.12 0.367 0.577 0.791 0.959 1.152 1.380 1.536 1.701 1.917 2.186 2.308 2.373 2.428 2.489 2.489 2.493 2.506 2.478 2.375 2.262 2.153 2.174 2.174 1.367
6.75 31.62 0.315 0.521 0.732 0.897 1.088 1.312 1.466 1.629 1.844 2.110 2.231 2.295 2.347 2.407 2.406 2.409 2.422 2.394 2.293 2.179 2.070 2.088 2.088 1.290
6.75 39.81 0.256 0.457 0.666 0.828 1.015 1.235 1.387 1.548 1.760 2.024 2.144 2.207 2.256 2.314 2.312 2.313 2.327 2.299 2.200 2.084 1.977 1.992 1.992 1.203
6.75 50.12 0.188 0.385 0.591 0.750 0.934 1.149 1.299 1.457 1.667 1.928 2.046 2.108 2.154 2.210 2.207 2.207 2.221 2.193 2.095 1.979 1.873 1.887 1.887 1.109
6.75 63.10 0.111 0.304 0.506 0.662 0.843 1.053 1.200 1.356 1.562 1.819 1.937 1.997 2.041 2.096 2.091 2.089 2.104 2.076 1.980 1.864 1.760 1.772 1.772 1.006
6.75 79.43 0.024 0.211 0.410 0.562 0.740 0.945 1.090 1.243 1.445 1.698 1.814 1.875 1.916 1.970 1.965 1.961 1.977 1.949 1.855 1.738 1.637 1.650 1.650 0.896
6.75 100.00 -0.077 0.105 0.300 0.449 0.623 0.823 0.965 1.115 1.313 1.562 1.677 1.739 1.778 1.833 1.828 1.822 1.839 1.812 1.720 1.603 1.505 1.519 1.519 0.779
6.75 125.89 -0.194 -0.018 0.174 0.319 0.490 0.685 0.824 0.971 1.164 1.409 1.524 1.588 1.626 1.683 1.679 1.672 1.692 1.665 1.576 1.459 1.364 1.380 1.380 0.655
6.75 158.49 -0.331 -0.160 0.028 0.170 0.337 0.526 0.663 0.806 0.994 1.236 1.351 1.419 1.458 1.519 1.518 1.512 1.534 1.509 1.424 1.306 1.215 1.234 1.234 0.523
6.75 199.53 -0.492 -0.326 -0.142 -0.004 0.159 0.343 0.477 0.616 0.799 1.037 1.155 1.230 1.272 1.340 1.345 1.339 1.366 1.344 1.263 1.145 1.058 1.080 1.080 0.385
6.75 251.19 -0.683 -0.523 -0.343 -0.208 -0.049 0.129 0.260 0.396 0.574 0.809 0.930 1.016 1.063 1.142 1.156 1.153 1.187 1.170 1.093 0.975 0.892 0.918 0.918 0.240
6.75 316.23 -0.912 -0.758 -0.581 -0.451 -0.295 -0.123 0.005 0.137 0.310 0.543 0.670 0.771 0.826 0.922 0.949 0.951 0.994 0.984 0.913 0.795 0.717 0.747 0.747 0.086
6.75 398.11 -1.189 -1.040 -0.867 -0.740 -0.589 -0.422 -0.297 -0.169 -0.002 0.231 0.366 0.488 0.556 0.674 0.720 0.730 0.787 0.786 0.722 0.604 0.531 0.565 0.565 -0.077
6.75 501.19 -1.524 -1.381 -1.212 -1.090 -0.942 -0.781 -0.659 -0.534 -0.373 -0.139 0.008 0.159 0.245 0.393 0.466 0.487 0.561 0.574 0.519 0.401 0.332 0.370 0.370 -0.251
6.75 630.96 -1.934 -1.797 -1.632 -1.513 -1.369 -1.214 -1.095 -0.975 -0.819 -0.581 -0.417 -0.230 -0.119 0.071 0.179 0.216 0.313 0.344 0.300 0.182 0.118 0.161 0.161 -0.439
6.75 794.33 -2.438 -2.307 -2.146 -2.031 -1.891 -1.742 -1.625 -1.509 -1.359 -1.115 -0.928 -0.692 -0.547 -0.303 -0.148 -0.090 0.039 0.092 0.063 -0.055 -0.114 -0.066 -0.066 -0.643
6.75 1000.00 -3.059 -2.934 -2.777 -2.666 -2.530 -2.387 -2.273 -2.161 -2.017 -1.763 -1.546 -1.246 -1.056 -0.742 -0.525 -0.439 -0.270 -0.186 -0.197 -0.315 -0.369 -0.317 -0.317 -0.867
7.00 1.00 0.823 1.056 1.285 1.469 1.674 1.916 2.078 2.236 2.432 2.675 2.782 2.841 2.897 2.951 2.932 2.931 2.931 2.899 2.796 2.699 2.605 2.684 2.684 1.824
7.00 1.26 0.819 1.052 1.281 1.464 1.669 1.910 2.072 2.230 2.427 2.670 2.777 2.836 2.892 2.946 2.928 2.926 2.926 2.894 2.792 2.694 2.600 2.678 2.678 1.819
7.00 1.58 0.814 1.046 1.275 1.457 1.662 1.903 2.064 2.223 2.420 2.663 2.771 2.831 2.886 2.940 2.922 2.921 2.921 2.889 2.786 2.688 2.594 2.670 2.670 1.812
7.00 2.00 0.807 1.039 1.267 1.450 1.654 1.894 2.055 2.214 2.411 2.656 2.763 2.823 2.879 2.933 2.916 2.914 2.914 2.882 2.779 2.681 2.586 2.661 2.661 1.803
7.00 2.51 0.800 1.031 1.258 1.440 1.644 1.883 2.044 2.203 2.401 2.646 2.754 2.814 2.870 2.924 2.907 2.906 2.906 2.874 2.770 2.671 2.576 2.649 2.649 1.793
7.00 3.16 0.790 1.020 1.247 1.428 1.631 1.870 2.030 2.189 2.388 2.634 2.743 2.803 2.858 2.913 2.896 2.895 2.896 2.863 2.759 2.659 2.563 2.634 2.634 1.780
7.00 3.98 0.779 1.008 1.234 1.414 1.616 1.854 2.013 2.172 2.372 2.619 2.729 2.789 2.844 2.899 2.883 2.882 2.883 2.850 2.746 2.645 2.548 2.617 2.617 1.764
7.00 5.01 0.765 0.992 1.218 1.397 1.598 1.835 1.993 2.152 2.353 2.601 2.711 2.772 2.827 2.882 2.867 2.866 2.867 2.834 2.729 2.627 2.530 2.595 2.595 1.745
7.00 6.31 0.748 0.974 1.198 1.376 1.577 1.811 1.969 2.128 2.330 2.579 2.690 2.751 2.805 2.861 2.847 2.846 2.848 2.814 2.709 2.606 2.507 2.569 2.569 1.721
7.00 7.94 0.728 0.952 1.175 1.352 1.551 1.783 1.940 2.099 2.302 2.553 2.664 2.725 2.779 2.835 2.821 2.821 2.823 2.790 2.684 2.580 2.480 2.538 2.538 1.693
7.00 10.00 0.704 0.926 1.148 1.323 1.520 1.751 1.907 2.065 2.269 2.521 2.633 2.694 2.747 2.803 2.791 2.790 2.794 2.760 2.654 2.548 2.448 2.501 2.501 1.660
7.00 12.59 0.677 0.896 1.115 1.289 1.485 1.713 1.867 2.025 2.230 2.483 2.595 2.656 2.709 2.764 2.753 2.753 2.757 2.724 2.618 2.510 2.409 2.457 2.457 1.620
7.00 15.85 0.644 0.860 1.078 1.250 1.444 1.669 1.822 1.979 2.184 2.437 2.551 2.611 2.663 2.718 2.708 2.707 2.713 2.680 2.574 2.465 2.362 2.405 2.405 1.574
7.00 19.95 0.607 0.820 1.035 1.205 1.396 1.618 1.769 1.926 2.131 2.385 2.498 2.558 2.608 2.663 2.654 2.653 2.659 2.627 2.521 2.411 2.308 2.345 2.345 1.520
7.00 25.12 0.564 0.773 0.986 1.153 1.342 1.561 1.710 1.866 2.070 2.323 2.437 2.496 2.544 2.599 2.590 2.588 2.596 2.564 2.459 2.348 2.244 2.276 2.276 1.458
7.00 31.62 0.514 0.719 0.930 1.095 1.281 1.495 1.643 1.797 2.000 2.253 2.366 2.424 2.471 2.524 2.515 2.513 2.522 2.490 2.387 2.274 2.170 2.197 2.197 1.387
7.00 39.81 0.458 0.659 0.866 1.028 1.212 1.422 1.567 1.720 1.921 2.172 2.285 2.342 2.386 2.439 2.430 2.427 2.437 2.405 2.303 2.189 2.085 2.109 2.109 1.308
7.00 50.12 0.393 0.590 0.794 0.953 1.134 1.339 1.483 1.633 1.832 2.081 2.192 2.249 2.291 2.342 2.333 2.329 2.340 2.308 2.209 2.093 1.991 2.011 2.011 1.220
7.00 63.10 0.319 0.511 0.712 0.868 1.046 1.246 1.387 1.535 1.731 1.977 2.088 2.144 2.183 2.234 2.225 2.219 2.231 2.200 2.103 1.987 1.885 1.903 1.903 1.124
7.00 79.43 0.234 0.421 0.619 0.771 0.946 1.142 1.280 1.425 1.618 1.860 1.970 2.027 2.064 2.115 2.105 2.098 2.112 2.081 1.986 1.869 1.770 1.787 1.787 1.020
7.00 100.00 0.136 0.317 0.512 0.661 0.832 1.023 1.159 1.301 1.490 1.728 1.838 1.895 1.931 1.983 1.974 1.966 1.981 1.951 1.859 1.742 1.645 1.662 1.662 0.908
7.00 125.89 0.021 0.198 0.389 0.535 0.702 0.887 1.020 1.159 1.344 1.579 1.688 1.749 1.784 1.838 1.831 1.822 1.840 1.811 1.721 1.604 1.510 1.529 1.529 0.788
7.00 158.49 -0.113 0.058 0.246 0.388 0.552 0.731 0.862 0.998 1.177 1.409 1.519 1.584 1.621 1.679 1.675 1.667 1.688 1.661 1.575 1.457 1.367 1.388 1.388 0.661
7.00 199.53 -0.271 -0.106 0.079 0.217 0.377 0.551 0.679 0.811 0.986 1.214 1.326 1.399 1.438 1.504 1.506 1.499 1.525 1.502 1.419 1.301 1.215 1.238 1.238 0.527
7.00 251.19 -0.460 -0.300 -0.119 0.015 0.171 0.340 0.465 0.594 0.763 0.989 1.105 1.188 1.232 1.309 1.321 1.317 1.350 1.331 1.254 1.136 1.053 1.080 1.080 0.385
7.00 316.23 -0.686 -0.532 -0.355 -0.225 -0.072 0.091 0.213 0.338 0.502 0.726 0.848 0.946 0.999 1.093 1.118 1.119 1.161 1.150 1.078 0.960 0.882 0.912 0.912 0.235
7.00 398.11 -0.960 -0.811 -0.638 -0.512 -0.363 -0.206 -0.087 0.035 0.193 0.417 0.547 0.667 0.733 0.849 0.893 0.901 0.957 0.956 0.891 0.773 0.700 0.734 0.734 0.075
7.00 501.19 -1.293 -1.150 -0.981 -0.858 -0.714 -0.562 -0.446 -0.328 -0.176 0.050 0.192 0.340 0.424 0.571 0.642 0.661 0.735 0.747 0.691 0.573 0.504 0.543 0.543 -0.096
7.00 630.96 -1.700 -1.563 -1.398 -1.279 -1.139 -0.993 -0.880 -0.766 -0.619 -0.390 -0.231 -0.046 0.064 0.251 0.358 0.393 0.490 0.520 0.476 0.358 0.293 0.337 0.337 -0.281
7.00 794.33 -2.201 -2.070 -1.909 -1.794 -1.657 -1.518 -1.407 -1.297 -1.156 -0.921 -0.739 -0.505 -0.362 -0.120 0.033 0.091 0.218 0.272 0.242 0.123 0.064 0.112 0.112 -0.483
7.00 1000.00 -2.820 -2.695 -2.538 -2.427 -2.294 -2.160 -2.053 -1.947 -1.811 -1.566 -1.354 -1.057 -0.869 -0.556 -0.341 -0.255 -0.087 -0.004 -0.016 -0.134 -0.188 -0.136 -0.136 -0.705
7.25 1.00 0.993 1.224 1.452 1.633 1.834 2.065 2.220 2.368 2.548 2.771 2.866 2.915 2.961 3.004 2.973 2.964 2.959 2.923 2.822 2.728 2.641 2.731 2.731 1.867
7.25 1.26 0.990 1.220 1.447 1.629 1.829 2.060 2.215 2.363 2.543 2.766 2.862 2.911 2.957 3.000 2.969 2.961 2.955 2.919 2.818 2.724 2.636 2.726 2.726 1.862
7.25 1.58 0.985 1.215 1.442 1.623 1.823 2.054 2.208 2.356 2.537 2.761 2.856 2.906 2.952 2.995 2.965 2.956 2.951 2.915 2.813 2.719 2.631 2.719 2.719 1.856
7.25 2.00 0.979 1.209 1.436 1.616 1.816 2.046 2.200 2.348 2.530 2.754 2.850 2.900 2.946 2.989 2.959 2.951 2.945 2.909 2.807 2.712 2.624 2.711 2.711 1.848
7.25 2.51 0.973 1.201 1.428 1.608 1.807 2.036 2.190 2.338 2.520 2.746 2.842 2.892 2.938 2.982 2.952 2.944 2.938 2.902 2.800 2.704 2.615 2.701 2.701 1.839
7.25 3.16 0.964 1.192 1.418 1.597 1.796 2.024 2.177 2.326 2.509 2.735 2.832 2.882 2.929 2.972 2.943 2.935 2.930 2.893 2.790 2.693 2.604 2.688 2.688 1.828
7.25 3.98 0.954 1.181 1.405 1.584 1.782 2.009 2.162 2.311 2.495 2.722 2.820 2.870 2.917 2.961 2.932 2.924 2.919 2.882 2.779 2.681 2.591 2.673 2.673 1.814
7.25 5.01 0.941 1.167 1.391 1.569 1.766 1.992 2.144 2.292 2.477 2.707 2.805 2.856 2.902 2.946 2.919 2.910 2.906 2.868 2.765 2.666 2.575 2.654 2.654 1.797
7.25 6.31 0.926 1.150 1.373 1.550 1.746 1.970 2.122 2.270 2.457 2.687 2.787 2.838 2.884 2.928 2.902 2.894 2.890 2.852 2.747 2.647 2.556 2.631 2.631 1.777
7.25 7.94 0.908 1.130 1.352 1.528 1.723 1.945 2.096 2.244 2.431 2.664 2.764 2.815 2.861 2.906 2.881 2.873 2.869 2.832 2.726 2.625 2.532 2.604 2.604 1.752
7.25 10.00 0.886 1.106 1.327 1.501 1.695 1.915 2.064 2.213 2.402 2.635 2.737 2.788 2.834 2.879 2.855 2.847 2.845 2.807 2.701 2.598 2.504 2.571 2.571 1.723
7.25 12.59 0.861 1.078 1.297 1.470 1.662 1.879 2.028 2.176 2.366 2.601 2.704 2.755 2.800 2.846 2.824 2.816 2.814 2.776 2.670 2.565 2.470 2.532 2.532 1.688
7.25 15.85 0.830 1.045 1.262 1.433 1.623 1.838 1.985 2.133 2.324 2.561 2.664 2.716 2.760 2.806 2.785 2.778 2.777 2.739 2.633 2.526 2.430 2.486 2.486 1.647
7.25 19.95 0.795 1.007 1.222 1.391 1.579 1.791 1.936 2.084 2.275 2.513 2.617 2.669 2.712 2.758 2.739 2.731 2.732 2.694 2.588 2.480 2.383 2.433 2.433 1.599
7.25 25.12 0.755 0.963 1.176 1.342 1.528 1.737 1.880 2.027 2.218 2.457 2.561 2.613 2.655 2.702 2.683 2.676 2.678 2.640 2.535 2.425 2.327 2.371 2.371 1.543
7.25 31.62 0.708 0.913 1.123 1.287 1.470 1.675 1.816 1.962 2.153 2.391 2.496 2.548 2.588 2.635 2.617 2.610 2.613 2.576 2.472 2.360 2.261 2.300 2.300 1.480
7.25 39.81 0.654 0.855 1.062 1.223 1.404 1.604 1.744 1.888 2.078 2.316 2.421 2.472 2.511 2.557 2.540 2.532 2.538 2.502 2.398 2.285 2.186 2.220 2.220 1.408
7.25 50.12 0.592 0.788 0.993 1.151 1.329 1.525 1.663 1.805 1.993 2.230 2.334 2.385 2.422 2.468 2.452 2.444 2.450 2.415 2.314 2.200 2.100 2.129 2.129 1.327
7.25 63.10 0.521 0.713 0.914 1.069 1.244 1.435 1.570 1.711 1.897 2.131 2.235 2.286 2.322 2.368 2.352 2.343 2.351 2.317 2.218 2.102 2.004 2.030 2.030 1.237
7.25 79.43 0.439 0.625 0.823 0.975 1.147 1.333 1.466 1.604 1.787 2.019 2.123 2.175 2.209 2.255 2.240 2.230 2.240 2.207 2.110 1.994 1.897 1.921 1.921 1.139
7.25 100.00 0.343 0.525 0.719 0.868 1.036 1.218 1.348 1.483 1.663 1.891 1.995 2.049 2.082 2.129 2.116 2.105 2.118 2.086 1.991 1.875 1.780 1.802 1.802 1.033
7.25 125.89 0.232 0.408 0.599 0.744 0.909 1.085 1.213 1.345 1.521 1.746 1.850 1.907 1.939 1.990 1.979 1.968 1.984 1.953 1.862 1.745 1.653 1.675 1.675 0.919
7.25 158.49 0.100 0.271 0.459 0.600 0.761 0.932 1.057 1.186 1.358 1.580 1.685 1.747 1.780 1.836 1.829 1.819 1.838 1.810 1.722 1.605 1.516 1.539 1.539 0.797
7.25 199.53 -0.055 0.110 0.294 0.432 0.589 0.755 0.877 1.002 1.169 1.389 1.496 1.565 1.602 1.665 1.665 1.656 1.680 1.656 1.572 1.455 1.369 1.394 1.394 0.667
7.25 251.19 -0.241 -0.082 0.099 0.233 0.386 0.546 0.666 0.788 0.949 1.167 1.278 1.358 1.400 1.475 1.484 1.479 1.510 1.491 1.412 1.294 1.212 1.240 1.240 0.529
7.25 316.23 -0.465 -0.311 -0.134 -0.004 0.146 0.300 0.416 0.535 0.691 0.907 1.024 1.120 1.171 1.262 1.285 1.285 1.326 1.314 1.241 1.123 1.045 1.077 1.077 0.382
7.25 398.11 -0.736 -0.588 -0.415 -0.289 -0.143 0.006 0.120 0.234 0.385 0.601 0.727 0.843 0.907 1.021 1.064 1.071 1.126 1.124 1.058 0.940 0.867 0.902 0.902 0.226
7.25 501.19 -1.067 -0.924 -0.755 -0.632 -0.490 -0.348 -0.237 -0.126 0.020 0.237 0.375 0.519 0.602 0.747 0.816 0.835 0.907 0.918 0.862 0.744 0.675 0.714 0.714 0.057
7.25 630.96 -1.471 -1.335 -1.170 -1.051 -0.913 -0.776 -0.668 -0.561 -0.421 -0.200 -0.045 0.137 0.244 0.430 0.535 0.570 0.666 0.695 0.650 0.532 0.468 0.511 0.511 -0.125
7.25 794.33 -1.970 -1.839 -1.678 -1.563 -1.429 -1.298 -1.193 -1.090 -0.956 -0.728 -0.551 -0.320 -0.178 0.062 0.214 0.270 0.397 0.450 0.419 0.301 0.241 0.289 0.289 -0.324
7.25 1000.00 -2.586 -2.461 -2.304 -2.193 -2.063 -1.938 -1.836 -1.736 -1.608 -1.371 -1.163 -0.869 -0.682 -0.371 -0.158 -0.073 0.094 0.178 0.165 0.047 -0.008 0.045 0.045 -0.543
7.50 1.00 1.160 1.389 1.615 1.795 1.991 2.212 2.361 2.498 2.662 2.865 2.948 2.987 3.024 3.055 3.011 2.996 2.985 2.946 2.848 2.757 2.676 2.779 2.779 1.909
7.50 1.26 1.157 1.385 1.611 1.791 1.987 2.207 2.356 2.494 2.658 2.861 2.945 2.983 3.020 3.052 3.008 2.993 2.982 2.943 2.844 2.753 2.672 2.774 2.774 1.905
7.50 1.58 1.153 1.381 1.606 1.786 1.982 2.202 2.350 2.488 2.652 2.857 2.940 2.979 3.016 3.048 3.005 2.989 2.978 2.939 2.840 2.748 2.667 2.768 2.768 1.899
7.50 2.00 1.148 1.375 1.600 1.779 1.975 2.194 2.343 2.480 2.646 2.851 2.935 2.974 3.011 3.043 3.000 2.984 2.973 2.934 2.834 2.742 2.661 2.761 2.761 1.893
7.50 2.51 1.142 1.368 1.593 1.772 1.967 2.186 2.333 2.471 2.637 2.843 2.928 2.967 3.004 3.036 2.994 2.978 2.967 2.928 2.828 2.735 2.653 2.751 2.751 1.885
7.50 3.16 1.134 1.360 1.584 1.762 1.957 2.175 2.322 2.460 2.627 2.834 2.919 2.959 2.996 3.028 2.987 2.971 2.960 2.920 2.820 2.726 2.644 2.740 2.740 1.875
7.50 3.98 1.125 1.350 1.573 1.751 1.945 2.162 2.309 2.447 2.615 2.823 2.909 2.949 2.986 3.019 2.977 2.962 2.951 2.911 2.809 2.715 2.632 2.727 2.727 1.862
7.50 5.01 1.114 1.337 1.560 1.736 1.930 2.146 2.292 2.430 2.599 2.809 2.896 2.936 2.973 3.006 2.966 2.951 2.940 2.899 2.797 2.702 2.618 2.710 2.710 1.847
7.50 6.31 1.100 1.322 1.544 1.719 1.912 2.126 2.272 2.410 2.581 2.792 2.880 2.921 2.958 2.991 2.952 2.937 2.927 2.885 2.782 2.686 2.601 2.690 2.690 1.829
7.50 7.94 1.083 1.304 1.524 1.699 1.890 2.103 2.248 2.386 2.558 2.771 2.860 2.902 2.939 2.973 2.935 2.919 2.910 2.868 2.764 2.666 2.581 2.666 2.666 1.808
7.50 10.00 1.063 1.282 1.501 1.674 1.864 2.075 2.219 2.358 2.531 2.746 2.836 2.878 2.915 2.950 2.913 2.898 2.889 2.847 2.743 2.643 2.556 2.637 2.637 1.782
7.50 12.59 1.040 1.256 1.474 1.646 1.834 2.042 2.185 2.324 2.499 2.716 2.807 2.850 2.886 2.922 2.887 2.872 2.864 2.822 2.716 2.615 2.527 2.603 2.603 1.751
7.50 15.85 1.012 1.226 1.442 1.612 1.798 2.004 2.145 2.284 2.460 2.680 2.772 2.815 2.852 2.888 2.855 2.840 2.833 2.791 2.685 2.581 2.492 2.562 2.562 1.715
7.50 19.95 0.979 1.190 1.404 1.572 1.757 1.960 2.099 2.238 2.415 2.636 2.730 2.774 2.810 2.847 2.815 2.801 2.795 2.753 2.647 2.541 2.451 2.515 2.515 1.672
7.50 25.12 0.941 1.149 1.360 1.526 1.709 1.908 2.046 2.185 2.363 2.585 2.680 2.724 2.759 2.797 2.768 2.754 2.750 2.707 2.602 2.494 2.402 2.460 2.460 1.623
7.50 31.62 0.897 1.101 1.310 1.474 1.654 1.850 1.986 2.123 2.302 2.525 2.621 2.666 2.700 2.738 2.710 2.697 2.695 2.653 2.548 2.438 2.345 2.396 2.396 1.566
7.50 39.81 0.846 1.046 1.252 1.413 1.590 1.783 1.917 2.053 2.232 2.455 2.552 2.597 2.630 2.669 2.643 2.629 2.629 2.588 2.484 2.373 2.279 2.324 2.324 1.501
7.50 50.12 0.787 0.982 1.186 1.344 1.519 1.706 1.839 1.973 2.151 2.374 2.471 2.516 2.548 2.588 2.564 2.550 2.552 2.512 2.410 2.297 2.202 2.242 2.242 1.428
7.50 63.10 0.718 0.909 1.110 1.265 1.436 1.620 1.750 1.883 2.059 2.281 2.378 2.424 2.455 2.495 2.473 2.459 2.463 2.425 2.324 2.210 2.115 2.150 2.150 1.345
7.50 79.43 0.639 0.825 1.022 1.174 1.342 1.521 1.649 1.779 1.953 2.174 2.271 2.318 2.348 2.390 2.369 2.355 2.362 2.325 2.226 2.111 2.018 2.049 2.049 1.254
7.50 100.00 0.546 0.727 0.921 1.070 1.235 1.408 1.533 1.662 1.833 2.051 2.149 2.198 2.228 2.271 2.253 2.239 2.248 2.213 2.117 2.001 1.909 1.938 1.938 1.155
7.50 125.89 0.437 0.613 0.804 0.949 1.110 1.279 1.401 1.527 1.694 1.910 2.009 2.061 2.091 2.138 2.123 2.110 2.122 2.089 1.997 1.880 1.790 1.817 1.817 1.046
7.50 158.49 0.308 0.479 0.666 0.808 0.966 1.129 1.249 1.371 1.535 1.748 1.848 1.906 1.937 1.990 1.979 1.967 1.984 1.954 1.865 1.747 1.660 1.687 1.687 0.930
7.50 199.53 0.155 0.320 0.504 0.642 0.796 0.954 1.071 1.190 1.349 1.560 1.663 1.729 1.763 1.824 1.820 1.810 1.833 1.806 1.722 1.604 1.519 1.548 1.548 0.805
7.50 251.19 -0.028 0.131 0.311 0.446 0.596 0.748 0.863 0.979 1.133 1.342 1.448 1.526 1.566 1.638 1.645 1.638 1.668 1.647 1.568 1.450 1.369 1.399 1.399 0.671
7.50 316.23 -0.249 -0.095 0.081 0.211 0.358 0.505 0.616 0.729 0.878 1.086 1.198 1.291 1.340 1.429 1.450 1.448 1.489 1.475 1.402 1.284 1.206 1.239 1.239 0.528
7.50 398.11 -0.518 -0.370 -0.197 -0.071 0.073 0.213 0.322 0.431 0.575 0.782 0.904 1.018 1.080 1.192 1.233 1.239 1.293 1.290 1.224 1.105 1.032 1.068 1.068 0.375
7.50 501.19 -0.846 -0.703 -0.534 -0.412 -0.273 -0.138 -0.032 0.073 0.212 0.421 0.555 0.697 0.778 0.921 0.988 1.006 1.078 1.088 1.032 0.913 0.844 0.884 0.884 0.210
7.50 630.96 -1.248 -1.111 -0.947 -0.828 -0.692 -0.563 -0.460 -0.359 -0.226 -0.013 0.138 0.318 0.424 0.608 0.711 0.745 0.841 0.869 0.823 0.705 0.640 0.684 0.684 0.030
7.50 794.33 -1.744 -1.613 -1.452 -1.337 -1.206 -1.083 -0.983 -0.885 -0.758 -0.538 -0.365 -0.136 0.004 0.243 0.393 0.449 0.575 0.627 0.596 0.477 0.417 0.466 0.466 -0.166
7.50 1000.00 -2.358 -2.233 -2.076 -1.965 -1.837 -1.720 -1.623 -1.529 -1.408 -1.178 -0.975 -0.682 -0.497 -0.188 0.024 0.109 0.275 0.358 0.344 0.226 0.171 0.224 0.224 -0.383
7.75 1.00 1.265 1.491 1.715 1.894 2.086 2.298 2.458 2.607 2.771 2.958 3.029 3.057 3.085 3.105 3.049 3.026 3.010 2.968 2.873 2.785 2.711 2.826 2.826 1.951
7.75 1.26 1.262 1.488 1.712 1.890 2.083 2.294 2.454 2.603 2.768 2.955 3.026 3.054 3.082 3.102 3.046 3.024 3.007 2.965 2.870 2.782 2.708 2.822 2.822 1.948
7.75 1.58 1.259 1.484 1.708 1.886 2.078 2.288 2.449 2.598 2.763 2.951 3.022 3.051 3.078 3.098 3.043 3.020 3.004 2.962 2.866 2.778 2.703 2.816 2.816 1.943
7.75 2.00 1.254 1.479 1.703 1.880 2.072 2.282 2.442 2.591 2.757 2.945 3.017 3.046 3.074 3.094 3.039 3.016 3.000 2.958 2.861 2.772 2.698 2.810 2.810 1.937
7.75 2.51 1.249 1.473 1.696 1.873 2.065 2.274 2.434 2.583 2.749 2.939 3.011 3.040 3.068 3.089 3.034 3.011 2.995 2.952 2.855 2.766 2.691 2.802 2.802 1.930
7.75 3.16 1.242 1.465 1.688 1.865 2.056 2.264 2.424 2.573 2.740 2.931 3.004 3.033 3.061 3.082 3.027 3.005 2.989 2.945 2.848 2.758 2.682 2.792 2.792 1.921
7.75 3.98 1.234 1.456 1.678 1.854 2.045 2.252 2.411 2.561 2.729 2.921 2.995 3.025 3.052 3.073 3.020 2.997 2.981 2.937 2.839 2.748 2.672 2.780 2.780 1.910
7.75 5.01 1.223 1.445 1.666 1.842 2.031 2.238 2.396 2.546 2.715 2.909 2.984 3.014 3.041 3.063 3.010 2.987 2.972 2.927 2.828 2.736 2.659 2.765 2.765 1.897
7.75 6.31 1.211 1.431 1.652 1.826 2.015 2.220 2.378 2.528 2.699 2.894 2.970 3.000 3.028 3.050 2.998 2.976 2.960 2.915 2.815 2.722 2.644 2.747 2.747 1.881
7.75 7.94 1.196 1.414 1.634 1.807 1.995 2.199 2.356 2.506 2.678 2.876 2.953 2.984 3.012 3.035 2.984 2.961 2.946 2.900 2.799 2.704 2.626 2.725 2.725 1.861
7.75 10.00 1.178 1.394 1.613 1.785 1.971 2.173 2.329 2.480 2.654 2.853 2.932 2.964 2.992 3.015 2.966 2.943 2.929 2.883 2.780 2.684 2.604 2.700 2.700 1.838
7.75 12.59 1.156 1.371 1.587 1.758 1.943 2.143 2.298 2.449 2.624 2.826 2.906 2.939 2.967 2.992 2.944 2.922 2.908 2.861 2.757 2.659 2.579 2.669 2.669 1.811
7.75 15.85 1.130 1.342 1.558 1.727 1.910 2.107 2.261 2.412 2.589 2.794 2.876 2.909 2.937 2.963 2.917 2.895 2.882 2.835 2.730 2.630 2.548 2.634 2.634 1.779
7.75 19.95 1.100 1.309 1.522 1.690 1.871 2.066 2.218 2.369 2.548 2.755 2.838 2.873 2.901 2.927 2.884 2.862 2.850 2.803 2.698 2.596 2.512 2.592 2.592 1.741
7.75 25.12 1.064 1.270 1.481 1.647 1.826 2.017 2.168 2.319 2.500 2.709 2.794 2.829 2.857 2.885 2.843 2.823 2.812 2.765 2.660 2.555 2.470 2.543 2.543 1.698
7.75 31.62 1.023 1.225 1.434 1.597 1.774 1.962 2.111 2.261 2.443 2.654 2.740 2.777 2.804 2.833 2.795 2.774 2.766 2.719 2.614 2.507 2.421 2.487 2.487 1.647
7.75 39.81 0.974 1.173 1.379 1.539 1.714 1.898 2.045 2.195 2.377 2.589 2.677 2.715 2.742 2.772 2.736 2.716 2.710 2.665 2.559 2.450 2.363 2.422 2.422 1.589
7.75 50.12 0.917 1.112 1.316 1.473 1.645 1.825 1.970 2.118 2.301 2.514 2.603 2.642 2.668 2.700 2.666 2.647 2.644 2.599 2.495 2.384 2.296 2.348 2.348 1.523
7.75 63.10 0.852 1.042 1.242 1.397 1.566 1.741 1.884 2.031 2.213 2.426 2.516 2.556 2.582 2.616 2.585 2.566 2.565 2.522 2.420 2.307 2.218 2.264 2.264 1.448
7.75 79.43 0.775 0.960 1.158 1.309 1.475 1.646 1.786 1.931 2.112 2.324 2.415 2.457 2.483 2.518 2.491 2.473 2.475 2.433 2.333 2.219 2.130 2.171 2.171 1.364
7.75 100.00 0.684 0.865 1.059 1.207 1.370 1.536 1.674 1.817 1.995 2.206 2.298 2.343 2.369 2.407 2.383 2.366 2.371 2.332 2.235 2.120 2.031 2.068 2.068 1.271
7.75 125.89 0.578 0.754 0.944 1.089 1.248 1.409 1.545 1.685 1.861 2.070 2.163 2.212 2.239 2.281 2.261 2.245 2.254 2.218 2.124 2.008 1.920 1.954 1.954 1.170
7.75 158.49 0.452 0.622 0.810 0.951 1.106 1.262 1.395 1.533 1.705 1.912 2.007 2.062 2.090 2.139 2.125 2.110 2.124 2.091 2.001 1.884 1.799 1.831 1.831 1.059
7.75 199.53 0.302 0.467 0.650 0.788 0.940 1.090 1.220 1.355 1.523 1.729 1.827 1.890 1.922 1.979 1.972 1.960 1.980 1.952 1.866 1.749 1.666 1.698 1.698 0.940
7.75 251.19 0.121 0.280 0.460 0.594 0.743 0.887 1.015 1.147 1.310 1.514 1.617 1.691 1.729 1.799 1.802 1.794 1.822 1.799 1.719 1.601 1.521 1.554 1.554 0.811
7.75 316.23 -0.098 0.056 0.232 0.363 0.507 0.646 0.771 0.899 1.058 1.261 1.370 1.460 1.507 1.594 1.613 1.610 1.648 1.634 1.559 1.441 1.365 1.400 1.400 0.672
7.75 398.11 -0.364 -0.215 -0.043 0.084 0.224 0.358 0.479 0.604 0.758 0.962 1.079 1.191 1.251 1.361 1.400 1.405 1.458 1.453 1.386 1.268 1.196 1.233 1.233 0.522
7.75 501.19 -0.689 -0.546 -0.378 -0.255 -0.118 0.010 0.128 0.250 0.398 0.603 0.734 0.873 0.953 1.094 1.159 1.176 1.247 1.256 1.199 1.080 1.012 1.053 1.053 0.361
7.75 630.96 -1.089 -0.952 -0.787 -0.668 -0.535 -0.413 -0.298 -0.180 -0.037 0.172 0.320 0.497 0.601 0.784 0.885 0.919 1.013 1.041 0.995 0.876 0.812 0.856 0.856 0.185
7.75 794.33 -1.582 -1.451 -1.290 -1.176 -1.046 -0.930 -0.817 -0.703 -0.566 -0.350 -0.180 0.046 0.185 0.422 0.571 0.626 0.751 0.802 0.771 0.652 0.592 0.641 0.641 -0.009
7.75 1000.00 -2.193 -2.068 -1.911 -1.800 -1.675 -1.565 -1.455 -1.345 -1.214 -0.987 -0.787 -0.497 -0.314 -0.006 0.205 0.289 0.454 0.536 0.523 0.404 0.349 0.402 0.402 -0.223
8.00 1.00 1.328 1.551 1.774 1.951 2.139 2.342 2.497 2.637 2.785 2.972 3.047 3.077 3.105 3.131 3.085 3.056 3.035 2.991 2.899 2.815 2.748 2.874 2.874 1.994
8.00 1.26 1.325 1.548 1.771 1.947 2.136 2.338 2.493 2.633 2.782 2.969 3.044 3.075 3.103 3.129 3.083 3.054 3.033 2.988 2.896 2.812 2.744 2.870 2.870 1.991
8.00 1.58 1.322 1.545 1.767 1.943 2.132 2.334 2.489 2.628 2.777 2.965 3.041 3.072 3.100 3.126 3.080 3.051 3.030 2.985 2.893 2.808 2.740 2.865 2.865 1.987
8.00 2.00 1.318 1.540 1.762 1.938 2.126 2.328 2.483 2.622 2.772 2.961 3.037 3.068 3.096 3.122 3.076 3.047 3.026 2.981 2.888 2.803 2.735 2.859 2.859 1.981
8.00 2.51 1.313 1.535 1.757 1.932 2.120 2.321 2.475 2.615 2.765 2.955 3.031 3.063 3.091 3.117 3.072 3.043 3.022 2.976 2.883 2.797 2.729 2.852 2.852 1.975
8.00 3.16 1.307 1.528 1.749 1.924 2.112 2.312 2.466 2.606 2.757 2.948 3.025 3.056 3.085 3.111 3.066 3.037 3.016 2.970 2.876 2.790 2.721 2.843 2.843 1.967
8.00 3.98 1.300 1.520 1.740 1.915 2.102 2.301 2.455 2.595 2.747 2.939 3.017 3.049 3.077 3.104 3.060 3.030 3.009 2.963 2.868 2.781 2.712 2.832 2.832 1.957
8.00 5.01 1.290 1.510 1.730 1.903 2.090 2.288 2.441 2.582 2.735 2.928 3.007 3.039 3.068 3.095 3.051 3.022 3.001 2.954 2.858 2.770 2.700 2.819 2.819 1.945
8.00 6.31 1.279 1.497 1.716 1.889 2.075 2.272 2.424 2.565 2.720 2.915 2.995 3.028 3.056 3.084 3.041 3.012 2.991 2.943 2.846 2.757 2.687 2.803 2.803 1.931
8.00 7.94 1.265 1.482 1.700 1.872 2.057 2.252 2.404 2.545 2.701 2.899 2.980 3.014 3.042 3.071 3.029 2.999 2.978 2.930 2.832 2.741 2.670 2.783 2.783 1.913
8.00 10.00 1.249 1.464 1.681 1.852 2.035 2.229 2.380 2.521 2.679 2.879 2.962 2.996 3.025 3.054 3.013 2.984 2.964 2.914 2.815 2.723 2.651 2.760 2.760 1.893
8.00 12.59 1.229 1.442 1.657 1.827 2.009 2.201 2.351 2.493 2.652 2.855 2.939 2.975 3.004 3.034 2.995 2.966 2.946 2.896 2.795 2.701 2.628 2.733 2.733 1.868
8.00 15.85 1.205 1.416 1.630 1.798 1.978 2.168 2.317 2.459 2.621 2.826 2.912 2.949 2.978 3.009 2.972 2.943 2.924 2.873 2.771 2.675 2.601 2.701 2.701 1.840
8.00 19.95 1.177 1.385 1.597 1.763 1.942 2.129 2.276 2.418 2.583 2.791 2.879 2.917 2.946 2.979 2.945 2.916 2.898 2.847 2.743 2.645 2.569 2.664 2.664 1.806
8.00 25.12 1.143 1.348 1.559 1.723 1.899 2.083 2.229 2.372 2.538 2.749 2.840 2.879 2.908 2.943 2.911 2.883 2.866 2.815 2.710 2.609 2.532 2.621 2.621 1.767
8.00 31.62 1.104 1.306 1.514 1.676 1.850 2.031 2.175 2.317 2.485 2.699 2.792 2.833 2.862 2.899 2.870 2.842 2.827 2.776 2.671 2.568 2.489 2.570 2.570 1.722
8.00 39.81 1.058 1.256 1.461 1.621 1.793 1.970 2.112 2.254 2.424 2.640 2.735 2.777 2.807 2.845 2.820 2.793 2.781 2.730 2.625 2.519 2.438 2.513 2.513 1.670
8.00 50.12 1.004 1.198 1.401 1.558 1.727 1.900 2.040 2.181 2.352 2.570 2.667 2.711 2.741 2.782 2.760 2.734 2.724 2.675 2.570 2.462 2.380 2.446 2.446 1.611
8.00 63.10 0.941 1.130 1.330 1.484 1.651 1.819 1.958 2.098 2.269 2.488 2.586 2.633 2.663 2.706 2.688 2.664 2.657 2.609 2.506 2.395 2.312 2.371 2.371 1.544
8.00 79.43 0.866 1.051 1.248 1.399 1.563 1.727 1.863 2.002 2.172 2.392 2.492 2.541 2.571 2.618 2.603 2.580 2.577 2.531 2.430 2.318 2.234 2.286 2.286 1.468
8.00 100.00 0.779 0.959 1.153 1.301 1.461 1.620 1.754 1.891 2.060 2.279 2.381 2.433 2.465 2.515 2.505 2.484 2.484 2.441 2.343 2.229 2.144 2.192 2.192 1.382
8.00 125.89 0.675 0.850 1.041 1.185 1.342 1.496 1.627 1.762 1.929 2.148 2.252 2.309 2.342 2.397 2.393 2.372 2.378 2.338 2.243 2.127 2.044 2.086 2.086 1.288
8.00 158.49 0.552 0.722 0.909 1.050 1.203 1.352 1.481 1.613 1.777 1.995 2.101 2.165 2.200 2.262 2.264 2.246 2.257 2.221 2.130 2.014 1.931 1.970 1.970 1.184
8.00 199.53 0.404 0.568 0.752 0.889 1.039 1.183 1.309 1.438 1.599 1.816 1.926 1.997 2.037 2.108 2.119 2.104 2.122 2.091 2.004 1.887 1.806 1.844 1.844 1.071
8.00 251.19 0.226 0.385 0.565 0.699 0.845 0.983 1.106 1.233 1.389 1.605 1.720 1.803 1.850 1.934 1.956 1.945 1.971 1.947 1.865 1.748 1.669 1.706 1.706 0.947
8.00 316.23 0.010 0.163 0.340 0.470 0.612 0.745 0.865 0.988 1.141 1.356 1.477 1.577 1.633 1.734 1.772 1.767 1.804 1.788 1.713 1.595 1.519 1.557 1.557 0.813
8.00 398.11 -0.254 -0.106 0.067 0.193 0.332 0.459 0.576 0.696 0.844 1.060 1.190 1.312 1.381 1.506 1.564 1.568 1.619 1.614 1.546 1.428 1.356 1.395 1.395 0.668
8.00 501.19 -0.576 -0.434 -0.265 -0.143 -0.008 0.113 0.228 0.344 0.487 0.705 0.848 0.998 1.086 1.243 1.328 1.344 1.414 1.422 1.364 1.245 1.177 1.219 1.219 0.510
8.00 630.96 -0.974 -0.837 -0.672 -0.554 -0.423 -0.307 -0.195 -0.083 0.054 0.277 0.437 0.625 0.738 0.936 1.058 1.090 1.184 1.211 1.164 1.046 0.982 1.027 1.027 0.338
8.00 794.33 -1.465 -1.334 -1.173 -1.058 -0.931 -0.821 -0.712 -0.603 -0.472 -0.243 -0.060 0.177 0.325 0.578 0.747 0.801 0.926 0.976 0.944 0.826 0.766 0.815 0.815 0.148
8.00 1000.00 -2.073 -1.948 -1.791 -1.681 -1.557 -1.454 -1.347 -1.242 -1.116 -0.877 -0.664 -0.363 -0.171 0.153 0.384 0.468 0.633 0.714 0.700 0.581 0.526 0.579 0.579 -0.064
