AbrahamsonEtAl2015SSlab as implemented in OpenQuake, distance is rhypo. Log10 hazard values in cgs units
          14 31 23 : nmag, ndist, nperiod
          10.000 7.500 6.000 5.000 4.000 3.000 2.500 2.000 1.500 1.000 0.750 0.600 0.500 0.400 0.300 0.250 0.200 0.150 0.100 0.075 0.050 0.020 PGA PGV
          0.740 0.740 0.740 0.740 0.740 0.740 0.740 0.740 0.740 0.740 0.740 0.740 0.740 0.740 0.740 0.740 0.740 0.740 0.740 0.740 0.740 0.740 0.740 0.740
4.75 1.00 -0.995 -0.767 -0.555 -0.384 -0.155 0.181 0.387 0.636 0.962 1.489 1.806 2.081 2.330 2.621 2.912 3.098 3.281 3.432 3.435 3.370 3.172 2.930 2.930 1.764
4.75 1.26 -1.007 -0.780 -0.568 -0.398 -0.169 0.165 0.371 0.620 0.944 1.470 1.784 2.057 2.305 2.594 2.883 3.067 3.249 3.398 3.402 3.336 3.139 2.898 2.898 1.730
4.75 1.58 -1.021 -0.795 -0.585 -0.414 -0.187 0.146 0.352 0.600 0.923 1.446 1.758 2.029 2.275 2.561 2.847 3.030 3.210 3.357 3.361 3.296 3.099 2.859 2.859 1.688
4.75 2.00 -1.038 -0.813 -0.604 -0.435 -0.208 0.124 0.329 0.575 0.897 1.417 1.727 1.995 2.238 2.521 2.804 2.985 3.163 3.308 3.312 3.246 3.051 2.812 2.812 1.638
4.75 2.51 -1.059 -0.836 -0.627 -0.459 -0.234 0.097 0.301 0.547 0.867 1.382 1.689 1.955 2.195 2.474 2.753 2.931 3.107 3.249 3.253 3.188 2.994 2.756 2.756 1.578
4.75 3.16 -1.083 -0.862 -0.654 -0.488 -0.263 0.065 0.268 0.513 0.831 1.342 1.645 1.907 2.143 2.419 2.693 2.868 3.041 3.181 3.184 3.119 2.927 2.691 2.691 1.508
4.75 3.98 -1.111 -0.892 -0.686 -0.521 -0.298 0.028 0.230 0.473 0.789 1.294 1.594 1.852 2.084 2.354 2.623 2.795 2.965 3.100 3.104 3.039 2.849 2.614 2.614 1.426
4.75 5.01 -1.144 -0.928 -0.723 -0.560 -0.339 -0.015 0.186 0.427 0.741 1.239 1.535 1.788 2.015 2.280 2.543 2.710 2.877 3.008 3.012 2.947 2.759 2.527 2.527 1.332
4.75 6.31 -1.182 -0.968 -0.766 -0.604 -0.385 -0.064 0.135 0.374 0.685 1.177 1.467 1.715 1.937 2.195 2.452 2.615 2.777 2.904 2.908 2.843 2.657 2.427 2.427 1.226
4.75 7.94 -1.224 -1.014 -0.814 -0.654 -0.437 -0.120 0.078 0.315 0.623 1.107 1.391 1.633 1.849 2.100 2.349 2.507 2.665 2.787 2.791 2.726 2.543 2.315 2.315 1.107
4.75 10.00 -1.272 -1.065 -0.867 -0.710 -0.496 -0.182 0.014 0.249 0.553 1.028 1.307 1.542 1.751 1.995 2.236 2.388 2.541 2.657 2.662 2.597 2.417 2.192 2.192 0.975
4.75 12.59 -1.325 -1.122 -0.927 -0.772 -0.560 -0.250 -0.056 0.176 0.476 0.942 1.213 1.442 1.644 1.880 2.112 2.258 2.406 2.516 2.521 2.456 2.279 2.057 2.057 0.830
4.75 15.85 -1.383 -1.184 -0.992 -0.840 -0.631 -0.325 -0.133 0.096 0.392 0.847 1.112 1.333 1.528 1.755 1.978 2.117 2.260 2.363 2.368 2.303 2.130 1.912 1.912 0.675
4.75 19.95 -1.447 -1.253 -1.064 -0.915 -0.709 -0.407 -0.217 0.009 0.300 0.745 1.002 1.216 1.402 1.621 1.834 1.967 2.103 2.200 2.205 2.140 1.971 1.757 1.757 0.509
4.75 25.12 -1.517 -1.327 -1.141 -0.996 -0.793 -0.496 -0.309 -0.085 0.201 0.635 0.884 1.090 1.269 1.478 1.681 1.807 1.938 2.028 2.033 1.968 1.802 1.592 1.592 0.333
4.75 31.62 -1.593 -1.408 -1.226 -1.083 -0.883 -0.592 -0.407 -0.187 0.095 0.516 0.758 0.956 1.127 1.327 1.520 1.639 1.763 1.846 1.853 1.787 1.626 1.420 1.420 0.148
4.75 39.81 -1.676 -1.496 -1.317 -1.178 -0.982 -0.695 -0.513 -0.296 -0.020 0.390 0.623 0.814 0.976 1.168 1.351 1.463 1.582 1.657 1.664 1.599 1.442 1.240 1.240 -0.044
4.75 50.12 -1.767 -1.592 -1.417 -1.281 -1.088 -0.807 -0.627 -0.414 -0.143 0.254 0.480 0.664 0.818 1.002 1.175 1.280 1.393 1.461 1.469 1.404 1.251 1.054 1.054 -0.243
4.75 63.10 -1.866 -1.697 -1.525 -1.393 -1.204 -0.928 -0.751 -0.542 -0.276 0.109 0.327 0.504 0.651 0.827 0.991 1.089 1.197 1.259 1.268 1.203 1.054 0.862 0.862 -0.449
4.75 79.43 -1.977 -1.813 -1.645 -1.517 -1.331 -1.061 -0.887 -0.681 -0.420 -0.048 0.162 0.335 0.475 0.644 0.801 0.892 0.995 1.051 1.061 0.996 0.852 0.664 0.664 -0.661
4.75 100.00 -2.100 -1.942 -1.777 -1.653 -1.471 -1.206 -1.035 -0.833 -0.578 -0.218 -0.014 0.154 0.288 0.453 0.602 0.688 0.786 0.836 0.849 0.783 0.644 0.461 0.461 -0.878
4.75 125.89 -2.239 -2.087 -1.926 -1.805 -1.627 -1.368 -1.199 -1.001 -0.752 -0.404 -0.206 -0.040 0.089 0.251 0.395 0.475 0.571 0.616 0.631 0.566 0.431 0.252 0.252 -1.101
4.75 158.49 -2.397 -2.251 -2.093 -1.977 -1.803 -1.549 -1.384 -1.189 -0.946 -0.609 -0.416 -0.251 -0.124 0.037 0.178 0.254 0.349 0.390 0.407 0.342 0.212 0.038 0.038 -1.330
4.75 199.53 -2.579 -2.439 -2.285 -2.172 -2.002 -1.755 -1.592 -1.401 -1.164 -0.838 -0.649 -0.480 -0.355 -0.192 -0.051 0.023 0.118 0.156 0.177 0.112 -0.013 -0.182 -0.182 -1.565
4.75 251.19 -2.791 -2.657 -2.507 -2.398 -2.232 -1.990 -1.830 -1.644 -1.412 -1.097 -0.909 -0.734 -0.607 -0.437 -0.293 -0.220 -0.122 -0.085 -0.059 -0.125 -0.245 -0.409 -0.409 -1.808
4.75 316.23 -3.041 -2.912 -2.767 -2.662 -2.499 -2.263 -2.107 -1.924 -1.698 -1.392 -1.203 -1.018 -0.885 -0.704 -0.552 -0.477 -0.374 -0.335 -0.304 -0.369 -0.485 -0.644 -0.644 -2.060
4.75 398.11 -3.338 -3.215 -3.074 -2.972 -2.814 -2.584 -2.430 -2.251 -2.031 -1.733 -1.541 -1.339 -1.197 -0.997 -0.831 -0.752 -0.641 -0.597 -0.559 -0.624 -0.734 -0.889 -0.889 -2.322
4.75 501.19 -3.694 -3.577 -3.440 -3.342 -3.188 -2.964 -2.813 -2.638 -2.424 -2.131 -1.932 -1.706 -1.549 -1.323 -1.136 -1.049 -0.924 -0.872 -0.825 -0.890 -0.996 -1.145 -1.145 -2.596
4.75 630.96 -4.125 -4.013 -3.880 -3.787 -3.636 -3.418 -3.270 -3.099 -2.891 -2.602 -2.391 -2.132 -1.953 -1.690 -1.473 -1.373 -1.229 -1.164 -1.106 -1.171 -1.271 -1.416 -1.416 -2.886
4.75 794.33 -4.648 -4.543 -4.414 -4.324 -4.178 -3.966 -3.821 -3.654 -3.452 -3.163 -2.935 -2.631 -2.421 -2.108 -1.849 -1.731 -1.560 -1.477 -1.405 -1.470 -1.565 -1.705 -1.705 -3.195
4.75 1000.00 -5.290 -5.191 -5.065 -4.980 -4.837 -4.631 -4.489 -4.326 -4.130 -3.838 -3.586 -3.222 -2.971 -2.591 -2.276 -2.131 -1.925 -1.816 -1.726 -1.791 -1.882 -2.016 -2.016 -3.528
5.00 1.00 -0.793 -0.567 -0.356 -0.186 0.036 0.354 0.550 0.786 1.096 1.604 1.908 2.174 2.417 2.699 2.982 3.163 3.342 3.488 3.491 3.425 3.228 2.988 2.988 1.826
5.00 1.26 -0.803 -0.578 -0.368 -0.199 0.023 0.340 0.535 0.771 1.080 1.586 1.889 2.153 2.394 2.675 2.956 3.135 3.313 3.457 3.460 3.394 3.198 2.958 2.958 1.795
5.00 1.58 -0.816 -0.592 -0.383 -0.214 0.007 0.323 0.518 0.753 1.061 1.564 1.865 2.128 2.366 2.645 2.923 3.101 3.277 3.420 3.423 3.357 3.162 2.923 2.923 1.757
5.00 2.00 -0.831 -0.609 -0.400 -0.232 -0.012 0.303 0.497 0.731 1.038 1.538 1.837 2.097 2.333 2.608 2.884 3.060 3.234 3.375 3.378 3.312 3.118 2.880 2.880 1.711
5.00 2.51 -0.850 -0.629 -0.421 -0.254 -0.035 0.278 0.471 0.705 1.010 1.506 1.803 2.060 2.293 2.565 2.837 3.011 3.183 3.321 3.324 3.259 3.066 2.829 2.829 1.656
5.00 3.16 -0.872 -0.652 -0.446 -0.281 -0.063 0.249 0.441 0.674 0.977 1.469 1.762 2.016 2.246 2.514 2.782 2.953 3.122 3.258 3.261 3.195 3.004 2.768 2.768 1.591
5.00 3.98 -0.898 -0.680 -0.475 -0.311 -0.095 0.215 0.406 0.637 0.939 1.425 1.715 1.965 2.191 2.455 2.717 2.885 3.051 3.183 3.186 3.121 2.931 2.698 2.698 1.516
5.00 5.01 -0.928 -0.713 -0.510 -0.347 -0.132 0.175 0.365 0.594 0.894 1.374 1.660 1.905 2.127 2.385 2.643 2.806 2.969 3.097 3.101 3.035 2.848 2.616 2.616 1.428
5.00 6.31 -0.962 -0.750 -0.549 -0.388 -0.175 0.130 0.319 0.546 0.842 1.316 1.597 1.837 2.054 2.306 2.557 2.716 2.876 3.000 3.003 2.937 2.752 2.523 2.523 1.328
5.00 7.94 -1.002 -0.793 -0.593 -0.435 -0.223 0.078 0.265 0.490 0.784 1.250 1.525 1.760 1.971 2.217 2.461 2.615 2.770 2.889 2.893 2.827 2.644 2.418 2.418 1.216
5.00 10.00 -1.046 -0.840 -0.644 -0.487 -0.278 0.020 0.205 0.428 0.718 1.176 1.445 1.674 1.878 2.117 2.353 2.502 2.653 2.766 2.770 2.704 2.525 2.301 2.301 1.091
5.00 12.59 -1.096 -0.894 -0.700 -0.546 -0.339 -0.045 0.139 0.359 0.645 1.094 1.357 1.579 1.777 2.008 2.235 2.378 2.524 2.631 2.635 2.570 2.393 2.172 2.172 0.953
5.00 15.85 -1.151 -0.953 -0.762 -0.610 -0.407 -0.117 0.065 0.283 0.565 1.004 1.260 1.475 1.665 1.888 2.106 2.244 2.384 2.485 2.489 2.424 2.250 2.033 2.033 0.804
5.00 19.95 -1.212 -1.018 -0.830 -0.681 -0.480 -0.195 -0.015 0.199 0.477 0.906 1.154 1.362 1.545 1.759 1.968 2.099 2.233 2.328 2.332 2.267 2.097 1.883 1.883 0.644
5.00 25.12 -1.279 -1.090 -0.904 -0.759 -0.561 -0.280 -0.103 0.109 0.382 0.800 1.041 1.241 1.416 1.621 1.820 1.944 2.073 2.161 2.166 2.100 1.934 1.725 1.725 0.474
5.00 31.62 -1.352 -1.167 -0.985 -0.843 -0.649 -0.372 -0.198 0.011 0.279 0.685 0.918 1.112 1.278 1.475 1.664 1.781 1.904 1.985 1.990 1.925 1.763 1.557 1.557 0.295
5.00 39.81 -1.432 -1.252 -1.073 -0.935 -0.744 -0.472 -0.300 -0.095 0.168 0.562 0.788 0.973 1.132 1.320 1.500 1.610 1.727 1.801 1.807 1.742 1.584 1.382 1.382 0.108
5.00 50.12 -1.519 -1.345 -1.170 -1.035 -0.847 -0.581 -0.411 -0.210 0.048 0.430 0.648 0.827 0.978 1.158 1.328 1.431 1.542 1.609 1.616 1.551 1.398 1.200 1.200 -0.087
5.00 63.10 -1.616 -1.448 -1.276 -1.144 -0.960 -0.699 -0.532 -0.334 -0.082 0.288 0.498 0.671 0.814 0.987 1.148 1.244 1.351 1.411 1.419 1.354 1.205 1.012 1.012 -0.288
5.00 79.43 -1.724 -1.561 -1.392 -1.264 -1.084 -0.829 -0.665 -0.470 -0.223 0.134 0.337 0.505 0.642 0.808 0.961 1.051 1.152 1.207 1.216 1.151 1.007 0.818 0.818 -0.495
5.00 100.00 -1.844 -1.687 -1.522 -1.398 -1.221 -0.971 -0.810 -0.619 -0.378 -0.033 0.164 0.327 0.458 0.620 0.766 0.850 0.948 0.996 1.008 0.942 0.803 0.619 0.619 -0.709
5.00 125.89 -1.980 -1.828 -1.667 -1.547 -1.374 -1.130 -0.972 -0.785 -0.549 -0.216 -0.025 0.136 0.262 0.421 0.562 0.641 0.736 0.779 0.793 0.728 0.593 0.414 0.414 -0.928
5.00 158.49 -2.136 -1.990 -1.833 -1.716 -1.547 -1.309 -1.153 -0.970 -0.740 -0.418 -0.232 -0.071 0.052 0.210 0.348 0.423 0.517 0.556 0.573 0.507 0.377 0.203 0.203 -1.154
5.00 199.53 -2.315 -2.175 -2.022 -1.909 -1.744 -1.511 -1.359 -1.179 -0.955 -0.644 -0.462 -0.298 -0.176 -0.015 0.123 0.195 0.289 0.326 0.346 0.281 0.155 -0.014 -0.014 -1.386
5.00 251.19 -2.525 -2.390 -2.241 -2.132 -1.971 -1.744 -1.594 -1.419 -1.200 -0.900 -0.719 -0.549 -0.425 -0.258 -0.117 -0.045 0.051 0.088 0.112 0.047 -0.073 -0.238 -0.238 -1.626
5.00 316.23 -2.772 -2.643 -2.498 -2.393 -2.236 -2.015 -1.868 -1.696 -1.484 -1.192 -1.011 -0.830 -0.700 -0.522 -0.373 -0.299 -0.198 -0.160 -0.130 -0.195 -0.311 -0.470 -0.470 -1.874
5.00 398.11 -3.067 -2.944 -2.802 -2.701 -2.548 -2.333 -2.189 -2.021 -1.814 -1.530 -1.346 -1.148 -1.009 -0.812 -0.649 -0.571 -0.461 -0.419 -0.381 -0.447 -0.557 -0.712 -0.712 -2.133
5.00 501.19 -3.420 -3.303 -3.166 -3.068 -2.919 -2.710 -2.569 -2.405 -2.204 -1.926 -1.735 -1.513 -1.359 -1.135 -0.951 -0.865 -0.742 -0.691 -0.645 -0.710 -0.816 -0.966 -0.966 -2.404
5.00 630.96 -3.848 -3.737 -3.603 -3.510 -3.365 -3.162 -3.023 -2.864 -2.669 -2.394 -2.191 -1.936 -1.760 -1.500 -1.285 -1.187 -1.044 -0.980 -0.923 -0.988 -1.089 -1.234 -1.234 -2.691
5.00 794.33 -4.369 -4.264 -4.135 -4.045 -3.904 -3.707 -3.572 -3.416 -3.227 -2.953 -2.732 -2.432 -2.226 -1.915 -1.659 -1.542 -1.372 -1.291 -1.219 -1.285 -1.380 -1.520 -1.520 -2.998
5.00 1000.00 -5.009 -4.909 -4.784 -4.698 -4.561 -4.370 -4.238 -4.086 -3.903 -3.626 -3.380 -3.021 -2.772 -2.396 -2.083 -1.940 -1.735 -1.627 -1.538 -1.603 -1.694 -1.829 -1.829 -3.328
5.25 1.00 -0.594 -0.370 -0.161 0.007 0.223 0.524 0.710 0.934 1.229 1.717 2.011 2.268 2.503 2.778 3.052 3.229 3.403 3.544 3.546 3.480 3.285 3.046 3.046 1.888
5.25 1.26 -0.603 -0.380 -0.172 -0.004 0.211 0.512 0.697 0.920 1.215 1.701 1.993 2.249 2.482 2.755 3.028 3.203 3.376 3.516 3.518 3.452 3.258 3.019 3.019 1.859
5.25 1.58 -0.615 -0.393 -0.185 -0.018 0.197 0.496 0.681 0.904 1.198 1.682 1.972 2.226 2.457 2.728 2.999 3.172 3.344 3.482 3.484 3.418 3.224 2.987 2.987 1.825
5.25 2.00 -0.629 -0.408 -0.201 -0.034 0.180 0.478 0.662 0.884 1.177 1.658 1.946 2.198 2.427 2.695 2.963 3.135 3.305 3.441 3.443 3.377 3.184 2.948 2.948 1.783
5.25 2.51 -0.645 -0.426 -0.220 -0.054 0.159 0.456 0.639 0.860 1.151 1.629 1.915 2.164 2.391 2.656 2.920 3.090 3.258 3.392 3.394 3.328 3.136 2.901 2.901 1.733
5.25 3.16 -0.665 -0.447 -0.243 -0.078 0.134 0.429 0.612 0.832 1.121 1.595 1.877 2.124 2.347 2.609 2.870 3.036 3.202 3.333 3.335 3.270 3.079 2.845 2.845 1.673
5.25 3.98 -0.689 -0.473 -0.269 -0.106 0.105 0.398 0.579 0.798 1.086 1.555 1.834 2.076 2.296 2.554 2.810 2.973 3.136 3.265 3.267 3.201 3.012 2.780 2.780 1.603
5.25 5.01 -0.716 -0.503 -0.301 -0.139 0.070 0.361 0.542 0.759 1.044 1.508 1.783 2.021 2.237 2.489 2.740 2.900 3.060 3.185 3.187 3.121 2.935 2.704 2.704 1.522
5.25 6.31 -0.748 -0.537 -0.337 -0.177 0.031 0.319 0.498 0.714 0.996 1.453 1.724 1.958 2.169 2.416 2.660 2.816 2.973 3.093 3.095 3.030 2.845 2.617 2.617 1.429
5.25 7.94 -0.785 -0.577 -0.378 -0.220 -0.015 0.271 0.448 0.662 0.942 1.391 1.657 1.886 2.091 2.332 2.570 2.721 2.873 2.989 2.992 2.926 2.744 2.518 2.518 1.323
5.25 10.00 -0.826 -0.621 -0.425 -0.269 -0.066 0.216 0.392 0.604 0.880 1.322 1.582 1.804 2.004 2.238 2.468 2.614 2.762 2.873 2.876 2.810 2.631 2.407 2.407 1.205
5.25 12.59 -0.873 -0.672 -0.478 -0.324 -0.123 0.155 0.329 0.538 0.811 1.244 1.498 1.714 1.907 2.133 2.356 2.497 2.640 2.745 2.748 2.682 2.505 2.285 2.285 1.074
5.25 15.85 -0.925 -0.727 -0.536 -0.386 -0.187 0.087 0.260 0.466 0.735 1.158 1.405 1.615 1.801 2.019 2.233 2.368 2.505 2.605 2.608 2.542 2.369 2.152 2.152 0.932
5.25 19.95 -0.982 -0.789 -0.601 -0.453 -0.258 0.013 0.183 0.386 0.651 1.064 1.304 1.507 1.685 1.896 2.100 2.228 2.361 2.454 2.457 2.391 2.222 2.008 2.008 0.778
5.25 25.12 -1.046 -0.857 -0.672 -0.527 -0.335 -0.069 0.099 0.300 0.560 0.962 1.195 1.390 1.561 1.763 1.958 2.079 2.206 2.292 2.296 2.231 2.065 1.855 1.855 0.614
5.25 31.62 -1.116 -0.932 -0.750 -0.608 -0.419 -0.158 0.008 0.205 0.461 0.852 1.077 1.265 1.428 1.621 1.806 1.921 2.042 2.122 2.126 2.061 1.899 1.693 1.693 0.440
5.25 39.81 -1.193 -1.014 -0.835 -0.697 -0.511 -0.254 -0.092 0.103 0.353 0.732 0.950 1.131 1.286 1.471 1.647 1.755 1.870 1.943 1.948 1.882 1.725 1.523 1.523 0.258
5.25 50.12 -1.278 -1.104 -0.929 -0.794 -0.611 -0.360 -0.200 -0.009 0.237 0.604 0.814 0.988 1.136 1.312 1.479 1.580 1.690 1.756 1.762 1.696 1.543 1.346 1.346 0.069
5.25 63.10 -1.372 -1.203 -1.031 -0.900 -0.721 -0.475 -0.317 -0.130 0.110 0.465 0.668 0.836 0.976 1.146 1.303 1.398 1.503 1.562 1.569 1.504 1.355 1.162 1.162 -0.128
5.25 79.43 -1.476 -1.313 -1.145 -1.017 -0.842 -0.601 -0.446 -0.263 -0.028 0.315 0.510 0.673 0.807 0.970 1.120 1.208 1.309 1.362 1.370 1.305 1.160 0.972 0.972 -0.331
5.25 100.00 -1.594 -1.436 -1.272 -1.148 -0.976 -0.741 -0.589 -0.409 -0.180 0.151 0.340 0.499 0.627 0.785 0.928 1.011 1.107 1.155 1.165 1.100 0.960 0.776 0.776 -0.541
5.25 125.89 -1.727 -1.576 -1.415 -1.294 -1.126 -0.897 -0.748 -0.572 -0.348 -0.029 0.154 0.311 0.434 0.589 0.728 0.806 0.899 0.942 0.954 0.889 0.753 0.574 0.574 -0.756
5.25 158.49 -1.880 -1.734 -1.577 -1.460 -1.296 -1.073 -0.926 -0.754 -0.536 -0.228 -0.050 0.106 0.227 0.382 0.517 0.591 0.683 0.722 0.737 0.672 0.541 0.367 0.367 -0.978
5.25 199.53 -2.057 -1.917 -1.764 -1.651 -1.490 -1.273 -1.129 -0.961 -0.749 -0.452 -0.277 -0.118 0.002 0.160 0.295 0.366 0.459 0.495 0.514 0.448 0.323 0.153 0.153 -1.207
5.25 251.19 -2.264 -2.130 -1.980 -1.871 -1.715 -1.503 -1.362 -1.198 -0.991 -0.705 -0.532 -0.366 -0.244 -0.080 0.059 0.129 0.224 0.260 0.283 0.217 0.097 -0.068 -0.068 -1.444
5.25 316.23 -2.509 -2.380 -2.235 -2.130 -1.977 -1.771 -1.633 -1.472 -1.272 -0.994 -0.821 -0.644 -0.517 -0.341 -0.195 -0.122 -0.022 0.015 0.044 -0.022 -0.137 -0.297 -0.297 -1.689
5.25 398.11 -2.800 -2.678 -2.536 -2.435 -2.286 -2.086 -1.951 -1.794 -1.600 -1.330 -1.153 -0.959 -0.823 -0.629 -0.468 -0.392 -0.282 -0.241 -0.205 -0.270 -0.381 -0.536 -0.536 -1.945
5.25 501.19 -3.151 -3.034 -2.897 -2.800 -2.655 -2.461 -2.329 -2.176 -1.987 -1.723 -1.539 -1.321 -1.170 -0.949 -0.768 -0.683 -0.560 -0.511 -0.465 -0.531 -0.637 -0.787 -0.787 -2.213
5.25 630.96 -3.577 -3.466 -3.332 -3.239 -3.098 -2.910 -2.781 -2.632 -2.449 -2.188 -1.992 -1.742 -1.568 -1.311 -1.099 -1.001 -0.860 -0.797 -0.741 -0.807 -0.908 -1.053 -1.053 -2.497
5.25 794.33 -4.096 -3.991 -3.861 -3.772 -3.635 -3.452 -3.326 -3.181 -3.005 -2.744 -2.531 -2.236 -2.031 -1.724 -1.470 -1.354 -1.186 -1.105 -1.034 -1.100 -1.196 -1.336 -1.336 -2.801
5.25 1000.00 -4.732 -4.633 -4.507 -4.422 -4.289 -4.113 -3.990 -3.849 -3.678 -3.415 -3.177 -2.822 -2.576 -2.202 -1.891 -1.750 -1.545 -1.439 -1.350 -1.416 -1.507 -1.642 -1.642 -3.128
5.50 1.00 -0.399 -0.178 0.030 0.197 0.407 0.692 0.867 1.080 1.361 1.830 2.113 2.361 2.589 2.856 3.123 3.294 3.464 3.600 3.601 3.535 3.341 3.104 3.104 1.950
5.50 1.26 -0.407 -0.187 0.020 0.187 0.396 0.680 0.856 1.068 1.348 1.816 2.097 2.344 2.571 2.836 3.101 3.271 3.440 3.575 3.576 3.510 3.317 3.080 3.080 1.924
5.50 1.58 -0.418 -0.198 0.008 0.174 0.383 0.667 0.841 1.053 1.333 1.798 2.077 2.323 2.548 2.811 3.074 3.243 3.410 3.544 3.545 3.479 3.287 3.050 3.050 1.893
5.50 2.00 -0.430 -0.211 -0.006 0.159 0.368 0.650 0.824 1.035 1.314 1.776 2.054 2.298 2.520 2.781 3.042 3.209 3.375 3.506 3.508 3.442 3.250 3.015 3.015 1.855
5.50 2.51 -0.445 -0.227 -0.023 0.141 0.349 0.630 0.803 1.013 1.291 1.750 2.026 2.267 2.487 2.745 3.003 3.167 3.332 3.461 3.463 3.397 3.206 2.972 2.972 1.809
5.50 3.16 -0.463 -0.247 -0.043 0.120 0.326 0.606 0.779 0.987 1.263 1.719 1.992 2.230 2.448 2.702 2.956 3.118 3.280 3.408 3.409 3.343 3.154 2.921 2.921 1.754
5.50 3.98 -0.484 -0.270 -0.068 0.094 0.299 0.577 0.749 0.957 1.231 1.682 1.951 2.187 2.401 2.651 2.901 3.060 3.220 3.344 3.346 3.280 3.092 2.861 2.861 1.690
5.50 5.01 -0.509 -0.297 -0.096 0.064 0.268 0.544 0.714 0.921 1.193 1.639 1.904 2.136 2.346 2.592 2.836 2.993 3.149 3.270 3.272 3.206 3.020 2.790 2.790 1.615
5.50 6.31 -0.539 -0.329 -0.130 0.029 0.231 0.505 0.674 0.879 1.148 1.588 1.850 2.077 2.282 2.523 2.762 2.914 3.068 3.185 3.186 3.120 2.936 2.709 2.709 1.528
5.50 7.94 -0.572 -0.366 -0.168 -0.011 0.189 0.460 0.628 0.830 1.097 1.531 1.787 2.009 2.209 2.444 2.677 2.825 2.974 3.087 3.089 3.023 2.841 2.616 2.616 1.428
5.50 10.00 -0.611 -0.407 -0.212 -0.057 0.141 0.409 0.575 0.776 1.039 1.465 1.716 1.933 2.127 2.356 2.581 2.725 2.870 2.978 2.979 2.913 2.735 2.512 2.512 1.317
5.50 12.59 -0.655 -0.454 -0.261 -0.109 0.087 0.351 0.516 0.714 0.974 1.392 1.637 1.847 2.036 2.257 2.475 2.613 2.753 2.856 2.858 2.792 2.616 2.396 2.396 1.193
5.50 15.85 -0.703 -0.507 -0.316 -0.166 0.027 0.287 0.450 0.646 0.902 1.310 1.549 1.753 1.934 2.148 2.358 2.490 2.625 2.722 2.725 2.658 2.486 2.269 2.269 1.057
5.50 19.95 -0.758 -0.566 -0.378 -0.230 -0.040 0.216 0.377 0.570 0.822 1.220 1.452 1.649 1.824 2.030 2.230 2.356 2.487 2.577 2.580 2.514 2.345 2.131 2.131 0.910
5.50 25.12 -0.818 -0.631 -0.446 -0.301 -0.114 0.138 0.297 0.487 0.735 1.122 1.347 1.537 1.704 1.902 2.093 2.213 2.338 2.422 2.425 2.359 2.193 1.984 1.984 0.752
5.50 31.62 -0.885 -0.702 -0.520 -0.379 -0.194 0.053 0.209 0.396 0.639 1.016 1.233 1.416 1.576 1.765 1.947 2.060 2.179 2.257 2.261 2.194 2.033 1.827 1.827 0.584
5.50 39.81 -0.959 -0.781 -0.602 -0.464 -0.283 -0.041 0.113 0.297 0.535 0.900 1.110 1.286 1.438 1.619 1.792 1.898 2.012 2.083 2.087 2.021 1.864 1.662 1.662 0.407
5.50 50.12 -1.041 -0.868 -0.693 -0.558 -0.380 -0.143 0.008 0.189 0.422 0.775 0.978 1.147 1.292 1.465 1.629 1.728 1.837 1.901 1.906 1.840 1.687 1.489 1.489 0.223
5.50 63.10 -1.132 -0.964 -0.792 -0.661 -0.487 -0.255 -0.106 0.071 0.299 0.640 0.835 0.999 1.136 1.302 1.457 1.550 1.654 1.711 1.718 1.652 1.503 1.310 1.310 0.030
5.50 79.43 -1.234 -1.071 -0.903 -0.776 -0.605 -0.378 -0.232 -0.059 0.164 0.493 0.681 0.840 0.970 1.130 1.278 1.365 1.463 1.515 1.523 1.457 1.312 1.124 1.124 -0.169
5.50 100.00 -1.349 -1.192 -1.027 -0.903 -0.736 -0.515 -0.372 -0.202 0.015 0.332 0.514 0.669 0.794 0.949 1.090 1.171 1.266 1.312 1.322 1.256 1.116 0.932 0.932 -0.374
5.50 125.89 -1.480 -1.328 -1.167 -1.047 -0.884 -0.668 -0.528 -0.362 -0.150 0.155 0.331 0.484 0.604 0.757 0.892 0.969 1.061 1.103 1.114 1.048 0.913 0.734 0.734 -0.586
5.50 158.49 -1.630 -1.484 -1.327 -1.210 -1.051 -0.841 -0.703 -0.541 -0.335 -0.041 0.130 0.282 0.400 0.552 0.685 0.758 0.849 0.886 0.901 0.835 0.704 0.530 0.530 -0.804
5.50 199.53 -1.804 -1.664 -1.511 -1.398 -1.242 -1.038 -0.904 -0.745 -0.545 -0.262 -0.094 0.061 0.179 0.333 0.466 0.536 0.627 0.662 0.681 0.615 0.489 0.319 0.319 -1.030
5.50 251.19 -2.008 -1.874 -1.725 -1.616 -1.464 -1.266 -1.134 -0.980 -0.785 -0.512 -0.345 -0.184 -0.065 0.096 0.233 0.302 0.396 0.430 0.453 0.387 0.266 0.101 0.101 -1.263
5.50 316.23 -2.250 -2.122 -1.976 -1.871 -1.723 -1.531 -1.402 -1.252 -1.063 -0.798 -0.632 -0.459 -0.335 -0.162 -0.018 0.054 0.153 0.189 0.217 0.151 0.035 -0.125 -0.125 -1.505
5.50 398.11 -2.540 -2.417 -2.275 -2.174 -2.030 -1.844 -1.718 -1.571 -1.388 -1.131 -0.961 -0.772 -0.638 -0.447 -0.289 -0.213 -0.105 -0.064 -0.029 -0.095 -0.206 -0.362 -0.362 -1.758
5.50 501.19 -2.888 -2.771 -2.634 -2.536 -2.396 -2.216 -2.093 -1.950 -1.773 -1.522 -1.344 -1.131 -0.982 -0.764 -0.585 -0.501 -0.380 -0.331 -0.287 -0.353 -0.459 -0.610 -0.610 -2.023
5.50 630.96 -3.311 -3.200 -3.066 -2.973 -2.837 -2.662 -2.542 -2.403 -2.232 -1.985 -1.796 -1.549 -1.378 -1.123 -0.914 -0.817 -0.677 -0.615 -0.559 -0.626 -0.727 -0.872 -0.872 -2.304
5.50 794.33 -3.827 -3.722 -3.592 -3.503 -3.371 -3.202 -3.085 -2.950 -2.785 -2.538 -2.332 -2.040 -1.839 -1.534 -1.282 -1.167 -1.000 -0.920 -0.850 -0.916 -1.013 -1.153 -1.153 -2.605
5.50 1000.00 -4.461 -4.362 -4.236 -4.151 -4.023 -3.860 -3.746 -3.615 -3.456 -3.206 -2.975 -2.624 -2.380 -2.009 -1.701 -1.560 -1.357 -1.251 -1.164 -1.230 -1.321 -1.457 -1.457 -2.930
5.75 1.00 -0.208 0.011 0.217 0.382 0.587 0.856 1.022 1.224 1.492 1.943 2.215 2.455 2.676 2.934 3.193 3.360 3.525 3.656 3.657 3.590 3.398 3.162 3.162 2.013
5.75 1.26 -0.215 0.003 0.209 0.374 0.577 0.846 1.012 1.213 1.480 1.930 2.200 2.439 2.659 2.916 3.173 3.339 3.503 3.633 3.634 3.567 3.376 3.141 3.141 1.990
5.75 1.58 -0.224 -0.007 0.198 0.363 0.566 0.834 0.999 1.200 1.466 1.914 2.183 2.420 2.638 2.894 3.149 3.313 3.477 3.605 3.606 3.540 3.349 3.114 3.114 1.961
5.75 2.00 -0.235 -0.019 0.185 0.349 0.552 0.819 0.984 1.183 1.449 1.894 2.161 2.397 2.613 2.867 3.120 3.282 3.444 3.571 3.572 3.506 3.315 3.082 3.082 1.926
5.75 2.51 -0.249 -0.033 0.170 0.333 0.535 0.801 0.965 1.164 1.428 1.870 2.136 2.369 2.583 2.834 3.084 3.245 3.405 3.530 3.531 3.464 3.275 3.043 3.043 1.885
5.75 3.16 -0.265 -0.051 0.151 0.313 0.514 0.779 0.942 1.140 1.403 1.842 2.105 2.335 2.547 2.794 3.041 3.200 3.358 3.481 3.482 3.415 3.227 2.996 2.996 1.835
5.75 3.98 -0.284 -0.072 0.129 0.290 0.490 0.753 0.915 1.112 1.373 1.808 2.068 2.295 2.504 2.748 2.991 3.146 3.302 3.423 3.423 3.357 3.170 2.940 2.940 1.775
5.75 5.01 -0.307 -0.097 0.103 0.263 0.461 0.722 0.884 1.079 1.338 1.768 2.024 2.248 2.453 2.693 2.931 3.084 3.237 3.354 3.355 3.288 3.104 2.875 2.875 1.705
5.75 6.31 -0.334 -0.126 0.073 0.230 0.427 0.686 0.846 1.040 1.297 1.721 1.974 2.194 2.394 2.629 2.862 3.011 3.161 3.274 3.275 3.209 3.026 2.799 2.799 1.624
5.75 7.94 -0.365 -0.160 0.037 0.193 0.388 0.644 0.804 0.996 1.250 1.668 1.915 2.131 2.326 2.555 2.782 2.927 3.074 3.183 3.184 3.118 2.937 2.713 2.713 1.532
5.75 10.00 -0.401 -0.198 -0.004 0.151 0.344 0.597 0.754 0.945 1.196 1.606 1.849 2.059 2.249 2.472 2.692 2.833 2.975 3.080 3.081 3.015 2.837 2.615 2.615 1.427
5.75 12.59 -0.441 -0.242 -0.050 0.102 0.293 0.543 0.699 0.887 1.135 1.537 1.774 1.978 2.162 2.379 2.592 2.727 2.865 2.965 2.966 2.900 2.724 2.505 2.505 1.310
5.75 15.85 -0.487 -0.292 -0.102 0.048 0.236 0.482 0.636 0.822 1.066 1.460 1.691 1.889 2.066 2.276 2.480 2.610 2.743 2.837 2.839 2.773 2.600 2.384 2.384 1.180
5.75 19.95 -0.539 -0.347 -0.160 -0.013 0.173 0.415 0.567 0.750 0.990 1.374 1.598 1.790 1.960 2.162 2.359 2.482 2.610 2.699 2.701 2.634 2.465 2.253 2.253 1.039
5.75 25.12 -0.596 -0.409 -0.225 -0.081 0.102 0.340 0.490 0.670 0.906 1.280 1.497 1.682 1.846 2.039 2.227 2.344 2.467 2.549 2.552 2.485 2.320 2.111 2.111 0.888
5.75 31.62 -0.660 -0.477 -0.296 -0.155 0.025 0.258 0.406 0.583 0.815 1.177 1.388 1.566 1.722 1.907 2.086 2.197 2.314 2.390 2.393 2.327 2.165 1.959 1.959 0.726
5.75 39.81 -0.731 -0.553 -0.375 -0.237 -0.060 0.168 0.314 0.487 0.714 1.066 1.269 1.440 1.588 1.766 1.936 2.040 2.152 2.221 2.225 2.159 2.001 1.799 1.799 0.554
5.75 50.12 -0.810 -0.637 -0.462 -0.328 -0.154 0.069 0.212 0.383 0.604 0.944 1.140 1.305 1.446 1.616 1.777 1.875 1.981 2.044 2.049 1.982 1.829 1.631 1.631 0.375
5.75 63.10 -0.898 -0.730 -0.559 -0.428 -0.258 -0.040 0.101 0.268 0.484 0.813 1.001 1.160 1.294 1.457 1.609 1.701 1.803 1.859 1.865 1.799 1.649 1.456 1.456 0.187
5.75 79.43 -0.997 -0.835 -0.667 -0.539 -0.373 -0.160 -0.022 0.141 0.353 0.669 0.850 1.004 1.132 1.289 1.434 1.519 1.617 1.667 1.674 1.608 1.463 1.274 1.274 -0.007
5.75 100.00 -1.109 -0.952 -0.788 -0.664 -0.501 -0.294 -0.159 0.001 0.207 0.511 0.686 0.837 0.959 1.112 1.250 1.329 1.423 1.468 1.477 1.411 1.270 1.086 1.086 -0.209
5.75 125.89 -1.237 -1.086 -0.925 -0.805 -0.646 -0.444 -0.312 -0.156 0.045 0.338 0.507 0.655 0.773 0.923 1.056 1.131 1.222 1.262 1.273 1.207 1.071 0.892 0.892 -0.417
5.75 158.49 -1.385 -1.239 -1.082 -0.966 -0.810 -0.614 -0.485 -0.332 -0.137 0.144 0.309 0.457 0.572 0.722 0.852 0.923 1.013 1.049 1.063 0.997 0.866 0.691 0.691 -0.631
5.75 199.53 -1.556 -1.416 -1.263 -1.151 -0.999 -0.808 -0.682 -0.533 -0.344 -0.073 0.088 0.239 0.353 0.505 0.636 0.705 0.795 0.829 0.846 0.780 0.654 0.484 0.484 -0.853
5.75 251.19 -1.758 -1.624 -1.475 -1.366 -1.218 -1.033 -0.910 -0.765 -0.582 -0.321 -0.161 -0.003 0.113 0.272 0.406 0.474 0.566 0.600 0.622 0.556 0.434 0.269 0.269 -1.083
5.75 316.23 -1.998 -1.869 -1.724 -1.619 -1.475 -1.296 -1.175 -1.034 -0.857 -0.605 -0.444 -0.276 -0.154 0.016 0.158 0.228 0.326 0.361 0.389 0.323 0.206 0.046 0.046 -1.322
5.75 398.11 -2.284 -2.161 -2.020 -1.919 -1.779 -1.606 -1.488 -1.351 -1.180 -0.935 -0.771 -0.586 -0.454 -0.266 -0.110 -0.035 0.072 0.111 0.146 0.080 -0.032 -0.188 -0.188 -1.572
5.75 501.19 -2.630 -2.513 -2.376 -2.278 -2.143 -1.975 -1.860 -1.727 -1.562 -1.323 -1.152 -0.942 -0.796 -0.580 -0.404 -0.321 -0.201 -0.153 -0.109 -0.176 -0.282 -0.433 -0.433 -1.834
5.75 630.96 -3.050 -2.939 -2.806 -2.713 -2.581 -2.419 -2.307 -2.178 -2.018 -1.783 -1.600 -1.358 -1.189 -0.937 -0.730 -0.634 -0.494 -0.434 -0.379 -0.445 -0.547 -0.693 -0.693 -2.112
5.75 794.33 -3.564 -3.459 -3.329 -3.240 -3.112 -2.957 -2.848 -2.722 -2.569 -2.334 -2.134 -1.846 -1.647 -1.344 -1.095 -0.982 -0.815 -0.736 -0.667 -0.733 -0.830 -0.971 -0.971 -2.410
5.75 1000.00 -4.195 -4.096 -3.971 -3.886 -3.762 -3.612 -3.506 -3.385 -3.237 -2.999 -2.774 -2.427 -2.186 -1.817 -1.511 -1.372 -1.169 -1.065 -0.978 -1.044 -1.136 -1.272 -1.272 -2.732
6.00 1.00 -0.020 0.197 0.401 0.565 0.763 1.018 1.176 1.366 1.621 2.055 2.316 2.548 2.762 3.013 3.264 3.425 3.586 3.713 3.713 3.646 3.456 3.221 3.221 2.076
6.00 1.26 -0.027 0.190 0.393 0.557 0.755 1.009 1.166 1.356 1.611 2.043 2.303 2.534 2.747 2.997 3.246 3.407 3.567 3.692 3.692 3.625 3.435 3.202 3.202 2.055
6.00 1.58 -0.035 0.181 0.384 0.547 0.745 0.998 1.155 1.345 1.598 2.029 2.288 2.517 2.728 2.977 3.224 3.384 3.543 3.667 3.667 3.600 3.411 3.178 3.178 2.029
6.00 2.00 -0.045 0.170 0.373 0.535 0.732 0.985 1.141 1.330 1.583 2.011 2.268 2.496 2.706 2.952 3.197 3.355 3.513 3.636 3.636 3.569 3.381 3.148 3.148 1.998
6.00 2.51 -0.057 0.157 0.359 0.520 0.717 0.968 1.124 1.312 1.564 1.989 2.245 2.471 2.678 2.922 3.165 3.321 3.477 3.599 3.598 3.532 3.344 3.113 3.113 1.960
6.00 3.16 -0.071 0.141 0.342 0.503 0.698 0.949 1.103 1.291 1.541 1.963 2.217 2.440 2.645 2.886 3.126 3.280 3.434 3.553 3.553 3.487 3.300 3.070 3.070 1.914
6.00 3.98 -0.089 0.122 0.322 0.481 0.676 0.925 1.079 1.265 1.514 1.932 2.183 2.403 2.605 2.843 3.079 3.231 3.383 3.500 3.500 3.433 3.248 3.019 3.019 1.859
6.00 5.01 -0.109 0.099 0.298 0.456 0.649 0.897 1.050 1.235 1.482 1.896 2.143 2.360 2.559 2.792 3.024 3.173 3.323 3.436 3.436 3.370 3.186 2.959 2.959 1.795
6.00 6.31 -0.134 0.073 0.270 0.427 0.619 0.863 1.015 1.199 1.444 1.853 2.096 2.309 2.504 2.733 2.960 3.105 3.252 3.363 3.363 3.296 3.114 2.888 2.888 1.720
6.00 7.94 -0.162 0.042 0.237 0.392 0.582 0.825 0.976 1.158 1.400 1.803 2.042 2.251 2.441 2.665 2.886 3.028 3.171 3.277 3.278 3.211 3.031 2.808 2.808 1.633
6.00 10.00 -0.196 0.006 0.199 0.353 0.541 0.781 0.930 1.110 1.350 1.745 1.979 2.183 2.368 2.587 2.802 2.939 3.078 3.180 3.181 3.114 2.937 2.716 2.716 1.535
6.00 12.59 -0.233 -0.035 0.156 0.308 0.494 0.730 0.878 1.056 1.292 1.680 1.909 2.107 2.287 2.499 2.707 2.839 2.974 3.072 3.072 3.006 2.831 2.612 2.612 1.424
6.00 15.85 -0.276 -0.082 0.107 0.256 0.440 0.673 0.819 0.995 1.228 1.607 1.830 2.023 2.196 2.401 2.601 2.728 2.859 2.951 2.952 2.885 2.713 2.498 2.498 1.301
6.00 19.95 -0.325 -0.134 0.052 0.199 0.380 0.609 0.753 0.926 1.155 1.525 1.742 1.929 2.095 2.293 2.485 2.606 2.732 2.818 2.820 2.753 2.584 2.372 2.372 1.167
6.00 25.12 -0.379 -0.193 -0.009 0.135 0.313 0.538 0.680 0.850 1.075 1.435 1.646 1.825 1.985 2.175 2.359 2.474 2.595 2.675 2.677 2.610 2.445 2.236 2.236 1.021
6.00 31.62 -0.440 -0.258 -0.077 0.064 0.239 0.459 0.599 0.767 0.987 1.337 1.540 1.713 1.866 2.048 2.223 2.331 2.447 2.521 2.523 2.457 2.295 2.090 2.090 0.865
6.00 39.81 -0.508 -0.331 -0.153 -0.015 0.157 0.373 0.510 0.675 0.890 1.229 1.425 1.592 1.737 1.911 2.077 2.180 2.290 2.358 2.361 2.294 2.137 1.935 1.935 0.700
6.00 50.12 -0.584 -0.412 -0.237 -0.103 0.066 0.277 0.412 0.573 0.784 1.111 1.300 1.461 1.599 1.766 1.923 2.019 2.124 2.186 2.190 2.123 1.969 1.772 1.772 0.525
6.00 63.10 -0.670 -0.502 -0.331 -0.200 -0.034 0.171 0.304 0.462 0.667 0.983 1.165 1.320 1.451 1.611 1.760 1.850 1.950 2.006 2.011 1.944 1.795 1.602 1.602 0.343
6.00 79.43 -0.766 -0.604 -0.436 -0.309 -0.146 0.054 0.184 0.338 0.539 0.843 1.018 1.168 1.293 1.447 1.589 1.673 1.769 1.818 1.824 1.758 1.613 1.424 1.424 0.153
6.00 100.00 -0.875 -0.718 -0.554 -0.430 -0.272 -0.077 0.050 0.201 0.396 0.688 0.857 1.003 1.123 1.273 1.408 1.487 1.579 1.623 1.631 1.564 1.424 1.240 1.240 -0.044
6.00 125.89 -1.000 -0.849 -0.689 -0.568 -0.414 -0.224 -0.100 0.047 0.237 0.518 0.681 0.825 0.940 1.087 1.218 1.292 1.382 1.421 1.431 1.365 1.229 1.049 1.049 -0.248
6.00 158.49 -1.145 -0.999 -0.843 -0.726 -0.575 -0.391 -0.270 -0.126 0.058 0.327 0.486 0.630 0.743 0.889 1.017 1.087 1.176 1.211 1.225 1.158 1.027 0.852 0.852 -0.459
6.00 199.53 -1.314 -1.174 -1.021 -0.909 -0.761 -0.583 -0.464 -0.325 -0.146 0.113 0.268 0.415 0.527 0.676 0.804 0.872 0.961 0.994 1.011 0.944 0.818 0.648 0.648 -0.678
6.00 251.19 -1.513 -1.379 -1.230 -1.121 -0.978 -0.805 -0.689 -0.553 -0.381 -0.132 0.022 0.176 0.290 0.446 0.577 0.645 0.736 0.768 0.790 0.723 0.602 0.436 0.436 -0.904
6.00 316.23 -1.750 -1.621 -1.476 -1.371 -1.232 -1.065 -0.952 -0.820 -0.653 -0.413 -0.259 -0.094 0.025 0.193 0.333 0.402 0.499 0.533 0.560 0.493 0.376 0.216 0.216 -1.140
6.00 398.11 -2.034 -1.911 -1.770 -1.669 -1.533 -1.372 -1.262 -1.134 -0.973 -0.741 -0.583 -0.401 -0.272 -0.086 0.068 0.141 0.247 0.286 0.320 0.253 0.141 -0.014 -0.014 -1.386
6.00 501.19 -2.377 -2.260 -2.123 -2.026 -1.894 -1.739 -1.632 -1.508 -1.353 -1.126 -0.961 -0.755 -0.611 -0.398 -0.223 -0.142 -0.022 0.024 0.068 0.001 -0.106 -0.257 -0.257 -1.646
6.00 630.96 -2.795 -2.684 -2.550 -2.457 -2.329 -2.180 -2.076 -1.956 -1.807 -1.583 -1.407 -1.168 -1.002 -0.751 -0.546 -0.452 -0.313 -0.254 -0.199 -0.266 -0.368 -0.514 -0.514 -1.921
6.00 794.33 -3.306 -3.201 -3.072 -2.982 -2.858 -2.715 -2.614 -2.498 -2.355 -2.132 -1.937 -1.654 -1.457 -1.156 -0.910 -0.797 -0.631 -0.553 -0.485 -0.551 -0.649 -0.790 -0.790 -2.216
6.00 1000.00 -3.935 -3.836 -3.711 -3.625 -3.505 -3.368 -3.270 -3.158 -3.020 -2.794 -2.575 -2.232 -1.993 -1.626 -1.323 -1.184 -0.983 -0.879 -0.793 -0.859 -0.952 -1.088 -1.088 -2.535
6.25 1.00 0.164 0.379 0.581 0.743 0.937 1.178 1.326 1.507 1.750 2.167 2.418 2.642 2.849 3.092 3.335 3.492 3.648 3.770 3.769 3.702 3.513 3.281 3.281 2.140
6.25 1.26 0.158 0.372 0.574 0.736 0.929 1.170 1.318 1.498 1.741 2.156 2.406 2.629 2.835 3.077 3.319 3.475 3.631 3.751 3.750 3.684 3.495 3.263 3.263 2.121
6.25 1.58 0.151 0.364 0.566 0.727 0.920 1.160 1.308 1.488 1.729 2.143 2.392 2.614 2.818 3.059 3.299 3.454 3.609 3.728 3.728 3.661 3.473 3.241 3.241 2.097
6.25 2.00 0.142 0.355 0.556 0.717 0.908 1.148 1.295 1.474 1.715 2.127 2.375 2.595 2.798 3.037 3.275 3.428 3.582 3.700 3.699 3.633 3.446 3.215 3.215 2.069
6.25 2.51 0.132 0.343 0.543 0.704 0.895 1.133 1.280 1.458 1.698 2.107 2.353 2.572 2.773 3.010 3.245 3.397 3.549 3.666 3.665 3.599 3.412 3.182 3.182 2.034
6.25 3.16 0.118 0.329 0.528 0.688 0.878 1.115 1.261 1.439 1.678 2.084 2.328 2.544 2.743 2.977 3.210 3.360 3.510 3.625 3.624 3.557 3.372 3.143 3.143 1.992
6.25 3.98 0.103 0.311 0.510 0.668 0.858 1.093 1.239 1.416 1.653 2.055 2.297 2.510 2.706 2.937 3.167 3.315 3.463 3.576 3.575 3.508 3.324 3.097 3.097 1.942
6.25 5.01 0.084 0.291 0.488 0.646 0.834 1.067 1.212 1.388 1.623 2.022 2.260 2.470 2.663 2.891 3.116 3.261 3.407 3.517 3.517 3.450 3.267 3.041 3.041 1.883
6.25 6.31 0.062 0.266 0.463 0.618 0.805 1.037 1.181 1.355 1.588 1.982 2.217 2.423 2.613 2.836 3.057 3.199 3.342 3.449 3.448 3.382 3.201 2.976 2.976 1.814
6.25 7.94 0.035 0.238 0.433 0.587 0.772 1.001 1.144 1.317 1.548 1.936 2.166 2.369 2.554 2.772 2.988 3.126 3.266 3.370 3.369 3.302 3.123 2.901 2.901 1.733
6.25 10.00 0.005 0.205 0.398 0.550 0.733 0.960 1.101 1.272 1.501 1.882 2.108 2.306 2.486 2.699 2.909 3.043 3.180 3.279 3.279 3.212 3.035 2.815 2.815 1.641
6.25 12.59 -0.030 0.166 0.357 0.508 0.689 0.913 1.053 1.222 1.447 1.821 2.042 2.235 2.410 2.617 2.820 2.949 3.082 3.176 3.176 3.109 2.935 2.717 2.717 1.537
6.25 15.85 -0.071 0.123 0.312 0.460 0.639 0.859 0.997 1.164 1.386 1.752 1.967 2.155 2.324 2.524 2.720 2.844 2.972 3.062 3.062 2.995 2.824 2.609 2.609 1.421
6.25 19.95 -0.116 0.074 0.260 0.406 0.582 0.799 0.935 1.099 1.318 1.674 1.884 2.065 2.228 2.421 2.609 2.728 2.852 2.936 2.936 2.870 2.701 2.489 2.489 1.293
6.25 25.12 -0.168 0.018 0.202 0.345 0.519 0.731 0.866 1.027 1.241 1.589 1.792 1.967 2.123 2.309 2.488 2.601 2.720 2.798 2.800 2.733 2.568 2.359 2.359 1.153
6.25 31.62 -0.226 -0.044 0.136 0.277 0.448 0.656 0.788 0.947 1.157 1.494 1.690 1.859 2.008 2.186 2.358 2.464 2.578 2.651 2.652 2.585 2.424 2.219 2.219 1.003
6.25 39.81 -0.291 -0.114 0.064 0.201 0.369 0.573 0.703 0.858 1.064 1.390 1.579 1.741 1.884 2.055 2.217 2.318 2.427 2.493 2.495 2.428 2.271 2.069 2.069 0.843
6.25 50.12 -0.364 -0.192 -0.017 0.117 0.281 0.480 0.608 0.760 0.961 1.276 1.458 1.614 1.750 1.913 2.068 2.162 2.266 2.326 2.329 2.262 2.109 1.911 1.911 0.674
6.25 63.10 -0.446 -0.279 -0.108 0.022 0.184 0.378 0.503 0.652 0.847 1.151 1.327 1.477 1.606 1.763 1.909 1.998 2.097 2.150 2.155 2.088 1.938 1.745 1.745 0.497
6.25 79.43 -0.540 -0.378 -0.210 -0.083 0.075 0.264 0.386 0.532 0.722 1.014 1.183 1.329 1.451 1.603 1.742 1.824 1.919 1.967 1.973 1.906 1.761 1.572 1.572 0.311
6.25 100.00 -0.646 -0.490 -0.326 -0.202 -0.048 0.136 0.255 0.397 0.583 0.863 1.026 1.168 1.285 1.432 1.565 1.642 1.734 1.776 1.784 1.717 1.576 1.392 1.392 0.119
6.25 125.89 -0.769 -0.618 -0.457 -0.337 -0.186 -0.008 0.108 0.247 0.426 0.696 0.853 0.993 1.106 1.251 1.379 1.451 1.540 1.578 1.588 1.521 1.385 1.205 1.205 -0.081
6.25 158.49 -0.911 -0.765 -0.609 -0.492 -0.345 -0.173 -0.059 0.076 0.250 0.508 0.661 0.801 0.912 1.056 1.181 1.250 1.338 1.372 1.385 1.318 1.187 1.012 1.012 -0.289
6.25 199.53 -1.077 -0.937 -0.784 -0.672 -0.528 -0.362 -0.250 -0.120 0.049 0.297 0.446 0.589 0.699 0.846 0.972 1.039 1.126 1.158 1.175 1.108 0.981 0.811 0.811 -0.503
6.25 251.19 -1.274 -1.139 -0.990 -0.882 -0.742 -0.581 -0.473 -0.346 -0.183 0.055 0.203 0.353 0.465 0.619 0.748 0.814 0.904 0.936 0.957 0.890 0.768 0.602 0.602 -0.726
6.25 316.23 -1.508 -1.379 -1.234 -1.129 -0.994 -0.838 -0.733 -0.610 -0.453 -0.224 -0.075 0.086 0.203 0.369 0.507 0.574 0.670 0.704 0.730 0.663 0.546 0.385 0.385 -0.959
6.25 398.11 -1.789 -1.667 -1.525 -1.424 -1.292 -1.143 -1.040 -0.921 -0.770 -0.548 -0.396 -0.218 -0.091 0.093 0.244 0.317 0.422 0.459 0.493 0.426 0.314 0.158 0.158 -1.202
6.25 501.19 -2.130 -2.013 -1.876 -1.779 -1.651 -1.507 -1.407 -1.292 -1.147 -0.931 -0.772 -0.569 -0.427 -0.217 -0.044 0.037 0.155 0.201 0.243 0.177 0.069 -0.082 -0.082 -1.459
6.25 630.96 -2.545 -2.434 -2.301 -2.207 -2.083 -1.946 -1.849 -1.737 -1.598 -1.386 -1.215 -0.979 -0.815 -0.567 -0.364 -0.271 -0.133 -0.075 -0.021 -0.088 -0.190 -0.336 -0.336 -1.731
6.25 794.33 -3.054 -2.949 -2.819 -2.730 -2.610 -2.478 -2.384 -2.277 -2.143 -1.931 -1.743 -1.462 -1.268 -0.970 -0.725 -0.613 -0.448 -0.371 -0.303 -0.370 -0.468 -0.609 -0.609 -2.023
6.25 1000.00 -3.680 -3.581 -3.456 -3.370 -3.254 -3.128 -3.037 -2.934 -2.806 -2.591 -2.378 -2.038 -1.801 -1.437 -1.135 -0.998 -0.797 -0.694 -0.609 -0.675 -0.768 -0.904 -0.904 -2.339
6.50 1.00 0.345 0.557 0.758 0.918 1.106 1.335 1.475 1.646 1.877 2.278 2.520 2.736 2.936 3.172 3.407 3.558 3.711 3.828 3.826 3.759 3.572 3.341 3.341 2.204
6.50 1.26 0.340 0.551 0.752 0.912 1.100 1.327 1.468 1.638 1.869 2.268 2.509 2.724 2.923 3.158 3.392 3.543 3.695 3.811 3.809 3.742 3.555 3.325 3.325 2.187
6.50 1.58 0.333 0.544 0.744 0.904 1.092 1.318 1.458 1.629 1.859 2.257 2.496 2.710 2.908 3.142 3.374 3.524 3.675 3.790 3.789 3.721 3.535 3.305 3.305 2.166
6.50 2.00 0.325 0.536 0.735 0.895 1.081 1.308 1.447 1.617 1.846 2.242 2.481 2.693 2.890 3.122 3.352 3.501 3.651 3.765 3.763 3.696 3.510 3.281 3.281 2.140
6.50 2.51 0.316 0.525 0.724 0.883 1.069 1.294 1.433 1.602 1.831 2.225 2.461 2.672 2.867 3.097 3.326 3.473 3.621 3.734 3.732 3.665 3.480 3.252 3.252 2.109
6.50 3.16 0.304 0.512 0.710 0.868 1.054 1.278 1.416 1.585 1.812 2.203 2.438 2.647 2.840 3.067 3.293 3.438 3.585 3.696 3.695 3.628 3.444 3.216 3.216 2.070
6.50 3.98 0.290 0.497 0.694 0.851 1.035 1.258 1.396 1.564 1.790 2.177 2.410 2.616 2.806 3.031 3.254 3.397 3.542 3.651 3.650 3.582 3.400 3.173 3.173 2.025
6.50 5.01 0.273 0.478 0.674 0.830 1.014 1.235 1.372 1.538 1.763 2.146 2.376 2.579 2.767 2.988 3.207 3.348 3.491 3.597 3.596 3.529 3.348 3.123 3.123 1.970
6.50 6.31 0.252 0.456 0.651 0.805 0.988 1.207 1.343 1.508 1.731 2.110 2.336 2.536 2.720 2.938 3.153 3.291 3.431 3.534 3.533 3.466 3.286 3.063 3.063 1.906
6.50 7.94 0.228 0.429 0.623 0.776 0.957 1.174 1.309 1.473 1.693 2.067 2.289 2.486 2.666 2.879 3.089 3.223 3.360 3.460 3.459 3.392 3.214 2.993 2.993 1.831
6.50 10.00 0.200 0.399 0.591 0.742 0.921 1.136 1.270 1.432 1.649 2.017 2.235 2.427 2.603 2.811 3.015 3.146 3.279 3.376 3.375 3.308 3.132 2.912 2.912 1.745
6.50 12.59 0.168 0.363 0.553 0.703 0.880 1.092 1.224 1.384 1.599 1.960 2.173 2.360 2.531 2.733 2.931 3.057 3.187 3.279 3.279 3.211 3.038 2.821 2.821 1.648
6.50 15.85 0.130 0.323 0.511 0.658 0.833 1.041 1.172 1.330 1.542 1.895 2.103 2.285 2.449 2.645 2.837 2.958 3.084 3.171 3.171 3.104 2.933 2.718 2.718 1.538
6.50 19.95 0.088 0.276 0.462 0.607 0.779 0.984 1.113 1.269 1.477 1.821 2.024 2.200 2.359 2.548 2.732 2.848 2.969 3.051 3.051 2.984 2.816 2.605 2.605 1.416
6.50 25.12 0.039 0.224 0.407 0.549 0.719 0.920 1.047 1.200 1.404 1.739 1.936 2.106 2.258 2.440 2.616 2.727 2.844 2.920 2.920 2.853 2.689 2.481 2.481 1.283
6.50 31.62 -0.016 0.165 0.345 0.484 0.652 0.848 0.973 1.124 1.324 1.649 1.838 2.002 2.148 2.323 2.491 2.596 2.708 2.778 2.779 2.712 2.551 2.346 2.346 1.139
6.50 39.81 -0.078 0.098 0.275 0.412 0.576 0.768 0.891 1.038 1.234 1.549 1.731 1.889 2.028 2.196 2.355 2.454 2.561 2.626 2.627 2.560 2.403 2.202 2.202 0.985
6.50 50.12 -0.149 0.023 0.197 0.331 0.492 0.679 0.800 0.944 1.135 1.438 1.614 1.767 1.899 2.059 2.211 2.303 2.406 2.464 2.467 2.399 2.246 2.049 2.049 0.822
6.50 63.10 -0.228 -0.062 0.109 0.240 0.397 0.580 0.698 0.839 1.025 1.317 1.486 1.633 1.759 1.913 2.057 2.144 2.241 2.293 2.297 2.230 2.081 1.888 1.888 0.649
6.50 79.43 -0.319 -0.157 0.010 0.137 0.291 0.469 0.584 0.722 0.902 1.184 1.346 1.489 1.608 1.757 1.893 1.975 2.068 2.115 2.120 2.053 1.908 1.719 1.719 0.468
6.50 100.00 -0.423 -0.266 -0.103 0.021 0.172 0.344 0.457 0.591 0.766 1.036 1.193 1.331 1.446 1.590 1.721 1.797 1.887 1.928 1.935 1.868 1.727 1.543 1.543 0.280
6.50 125.89 -0.542 -0.391 -0.231 -0.111 0.036 0.203 0.313 0.443 0.613 0.872 1.023 1.160 1.270 1.412 1.538 1.609 1.697 1.734 1.743 1.676 1.540 1.360 1.360 0.084
6.50 158.49 -0.682 -0.536 -0.380 -0.264 -0.120 0.041 0.148 0.275 0.440 0.687 0.834 0.971 1.079 1.221 1.344 1.412 1.498 1.532 1.544 1.477 1.345 1.170 1.170 -0.119
6.50 199.53 -0.845 -0.706 -0.553 -0.440 -0.301 -0.145 -0.041 0.082 0.241 0.478 0.622 0.762 0.870 1.015 1.138 1.204 1.290 1.322 1.337 1.270 1.143 0.973 0.973 -0.330
6.50 251.19 -1.039 -0.905 -0.756 -0.648 -0.512 -0.362 -0.260 -0.141 0.012 0.240 0.382 0.529 0.638 0.790 0.917 0.982 1.072 1.102 1.123 1.055 0.933 0.768 0.768 -0.550
6.50 316.23 -1.271 -1.143 -0.997 -0.893 -0.760 -0.616 -0.517 -0.402 -0.255 -0.036 0.107 0.265 0.380 0.544 0.679 0.746 0.841 0.873 0.899 0.832 0.714 0.553 0.553 -0.779
6.50 398.11 -1.550 -1.427 -1.286 -1.185 -1.057 -0.918 -0.822 -0.711 -0.569 -0.358 -0.211 -0.037 0.088 0.270 0.420 0.491 0.595 0.632 0.665 0.598 0.485 0.329 0.329 -1.019
6.50 501.19 -1.888 -1.771 -1.634 -1.537 -1.412 -1.280 -1.187 -1.079 -0.943 -0.738 -0.584 -0.385 -0.245 -0.036 0.134 0.214 0.331 0.377 0.418 0.351 0.244 0.092 0.092 -1.272
6.50 630.96 -2.300 -2.190 -2.056 -1.963 -1.842 -1.716 -1.626 -1.522 -1.392 -1.190 -1.024 -0.792 -0.630 -0.384 -0.183 -0.091 0.046 0.104 0.157 0.090 -0.013 -0.159 -0.159 -1.541
6.50 794.33 -2.806 -2.702 -2.572 -2.483 -2.366 -2.245 -2.158 -2.059 -1.935 -1.733 -1.550 -1.273 -1.080 -0.784 -0.541 -0.430 -0.266 -0.190 -0.123 -0.190 -0.288 -0.429 -0.429 -1.830
6.50 1000.00 -3.430 -3.331 -3.206 -3.121 -3.008 -2.893 -2.809 -2.713 -2.595 -2.390 -2.182 -1.846 -1.611 -1.249 -0.949 -0.812 -0.613 -0.510 -0.425 -0.492 -0.585 -0.722 -0.722 -2.143
6.75 1.00 0.522 0.732 0.931 1.090 1.273 1.489 1.622 1.784 2.004 2.389 2.621 2.829 3.023 3.251 3.479 3.626 3.773 3.886 3.884 3.816 3.631 3.402 3.402 2.269
6.75 1.26 0.518 0.727 0.926 1.084 1.267 1.482 1.615 1.777 1.997 2.380 2.612 2.819 3.012 3.239 3.466 3.612 3.759 3.871 3.869 3.801 3.616 3.388 3.388 2.254
6.75 1.58 0.512 0.720 0.919 1.077 1.260 1.474 1.607 1.768 1.987 2.370 2.600 2.807 2.998 3.225 3.450 3.595 3.741 3.852 3.850 3.782 3.598 3.370 3.370 2.235
6.75 2.00 0.505 0.713 0.911 1.069 1.251 1.465 1.597 1.757 1.976 2.357 2.586 2.791 2.981 3.206 3.430 3.574 3.719 3.829 3.827 3.759 3.575 3.348 3.348 2.211
6.75 2.51 0.496 0.703 0.901 1.058 1.239 1.452 1.584 1.744 1.962 2.341 2.569 2.772 2.961 3.184 3.405 3.548 3.692 3.801 3.799 3.731 3.548 3.321 3.321 2.183
6.75 3.16 0.486 0.692 0.889 1.045 1.226 1.438 1.569 1.728 1.945 2.321 2.547 2.749 2.936 3.157 3.376 3.517 3.660 3.767 3.765 3.697 3.515 3.289 3.289 2.148
6.75 3.98 0.473 0.678 0.874 1.029 1.209 1.420 1.550 1.709 1.925 2.298 2.522 2.721 2.906 3.124 3.340 3.479 3.621 3.725 3.723 3.656 3.475 3.250 3.250 2.106
6.75 5.01 0.457 0.661 0.856 1.010 1.189 1.399 1.528 1.686 1.900 2.269 2.491 2.688 2.870 3.085 3.298 3.434 3.574 3.676 3.674 3.607 3.427 3.203 3.203 2.056
6.75 6.31 0.439 0.640 0.834 0.988 1.166 1.373 1.502 1.659 1.871 2.236 2.454 2.648 2.827 3.038 3.247 3.381 3.518 3.618 3.616 3.549 3.370 3.148 3.148 1.997
6.75 7.94 0.417 0.616 0.809 0.961 1.137 1.343 1.471 1.626 1.836 2.196 2.411 2.601 2.776 2.983 3.188 3.319 3.453 3.549 3.548 3.481 3.304 3.083 3.083 1.928
6.75 10.00 0.391 0.588 0.779 0.930 1.104 1.308 1.434 1.588 1.796 2.150 2.361 2.547 2.717 2.920 3.119 3.247 3.377 3.470 3.469 3.402 3.227 3.008 3.008 1.848
6.75 12.59 0.361 0.555 0.745 0.893 1.066 1.267 1.392 1.544 1.749 2.096 2.303 2.484 2.650 2.847 3.041 3.164 3.291 3.380 3.379 3.312 3.139 2.923 2.923 1.756
6.75 15.85 0.326 0.517 0.705 0.851 1.022 1.219 1.343 1.493 1.695 2.035 2.236 2.413 2.574 2.765 2.952 3.070 3.194 3.278 3.277 3.210 3.040 2.826 2.826 1.653
6.75 19.95 0.286 0.474 0.659 0.803 0.972 1.166 1.288 1.435 1.634 1.966 2.162 2.333 2.488 2.673 2.852 2.966 3.085 3.165 3.164 3.097 2.929 2.719 2.719 1.538
6.75 25.12 0.240 0.424 0.607 0.749 0.915 1.105 1.225 1.370 1.565 1.888 2.078 2.243 2.392 2.570 2.742 2.851 2.965 3.039 3.039 2.972 2.808 2.600 2.600 1.411
6.75 31.62 0.188 0.368 0.548 0.687 0.850 1.036 1.154 1.297 1.487 1.801 1.985 2.144 2.287 2.458 2.622 2.725 2.835 2.903 2.904 2.836 2.676 2.471 2.471 1.274
6.75 39.81 0.129 0.304 0.481 0.617 0.778 0.960 1.076 1.215 1.401 1.705 1.882 2.036 2.171 2.336 2.492 2.589 2.694 2.757 2.758 2.691 2.533 2.333 2.333 1.125
6.75 50.12 0.061 0.232 0.406 0.539 0.697 0.874 0.987 1.124 1.306 1.598 1.769 1.917 2.046 2.204 2.352 2.443 2.544 2.600 2.602 2.535 2.382 2.185 2.185 0.967
6.75 63.10 -0.015 0.151 0.321 0.451 0.605 0.778 0.889 1.022 1.199 1.481 1.644 1.787 1.910 2.062 2.202 2.288 2.384 2.435 2.438 2.371 2.222 2.029 2.029 0.800
6.75 79.43 -0.103 0.058 0.225 0.352 0.502 0.670 0.778 0.908 1.080 1.351 1.508 1.647 1.764 1.910 2.044 2.123 2.216 2.261 2.265 2.198 2.053 1.864 1.864 0.624
6.75 100.00 -0.204 -0.048 0.115 0.238 0.386 0.548 0.654 0.780 0.947 1.206 1.358 1.493 1.605 1.747 1.875 1.949 2.038 2.079 2.085 2.018 1.877 1.693 1.693 0.440
6.75 125.89 -0.321 -0.171 -0.011 0.109 0.253 0.409 0.513 0.636 0.797 1.045 1.191 1.325 1.433 1.572 1.696 1.766 1.853 1.888 1.897 1.830 1.693 1.514 1.514 0.249
6.75 158.49 -0.458 -0.313 -0.157 -0.041 0.100 0.251 0.351 0.471 0.626 0.864 1.005 1.139 1.245 1.385 1.506 1.572 1.658 1.690 1.702 1.634 1.503 1.327 1.327 0.049
6.75 199.53 -0.619 -0.479 -0.327 -0.215 -0.078 0.067 0.165 0.281 0.431 0.658 0.797 0.934 1.039 1.181 1.303 1.367 1.453 1.484 1.499 1.431 1.304 1.134 1.134 -0.158
6.75 251.19 -0.810 -0.676 -0.527 -0.419 -0.286 -0.146 -0.051 0.060 0.205 0.422 0.559 0.703 0.811 0.960 1.085 1.149 1.238 1.268 1.287 1.220 1.098 0.932 0.932 -0.374
6.75 316.23 -1.039 -0.911 -0.766 -0.661 -0.532 -0.398 -0.306 -0.198 -0.059 0.149 0.287 0.442 0.555 0.717 0.850 0.916 1.010 1.042 1.067 0.999 0.882 0.721 0.721 -0.600
6.75 398.11 -1.315 -1.193 -1.052 -0.951 -0.826 -0.698 -0.608 -0.504 -0.371 -0.170 -0.028 0.143 0.266 0.446 0.594 0.664 0.767 0.804 0.836 0.768 0.656 0.499 0.499 -0.836
6.75 501.19 -1.651 -1.534 -1.397 -1.300 -1.179 -1.056 -0.970 -0.870 -0.743 -0.547 -0.398 -0.202 -0.064 0.143 0.311 0.390 0.507 0.551 0.592 0.525 0.417 0.266 0.266 -1.087
6.75 630.96 -2.061 -1.950 -1.817 -1.724 -1.607 -1.490 -1.406 -1.310 -1.189 -0.996 -0.836 -0.607 -0.447 -0.203 -0.004 0.088 0.224 0.281 0.334 0.266 0.163 0.017 0.017 -1.353
6.75 794.33 -2.565 -2.460 -2.330 -2.241 -2.128 -2.017 -1.936 -1.844 -1.729 -1.537 -1.359 -1.084 -0.894 -0.600 -0.358 -0.248 -0.085 -0.010 0.057 -0.011 -0.109 -0.250 -0.250 -1.639
6.75 1000.00 -3.186 -3.087 -2.962 -2.876 -2.767 -2.662 -2.584 -2.496 -2.387 -2.192 -1.989 -1.655 -1.422 -1.062 -0.764 -0.628 -0.429 -0.327 -0.243 -0.310 -0.403 -0.540 -0.540 -1.949
7.00 1.00 0.696 0.903 1.101 1.258 1.437 1.640 1.766 1.920 2.130 2.500 2.723 2.924 3.111 3.332 3.551 3.694 3.837 3.945 3.942 3.874 3.691 3.464 3.464 2.335
7.00 1.26 0.692 0.899 1.096 1.253 1.431 1.635 1.760 1.914 2.123 2.492 2.715 2.915 3.101 3.321 3.540 3.681 3.824 3.931 3.928 3.861 3.677 3.451 3.451 2.321
7.00 1.58 0.687 0.893 1.090 1.247 1.425 1.628 1.753 1.906 2.115 2.483 2.704 2.903 3.088 3.307 3.525 3.666 3.808 3.914 3.911 3.844 3.661 3.435 3.435 2.304
7.00 2.00 0.681 0.886 1.083 1.239 1.416 1.619 1.744 1.896 2.105 2.471 2.691 2.889 3.073 3.291 3.507 3.647 3.788 3.893 3.891 3.823 3.641 3.415 3.415 2.283
7.00 2.51 0.673 0.878 1.074 1.230 1.406 1.608 1.733 1.884 2.092 2.456 2.676 2.872 3.055 3.271 3.485 3.623 3.764 3.868 3.865 3.798 3.616 3.391 3.391 2.257
7.00 3.16 0.663 0.867 1.063 1.218 1.394 1.595 1.719 1.870 2.077 2.439 2.656 2.851 3.032 3.246 3.458 3.595 3.734 3.837 3.834 3.767 3.586 3.361 3.361 2.226
7.00 3.98 0.652 0.855 1.049 1.204 1.379 1.579 1.702 1.853 2.058 2.417 2.633 2.826 3.004 3.216 3.426 3.561 3.698 3.799 3.797 3.729 3.549 3.326 3.326 2.188
7.00 5.01 0.638 0.839 1.033 1.187 1.361 1.559 1.682 1.832 2.036 2.391 2.605 2.795 2.971 3.180 3.387 3.520 3.655 3.754 3.751 3.684 3.505 3.283 3.283 2.142
7.00 6.31 0.621 0.821 1.014 1.166 1.339 1.536 1.658 1.806 2.009 2.361 2.571 2.758 2.932 3.137 3.340 3.471 3.604 3.700 3.698 3.630 3.453 3.232 3.232 2.087
7.00 7.94 0.601 0.799 0.990 1.141 1.314 1.508 1.629 1.776 1.977 2.324 2.531 2.715 2.885 3.087 3.286 3.413 3.544 3.637 3.635 3.567 3.392 3.172 3.172 2.024
7.00 10.00 0.578 0.773 0.963 1.112 1.283 1.475 1.595 1.741 1.939 2.281 2.484 2.665 2.831 3.028 3.222 3.346 3.474 3.564 3.562 3.494 3.320 3.103 3.103 1.949
7.00 12.59 0.550 0.743 0.931 1.079 1.248 1.437 1.556 1.700 1.896 2.231 2.430 2.606 2.768 2.960 3.148 3.269 3.393 3.479 3.477 3.410 3.238 3.023 3.023 1.864
7.00 15.85 0.517 0.707 0.894 1.039 1.206 1.393 1.510 1.652 1.845 2.174 2.368 2.539 2.696 2.883 3.065 3.181 3.302 3.383 3.382 3.314 3.145 2.932 2.932 1.767
7.00 19.95 0.480 0.667 0.851 0.994 1.159 1.343 1.458 1.598 1.788 2.108 2.297 2.464 2.615 2.795 2.971 3.082 3.199 3.276 3.275 3.207 3.041 2.831 2.831 1.658
7.00 25.12 0.437 0.620 0.801 0.943 1.105 1.285 1.399 1.536 1.722 2.034 2.218 2.379 2.524 2.698 2.866 2.972 3.085 3.157 3.156 3.089 2.925 2.718 2.718 1.537
7.00 31.62 0.387 0.566 0.745 0.884 1.044 1.220 1.332 1.467 1.649 1.951 2.129 2.284 2.423 2.591 2.751 2.852 2.960 3.027 3.027 2.959 2.799 2.595 2.595 1.406
7.00 39.81 0.331 0.506 0.682 0.818 0.975 1.146 1.256 1.388 1.566 1.859 2.030 2.180 2.313 2.474 2.626 2.722 2.825 2.886 2.887 2.819 2.662 2.462 2.462 1.263
7.00 50.12 0.266 0.436 0.610 0.743 0.897 1.064 1.171 1.300 1.474 1.756 1.921 2.065 2.192 2.346 2.491 2.581 2.680 2.735 2.737 2.669 2.516 2.319 2.319 1.111
7.00 63.10 0.192 0.358 0.528 0.658 0.808 0.971 1.076 1.202 1.370 1.642 1.801 1.940 2.060 2.209 2.347 2.430 2.525 2.575 2.577 2.510 2.361 2.168 2.168 0.949
7.00 79.43 0.107 0.268 0.435 0.561 0.708 0.866 0.969 1.091 1.255 1.516 1.668 1.803 1.917 2.061 2.192 2.270 2.361 2.405 2.409 2.342 2.197 2.009 2.009 0.778
7.00 100.00 0.009 0.164 0.328 0.451 0.595 0.747 0.847 0.966 1.125 1.375 1.521 1.653 1.763 1.902 2.027 2.101 2.189 2.228 2.233 2.166 2.025 1.841 1.841 0.599
7.00 125.89 -0.106 0.045 0.205 0.324 0.465 0.612 0.709 0.825 0.978 1.217 1.358 1.488 1.594 1.731 1.852 1.921 2.007 2.042 2.050 1.982 1.846 1.666 1.666 0.412
7.00 158.49 -0.240 -0.095 0.062 0.177 0.314 0.456 0.551 0.663 0.810 1.039 1.175 1.306 1.410 1.547 1.666 1.732 1.816 1.847 1.858 1.791 1.659 1.484 1.484 0.217
7.00 199.53 -0.398 -0.259 -0.106 0.006 0.139 0.275 0.367 0.476 0.618 0.836 0.969 1.103 1.207 1.347 1.466 1.530 1.615 1.644 1.659 1.591 1.464 1.293 1.293 0.013
7.00 251.19 -0.587 -0.453 -0.304 -0.196 -0.066 0.064 0.154 0.258 0.395 0.603 0.735 0.876 0.981 1.129 1.252 1.315 1.403 1.432 1.451 1.383 1.261 1.095 1.095 -0.199
7.00 316.23 -0.813 -0.685 -0.540 -0.435 -0.310 -0.185 -0.098 0.002 0.133 0.333 0.466 0.618 0.729 0.889 1.020 1.085 1.178 1.209 1.234 1.166 1.048 0.887 0.887 -0.422
7.00 398.11 -1.087 -0.964 -0.823 -0.722 -0.600 -0.481 -0.398 -0.301 -0.176 0.017 0.153 0.322 0.443 0.621 0.767 0.836 0.939 0.974 1.006 0.938 0.825 0.669 0.669 -0.655
7.00 501.19 -1.420 -1.303 -1.166 -1.069 -0.951 -0.838 -0.757 -0.664 -0.545 -0.358 -0.214 -0.021 0.115 0.320 0.487 0.565 0.681 0.725 0.765 0.698 0.590 0.438 0.438 -0.902
7.00 630.96 -1.827 -1.716 -1.583 -1.490 -1.376 -1.268 -1.191 -1.102 -0.988 -0.805 -0.649 -0.422 -0.264 -0.022 0.175 0.266 0.401 0.458 0.510 0.442 0.339 0.192 0.192 -1.165
7.00 794.33 -2.328 -2.223 -2.094 -2.005 -1.895 -1.793 -1.718 -1.633 -1.526 -1.342 -1.169 -0.898 -0.709 -0.416 -0.177 -0.068 0.095 0.169 0.236 0.168 0.070 -0.072 -0.072 -1.448
7.00 1000.00 -2.947 -2.848 -2.723 -2.637 -2.531 -2.436 -2.364 -2.282 -2.181 -1.995 -1.796 -1.465 -1.234 -0.876 -0.579 -0.444 -0.246 -0.145 -0.061 -0.129 -0.222 -0.359 -0.359 -1.755
7.25 1.00 0.866 1.071 1.267 1.423 1.597 1.790 1.909 2.054 2.255 2.610 2.825 3.018 3.199 3.413 3.625 3.762 3.901 4.004 4.001 3.933 3.751 3.526 3.526 2.402
7.25 1.26 0.863 1.067 1.263 1.418 1.592 1.785 1.903 2.049 2.249 2.604 2.818 3.010 3.190 3.403 3.614 3.751 3.889 3.992 3.989 3.921 3.739 3.515 3.515 2.390
7.25 1.58 0.858 1.062 1.258 1.413 1.586 1.778 1.897 2.042 2.241 2.595 2.808 3.000 3.179 3.391 3.601 3.737 3.875 3.977 3.973 3.906 3.725 3.500 3.500 2.374
7.25 2.00 0.853 1.056 1.251 1.406 1.579 1.770 1.889 2.033 2.232 2.584 2.797 2.987 3.165 3.376 3.585 3.720 3.857 3.958 3.955 3.887 3.706 3.482 3.482 2.355
7.25 2.51 0.846 1.048 1.243 1.397 1.570 1.760 1.879 2.023 2.221 2.571 2.782 2.972 3.148 3.357 3.565 3.699 3.835 3.935 3.932 3.864 3.684 3.460 3.460 2.332
7.25 3.16 0.837 1.039 1.233 1.387 1.559 1.748 1.866 2.010 2.207 2.555 2.765 2.953 3.128 3.335 3.540 3.673 3.808 3.907 3.903 3.836 3.656 3.434 3.434 2.303
7.25 3.98 0.827 1.028 1.221 1.374 1.545 1.734 1.851 1.994 2.190 2.536 2.743 2.929 3.103 3.308 3.511 3.642 3.775 3.872 3.869 3.802 3.623 3.401 3.401 2.268
7.25 5.01 0.814 1.014 1.206 1.358 1.529 1.716 1.833 1.975 2.169 2.512 2.718 2.901 3.072 3.275 3.475 3.604 3.736 3.831 3.828 3.760 3.583 3.362 3.362 2.227
7.25 6.31 0.799 0.997 1.188 1.340 1.509 1.695 1.811 1.952 2.145 2.484 2.687 2.868 3.036 3.236 3.433 3.559 3.689 3.782 3.779 3.711 3.535 3.316 3.316 2.177
7.25 7.94 0.781 0.977 1.167 1.317 1.485 1.669 1.784 1.924 2.116 2.450 2.650 2.828 2.993 3.189 3.382 3.506 3.634 3.723 3.721 3.653 3.478 3.260 3.260 2.118
7.25 10.00 0.759 0.953 1.142 1.291 1.457 1.639 1.753 1.891 2.081 2.410 2.607 2.781 2.943 3.135 3.323 3.444 3.569 3.655 3.653 3.585 3.412 3.196 3.196 2.049
7.25 12.59 0.734 0.925 1.112 1.259 1.424 1.604 1.717 1.853 2.040 2.364 2.556 2.727 2.884 3.071 3.255 3.372 3.494 3.577 3.574 3.507 3.336 3.122 3.122 1.969
7.25 15.85 0.704 0.892 1.078 1.223 1.386 1.563 1.674 1.809 1.993 2.310 2.498 2.664 2.817 2.999 3.176 3.289 3.408 3.487 3.485 3.417 3.248 3.037 3.037 1.878
7.25 19.95 0.669 0.854 1.037 1.180 1.342 1.515 1.625 1.758 1.939 2.249 2.431 2.593 2.740 2.917 3.088 3.196 3.311 3.385 3.384 3.316 3.150 2.941 2.941 1.776
7.25 25.12 0.628 0.810 0.991 1.132 1.291 1.461 1.569 1.699 1.877 2.179 2.356 2.512 2.654 2.824 2.989 3.092 3.203 3.273 3.271 3.204 3.041 2.834 2.834 1.662
7.25 31.62 0.581 0.760 0.938 1.076 1.233 1.399 1.505 1.633 1.807 2.099 2.271 2.422 2.558 2.722 2.879 2.978 3.084 3.148 3.148 3.080 2.920 2.717 2.717 1.536
7.25 39.81 0.527 0.702 0.877 1.013 1.166 1.329 1.433 1.558 1.728 2.011 2.176 2.322 2.452 2.610 2.759 2.852 2.954 3.013 3.013 2.946 2.789 2.589 2.589 1.400
7.25 50.12 0.466 0.635 0.808 0.941 1.091 1.250 1.351 1.474 1.639 1.912 2.071 2.212 2.335 2.487 2.629 2.717 2.814 2.868 2.869 2.801 2.648 2.452 2.452 1.253
7.25 63.10 0.394 0.560 0.729 0.859 1.006 1.160 1.259 1.378 1.539 1.802 1.955 2.090 2.208 2.354 2.489 2.571 2.665 2.713 2.715 2.647 2.498 2.306 2.306 1.096
7.25 79.43 0.312 0.472 0.639 0.765 0.909 1.058 1.155 1.271 1.427 1.679 1.826 1.957 2.069 2.210 2.339 2.416 2.506 2.548 2.552 2.484 2.339 2.151 2.151 0.931
7.25 100.00 0.216 0.372 0.535 0.658 0.799 0.942 1.037 1.149 1.300 1.541 1.682 1.811 1.918 2.056 2.179 2.251 2.337 2.375 2.381 2.313 2.172 1.988 1.988 0.756
7.25 125.89 0.105 0.255 0.415 0.534 0.671 0.810 0.901 1.011 1.156 1.386 1.522 1.650 1.753 1.888 2.007 2.075 2.160 2.193 2.201 2.133 1.997 1.817 1.817 0.574
7.25 158.49 -0.027 0.118 0.274 0.390 0.524 0.657 0.746 0.851 0.992 1.211 1.343 1.471 1.573 1.708 1.825 1.889 1.973 2.003 2.013 1.946 1.814 1.639 1.639 0.382
7.25 199.53 -0.182 -0.043 0.109 0.221 0.352 0.479 0.566 0.667 0.802 1.011 1.140 1.272 1.373 1.511 1.629 1.691 1.775 1.804 1.818 1.750 1.623 1.452 1.452 0.183
7.25 251.19 -0.368 -0.235 -0.086 0.022 0.149 0.271 0.354 0.453 0.582 0.782 0.909 1.047 1.151 1.296 1.418 1.480 1.567 1.595 1.613 1.546 1.423 1.257 1.257 -0.026
7.25 316.23 -0.592 -0.464 -0.319 -0.215 -0.092 0.024 0.105 0.200 0.323 0.514 0.643 0.792 0.901 1.059 1.189 1.253 1.346 1.375 1.400 1.332 1.214 1.053 1.053 -0.245
7.25 398.11 -0.863 -0.741 -0.600 -0.499 -0.380 -0.270 -0.192 -0.101 0.017 0.201 0.333 0.499 0.618 0.795 0.939 1.007 1.109 1.144 1.175 1.107 0.994 0.838 0.838 -0.475
7.25 501.19 -1.193 -1.077 -0.940 -0.843 -0.728 -0.623 -0.548 -0.461 -0.349 -0.171 -0.031 0.159 0.293 0.497 0.662 0.739 0.854 0.897 0.937 0.870 0.761 0.610 0.610 -0.718
7.25 630.96 -1.598 -1.488 -1.354 -1.261 -1.150 -1.051 -0.979 -0.896 -0.790 -0.615 -0.464 -0.240 -0.083 0.157 0.353 0.443 0.578 0.633 0.685 0.617 0.514 0.367 0.367 -0.978
7.25 794.33 -2.097 -1.992 -1.863 -1.774 -1.666 -1.573 -1.504 -1.425 -1.325 -1.150 -0.981 -0.712 -0.525 -0.234 0.004 0.112 0.274 0.348 0.413 0.346 0.247 0.105 0.105 -1.258
7.25 1000.00 -2.713 -2.614 -2.489 -2.404 -2.300 -2.213 -2.147 -2.072 -1.978 -1.800 -1.606 -1.277 -1.048 -0.691 -0.396 -0.262 -0.064 0.036 0.119 0.052 -0.042 -0.179 -0.179 -1.563
7.50 1.00 1.033 1.236 1.430 1.584 1.754 1.936 2.049 2.188 2.379 2.721 2.927 3.113 3.287 3.494 3.699 3.831 3.966 4.065 4.061 3.993 3.813 3.590 3.590 2.470
7.50 1.26 1.030 1.232 1.426 1.580 1.750 1.932 2.045 2.183 2.373 2.715 2.920 3.106 3.279 3.485 3.689 3.821 3.956 4.054 4.050 3.982 3.802 3.579 3.579 2.459
7.50 1.58 1.026 1.228 1.421 1.575 1.744 1.926 2.039 2.176 2.367 2.707 2.912 3.097 3.269 3.474 3.677 3.809 3.942 4.040 4.036 3.968 3.789 3.566 3.566 2.445
7.50 2.00 1.021 1.222 1.416 1.569 1.738 1.919 2.031 2.169 2.358 2.697 2.901 3.085 3.257 3.461 3.663 3.793 3.926 4.023 4.019 3.951 3.772 3.550 3.550 2.428
7.50 2.51 1.015 1.215 1.408 1.561 1.730 1.910 2.022 2.159 2.348 2.686 2.889 3.071 3.242 3.444 3.645 3.774 3.906 4.002 3.998 3.930 3.752 3.530 3.530 2.406
7.50 3.16 1.007 1.207 1.399 1.552 1.720 1.899 2.011 2.147 2.336 2.671 2.873 3.054 3.223 3.424 3.623 3.751 3.882 3.976 3.973 3.905 3.727 3.506 3.506 2.381
7.50 3.98 0.998 1.197 1.389 1.540 1.707 1.886 1.997 2.133 2.320 2.653 2.853 3.033 3.200 3.399 3.596 3.722 3.852 3.945 3.942 3.874 3.697 3.477 3.477 2.349
7.50 5.01 0.987 1.184 1.375 1.526 1.692 1.870 1.981 2.116 2.302 2.632 2.830 3.007 3.173 3.369 3.563 3.688 3.816 3.907 3.904 3.836 3.660 3.441 3.441 2.311
7.50 6.31 0.973 1.169 1.359 1.509 1.674 1.851 1.960 2.094 2.279 2.606 2.802 2.977 3.140 3.333 3.524 3.647 3.773 3.862 3.859 3.791 3.616 3.398 3.398 2.265
7.50 7.94 0.956 1.151 1.340 1.488 1.653 1.827 1.936 2.069 2.252 2.575 2.768 2.940 3.100 3.290 3.478 3.598 3.722 3.809 3.805 3.738 3.564 3.348 3.348 2.211
7.50 10.00 0.937 1.129 1.317 1.464 1.627 1.800 1.908 2.039 2.220 2.538 2.728 2.897 3.053 3.240 3.423 3.540 3.662 3.746 3.743 3.675 3.503 3.288 3.288 2.147
7.50 12.59 0.913 1.103 1.289 1.435 1.597 1.767 1.874 2.004 2.183 2.495 2.681 2.846 2.999 3.181 3.359 3.473 3.592 3.672 3.670 3.602 3.432 3.219 3.219 2.073
7.50 15.85 0.885 1.072 1.257 1.401 1.561 1.729 1.834 1.962 2.139 2.445 2.626 2.788 2.936 3.113 3.286 3.396 3.512 3.588 3.586 3.518 3.350 3.139 3.139 1.988
7.50 19.95 0.853 1.037 1.219 1.362 1.519 1.684 1.788 1.914 2.088 2.387 2.564 2.720 2.864 3.036 3.203 3.309 3.421 3.493 3.491 3.423 3.258 3.049 3.049 1.892
7.50 25.12 0.814 0.995 1.176 1.316 1.471 1.633 1.735 1.859 2.029 2.321 2.492 2.644 2.782 2.949 3.109 3.210 3.319 3.386 3.384 3.317 3.154 2.948 2.948 1.784
7.50 31.62 0.770 0.948 1.126 1.263 1.416 1.574 1.675 1.796 1.962 2.245 2.411 2.558 2.691 2.851 3.005 3.101 3.206 3.268 3.267 3.199 3.040 2.837 2.837 1.665
7.50 39.81 0.719 0.893 1.068 1.203 1.353 1.507 1.606 1.725 1.887 2.161 2.321 2.463 2.589 2.744 2.890 2.981 3.082 3.139 3.138 3.071 2.915 2.715 2.715 1.534
7.50 50.12 0.660 0.829 1.001 1.134 1.281 1.431 1.527 1.643 1.801 2.065 2.220 2.356 2.477 2.626 2.765 2.851 2.947 2.999 3.000 2.932 2.779 2.583 2.583 1.393
7.50 63.10 0.591 0.756 0.925 1.054 1.199 1.344 1.438 1.551 1.705 1.959 2.107 2.239 2.354 2.498 2.630 2.711 2.803 2.849 2.851 2.783 2.634 2.442 2.442 1.242
7.50 79.43 0.512 0.672 0.838 0.964 1.105 1.245 1.337 1.447 1.596 1.839 1.981 2.110 2.220 2.358 2.484 2.560 2.648 2.690 2.693 2.625 2.480 2.292 2.292 1.082
7.50 100.00 0.419 0.574 0.737 0.859 0.997 1.133 1.222 1.329 1.472 1.705 1.842 1.967 2.073 2.207 2.328 2.399 2.484 2.521 2.526 2.458 2.318 2.134 2.134 0.912
7.50 125.89 0.310 0.460 0.619 0.738 0.873 1.003 1.090 1.193 1.332 1.553 1.685 1.810 1.911 2.044 2.161 2.228 2.311 2.344 2.351 2.283 2.147 1.967 1.967 0.734
7.50 158.49 0.181 0.326 0.482 0.597 0.728 0.853 0.937 1.037 1.170 1.382 1.509 1.634 1.734 1.867 1.982 2.046 2.128 2.158 2.167 2.100 1.968 1.793 1.793 0.547
7.50 199.53 0.028 0.167 0.319 0.431 0.559 0.678 0.760 0.856 0.984 1.185 1.310 1.438 1.538 1.674 1.790 1.851 1.934 1.962 1.976 1.908 1.780 1.610 1.610 0.351
7.50 251.19 -0.155 -0.022 0.127 0.235 0.359 0.473 0.551 0.644 0.766 0.958 1.082 1.217 1.319 1.462 1.582 1.643 1.730 1.757 1.775 1.707 1.584 1.418 1.418 0.147
7.50 316.23 -0.376 -0.248 -0.104 0.001 0.121 0.229 0.305 0.393 0.510 0.694 0.818 0.965 1.072 1.228 1.357 1.420 1.512 1.541 1.564 1.496 1.378 1.217 1.217 -0.069
7.50 398.11 -0.645 -0.523 -0.382 -0.281 -0.165 -0.062 0.011 0.095 0.206 0.383 0.511 0.675 0.792 0.967 1.109 1.177 1.278 1.312 1.343 1.275 1.162 1.005 1.005 -0.295
7.50 501.19 -0.973 -0.856 -0.719 -0.622 -0.510 -0.413 -0.343 -0.262 -0.157 0.014 0.150 0.338 0.470 0.672 0.836 0.912 1.027 1.069 1.109 1.041 0.932 0.780 0.780 -0.536
7.50 630.96 -1.375 -1.264 -1.131 -1.038 -0.930 -0.839 -0.772 -0.695 -0.595 -0.427 -0.280 -0.058 0.096 0.335 0.530 0.619 0.753 0.808 0.859 0.791 0.687 0.540 0.540 -0.793
7.50 794.33 -1.871 -1.766 -1.637 -1.548 -1.443 -1.358 -1.294 -1.221 -1.127 -0.960 -0.795 -0.528 -0.342 -0.054 0.183 0.291 0.452 0.525 0.590 0.523 0.424 0.282 0.282 -1.069
7.50 1000.00 -2.485 -2.386 -2.260 -2.175 -2.075 -1.995 -1.934 -1.865 -1.777 -1.607 -1.417 -1.091 -0.863 -0.507 -0.214 -0.080 0.116 0.216 0.299 0.231 0.137 0.000 0.000 -1.371
7.75 1.00 1.099 1.299 1.492 1.644 1.810 1.983 2.090 2.222 2.404 2.734 2.932 3.111 3.279 3.478 3.676 3.803 3.934 4.028 4.024 3.956 3.778 3.556 3.556 2.434
7.75 1.26 1.096 1.296 1.488 1.641 1.806 1.979 2.086 2.217 2.399 2.728 2.926 3.104 3.272 3.470 3.667 3.794 3.925 4.018 4.014 3.946 3.768 3.547 3.547 2.424
7.75 1.58 1.093 1.292 1.484 1.636 1.801 1.974 2.081 2.212 2.393 2.721 2.918 3.096 3.263 3.461 3.656 3.783 3.913 4.006 4.002 3.934 3.756 3.535 3.535 2.412
7.75 2.00 1.088 1.287 1.479 1.631 1.796 1.967 2.074 2.205 2.386 2.712 2.909 3.086 3.251 3.448 3.643 3.769 3.898 3.990 3.986 3.918 3.741 3.521 3.521 2.396
7.75 2.51 1.083 1.281 1.472 1.624 1.788 1.960 2.066 2.196 2.377 2.702 2.897 3.073 3.238 3.433 3.627 3.752 3.880 3.971 3.967 3.899 3.723 3.503 3.503 2.377
7.75 3.16 1.076 1.273 1.464 1.615 1.779 1.950 2.056 2.185 2.365 2.689 2.883 3.057 3.221 3.415 3.607 3.731 3.858 3.948 3.944 3.876 3.700 3.481 3.481 2.354
7.75 3.98 1.068 1.264 1.455 1.605 1.768 1.938 2.043 2.172 2.351 2.673 2.865 3.038 3.200 3.393 3.582 3.705 3.831 3.920 3.916 3.848 3.673 3.454 3.454 2.325
7.75 5.01 1.058 1.253 1.443 1.592 1.755 1.923 2.028 2.157 2.335 2.653 2.844 3.015 3.175 3.365 3.553 3.674 3.799 3.886 3.882 3.814 3.639 3.422 3.422 2.290
7.75 6.31 1.045 1.239 1.428 1.576 1.738 1.906 2.010 2.137 2.314 2.629 2.818 2.987 3.145 3.332 3.517 3.636 3.759 3.844 3.841 3.773 3.599 3.383 3.383 2.249
7.75 7.94 1.030 1.222 1.410 1.558 1.719 1.884 1.988 2.114 2.289 2.601 2.787 2.953 3.108 3.293 3.474 3.591 3.712 3.795 3.791 3.723 3.551 3.336 3.336 2.199
7.75 10.00 1.012 1.202 1.389 1.535 1.695 1.859 1.961 2.086 2.260 2.567 2.750 2.913 3.065 3.247 3.424 3.538 3.657 3.737 3.733 3.665 3.495 3.281 3.281 2.140
7.75 12.59 0.990 1.178 1.364 1.509 1.667 1.828 1.930 2.054 2.225 2.527 2.706 2.866 3.015 3.192 3.365 3.476 3.592 3.669 3.666 3.598 3.429 3.217 3.217 2.071
7.75 15.85 0.964 1.150 1.334 1.477 1.634 1.793 1.893 2.015 2.184 2.480 2.655 2.812 2.956 3.129 3.297 3.404 3.517 3.590 3.587 3.519 3.353 3.143 3.143 1.992
7.75 19.95 0.934 1.117 1.299 1.440 1.595 1.751 1.850 1.970 2.136 2.425 2.596 2.749 2.888 3.056 3.218 3.322 3.431 3.501 3.498 3.430 3.266 3.058 3.058 1.902
7.75 25.12 0.898 1.078 1.258 1.397 1.550 1.703 1.800 1.918 2.081 2.363 2.529 2.677 2.811 2.974 3.130 3.229 3.335 3.400 3.398 3.330 3.168 2.963 2.963 1.800
7.75 31.62 0.857 1.033 1.210 1.347 1.497 1.647 1.743 1.858 2.018 2.291 2.452 2.595 2.724 2.881 3.031 3.125 3.228 3.288 3.286 3.218 3.060 2.858 2.858 1.687
7.75 39.81 0.808 0.981 1.155 1.290 1.437 1.583 1.677 1.790 1.945 2.210 2.366 2.504 2.627 2.779 2.922 3.011 3.109 3.165 3.164 3.096 2.940 2.741 2.741 1.562
7.75 50.12 0.751 0.920 1.092 1.223 1.368 1.510 1.602 1.712 1.863 2.119 2.268 2.402 2.520 2.665 2.802 2.886 2.980 3.031 3.031 2.963 2.811 2.615 2.615 1.427
7.75 63.10 0.686 0.850 1.019 1.147 1.289 1.427 1.516 1.623 1.770 2.016 2.159 2.288 2.401 2.542 2.671 2.750 2.841 2.886 2.887 2.819 2.671 2.479 2.479 1.282
7.75 79.43 0.609 0.768 0.934 1.059 1.198 1.331 1.418 1.522 1.665 1.900 2.038 2.163 2.271 2.407 2.530 2.604 2.692 2.732 2.734 2.666 2.522 2.334 2.334 1.127
7.75 100.00 0.518 0.673 0.836 0.958 1.093 1.221 1.306 1.407 1.544 1.769 1.901 2.024 2.127 2.260 2.379 2.448 2.532 2.568 2.572 2.504 2.364 2.180 2.180 0.962
7.75 125.89 0.412 0.562 0.721 0.840 0.972 1.095 1.177 1.274 1.407 1.621 1.749 1.870 1.970 2.101 2.216 2.281 2.363 2.395 2.402 2.334 2.197 2.018 2.018 0.788
7.75 158.49 0.286 0.430 0.586 0.701 0.830 0.947 1.027 1.121 1.248 1.452 1.576 1.698 1.796 1.927 2.040 2.103 2.184 2.213 2.222 2.154 2.023 1.847 1.847 0.606
7.75 199.53 0.136 0.274 0.427 0.538 0.663 0.775 0.852 0.943 1.064 1.259 1.380 1.505 1.603 1.738 1.852 1.912 1.995 2.021 2.034 1.966 1.839 1.668 1.668 0.414
7.75 251.19 -0.045 0.088 0.237 0.345 0.466 0.573 0.647 0.734 0.850 1.035 1.154 1.287 1.387 1.529 1.648 1.708 1.793 1.820 1.837 1.769 1.647 1.481 1.481 0.213
7.75 316.23 -0.264 -0.136 0.009 0.113 0.231 0.332 0.403 0.486 0.597 0.773 0.894 1.038 1.144 1.299 1.425 1.488 1.579 1.607 1.630 1.562 1.444 1.283 1.283 0.002
7.75 398.11 -0.530 -0.408 -0.267 -0.166 -0.052 0.043 0.111 0.191 0.296 0.465 0.590 0.751 0.867 1.040 1.181 1.248 1.349 1.382 1.412 1.344 1.231 1.074 1.074 -0.222
7.75 501.19 -0.855 -0.739 -0.601 -0.505 -0.395 -0.305 -0.240 -0.164 -0.065 0.099 0.231 0.417 0.548 0.748 0.911 0.986 1.100 1.142 1.181 1.113 1.004 0.852 0.852 -0.459
7.75 630.96 -1.255 -1.144 -1.011 -0.918 -0.812 -0.728 -0.665 -0.594 -0.500 -0.340 -0.196 0.024 0.177 0.414 0.607 0.696 0.829 0.884 0.934 0.866 0.762 0.615 0.615 -0.712
7.75 794.33 -1.748 -1.643 -1.514 -1.425 -1.323 -1.245 -1.185 -1.117 -1.030 -0.869 -0.708 -0.444 -0.259 0.028 0.264 0.371 0.531 0.604 0.669 0.601 0.502 0.360 0.360 -0.986
7.75 1000.00 -2.359 -2.261 -2.135 -2.050 -1.952 -1.880 -1.823 -1.759 -1.677 -1.514 -1.327 -1.003 -0.777 -0.423 -0.131 0.002 0.198 0.298 0.380 0.312 0.218 0.081 0.081 -1.284
8.00 1.00 1.162 1.359 1.550 1.701 1.863 2.027 2.129 2.254 2.429 2.746 2.937 3.109 3.271 3.463 3.653 3.776 3.903 3.992 3.988 3.920 3.743 3.524 3.524 2.400
8.00 1.26 1.159 1.356 1.547 1.698 1.860 2.024 2.125 2.250 2.425 2.741 2.931 3.103 3.264 3.456 3.646 3.768 3.894 3.983 3.979 3.911 3.735 3.515 3.515 2.391
8.00 1.58 1.156 1.353 1.543 1.694 1.855 2.019 2.121 2.245 2.419 2.735 2.924 3.095 3.256 3.447 3.636 3.758 3.884 3.972 3.968 3.900 3.724 3.505 3.505 2.379
8.00 2.00 1.152 1.348 1.539 1.689 1.850 2.013 2.115 2.239 2.413 2.727 2.916 3.086 3.246 3.436 3.624 3.746 3.871 3.958 3.954 3.886 3.710 3.492 3.492 2.365
8.00 2.51 1.147 1.343 1.533 1.683 1.844 2.006 2.107 2.231 2.404 2.717 2.905 3.075 3.234 3.423 3.609 3.730 3.854 3.941 3.937 3.869 3.694 3.476 3.476 2.348
8.00 3.16 1.141 1.336 1.526 1.675 1.835 1.997 2.098 2.222 2.394 2.706 2.892 3.061 3.218 3.406 3.591 3.711 3.834 3.920 3.916 3.848 3.673 3.456 3.456 2.327
8.00 3.98 1.134 1.328 1.517 1.665 1.825 1.987 2.087 2.210 2.381 2.691 2.876 3.043 3.200 3.386 3.569 3.688 3.810 3.895 3.890 3.822 3.649 3.432 3.432 2.301
8.00 5.01 1.124 1.318 1.506 1.654 1.813 1.973 2.073 2.195 2.366 2.673 2.857 3.022 3.177 3.361 3.542 3.659 3.780 3.863 3.859 3.791 3.618 3.402 3.402 2.269
8.00 6.31 1.113 1.305 1.493 1.640 1.798 1.957 2.056 2.178 2.347 2.651 2.833 2.996 3.149 3.331 3.510 3.625 3.744 3.826 3.822 3.753 3.582 3.367 3.367 2.231
8.00 7.94 1.099 1.290 1.476 1.623 1.780 1.938 2.036 2.157 2.325 2.625 2.805 2.966 3.116 3.295 3.470 3.583 3.701 3.780 3.777 3.708 3.538 3.324 3.324 2.186
8.00 10.00 1.083 1.272 1.457 1.602 1.758 1.914 2.012 2.131 2.297 2.594 2.771 2.929 3.076 3.252 3.424 3.534 3.650 3.727 3.723 3.655 3.486 3.273 3.273 2.132
8.00 12.59 1.063 1.250 1.434 1.577 1.732 1.886 1.983 2.101 2.265 2.557 2.730 2.885 3.029 3.201 3.369 3.477 3.590 3.664 3.660 3.592 3.425 3.214 3.214 2.068
8.00 15.85 1.039 1.223 1.406 1.548 1.702 1.853 1.949 2.065 2.227 2.513 2.683 2.834 2.974 3.143 3.306 3.410 3.520 3.591 3.588 3.519 3.354 3.145 3.145 1.994
8.00 19.95 1.011 1.193 1.373 1.514 1.665 1.814 1.908 2.023 2.182 2.462 2.628 2.775 2.911 3.075 3.232 3.333 3.440 3.507 3.504 3.436 3.273 3.066 3.066 1.910
8.00 25.12 0.977 1.156 1.335 1.473 1.623 1.769 1.861 1.974 2.130 2.403 2.564 2.707 2.838 2.997 3.149 3.246 3.350 3.412 3.410 3.342 3.181 2.977 2.977 1.814
8.00 31.62 0.938 1.113 1.290 1.426 1.574 1.716 1.807 1.917 2.070 2.335 2.491 2.630 2.756 2.909 3.055 3.147 3.248 3.306 3.304 3.236 3.078 2.877 2.877 1.707
8.00 39.81 0.892 1.064 1.238 1.371 1.516 1.655 1.744 1.852 2.001 2.258 2.408 2.543 2.664 2.812 2.951 3.039 3.135 3.189 3.187 3.119 2.964 2.766 2.766 1.589
8.00 50.12 0.838 1.006 1.177 1.308 1.450 1.585 1.672 1.778 1.923 2.170 2.315 2.445 2.561 2.703 2.836 2.919 3.012 3.060 3.060 2.992 2.840 2.645 2.645 1.459
8.00 63.10 0.775 0.938 1.107 1.235 1.374 1.505 1.590 1.692 1.833 2.071 2.210 2.336 2.446 2.584 2.711 2.788 2.878 2.921 2.922 2.854 2.706 2.515 2.515 1.320
8.00 79.43 0.700 0.859 1.025 1.150 1.286 1.412 1.495 1.594 1.730 1.958 2.092 2.215 2.320 2.453 2.575 2.647 2.733 2.772 2.774 2.706 2.562 2.374 2.374 1.170
8.00 100.00 0.613 0.767 0.929 1.051 1.184 1.305 1.386 1.482 1.613 1.831 1.959 2.079 2.181 2.311 2.427 2.496 2.579 2.613 2.617 2.549 2.409 2.225 2.225 1.010
8.00 125.89 0.509 0.658 0.817 0.936 1.066 1.182 1.259 1.352 1.479 1.686 1.810 1.929 2.027 2.156 2.268 2.333 2.414 2.445 2.451 2.383 2.247 2.068 2.068 0.841
8.00 158.49 0.386 0.530 0.685 0.800 0.927 1.037 1.113 1.202 1.323 1.521 1.641 1.761 1.857 1.986 2.097 2.159 2.239 2.267 2.276 2.208 2.076 1.901 1.901 0.663
8.00 199.53 0.238 0.376 0.528 0.640 0.763 0.868 0.941 1.027 1.143 1.330 1.448 1.571 1.667 1.800 1.912 1.972 2.053 2.079 2.092 2.024 1.897 1.726 1.726 0.476
8.00 251.19 0.060 0.193 0.341 0.449 0.568 0.668 0.738 0.820 0.931 1.109 1.226 1.356 1.455 1.595 1.712 1.771 1.856 1.881 1.899 1.831 1.708 1.542 1.542 0.279
8.00 316.23 -0.156 -0.029 0.116 0.220 0.336 0.430 0.497 0.576 0.681 0.851 0.968 1.110 1.215 1.367 1.493 1.554 1.645 1.672 1.695 1.627 1.509 1.348 1.348 0.071
8.00 398.11 -0.420 -0.298 -0.157 -0.056 0.055 0.144 0.208 0.283 0.382 0.545 0.667 0.826 0.940 1.112 1.252 1.318 1.418 1.450 1.480 1.412 1.299 1.142 1.142 -0.149
8.00 501.19 -0.742 -0.626 -0.489 -0.392 -0.285 -0.201 -0.140 -0.069 0.024 0.182 0.311 0.495 0.624 0.823 0.984 1.059 1.172 1.213 1.252 1.184 1.075 0.924 0.924 -0.383
8.00 630.96 -1.140 -1.029 -0.896 -0.803 -0.699 -0.622 -0.563 -0.496 -0.408 -0.254 -0.113 0.104 0.256 0.492 0.684 0.772 0.905 0.958 1.009 0.941 0.837 0.690 0.690 -0.633
8.00 794.33 -1.631 -1.526 -1.397 -1.308 -1.207 -1.136 -1.080 -1.017 -0.935 -0.781 -0.622 -0.360 -0.177 0.109 0.343 0.449 0.609 0.682 0.746 0.678 0.579 0.437 0.437 -0.904
8.00 1000.00 -2.239 -2.141 -2.015 -1.930 -1.834 -1.768 -1.715 -1.656 -1.580 -1.423 -1.239 -0.917 -0.692 -0.339 -0.048 0.084 0.280 0.378 0.460 0.392 0.298 0.161 0.161 -1.199
