AbrahamsonEtAl2015SInter as implemented in OpenQuake, distance is rrup. Log10 hazard values in cgs units
          14 31 23 : nmag, ndist, nperiod
          0.020 0.050 0.075 0.100 0.150 0.200 0.250 0.300 0.400 0.500 0.600 0.750 1.000 1.500 2.000 2.500 3.000 4.000 5.000 6.000 7.500 10.000 PGA PGV
          0.740 0.740 0.740 0.740 0.740 0.740 0.740 0.740 0.740 0.740 0.740 0.740 0.740 0.740 0.740 0.740 0.740 0.740 0.740 0.740 0.740 0.740 0.740 PGVsig
4.75 1.00 2.084 2.184 2.363 2.456 2.511 2.442 2.348 2.246 2.102 1.924 1.761 1.583 1.363 0.944 0.608 0.349 0.131 -0.220 -0.461 -0.644 -0.869 -1.112 2.084 0.360
4.75 1.26 2.058 2.158 2.336 2.429 2.484 2.415 2.322 2.221 2.079 1.902 1.740 1.564 1.345 0.927 0.591 0.333 0.116 -0.235 -0.475 -0.657 -0.882 -1.123 2.058 0.344
4.75 1.58 2.027 2.126 2.304 2.397 2.451 2.382 2.290 2.190 2.050 1.875 1.715 1.540 1.322 0.905 0.571 0.314 0.097 -0.253 -0.492 -0.673 -0.897 -1.138 2.027 0.325
4.75 2.00 1.989 2.088 2.265 2.358 2.412 2.343 2.252 2.154 2.016 1.843 1.685 1.511 1.295 0.880 0.547 0.291 0.074 -0.274 -0.512 -0.693 -0.915 -1.155 1.989 0.302
4.75 2.51 1.945 2.043 2.219 2.311 2.365 2.297 2.207 2.110 1.975 1.804 1.649 1.477 1.262 0.849 0.518 0.263 0.047 -0.299 -0.536 -0.716 -0.937 -1.175 1.945 0.274
4.75 3.16 1.892 1.990 2.164 2.257 2.309 2.242 2.154 2.059 1.927 1.759 1.606 1.437 1.224 0.814 0.484 0.230 0.016 -0.329 -0.565 -0.743 -0.964 -1.200 1.892 0.241
4.75 3.98 1.831 1.928 2.101 2.193 2.245 2.179 2.092 2.000 1.871 1.706 1.556 1.390 1.179 0.772 0.445 0.192 -0.022 -0.364 -0.598 -0.775 -0.994 -1.228 1.831 0.203
4.75 5.01 1.761 1.856 2.027 2.119 2.170 2.105 2.021 1.931 1.806 1.646 1.499 1.336 1.127 0.723 0.399 0.148 -0.065 -0.404 -0.637 -0.812 -1.029 -1.261 1.761 0.159
4.75 6.31 1.681 1.775 1.944 2.036 2.086 2.022 1.940 1.854 1.733 1.577 1.434 1.274 1.068 0.668 0.346 0.097 -0.114 -0.451 -0.681 -0.855 -1.070 -1.298 1.681 0.108
4.75 7.94 1.591 1.683 1.850 1.942 1.991 1.929 1.849 1.766 1.650 1.499 1.361 1.205 1.001 0.605 0.287 0.040 -0.169 -0.503 -0.731 -0.902 -1.116 -1.341 1.591 0.051
4.75 10.00 1.492 1.582 1.745 1.837 1.886 1.826 1.749 1.670 1.559 1.413 1.279 1.127 0.927 0.536 0.221 -0.024 -0.231 -0.561 -0.787 -0.956 -1.167 -1.388 1.492 -0.012
4.75 12.59 1.384 1.471 1.631 1.723 1.771 1.714 1.639 1.564 1.458 1.318 1.190 1.042 0.845 0.459 0.148 -0.094 -0.300 -0.626 -0.849 -1.015 -1.224 -1.441 1.384 -0.083
4.75 15.85 1.266 1.351 1.508 1.599 1.647 1.592 1.520 1.449 1.350 1.215 1.092 0.949 0.756 0.374 0.068 -0.171 -0.375 -0.697 -0.918 -1.081 -1.286 -1.500 1.266 -0.159
4.75 19.95 1.141 1.222 1.375 1.467 1.514 1.461 1.392 1.326 1.233 1.104 0.987 0.848 0.658 0.283 -0.019 -0.255 -0.457 -0.774 -0.992 -1.152 -1.355 -1.564 1.141 -0.243
4.75 25.12 1.008 1.086 1.235 1.327 1.373 1.323 1.257 1.195 1.108 0.985 0.873 0.739 0.554 0.184 -0.114 -0.346 -0.545 -0.858 -1.073 -1.230 -1.429 -1.633 1.008 -0.333
4.75 31.62 0.869 0.942 1.088 1.179 1.225 1.178 1.114 1.057 0.976 0.858 0.753 0.623 0.441 0.077 -0.215 -0.445 -0.641 -0.949 -1.160 -1.314 -1.510 -1.709 0.869 -0.430
4.75 39.81 0.723 0.793 0.934 1.026 1.070 1.026 0.965 0.912 0.837 0.724 0.624 0.499 0.320 -0.037 -0.325 -0.551 -0.744 -1.047 -1.255 -1.406 -1.598 -1.792 0.723 -0.534
4.75 50.12 0.572 0.638 0.775 0.866 0.909 0.868 0.809 0.761 0.690 0.583 0.488 0.366 0.191 -0.160 -0.443 -0.665 -0.856 -1.154 -1.358 -1.505 -1.694 -1.883 0.572 -0.646
4.75 63.10 0.416 0.477 0.610 0.701 0.743 0.704 0.646 0.603 0.537 0.433 0.343 0.223 0.052 -0.293 -0.570 -0.789 -0.978 -1.270 -1.471 -1.614 -1.799 -1.983 0.416 -0.767
4.75 79.43 0.255 0.312 0.440 0.531 0.572 0.534 0.478 0.437 0.375 0.274 0.188 0.070 -0.099 -0.438 -0.709 -0.924 -1.110 -1.397 -1.594 -1.733 -1.915 -2.093 0.255 -0.898
4.75 100.00 0.090 0.141 0.265 0.356 0.395 0.358 0.302 0.265 0.205 0.105 0.022 -0.095 -0.262 -0.596 -0.861 -1.073 -1.256 -1.537 -1.730 -1.866 -2.044 -2.216 0.090 -1.041
4.75 125.89 -0.081 -0.034 0.085 0.176 0.213 0.176 0.119 0.084 0.025 -0.076 -0.157 -0.276 -0.441 -0.770 -1.030 -1.237 -1.417 -1.693 -1.882 -2.014 -2.189 -2.355 -0.081 -1.198
4.75 158.49 -0.256 -0.214 -0.100 -0.009 0.025 -0.013 -0.072 -0.106 -0.167 -0.271 -0.352 -0.474 -0.640 -0.963 -1.217 -1.421 -1.599 -1.868 -2.054 -2.182 -2.352 -2.513 -0.256 -1.373
4.75 199.53 -0.438 -0.400 -0.292 -0.200 -0.170 -0.210 -0.273 -0.307 -0.373 -0.483 -0.566 -0.695 -0.862 -1.181 -1.430 -1.630 -1.804 -2.068 -2.250 -2.374 -2.541 -2.696 -0.438 -1.569
4.75 251.19 -0.626 -0.593 -0.489 -0.398 -0.372 -0.416 -0.486 -0.522 -0.596 -0.716 -0.804 -0.944 -1.114 -1.430 -1.672 -1.868 -2.040 -2.297 -2.476 -2.596 -2.759 -2.908 -0.626 -1.793
4.75 316.23 -0.822 -0.794 -0.695 -0.604 -0.584 -0.634 -0.713 -0.754 -0.841 -0.976 -1.072 -1.226 -1.402 -1.716 -1.952 -2.144 -2.313 -2.565 -2.739 -2.856 -3.014 -3.158 -0.822 -2.050
4.75 398.11 -1.027 -1.004 -0.910 -0.819 -0.806 -0.865 -0.957 -1.006 -1.111 -1.269 -1.377 -1.552 -1.736 -2.049 -2.280 -2.468 -2.633 -2.879 -3.050 -3.162 -3.317 -3.454 -1.027 -2.349
4.75 501.19 -1.244 -1.226 -1.137 -1.046 -1.042 -1.114 -1.224 -1.283 -1.414 -1.603 -1.729 -1.932 -2.127 -2.441 -2.666 -2.851 -3.013 -3.253 -3.420 -3.528 -3.679 -3.811 -1.244 -2.701
4.75 630.96 -1.475 -1.463 -1.378 -1.287 -1.294 -1.384 -1.517 -1.592 -1.759 -1.988 -2.139 -2.379 -2.591 -2.908 -3.127 -3.308 -3.467 -3.701 -3.864 -3.969 -4.115 -4.241 -1.475 -3.119
4.75 794.33 -1.725 -1.717 -1.637 -1.546 -1.568 -1.681 -1.844 -1.940 -2.154 -2.437 -2.622 -2.911 -3.145 -3.469 -3.682 -3.859 -4.015 -4.243 -4.402 -4.502 -4.645 -4.765 -1.725 -3.620
4.75 1000.00 -1.996 -1.993 -1.919 -1.828 -1.867 -2.011 -2.214 -2.339 -2.614 -2.968 -3.197 -3.549 -3.814 -4.148 -4.355 -4.527 -4.681 -4.903 -5.057 -5.154 -5.293 -5.407 -1.996 -4.227
5.00 1.00 2.156 2.252 2.429 2.523 2.581 2.515 2.425 2.326 2.189 2.017 1.861 1.691 1.480 1.079 0.758 0.512 0.304 -0.030 -0.264 -0.445 -0.669 -0.909 2.156 0.477
5.00 1.26 2.132 2.229 2.405 2.499 2.556 2.491 2.401 2.304 2.168 1.997 1.842 1.673 1.463 1.063 0.743 0.497 0.290 -0.043 -0.276 -0.457 -0.680 -0.920 2.132 0.462
5.00 1.58 2.104 2.201 2.376 2.470 2.526 2.462 2.372 2.276 2.142 1.973 1.819 1.651 1.443 1.044 0.725 0.480 0.274 -0.059 -0.291 -0.471 -0.694 -0.933 2.104 0.445
5.00 2.00 2.070 2.166 2.341 2.434 2.491 2.426 2.338 2.243 2.111 1.944 1.791 1.625 1.418 1.020 0.703 0.459 0.253 -0.078 -0.310 -0.489 -0.710 -0.948 2.070 0.424
5.00 2.51 2.029 2.125 2.299 2.392 2.448 2.383 2.296 2.203 2.073 1.909 1.759 1.594 1.388 0.993 0.676 0.434 0.229 -0.101 -0.332 -0.510 -0.730 -0.966 2.029 0.398
5.00 3.16 1.981 2.076 2.249 2.342 2.397 2.333 2.248 2.156 2.029 1.867 1.719 1.557 1.353 0.960 0.645 0.404 0.200 -0.128 -0.358 -0.535 -0.754 -0.988 1.981 0.368
5.00 3.98 1.925 2.019 2.191 2.283 2.337 2.274 2.190 2.101 1.977 1.819 1.674 1.514 1.312 0.921 0.609 0.368 0.165 -0.160 -0.389 -0.564 -0.782 -1.014 1.925 0.333
5.00 5.01 1.859 1.953 2.123 2.215 2.268 2.206 2.124 2.038 1.917 1.762 1.621 1.464 1.264 0.876 0.566 0.328 0.126 -0.197 -0.424 -0.598 -0.815 -1.044 1.859 0.292
5.00 6.31 1.785 1.877 2.045 2.137 2.189 2.129 2.048 1.965 1.849 1.698 1.560 1.406 1.209 0.825 0.517 0.281 0.080 -0.240 -0.465 -0.637 -0.852 -1.079 1.785 0.245
5.00 7.94 1.701 1.791 1.957 2.049 2.100 2.041 1.963 1.883 1.771 1.625 1.491 1.341 1.146 0.766 0.462 0.227 0.028 -0.289 -0.512 -0.682 -0.894 -1.118 1.701 0.192
5.00 10.00 1.607 1.696 1.858 1.951 2.001 1.944 1.868 1.791 1.685 1.543 1.414 1.268 1.076 0.701 0.400 0.167 -0.030 -0.344 -0.564 -0.732 -0.942 -1.163 1.607 0.132
5.00 12.59 1.504 1.590 1.750 1.842 1.892 1.837 1.763 1.691 1.590 1.453 1.329 1.187 0.999 0.628 0.331 0.101 -0.095 -0.405 -0.623 -0.788 -0.996 -1.213 1.504 0.065
5.00 15.85 1.392 1.475 1.632 1.724 1.773 1.720 1.650 1.581 1.486 1.355 1.236 1.098 0.913 0.547 0.255 0.027 -0.166 -0.472 -0.688 -0.850 -1.055 -1.268 1.392 -0.008
5.00 19.95 1.272 1.352 1.505 1.597 1.645 1.595 1.527 1.463 1.373 1.248 1.135 1.001 0.820 0.460 0.171 -0.053 -0.244 -0.546 -0.758 -0.918 -1.120 -1.329 1.272 -0.088
5.00 25.12 1.144 1.221 1.370 1.462 1.509 1.462 1.397 1.337 1.253 1.134 1.026 0.897 0.719 0.365 0.081 -0.141 -0.329 -0.626 -0.836 -0.993 -1.192 -1.395 1.144 -0.174
5.00 31.62 1.009 1.082 1.228 1.320 1.366 1.321 1.258 1.203 1.125 1.011 0.909 0.784 0.610 0.262 -0.017 -0.235 -0.422 -0.714 -0.920 -1.074 -1.269 -1.468 1.009 -0.268
5.00 39.81 0.868 0.937 1.079 1.170 1.216 1.173 1.113 1.063 0.990 0.881 0.785 0.664 0.493 0.151 -0.123 -0.338 -0.522 -0.809 -1.012 -1.162 -1.354 -1.548 0.868 -0.369
5.00 50.12 0.721 0.786 0.923 1.015 1.059 1.019 0.961 0.915 0.848 0.743 0.652 0.534 0.367 0.031 -0.238 -0.449 -0.631 -0.912 -1.112 -1.259 -1.447 -1.636 0.721 -0.478
5.00 63.10 0.568 0.629 0.762 0.854 0.897 0.859 0.803 0.760 0.697 0.597 0.510 0.395 0.231 -0.099 -0.363 -0.570 -0.749 -1.025 -1.221 -1.364 -1.550 -1.733 0.568 -0.596
5.00 79.43 0.411 0.467 0.596 0.687 0.729 0.693 0.637 0.599 0.539 0.442 0.359 0.245 0.084 -0.240 -0.498 -0.702 -0.878 -1.149 -1.342 -1.481 -1.663 -1.840 0.411 -0.724
5.00 100.00 0.249 0.301 0.424 0.516 0.556 0.520 0.465 0.430 0.372 0.276 0.196 0.083 -0.076 -0.395 -0.648 -0.848 -1.021 -1.286 -1.475 -1.611 -1.789 -1.961 0.249 -0.864
5.00 125.89 0.082 0.129 0.248 0.339 0.377 0.342 0.286 0.252 0.195 0.098 0.020 -0.095 -0.253 -0.566 -0.813 -1.009 -1.180 -1.440 -1.624 -1.756 -1.930 -2.097 0.082 -1.019
5.00 158.49 -0.091 -0.049 0.066 0.157 0.192 0.156 0.097 0.065 0.006 -0.094 -0.172 -0.290 -0.448 -0.757 -0.998 -1.191 -1.358 -1.612 -1.793 -1.921 -2.092 -2.252 -0.091 -1.191
5.00 199.53 -0.269 -0.232 -0.123 -0.031 0.000 -0.038 -0.101 -0.134 -0.197 -0.304 -0.384 -0.508 -0.668 -0.972 -1.208 -1.396 -1.561 -1.809 -1.986 -2.110 -2.277 -2.432 -0.269 -1.385
5.00 251.19 -0.455 -0.422 -0.317 -0.226 -0.199 -0.242 -0.310 -0.346 -0.417 -0.534 -0.619 -0.754 -0.916 -1.218 -1.447 -1.632 -1.794 -2.036 -2.209 -2.330 -2.492 -2.642 -0.455 -1.606
5.00 316.23 -0.648 -0.620 -0.520 -0.428 -0.408 -0.457 -0.535 -0.574 -0.659 -0.791 -0.884 -1.034 -1.202 -1.501 -1.725 -1.906 -2.064 -2.301 -2.470 -2.587 -2.745 -2.889 -0.648 -1.861
5.00 398.11 -0.850 -0.827 -0.733 -0.641 -0.627 -0.686 -0.776 -0.823 -0.926 -1.081 -1.187 -1.357 -1.533 -1.832 -2.049 -2.227 -2.382 -2.613 -2.778 -2.891 -3.046 -3.183 -0.850 -2.158
5.00 501.19 -1.065 -1.047 -0.957 -0.865 -0.860 -0.932 -1.040 -1.098 -1.227 -1.412 -1.536 -1.734 -1.922 -2.222 -2.434 -2.607 -2.759 -2.984 -3.146 -3.254 -3.405 -3.537 -1.065 -2.507
5.00 630.96 -1.293 -1.280 -1.195 -1.104 -1.110 -1.199 -1.331 -1.404 -1.568 -1.795 -1.943 -2.179 -2.383 -2.686 -2.892 -3.061 -3.211 -3.430 -3.587 -3.692 -3.839 -3.964 -1.293 -2.923
5.00 794.33 -1.540 -1.532 -1.452 -1.360 -1.381 -1.493 -1.655 -1.750 -1.961 -2.242 -2.424 -2.708 -2.935 -3.244 -3.444 -3.609 -3.756 -3.969 -4.123 -4.223 -4.366 -4.486 -1.540 -3.422
5.00 1000.00 -1.809 -1.806 -1.731 -1.639 -1.678 -1.821 -2.023 -2.146 -2.419 -2.770 -2.996 -3.344 -3.601 -3.920 -4.114 -4.275 -4.419 -4.626 -4.776 -4.872 -5.011 -5.125 -1.809 -4.026
5.25 1.00 2.228 2.321 2.496 2.590 2.650 2.590 2.502 2.407 2.276 2.111 1.960 1.798 1.597 1.212 0.905 0.672 0.475 0.157 -0.070 -0.250 -0.472 -0.711 2.228 0.592
5.25 1.26 2.207 2.300 2.474 2.568 2.628 2.568 2.480 2.387 2.257 2.093 1.943 1.782 1.581 1.197 0.892 0.659 0.462 0.146 -0.082 -0.261 -0.482 -0.720 2.207 0.579
5.25 1.58 2.181 2.274 2.448 2.542 2.601 2.541 2.454 2.362 2.234 2.071 1.923 1.762 1.563 1.180 0.876 0.643 0.447 0.131 -0.095 -0.274 -0.495 -0.731 2.181 0.564
5.25 2.00 2.150 2.243 2.416 2.510 2.569 2.508 2.423 2.332 2.205 2.044 1.898 1.738 1.540 1.159 0.856 0.624 0.428 0.114 -0.112 -0.290 -0.510 -0.745 2.150 0.544
5.25 2.51 2.113 2.206 2.378 2.472 2.530 2.469 2.385 2.295 2.171 2.012 1.868 1.710 1.513 1.134 0.832 0.601 0.406 0.093 -0.132 -0.309 -0.528 -0.762 2.113 0.521
5.25 3.16 2.069 2.161 2.333 2.426 2.483 2.423 2.340 2.252 2.130 1.974 1.832 1.676 1.481 1.104 0.803 0.574 0.380 0.068 -0.155 -0.331 -0.549 -0.782 2.069 0.494
5.25 3.98 2.017 2.109 2.279 2.372 2.428 2.369 2.287 2.201 2.083 1.929 1.790 1.636 1.443 1.068 0.770 0.542 0.348 0.039 -0.183 -0.358 -0.575 -0.805 2.017 0.461
5.25 5.01 1.957 2.048 2.216 2.309 2.364 2.306 2.226 2.142 2.027 1.877 1.741 1.590 1.399 1.027 0.731 0.504 0.312 0.005 -0.216 -0.389 -0.604 -0.833 1.957 0.424
5.25 6.31 1.887 1.977 2.144 2.237 2.291 2.234 2.155 2.075 1.963 1.817 1.684 1.536 1.347 0.979 0.686 0.460 0.270 -0.035 -0.254 -0.425 -0.639 -0.865 1.887 0.380
5.25 7.94 1.808 1.897 2.062 2.154 2.207 2.151 2.075 1.998 1.891 1.749 1.620 1.475 1.289 0.924 0.634 0.411 0.221 -0.080 -0.297 -0.467 -0.678 -0.901 1.808 0.330
5.25 10.00 1.720 1.807 1.969 2.062 2.114 2.059 1.986 1.912 1.809 1.672 1.547 1.407 1.223 0.863 0.575 0.354 0.167 -0.131 -0.347 -0.514 -0.723 -0.943 1.720 0.274
5.25 12.59 1.623 1.707 1.867 1.959 2.010 1.958 1.886 1.816 1.719 1.587 1.467 1.330 1.150 0.794 0.510 0.291 0.106 -0.189 -0.402 -0.566 -0.773 -0.989 1.623 0.211
5.25 15.85 1.516 1.598 1.755 1.847 1.897 1.847 1.778 1.712 1.620 1.493 1.378 1.245 1.068 0.717 0.438 0.222 0.038 -0.253 -0.463 -0.625 -0.829 -1.041 1.516 0.141
5.25 19.95 1.401 1.480 1.633 1.726 1.775 1.727 1.661 1.598 1.512 1.391 1.281 1.153 0.979 0.634 0.358 0.145 -0.037 -0.323 -0.530 -0.690 -0.891 -1.099 1.401 0.065
5.25 25.12 1.278 1.354 1.504 1.596 1.644 1.598 1.535 1.477 1.397 1.281 1.176 1.052 0.882 0.542 0.271 0.061 -0.118 -0.400 -0.604 -0.761 -0.959 -1.162 1.278 -0.018
5.25 31.62 1.148 1.220 1.366 1.458 1.506 1.462 1.401 1.348 1.273 1.162 1.064 0.944 0.777 0.443 0.177 -0.030 -0.207 -0.484 -0.685 -0.839 -1.034 -1.232 1.148 -0.109
5.25 39.81 1.011 1.080 1.221 1.314 1.360 1.319 1.260 1.211 1.142 1.036 0.943 0.827 0.664 0.336 0.074 -0.129 -0.304 -0.576 -0.774 -0.924 -1.116 -1.309 1.011 -0.206
5.25 50.12 0.868 0.933 1.070 1.162 1.208 1.169 1.112 1.068 1.003 0.902 0.814 0.701 0.541 0.219 -0.037 -0.237 -0.409 -0.676 -0.871 -1.017 -1.206 -1.394 0.868 -0.312
5.25 63.10 0.720 0.780 0.913 1.005 1.049 1.013 0.958 0.917 0.857 0.760 0.676 0.565 0.409 0.092 -0.158 -0.355 -0.524 -0.786 -0.977 -1.120 -1.305 -1.488 0.720 -0.427
5.25 79.43 0.566 0.622 0.751 0.843 0.885 0.850 0.796 0.759 0.702 0.607 0.528 0.419 0.265 -0.046 -0.291 -0.484 -0.651 -0.907 -1.094 -1.234 -1.415 -1.593 0.566 -0.553
5.25 100.00 0.407 0.459 0.583 0.675 0.715 0.681 0.627 0.593 0.538 0.445 0.368 0.259 0.107 -0.198 -0.437 -0.627 -0.791 -1.041 -1.225 -1.361 -1.538 -1.710 0.407 -0.690
5.25 125.89 0.243 0.290 0.409 0.501 0.540 0.506 0.451 0.419 0.364 0.270 0.195 0.085 -0.066 -0.366 -0.600 -0.786 -0.947 -1.192 -1.372 -1.503 -1.677 -1.844 0.243 -0.842
5.25 158.49 0.073 0.116 0.231 0.323 0.358 0.323 0.266 0.235 0.178 0.081 0.006 -0.108 -0.259 -0.554 -0.782 -0.964 -1.122 -1.362 -1.538 -1.666 -1.836 -1.997 0.073 -1.012
5.25 199.53 -0.102 -0.064 0.046 0.138 0.169 0.132 0.071 0.039 -0.022 -0.125 -0.203 -0.323 -0.475 -0.766 -0.989 -1.167 -1.322 -1.556 -1.728 -1.852 -2.019 -2.174 -0.102 -1.203
5.25 251.19 -0.284 -0.251 -0.146 -0.054 -0.027 -0.069 -0.136 -0.170 -0.239 -0.353 -0.435 -0.566 -0.721 -1.009 -1.226 -1.400 -1.552 -1.780 -1.949 -2.069 -2.231 -2.381 -0.284 -1.422
5.25 316.23 -0.474 -0.446 -0.346 -0.254 -0.233 -0.281 -0.357 -0.396 -0.478 -0.608 -0.698 -0.843 -1.004 -1.290 -1.501 -1.671 -1.820 -2.042 -2.207 -2.323 -2.482 -2.625 -0.474 -1.674
5.25 398.11 -0.674 -0.651 -0.556 -0.464 -0.449 -0.507 -0.596 -0.642 -0.743 -0.895 -0.998 -1.164 -1.333 -1.617 -1.823 -1.989 -2.136 -2.352 -2.512 -2.625 -2.780 -2.917 -0.674 -1.969
5.25 501.19 -0.886 -0.868 -0.777 -0.685 -0.680 -0.750 -0.857 -0.914 -1.041 -1.223 -1.344 -1.538 -1.719 -2.005 -2.204 -2.367 -2.510 -2.720 -2.877 -2.986 -3.136 -3.268 -0.886 -2.316
5.25 630.96 -1.112 -1.099 -1.013 -0.921 -0.927 -1.015 -1.145 -1.218 -1.379 -1.603 -1.749 -1.980 -2.178 -2.467 -2.660 -2.819 -2.959 -3.164 -3.316 -3.421 -3.568 -3.693 -1.112 -2.729
5.25 794.33 -1.356 -1.348 -1.267 -1.175 -1.195 -1.306 -1.467 -1.561 -1.770 -2.047 -2.227 -2.507 -2.727 -3.022 -3.210 -3.364 -3.502 -3.700 -3.849 -3.950 -4.092 -4.212 -1.356 -3.226
5.25 1000.00 -1.622 -1.619 -1.543 -1.451 -1.489 -1.631 -1.832 -1.955 -2.225 -2.573 -2.797 -3.140 -3.390 -3.696 -3.877 -4.028 -4.162 -4.355 -4.499 -4.596 -4.735 -4.849 -1.622 -3.828
5.50 1.00 2.300 2.390 2.562 2.657 2.720 2.664 2.579 2.488 2.364 2.205 2.060 1.904 1.712 1.344 1.051 0.829 0.642 0.341 0.119 -0.059 -0.279 -0.516 2.300 0.707
5.50 1.26 2.281 2.371 2.543 2.637 2.700 2.644 2.560 2.470 2.346 2.188 2.045 1.890 1.699 1.331 1.039 0.818 0.631 0.331 0.109 -0.069 -0.289 -0.524 2.281 0.695
5.50 1.58 2.258 2.348 2.519 2.614 2.676 2.620 2.536 2.447 2.325 2.168 2.026 1.872 1.682 1.315 1.025 0.804 0.617 0.318 0.097 -0.080 -0.300 -0.534 2.258 0.681
5.50 2.00 2.230 2.320 2.491 2.585 2.646 2.590 2.508 2.420 2.299 2.144 2.003 1.851 1.661 1.296 1.007 0.786 0.601 0.302 0.082 -0.094 -0.313 -0.546 2.230 0.664
5.50 2.51 2.197 2.286 2.456 2.550 2.611 2.555 2.473 2.387 2.268 2.115 1.976 1.825 1.637 1.273 0.985 0.766 0.580 0.283 0.064 -0.112 -0.329 -0.561 2.197 0.643
5.50 3.16 2.156 2.245 2.415 2.509 2.568 2.513 2.432 2.347 2.231 2.080 1.943 1.794 1.607 1.246 0.959 0.741 0.556 0.261 0.043 -0.132 -0.349 -0.579 2.156 0.618
5.50 3.98 2.109 2.197 2.365 2.459 2.518 2.463 2.383 2.301 2.187 2.039 1.905 1.758 1.572 1.213 0.928 0.711 0.528 0.234 0.017 -0.156 -0.372 -0.601 2.109 0.588
5.50 5.01 2.053 2.141 2.308 2.401 2.459 2.404 2.327 2.246 2.136 1.991 1.859 1.715 1.532 1.175 0.892 0.677 0.494 0.202 -0.013 -0.185 -0.399 -0.626 2.053 0.553
5.50 6.31 1.988 2.076 2.241 2.334 2.391 2.337 2.261 2.183 2.076 1.935 1.807 1.665 1.484 1.131 0.850 0.636 0.455 0.166 -0.048 -0.218 -0.431 -0.655 1.988 0.512
5.50 7.94 1.915 2.001 2.164 2.258 2.313 2.260 2.186 2.111 2.008 1.871 1.747 1.608 1.430 1.080 0.802 0.590 0.410 0.124 -0.088 -0.257 -0.467 -0.689 1.915 0.466
5.50 10.00 1.832 1.917 2.078 2.171 2.225 2.173 2.102 2.030 1.932 1.799 1.679 1.543 1.368 1.022 0.748 0.537 0.359 0.076 -0.134 -0.301 -0.509 -0.727 1.832 0.413
5.50 12.59 1.740 1.823 1.981 2.074 2.127 2.077 2.008 1.940 1.846 1.718 1.602 1.471 1.298 0.957 0.686 0.478 0.302 0.022 -0.186 -0.350 -0.556 -0.771 1.740 0.354
5.50 15.85 1.638 1.719 1.875 1.968 2.020 1.971 1.904 1.840 1.752 1.629 1.518 1.391 1.221 0.885 0.617 0.412 0.238 -0.039 -0.244 -0.405 -0.609 -0.820 1.638 0.288
5.50 19.95 1.529 1.607 1.759 1.852 1.903 1.857 1.792 1.732 1.649 1.532 1.426 1.302 1.136 0.805 0.542 0.339 0.167 -0.105 -0.308 -0.467 -0.668 -0.874 1.529 0.215
5.50 25.12 1.411 1.486 1.635 1.728 1.777 1.733 1.671 1.615 1.538 1.426 1.325 1.206 1.043 0.717 0.459 0.259 0.089 -0.179 -0.378 -0.534 -0.732 -0.935 1.411 0.135
5.50 31.62 1.285 1.357 1.503 1.595 1.644 1.602 1.542 1.491 1.419 1.312 1.216 1.101 0.942 0.622 0.368 0.171 0.003 -0.260 -0.456 -0.609 -0.804 -1.002 1.285 0.048
5.50 39.81 1.153 1.221 1.363 1.455 1.503 1.463 1.406 1.359 1.292 1.190 1.100 0.988 0.832 0.518 0.269 0.075 -0.090 -0.348 -0.541 -0.691 -0.883 -1.076 1.153 -0.046
5.50 50.12 1.014 1.079 1.216 1.308 1.355 1.317 1.262 1.219 1.157 1.060 0.974 0.866 0.713 0.404 0.160 -0.029 -0.193 -0.446 -0.635 -0.781 -0.970 -1.158 1.014 -0.149
5.50 63.10 0.869 0.930 1.063 1.155 1.200 1.165 1.111 1.072 1.015 0.920 0.839 0.733 0.584 0.281 0.042 -0.144 -0.305 -0.552 -0.738 -0.881 -1.066 -1.249 0.869 -0.261
5.50 79.43 0.719 0.776 0.904 0.997 1.040 1.006 0.953 0.917 0.863 0.772 0.695 0.590 0.443 0.146 -0.087 -0.270 -0.428 -0.670 -0.853 -0.992 -1.173 -1.351 0.719 -0.384
5.50 100.00 0.564 0.616 0.740 0.832 0.874 0.841 0.788 0.755 0.703 0.613 0.538 0.434 0.289 -0.003 -0.231 -0.410 -0.565 -0.802 -0.981 -1.116 -1.294 -1.465 0.564 -0.518
5.50 125.89 0.403 0.451 0.570 0.662 0.702 0.669 0.615 0.584 0.532 0.441 0.368 0.262 0.119 -0.168 -0.390 -0.566 -0.718 -0.949 -1.124 -1.256 -1.430 -1.596 0.403 -0.668
5.50 158.49 0.237 0.280 0.394 0.487 0.523 0.489 0.433 0.403 0.350 0.255 0.182 0.073 -0.071 -0.353 -0.570 -0.741 -0.891 -1.116 -1.288 -1.416 -1.586 -1.746 0.237 -0.835
5.50 199.53 0.065 0.103 0.213 0.305 0.338 0.301 0.241 0.211 0.152 0.051 -0.023 -0.140 -0.285 -0.563 -0.773 -0.941 -1.088 -1.308 -1.475 -1.599 -1.766 -1.921 0.065 -1.024
5.50 251.19 -0.115 -0.082 0.024 0.116 0.144 0.104 0.037 0.004 -0.062 -0.174 -0.253 -0.380 -0.528 -0.803 -1.008 -1.172 -1.315 -1.529 -1.693 -1.813 -1.976 -2.125 -0.115 -1.240
5.50 316.23 -0.302 -0.274 -0.173 -0.081 -0.059 -0.106 -0.181 -0.219 -0.298 -0.425 -0.513 -0.654 -0.808 -1.081 -1.280 -1.440 -1.581 -1.789 -1.949 -2.065 -2.224 -2.367 -0.302 -1.490
5.50 398.11 -0.499 -0.476 -0.380 -0.288 -0.273 -0.329 -0.418 -0.462 -0.560 -0.710 -0.810 -0.972 -1.134 -1.406 -1.599 -1.756 -1.893 -2.096 -2.252 -2.364 -2.519 -2.656 -0.499 -1.782
5.50 501.19 -0.708 -0.690 -0.599 -0.507 -0.500 -0.570 -0.676 -0.731 -0.855 -1.036 -1.154 -1.344 -1.518 -1.791 -1.978 -2.130 -2.265 -2.462 -2.614 -2.722 -2.873 -3.004 -0.708 -2.127
5.50 630.96 -0.931 -0.918 -0.832 -0.740 -0.745 -0.832 -0.961 -1.032 -1.192 -1.413 -1.556 -1.783 -1.974 -2.250 -2.431 -2.580 -2.712 -2.902 -3.050 -3.155 -3.302 -3.427 -0.931 -2.538
5.50 794.33 -1.173 -1.164 -1.083 -0.991 -1.010 -1.121 -1.280 -1.373 -1.579 -1.854 -2.031 -2.307 -2.520 -2.803 -2.978 -3.123 -3.252 -3.436 -3.581 -3.681 -3.824 -3.944 -1.173 -3.032
5.50 1000.00 -1.436 -1.433 -1.357 -1.265 -1.302 -1.443 -1.642 -1.764 -2.032 -2.377 -2.599 -2.938 -3.181 -3.474 -3.643 -3.784 -3.910 -4.088 -4.228 -4.325 -4.464 -4.578 -1.436 -3.632
5.75 1.00 2.373 2.458 2.628 2.724 2.790 2.739 2.657 2.570 2.451 2.298 2.159 2.011 1.828 1.474 1.195 0.985 0.807 0.521 0.305 0.128 -0.090 -0.324 2.373 0.821
5.75 1.26 2.356 2.441 2.611 2.706 2.772 2.721 2.639 2.553 2.435 2.284 2.146 1.998 1.815 1.463 1.185 0.974 0.797 0.512 0.296 0.120 -0.099 -0.332 2.356 0.810
5.75 1.58 2.335 2.420 2.590 2.685 2.750 2.699 2.618 2.533 2.416 2.266 2.129 1.982 1.800 1.449 1.171 0.961 0.785 0.500 0.285 0.110 -0.108 -0.341 2.335 0.797
5.75 2.00 2.310 2.395 2.564 2.659 2.723 2.672 2.592 2.508 2.393 2.244 2.108 1.963 1.782 1.431 1.155 0.946 0.769 0.486 0.272 0.097 -0.121 -0.352 2.310 0.782
5.75 2.51 2.279 2.365 2.533 2.628 2.691 2.640 2.561 2.478 2.365 2.217 2.083 1.939 1.759 1.411 1.136 0.927 0.751 0.469 0.256 0.081 -0.135 -0.365 2.279 0.762
5.75 3.16 2.243 2.328 2.495 2.590 2.652 2.601 2.523 2.442 2.331 2.186 2.054 1.911 1.732 1.386 1.112 0.905 0.729 0.449 0.236 0.063 -0.153 -0.381 2.243 0.740
5.75 3.98 2.199 2.284 2.450 2.545 2.606 2.555 2.478 2.399 2.290 2.148 2.018 1.877 1.700 1.356 1.084 0.878 0.703 0.424 0.213 0.041 -0.174 -0.401 2.199 0.712
5.75 5.01 2.148 2.232 2.398 2.492 2.552 2.501 2.426 2.348 2.243 2.103 1.976 1.838 1.663 1.321 1.051 0.846 0.672 0.395 0.185 0.014 -0.199 -0.424 2.148 0.680
5.75 6.31 2.088 2.172 2.336 2.430 2.489 2.439 2.365 2.290 2.188 2.052 1.928 1.792 1.619 1.280 1.012 0.809 0.636 0.362 0.153 -0.016 -0.228 -0.450 2.088 0.643
5.75 7.94 2.020 2.103 2.265 2.359 2.416 2.367 2.295 2.223 2.125 1.992 1.872 1.739 1.568 1.232 0.967 0.766 0.595 0.323 0.116 -0.052 -0.261 -0.482 2.020 0.600
5.75 10.00 1.942 2.025 2.184 2.278 2.334 2.286 2.216 2.147 2.053 1.924 1.808 1.678 1.510 1.178 0.916 0.717 0.547 0.278 0.073 -0.092 -0.300 -0.517 1.942 0.550
5.75 12.59 1.855 1.936 2.094 2.187 2.242 2.195 2.127 2.062 1.972 1.848 1.736 1.610 1.445 1.117 0.858 0.661 0.493 0.227 0.025 -0.139 -0.344 -0.558 1.855 0.494
5.75 15.85 1.759 1.839 1.993 2.087 2.140 2.095 2.029 1.967 1.883 1.764 1.656 1.534 1.372 1.049 0.794 0.599 0.433 0.171 -0.030 -0.191 -0.394 -0.604 1.759 0.432
5.75 19.95 1.655 1.732 1.883 1.977 2.029 1.985 1.922 1.864 1.785 1.671 1.568 1.450 1.291 0.973 0.722 0.529 0.365 0.107 -0.090 -0.249 -0.449 -0.655 1.655 0.363
5.75 25.12 1.542 1.616 1.765 1.858 1.909 1.867 1.806 1.752 1.678 1.569 1.472 1.357 1.202 0.889 0.642 0.452 0.291 0.037 -0.158 -0.313 -0.511 -0.713 1.542 0.286
5.75 31.62 1.421 1.492 1.637 1.730 1.780 1.740 1.682 1.632 1.564 1.460 1.367 1.257 1.104 0.797 0.555 0.368 0.209 -0.041 -0.232 -0.385 -0.579 -0.777 1.421 0.203
5.75 39.81 1.293 1.361 1.502 1.595 1.644 1.606 1.550 1.504 1.441 1.342 1.254 1.147 0.998 0.697 0.459 0.276 0.119 -0.126 -0.314 -0.464 -0.655 -0.848 1.293 0.111
5.75 50.12 1.159 1.223 1.360 1.453 1.500 1.464 1.410 1.369 1.310 1.215 1.133 1.028 0.883 0.587 0.354 0.174 0.020 -0.220 -0.405 -0.551 -0.739 -0.927 1.159 0.011
5.75 63.10 1.018 1.078 1.211 1.304 1.350 1.316 1.264 1.226 1.171 1.080 1.002 0.900 0.757 0.467 0.240 0.063 -0.089 -0.324 -0.505 -0.648 -0.832 -1.015 1.018 -0.098
5.75 79.43 0.872 0.928 1.057 1.149 1.194 1.161 1.109 1.075 1.023 0.935 0.860 0.760 0.620 0.335 0.113 -0.060 -0.209 -0.439 -0.617 -0.756 -0.937 -1.114 0.872 -0.217
5.75 100.00 0.720 0.772 0.896 0.989 1.031 0.999 0.948 0.916 0.866 0.779 0.707 0.607 0.468 0.189 -0.027 -0.197 -0.343 -0.567 -0.741 -0.877 -1.054 -1.226 0.720 -0.349
5.75 125.89 0.563 0.610 0.730 0.822 0.862 0.830 0.778 0.748 0.699 0.610 0.540 0.438 0.301 0.027 -0.184 -0.350 -0.493 -0.712 -0.882 -1.014 -1.188 -1.354 0.563 -0.496
5.75 158.49 0.400 0.442 0.557 0.650 0.687 0.654 0.599 0.570 0.519 0.427 0.357 0.251 0.114 -0.155 -0.360 -0.522 -0.663 -0.876 -1.043 -1.171 -1.341 -1.501 0.400 -0.660
5.75 199.53 0.230 0.268 0.379 0.471 0.505 0.469 0.410 0.381 0.325 0.227 0.154 0.042 -0.097 -0.362 -0.562 -0.720 -0.858 -1.065 -1.228 -1.352 -1.518 -1.673 0.230 -0.847
5.75 251.19 0.054 0.087 0.193 0.285 0.314 0.275 0.209 0.178 0.113 0.004 -0.073 -0.195 -0.337 -0.599 -0.793 -0.947 -1.083 -1.284 -1.443 -1.563 -1.726 -1.875 0.054 -1.060
5.75 316.23 -0.131 -0.102 -0.001 0.091 0.115 0.068 -0.006 -0.042 -0.120 -0.244 -0.330 -0.467 -0.615 -0.874 -1.062 -1.213 -1.345 -1.541 -1.696 -1.812 -1.971 -2.114 -0.131 -1.308
5.75 398.11 -0.325 -0.301 -0.205 -0.113 -0.097 -0.152 -0.240 -0.283 -0.379 -0.526 -0.624 -0.782 -0.938 -1.197 -1.379 -1.526 -1.655 -1.845 -1.996 -2.109 -2.263 -2.401 -0.325 -1.597
5.75 501.19 -0.531 -0.512 -0.421 -0.329 -0.321 -0.390 -0.495 -0.550 -0.672 -0.849 -0.965 -1.151 -1.319 -1.579 -1.755 -1.898 -2.025 -2.208 -2.356 -2.464 -2.615 -2.746 -0.531 -1.940
5.75 630.96 -0.752 -0.738 -0.652 -0.559 -0.563 -0.649 -0.778 -0.848 -1.005 -1.224 -1.364 -1.588 -1.772 -2.036 -2.206 -2.345 -2.468 -2.646 -2.790 -2.894 -3.041 -3.167 -0.752 -2.349
5.75 794.33 -0.990 -0.981 -0.900 -0.808 -0.826 -0.936 -1.095 -1.186 -1.390 -1.663 -1.837 -2.109 -2.316 -2.586 -2.751 -2.885 -3.006 -3.178 -3.317 -3.418 -3.561 -3.680 -0.990 -2.841
5.75 1000.00 -1.251 -1.247 -1.171 -1.079 -1.115 -1.255 -1.454 -1.574 -1.840 -2.183 -2.402 -2.738 -2.974 -3.254 -3.413 -3.544 -3.661 -3.827 -3.963 -4.060 -4.198 -4.312 -1.251 -3.438
6.00 1.00 2.447 2.527 2.694 2.790 2.859 2.814 2.735 2.652 2.539 2.392 2.259 2.117 1.942 1.604 1.338 1.138 0.969 0.698 0.487 0.312 0.095 -0.136 2.447 0.933
6.00 1.26 2.431 2.512 2.679 2.775 2.843 2.798 2.719 2.636 2.525 2.379 2.247 2.106 1.931 1.593 1.328 1.128 0.960 0.689 0.479 0.305 0.088 -0.143 2.431 0.924
6.00 1.58 2.412 2.493 2.660 2.756 2.824 2.778 2.700 2.618 2.507 2.363 2.232 2.091 1.918 1.581 1.316 1.117 0.949 0.679 0.470 0.295 0.079 -0.151 2.412 0.912
6.00 2.00 2.390 2.470 2.637 2.732 2.799 2.754 2.676 2.595 2.486 2.343 2.213 2.074 1.901 1.565 1.302 1.103 0.935 0.666 0.458 0.284 0.068 -0.161 2.390 0.898
6.00 2.51 2.362 2.443 2.609 2.704 2.770 2.724 2.648 2.568 2.461 2.319 2.190 2.052 1.881 1.546 1.284 1.086 0.919 0.651 0.443 0.270 0.055 -0.173 2.362 0.881
6.00 3.16 2.328 2.409 2.575 2.670 2.735 2.689 2.613 2.535 2.430 2.290 2.163 2.027 1.856 1.524 1.263 1.065 0.899 0.633 0.425 0.253 0.039 -0.188 2.328 0.860
6.00 3.98 2.288 2.370 2.534 2.629 2.693 2.647 2.573 2.496 2.393 2.255 2.131 1.996 1.827 1.497 1.237 1.041 0.875 0.610 0.404 0.233 0.020 -0.205 2.288 0.835
6.00 5.01 2.241 2.322 2.486 2.581 2.643 2.597 2.524 2.450 2.349 2.215 2.093 1.960 1.792 1.464 1.207 1.012 0.847 0.584 0.379 0.209 -0.003 -0.226 2.241 0.806
6.00 6.31 2.186 2.267 2.429 2.524 2.585 2.539 2.468 2.396 2.298 2.167 2.048 1.917 1.752 1.427 1.171 0.978 0.814 0.553 0.350 0.181 -0.029 -0.250 2.186 0.771
6.00 7.94 2.123 2.203 2.364 2.458 2.518 2.473 2.403 2.333 2.239 2.111 1.996 1.868 1.705 1.383 1.129 0.938 0.775 0.517 0.315 0.148 -0.060 -0.279 2.123 0.731
6.00 10.00 2.050 2.130 2.289 2.383 2.441 2.397 2.329 2.262 2.172 2.048 1.936 1.812 1.651 1.332 1.082 0.892 0.731 0.475 0.275 0.111 -0.096 -0.312 2.050 0.685
6.00 12.59 1.969 2.048 2.204 2.298 2.355 2.311 2.245 2.182 2.096 1.976 1.868 1.747 1.589 1.275 1.028 0.840 0.680 0.428 0.230 0.068 -0.137 -0.350 1.969 0.633
6.00 15.85 1.878 1.956 2.109 2.203 2.259 2.216 2.152 2.092 2.012 1.896 1.793 1.675 1.520 1.210 0.966 0.781 0.623 0.375 0.179 0.019 -0.184 -0.393 1.878 0.574
6.00 19.95 1.779 1.854 2.005 2.099 2.153 2.112 2.050 1.994 1.918 1.808 1.709 1.595 1.443 1.138 0.898 0.715 0.560 0.314 0.122 -0.036 -0.236 -0.441 1.779 0.508
6.00 25.12 1.671 1.744 1.892 1.986 2.038 1.998 1.939 1.887 1.817 1.711 1.617 1.507 1.358 1.058 0.822 0.642 0.489 0.248 0.057 -0.098 -0.295 -0.496 1.671 0.435
6.00 31.62 1.555 1.625 1.770 1.863 1.915 1.877 1.820 1.772 1.706 1.606 1.517 1.410 1.265 0.970 0.738 0.561 0.410 0.173 -0.014 -0.166 -0.360 -0.557 1.555 0.355
6.00 39.81 1.432 1.499 1.640 1.733 1.783 1.747 1.693 1.648 1.588 1.492 1.408 1.304 1.162 0.873 0.646 0.472 0.323 0.091 -0.093 -0.242 -0.433 -0.625 1.432 0.266
6.00 50.12 1.302 1.366 1.503 1.596 1.644 1.610 1.557 1.517 1.461 1.369 1.290 1.189 1.050 0.767 0.545 0.374 0.228 0.001 -0.180 -0.326 -0.514 -0.701 1.302 0.170
6.00 63.10 1.165 1.225 1.358 1.451 1.498 1.466 1.414 1.378 1.326 1.237 1.162 1.064 0.928 0.650 0.433 0.266 0.122 -0.100 -0.277 -0.420 -0.604 -0.786 1.165 0.064
6.00 79.43 1.023 1.079 1.208 1.301 1.346 1.315 1.264 1.231 1.182 1.096 1.024 0.928 0.794 0.521 0.310 0.146 0.005 -0.212 -0.386 -0.525 -0.706 -0.882 1.023 -0.053
6.00 100.00 0.875 0.927 1.051 1.144 1.187 1.156 1.106 1.075 1.028 0.943 0.874 0.778 0.646 0.379 0.173 0.012 -0.126 -0.337 -0.508 -0.643 -0.820 -0.992 0.875 -0.182
6.00 125.89 0.721 0.768 0.888 0.981 1.022 0.991 0.940 0.911 0.864 0.778 0.711 0.613 0.481 0.219 0.019 -0.138 -0.273 -0.479 -0.646 -0.777 -0.951 -1.117 0.721 -0.326
6.00 158.49 0.561 0.604 0.719 0.812 0.850 0.818 0.764 0.737 0.688 0.598 0.531 0.429 0.298 0.040 -0.155 -0.307 -0.441 -0.641 -0.804 -0.931 -1.101 -1.262 0.561 -0.488
6.00 199.53 0.395 0.433 0.544 0.637 0.671 0.636 0.578 0.550 0.497 0.400 0.331 0.222 0.090 -0.164 -0.353 -0.502 -0.632 -0.827 -0.986 -1.110 -1.276 -1.431 0.395 -0.672
6.00 251.19 0.222 0.255 0.361 0.454 0.484 0.445 0.380 0.350 0.288 0.181 0.107 -0.012 -0.148 -0.398 -0.582 -0.727 -0.854 -1.043 -1.198 -1.318 -1.481 -1.630 0.222 -0.883
6.00 316.23 0.040 0.069 0.170 0.263 0.287 0.241 0.168 0.133 0.058 -0.065 -0.148 -0.281 -0.423 -0.671 -0.848 -0.990 -1.114 -1.297 -1.449 -1.565 -1.723 -1.866 0.040 -1.128
6.00 398.11 -0.151 -0.127 -0.031 0.062 0.078 0.024 -0.063 -0.105 -0.199 -0.344 -0.439 -0.594 -0.743 -0.991 -1.163 -1.300 -1.422 -1.599 -1.746 -1.859 -2.013 -2.150 -0.151 -1.415
6.00 501.19 -0.355 -0.336 -0.244 -0.152 -0.144 -0.211 -0.316 -0.369 -0.489 -0.664 -0.778 -0.960 -1.122 -1.370 -1.536 -1.670 -1.788 -1.960 -2.103 -2.212 -2.362 -2.494 -0.355 -1.755
6.00 630.96 -0.573 -0.559 -0.472 -0.379 -0.383 -0.468 -0.596 -0.665 -0.820 -1.036 -1.174 -1.394 -1.572 -1.824 -1.984 -2.114 -2.230 -2.395 -2.535 -2.639 -2.786 -2.911 -0.573 -2.162
6.00 794.33 -0.809 -0.799 -0.718 -0.625 -0.643 -0.752 -0.910 -1.000 -1.202 -1.472 -1.644 -1.913 -2.114 -2.372 -2.526 -2.652 -2.765 -2.924 -3.060 -3.160 -3.303 -3.423 -0.809 -2.651
6.00 1000.00 -1.067 -1.063 -0.986 -0.894 -0.929 -1.069 -1.266 -1.386 -1.649 -1.990 -2.207 -2.539 -2.769 -3.038 -3.186 -3.308 -3.417 -3.571 -3.703 -3.799 -3.938 -4.052 -1.067 -3.246
6.25 1.00 2.520 2.595 2.760 2.857 2.929 2.890 2.813 2.734 2.627 2.487 2.359 2.224 2.057 1.732 1.479 1.289 1.128 0.871 0.666 0.493 0.277 0.048 2.520 1.045
6.25 1.26 2.507 2.582 2.746 2.843 2.915 2.875 2.799 2.720 2.614 2.475 2.348 2.213 2.047 1.723 1.470 1.280 1.120 0.864 0.659 0.486 0.270 0.042 2.507 1.037
6.25 1.58 2.490 2.565 2.730 2.826 2.897 2.857 2.782 2.704 2.599 2.460 2.334 2.200 2.034 1.712 1.459 1.270 1.110 0.854 0.650 0.477 0.262 0.035 2.490 1.027
6.25 2.00 2.469 2.545 2.709 2.805 2.876 2.835 2.761 2.683 2.580 2.442 2.317 2.184 2.019 1.698 1.446 1.257 1.098 0.843 0.639 0.467 0.253 0.026 2.469 1.014
6.25 2.51 2.444 2.520 2.683 2.780 2.849 2.809 2.735 2.658 2.556 2.420 2.297 2.165 2.001 1.681 1.430 1.242 1.083 0.829 0.626 0.455 0.241 0.015 2.444 0.998
6.25 3.16 2.414 2.490 2.653 2.749 2.817 2.776 2.703 2.628 2.528 2.394 2.272 2.142 1.979 1.660 1.411 1.223 1.065 0.812 0.610 0.440 0.227 0.002 2.414 0.979
6.25 3.98 2.377 2.454 2.616 2.712 2.779 2.738 2.666 2.593 2.494 2.362 2.243 2.114 1.952 1.635 1.387 1.201 1.044 0.792 0.591 0.421 0.209 -0.014 2.377 0.957
6.25 5.01 2.334 2.411 2.572 2.668 2.733 2.692 2.622 2.550 2.454 2.325 2.208 2.081 1.921 1.606 1.360 1.174 1.018 0.768 0.568 0.400 0.189 -0.033 2.334 0.930
6.25 6.31 2.284 2.360 2.520 2.616 2.680 2.639 2.570 2.500 2.407 2.281 2.166 2.041 1.883 1.571 1.327 1.143 0.988 0.740 0.541 0.374 0.164 -0.055 2.284 0.898
6.25 7.94 2.225 2.301 2.460 2.555 2.618 2.577 2.509 2.442 2.353 2.229 2.118 1.996 1.839 1.530 1.288 1.106 0.952 0.707 0.509 0.344 0.136 -0.081 2.225 0.861
6.25 10.00 2.157 2.234 2.391 2.486 2.547 2.506 2.440 2.376 2.290 2.170 2.062 1.943 1.789 1.483 1.244 1.064 0.911 0.668 0.473 0.309 0.103 -0.112 2.157 0.818
6.25 12.59 2.081 2.157 2.312 2.406 2.466 2.425 2.361 2.300 2.219 2.103 1.999 1.883 1.731 1.429 1.193 1.015 0.863 0.624 0.431 0.269 0.065 -0.147 2.081 0.769
6.25 15.85 1.996 2.070 2.223 2.318 2.375 2.336 2.274 2.216 2.139 2.028 1.928 1.815 1.666 1.369 1.136 0.960 0.810 0.573 0.382 0.223 0.021 -0.187 1.996 0.713
6.25 19.95 1.902 1.975 2.125 2.219 2.275 2.237 2.177 2.123 2.050 1.944 1.848 1.739 1.593 1.300 1.071 0.897 0.749 0.517 0.328 0.171 -0.028 -0.233 1.902 0.651
6.25 25.12 1.799 1.870 2.017 2.111 2.166 2.128 2.071 2.021 1.953 1.851 1.760 1.655 1.512 1.224 0.999 0.828 0.682 0.453 0.267 0.113 -0.084 -0.284 1.799 0.581
6.25 31.62 1.688 1.757 1.901 1.995 2.047 2.012 1.956 1.910 1.847 1.750 1.664 1.562 1.422 1.139 0.919 0.750 0.607 0.382 0.199 0.048 -0.146 -0.342 1.688 0.504
6.25 39.81 1.569 1.635 1.776 1.870 1.921 1.887 1.833 1.791 1.733 1.640 1.559 1.460 1.324 1.046 0.830 0.665 0.523 0.304 0.124 -0.025 -0.216 -0.407 1.569 0.419
6.25 50.12 1.444 1.507 1.643 1.737 1.787 1.754 1.703 1.664 1.611 1.521 1.445 1.349 1.215 0.943 0.732 0.570 0.431 0.216 0.039 -0.106 -0.294 -0.480 1.444 0.326
6.25 63.10 1.311 1.371 1.504 1.597 1.645 1.614 1.564 1.529 1.479 1.393 1.321 1.227 1.097 0.830 0.624 0.465 0.328 0.119 -0.055 -0.197 -0.381 -0.563 1.311 0.223
6.25 79.43 1.173 1.229 1.357 1.451 1.497 1.467 1.417 1.385 1.339 1.255 1.186 1.094 0.966 0.704 0.503 0.348 0.214 0.010 -0.160 -0.299 -0.480 -0.656 1.173 0.109
6.25 100.00 1.029 1.080 1.205 1.298 1.342 1.312 1.263 1.234 1.189 1.106 1.040 0.947 0.821 0.565 0.369 0.218 0.086 -0.113 -0.279 -0.414 -0.592 -0.763 1.029 -0.017
6.25 125.89 0.878 0.925 1.045 1.139 1.180 1.151 1.100 1.073 1.028 0.944 0.879 0.785 0.660 0.409 0.219 0.071 -0.058 -0.252 -0.415 -0.546 -0.720 -0.885 0.878 -0.159
6.25 158.49 0.722 0.765 0.880 0.973 1.012 0.981 0.928 0.901 0.855 0.768 0.702 0.604 0.479 0.233 0.048 -0.097 -0.222 -0.411 -0.570 -0.697 -0.867 -1.027 0.722 -0.318
6.25 199.53 0.559 0.597 0.708 0.801 0.836 0.802 0.745 0.718 0.667 0.573 0.506 0.400 0.274 0.031 -0.148 -0.288 -0.411 -0.594 -0.749 -0.873 -1.039 -1.194 0.559 -0.499
6.25 251.19 0.389 0.422 0.528 0.621 0.652 0.614 0.550 0.521 0.461 0.357 0.284 0.169 0.039 -0.200 -0.374 -0.510 -0.631 -0.808 -0.959 -1.079 -1.241 -1.390 0.389 -0.708
6.25 316.23 0.210 0.239 0.340 0.433 0.458 0.413 0.341 0.307 0.234 0.113 0.033 -0.097 -0.233 -0.470 -0.638 -0.771 -0.888 -1.059 -1.207 -1.323 -1.481 -1.624 0.210 -0.950
6.25 398.11 0.021 0.045 0.142 0.235 0.252 0.199 0.113 0.071 -0.020 -0.163 -0.256 -0.407 -0.551 -0.787 -0.949 -1.078 -1.192 -1.358 -1.502 -1.614 -1.768 -1.906 0.021 -1.235
6.25 501.19 -0.179 -0.160 -0.069 0.025 0.033 -0.034 -0.137 -0.190 -0.307 -0.480 -0.592 -0.771 -0.927 -1.164 -1.320 -1.445 -1.557 -1.716 -1.856 -1.964 -2.115 -2.246 -0.179 -1.573
6.25 630.96 -0.395 -0.380 -0.294 -0.200 -0.203 -0.288 -0.414 -0.482 -0.635 -0.849 -0.986 -1.202 -1.375 -1.616 -1.766 -1.887 -1.995 -2.149 -2.285 -2.389 -2.536 -2.661 -0.395 -1.977
6.25 794.33 -0.628 -0.618 -0.537 -0.444 -0.460 -0.568 -0.726 -0.815 -1.015 -1.283 -1.453 -1.718 -1.913 -2.161 -2.305 -2.422 -2.528 -2.675 -2.807 -2.908 -3.051 -3.170 -0.628 -2.464
6.25 1000.00 -0.884 -0.879 -0.802 -0.709 -0.744 -0.883 -1.080 -1.198 -1.460 -1.798 -2.013 -2.342 -2.567 -2.824 -2.962 -3.075 -3.178 -3.320 -3.448 -3.544 -3.683 -3.797 -0.884 -3.057
6.50 1.00 2.595 2.664 2.826 2.923 3.000 2.966 2.893 2.817 2.716 2.581 2.459 2.330 2.171 1.860 1.618 1.437 1.285 1.041 0.841 0.669 0.455 0.228 2.595 1.157
6.50 1.26 2.582 2.652 2.814 2.911 2.987 2.953 2.880 2.804 2.704 2.570 2.449 2.321 2.162 1.852 1.610 1.430 1.278 1.034 0.835 0.663 0.449 0.223 2.582 1.149
6.50 1.58 2.567 2.637 2.799 2.896 2.971 2.937 2.864 2.789 2.690 2.557 2.437 2.309 2.151 1.841 1.600 1.421 1.269 1.026 0.827 0.656 0.442 0.217 2.567 1.140
6.50 2.00 2.549 2.619 2.780 2.877 2.951 2.917 2.845 2.771 2.673 2.541 2.422 2.295 2.137 1.829 1.589 1.409 1.258 1.016 0.817 0.647 0.434 0.209 2.549 1.128
6.50 2.51 2.526 2.597 2.757 2.854 2.927 2.893 2.821 2.748 2.652 2.521 2.403 2.277 2.121 1.813 1.574 1.395 1.245 1.003 0.805 0.635 0.423 0.199 2.526 1.114
6.50 3.16 2.498 2.569 2.730 2.826 2.899 2.863 2.793 2.721 2.626 2.497 2.381 2.256 2.101 1.795 1.557 1.379 1.228 0.988 0.791 0.622 0.410 0.188 2.498 1.097
6.50 3.98 2.465 2.537 2.696 2.793 2.864 2.828 2.759 2.688 2.595 2.469 2.354 2.231 2.076 1.772 1.535 1.358 1.209 0.970 0.774 0.605 0.395 0.173 2.465 1.076
6.50 5.01 2.426 2.498 2.657 2.753 2.822 2.787 2.718 2.650 2.559 2.434 2.322 2.200 2.047 1.745 1.510 1.334 1.185 0.948 0.753 0.586 0.376 0.156 2.426 1.052
6.50 6.31 2.380 2.452 2.610 2.706 2.773 2.737 2.670 2.604 2.515 2.393 2.283 2.164 2.013 1.713 1.480 1.305 1.157 0.922 0.728 0.562 0.354 0.136 2.380 1.023
6.50 7.94 2.325 2.398 2.554 2.650 2.716 2.680 2.614 2.550 2.465 2.346 2.239 2.122 1.972 1.676 1.445 1.271 1.125 0.891 0.699 0.534 0.328 0.112 2.325 0.988
6.50 10.00 2.263 2.335 2.490 2.586 2.650 2.614 2.550 2.488 2.406 2.291 2.187 2.073 1.926 1.632 1.403 1.232 1.086 0.856 0.665 0.502 0.297 0.084 2.263 0.948
6.50 12.59 2.192 2.264 2.417 2.512 2.575 2.538 2.476 2.417 2.340 2.228 2.128 2.016 1.872 1.582 1.356 1.186 1.042 0.815 0.626 0.465 0.261 0.051 2.192 0.902
6.50 15.85 2.111 2.183 2.334 2.429 2.490 2.454 2.394 2.338 2.265 2.157 2.061 1.952 1.810 1.524 1.302 1.134 0.992 0.767 0.581 0.422 0.221 0.014 2.111 0.850
6.50 19.95 2.023 2.093 2.242 2.337 2.395 2.360 2.302 2.250 2.181 2.077 1.985 1.881 1.741 1.460 1.241 1.075 0.935 0.714 0.530 0.373 0.174 -0.029 2.023 0.791
6.50 25.12 1.925 1.994 2.140 2.235 2.291 2.257 2.201 2.152 2.088 1.989 1.902 1.800 1.664 1.387 1.172 1.009 0.871 0.654 0.472 0.318 0.122 -0.078 1.925 0.725
6.50 31.62 1.819 1.886 2.029 2.124 2.178 2.145 2.091 2.046 1.987 1.892 1.809 1.711 1.578 1.306 1.095 0.935 0.799 0.586 0.407 0.256 0.063 -0.133 1.819 0.651
6.50 39.81 1.705 1.770 1.910 2.004 2.057 2.025 1.973 1.932 1.877 1.787 1.708 1.613 1.483 1.216 1.010 0.853 0.719 0.511 0.335 0.186 -0.004 -0.195 1.705 0.569
6.50 50.12 1.584 1.646 1.782 1.876 1.927 1.897 1.846 1.809 1.758 1.672 1.598 1.506 1.378 1.117 0.915 0.762 0.630 0.426 0.253 0.108 -0.079 -0.265 1.584 0.479
6.50 63.10 1.456 1.515 1.647 1.741 1.791 1.761 1.712 1.678 1.631 1.548 1.478 1.388 1.263 1.007 0.810 0.660 0.531 0.332 0.162 0.020 -0.163 -0.345 1.456 0.379
6.50 79.43 1.322 1.377 1.505 1.599 1.646 1.618 1.569 1.539 1.495 1.414 1.347 1.258 1.135 0.885 0.693 0.546 0.419 0.226 0.060 -0.079 -0.259 -0.435 1.322 0.268
6.50 100.00 1.181 1.232 1.357 1.450 1.495 1.467 1.419 1.391 1.348 1.268 1.204 1.115 0.994 0.749 0.562 0.419 0.295 0.106 -0.056 -0.191 -0.368 -0.539 1.181 0.145
6.50 125.89 1.034 1.081 1.201 1.295 1.338 1.309 1.259 1.233 1.191 1.109 1.047 0.956 0.836 0.596 0.415 0.275 0.153 -0.030 -0.189 -0.320 -0.493 -0.659 1.034 0.006
6.50 158.49 0.881 0.924 1.040 1.133 1.173 1.143 1.091 1.065 1.021 0.936 0.873 0.778 0.658 0.422 0.247 0.111 -0.008 -0.186 -0.341 -0.469 -0.638 -0.798 0.881 -0.150
6.50 199.53 0.722 0.760 0.871 0.964 1.000 0.967 0.911 0.885 0.836 0.744 0.679 0.577 0.456 0.224 0.054 -0.078 -0.194 -0.366 -0.518 -0.642 -0.808 -0.962 0.722 -0.329
6.50 251.19 0.554 0.588 0.694 0.788 0.819 0.782 0.719 0.691 0.633 0.531 0.460 0.348 0.224 -0.005 -0.169 -0.298 -0.411 -0.577 -0.725 -0.845 -1.007 -1.156 0.554 -0.535
6.50 316.23 0.379 0.408 0.509 0.603 0.628 0.584 0.512 0.479 0.408 0.290 0.212 0.085 -0.045 -0.272 -0.430 -0.555 -0.666 -0.826 -0.970 -1.086 -1.244 -1.387 0.379 -0.775
6.50 398.11 0.193 0.217 0.314 0.407 0.426 0.373 0.288 0.247 0.157 0.017 -0.074 -0.222 -0.361 -0.587 -0.739 -0.860 -0.968 -1.122 -1.262 -1.375 -1.529 -1.666 0.193 -1.057
6.50 501.19 -0.005 0.015 0.106 0.200 0.209 0.143 0.041 -0.011 -0.127 -0.298 -0.407 -0.583 -0.734 -0.961 -1.108 -1.225 -1.329 -1.478 -1.614 -1.722 -1.873 -2.004 -0.005 -1.393
6.50 630.96 -0.217 -0.203 -0.116 -0.022 -0.024 -0.108 -0.234 -0.301 -0.452 -0.664 -0.798 -1.012 -1.179 -1.410 -1.550 -1.664 -1.765 -1.908 -2.040 -2.145 -2.291 -2.417 -0.217 -1.795
6.50 794.33 -0.448 -0.438 -0.356 -0.263 -0.279 -0.386 -0.543 -0.631 -0.829 -1.095 -1.263 -1.525 -1.715 -1.952 -2.087 -2.196 -2.295 -2.432 -2.560 -2.661 -2.803 -2.923 -0.448 -2.280
6.50 1000.00 -0.701 -0.696 -0.619 -0.526 -0.560 -0.698 -0.894 -1.012 -1.271 -1.608 -1.820 -2.146 -2.366 -2.613 -2.742 -2.847 -2.942 -3.074 -3.198 -3.295 -3.433 -3.547 -0.701 -2.870
6.75 1.00 2.669 2.733 2.892 2.990 3.070 3.043 2.972 2.900 2.805 2.676 2.560 2.437 2.285 1.987 1.755 1.584 1.439 1.208 1.013 0.842 0.630 0.406 2.669 1.267
6.75 1.26 2.658 2.722 2.881 2.979 3.058 3.031 2.961 2.889 2.794 2.666 2.551 2.428 2.277 1.979 1.748 1.577 1.433 1.202 1.007 0.837 0.625 0.401 2.658 1.261
6.75 1.58 2.645 2.709 2.867 2.965 3.044 3.017 2.947 2.875 2.782 2.655 2.540 2.418 2.267 1.970 1.740 1.569 1.425 1.194 1.000 0.830 0.619 0.395 2.645 1.252
6.75 2.00 2.628 2.692 2.851 2.948 3.027 2.999 2.929 2.859 2.766 2.640 2.526 2.405 2.255 1.959 1.729 1.559 1.415 1.185 0.991 0.822 0.611 0.388 2.628 1.242
6.75 2.51 2.608 2.672 2.830 2.928 3.005 2.977 2.908 2.838 2.747 2.622 2.509 2.389 2.240 1.945 1.716 1.546 1.403 1.174 0.981 0.812 0.601 0.380 2.608 1.229
6.75 3.16 2.583 2.648 2.806 2.903 2.979 2.950 2.882 2.814 2.724 2.600 2.489 2.370 2.221 1.928 1.700 1.531 1.388 1.160 0.968 0.800 0.590 0.369 2.583 1.214
6.75 3.98 2.553 2.619 2.776 2.873 2.948 2.918 2.851 2.784 2.696 2.574 2.464 2.347 2.199 1.907 1.681 1.513 1.371 1.144 0.952 0.785 0.576 0.356 2.553 1.195
6.75 5.01 2.517 2.583 2.740 2.837 2.910 2.880 2.814 2.748 2.662 2.543 2.435 2.319 2.173 1.883 1.658 1.490 1.349 1.124 0.933 0.767 0.559 0.341 2.517 1.172
6.75 6.31 2.475 2.541 2.697 2.794 2.865 2.835 2.770 2.706 2.622 2.505 2.400 2.286 2.141 1.853 1.630 1.464 1.324 1.100 0.911 0.746 0.539 0.322 2.475 1.145
6.75 7.94 2.425 2.492 2.646 2.743 2.813 2.782 2.718 2.656 2.576 2.461 2.358 2.247 2.104 1.819 1.598 1.433 1.293 1.072 0.884 0.720 0.515 0.301 2.425 1.114
6.75 10.00 2.367 2.435 2.588 2.684 2.751 2.720 2.658 2.599 2.522 2.410 2.310 2.201 2.060 1.778 1.560 1.396 1.258 1.039 0.852 0.691 0.486 0.275 2.367 1.077
6.75 12.59 2.301 2.368 2.520 2.616 2.681 2.650 2.589 2.533 2.459 2.352 2.255 2.148 2.010 1.731 1.515 1.354 1.217 1.001 0.816 0.656 0.453 0.245 2.301 1.034
6.75 15.85 2.226 2.293 2.443 2.539 2.602 2.570 2.512 2.458 2.389 2.285 2.192 2.088 1.952 1.677 1.465 1.305 1.170 0.957 0.774 0.616 0.416 0.210 2.226 0.985
6.75 19.95 2.142 2.209 2.357 2.452 2.513 2.482 2.425 2.375 2.309 2.210 2.121 2.020 1.887 1.616 1.407 1.250 1.116 0.906 0.726 0.570 0.372 0.170 2.142 0.929
6.75 25.12 2.049 2.116 2.261 2.356 2.415 2.384 2.329 2.282 2.221 2.126 2.041 1.944 1.813 1.547 1.342 1.187 1.055 0.849 0.671 0.518 0.322 0.124 2.049 0.866
6.75 31.62 1.949 2.013 2.156 2.250 2.307 2.277 2.224 2.181 2.125 2.033 1.953 1.859 1.731 1.470 1.269 1.117 0.987 0.785 0.610 0.459 0.266 0.072 1.949 0.796
6.75 39.81 1.840 1.902 2.042 2.136 2.191 2.161 2.111 2.071 2.019 1.932 1.856 1.765 1.640 1.384 1.187 1.038 0.910 0.712 0.540 0.392 0.202 0.012 1.840 0.717
6.75 50.12 1.723 1.783 1.919 2.014 2.066 2.038 1.989 1.953 1.905 1.821 1.750 1.661 1.539 1.288 1.096 0.950 0.824 0.631 0.462 0.317 0.130 -0.055 1.723 0.630
6.75 63.10 1.600 1.657 1.789 1.883 1.934 1.906 1.858 1.826 1.781 1.701 1.633 1.546 1.427 1.181 0.994 0.851 0.728 0.540 0.374 0.232 0.049 -0.132 1.600 0.533
6.75 79.43 1.469 1.523 1.652 1.746 1.794 1.767 1.720 1.690 1.649 1.570 1.506 1.420 1.303 1.063 0.880 0.741 0.620 0.437 0.274 0.136 -0.044 -0.220 1.469 0.425
6.75 100.00 1.333 1.383 1.507 1.601 1.647 1.620 1.573 1.546 1.506 1.428 1.366 1.280 1.165 0.929 0.752 0.616 0.498 0.320 0.161 0.027 -0.150 -0.321 1.333 0.305
6.75 125.89 1.190 1.236 1.356 1.450 1.493 1.466 1.417 1.392 1.352 1.273 1.212 1.124 1.010 0.779 0.607 0.475 0.360 0.187 0.032 -0.099 -0.273 -0.438 1.190 0.169
6.75 158.49 1.040 1.082 1.198 1.292 1.332 1.303 1.252 1.228 1.185 1.102 1.041 0.950 0.835 0.609 0.442 0.314 0.201 0.034 -0.118 -0.245 -0.415 -0.575 1.040 0.015
6.75 199.53 0.883 0.922 1.033 1.126 1.163 1.131 1.076 1.051 1.003 0.914 0.851 0.752 0.636 0.414 0.252 0.128 0.018 -0.144 -0.292 -0.415 -0.581 -0.736 0.883 -0.161
6.75 251.19 0.719 0.753 0.859 0.953 0.985 0.949 0.887 0.859 0.804 0.703 0.635 0.526 0.406 0.187 0.032 -0.089 -0.196 -0.352 -0.496 -0.616 -0.778 -0.927 0.719 -0.365
6.75 316.23 0.547 0.576 0.677 0.771 0.797 0.754 0.683 0.651 0.582 0.466 0.389 0.265 0.140 -0.077 -0.227 -0.344 -0.448 -0.598 -0.739 -0.855 -1.013 -1.156 0.547 -0.602
6.75 398.11 0.364 0.388 0.485 0.579 0.598 0.545 0.461 0.422 0.334 0.195 0.106 -0.039 -0.172 -0.389 -0.533 -0.646 -0.747 -0.891 -1.028 -1.141 -1.295 -1.432 0.364 -0.882
6.75 501.19 0.169 0.189 0.281 0.374 0.384 0.319 0.217 0.166 0.052 -0.117 -0.224 -0.397 -0.543 -0.760 -0.898 -1.008 -1.106 -1.244 -1.377 -1.486 -1.636 -1.767 0.169 -1.215
6.75 630.96 -0.041 -0.026 0.061 0.155 0.153 0.070 -0.055 -0.121 -0.270 -0.480 -0.613 -0.823 -0.985 -1.206 -1.338 -1.444 -1.539 -1.672 -1.801 -1.906 -2.052 -2.177 -0.041 -1.614
6.75 794.33 -0.269 -0.259 -0.176 -0.083 -0.099 -0.205 -0.361 -0.449 -0.645 -0.909 -1.075 -1.334 -1.519 -1.746 -1.873 -1.974 -2.067 -2.193 -2.318 -2.419 -2.562 -2.681 -0.269 -2.097
6.75 1000.00 -0.519 -0.514 -0.437 -0.343 -0.377 -0.514 -0.709 -0.826 -1.084 -1.419 -1.629 -1.952 -2.167 -2.404 -2.524 -2.622 -2.712 -2.833 -2.954 -3.050 -3.189 -3.302 -0.519 -2.685
7.00 1.00 2.745 2.801 2.957 3.056 3.141 3.121 3.053 2.984 2.894 2.771 2.660 2.543 2.398 2.112 1.892 1.728 1.591 1.371 1.181 1.012 0.801 0.579 2.745 1.377
7.00 1.26 2.735 2.792 2.947 3.046 3.130 3.110 3.042 2.974 2.885 2.763 2.652 2.536 2.391 2.106 1.885 1.722 1.585 1.366 1.176 1.007 0.797 0.575 2.735 1.371
7.00 1.58 2.723 2.780 2.935 3.034 3.118 3.097 3.030 2.962 2.874 2.752 2.642 2.526 2.382 2.097 1.878 1.715 1.578 1.359 1.170 1.001 0.791 0.570 2.723 1.364
7.00 2.00 2.708 2.765 2.921 3.019 3.102 3.081 3.014 2.947 2.860 2.739 2.630 2.515 2.371 2.087 1.868 1.706 1.569 1.351 1.162 0.994 0.784 0.564 2.708 1.354
7.00 2.51 2.690 2.748 2.903 3.001 3.083 3.061 2.995 2.929 2.842 2.723 2.615 2.500 2.358 2.075 1.856 1.695 1.558 1.341 1.152 0.985 0.776 0.556 2.690 1.343
7.00 3.16 2.667 2.726 2.880 2.979 3.059 3.037 2.971 2.906 2.821 2.703 2.596 2.483 2.341 2.059 1.842 1.681 1.545 1.329 1.141 0.974 0.765 0.547 2.667 1.329
7.00 3.98 2.640 2.699 2.853 2.952 3.031 3.008 2.943 2.879 2.796 2.679 2.574 2.462 2.321 2.041 1.824 1.664 1.529 1.314 1.126 0.961 0.753 0.535 2.640 1.312
7.00 5.01 2.607 2.668 2.821 2.919 2.996 2.973 2.909 2.846 2.765 2.651 2.547 2.437 2.297 2.018 1.803 1.644 1.510 1.296 1.109 0.944 0.737 0.521 2.607 1.291
7.00 6.31 2.569 2.629 2.782 2.880 2.956 2.931 2.869 2.808 2.729 2.616 2.515 2.406 2.268 1.991 1.778 1.620 1.486 1.274 1.089 0.925 0.719 0.505 2.569 1.267
7.00 7.94 2.523 2.584 2.736 2.834 2.907 2.882 2.821 2.762 2.686 2.576 2.477 2.370 2.233 1.959 1.748 1.591 1.458 1.248 1.064 0.902 0.697 0.485 2.523 1.237
7.00 10.00 2.470 2.532 2.683 2.780 2.851 2.825 2.765 2.709 2.635 2.528 2.433 2.328 2.193 1.922 1.713 1.557 1.426 1.218 1.035 0.874 0.671 0.461 2.470 1.203
7.00 12.59 2.408 2.471 2.620 2.717 2.786 2.760 2.701 2.647 2.577 2.474 2.381 2.279 2.146 1.878 1.672 1.518 1.388 1.182 1.001 0.842 0.641 0.433 2.408 1.163
7.00 15.85 2.338 2.401 2.549 2.645 2.712 2.685 2.629 2.577 2.511 2.411 2.322 2.223 2.092 1.828 1.624 1.473 1.344 1.141 0.962 0.805 0.605 0.401 2.338 1.117
7.00 19.95 2.259 2.323 2.469 2.564 2.629 2.602 2.547 2.499 2.436 2.340 2.255 2.158 2.031 1.770 1.570 1.420 1.293 1.094 0.917 0.762 0.565 0.363 2.259 1.065
7.00 25.12 2.172 2.235 2.379 2.474 2.536 2.509 2.456 2.411 2.353 2.261 2.179 2.086 1.961 1.705 1.508 1.361 1.236 1.040 0.865 0.713 0.518 0.320 2.172 1.005
7.00 31.62 2.076 2.138 2.279 2.375 2.434 2.407 2.356 2.314 2.261 2.172 2.095 2.005 1.883 1.631 1.438 1.294 1.170 0.978 0.807 0.657 0.464 0.271 2.076 0.938
7.00 39.81 1.972 2.033 2.171 2.266 2.323 2.296 2.247 2.209 2.160 2.075 2.002 1.915 1.795 1.549 1.360 1.218 1.097 0.909 0.740 0.593 0.404 0.214 1.972 0.863
7.00 50.12 1.861 1.919 2.054 2.149 2.204 2.177 2.129 2.095 2.049 1.968 1.900 1.814 1.698 1.456 1.272 1.133 1.014 0.831 0.665 0.521 0.335 0.150 1.861 0.779
7.00 63.10 1.742 1.797 1.929 2.024 2.076 2.050 2.004 1.972 1.930 1.852 1.787 1.704 1.589 1.353 1.174 1.038 0.921 0.743 0.580 0.439 0.256 0.076 1.742 0.685
7.00 79.43 1.616 1.669 1.796 1.891 1.941 1.915 1.869 1.841 1.801 1.725 1.663 1.581 1.468 1.237 1.063 0.931 0.817 0.643 0.484 0.346 0.166 -0.010 1.616 0.580
7.00 100.00 1.483 1.532 1.656 1.751 1.798 1.773 1.726 1.700 1.662 1.586 1.527 1.444 1.333 1.107 0.938 0.809 0.698 0.529 0.373 0.239 0.062 -0.108 1.483 0.462
7.00 125.89 1.343 1.389 1.509 1.603 1.648 1.622 1.574 1.550 1.512 1.435 1.376 1.291 1.182 0.960 0.797 0.671 0.562 0.399 0.247 0.116 -0.057 -0.222 1.343 0.329
7.00 158.49 1.197 1.239 1.355 1.449 1.490 1.462 1.412 1.389 1.348 1.267 1.209 1.120 1.010 0.793 0.634 0.513 0.406 0.249 0.100 -0.027 -0.197 -0.356 1.197 0.178
7.00 199.53 1.044 1.082 1.193 1.287 1.324 1.294 1.239 1.215 1.169 1.082 1.021 0.925 0.813 0.600 0.448 0.330 0.226 0.074 -0.071 -0.195 -0.361 -0.514 1.044 0.004
7.00 251.19 0.883 0.917 1.023 1.117 1.150 1.115 1.054 1.027 0.973 0.874 0.808 0.702 0.587 0.377 0.230 0.116 0.015 -0.132 -0.273 -0.393 -0.555 -0.703 0.883 -0.197
7.00 316.23 0.714 0.743 0.845 0.938 0.965 0.923 0.853 0.822 0.754 0.640 0.565 0.444 0.324 0.116 -0.026 -0.136 -0.234 -0.375 -0.513 -0.629 -0.787 -0.929 0.714 -0.432
7.00 398.11 0.534 0.558 0.655 0.749 0.769 0.717 0.634 0.595 0.509 0.372 0.285 0.143 0.014 -0.193 -0.329 -0.436 -0.531 -0.666 -0.800 -0.912 -1.066 -1.203 0.534 -0.709
7.00 501.19 0.342 0.362 0.454 0.548 0.558 0.493 0.393 0.343 0.230 0.063 -0.042 -0.212 -0.354 -0.562 -0.692 -0.795 -0.887 -1.016 -1.146 -1.254 -1.405 -1.536 0.342 -1.039
7.00 630.96 0.135 0.150 0.237 0.331 0.330 0.248 0.124 0.058 -0.090 -0.298 -0.428 -0.636 -0.794 -1.006 -1.130 -1.229 -1.318 -1.441 -1.567 -1.672 -1.818 -1.943 0.135 -1.436
7.00 794.33 -0.090 -0.080 0.002 0.096 0.081 -0.025 -0.180 -0.267 -0.461 -0.724 -0.888 -1.144 -1.324 -1.543 -1.661 -1.756 -1.843 -1.960 -2.082 -2.183 -2.325 -2.445 -0.090 -1.917
7.00 1000.00 -0.338 -0.333 -0.255 -0.161 -0.194 -0.331 -0.526 -0.642 -0.898 -1.231 -1.440 -1.760 -1.970 -2.198 -2.311 -2.402 -2.485 -2.597 -2.715 -2.811 -2.950 -3.063 -0.338 -2.502
7.25 1.00 2.821 2.870 3.023 3.122 3.212 3.199 3.134 3.069 2.985 2.867 2.761 2.650 2.512 2.237 2.026 1.871 1.740 1.531 1.346 1.178 0.969 0.750 2.821 1.487
7.25 1.26 2.812 2.862 3.014 3.114 3.202 3.190 3.125 3.060 2.976 2.860 2.754 2.643 2.505 2.231 2.021 1.866 1.735 1.527 1.341 1.174 0.965 0.746 2.812 1.481
7.25 1.58 2.801 2.851 3.003 3.103 3.191 3.178 3.113 3.049 2.966 2.850 2.745 2.635 2.497 2.224 2.014 1.859 1.729 1.521 1.335 1.169 0.960 0.742 2.801 1.474
7.25 2.00 2.788 2.838 2.990 3.090 3.177 3.163 3.099 3.035 2.953 2.838 2.734 2.624 2.487 2.215 2.005 1.851 1.721 1.513 1.328 1.162 0.954 0.736 2.788 1.466
7.25 2.51 2.772 2.822 2.974 3.073 3.160 3.145 3.082 3.019 2.938 2.824 2.720 2.612 2.475 2.203 1.994 1.841 1.711 1.504 1.320 1.154 0.946 0.729 2.772 1.456
7.25 3.16 2.751 2.803 2.954 3.053 3.139 3.124 3.060 2.998 2.919 2.806 2.704 2.596 2.460 2.189 1.981 1.828 1.699 1.493 1.309 1.144 0.937 0.721 2.751 1.443
7.25 3.98 2.727 2.779 2.930 3.029 3.113 3.097 3.035 2.974 2.896 2.784 2.683 2.577 2.442 2.172 1.966 1.813 1.684 1.480 1.297 1.132 0.926 0.710 2.727 1.428
7.25 5.01 2.697 2.750 2.901 3.000 3.082 3.065 3.004 2.944 2.868 2.758 2.659 2.553 2.420 2.152 1.946 1.795 1.667 1.463 1.281 1.117 0.912 0.698 2.697 1.409
7.25 6.31 2.662 2.716 2.866 2.964 3.045 3.027 2.967 2.909 2.834 2.726 2.630 2.526 2.393 2.127 1.923 1.773 1.645 1.443 1.262 1.100 0.895 0.683 2.662 1.386
7.25 7.94 2.620 2.675 2.824 2.922 3.001 2.982 2.923 2.867 2.795 2.689 2.595 2.493 2.362 2.098 1.896 1.746 1.620 1.420 1.240 1.079 0.875 0.664 2.620 1.359
7.25 10.00 2.571 2.627 2.775 2.873 2.949 2.930 2.871 2.817 2.748 2.645 2.553 2.453 2.324 2.063 1.863 1.715 1.590 1.392 1.213 1.053 0.851 0.643 2.571 1.328
7.25 12.59 2.514 2.571 2.718 2.816 2.889 2.869 2.812 2.760 2.694 2.594 2.505 2.408 2.281 2.023 1.825 1.679 1.555 1.359 1.182 1.024 0.823 0.617 2.514 1.291
7.25 15.85 2.449 2.507 2.652 2.749 2.820 2.799 2.744 2.695 2.632 2.536 2.450 2.355 2.230 1.976 1.781 1.636 1.513 1.321 1.145 0.989 0.790 0.587 2.449 1.248
7.25 19.95 2.375 2.434 2.578 2.674 2.742 2.720 2.667 2.621 2.562 2.469 2.387 2.295 2.172 1.921 1.730 1.587 1.466 1.276 1.103 0.949 0.752 0.552 2.375 1.198
7.25 25.12 2.293 2.352 2.494 2.590 2.655 2.632 2.581 2.538 2.483 2.394 2.316 2.226 2.106 1.860 1.671 1.531 1.412 1.225 1.055 0.902 0.708 0.512 2.293 1.142
7.25 31.62 2.203 2.261 2.400 2.496 2.559 2.536 2.486 2.446 2.395 2.310 2.236 2.149 2.032 1.789 1.605 1.467 1.350 1.167 0.999 0.849 0.658 0.465 2.203 1.078
7.25 39.81 2.104 2.161 2.298 2.393 2.453 2.430 2.382 2.345 2.298 2.217 2.146 2.062 1.948 1.710 1.530 1.395 1.279 1.101 0.936 0.789 0.600 0.411 2.104 1.006
7.25 50.12 1.997 2.052 2.187 2.282 2.339 2.316 2.269 2.236 2.193 2.114 2.048 1.966 1.854 1.621 1.445 1.313 1.200 1.026 0.863 0.720 0.533 0.349 1.997 0.925
7.25 63.10 1.882 1.936 2.067 2.162 2.216 2.193 2.147 2.117 2.077 2.002 1.939 1.859 1.749 1.522 1.350 1.221 1.110 0.941 0.781 0.641 0.458 0.278 1.882 0.834
7.25 79.43 1.760 1.812 1.939 2.034 2.085 2.062 2.017 1.990 1.952 1.878 1.819 1.739 1.632 1.409 1.243 1.117 1.008 0.844 0.688 0.550 0.370 0.195 1.760 0.732
7.25 100.00 1.632 1.680 1.804 1.898 1.947 1.923 1.878 1.853 1.817 1.743 1.686 1.606 1.500 1.283 1.121 0.999 0.893 0.733 0.580 0.446 0.270 0.100 1.632 0.617
7.25 125.89 1.496 1.541 1.661 1.755 1.801 1.776 1.729 1.706 1.670 1.595 1.538 1.457 1.351 1.139 0.982 0.864 0.760 0.606 0.457 0.326 0.153 -0.012 1.496 0.487
7.25 158.49 1.354 1.395 1.510 1.605 1.647 1.621 1.571 1.549 1.510 1.431 1.374 1.288 1.183 0.974 0.823 0.708 0.607 0.458 0.313 0.186 0.016 -0.143 1.354 0.339
7.25 199.53 1.204 1.241 1.352 1.447 1.485 1.455 1.402 1.378 1.334 1.249 1.189 1.097 0.989 0.785 0.639 0.528 0.430 0.286 0.144 0.021 -0.145 -0.299 1.204 0.168
7.25 251.19 1.047 1.080 1.186 1.280 1.314 1.279 1.219 1.193 1.141 1.044 0.980 0.877 0.766 0.564 0.424 0.317 0.221 0.084 -0.055 -0.175 -0.337 -0.485 1.047 -0.031
7.25 316.23 0.880 0.909 1.011 1.105 1.132 1.091 1.021 0.991 0.925 0.813 0.740 0.622 0.505 0.305 0.171 0.067 -0.025 -0.157 -0.292 -0.408 -0.566 -0.708 0.880 -0.263
7.25 398.11 0.703 0.727 0.825 0.919 0.939 0.888 0.805 0.767 0.683 0.548 0.462 0.323 0.198 -0.001 -0.129 -0.230 -0.319 -0.446 -0.576 -0.688 -0.843 -0.980 0.703 -0.538
7.25 501.19 0.514 0.534 0.626 0.720 0.731 0.667 0.567 0.518 0.407 0.241 0.138 -0.030 -0.166 -0.367 -0.490 -0.586 -0.673 -0.793 -0.920 -1.028 -1.179 -1.310 0.514 -0.866
7.25 630.96 0.310 0.325 0.412 0.506 0.506 0.424 0.301 0.236 0.090 -0.117 -0.246 -0.450 -0.604 -0.808 -0.925 -1.017 -1.101 -1.216 -1.339 -1.443 -1.590 -1.715 0.310 -1.261
7.25 794.33 0.088 0.098 0.180 0.274 0.260 0.155 0.000 -0.086 -0.279 -0.540 -0.702 -0.956 -1.132 -1.343 -1.454 -1.542 -1.623 -1.732 -1.851 -1.951 -2.094 -2.213 0.088 -1.739
7.25 1000.00 -0.158 -0.152 -0.075 0.019 -0.013 -0.149 -0.343 -0.458 -0.713 -1.044 -1.252 -1.569 -1.775 -1.995 -2.100 -2.185 -2.263 -2.366 -2.481 -2.578 -2.716 -2.830 -0.158 -2.322
7.50 1.00 2.898 2.939 3.088 3.189 3.283 3.278 3.216 3.154 3.075 2.964 2.863 2.757 2.625 2.361 2.159 2.012 1.887 1.688 1.507 1.341 1.134 0.917 2.898 1.596
7.50 1.26 2.890 2.932 3.080 3.181 3.275 3.270 3.207 3.146 3.068 2.957 2.856 2.751 2.619 2.356 2.154 2.007 1.882 1.684 1.503 1.337 1.130 0.914 2.890 1.591
7.50 1.58 2.880 2.923 3.071 3.171 3.265 3.259 3.197 3.136 3.059 2.948 2.848 2.743 2.612 2.349 2.148 2.001 1.877 1.679 1.498 1.333 1.126 0.910 2.880 1.585
7.50 2.00 2.868 2.911 3.059 3.160 3.252 3.246 3.184 3.124 3.047 2.937 2.838 2.734 2.603 2.341 2.140 1.993 1.870 1.672 1.492 1.327 1.120 0.905 2.868 1.577
7.50 2.51 2.854 2.897 3.045 3.145 3.237 3.230 3.169 3.109 3.033 2.924 2.826 2.722 2.592 2.331 2.131 1.984 1.861 1.664 1.484 1.320 1.113 0.898 2.854 1.568
7.50 3.16 2.835 2.879 3.027 3.127 3.218 3.210 3.150 3.091 3.016 2.908 2.811 2.708 2.579 2.318 2.119 1.973 1.850 1.654 1.474 1.311 1.105 0.891 2.835 1.556
7.50 3.98 2.813 2.858 3.005 3.105 3.194 3.186 3.126 3.068 2.995 2.888 2.793 2.691 2.562 2.303 2.105 1.959 1.837 1.642 1.463 1.300 1.095 0.882 2.813 1.542
7.50 5.01 2.787 2.832 2.979 3.079 3.166 3.157 3.098 3.041 2.970 2.865 2.770 2.670 2.542 2.284 2.087 1.943 1.821 1.627 1.449 1.287 1.082 0.870 2.787 1.525
7.50 6.31 2.754 2.801 2.948 3.047 3.133 3.123 3.064 3.009 2.939 2.836 2.743 2.644 2.518 2.262 2.066 1.923 1.801 1.609 1.432 1.270 1.067 0.857 2.754 1.504
7.50 7.94 2.716 2.764 2.910 3.009 3.093 3.081 3.024 2.970 2.903 2.802 2.711 2.614 2.489 2.235 2.041 1.899 1.778 1.587 1.411 1.251 1.049 0.840 2.716 1.480
7.50 10.00 2.671 2.720 2.865 2.964 3.045 3.033 2.977 2.925 2.860 2.761 2.673 2.578 2.454 2.203 2.011 1.870 1.750 1.562 1.387 1.228 1.027 0.820 2.671 1.451
7.50 12.59 2.619 2.669 2.813 2.912 2.990 2.976 2.921 2.872 2.810 2.714 2.629 2.535 2.414 2.165 1.975 1.836 1.717 1.531 1.358 1.200 1.001 0.796 2.619 1.416
7.50 15.85 2.558 2.610 2.753 2.851 2.926 2.911 2.858 2.811 2.752 2.659 2.577 2.486 2.366 2.121 1.934 1.796 1.679 1.495 1.324 1.168 0.971 0.769 2.558 1.376
7.50 19.95 2.490 2.542 2.684 2.781 2.854 2.837 2.786 2.741 2.686 2.597 2.518 2.429 2.312 2.070 1.886 1.750 1.635 1.454 1.284 1.131 0.935 0.736 2.490 1.329
7.50 25.12 2.413 2.466 2.606 2.703 2.772 2.755 2.704 2.663 2.611 2.526 2.450 2.365 2.250 2.012 1.831 1.697 1.583 1.406 1.238 1.087 0.894 0.698 2.413 1.276
7.50 31.62 2.327 2.380 2.518 2.615 2.681 2.663 2.614 2.576 2.528 2.446 2.374 2.291 2.179 1.945 1.768 1.637 1.525 1.351 1.186 1.037 0.846 0.654 2.327 1.215
7.50 39.81 2.233 2.286 2.422 2.518 2.581 2.562 2.515 2.480 2.436 2.357 2.289 2.208 2.098 1.869 1.696 1.568 1.458 1.288 1.125 0.979 0.791 0.603 2.233 1.146
7.50 50.12 2.131 2.183 2.316 2.412 2.472 2.452 2.406 2.375 2.334 2.258 2.194 2.116 2.008 1.784 1.615 1.489 1.381 1.216 1.056 0.913 0.727 0.543 2.131 1.069
7.50 63.10 2.021 2.072 2.202 2.298 2.354 2.334 2.289 2.261 2.223 2.150 2.089 2.012 1.907 1.687 1.523 1.400 1.295 1.134 0.977 0.837 0.654 0.475 2.021 0.981
7.50 79.43 1.904 1.953 2.080 2.175 2.228 2.208 2.163 2.137 2.102 2.030 1.973 1.896 1.793 1.578 1.419 1.299 1.196 1.040 0.886 0.749 0.570 0.395 1.904 0.882
7.50 100.00 1.779 1.826 1.949 2.044 2.094 2.073 2.028 2.004 1.970 1.899 1.843 1.766 1.664 1.455 1.300 1.184 1.083 0.932 0.782 0.648 0.472 0.302 1.779 0.770
7.50 125.89 1.648 1.691 1.811 1.905 1.952 1.930 1.884 1.861 1.827 1.754 1.699 1.620 1.519 1.314 1.165 1.052 0.954 0.807 0.661 0.530 0.358 0.193 1.648 0.643
7.50 158.49 1.509 1.549 1.665 1.759 1.802 1.777 1.729 1.707 1.670 1.593 1.538 1.455 1.353 1.153 1.009 0.899 0.804 0.663 0.520 0.393 0.224 0.065 1.509 0.497
7.50 199.53 1.363 1.400 1.510 1.605 1.644 1.616 1.563 1.540 1.498 1.414 1.357 1.266 1.163 0.966 0.827 0.722 0.629 0.493 0.354 0.231 0.065 -0.088 1.363 0.329
7.50 251.19 1.209 1.241 1.348 1.442 1.476 1.443 1.383 1.359 1.308 1.213 1.150 1.049 0.943 0.748 0.615 0.514 0.423 0.293 0.158 0.038 -0.124 -0.272 1.209 0.133
7.50 316.23 1.045 1.074 1.176 1.270 1.298 1.258 1.189 1.159 1.095 0.984 0.913 0.797 0.685 0.493 0.365 0.267 0.180 0.055 -0.077 -0.192 -0.350 -0.493 1.045 -0.097
7.50 398.11 0.871 0.896 0.993 1.087 1.108 1.058 0.976 0.939 0.856 0.722 0.638 0.501 0.381 0.189 0.067 -0.027 -0.112 -0.230 -0.358 -0.470 -0.625 -0.761 0.871 -0.370
7.50 501.19 0.685 0.705 0.797 0.891 0.903 0.840 0.740 0.692 0.583 0.419 0.316 0.151 0.018 -0.174 -0.290 -0.381 -0.463 -0.575 -0.700 -0.808 -0.958 -1.089 0.685 -0.695
7.50 630.96 0.484 0.499 0.587 0.681 0.681 0.600 0.477 0.413 0.268 0.063 -0.064 -0.266 -0.416 -0.613 -0.723 -0.809 -0.888 -0.995 -1.115 -1.220 -1.366 -1.491 0.484 -1.088
7.50 794.33 0.264 0.275 0.357 0.452 0.437 0.333 0.179 0.094 -0.098 -0.357 -0.518 -0.770 -0.942 -1.145 -1.249 -1.332 -1.408 -1.509 -1.625 -1.726 -1.868 -1.987 0.264 -1.563
7.50 1000.00 0.022 0.027 0.105 0.199 0.167 0.032 -0.161 -0.276 -0.529 -0.859 -1.065 -1.380 -1.582 -1.795 -1.893 -1.972 -2.045 -2.140 -2.253 -2.349 -2.488 -2.601 0.022 -2.144
7.75 1.00 2.976 3.009 3.154 3.255 3.355 3.358 3.298 3.240 3.167 3.061 2.965 2.865 2.738 2.481 2.272 2.109 1.973 1.784 1.606 1.442 1.236 1.022 2.976 1.702
7.75 1.26 2.969 3.002 3.147 3.248 3.348 3.351 3.291 3.233 3.160 3.054 2.959 2.859 2.733 2.476 2.267 2.105 1.969 1.780 1.602 1.439 1.233 1.019 2.969 1.697
7.75 1.58 2.960 2.994 3.139 3.240 3.338 3.341 3.282 3.224 3.152 3.047 2.952 2.852 2.727 2.470 2.261 2.099 1.963 1.775 1.598 1.435 1.229 1.015 2.960 1.692
7.75 2.00 2.949 2.983 3.128 3.229 3.327 3.330 3.270 3.213 3.142 3.037 2.943 2.844 2.719 2.463 2.255 2.093 1.957 1.769 1.592 1.429 1.224 1.011 2.949 1.685
7.75 2.51 2.936 2.971 3.115 3.216 3.313 3.315 3.256 3.200 3.129 3.025 2.932 2.833 2.709 2.454 2.246 2.085 1.949 1.762 1.585 1.423 1.218 1.005 2.936 1.676
7.75 3.16 2.920 2.955 3.099 3.200 3.296 3.297 3.239 3.183 3.113 3.011 2.918 2.820 2.696 2.442 2.235 2.075 1.939 1.753 1.577 1.415 1.210 0.999 2.920 1.666
7.75 3.98 2.900 2.936 3.080 3.181 3.275 3.276 3.218 3.163 3.094 2.993 2.901 2.805 2.681 2.428 2.222 2.062 1.927 1.742 1.566 1.405 1.201 0.990 2.900 1.653
7.75 5.01 2.875 2.913 3.056 3.157 3.250 3.249 3.192 3.139 3.071 2.971 2.881 2.785 2.663 2.411 2.206 2.047 1.913 1.728 1.554 1.393 1.190 0.980 2.875 1.638
7.75 6.31 2.846 2.885 3.028 3.128 3.220 3.218 3.161 3.109 3.043 2.945 2.856 2.762 2.641 2.391 2.187 2.029 1.895 1.712 1.538 1.378 1.176 0.968 2.846 1.619
7.75 7.94 2.811 2.851 2.994 3.094 3.183 3.180 3.124 3.074 3.010 2.913 2.827 2.734 2.614 2.366 2.164 2.007 1.874 1.692 1.519 1.361 1.160 0.953 2.811 1.596
7.75 10.00 2.770 2.811 2.953 3.053 3.140 3.135 3.081 3.032 2.971 2.876 2.792 2.701 2.583 2.337 2.136 1.980 1.848 1.668 1.497 1.339 1.140 0.934 2.770 1.569
7.75 12.59 2.722 2.765 2.906 3.005 3.089 3.083 3.030 2.983 2.924 2.832 2.751 2.662 2.545 2.302 2.104 1.949 1.818 1.640 1.470 1.314 1.116 0.913 2.722 1.537
7.75 15.85 2.666 2.710 2.851 2.949 3.030 3.022 2.971 2.926 2.870 2.781 2.703 2.616 2.501 2.261 2.065 1.912 1.782 1.607 1.439 1.284 1.087 0.887 2.666 1.500
7.75 19.95 2.602 2.648 2.787 2.885 2.963 2.953 2.903 2.861 2.809 2.723 2.647 2.562 2.450 2.213 2.020 1.869 1.741 1.568 1.402 1.249 1.054 0.857 2.602 1.456
7.75 25.12 2.530 2.577 2.715 2.812 2.886 2.875 2.826 2.787 2.738 2.656 2.583 2.501 2.391 2.158 1.968 1.819 1.692 1.523 1.359 1.208 1.015 0.821 2.530 1.406
7.75 31.62 2.449 2.497 2.633 2.731 2.801 2.788 2.741 2.705 2.659 2.580 2.511 2.431 2.323 2.095 1.908 1.761 1.637 1.471 1.309 1.161 0.970 0.779 2.449 1.348
7.75 39.81 2.361 2.409 2.543 2.640 2.706 2.692 2.646 2.613 2.571 2.495 2.430 2.353 2.247 2.022 1.840 1.696 1.573 1.411 1.251 1.106 0.918 0.731 2.361 1.283
7.75 50.12 2.263 2.312 2.443 2.540 2.603 2.587 2.543 2.512 2.474 2.401 2.339 2.263 2.160 1.940 1.762 1.620 1.500 1.342 1.185 1.042 0.857 0.674 2.263 1.208
7.75 63.10 2.158 2.206 2.335 2.431 2.490 2.474 2.430 2.403 2.367 2.296 2.238 2.163 2.062 1.847 1.673 1.535 1.416 1.263 1.109 0.969 0.787 0.608 2.158 1.123
7.75 79.43 2.046 2.092 2.218 2.313 2.369 2.351 2.308 2.283 2.250 2.180 2.125 2.051 1.952 1.741 1.572 1.437 1.321 1.172 1.021 0.884 0.705 0.531 2.046 1.027
7.75 100.00 1.925 1.970 2.092 2.187 2.240 2.221 2.177 2.154 2.122 2.053 1.999 1.925 1.827 1.621 1.457 1.325 1.211 1.067 0.920 0.786 0.610 0.441 1.925 0.918
7.75 125.89 1.798 1.840 1.959 2.054 2.102 2.082 2.036 2.015 1.982 1.911 1.858 1.782 1.684 1.483 1.324 1.195 1.084 0.945 0.801 0.671 0.499 0.335 1.798 0.794
7.75 158.49 1.663 1.702 1.817 1.912 1.956 1.933 1.885 1.865 1.829 1.754 1.701 1.620 1.522 1.325 1.171 1.046 0.937 0.804 0.663 0.536 0.367 0.209 1.663 0.651
7.75 199.53 1.520 1.556 1.667 1.761 1.802 1.775 1.723 1.701 1.660 1.578 1.522 1.434 1.335 1.141 0.993 0.871 0.765 0.637 0.500 0.377 0.212 0.058 1.520 0.485
7.75 251.19 1.370 1.402 1.508 1.602 1.638 1.606 1.547 1.523 1.473 1.380 1.319 1.220 1.117 0.927 0.784 0.666 0.562 0.440 0.307 0.187 0.025 -0.122 1.370 0.292
7.75 316.23 1.209 1.238 1.339 1.434 1.463 1.424 1.355 1.326 1.264 1.154 1.085 0.971 0.862 0.674 0.536 0.422 0.321 0.204 0.075 -0.041 -0.199 -0.341 1.209 0.064
7.75 398.11 1.039 1.063 1.160 1.254 1.276 1.227 1.145 1.109 1.027 0.895 0.813 0.678 0.561 0.373 0.241 0.130 0.033 -0.079 -0.204 -0.316 -0.470 -0.607 1.039 -0.206
7.75 501.19 0.856 0.875 0.967 1.062 1.074 1.012 0.913 0.865 0.757 0.594 0.494 0.331 0.201 0.012 -0.114 -0.221 -0.315 -0.421 -0.543 -0.651 -0.801 -0.932 0.856 -0.529
7.75 630.96 0.657 0.672 0.760 0.854 0.855 0.775 0.652 0.589 0.445 0.242 0.116 -0.084 -0.231 -0.424 -0.544 -0.647 -0.738 -0.838 -0.956 -1.061 -1.207 -1.332 0.657 -0.919
7.75 794.33 0.440 0.451 0.533 0.628 0.614 0.510 0.357 0.272 0.082 -0.176 -0.336 -0.585 -0.754 -0.953 -1.067 -1.166 -1.255 -1.349 -1.463 -1.564 -1.706 -1.825 0.440 -1.392
7.75 1000.00 0.201 0.206 0.284 0.379 0.347 0.212 0.019 -0.095 -0.347 -0.675 -0.880 -1.192 -1.391 -1.600 -1.709 -1.804 -1.890 -1.978 -2.088 -2.185 -2.323 -2.437 0.201 -1.971
8.00 1.00 3.054 3.079 3.220 3.322 3.427 3.440 3.382 3.327 3.237 3.119 3.018 2.910 2.773 2.506 2.304 2.148 2.017 1.837 1.663 1.501 1.296 1.084 3.054 1.726
8.00 1.26 3.048 3.073 3.214 3.316 3.421 3.433 3.375 3.321 3.231 3.113 3.013 2.905 2.769 2.502 2.300 2.144 2.013 1.833 1.660 1.498 1.293 1.082 3.048 1.722
8.00 1.58 3.040 3.065 3.206 3.308 3.413 3.424 3.367 3.313 3.224 3.106 3.006 2.899 2.763 2.496 2.295 2.139 2.009 1.829 1.656 1.494 1.290 1.079 3.040 1.717
8.00 2.00 3.030 3.056 3.197 3.299 3.403 3.414 3.357 3.303 3.214 3.098 2.998 2.891 2.756 2.489 2.289 2.134 2.003 1.824 1.651 1.489 1.285 1.075 3.030 1.711
8.00 2.51 3.019 3.045 3.185 3.287 3.390 3.401 3.344 3.291 3.203 3.087 2.988 2.882 2.747 2.481 2.281 2.126 1.996 1.817 1.644 1.483 1.280 1.070 3.019 1.704
8.00 3.16 3.004 3.031 3.171 3.273 3.375 3.385 3.329 3.276 3.189 3.074 2.976 2.870 2.736 2.471 2.272 2.117 1.987 1.809 1.637 1.476 1.273 1.064 3.004 1.694
8.00 3.98 2.986 3.014 3.154 3.255 3.356 3.365 3.309 3.258 3.172 3.058 2.961 2.856 2.722 2.458 2.260 2.106 1.976 1.799 1.627 1.467 1.265 1.056 2.986 1.683
8.00 5.01 2.964 2.993 3.133 3.234 3.333 3.341 3.286 3.235 3.151 3.038 2.942 2.839 2.705 2.443 2.245 2.092 1.963 1.787 1.616 1.456 1.255 1.047 2.964 1.668
8.00 6.31 2.938 2.967 3.107 3.208 3.305 3.312 3.258 3.209 3.125 3.014 2.920 2.817 2.685 2.424 2.228 2.075 1.947 1.772 1.602 1.443 1.242 1.036 2.938 1.651
8.00 7.94 2.906 2.937 3.076 3.177 3.272 3.278 3.224 3.176 3.095 2.985 2.893 2.792 2.661 2.401 2.207 2.055 1.927 1.754 1.584 1.427 1.227 1.022 2.906 1.631
8.00 10.00 2.868 2.901 3.040 3.140 3.233 3.236 3.184 3.138 3.059 2.951 2.861 2.761 2.631 2.374 2.181 2.031 1.904 1.732 1.564 1.407 1.209 1.005 2.868 1.606
8.00 12.59 2.824 2.858 2.996 3.096 3.186 3.188 3.137 3.092 3.016 2.911 2.822 2.725 2.597 2.342 2.151 2.002 1.876 1.706 1.539 1.384 1.187 0.985 2.824 1.576
8.00 15.85 2.773 2.809 2.946 3.045 3.132 3.132 3.082 3.040 2.966 2.863 2.778 2.682 2.555 2.304 2.115 1.967 1.843 1.675 1.510 1.356 1.161 0.962 2.773 1.541
8.00 19.95 2.713 2.751 2.887 2.987 3.070 3.068 3.019 2.979 2.908 2.808 2.726 2.632 2.508 2.259 2.073 1.927 1.804 1.639 1.475 1.324 1.130 0.933 2.713 1.500
8.00 25.12 2.646 2.686 2.820 2.919 2.999 2.994 2.947 2.910 2.842 2.745 2.666 2.574 2.452 2.207 2.024 1.880 1.758 1.597 1.435 1.285 1.093 0.900 2.646 1.453
8.00 31.62 2.570 2.611 2.745 2.843 2.918 2.912 2.866 2.832 2.767 2.674 2.597 2.508 2.388 2.147 1.967 1.826 1.706 1.547 1.388 1.240 1.051 0.861 2.570 1.398
8.00 39.81 2.486 2.529 2.660 2.758 2.829 2.821 2.776 2.745 2.684 2.593 2.520 2.433 2.315 2.078 1.902 1.763 1.645 1.490 1.333 1.188 1.001 0.815 2.486 1.336
8.00 50.12 2.394 2.437 2.567 2.664 2.731 2.721 2.677 2.648 2.591 2.503 2.433 2.348 2.232 2.000 1.827 1.691 1.575 1.424 1.270 1.127 0.943 0.761 2.394 1.264
8.00 63.10 2.294 2.337 2.464 2.561 2.624 2.612 2.569 2.543 2.488 2.402 2.335 2.251 2.138 1.910 1.742 1.608 1.494 1.348 1.197 1.057 0.875 0.697 2.294 1.182
8.00 79.43 2.186 2.228 2.353 2.449 2.508 2.494 2.452 2.428 2.375 2.290 2.226 2.142 2.030 1.807 1.644 1.514 1.402 1.260 1.112 0.975 0.796 0.623 2.186 1.089
8.00 100.00 2.070 2.111 2.233 2.329 2.384 2.368 2.325 2.303 2.251 2.166 2.104 2.019 1.909 1.690 1.532 1.404 1.295 1.158 1.013 0.879 0.704 0.535 2.070 0.983
8.00 125.89 1.947 1.986 2.104 2.200 2.251 2.232 2.188 2.168 2.114 2.028 1.967 1.880 1.770 1.556 1.402 1.278 1.171 1.039 0.897 0.767 0.595 0.432 1.947 0.861
8.00 158.49 1.816 1.853 1.967 2.062 2.109 2.088 2.040 2.021 1.965 1.874 1.812 1.721 1.610 1.400 1.252 1.132 1.027 0.900 0.762 0.635 0.467 0.308 1.816 0.721
8.00 199.53 1.677 1.711 1.821 1.916 1.958 1.933 1.881 1.860 1.799 1.702 1.637 1.538 1.426 1.219 1.077 0.960 0.858 0.736 0.602 0.479 0.314 0.160 1.677 0.558
8.00 251.19 1.529 1.561 1.666 1.761 1.798 1.767 1.709 1.685 1.615 1.506 1.436 1.327 1.211 1.008 0.870 0.757 0.658 0.542 0.411 0.291 0.130 -0.018 1.529 0.368
8.00 316.23 1.373 1.400 1.502 1.596 1.626 1.588 1.520 1.492 1.409 1.284 1.205 1.081 0.959 0.757 0.626 0.516 0.420 0.309 0.182 0.066 -0.092 -0.234 1.373 0.143
8.00 398.11 1.205 1.229 1.326 1.420 1.443 1.394 1.313 1.278 1.175 1.028 0.936 0.791 0.661 0.459 0.333 0.227 0.134 0.029 -0.095 -0.207 -0.361 -0.497 1.205 -0.125
8.00 501.19 1.025 1.044 1.137 1.231 1.244 1.182 1.084 1.037 0.908 0.730 0.620 0.447 0.304 0.101 -0.019 -0.121 -0.212 -0.311 -0.431 -0.539 -0.689 -0.820 1.025 -0.446
8.00 630.96 0.830 0.844 0.932 1.027 1.028 0.948 0.826 0.763 0.599 0.380 0.245 0.034 -0.125 -0.332 -0.446 -0.544 -0.632 -0.725 -0.841 -0.946 -1.092 -1.217 0.830 -0.833
8.00 794.33 0.616 0.626 0.709 0.803 0.790 0.687 0.534 0.450 0.238 -0.035 -0.204 -0.464 -0.645 -0.858 -0.967 -1.062 -1.146 -1.234 -1.346 -1.446 -1.589 -1.708 0.616 -1.304
8.00 1000.00 0.379 0.384 0.462 0.557 0.526 0.391 0.199 0.086 -0.187 -0.532 -0.745 -1.069 -1.280 -1.503 -1.606 -1.697 -1.778 -1.860 -1.968 -2.065 -2.203 -2.317 0.379 -1.880
