AbrahamsonEtAl2015SInter as implemented in OpenQuake, distance is rrup. Log10 hazard values in cgs units
          14 31 23 : nmag, ndist, nperiod
          0.020 0.050 0.075 0.100 0.150 0.200 0.250 0.300 0.400 0.500 0.600 0.750 1.000 1.500 2.000 2.500 3.000 4.000 5.000 6.000 7.500 10.000 PGA PGV
          0.740 0.740 0.740 0.740 0.740 0.740 0.740 0.740 0.740 0.740 0.740 0.740 0.740 0.740 0.740 0.740 0.740 0.740 0.740 0.740 0.740 0.740 0.740 0.740
4.75 1.00 2.025 2.151 2.341 2.426 2.461 2.369 2.265 2.153 1.997 1.810 1.639 1.455 1.235 0.819 0.488 0.233 0.020 -0.326 -0.563 -0.742 -0.963 -1.203 2.025 0.247
4.75 1.26 1.999 2.125 2.314 2.398 2.434 2.342 2.239 2.128 1.974 1.787 1.618 1.435 1.216 0.801 0.471 0.217 0.005 -0.340 -0.577 -0.756 -0.976 -1.215 1.999 0.231
4.75 1.58 1.967 2.092 2.280 2.365 2.400 2.309 2.207 2.098 1.945 1.761 1.593 1.411 1.193 0.780 0.451 0.197 -0.014 -0.358 -0.594 -0.772 -0.991 -1.229 1.967 0.212
4.75 2.00 1.930 2.053 2.240 2.325 2.360 2.270 2.169 2.061 1.911 1.728 1.563 1.383 1.166 0.754 0.427 0.174 -0.036 -0.379 -0.614 -0.791 -1.009 -1.246 1.930 0.188
4.75 2.51 1.885 2.007 2.193 2.277 2.312 2.224 2.124 2.018 1.870 1.690 1.527 1.349 1.133 0.724 0.398 0.146 -0.063 -0.405 -0.638 -0.814 -1.032 -1.267 1.885 0.161
4.75 3.16 1.832 1.952 2.137 2.221 2.256 2.169 2.071 1.967 1.822 1.645 1.484 1.308 1.095 0.688 0.364 0.114 -0.095 -0.435 -0.667 -0.842 -1.058 -1.291 1.832 0.128
4.75 3.98 1.770 1.889 2.071 2.156 2.191 2.106 2.009 1.907 1.766 1.592 1.435 1.262 1.050 0.646 0.324 0.075 -0.132 -0.469 -0.701 -0.874 -1.088 -1.319 1.770 0.089
4.75 5.01 1.699 1.816 1.996 2.081 2.116 2.032 1.938 1.839 1.701 1.531 1.377 1.207 0.998 0.598 0.279 0.031 -0.175 -0.510 -0.739 -0.911 -1.123 -1.352 1.699 0.045
4.75 6.31 1.619 1.734 1.911 1.996 2.031 1.949 1.857 1.761 1.628 1.462 1.312 1.146 0.939 0.542 0.226 -0.019 -0.224 -0.556 -0.784 -0.953 -1.164 -1.389 1.619 -0.005
4.75 7.94 1.529 1.641 1.816 1.901 1.935 1.856 1.766 1.674 1.545 1.385 1.239 1.076 0.873 0.480 0.167 -0.076 -0.280 -0.608 -0.834 -1.001 -1.210 -1.432 1.529 -0.062
4.75 10.00 1.430 1.538 1.710 1.795 1.830 1.753 1.665 1.577 1.454 1.298 1.158 0.999 0.798 0.410 0.101 -0.140 -0.342 -0.667 -0.890 -1.055 -1.261 -1.479 1.430 -0.126
4.75 12.59 1.321 1.426 1.595 1.680 1.714 1.641 1.555 1.471 1.353 1.203 1.068 0.913 0.716 0.333 0.028 -0.211 -0.410 -0.731 -0.952 -1.114 -1.318 -1.532 1.321 -0.196
4.75 15.85 1.203 1.305 1.471 1.556 1.589 1.519 1.436 1.356 1.245 1.100 0.970 0.820 0.627 0.249 -0.052 -0.288 -0.485 -0.802 -1.020 -1.179 -1.380 -1.591 1.203 -0.273
4.75 19.95 1.078 1.176 1.338 1.423 1.456 1.388 1.309 1.233 1.128 0.989 0.865 0.719 0.530 0.157 -0.139 -0.372 -0.567 -0.880 -1.094 -1.251 -1.449 -1.655 1.078 -0.356
4.75 25.12 0.945 1.039 1.197 1.282 1.315 1.250 1.174 1.103 1.003 0.870 0.752 0.611 0.425 0.059 -0.234 -0.463 -0.656 -0.964 -1.175 -1.328 -1.523 -1.725 0.945 -0.446
4.75 31.62 0.805 0.896 1.049 1.134 1.167 1.105 1.031 0.965 0.871 0.744 0.631 0.494 0.312 -0.048 -0.335 -0.561 -0.752 -1.054 -1.263 -1.413 -1.604 -1.801 0.805 -0.543
4.75 39.81 0.660 0.746 0.895 0.980 1.012 0.953 0.881 0.820 0.732 0.610 0.503 0.370 0.192 -0.163 -0.445 -0.667 -0.855 -1.153 -1.358 -1.504 -1.692 -1.884 0.660 -0.647
4.75 50.12 0.509 0.590 0.735 0.820 0.851 0.795 0.725 0.668 0.585 0.469 0.366 0.237 0.062 -0.286 -0.563 -0.782 -0.967 -1.259 -1.461 -1.604 -1.788 -1.974 0.509 -0.759
4.75 63.10 0.353 0.430 0.570 0.655 0.685 0.631 0.563 0.510 0.431 0.319 0.221 0.095 -0.077 -0.419 -0.690 -0.906 -1.088 -1.375 -1.573 -1.713 -1.893 -2.074 0.353 -0.880
4.75 79.43 0.192 0.264 0.400 0.485 0.513 0.461 0.394 0.345 0.270 0.160 0.067 -0.058 -0.227 -0.563 -0.829 -1.041 -1.221 -1.502 -1.696 -1.832 -2.009 -2.184 0.192 -1.011
4.75 100.00 0.026 0.094 0.225 0.310 0.336 0.285 0.219 0.172 0.100 -0.009 -0.099 -0.224 -0.391 -0.721 -0.981 -1.189 -1.367 -1.642 -1.832 -1.965 -2.138 -2.308 0.026 -1.154
4.75 125.89 -0.144 -0.081 0.045 0.130 0.154 0.103 0.036 -0.009 -0.081 -0.190 -0.278 -0.404 -0.570 -0.895 -1.150 -1.354 -1.528 -1.798 -1.985 -2.113 -2.283 -2.446 -0.144 -1.311
4.75 158.49 -0.320 -0.262 -0.140 -0.055 -0.034 -0.086 -0.155 -0.199 -0.273 -0.385 -0.473 -0.603 -0.769 -1.089 -1.337 -1.538 -1.709 -1.974 -2.156 -2.281 -2.447 -2.605 -0.320 -1.486
4.75 199.53 -0.501 -0.448 -0.331 -0.247 -0.229 -0.283 -0.356 -0.400 -0.479 -0.597 -0.688 -0.824 -0.991 -1.307 -1.550 -1.746 -1.915 -2.173 -2.352 -2.473 -2.635 -2.787 -0.501 -1.683
4.75 251.19 -0.689 -0.641 -0.529 -0.444 -0.431 -0.489 -0.569 -0.615 -0.702 -0.831 -0.926 -1.072 -1.242 -1.555 -1.792 -1.985 -2.150 -2.403 -2.578 -2.695 -2.853 -2.999 -0.689 -1.906
4.75 316.23 -0.885 -0.842 -0.735 -0.650 -0.642 -0.707 -0.796 -0.846 -0.946 -1.091 -1.194 -1.355 -1.530 -1.841 -2.072 -2.261 -2.424 -2.670 -2.841 -2.954 -3.108 -3.249 -0.885 -2.163
4.75 398.11 -1.091 -1.052 -0.950 -0.865 -0.865 -0.938 -1.040 -1.098 -1.216 -1.383 -1.499 -1.681 -1.864 -2.174 -2.400 -2.585 -2.744 -2.985 -3.152 -3.261 -3.411 -3.546 -1.091 -2.462
4.75 501.19 -1.308 -1.274 -1.177 -1.092 -1.100 -1.187 -1.307 -1.375 -1.519 -1.717 -1.851 -2.060 -2.256 -2.567 -2.786 -2.967 -3.124 -3.359 -3.522 -3.627 -3.773 -3.902 -1.308 -2.814
4.75 630.96 -1.539 -1.510 -1.418 -1.333 -1.353 -1.457 -1.600 -1.684 -1.864 -2.102 -2.261 -2.507 -2.720 -3.034 -3.247 -3.424 -3.578 -3.807 -3.966 -4.067 -4.209 -4.332 -1.539 -3.232
4.75 794.33 -1.788 -1.765 -1.677 -1.593 -1.626 -1.754 -1.927 -2.033 -2.259 -2.551 -2.744 -3.039 -3.274 -3.595 -3.802 -3.975 -4.126 -4.349 -4.504 -4.601 -4.739 -4.856 -1.788 -3.734
4.75 1000.00 -2.060 -2.041 -1.959 -1.874 -1.926 -2.084 -2.297 -2.432 -2.719 -3.082 -3.319 -3.678 -3.943 -4.273 -4.475 -4.644 -4.791 -5.008 -5.160 -5.253 -5.387 -5.498 -2.060 -4.340
5.00 1.00 2.098 2.223 2.411 2.496 2.532 2.442 2.342 2.234 2.084 1.903 1.739 1.562 1.352 0.953 0.638 0.395 0.194 -0.135 -0.366 -0.544 -0.763 -1.000 2.098 0.364
5.00 1.26 2.074 2.198 2.386 2.471 2.507 2.418 2.318 2.211 2.063 1.883 1.720 1.544 1.335 0.937 0.623 0.381 0.180 -0.148 -0.378 -0.556 -0.774 -1.011 2.074 0.349
5.00 1.58 2.045 2.169 2.356 2.441 2.477 2.389 2.289 2.183 2.037 1.859 1.697 1.523 1.314 0.918 0.605 0.363 0.163 -0.164 -0.394 -0.570 -0.788 -1.024 2.045 0.332
5.00 2.00 2.011 2.133 2.319 2.404 2.440 2.353 2.255 2.150 2.006 1.830 1.670 1.497 1.289 0.895 0.583 0.342 0.142 -0.183 -0.412 -0.588 -0.805 -1.039 2.011 0.310
5.00 2.51 1.970 2.091 2.276 2.361 2.397 2.311 2.213 2.111 1.968 1.794 1.637 1.466 1.260 0.867 0.556 0.317 0.118 -0.206 -0.434 -0.609 -0.824 -1.058 1.970 0.285
5.00 3.16 1.921 2.041 2.224 2.309 2.345 2.260 2.164 2.064 1.924 1.753 1.598 1.429 1.224 0.834 0.525 0.287 0.089 -0.234 -0.460 -0.633 -0.848 -1.080 1.921 0.255
5.00 3.98 1.864 1.982 2.164 2.249 2.285 2.201 2.107 2.009 1.872 1.704 1.552 1.385 1.183 0.796 0.489 0.252 0.055 -0.266 -0.491 -0.663 -0.876 -1.105 1.864 0.220
5.00 5.01 1.799 1.915 2.094 2.179 2.215 2.133 2.041 1.945 1.812 1.648 1.499 1.335 1.135 0.751 0.446 0.211 0.015 -0.303 -0.526 -0.697 -0.909 -1.135 1.799 0.179
5.00 6.31 1.724 1.837 2.014 2.099 2.135 2.056 1.965 1.872 1.744 1.583 1.438 1.278 1.080 0.699 0.397 0.164 -0.031 -0.346 -0.567 -0.736 -0.946 -1.170 1.724 0.132
5.00 7.94 1.639 1.750 1.925 2.010 2.045 1.968 1.880 1.790 1.666 1.510 1.369 1.212 1.017 0.641 0.342 0.111 -0.082 -0.394 -0.614 -0.781 -0.988 -1.210 1.639 0.078
5.00 10.00 1.545 1.653 1.825 1.910 1.945 1.871 1.785 1.699 1.580 1.429 1.292 1.139 0.947 0.575 0.280 0.051 -0.141 -0.449 -0.667 -0.831 -1.036 -1.254 1.545 0.019
5.00 12.59 1.442 1.547 1.715 1.800 1.835 1.764 1.680 1.598 1.484 1.339 1.207 1.058 0.870 0.502 0.211 -0.016 -0.205 -0.510 -0.725 -0.887 -1.090 -1.304 1.442 -0.048
5.00 15.85 1.329 1.431 1.596 1.681 1.716 1.647 1.566 1.489 1.380 1.240 1.114 0.969 0.784 0.422 0.134 -0.089 -0.277 -0.578 -0.790 -0.949 -1.149 -1.359 1.329 -0.121
5.00 19.95 1.209 1.307 1.468 1.554 1.588 1.522 1.444 1.370 1.268 1.134 1.013 0.873 0.691 0.334 0.051 -0.170 -0.355 -0.652 -0.861 -1.017 -1.214 -1.420 1.209 -0.201
5.00 25.12 1.081 1.175 1.333 1.418 1.452 1.389 1.313 1.244 1.148 1.019 0.904 0.768 0.590 0.239 -0.039 -0.257 -0.440 -0.732 -0.938 -1.091 -1.286 -1.486 1.081 -0.288
5.00 31.62 0.946 1.036 1.190 1.275 1.308 1.248 1.175 1.111 1.020 0.897 0.787 0.656 0.482 0.136 -0.137 -0.352 -0.533 -0.820 -1.022 -1.172 -1.363 -1.559 0.946 -0.381
5.00 39.81 0.804 0.890 1.040 1.125 1.158 1.100 1.030 0.970 0.885 0.767 0.663 0.535 0.365 0.025 -0.243 -0.455 -0.633 -0.915 -1.114 -1.261 -1.448 -1.639 0.804 -0.482
5.00 50.12 0.657 0.739 0.884 0.969 1.001 0.946 0.878 0.822 0.742 0.629 0.530 0.406 0.239 -0.095 -0.358 -0.566 -0.741 -1.018 -1.214 -1.357 -1.541 -1.727 0.657 -0.591
5.00 63.10 0.505 0.582 0.723 0.808 0.839 0.786 0.720 0.668 0.592 0.483 0.388 0.267 0.103 -0.225 -0.483 -0.687 -0.860 -1.131 -1.323 -1.463 -1.644 -1.824 0.505 -0.709
5.00 79.43 0.348 0.420 0.556 0.641 0.671 0.620 0.554 0.506 0.434 0.327 0.237 0.117 -0.044 -0.366 -0.618 -0.819 -0.989 -1.255 -1.444 -1.580 -1.757 -1.931 0.348 -0.837
5.00 100.00 0.185 0.253 0.385 0.470 0.497 0.447 0.382 0.337 0.267 0.162 0.074 -0.046 -0.205 -0.521 -0.768 -0.964 -1.132 -1.392 -1.577 -1.709 -1.883 -2.052 0.185 -0.977
5.00 125.89 0.018 0.081 0.208 0.293 0.318 0.269 0.203 0.159 0.090 -0.016 -0.102 -0.223 -0.381 -0.692 -0.933 -1.126 -1.291 -1.545 -1.726 -1.855 -2.024 -2.188 0.018 -1.132
5.00 158.49 -0.155 -0.096 0.026 0.111 0.133 0.083 0.014 -0.028 -0.099 -0.208 -0.294 -0.419 -0.577 -0.883 -1.118 -1.307 -1.469 -1.718 -1.895 -2.020 -2.186 -2.344 -0.155 -1.304
5.00 199.53 -0.333 -0.279 -0.162 -0.077 -0.058 -0.111 -0.184 -0.226 -0.302 -0.418 -0.505 -0.637 -0.796 -1.098 -1.328 -1.513 -1.672 -1.915 -2.088 -2.209 -2.371 -2.523 -0.333 -1.498
5.00 251.19 -0.518 -0.469 -0.357 -0.272 -0.258 -0.315 -0.394 -0.438 -0.522 -0.649 -0.741 -0.883 -1.045 -1.343 -1.567 -1.749 -1.905 -2.142 -2.312 -2.428 -2.586 -2.733 -0.518 -1.719
5.00 316.23 -0.711 -0.667 -0.560 -0.475 -0.466 -0.530 -0.618 -0.667 -0.764 -0.906 -1.006 -1.163 -1.331 -1.627 -1.845 -2.022 -2.175 -2.407 -2.572 -2.685 -2.839 -2.980 -0.711 -1.974
5.00 398.11 -0.914 -0.875 -0.773 -0.687 -0.686 -0.759 -0.859 -0.916 -1.031 -1.196 -1.309 -1.486 -1.662 -1.957 -2.170 -2.343 -2.493 -2.719 -2.881 -2.989 -3.140 -3.274 -0.914 -2.271
5.00 501.19 -1.128 -1.094 -0.997 -0.912 -0.919 -1.005 -1.123 -1.191 -1.332 -1.527 -1.658 -1.863 -2.051 -2.347 -2.554 -2.723 -2.870 -3.090 -3.248 -3.353 -3.499 -3.628 -1.128 -2.620
5.00 630.96 -1.357 -1.328 -1.235 -1.150 -1.169 -1.272 -1.414 -1.497 -1.674 -1.909 -2.065 -2.307 -2.512 -2.812 -3.012 -3.178 -3.322 -3.536 -3.690 -3.791 -3.933 -4.056 -1.357 -3.036
5.00 794.33 -1.604 -1.579 -1.492 -1.407 -1.440 -1.566 -1.738 -1.843 -2.066 -2.356 -2.545 -2.837 -3.064 -3.370 -3.564 -3.726 -3.867 -4.075 -4.225 -4.322 -4.460 -4.577 -1.604 -3.535
5.00 1000.00 -1.873 -1.853 -1.771 -1.686 -1.736 -1.894 -2.106 -2.239 -2.524 -2.884 -3.118 -3.473 -3.730 -4.046 -4.234 -4.392 -4.530 -4.732 -4.878 -4.971 -5.105 -5.216 -1.873 -4.139
5.25 1.00 2.171 2.294 2.481 2.567 2.603 2.517 2.419 2.315 2.171 1.997 1.838 1.669 1.468 1.086 0.785 0.555 0.364 0.052 -0.172 -0.349 -0.566 -0.802 2.171 0.479
5.25 1.26 2.149 2.272 2.459 2.544 2.581 2.495 2.397 2.294 2.152 1.979 1.822 1.653 1.453 1.072 0.772 0.542 0.351 0.040 -0.184 -0.359 -0.576 -0.811 2.149 0.466
5.25 1.58 2.123 2.245 2.431 2.516 2.553 2.468 2.371 2.269 2.128 1.957 1.801 1.633 1.434 1.055 0.756 0.526 0.336 0.026 -0.197 -0.372 -0.589 -0.823 2.123 0.450
5.25 2.00 2.092 2.213 2.398 2.483 2.520 2.435 2.340 2.239 2.100 1.930 1.776 1.610 1.411 1.034 0.736 0.507 0.318 0.009 -0.214 -0.388 -0.604 -0.836 2.092 0.431
5.25 2.51 2.055 2.174 2.358 2.443 2.480 2.397 2.302 2.203 2.066 1.898 1.746 1.581 1.384 1.008 0.712 0.484 0.295 -0.012 -0.234 -0.407 -0.622 -0.853 2.055 0.408
5.25 3.16 2.010 2.128 2.311 2.396 2.433 2.350 2.257 2.159 2.025 1.860 1.710 1.548 1.352 0.978 0.683 0.457 0.269 -0.037 -0.258 -0.430 -0.643 -0.873 2.010 0.381
5.25 3.98 1.958 2.074 2.255 2.340 2.377 2.296 2.204 2.109 1.978 1.815 1.668 1.508 1.314 0.943 0.650 0.425 0.238 -0.066 -0.286 -0.457 -0.669 -0.896 1.958 0.348
5.25 5.01 1.897 2.012 2.190 2.276 2.312 2.233 2.143 2.050 1.922 1.763 1.619 1.461 1.270 0.901 0.611 0.387 0.201 -0.101 -0.318 -0.488 -0.699 -0.924 1.897 0.310
5.25 6.31 1.827 1.939 2.116 2.201 2.238 2.161 2.072 1.982 1.858 1.703 1.562 1.408 1.219 0.854 0.565 0.344 0.159 -0.140 -0.356 -0.524 -0.733 -0.956 1.827 0.267
5.25 7.94 1.747 1.858 2.032 2.117 2.153 2.078 1.992 1.905 1.786 1.634 1.498 1.347 1.160 0.799 0.514 0.294 0.111 -0.186 -0.400 -0.565 -0.772 -0.992 1.747 0.217
5.25 10.00 1.659 1.766 1.938 2.023 2.059 1.986 1.903 1.819 1.704 1.558 1.425 1.278 1.094 0.737 0.455 0.238 0.056 -0.237 -0.449 -0.612 -0.817 -1.034 1.659 0.160
5.25 12.59 1.561 1.665 1.834 1.919 1.955 1.885 1.803 1.723 1.614 1.472 1.345 1.201 1.021 0.668 0.390 0.175 -0.005 -0.294 -0.504 -0.665 -0.868 -1.080 1.561 0.098
5.25 15.85 1.454 1.555 1.720 1.805 1.841 1.774 1.695 1.619 1.515 1.379 1.256 1.117 0.940 0.592 0.318 0.105 -0.073 -0.358 -0.565 -0.724 -0.923 -1.132 1.454 0.028
5.25 19.95 1.338 1.436 1.598 1.683 1.718 1.654 1.577 1.506 1.407 1.276 1.159 1.024 0.851 0.508 0.238 0.028 -0.147 -0.429 -0.633 -0.788 -0.985 -1.190 1.338 -0.048
5.25 25.12 1.215 1.309 1.467 1.552 1.587 1.525 1.452 1.384 1.292 1.166 1.055 0.924 0.754 0.417 0.151 -0.055 -0.229 -0.506 -0.707 -0.859 -1.053 -1.254 1.215 -0.132
5.25 31.62 1.085 1.175 1.328 1.414 1.448 1.389 1.318 1.255 1.168 1.048 0.942 0.815 0.649 0.318 0.057 -0.147 -0.318 -0.590 -0.788 -0.937 -1.128 -1.324 1.085 -0.222
5.25 39.81 0.948 1.034 1.183 1.269 1.302 1.246 1.177 1.119 1.037 0.922 0.821 0.698 0.535 0.210 -0.046 -0.246 -0.415 -0.682 -0.876 -1.022 -1.210 -1.400 0.948 -0.320
5.25 50.12 0.805 0.886 1.032 1.117 1.150 1.096 1.029 0.975 0.898 0.788 0.692 0.572 0.413 0.094 -0.157 -0.354 -0.520 -0.782 -0.973 -1.116 -1.300 -1.485 0.805 -0.426
5.25 63.10 0.656 0.733 0.874 0.960 0.991 0.940 0.875 0.824 0.752 0.645 0.554 0.437 0.280 -0.033 -0.278 -0.472 -0.635 -0.892 -1.079 -1.219 -1.399 -1.579 0.656 -0.541
5.25 79.43 0.502 0.575 0.711 0.797 0.827 0.777 0.713 0.666 0.597 0.493 0.406 0.290 0.136 -0.171 -0.411 -0.601 -0.762 -1.013 -1.197 -1.332 -1.509 -1.684 0.502 -0.666
5.25 100.00 0.343 0.412 0.543 0.629 0.657 0.608 0.544 0.500 0.433 0.331 0.246 0.131 -0.021 -0.323 -0.557 -0.743 -0.901 -1.147 -1.327 -1.459 -1.632 -1.802 0.343 -0.803
5.25 125.89 0.179 0.243 0.370 0.455 0.481 0.433 0.368 0.326 0.259 0.156 0.073 -0.044 -0.195 -0.491 -0.720 -0.902 -1.057 -1.297 -1.474 -1.602 -1.771 -1.935 0.179 -0.955
5.25 158.49 0.010 0.069 0.191 0.276 0.299 0.250 0.183 0.142 0.073 -0.033 -0.116 -0.237 -0.387 -0.679 -0.902 -1.081 -1.233 -1.467 -1.640 -1.764 -1.930 -2.088 0.010 -1.125
5.25 199.53 -0.166 -0.112 0.006 0.091 0.111 0.059 -0.012 -0.054 -0.127 -0.240 -0.325 -0.452 -0.604 -0.892 -1.109 -1.283 -1.433 -1.661 -1.830 -1.951 -2.113 -2.265 -0.166 -1.317
5.25 251.19 -0.348 -0.299 -0.186 -0.101 -0.086 -0.142 -0.219 -0.263 -0.344 -0.468 -0.557 -0.695 -0.850 -1.134 -1.346 -1.517 -1.663 -1.886 -2.051 -2.168 -2.326 -2.472 -0.348 -1.535
5.25 316.23 -0.538 -0.494 -0.386 -0.301 -0.291 -0.354 -0.441 -0.489 -0.583 -0.722 -0.820 -0.972 -1.133 -1.415 -1.621 -1.788 -1.931 -2.148 -2.309 -2.422 -2.576 -2.716 -0.538 -1.787
5.25 398.11 -0.738 -0.699 -0.596 -0.510 -0.508 -0.580 -0.680 -0.735 -0.848 -1.009 -1.120 -1.292 -1.461 -1.743 -1.943 -2.106 -2.246 -2.457 -2.614 -2.723 -2.874 -3.008 -0.738 -2.082
5.25 501.19 -0.950 -0.915 -0.817 -0.732 -0.738 -0.823 -0.940 -1.007 -1.146 -1.338 -1.466 -1.667 -1.848 -2.130 -2.324 -2.483 -2.621 -2.826 -2.979 -3.084 -3.230 -3.359 -0.950 -2.429
5.25 630.96 -1.176 -1.146 -1.053 -0.968 -0.986 -1.088 -1.228 -1.310 -1.485 -1.717 -1.871 -2.109 -2.306 -2.592 -2.780 -2.935 -3.070 -3.269 -3.418 -3.519 -3.662 -3.784 -1.176 -2.842
5.25 794.33 -1.420 -1.395 -1.307 -1.222 -1.254 -1.379 -1.550 -1.654 -1.875 -2.162 -2.348 -2.635 -2.855 -3.148 -3.330 -3.481 -3.613 -3.806 -3.951 -4.048 -4.187 -4.303 -1.420 -3.339
5.25 1000.00 -1.686 -1.666 -1.583 -1.498 -1.548 -1.704 -1.915 -2.047 -2.330 -2.687 -2.919 -3.269 -3.519 -3.821 -3.997 -4.144 -4.273 -4.460 -4.602 -4.695 -4.829 -4.940 -1.686 -3.941
5.50 1.00 2.244 2.366 2.552 2.637 2.675 2.591 2.496 2.396 2.259 2.090 1.938 1.776 1.584 1.218 0.931 0.713 0.531 0.235 0.017 -0.158 -0.374 -0.607 2.244 0.594
5.50 1.26 2.225 2.346 2.531 2.617 2.655 2.571 2.477 2.377 2.241 2.074 1.923 1.761 1.570 1.205 0.919 0.701 0.520 0.225 0.007 -0.167 -0.383 -0.615 2.225 0.582
5.50 1.58 2.202 2.322 2.506 2.592 2.630 2.547 2.453 2.355 2.220 2.054 1.904 1.744 1.553 1.190 0.904 0.687 0.506 0.212 -0.005 -0.179 -0.394 -0.625 2.202 0.568
5.50 2.00 2.173 2.293 2.476 2.562 2.599 2.517 2.425 2.327 2.194 2.030 1.881 1.722 1.533 1.171 0.887 0.670 0.490 0.197 -0.020 -0.193 -0.407 -0.638 2.173 0.550
5.50 2.51 2.139 2.257 2.440 2.525 2.563 2.482 2.390 2.294 2.163 2.001 1.854 1.696 1.508 1.148 0.865 0.649 0.470 0.178 -0.038 -0.210 -0.423 -0.653 2.139 0.529
5.50 3.16 2.098 2.215 2.396 2.482 2.519 2.440 2.349 2.255 2.126 1.966 1.821 1.666 1.479 1.120 0.839 0.624 0.446 0.155 -0.060 -0.231 -0.443 -0.671 2.098 0.504
5.50 3.98 2.050 2.166 2.345 2.431 2.468 2.390 2.300 2.208 2.082 1.925 1.783 1.629 1.444 1.088 0.808 0.595 0.417 0.128 -0.085 -0.255 -0.466 -0.692 2.050 0.475
5.50 5.01 1.994 2.107 2.285 2.371 2.408 2.331 2.243 2.153 2.031 1.877 1.737 1.586 1.403 1.050 0.772 0.560 0.383 0.097 -0.115 -0.284 -0.493 -0.717 1.994 0.440
5.50 6.31 1.928 2.040 2.216 2.302 2.339 2.264 2.178 2.090 1.971 1.821 1.685 1.536 1.355 1.005 0.730 0.520 0.344 0.060 -0.150 -0.317 -0.525 -0.746 1.928 0.399
5.50 7.94 1.854 1.964 2.137 2.223 2.260 2.187 2.103 2.018 1.903 1.757 1.625 1.479 1.301 0.954 0.682 0.473 0.299 0.018 -0.190 -0.355 -0.562 -0.780 1.854 0.353
5.50 10.00 1.771 1.878 2.049 2.134 2.171 2.100 2.019 1.937 1.827 1.685 1.557 1.415 1.239 0.896 0.627 0.421 0.248 -0.030 -0.236 -0.399 -0.603 -0.819 1.771 0.300
5.50 12.59 1.678 1.782 1.950 2.036 2.073 2.004 1.925 1.847 1.741 1.604 1.481 1.342 1.170 0.831 0.566 0.362 0.191 -0.084 -0.288 -0.449 -0.650 -0.862 1.678 0.241
5.50 15.85 1.577 1.677 1.842 1.928 1.964 1.899 1.821 1.748 1.647 1.515 1.396 1.262 1.092 0.759 0.497 0.296 0.127 -0.144 -0.346 -0.504 -0.703 -0.911 1.577 0.175
5.50 19.95 1.466 1.564 1.725 1.811 1.847 1.784 1.709 1.639 1.544 1.417 1.304 1.174 1.007 0.679 0.422 0.223 0.056 -0.211 -0.410 -0.565 -0.762 -0.966 1.466 0.102
5.50 25.12 1.348 1.442 1.599 1.685 1.721 1.660 1.588 1.523 1.433 1.312 1.203 1.077 0.915 0.592 0.338 0.142 -0.022 -0.285 -0.481 -0.633 -0.827 -1.026 1.348 0.022
5.50 31.62 1.222 1.312 1.466 1.551 1.587 1.529 1.459 1.398 1.314 1.198 1.095 0.973 0.813 0.496 0.248 0.054 -0.108 -0.365 -0.558 -0.708 -0.898 -1.093 1.222 -0.065
5.50 39.81 1.090 1.175 1.325 1.411 1.445 1.390 1.323 1.266 1.187 1.076 0.978 0.859 0.704 0.392 0.148 -0.041 -0.201 -0.454 -0.644 -0.790 -0.977 -1.167 1.090 -0.160
5.50 50.12 0.951 1.032 1.178 1.263 1.297 1.244 1.179 1.126 1.052 0.945 0.852 0.737 0.585 0.279 0.040 -0.146 -0.303 -0.551 -0.737 -0.880 -1.064 -1.249 0.951 -0.263
5.50 63.10 0.806 0.883 1.024 1.110 1.142 1.092 1.028 0.979 0.910 0.806 0.718 0.605 0.455 0.156 -0.078 -0.261 -0.415 -0.658 -0.841 -0.980 -1.160 -1.340 0.806 -0.375
5.50 79.43 0.656 0.729 0.865 0.951 0.982 0.933 0.870 0.825 0.758 0.657 0.573 0.462 0.315 0.021 -0.207 -0.387 -0.539 -0.776 -0.955 -1.091 -1.267 -1.442 0.656 -0.497
5.50 100.00 0.500 0.569 0.701 0.786 0.816 0.768 0.705 0.662 0.598 0.498 0.416 0.305 0.160 -0.128 -0.351 -0.526 -0.676 -0.907 -1.083 -1.215 -1.388 -1.557 0.500 -0.632
5.50 125.89 0.340 0.403 0.531 0.616 0.643 0.596 0.532 0.491 0.427 0.327 0.247 0.134 -0.010 -0.293 -0.510 -0.682 -0.829 -1.055 -1.226 -1.355 -1.524 -1.687 0.340 -0.781
5.50 158.49 0.173 0.232 0.355 0.441 0.465 0.416 0.350 0.310 0.244 0.141 0.060 -0.056 -0.200 -0.478 -0.690 -0.858 -1.001 -1.222 -1.390 -1.514 -1.680 -1.837 0.173 -0.948
5.50 199.53 0.001 0.055 0.173 0.259 0.279 0.228 0.158 0.118 0.047 -0.063 -0.145 -0.268 -0.414 -0.688 -0.894 -1.058 -1.199 -1.413 -1.577 -1.698 -1.860 -2.012 0.001 -1.137
5.50 251.19 -0.178 -0.129 -0.016 0.070 0.086 0.031 -0.046 -0.088 -0.167 -0.288 -0.375 -0.508 -0.657 -0.928 -1.128 -1.288 -1.426 -1.635 -1.795 -1.912 -2.070 -2.216 -0.178 -1.353
5.50 316.23 -0.366 -0.321 -0.213 -0.128 -0.117 -0.179 -0.264 -0.311 -0.403 -0.540 -0.635 -0.783 -0.937 -1.206 -1.400 -1.557 -1.691 -1.895 -2.051 -2.164 -2.318 -2.458 -0.366 -1.603
5.50 398.11 -0.563 -0.523 -0.420 -0.334 -0.331 -0.402 -0.501 -0.555 -0.665 -0.824 -0.932 -1.101 -1.263 -1.531 -1.719 -1.872 -2.004 -2.201 -2.354 -2.463 -2.613 -2.747 -0.563 -1.895
5.50 501.19 -0.772 -0.737 -0.639 -0.553 -0.559 -0.643 -0.759 -0.824 -0.961 -1.150 -1.276 -1.472 -1.647 -1.916 -2.098 -2.247 -2.376 -2.567 -2.716 -2.821 -2.967 -3.096 -0.772 -2.240
5.50 630.96 -0.995 -0.965 -0.872 -0.786 -0.803 -0.905 -1.044 -1.125 -1.297 -1.527 -1.678 -1.912 -2.102 -2.375 -2.552 -2.696 -2.822 -3.008 -3.152 -3.254 -3.396 -3.518 -0.995 -2.651
5.50 794.33 -1.236 -1.212 -1.123 -1.038 -1.069 -1.194 -1.364 -1.466 -1.685 -1.969 -2.153 -2.436 -2.649 -2.928 -3.099 -3.239 -3.363 -3.542 -3.683 -3.780 -3.918 -4.035 -1.236 -3.146
5.50 1000.00 -1.500 -1.480 -1.397 -1.311 -1.360 -1.516 -1.726 -1.857 -2.137 -2.491 -2.720 -3.067 -3.310 -3.599 -3.763 -3.900 -4.020 -4.194 -4.331 -4.424 -4.558 -4.669 -1.500 -3.745
5.75 1.00 2.318 2.439 2.622 2.708 2.747 2.666 2.574 2.477 2.346 2.184 2.038 1.882 1.699 1.349 1.075 0.868 0.696 0.416 0.203 0.030 -0.185 -0.415 2.318 0.707
5.75 1.26 2.301 2.421 2.604 2.690 2.728 2.648 2.556 2.460 2.330 2.169 2.024 1.869 1.686 1.337 1.065 0.858 0.686 0.406 0.194 0.021 -0.193 -0.423 2.301 0.697
5.75 1.58 2.280 2.399 2.581 2.667 2.706 2.626 2.535 2.440 2.311 2.151 2.007 1.853 1.671 1.323 1.051 0.845 0.674 0.395 0.183 0.011 -0.202 -0.432 2.280 0.684
5.75 2.00 2.254 2.372 2.554 2.640 2.678 2.599 2.509 2.415 2.288 2.130 1.987 1.834 1.653 1.306 1.035 0.829 0.659 0.381 0.170 -0.002 -0.215 -0.443 2.254 0.668
5.75 2.51 2.223 2.340 2.521 2.607 2.645 2.567 2.478 2.385 2.259 2.103 1.962 1.810 1.630 1.285 1.016 0.811 0.640 0.364 0.153 -0.017 -0.229 -0.456 2.223 0.649
5.75 3.16 2.186 2.302 2.481 2.567 2.606 2.528 2.440 2.349 2.226 2.071 1.932 1.782 1.604 1.260 0.992 0.788 0.619 0.343 0.134 -0.036 -0.247 -0.473 2.186 0.626
5.75 3.98 2.141 2.256 2.434 2.520 2.558 2.482 2.395 2.306 2.185 2.033 1.896 1.749 1.572 1.230 0.964 0.761 0.592 0.319 0.111 -0.058 -0.268 -0.492 2.141 0.599
5.75 5.01 2.089 2.202 2.379 2.465 2.503 2.428 2.343 2.256 2.138 1.989 1.855 1.709 1.534 1.195 0.931 0.729 0.562 0.290 0.083 -0.084 -0.293 -0.515 2.089 0.567
5.75 6.31 2.029 2.140 2.315 2.401 2.439 2.366 2.282 2.197 2.083 1.937 1.806 1.663 1.490 1.154 0.892 0.692 0.526 0.256 0.051 -0.115 -0.322 -0.542 2.029 0.530
5.75 7.94 1.960 2.069 2.241 2.327 2.365 2.294 2.212 2.130 2.020 1.878 1.750 1.610 1.439 1.107 0.847 0.649 0.484 0.217 0.014 -0.150 -0.356 -0.573 1.960 0.486
5.75 10.00 1.882 1.988 2.158 2.244 2.282 2.213 2.133 2.054 1.948 1.810 1.686 1.550 1.382 1.053 0.796 0.600 0.436 0.172 -0.029 -0.191 -0.394 -0.608 1.882 0.437
5.75 12.59 1.794 1.898 2.065 2.151 2.189 2.122 2.044 1.969 1.867 1.734 1.614 1.482 1.316 0.992 0.738 0.544 0.382 0.122 -0.077 -0.237 -0.438 -0.649 1.794 0.381
5.75 15.85 1.698 1.798 1.963 2.049 2.086 2.022 1.946 1.874 1.778 1.649 1.535 1.405 1.243 0.923 0.674 0.482 0.322 0.065 -0.132 -0.289 -0.488 -0.695 1.698 0.319
5.75 19.95 1.593 1.690 1.851 1.937 1.974 1.912 1.839 1.771 1.680 1.556 1.446 1.321 1.162 0.847 0.602 0.413 0.254 0.002 -0.193 -0.347 -0.543 -0.747 1.593 0.249
5.75 25.12 1.479 1.573 1.730 1.816 1.853 1.794 1.723 1.659 1.573 1.455 1.350 1.229 1.073 0.763 0.522 0.336 0.180 -0.069 -0.260 -0.412 -0.605 -0.804 1.479 0.173
5.75 31.62 1.358 1.448 1.602 1.688 1.723 1.667 1.599 1.539 1.459 1.345 1.246 1.128 0.976 0.672 0.435 0.252 0.098 -0.146 -0.334 -0.483 -0.673 -0.868 1.358 0.089
5.75 39.81 1.230 1.316 1.465 1.551 1.587 1.533 1.467 1.412 1.336 1.227 1.133 1.019 0.870 0.571 0.339 0.159 0.008 -0.231 -0.417 -0.562 -0.749 -0.939 1.230 -0.002
5.75 50.12 1.095 1.177 1.323 1.409 1.443 1.391 1.327 1.276 1.205 1.101 1.011 0.900 0.754 0.461 0.234 0.058 -0.091 -0.325 -0.507 -0.649 -0.833 -1.018 1.095 -0.102
5.75 63.10 0.955 1.032 1.173 1.259 1.292 1.243 1.180 1.133 1.066 0.965 0.880 0.771 0.628 0.341 0.119 -0.054 -0.200 -0.429 -0.607 -0.746 -0.926 -1.106 0.955 -0.211
5.75 79.43 0.808 0.881 1.018 1.104 1.136 1.088 1.026 0.982 0.918 0.820 0.738 0.631 0.491 0.210 -0.007 -0.177 -0.320 -0.544 -0.719 -0.854 -1.031 -1.205 0.808 -0.330
5.75 100.00 0.657 0.725 0.857 0.943 0.973 0.926 0.865 0.823 0.761 0.664 0.585 0.478 0.340 0.064 -0.147 -0.313 -0.454 -0.673 -0.844 -0.975 -1.148 -1.317 0.657 -0.462
5.75 125.89 0.499 0.563 0.690 0.776 0.804 0.758 0.695 0.655 0.594 0.496 0.418 0.310 0.172 -0.098 -0.304 -0.466 -0.604 -0.817 -0.984 -1.113 -1.282 -1.445 0.499 -0.609
5.75 158.49 0.336 0.395 0.518 0.604 0.629 0.581 0.516 0.478 0.414 0.313 0.235 0.123 -0.015 -0.280 -0.480 -0.639 -0.774 -0.981 -1.145 -1.269 -1.435 -1.592 0.336 -0.774
5.75 199.53 0.167 0.221 0.339 0.425 0.446 0.396 0.327 0.288 0.220 0.112 0.033 -0.087 -0.225 -0.487 -0.682 -0.836 -0.969 -1.170 -1.330 -1.451 -1.612 -1.764 0.167 -0.960
5.75 251.19 -0.010 0.040 0.153 0.239 0.256 0.202 0.126 0.085 0.008 -0.110 -0.194 -0.324 -0.466 -0.725 -0.913 -1.064 -1.193 -1.389 -1.545 -1.662 -1.820 -1.966 -0.010 -1.174
5.75 316.23 -0.194 -0.150 -0.041 0.045 0.056 -0.005 -0.089 -0.135 -0.225 -0.359 -0.451 -0.596 -0.743 -1.000 -1.183 -1.330 -1.456 -1.646 -1.798 -1.911 -2.065 -2.205 -0.194 -1.421
5.75 398.11 -0.389 -0.349 -0.245 -0.159 -0.155 -0.225 -0.323 -0.376 -0.484 -0.641 -0.746 -0.911 -1.067 -1.322 -1.499 -1.642 -1.766 -1.950 -2.098 -2.207 -2.357 -2.492 -0.389 -1.711
5.75 501.19 -0.595 -0.560 -0.461 -0.375 -0.380 -0.463 -0.578 -0.642 -0.777 -0.963 -1.087 -1.280 -1.448 -1.705 -1.876 -2.015 -2.135 -2.314 -2.458 -2.563 -2.709 -2.838 -0.595 -2.053
5.75 630.96 -0.815 -0.785 -0.692 -0.606 -0.622 -0.722 -0.861 -0.941 -1.110 -1.338 -1.486 -1.716 -1.901 -2.161 -2.326 -2.462 -2.579 -2.752 -2.892 -2.993 -3.135 -3.258 -0.815 -2.462
5.75 794.33 -1.054 -1.029 -0.940 -0.854 -0.885 -1.009 -1.178 -1.279 -1.495 -1.777 -1.959 -2.238 -2.445 -2.712 -2.871 -3.002 -3.117 -3.283 -3.420 -3.517 -3.655 -3.772 -1.054 -2.954
5.75 1000.00 -1.315 -1.295 -1.211 -1.125 -1.173 -1.328 -1.537 -1.667 -1.945 -2.297 -2.524 -2.866 -3.103 -3.380 -3.533 -3.660 -3.772 -3.933 -4.065 -4.158 -4.292 -4.403 -1.315 -3.551
6.00 1.00 2.393 2.512 2.694 2.780 2.819 2.741 2.652 2.559 2.434 2.278 2.137 1.989 1.814 1.478 1.218 1.021 0.858 0.592 0.385 0.214 0.001 -0.228 2.393 0.820
6.00 1.26 2.378 2.495 2.677 2.764 2.803 2.725 2.636 2.544 2.420 2.265 2.125 1.977 1.802 1.468 1.208 1.012 0.849 0.584 0.377 0.206 -0.006 -0.234 2.378 0.811
6.00 1.58 2.358 2.476 2.657 2.743 2.782 2.705 2.617 2.525 2.402 2.249 2.110 1.963 1.789 1.455 1.196 1.000 0.838 0.573 0.367 0.197 -0.015 -0.242 2.358 0.799
6.00 2.00 2.335 2.452 2.632 2.718 2.757 2.681 2.593 2.503 2.381 2.229 2.091 1.945 1.772 1.440 1.182 0.986 0.825 0.561 0.355 0.185 -0.026 -0.252 2.335 0.785
6.00 2.51 2.307 2.422 2.602 2.688 2.727 2.651 2.565 2.475 2.355 2.205 2.069 1.924 1.752 1.421 1.164 0.969 0.808 0.545 0.341 0.171 -0.039 -0.264 2.307 0.768
6.00 3.16 2.273 2.387 2.566 2.652 2.691 2.616 2.530 2.443 2.325 2.176 2.042 1.898 1.727 1.398 1.142 0.949 0.788 0.527 0.323 0.155 -0.055 -0.279 2.273 0.747
6.00 3.98 2.232 2.345 2.523 2.609 2.648 2.574 2.489 2.403 2.288 2.141 2.009 1.868 1.698 1.371 1.117 0.924 0.764 0.505 0.302 0.135 -0.074 -0.296 2.232 0.722
6.00 5.01 2.184 2.296 2.472 2.558 2.597 2.524 2.441 2.357 2.244 2.100 1.971 1.831 1.664 1.339 1.087 0.895 0.736 0.478 0.277 0.111 -0.097 -0.317 2.184 0.693
6.00 6.31 2.129 2.239 2.412 2.499 2.537 2.466 2.385 2.303 2.193 2.052 1.926 1.789 1.623 1.301 1.051 0.861 0.703 0.447 0.247 0.083 -0.123 -0.342 2.129 0.658
6.00 7.94 2.064 2.172 2.344 2.430 2.469 2.400 2.320 2.240 2.134 1.997 1.874 1.739 1.576 1.257 1.009 0.821 0.665 0.411 0.213 0.050 -0.154 -0.370 2.064 0.618
6.00 10.00 1.991 2.097 2.266 2.352 2.391 2.324 2.246 2.169 2.067 1.934 1.814 1.683 1.522 1.207 0.962 0.775 0.620 0.370 0.173 0.012 -0.190 -0.403 1.991 0.572
6.00 12.59 1.909 2.012 2.178 2.265 2.303 2.238 2.162 2.089 1.991 1.862 1.747 1.619 1.460 1.149 0.908 0.723 0.570 0.322 0.128 -0.031 -0.231 -0.441 1.909 0.519
6.00 15.85 1.818 1.918 2.081 2.168 2.205 2.143 2.069 2.000 1.907 1.782 1.671 1.547 1.391 1.085 0.846 0.664 0.513 0.269 0.077 -0.080 -0.278 -0.484 1.818 0.460
6.00 19.95 1.718 1.814 1.975 2.061 2.099 2.039 1.967 1.901 1.813 1.694 1.587 1.467 1.314 1.012 0.778 0.599 0.449 0.209 0.019 -0.135 -0.330 -0.533 1.718 0.395
6.00 25.12 1.609 1.702 1.860 1.946 1.983 1.925 1.856 1.795 1.712 1.597 1.495 1.378 1.229 0.932 0.702 0.526 0.378 0.142 -0.045 -0.196 -0.389 -0.587 1.609 0.322
6.00 31.62 1.493 1.582 1.736 1.822 1.859 1.804 1.737 1.679 1.601 1.491 1.395 1.282 1.136 0.844 0.618 0.445 0.299 0.068 -0.116 -0.264 -0.454 -0.648 1.493 0.241
6.00 39.81 1.369 1.455 1.604 1.691 1.727 1.674 1.609 1.556 1.483 1.377 1.286 1.176 1.033 0.747 0.526 0.356 0.212 -0.014 -0.195 -0.340 -0.527 -0.716 1.369 0.153
6.00 50.12 1.239 1.321 1.466 1.552 1.587 1.537 1.474 1.424 1.356 1.255 1.168 1.061 0.922 0.641 0.425 0.258 0.117 -0.105 -0.282 -0.424 -0.608 -0.792 1.239 0.056
6.00 63.10 1.102 1.180 1.321 1.407 1.441 1.393 1.331 1.285 1.221 1.123 1.040 0.936 0.799 0.524 0.313 0.149 0.011 -0.205 -0.380 -0.518 -0.698 -0.877 1.102 -0.050
6.00 79.43 0.960 1.033 1.170 1.256 1.288 1.242 1.181 1.138 1.077 0.981 0.902 0.799 0.665 0.396 0.190 0.029 -0.106 -0.317 -0.488 -0.623 -0.800 -0.973 0.960 -0.166
6.00 100.00 0.812 0.880 1.012 1.099 1.129 1.083 1.023 0.983 0.923 0.829 0.752 0.649 0.517 0.253 0.053 -0.104 -0.237 -0.443 -0.610 -0.741 -0.914 -1.083 0.812 -0.295
6.00 125.89 0.658 0.721 0.849 0.935 0.964 0.918 0.857 0.818 0.759 0.664 0.589 0.484 0.353 0.094 -0.101 -0.254 -0.384 -0.585 -0.748 -0.876 -1.045 -1.208 0.658 -0.439
6.00 158.49 0.498 0.557 0.680 0.766 0.792 0.745 0.681 0.644 0.583 0.484 0.409 0.300 0.169 -0.085 -0.275 -0.424 -0.551 -0.746 -0.906 -1.030 -1.195 -1.353 0.498 -0.601
6.00 199.53 0.331 0.386 0.504 0.591 0.612 0.564 0.495 0.457 0.391 0.286 0.209 0.093 -0.039 -0.289 -0.473 -0.619 -0.743 -0.932 -1.088 -1.208 -1.370 -1.522 0.331 -0.785
6.00 251.19 0.158 0.208 0.321 0.408 0.425 0.372 0.297 0.257 0.183 0.067 -0.015 -0.141 -0.277 -0.524 -0.702 -0.844 -0.965 -1.149 -1.301 -1.417 -1.575 -1.721 0.158 -0.996
6.00 316.23 -0.024 0.021 0.130 0.216 0.228 0.168 0.085 0.040 -0.047 -0.179 -0.269 -0.410 -0.551 -0.796 -0.969 -1.106 -1.225 -1.403 -1.551 -1.664 -1.817 -1.958 -0.024 -1.241
6.00 398.11 -0.215 -0.175 -0.071 0.015 0.020 -0.049 -0.146 -0.198 -0.304 -0.458 -0.561 -0.722 -0.872 -1.116 -1.283 -1.417 -1.533 -1.704 -1.848 -1.957 -2.107 -2.242 -0.215 -1.528
6.00 501.19 -0.418 -0.383 -0.284 -0.198 -0.202 -0.284 -0.399 -0.462 -0.594 -0.778 -0.899 -1.089 -1.250 -1.496 -1.656 -1.786 -1.899 -2.065 -2.205 -2.310 -2.456 -2.585 -0.418 -1.868
6.00 630.96 -0.636 -0.606 -0.512 -0.426 -0.441 -0.541 -0.679 -0.757 -0.925 -1.150 -1.296 -1.523 -1.701 -1.950 -2.104 -2.231 -2.340 -2.500 -2.637 -2.738 -2.880 -3.003 -0.636 -2.275
6.00 794.33 -0.872 -0.847 -0.758 -0.672 -0.701 -0.824 -0.993 -1.093 -1.307 -1.587 -1.766 -2.042 -2.243 -2.498 -2.646 -2.768 -2.875 -3.030 -3.162 -3.259 -3.397 -3.514 -0.872 -2.765
6.00 1000.00 -1.131 -1.111 -1.026 -0.940 -0.988 -1.142 -1.349 -1.478 -1.754 -2.104 -2.329 -2.667 -2.898 -3.163 -3.306 -3.424 -3.528 -3.676 -3.805 -3.898 -4.032 -4.143 -1.131 -3.360
6.25 1.00 2.469 2.585 2.766 2.852 2.892 2.817 2.730 2.641 2.522 2.372 2.237 2.095 1.928 1.607 1.359 1.172 1.018 0.765 0.564 0.394 0.183 -0.043 2.469 0.932
6.25 1.26 2.454 2.571 2.751 2.838 2.877 2.802 2.716 2.628 2.509 2.360 2.226 2.085 1.918 1.598 1.350 1.164 1.009 0.758 0.557 0.387 0.176 -0.049 2.454 0.924
6.25 1.58 2.437 2.553 2.733 2.819 2.859 2.784 2.699 2.611 2.494 2.346 2.212 2.072 1.906 1.586 1.339 1.153 1.000 0.749 0.548 0.379 0.168 -0.056 2.437 0.913
6.25 2.00 2.416 2.531 2.710 2.797 2.836 2.762 2.677 2.590 2.474 2.328 2.196 2.056 1.891 1.572 1.326 1.141 0.987 0.737 0.537 0.369 0.159 -0.065 2.416 0.900
6.25 2.51 2.390 2.505 2.683 2.769 2.809 2.736 2.652 2.566 2.451 2.306 2.175 2.037 1.872 1.555 1.310 1.125 0.973 0.724 0.524 0.356 0.147 -0.076 2.390 0.885
6.25 3.16 2.360 2.473 2.650 2.736 2.776 2.703 2.620 2.536 2.423 2.280 2.151 2.013 1.850 1.535 1.291 1.107 0.955 0.707 0.508 0.341 0.133 -0.089 2.360 0.866
6.25 3.98 2.323 2.434 2.610 2.697 2.736 2.665 2.583 2.500 2.389 2.248 2.121 1.985 1.824 1.510 1.267 1.084 0.933 0.687 0.489 0.323 0.115 -0.105 2.323 0.843
6.25 5.01 2.279 2.389 2.564 2.650 2.690 2.619 2.539 2.457 2.349 2.211 2.086 1.952 1.792 1.480 1.240 1.058 0.907 0.663 0.466 0.301 0.095 -0.124 2.279 0.816
6.25 6.31 2.227 2.336 2.509 2.595 2.635 2.566 2.486 2.407 2.302 2.166 2.044 1.913 1.754 1.446 1.207 1.026 0.877 0.634 0.439 0.275 0.070 -0.146 2.227 0.785
6.25 7.94 2.168 2.274 2.445 2.532 2.571 2.504 2.426 2.349 2.248 2.115 1.996 1.867 1.711 1.405 1.168 0.990 0.841 0.601 0.407 0.245 0.042 -0.172 2.168 0.747
6.25 10.00 2.099 2.204 2.372 2.459 2.498 2.433 2.357 2.283 2.185 2.056 1.940 1.814 1.660 1.358 1.124 0.947 0.800 0.562 0.371 0.210 0.009 -0.203 2.099 0.704
6.25 12.59 2.022 2.124 2.290 2.377 2.416 2.352 2.278 2.208 2.114 1.989 1.877 1.754 1.603 1.304 1.073 0.898 0.753 0.518 0.328 0.170 -0.029 -0.238 2.022 0.655
6.25 15.85 1.936 2.035 2.198 2.285 2.324 2.263 2.191 2.123 2.034 1.913 1.806 1.686 1.538 1.243 1.016 0.843 0.699 0.468 0.280 0.124 -0.073 -0.278 1.936 0.600
6.25 19.95 1.841 1.937 2.097 2.184 2.222 2.164 2.094 2.030 1.945 1.829 1.726 1.610 1.465 1.175 0.951 0.781 0.639 0.411 0.226 0.072 -0.122 -0.324 1.841 0.537
6.25 25.12 1.738 1.830 1.987 2.074 2.112 2.056 1.988 1.928 1.848 1.737 1.638 1.526 1.383 1.098 0.879 0.711 0.571 0.348 0.165 0.014 -0.178 -0.375 1.738 0.468
6.25 31.62 1.626 1.715 1.869 1.955 1.992 1.939 1.873 1.817 1.742 1.636 1.542 1.433 1.294 1.014 0.799 0.634 0.496 0.277 0.097 -0.051 -0.240 -0.433 1.626 0.391
6.25 39.81 1.507 1.593 1.742 1.829 1.865 1.814 1.750 1.698 1.628 1.526 1.437 1.331 1.195 0.921 0.710 0.548 0.412 0.198 0.021 -0.124 -0.310 -0.498 1.507 0.306
6.25 50.12 1.381 1.463 1.608 1.695 1.730 1.681 1.619 1.571 1.505 1.407 1.323 1.220 1.087 0.818 0.612 0.453 0.320 0.110 -0.063 -0.205 -0.388 -0.571 1.381 0.212
6.25 63.10 1.249 1.326 1.467 1.554 1.588 1.541 1.481 1.436 1.374 1.279 1.199 1.098 0.968 0.704 0.504 0.348 0.218 0.013 -0.157 -0.295 -0.475 -0.654 1.249 0.109
6.25 79.43 1.110 1.183 1.320 1.406 1.439 1.394 1.334 1.293 1.234 1.141 1.064 0.965 0.837 0.579 0.383 0.232 0.103 -0.096 -0.263 -0.398 -0.574 -0.747 1.110 -0.004
6.25 100.00 0.965 1.034 1.166 1.253 1.284 1.239 1.180 1.141 1.084 0.992 0.918 0.818 0.692 0.440 0.249 0.101 -0.024 -0.219 -0.382 -0.513 -0.686 -0.854 0.965 -0.131
6.25 125.89 0.815 0.879 1.007 1.093 1.122 1.078 1.017 0.980 0.923 0.830 0.758 0.656 0.531 0.283 0.098 -0.046 -0.169 -0.357 -0.517 -0.645 -0.814 -0.976 0.815 -0.272
6.25 158.49 0.658 0.718 0.841 0.927 0.954 0.908 0.845 0.809 0.750 0.653 0.581 0.475 0.350 0.107 -0.072 -0.213 -0.333 -0.516 -0.672 -0.796 -0.961 -1.118 0.658 -0.431
6.25 199.53 0.495 0.550 0.668 0.755 0.778 0.730 0.662 0.626 0.562 0.459 0.384 0.272 0.145 -0.094 -0.268 -0.405 -0.522 -0.699 -0.851 -0.972 -1.133 -1.285 0.495 -0.613
6.25 251.19 0.325 0.375 0.489 0.575 0.593 0.541 0.467 0.428 0.356 0.242 0.162 0.040 -0.090 -0.326 -0.494 -0.627 -0.741 -0.913 -1.061 -1.178 -1.335 -1.481 0.325 -0.821
6.25 316.23 0.146 0.191 0.300 0.387 0.399 0.340 0.257 0.214 0.129 -0.001 -0.089 -0.226 -0.362 -0.596 -0.758 -0.887 -0.999 -1.165 -1.309 -1.421 -1.575 -1.715 0.146 -1.064
6.25 398.11 -0.042 -0.002 0.102 0.188 0.194 0.126 0.030 -0.021 -0.125 -0.277 -0.378 -0.536 -0.680 -0.913 -1.069 -1.195 -1.303 -1.463 -1.604 -1.713 -1.863 -1.997 -0.042 -1.348
6.25 501.19 -0.243 -0.208 -0.108 -0.022 -0.025 -0.107 -0.220 -0.282 -0.412 -0.595 -0.713 -0.899 -1.055 -1.290 -1.440 -1.562 -1.667 -1.822 -1.958 -2.063 -2.209 -2.337 -0.243 -1.686
6.25 630.96 -0.458 -0.428 -0.333 -0.247 -0.262 -0.361 -0.497 -0.575 -0.740 -0.964 -1.107 -1.330 -1.503 -1.741 -1.886 -2.003 -2.106 -2.254 -2.387 -2.488 -2.630 -2.753 -0.458 -2.090
6.25 794.33 -0.691 -0.666 -0.577 -0.490 -0.519 -0.641 -0.809 -0.908 -1.120 -1.397 -1.575 -1.847 -2.042 -2.286 -2.425 -2.539 -2.638 -2.781 -2.909 -3.006 -3.145 -3.261 -0.691 -2.578
6.25 1000.00 -0.947 -0.927 -0.842 -0.756 -0.803 -0.956 -1.163 -1.291 -1.565 -1.912 -2.135 -2.470 -2.695 -2.949 -3.082 -3.192 -3.289 -3.425 -3.550 -3.643 -3.777 -3.888 -0.947 -3.170
6.50 1.00 2.545 2.660 2.839 2.925 2.966 2.893 2.809 2.724 2.611 2.467 2.337 2.201 2.042 1.734 1.498 1.321 1.174 0.935 0.739 0.571 0.361 0.137 2.545 1.044
6.50 1.26 2.532 2.647 2.825 2.912 2.952 2.880 2.797 2.712 2.599 2.456 2.327 2.192 2.033 1.726 1.490 1.313 1.167 0.929 0.733 0.565 0.355 0.132 2.532 1.036
6.50 1.58 2.517 2.631 2.809 2.895 2.936 2.864 2.781 2.697 2.585 2.443 2.315 2.180 2.022 1.716 1.480 1.304 1.158 0.920 0.725 0.557 0.348 0.126 2.517 1.027
6.50 2.00 2.498 2.611 2.788 2.875 2.915 2.844 2.762 2.678 2.568 2.427 2.300 2.166 2.009 1.703 1.469 1.293 1.147 0.910 0.715 0.548 0.340 0.118 2.498 1.015
6.50 2.51 2.474 2.587 2.764 2.850 2.891 2.820 2.738 2.656 2.547 2.407 2.281 2.149 1.992 1.688 1.454 1.279 1.134 0.898 0.703 0.537 0.329 0.108 2.474 1.001
6.50 3.16 2.446 2.558 2.734 2.820 2.861 2.790 2.710 2.629 2.521 2.383 2.259 2.128 1.972 1.669 1.437 1.262 1.118 0.883 0.689 0.523 0.316 0.096 2.446 0.984
6.50 3.98 2.412 2.523 2.698 2.784 2.825 2.755 2.676 2.596 2.490 2.354 2.232 2.102 1.948 1.647 1.415 1.242 1.098 0.864 0.672 0.507 0.301 0.082 2.412 0.963
6.50 5.01 2.372 2.481 2.655 2.741 2.782 2.714 2.635 2.557 2.454 2.320 2.200 2.072 1.919 1.620 1.390 1.217 1.074 0.843 0.651 0.487 0.282 0.065 2.372 0.939
6.50 6.31 2.325 2.432 2.604 2.691 2.731 2.664 2.587 2.511 2.410 2.279 2.162 2.036 1.884 1.588 1.360 1.189 1.047 0.817 0.626 0.463 0.260 0.045 2.325 0.909
6.50 7.94 2.270 2.375 2.545 2.632 2.672 2.607 2.531 2.457 2.360 2.232 2.117 1.993 1.844 1.550 1.324 1.155 1.014 0.786 0.597 0.436 0.233 0.021 2.270 0.875
6.50 10.00 2.206 2.310 2.478 2.564 2.604 2.541 2.467 2.395 2.301 2.177 2.065 1.944 1.797 1.506 1.283 1.115 0.976 0.750 0.563 0.403 0.203 -0.007 2.206 0.835
6.50 12.59 2.134 2.235 2.401 2.487 2.527 2.465 2.393 2.325 2.235 2.114 2.006 1.888 1.743 1.456 1.236 1.070 0.931 0.709 0.524 0.366 0.167 -0.040 2.134 0.789
6.50 15.85 2.053 2.151 2.314 2.401 2.440 2.381 2.310 2.245 2.159 2.043 1.939 1.824 1.682 1.399 1.182 1.018 0.881 0.662 0.479 0.323 0.127 -0.077 2.053 0.737
6.50 19.95 1.963 2.059 2.218 2.305 2.344 2.287 2.219 2.157 2.076 1.963 1.864 1.752 1.612 1.334 1.121 0.959 0.824 0.608 0.427 0.275 0.080 -0.120 1.963 0.678
6.50 25.12 1.865 1.957 2.113 2.200 2.239 2.184 2.118 2.060 1.983 1.875 1.780 1.672 1.535 1.261 1.052 0.893 0.760 0.548 0.370 0.219 0.028 -0.169 1.865 0.611
6.50 31.62 1.758 1.847 2.000 2.087 2.124 2.072 2.008 1.954 1.882 1.778 1.688 1.583 1.449 1.181 0.975 0.819 0.688 0.481 0.305 0.157 -0.031 -0.224 1.758 0.538
6.50 39.81 1.644 1.729 1.878 1.965 2.002 1.952 1.890 1.839 1.772 1.673 1.587 1.485 1.354 1.091 0.890 0.737 0.608 0.405 0.232 0.088 -0.098 -0.286 1.644 0.456
6.50 50.12 1.522 1.603 1.749 1.835 1.872 1.824 1.763 1.716 1.653 1.558 1.476 1.377 1.250 0.992 0.795 0.645 0.519 0.321 0.151 0.010 -0.173 -0.356 1.522 0.366
6.50 63.10 1.394 1.471 1.612 1.699 1.734 1.688 1.629 1.585 1.526 1.434 1.356 1.259 1.134 0.882 0.690 0.543 0.420 0.226 0.060 -0.078 -0.258 -0.436 1.394 0.266
6.50 79.43 1.259 1.332 1.469 1.556 1.589 1.545 1.486 1.446 1.389 1.299 1.225 1.129 1.007 0.759 0.573 0.430 0.309 0.120 -0.042 -0.177 -0.353 -0.527 1.259 0.155
6.50 100.00 1.118 1.187 1.319 1.406 1.438 1.394 1.336 1.298 1.243 1.154 1.082 0.986 0.865 0.623 0.442 0.302 0.184 0.001 -0.159 -0.290 -0.462 -0.630 1.118 0.032
6.50 125.89 0.971 1.035 1.163 1.250 1.280 1.236 1.176 1.140 1.086 0.995 0.925 0.827 0.707 0.470 0.295 0.158 0.042 -0.135 -0.291 -0.419 -0.587 -0.750 0.971 -0.107
6.50 158.49 0.818 0.877 1.001 1.088 1.114 1.070 1.008 0.972 0.915 0.821 0.751 0.649 0.529 0.297 0.127 -0.006 -0.119 -0.291 -0.443 -0.567 -0.732 -0.889 0.818 -0.264
6.50 199.53 0.658 0.713 0.832 0.918 0.942 0.894 0.828 0.792 0.731 0.630 0.557 0.448 0.327 0.098 -0.066 -0.195 -0.305 -0.472 -0.620 -0.740 -0.902 -1.053 0.658 -0.442
6.50 251.19 0.491 0.541 0.655 0.742 0.760 0.709 0.636 0.598 0.528 0.416 0.339 0.220 0.095 -0.131 -0.289 -0.414 -0.522 -0.683 -0.827 -0.944 -1.101 -1.247 0.491 -0.648
6.50 316.23 0.315 0.360 0.470 0.556 0.569 0.511 0.429 0.387 0.303 0.176 0.090 -0.044 -0.174 -0.398 -0.551 -0.672 -0.776 -0.931 -1.072 -1.185 -1.338 -1.478 0.315 -0.888
6.50 398.11 0.129 0.170 0.274 0.361 0.367 0.300 0.204 0.154 0.052 -0.097 -0.196 -0.351 -0.489 -0.712 -0.859 -0.977 -1.078 -1.228 -1.364 -1.473 -1.623 -1.757 0.129 -1.171
6.50 501.19 -0.068 -0.033 0.067 0.153 0.151 0.070 -0.043 -0.104 -0.232 -0.412 -0.529 -0.711 -0.862 -1.086 -1.228 -1.341 -1.440 -1.583 -1.716 -1.821 -1.967 -2.095 -0.068 -1.506
6.50 630.96 -0.281 -0.250 -0.156 -0.069 -0.083 -0.181 -0.317 -0.394 -0.557 -0.779 -0.920 -1.140 -1.308 -1.535 -1.670 -1.780 -1.876 -2.013 -2.142 -2.243 -2.385 -2.508 -0.281 -1.908
6.50 794.33 -0.511 -0.486 -0.396 -0.309 -0.338 -0.459 -0.626 -0.724 -0.934 -1.210 -1.385 -1.654 -1.844 -2.078 -2.207 -2.313 -2.406 -2.537 -2.662 -2.759 -2.898 -3.014 -0.511 -2.393
6.50 1000.00 -0.765 -0.744 -0.659 -0.572 -0.619 -0.771 -0.977 -1.104 -1.376 -1.722 -1.942 -2.275 -2.494 -2.738 -2.862 -2.963 -3.053 -3.179 -3.300 -3.393 -3.527 -3.638 -0.765 -2.983
6.75 1.00 2.622 2.735 2.912 2.999 3.040 2.970 2.889 2.807 2.700 2.562 2.438 2.308 2.156 1.861 1.635 1.467 1.328 1.102 0.911 0.744 0.536 0.314 2.622 1.154
6.75 1.26 2.610 2.723 2.900 2.987 3.028 2.958 2.878 2.796 2.689 2.552 2.429 2.300 2.148 1.854 1.628 1.461 1.322 1.096 0.905 0.738 0.531 0.310 2.610 1.147
6.75 1.58 2.596 2.709 2.885 2.972 3.013 2.944 2.864 2.783 2.677 2.540 2.418 2.289 2.138 1.844 1.620 1.452 1.314 1.089 0.898 0.732 0.524 0.304 2.596 1.139
6.75 2.00 2.579 2.691 2.867 2.954 2.995 2.926 2.846 2.766 2.661 2.526 2.404 2.276 2.126 1.833 1.609 1.442 1.304 1.080 0.889 0.724 0.517 0.297 2.579 1.129
6.75 2.51 2.558 2.669 2.844 2.931 2.972 2.904 2.825 2.746 2.642 2.508 2.387 2.260 2.111 1.819 1.596 1.430 1.292 1.068 0.879 0.714 0.507 0.289 2.558 1.116
6.75 3.16 2.533 2.643 2.817 2.904 2.945 2.877 2.799 2.721 2.619 2.486 2.367 2.241 2.093 1.802 1.580 1.414 1.278 1.055 0.866 0.701 0.496 0.278 2.533 1.100
6.75 3.98 2.502 2.611 2.784 2.871 2.912 2.845 2.768 2.691 2.591 2.460 2.342 2.218 2.070 1.782 1.561 1.396 1.260 1.038 0.850 0.686 0.482 0.265 2.502 1.082
6.75 5.01 2.465 2.573 2.745 2.832 2.873 2.807 2.731 2.656 2.557 2.428 2.313 2.190 2.044 1.757 1.538 1.374 1.238 1.018 0.831 0.668 0.465 0.250 2.465 1.059
6.75 6.31 2.422 2.528 2.699 2.786 2.826 2.762 2.687 2.613 2.517 2.391 2.278 2.157 2.012 1.728 1.510 1.347 1.213 0.995 0.808 0.647 0.444 0.231 2.422 1.032
6.75 7.94 2.371 2.476 2.644 2.731 2.772 2.709 2.635 2.564 2.471 2.347 2.237 2.118 1.975 1.693 1.478 1.316 1.183 0.966 0.782 0.622 0.420 0.209 2.371 1.000
6.75 10.00 2.312 2.415 2.581 2.668 2.709 2.647 2.575 2.506 2.416 2.296 2.189 2.072 1.932 1.653 1.439 1.280 1.147 0.933 0.750 0.592 0.392 0.184 2.312 0.963
6.75 12.59 2.245 2.345 2.509 2.596 2.636 2.577 2.506 2.440 2.354 2.237 2.133 2.020 1.881 1.606 1.395 1.237 1.106 0.895 0.714 0.557 0.359 0.153 2.245 0.921
6.75 15.85 2.168 2.266 2.428 2.515 2.555 2.497 2.429 2.366 2.283 2.171 2.070 1.960 1.824 1.552 1.345 1.189 1.059 0.851 0.672 0.517 0.321 0.119 2.168 0.871
6.75 19.95 2.084 2.179 2.338 2.425 2.464 2.409 2.342 2.282 2.204 2.095 1.999 1.892 1.758 1.491 1.287 1.133 1.005 0.801 0.624 0.471 0.278 0.078 2.084 0.816
6.75 25.12 1.990 2.082 2.238 2.325 2.364 2.311 2.246 2.190 2.116 2.012 1.920 1.815 1.685 1.422 1.222 1.071 0.944 0.744 0.569 0.419 0.228 0.033 1.990 0.753
6.75 31.62 1.888 1.977 2.129 2.216 2.255 2.204 2.141 2.088 2.019 1.919 1.831 1.730 1.603 1.345 1.148 1.000 0.876 0.679 0.507 0.360 0.172 -0.020 1.888 0.682
6.75 39.81 1.779 1.864 2.013 2.100 2.137 2.088 2.028 1.979 1.914 1.818 1.734 1.636 1.511 1.258 1.067 0.921 0.799 0.607 0.438 0.294 0.108 -0.079 1.779 0.604
6.75 50.12 1.662 1.743 1.888 1.975 2.012 1.965 1.906 1.860 1.800 1.707 1.628 1.532 1.410 1.163 0.975 0.833 0.713 0.526 0.360 0.219 0.036 -0.146 1.662 0.517
6.75 63.10 1.538 1.615 1.756 1.843 1.878 1.833 1.775 1.733 1.676 1.587 1.511 1.418 1.298 1.056 0.874 0.734 0.617 0.434 0.272 0.134 -0.045 -0.223 1.538 0.420
6.75 79.43 1.407 1.480 1.617 1.704 1.738 1.694 1.637 1.598 1.544 1.456 1.384 1.292 1.174 0.937 0.760 0.624 0.509 0.331 0.172 0.038 -0.138 -0.311 1.407 0.312
6.75 100.00 1.270 1.338 1.471 1.558 1.590 1.548 1.490 1.453 1.401 1.314 1.244 1.152 1.036 0.804 0.632 0.500 0.388 0.215 0.059 -0.072 -0.244 -0.412 1.270 0.191
6.75 125.89 1.127 1.191 1.319 1.406 1.436 1.393 1.334 1.299 1.247 1.158 1.090 0.996 0.881 0.654 0.487 0.358 0.249 0.082 -0.071 -0.198 -0.367 -0.529 1.127 0.056
6.75 158.49 0.977 1.036 1.160 1.247 1.274 1.230 1.169 1.135 1.080 0.988 0.920 0.821 0.706 0.483 0.322 0.197 0.090 -0.071 -0.220 -0.344 -0.509 -0.666 0.977 -0.098
6.75 199.53 0.820 0.875 0.994 1.081 1.105 1.058 0.993 0.958 0.898 0.799 0.729 0.623 0.507 0.288 0.132 0.011 -0.093 -0.249 -0.394 -0.514 -0.675 -0.827 0.820 -0.274
6.75 251.19 0.656 0.706 0.820 0.907 0.927 0.876 0.804 0.767 0.698 0.589 0.513 0.397 0.278 0.062 -0.088 -0.206 -0.307 -0.457 -0.598 -0.715 -0.872 -1.018 0.656 -0.478
6.75 316.23 0.483 0.529 0.638 0.725 0.739 0.681 0.600 0.558 0.477 0.352 0.268 0.137 0.011 -0.202 -0.347 -0.460 -0.559 -0.703 -0.841 -0.953 -1.107 -1.247 0.483 -0.715
6.75 398.11 0.300 0.341 0.446 0.533 0.539 0.472 0.378 0.329 0.229 0.081 -0.016 -0.167 -0.301 -0.514 -0.653 -0.763 -0.858 -0.997 -1.130 -1.239 -1.389 -1.523 0.300 -0.995
6.75 501.19 0.105 0.141 0.241 0.328 0.326 0.246 0.134 0.074 -0.053 -0.231 -0.346 -0.525 -0.671 -0.886 -1.018 -1.124 -1.217 -1.350 -1.480 -1.584 -1.730 -1.859 0.105 -1.328
6.75 630.96 -0.104 -0.073 0.021 0.108 0.095 -0.003 -0.138 -0.214 -0.375 -0.595 -0.735 -0.951 -1.114 -1.332 -1.459 -1.561 -1.650 -1.778 -1.903 -2.004 -2.146 -2.269 -0.104 -1.728
6.75 794.33 -0.332 -0.306 -0.216 -0.129 -0.157 -0.278 -0.444 -0.541 -0.750 -1.023 -1.197 -1.462 -1.648 -1.872 -1.993 -2.091 -2.177 -2.299 -2.421 -2.518 -2.656 -2.772 -0.332 -2.211
6.75 1000.00 -0.583 -0.562 -0.477 -0.390 -0.435 -0.587 -0.792 -0.919 -1.189 -1.533 -1.751 -2.081 -2.295 -2.530 -2.645 -2.739 -2.822 -2.938 -3.056 -3.149 -3.283 -3.394 -0.583 -2.798
7.00 1.00 2.700 2.811 2.986 3.074 3.115 3.048 2.970 2.891 2.789 2.657 2.538 2.415 2.270 1.987 1.772 1.612 1.480 1.266 1.079 0.914 0.707 0.488 2.700 1.264
7.00 1.26 2.689 2.800 2.976 3.063 3.104 3.037 2.959 2.881 2.780 2.649 2.530 2.407 2.262 1.980 1.765 1.606 1.474 1.260 1.074 0.909 0.703 0.484 2.689 1.258
7.00 1.58 2.677 2.787 2.962 3.049 3.091 3.024 2.947 2.869 2.769 2.638 2.520 2.398 2.254 1.972 1.757 1.598 1.467 1.254 1.067 0.903 0.697 0.479 2.677 1.250
7.00 2.00 2.661 2.771 2.946 3.033 3.074 3.008 2.931 2.854 2.755 2.625 2.508 2.386 2.243 1.962 1.748 1.589 1.458 1.245 1.060 0.895 0.690 0.473 2.661 1.241
7.00 2.51 2.642 2.752 2.925 3.013 3.054 2.988 2.912 2.836 2.737 2.609 2.493 2.372 2.229 1.949 1.736 1.578 1.448 1.235 1.050 0.886 0.682 0.465 2.642 1.230
7.00 3.16 2.619 2.728 2.901 2.988 3.029 2.964 2.888 2.813 2.716 2.589 2.475 2.354 2.212 1.934 1.722 1.564 1.434 1.223 1.038 0.875 0.671 0.456 2.619 1.216
7.00 3.98 2.591 2.699 2.871 2.958 2.999 2.935 2.860 2.786 2.691 2.565 2.452 2.333 2.192 1.915 1.704 1.548 1.418 1.208 1.024 0.862 0.659 0.444 2.591 1.199
7.00 5.01 2.558 2.664 2.835 2.922 2.963 2.900 2.826 2.754 2.660 2.536 2.425 2.308 2.168 1.893 1.683 1.527 1.399 1.190 1.007 0.846 0.643 0.430 2.558 1.178
7.00 6.31 2.518 2.623 2.792 2.880 2.921 2.858 2.785 2.715 2.624 2.502 2.393 2.278 2.139 1.866 1.658 1.503 1.375 1.168 0.986 0.826 0.625 0.413 2.518 1.153
7.00 7.94 2.471 2.575 2.742 2.830 2.871 2.809 2.738 2.669 2.581 2.462 2.355 2.242 2.105 1.834 1.628 1.475 1.348 1.142 0.962 0.803 0.603 0.394 2.471 1.124
7.00 10.00 2.417 2.518 2.684 2.771 2.812 2.752 2.682 2.616 2.530 2.414 2.311 2.199 2.064 1.796 1.593 1.441 1.315 1.112 0.933 0.776 0.577 0.370 2.417 1.090
7.00 12.59 2.354 2.453 2.617 2.704 2.745 2.687 2.618 2.555 2.472 2.359 2.259 2.150 2.018 1.753 1.552 1.401 1.277 1.077 0.899 0.744 0.547 0.342 2.354 1.050
7.00 15.85 2.283 2.380 2.541 2.628 2.668 2.612 2.545 2.485 2.406 2.297 2.200 2.094 1.964 1.702 1.504 1.356 1.233 1.035 0.860 0.706 0.511 0.310 2.283 1.004
7.00 19.95 2.203 2.297 2.456 2.543 2.583 2.529 2.464 2.406 2.331 2.226 2.133 2.030 1.902 1.645 1.450 1.304 1.182 0.988 0.815 0.663 0.471 0.272 2.203 0.951
7.00 25.12 2.114 2.206 2.361 2.448 2.488 2.436 2.373 2.318 2.248 2.146 2.058 1.957 1.832 1.579 1.388 1.244 1.125 0.934 0.763 0.614 0.424 0.229 2.114 0.892
7.00 31.62 2.017 2.105 2.258 2.345 2.384 2.334 2.273 2.222 2.156 2.058 1.973 1.876 1.754 1.506 1.318 1.177 1.060 0.873 0.705 0.558 0.370 0.179 2.017 0.825
7.00 39.81 1.912 1.997 2.146 2.233 2.271 2.223 2.164 2.116 2.054 1.961 1.880 1.786 1.666 1.423 1.240 1.102 0.986 0.804 0.638 0.495 0.310 0.123 1.912 0.749
7.00 50.12 1.800 1.881 2.026 2.113 2.150 2.104 2.046 2.002 1.944 1.854 1.778 1.686 1.569 1.331 1.152 1.017 0.904 0.726 0.563 0.422 0.241 0.058 1.800 0.665
7.00 63.10 1.680 1.757 1.898 1.985 2.021 1.977 1.920 1.880 1.825 1.738 1.665 1.575 1.461 1.227 1.054 0.922 0.811 0.637 0.478 0.341 0.162 -0.016 1.680 0.571
7.00 79.43 1.554 1.626 1.763 1.850 1.885 1.842 1.786 1.748 1.696 1.611 1.541 1.452 1.340 1.112 0.943 0.814 0.706 0.537 0.382 0.247 0.072 -0.101 1.554 0.467
7.00 100.00 1.420 1.489 1.621 1.709 1.742 1.700 1.643 1.608 1.557 1.472 1.405 1.315 1.205 0.982 0.818 0.693 0.587 0.424 0.271 0.140 -0.032 -0.199 1.420 0.349
7.00 125.89 1.281 1.345 1.473 1.560 1.591 1.549 1.491 1.457 1.406 1.320 1.254 1.163 1.053 0.835 0.676 0.555 0.451 0.294 0.145 0.017 -0.151 -0.313 1.281 0.216
7.00 158.49 1.134 1.194 1.318 1.405 1.433 1.389 1.329 1.296 1.243 1.153 1.087 0.991 0.881 0.667 0.514 0.396 0.296 0.143 -0.002 -0.126 -0.291 -0.447 1.134 0.065
7.00 199.53 0.981 1.036 1.155 1.242 1.267 1.221 1.156 1.122 1.064 0.968 0.899 0.796 0.685 0.475 0.327 0.213 0.115 -0.032 -0.173 -0.293 -0.455 -0.606 0.981 -0.109
7.00 251.19 0.820 0.870 0.985 1.072 1.092 1.042 0.971 0.934 0.868 0.760 0.686 0.574 0.458 0.252 0.110 -0.001 -0.096 -0.237 -0.375 -0.491 -0.649 -0.794 0.820 -0.310
7.00 316.23 0.650 0.696 0.805 0.893 0.907 0.850 0.770 0.729 0.649 0.526 0.444 0.316 0.195 -0.010 -0.146 -0.253 -0.345 -0.481 -0.615 -0.727 -0.881 -1.021 0.650 -0.545
7.00 398.11 0.471 0.511 0.616 0.703 0.710 0.644 0.551 0.502 0.404 0.258 0.163 0.014 -0.115 -0.319 -0.449 -0.552 -0.642 -0.772 -0.902 -1.010 -1.160 -1.294 0.471 -0.822
7.00 501.19 0.278 0.314 0.414 0.501 0.500 0.421 0.309 0.250 0.125 -0.051 -0.164 -0.341 -0.482 -0.688 -0.812 -0.912 -0.998 -1.122 -1.248 -1.353 -1.499 -1.627 0.278 -1.153
7.00 630.96 0.072 0.102 0.198 0.285 0.272 0.175 0.041 -0.035 -0.195 -0.412 -0.550 -0.764 -0.922 -1.131 -1.250 -1.345 -1.429 -1.547 -1.669 -1.770 -1.912 -2.035 0.072 -1.550
7.00 794.33 -0.154 -0.128 -0.037 0.050 0.022 -0.098 -0.263 -0.359 -0.566 -0.838 -1.010 -1.273 -1.453 -1.668 -1.781 -1.873 -1.953 -2.066 -2.184 -2.281 -2.419 -2.536 -0.154 -2.030
7.00 1000.00 -0.401 -0.380 -0.295 -0.208 -0.253 -0.404 -0.609 -0.734 -1.003 -1.345 -1.562 -1.888 -2.098 -2.324 -2.431 -2.518 -2.596 -2.702 -2.817 -2.910 -3.044 -3.155 -0.401 -2.616
7.25 1.00 2.778 2.888 3.062 3.149 3.191 3.126 3.051 2.976 2.879 2.753 2.640 2.522 2.383 2.112 1.906 1.754 1.629 1.426 1.243 1.080 0.875 0.659 2.778 1.373
7.25 1.26 2.769 2.879 3.052 3.139 3.181 3.117 3.041 2.967 2.871 2.745 2.632 2.515 2.377 2.106 1.901 1.749 1.624 1.421 1.239 1.076 0.871 0.655 2.769 1.368
7.25 1.58 2.758 2.867 3.040 3.127 3.169 3.105 3.030 2.956 2.861 2.736 2.623 2.506 2.369 2.098 1.894 1.742 1.618 1.415 1.233 1.070 0.866 0.651 2.758 1.361
7.25 2.00 2.744 2.852 3.025 3.112 3.154 3.090 3.016 2.943 2.848 2.724 2.612 2.496 2.359 2.089 1.885 1.734 1.610 1.408 1.226 1.064 0.860 0.645 2.744 1.353
7.25 2.51 2.727 2.835 3.007 3.094 3.136 3.072 2.999 2.926 2.833 2.709 2.599 2.483 2.346 2.078 1.874 1.724 1.600 1.399 1.218 1.056 0.852 0.638 2.727 1.342
7.25 3.16 2.706 2.813 2.984 3.072 3.114 3.051 2.977 2.906 2.814 2.691 2.582 2.467 2.332 2.064 1.861 1.712 1.588 1.388 1.207 1.046 0.843 0.630 2.706 1.330
7.25 3.98 2.681 2.787 2.957 3.045 3.086 3.024 2.952 2.881 2.790 2.670 2.562 2.448 2.313 2.047 1.846 1.697 1.574 1.374 1.194 1.034 0.832 0.619 2.681 1.314
7.25 5.01 2.650 2.755 2.925 3.012 3.054 2.992 2.921 2.851 2.763 2.644 2.537 2.425 2.291 2.027 1.826 1.678 1.556 1.358 1.179 1.019 0.818 0.607 2.650 1.296
7.25 6.31 2.614 2.718 2.886 2.973 3.015 2.954 2.884 2.816 2.729 2.612 2.508 2.397 2.265 2.002 1.803 1.656 1.535 1.338 1.160 1.001 0.801 0.591 2.614 1.273
7.25 7.94 2.571 2.673 2.839 2.927 2.968 2.909 2.840 2.774 2.690 2.575 2.473 2.364 2.233 1.973 1.776 1.630 1.509 1.314 1.138 0.980 0.781 0.573 2.571 1.246
7.25 10.00 2.520 2.621 2.786 2.873 2.914 2.857 2.788 2.725 2.643 2.531 2.432 2.325 2.196 1.938 1.743 1.599 1.479 1.286 1.111 0.955 0.757 0.552 2.520 1.214
7.25 12.59 2.462 2.561 2.723 2.811 2.852 2.796 2.729 2.668 2.589 2.480 2.384 2.279 2.152 1.897 1.705 1.562 1.444 1.253 1.080 0.925 0.729 0.526 2.462 1.177
7.25 15.85 2.396 2.492 2.652 2.740 2.780 2.726 2.661 2.602 2.527 2.422 2.328 2.227 2.102 1.850 1.661 1.520 1.403 1.215 1.043 0.890 0.696 0.496 2.396 1.134
7.25 19.95 2.321 2.414 2.572 2.659 2.700 2.647 2.584 2.528 2.457 2.355 2.265 2.166 2.044 1.796 1.610 1.471 1.355 1.171 1.001 0.850 0.658 0.461 2.321 1.085
7.25 25.12 2.237 2.328 2.483 2.570 2.610 2.559 2.498 2.445 2.378 2.280 2.194 2.098 1.978 1.734 1.551 1.414 1.301 1.120 0.952 0.804 0.614 0.420 2.237 1.028
7.25 31.62 2.145 2.232 2.384 2.472 2.511 2.463 2.403 2.353 2.290 2.196 2.114 2.020 1.903 1.664 1.485 1.351 1.239 1.062 0.897 0.751 0.564 0.374 2.145 0.964
7.25 39.81 2.045 2.129 2.277 2.365 2.403 2.357 2.299 2.253 2.193 2.103 2.025 1.934 1.819 1.585 1.410 1.278 1.169 0.995 0.833 0.690 0.506 0.320 2.045 0.892
7.25 50.12 1.937 2.017 2.162 2.249 2.287 2.243 2.186 2.143 2.087 2.000 1.926 1.837 1.725 1.496 1.325 1.197 1.089 0.920 0.761 0.621 0.439 0.258 1.937 0.811
7.25 63.10 1.821 1.898 2.039 2.126 2.163 2.120 2.064 2.025 1.972 1.887 1.817 1.730 1.620 1.396 1.230 1.105 0.999 0.835 0.679 0.542 0.364 0.187 1.821 0.721
7.25 79.43 1.699 1.772 1.908 1.996 2.031 1.989 1.934 1.897 1.847 1.764 1.697 1.611 1.503 1.284 1.123 1.000 0.898 0.738 0.586 0.452 0.276 0.104 1.699 0.619
7.25 100.00 1.570 1.638 1.771 1.858 1.892 1.850 1.795 1.760 1.712 1.629 1.564 1.477 1.371 1.157 1.001 0.882 0.782 0.628 0.478 0.348 0.176 0.009 1.570 0.504
7.25 125.89 1.434 1.498 1.626 1.713 1.745 1.703 1.646 1.614 1.565 1.481 1.417 1.328 1.223 1.013 0.862 0.747 0.649 0.500 0.354 0.227 0.059 -0.103 1.434 0.374
7.25 158.49 1.291 1.350 1.474 1.562 1.590 1.548 1.488 1.456 1.405 1.317 1.252 1.160 1.054 0.849 0.703 0.591 0.496 0.353 0.210 0.087 -0.078 -0.234 1.291 0.225
7.25 199.53 1.141 1.196 1.315 1.402 1.427 1.382 1.318 1.286 1.229 1.134 1.068 0.968 0.861 0.659 0.519 0.411 0.319 0.181 0.042 -0.078 -0.239 -0.390 1.141 0.054
7.25 251.19 0.983 1.034 1.148 1.235 1.256 1.206 1.136 1.101 1.036 0.930 0.858 0.748 0.637 0.439 0.304 0.200 0.110 -0.022 -0.157 -0.273 -0.431 -0.576 0.983 -0.144
7.25 316.23 0.817 0.862 0.972 1.059 1.074 1.018 0.938 0.898 0.820 0.699 0.618 0.493 0.377 0.180 0.051 -0.049 -0.136 -0.263 -0.394 -0.506 -0.660 -0.800 0.817 -0.377
7.25 398.11 0.640 0.680 0.785 0.873 0.880 0.815 0.722 0.675 0.578 0.434 0.340 0.194 0.070 -0.126 -0.249 -0.346 -0.430 -0.551 -0.678 -0.787 -0.937 -1.071 0.640 -0.651
7.25 501.19 0.451 0.486 0.587 0.674 0.673 0.594 0.484 0.425 0.302 0.127 0.016 -0.158 -0.295 -0.492 -0.610 -0.703 -0.783 -0.899 -1.022 -1.127 -1.273 -1.401 0.451 -0.980
7.25 630.96 0.246 0.277 0.373 0.460 0.448 0.351 0.218 0.143 -0.015 -0.231 -0.367 -0.579 -0.733 -0.933 -1.045 -1.134 -1.212 -1.321 -1.441 -1.542 -1.684 -1.806 0.246 -1.374
7.25 794.33 0.024 0.050 0.141 0.228 0.201 0.082 -0.083 -0.179 -0.384 -0.654 -0.824 -1.085 -1.261 -1.468 -1.574 -1.659 -1.734 -1.837 -1.953 -2.050 -2.188 -2.305 0.024 -1.852
7.25 1000.00 -0.221 -0.200 -0.114 -0.027 -0.072 -0.222 -0.426 -0.551 -0.818 -1.159 -1.374 -1.697 -1.904 -2.121 -2.220 -2.301 -2.374 -2.471 -2.583 -2.676 -2.810 -2.921 -0.221 -2.435
7.50 1.00 2.858 2.966 3.138 3.225 3.268 3.205 3.133 3.061 2.970 2.849 2.741 2.629 2.496 2.236 2.039 1.895 1.776 1.583 1.405 1.243 1.040 0.826 2.858 1.482
7.50 1.26 2.850 2.957 3.129 3.217 3.259 3.197 3.124 3.053 2.963 2.842 2.735 2.622 2.491 2.230 2.034 1.890 1.772 1.579 1.401 1.239 1.036 0.822 2.850 1.477
7.50 1.58 2.840 2.947 3.118 3.206 3.248 3.186 3.114 3.044 2.954 2.834 2.727 2.615 2.483 2.224 2.028 1.884 1.766 1.573 1.396 1.234 1.032 0.818 2.840 1.471
7.50 2.00 2.827 2.934 3.105 3.192 3.235 3.173 3.101 3.031 2.942 2.823 2.717 2.605 2.475 2.215 2.020 1.877 1.759 1.567 1.389 1.228 1.026 0.813 2.827 1.464
7.50 2.51 2.812 2.918 3.088 3.176 3.218 3.157 3.086 3.016 2.928 2.810 2.704 2.594 2.463 2.205 2.011 1.868 1.750 1.559 1.382 1.221 1.019 0.807 2.812 1.454
7.50 3.16 2.793 2.899 3.068 3.156 3.198 3.137 3.067 2.998 2.911 2.794 2.689 2.580 2.450 2.193 1.999 1.857 1.739 1.549 1.372 1.212 1.011 0.800 2.793 1.443
7.50 3.98 2.770 2.875 3.044 3.131 3.173 3.113 3.043 2.976 2.890 2.774 2.671 2.562 2.433 2.177 1.985 1.843 1.726 1.536 1.361 1.201 1.001 0.790 2.770 1.429
7.50 5.01 2.743 2.846 3.014 3.101 3.144 3.084 3.015 2.949 2.865 2.750 2.648 2.541 2.413 2.159 1.967 1.826 1.710 1.521 1.347 1.188 0.988 0.779 2.743 1.412
7.50 6.31 2.709 2.812 2.978 3.066 3.108 3.050 2.981 2.916 2.834 2.722 2.621 2.516 2.389 2.136 1.946 1.806 1.690 1.503 1.329 1.172 0.973 0.765 2.709 1.391
7.50 7.94 2.670 2.771 2.936 3.023 3.065 3.008 2.941 2.878 2.798 2.687 2.589 2.485 2.360 2.109 1.921 1.782 1.667 1.482 1.309 1.152 0.955 0.749 2.670 1.367
7.50 10.00 2.623 2.723 2.886 2.974 3.016 2.960 2.893 2.832 2.755 2.647 2.551 2.449 2.325 2.077 1.891 1.753 1.639 1.456 1.285 1.129 0.933 0.729 2.623 1.337
7.50 12.59 2.569 2.667 2.828 2.916 2.958 2.903 2.838 2.779 2.705 2.600 2.507 2.407 2.285 2.040 1.855 1.719 1.607 1.426 1.256 1.102 0.907 0.705 2.569 1.303
7.50 15.85 2.507 2.603 2.762 2.850 2.891 2.838 2.775 2.718 2.647 2.545 2.455 2.358 2.238 1.996 1.814 1.680 1.568 1.390 1.222 1.070 0.876 0.677 2.507 1.263
7.50 19.95 2.437 2.530 2.687 2.774 2.815 2.764 2.702 2.649 2.581 2.482 2.396 2.301 2.183 1.945 1.766 1.634 1.524 1.348 1.182 1.032 0.841 0.645 2.437 1.216
7.50 25.12 2.358 2.448 2.603 2.690 2.731 2.682 2.621 2.570 2.506 2.411 2.329 2.236 2.121 1.886 1.711 1.581 1.473 1.300 1.136 0.989 0.800 0.607 2.358 1.163
7.50 31.62 2.271 2.358 2.509 2.597 2.637 2.590 2.531 2.483 2.423 2.331 2.252 2.162 2.050 1.820 1.648 1.520 1.414 1.245 1.084 0.938 0.752 0.563 2.271 1.102
7.50 39.81 2.176 2.259 2.407 2.495 2.534 2.489 2.432 2.387 2.331 2.243 2.167 2.080 1.970 1.744 1.576 1.451 1.347 1.182 1.023 0.880 0.697 0.511 2.176 1.033
7.50 50.12 2.072 2.152 2.297 2.384 2.423 2.379 2.323 2.282 2.229 2.144 2.073 1.987 1.879 1.658 1.495 1.373 1.271 1.110 0.954 0.814 0.633 0.452 2.072 0.955
7.50 63.10 1.961 2.038 2.178 2.266 2.303 2.261 2.206 2.168 2.118 2.035 1.967 1.883 1.778 1.562 1.403 1.284 1.184 1.028 0.875 0.738 0.560 0.384 1.961 0.868
7.50 79.43 1.843 1.916 2.052 2.140 2.175 2.135 2.080 2.045 1.997 1.916 1.851 1.767 1.664 1.453 1.299 1.183 1.085 0.934 0.784 0.651 0.476 0.304 1.843 0.769
7.50 100.00 1.718 1.786 1.919 2.006 2.040 2.000 1.945 1.912 1.865 1.784 1.721 1.638 1.536 1.329 1.180 1.068 0.972 0.826 0.680 0.549 0.378 0.211 1.718 0.657
7.50 125.89 1.586 1.650 1.778 1.865 1.897 1.857 1.800 1.769 1.722 1.640 1.577 1.492 1.390 1.189 1.045 0.935 0.843 0.702 0.559 0.432 0.264 0.102 1.586 0.529
7.50 158.49 1.447 1.506 1.630 1.717 1.746 1.704 1.646 1.614 1.565 1.479 1.416 1.326 1.225 1.027 0.889 0.783 0.693 0.557 0.418 0.294 0.130 -0.026 1.447 0.384
7.50 199.53 1.300 1.355 1.474 1.562 1.587 1.543 1.480 1.448 1.393 1.300 1.235 1.138 1.034 0.841 0.707 0.605 0.518 0.388 0.252 0.132 -0.029 -0.179 1.300 0.215
7.50 251.19 1.146 1.196 1.310 1.398 1.419 1.370 1.300 1.266 1.203 1.099 1.028 0.921 0.814 0.623 0.495 0.397 0.313 0.188 0.056 -0.060 -0.218 -0.363 1.146 0.020
7.50 316.23 0.982 1.028 1.137 1.225 1.240 1.185 1.106 1.067 0.990 0.870 0.791 0.668 0.556 0.367 0.245 0.150 0.069 -0.050 -0.179 -0.291 -0.444 -0.584 0.982 -0.210
7.50 398.11 0.808 0.849 0.954 1.042 1.050 0.985 0.893 0.846 0.750 0.608 0.516 0.373 0.252 0.063 -0.053 -0.144 -0.222 -0.336 -0.460 -0.569 -0.719 -0.852 0.808 -0.483
7.50 501.19 0.622 0.658 0.758 0.846 0.845 0.767 0.657 0.599 0.478 0.304 0.195 0.023 -0.110 -0.300 -0.410 -0.498 -0.573 -0.681 -0.802 -0.906 -1.052 -1.180 0.622 -0.809
7.50 630.96 0.421 0.452 0.547 0.635 0.623 0.527 0.394 0.320 0.163 -0.051 -0.186 -0.395 -0.545 -0.738 -0.843 -0.926 -0.999 -1.101 -1.218 -1.318 -1.460 -1.583 0.421 -1.201
7.50 794.33 0.201 0.227 0.318 0.405 0.379 0.260 0.096 0.001 -0.203 -0.472 -0.640 -0.898 -1.071 -1.270 -1.369 -1.448 -1.518 -1.614 -1.727 -1.824 -1.962 -2.079 0.201 -1.677
7.50 1000.00 -0.042 -0.020 0.066 0.153 0.109 -0.041 -0.244 -0.369 -0.634 -0.973 -1.187 -1.508 -1.711 -1.920 -2.013 -2.089 -2.156 -2.246 -2.355 -2.448 -2.582 -2.692 -0.042 -2.257
7.75 1.00 2.939 3.045 3.215 3.303 3.346 3.286 3.215 3.148 3.062 2.946 2.843 2.736 2.610 2.356 2.152 1.993 1.862 1.678 1.504 1.344 1.142 0.931 2.939 1.588
7.75 1.26 2.932 3.037 3.207 3.295 3.338 3.278 3.208 3.140 3.055 2.940 2.837 2.730 2.605 2.351 2.147 1.988 1.858 1.674 1.500 1.340 1.139 0.928 2.932 1.584
7.75 1.58 2.923 3.028 3.197 3.285 3.328 3.268 3.199 3.132 3.047 2.932 2.830 2.724 2.598 2.345 2.141 1.983 1.853 1.669 1.496 1.336 1.135 0.924 2.923 1.578
7.75 2.00 2.912 3.016 3.185 3.273 3.316 3.257 3.187 3.121 3.037 2.923 2.821 2.715 2.590 2.337 2.134 1.976 1.846 1.664 1.490 1.331 1.130 0.920 2.912 1.572
7.75 2.51 2.898 3.002 3.170 3.258 3.301 3.242 3.173 3.107 3.024 2.911 2.810 2.705 2.580 2.328 2.126 1.968 1.838 1.656 1.483 1.324 1.124 0.914 2.898 1.563
7.75 3.16 2.881 2.984 3.152 3.240 3.283 3.224 3.156 3.091 3.008 2.896 2.796 2.692 2.568 2.317 2.115 1.958 1.829 1.647 1.475 1.316 1.116 0.907 2.881 1.553
7.75 3.98 2.860 2.963 3.130 3.218 3.260 3.203 3.135 3.070 2.989 2.878 2.780 2.676 2.553 2.303 2.102 1.946 1.817 1.636 1.464 1.306 1.107 0.899 2.860 1.540
7.75 5.01 2.835 2.937 3.103 3.191 3.233 3.176 3.109 3.046 2.966 2.857 2.759 2.657 2.534 2.286 2.086 1.930 1.802 1.623 1.452 1.294 1.096 0.889 2.835 1.525
7.75 6.31 2.804 2.905 3.070 3.158 3.201 3.145 3.078 3.016 2.938 2.831 2.735 2.633 2.512 2.265 2.067 1.912 1.784 1.606 1.436 1.280 1.082 0.876 2.804 1.506
7.75 7.94 2.768 2.868 3.032 3.119 3.162 3.107 3.041 2.981 2.905 2.799 2.705 2.606 2.486 2.241 2.044 1.890 1.763 1.587 1.417 1.262 1.065 0.861 2.768 1.483
7.75 10.00 2.726 2.824 2.986 3.074 3.116 3.062 2.998 2.939 2.866 2.762 2.670 2.572 2.454 2.211 2.016 1.864 1.737 1.563 1.395 1.241 1.045 0.843 2.726 1.456
7.75 12.59 2.676 2.772 2.933 3.020 3.062 3.010 2.947 2.890 2.819 2.718 2.629 2.533 2.416 2.176 1.984 1.832 1.707 1.535 1.368 1.216 1.022 0.822 2.676 1.424
7.75 15.85 2.618 2.712 2.871 2.959 3.000 2.949 2.887 2.833 2.765 2.667 2.581 2.487 2.372 2.135 1.945 1.795 1.672 1.502 1.337 1.186 0.993 0.796 2.618 1.387
7.75 19.95 2.553 2.644 2.801 2.888 2.930 2.880 2.820 2.768 2.704 2.608 2.525 2.434 2.321 2.088 1.900 1.752 1.630 1.463 1.300 1.151 0.960 0.765 2.553 1.343
7.75 25.12 2.479 2.568 2.721 2.809 2.850 2.802 2.743 2.694 2.633 2.541 2.462 2.373 2.262 2.032 1.848 1.702 1.582 1.418 1.257 1.110 0.921 0.730 2.479 1.293
7.75 31.62 2.396 2.482 2.633 2.721 2.761 2.715 2.658 2.612 2.554 2.466 2.390 2.303 2.195 1.969 1.788 1.645 1.526 1.365 1.207 1.062 0.876 0.688 2.396 1.235
7.75 39.81 2.305 2.389 2.536 2.624 2.663 2.619 2.563 2.520 2.466 2.381 2.308 2.224 2.118 1.897 1.720 1.579 1.462 1.305 1.149 1.007 0.824 0.639 2.305 1.169
7.75 50.12 2.207 2.286 2.430 2.518 2.557 2.514 2.460 2.420 2.369 2.286 2.217 2.135 2.031 1.815 1.642 1.504 1.389 1.236 1.083 0.944 0.763 0.583 2.207 1.095
7.75 63.10 2.100 2.176 2.316 2.404 2.442 2.401 2.347 2.310 2.262 2.182 2.116 2.035 1.934 1.722 1.553 1.418 1.305 1.157 1.007 0.870 0.693 0.517 2.100 1.010
7.75 79.43 1.986 2.058 2.195 2.282 2.319 2.279 2.225 2.191 2.145 2.066 2.003 1.922 1.823 1.616 1.452 1.320 1.210 1.066 0.919 0.786 0.611 0.440 1.986 0.914
7.75 100.00 1.865 1.933 2.065 2.153 2.187 2.148 2.094 2.062 2.017 1.938 1.877 1.796 1.698 1.496 1.337 1.208 1.100 0.961 0.817 0.687 0.516 0.350 1.865 0.805
7.75 125.89 1.737 1.800 1.928 2.016 2.048 2.009 1.953 1.922 1.877 1.797 1.737 1.653 1.556 1.358 1.204 1.079 0.973 0.840 0.699 0.573 0.405 0.244 1.737 0.680
7.75 158.49 1.601 1.660 1.784 1.872 1.901 1.860 1.802 1.772 1.724 1.640 1.579 1.491 1.393 1.200 1.051 0.929 0.826 0.698 0.561 0.438 0.273 0.117 1.601 0.537
7.75 199.53 1.458 1.513 1.632 1.720 1.746 1.702 1.639 1.608 1.555 1.464 1.400 1.306 1.206 1.016 0.873 0.754 0.654 0.531 0.398 0.278 0.118 -0.033 1.458 0.372
7.75 251.19 1.307 1.357 1.472 1.559 1.581 1.533 1.464 1.430 1.368 1.266 1.197 1.091 0.988 0.801 0.664 0.549 0.452 0.334 0.204 0.088 -0.069 -0.214 1.307 0.179
7.75 316.23 1.146 1.192 1.302 1.390 1.405 1.351 1.272 1.234 1.159 1.040 0.963 0.842 0.733 0.548 0.416 0.305 0.211 0.099 -0.027 -0.139 -0.293 -0.432 1.146 -0.049
7.75 398.11 0.976 1.016 1.122 1.209 1.218 1.154 1.062 1.016 0.922 0.781 0.691 0.549 0.432 0.247 0.121 0.014 -0.078 -0.184 -0.306 -0.415 -0.564 -0.698 0.976 -0.319
7.75 501.19 0.792 0.828 0.929 1.016 1.016 0.939 0.830 0.772 0.652 0.480 0.372 0.202 0.073 -0.113 -0.234 -0.337 -0.426 -0.527 -0.645 -0.750 -0.895 -1.023 0.792 -0.642
7.75 630.96 0.594 0.625 0.721 0.808 0.797 0.702 0.569 0.496 0.340 0.127 -0.006 -0.213 -0.359 -0.549 -0.664 -0.763 -0.849 -0.944 -1.058 -1.159 -1.301 -1.423 0.594 -1.032
7.75 794.33 0.377 0.403 0.494 0.582 0.556 0.437 0.274 0.180 -0.023 -0.290 -0.458 -0.713 -0.882 -1.078 -1.187 -1.283 -1.366 -1.455 -1.565 -1.662 -1.800 -1.917 0.377 -1.505
7.75 1000.00 0.137 0.159 0.245 0.332 0.288 0.139 -0.064 -0.187 -0.452 -0.789 -1.001 -1.321 -1.520 -1.726 -1.829 -1.921 -2.001 -2.084 -2.190 -2.283 -2.417 -2.528 0.137 -2.084
8.00 1.00 3.021 3.125 3.293 3.381 3.424 3.367 3.299 3.235 3.132 3.005 2.896 2.782 2.645 2.380 2.184 2.032 1.906 1.731 1.561 1.402 1.202 0.993 3.021 1.613
8.00 1.26 3.015 3.118 3.286 3.374 3.417 3.360 3.292 3.228 3.126 2.999 2.891 2.777 2.640 2.376 2.180 2.028 1.902 1.728 1.557 1.399 1.199 0.991 3.015 1.609
8.00 1.58 3.006 3.110 3.277 3.365 3.408 3.351 3.284 3.220 3.119 2.992 2.884 2.770 2.634 2.371 2.175 2.023 1.898 1.723 1.553 1.395 1.196 0.987 3.006 1.604
8.00 2.00 2.996 3.099 3.266 3.354 3.398 3.341 3.274 3.210 3.109 2.984 2.876 2.763 2.627 2.364 2.169 2.017 1.892 1.718 1.548 1.391 1.191 0.984 2.996 1.598
8.00 2.51 2.984 3.086 3.253 3.341 3.384 3.328 3.261 3.198 3.098 2.973 2.866 2.753 2.618 2.356 2.161 2.010 1.885 1.712 1.542 1.385 1.186 0.979 2.984 1.590
8.00 3.16 2.969 3.070 3.237 3.324 3.368 3.312 3.245 3.183 3.084 2.960 2.854 2.742 2.607 2.345 2.152 2.000 1.876 1.703 1.535 1.377 1.179 0.973 2.969 1.581
8.00 3.98 2.950 3.051 3.216 3.304 3.347 3.292 3.226 3.165 3.067 2.944 2.839 2.727 2.593 2.333 2.140 1.989 1.865 1.693 1.525 1.369 1.171 0.965 2.950 1.569
8.00 5.01 2.927 3.027 3.192 3.280 3.323 3.268 3.203 3.143 3.046 2.924 2.820 2.710 2.577 2.317 2.125 1.975 1.852 1.681 1.514 1.358 1.161 0.956 2.927 1.555
8.00 6.31 2.899 2.999 3.162 3.250 3.293 3.239 3.175 3.116 3.020 2.900 2.798 2.689 2.556 2.299 2.108 1.959 1.836 1.666 1.499 1.344 1.148 0.945 2.899 1.538
8.00 7.94 2.867 2.965 3.127 3.215 3.258 3.205 3.141 3.083 2.990 2.871 2.771 2.663 2.532 2.276 2.087 1.938 1.816 1.648 1.482 1.328 1.133 0.931 2.867 1.517
8.00 10.00 2.827 2.924 3.085 3.173 3.215 3.164 3.101 3.045 2.954 2.837 2.739 2.632 2.503 2.249 2.061 1.914 1.793 1.626 1.462 1.309 1.115 0.914 2.827 1.492
8.00 12.59 2.781 2.876 3.036 3.124 3.166 3.115 3.054 3.000 2.911 2.796 2.701 2.596 2.468 2.216 2.031 1.885 1.765 1.601 1.437 1.286 1.093 0.894 2.781 1.463
8.00 15.85 2.728 2.821 2.979 3.066 3.108 3.059 2.999 2.947 2.861 2.749 2.656 2.553 2.427 2.178 1.995 1.851 1.732 1.570 1.408 1.258 1.067 0.870 2.728 1.428
8.00 19.95 2.667 2.758 2.913 3.001 3.042 2.995 2.936 2.886 2.803 2.694 2.604 2.503 2.379 2.134 1.953 1.811 1.693 1.533 1.373 1.225 1.036 0.842 2.667 1.387
8.00 25.12 2.597 2.686 2.838 2.926 2.968 2.921 2.864 2.817 2.737 2.631 2.544 2.446 2.323 2.082 1.904 1.764 1.647 1.491 1.333 1.187 0.999 0.809 2.597 1.340
8.00 31.62 2.520 2.605 2.755 2.843 2.884 2.839 2.783 2.739 2.662 2.559 2.476 2.380 2.259 2.022 1.847 1.709 1.595 1.442 1.286 1.142 0.957 0.769 2.520 1.285
8.00 39.81 2.434 2.516 2.663 2.751 2.791 2.748 2.693 2.652 2.578 2.479 2.398 2.304 2.186 1.953 1.782 1.647 1.534 1.384 1.231 1.090 0.907 0.723 2.434 1.222
8.00 50.12 2.340 2.419 2.562 2.650 2.689 2.648 2.594 2.556 2.485 2.388 2.311 2.219 2.103 1.874 1.707 1.574 1.464 1.318 1.168 1.029 0.849 0.669 2.340 1.151
8.00 63.10 2.238 2.313 2.453 2.541 2.579 2.539 2.486 2.450 2.383 2.288 2.213 2.123 2.009 1.784 1.622 1.492 1.383 1.242 1.094 0.958 0.781 0.606 2.238 1.069
8.00 79.43 2.128 2.200 2.336 2.424 2.460 2.421 2.368 2.335 2.270 2.176 2.104 2.014 1.902 1.682 1.524 1.397 1.291 1.154 1.009 0.876 0.702 0.532 2.128 0.976
8.00 100.00 2.011 2.079 2.211 2.299 2.333 2.295 2.242 2.210 2.145 2.052 1.982 1.891 1.780 1.565 1.412 1.288 1.184 1.052 0.911 0.781 0.610 0.444 2.011 0.870
8.00 125.89 1.886 1.950 2.078 2.166 2.198 2.159 2.105 2.075 2.009 1.914 1.845 1.751 1.641 1.430 1.282 1.162 1.060 0.934 0.795 0.669 0.501 0.340 1.886 0.748
8.00 158.49 1.755 1.814 1.937 2.025 2.055 2.015 1.957 1.928 1.860 1.760 1.690 1.592 1.482 1.275 1.132 1.015 0.916 0.795 0.660 0.537 0.373 0.217 1.755 0.608
8.00 199.53 1.615 1.670 1.789 1.877 1.903 1.860 1.798 1.768 1.694 1.587 1.515 1.410 1.297 1.094 0.957 0.843 0.747 0.631 0.500 0.380 0.219 0.069 1.615 0.445
8.00 251.19 1.467 1.517 1.632 1.720 1.741 1.694 1.626 1.593 1.510 1.392 1.315 1.199 1.083 0.882 0.750 0.640 0.547 0.436 0.309 0.193 0.036 -0.109 1.467 0.254
8.00 316.23 1.310 1.356 1.466 1.553 1.569 1.515 1.437 1.400 1.304 1.170 1.083 0.952 0.831 0.632 0.506 0.399 0.309 0.204 0.080 -0.032 -0.186 -0.325 1.310 0.029
8.00 398.11 1.142 1.183 1.288 1.376 1.385 1.321 1.230 1.185 1.070 0.913 0.814 0.662 0.532 0.334 0.213 0.111 0.023 -0.077 -0.197 -0.305 -0.455 -0.588 1.142 -0.238
8.00 501.19 0.962 0.998 1.098 1.186 1.186 1.109 1.001 0.944 0.803 0.615 0.498 0.318 0.175 -0.024 -0.139 -0.238 -0.323 -0.417 -0.533 -0.637 -0.783 -0.911 0.962 -0.559
8.00 630.96 0.766 0.798 0.893 0.981 0.970 0.875 0.743 0.671 0.494 0.266 0.123 -0.094 -0.254 -0.457 -0.566 -0.661 -0.743 -0.831 -0.944 -1.044 -1.186 -1.308 0.766 -0.946
8.00 794.33 0.552 0.579 0.669 0.757 0.732 0.614 0.451 0.357 0.133 -0.149 -0.326 -0.592 -0.774 -0.984 -1.087 -1.178 -1.257 -1.339 -1.448 -1.545 -1.683 -1.799 0.552 -1.417
8.00 1000.00 0.315 0.337 0.423 0.511 0.467 0.318 0.116 -0.007 -0.292 -0.646 -0.867 -1.197 -1.409 -1.629 -1.726 -1.813 -1.889 -1.966 -2.070 -2.163 -2.297 -2.408 0.315 -1.993
