AbrahamsonEtAl2015SSlab as implemented in OpenQuake, distance is rhypo. Log10 hazard values in cgs units
          14 31 23 : nmag, ndist, nperiod
          10.000 7.500 6.000 5.000 4.000 3.000 2.500 2.000 1.500 1.000 0.750 0.600 0.500 0.400 0.300 0.250 0.200 0.150 0.100 0.075 0.050 0.020 PGA PGV
          0.740 0.740 0.740 0.740 0.740 0.740 0.740 0.740 0.740 0.740 0.740 0.740 0.740 0.740 0.740 0.740 0.740 0.740 0.740 0.740 0.740 0.740 0.740 0.740
4.75 1.00 -0.730 -0.522 -0.323 -0.163 0.048 0.365 0.563 0.801 1.118 1.633 1.942 2.202 2.434 2.697 2.966 3.133 3.292 3.378 3.325 3.244 3.078 2.910 2.910 1.743
4.75 1.26 -0.741 -0.535 -0.336 -0.177 0.034 0.349 0.547 0.785 1.100 1.613 1.920 2.178 2.408 2.670 2.936 3.102 3.260 3.346 3.295 3.215 3.049 2.879 2.879 1.710
4.75 1.58 -0.756 -0.550 -0.352 -0.194 0.016 0.331 0.528 0.765 1.079 1.589 1.894 2.150 2.378 2.637 2.901 3.064 3.221 3.308 3.259 3.179 3.013 2.841 2.841 1.669
4.75 2.00 -0.773 -0.568 -0.372 -0.215 -0.005 0.308 0.505 0.740 1.054 1.560 1.863 2.116 2.342 2.597 2.858 3.019 3.174 3.262 3.216 3.136 2.970 2.796 2.796 1.621
4.75 2.51 -0.793 -0.590 -0.395 -0.239 -0.030 0.281 0.477 0.712 1.023 1.526 1.826 2.076 2.298 2.550 2.807 2.966 3.118 3.207 3.163 3.084 2.918 2.742 2.742 1.563
4.75 3.16 -0.817 -0.617 -0.422 -0.267 -0.060 0.249 0.444 0.678 0.987 1.485 1.782 2.028 2.247 2.495 2.747 2.903 3.052 3.142 3.102 3.023 2.857 2.679 2.679 1.495
4.75 3.98 -0.846 -0.647 -0.454 -0.301 -0.095 0.212 0.406 0.638 0.945 1.438 1.730 1.973 2.187 2.430 2.677 2.829 2.976 3.065 3.029 2.951 2.786 2.605 2.605 1.416
4.75 5.01 -0.878 -0.682 -0.491 -0.340 -0.136 0.169 0.362 0.592 0.897 1.383 1.671 1.909 2.118 2.356 2.597 2.745 2.888 2.977 2.945 2.867 2.703 2.519 2.519 1.324
4.75 6.31 -0.916 -0.723 -0.534 -0.384 -0.182 0.120 0.311 0.539 0.841 1.321 1.604 1.836 2.040 2.271 2.506 2.649 2.788 2.877 2.848 2.771 2.607 2.422 2.422 1.220
4.75 7.94 -0.958 -0.769 -0.581 -0.434 -0.234 0.065 0.254 0.480 0.779 1.250 1.528 1.754 1.952 2.177 2.403 2.542 2.676 2.763 2.738 2.661 2.499 2.312 2.312 1.103
4.75 10.00 -1.006 -0.820 -0.635 -0.490 -0.292 0.003 0.191 0.414 0.709 1.172 1.443 1.663 1.854 2.071 2.290 2.423 2.552 2.637 2.615 2.539 2.379 2.191 2.191 0.973
4.75 12.59 -1.059 -0.877 -0.695 -0.552 -0.357 -0.066 0.120 0.341 0.632 1.085 1.350 1.563 1.747 1.956 2.166 2.293 2.417 2.498 2.479 2.404 2.246 2.057 2.057 0.830
4.75 15.85 -1.117 -0.939 -0.760 -0.620 -0.428 -0.141 0.043 0.261 0.548 0.991 1.248 1.454 1.631 1.831 2.032 2.152 2.270 2.348 2.331 2.256 2.100 1.913 1.913 0.676
4.75 19.95 -1.181 -1.008 -0.831 -0.695 -0.505 -0.223 -0.041 0.174 0.457 0.889 1.138 1.337 1.506 1.697 1.888 2.001 2.114 2.186 2.171 2.097 1.944 1.759 1.759 0.511
4.75 25.12 -1.251 -1.082 -0.909 -0.775 -0.589 -0.312 -0.132 0.080 0.358 0.778 1.020 1.211 1.372 1.554 1.735 1.842 1.948 2.015 2.002 1.927 1.778 1.595 1.595 0.336
4.75 31.62 -1.327 -1.163 -0.993 -0.863 -0.680 -0.407 -0.231 -0.022 0.251 0.660 0.894 1.077 1.230 1.403 1.574 1.673 1.774 1.835 1.823 1.749 1.604 1.423 1.423 0.152
4.75 39.81 -1.410 -1.251 -1.085 -0.958 -0.778 -0.511 -0.337 -0.131 0.137 0.533 0.759 0.935 1.080 1.245 1.405 1.497 1.592 1.647 1.636 1.562 1.421 1.244 1.244 -0.040
4.75 50.12 -1.501 -1.347 -1.184 -1.061 -0.885 -0.623 -0.451 -0.249 0.013 0.398 0.616 0.785 0.921 1.078 1.229 1.314 1.403 1.451 1.442 1.368 1.231 1.058 1.058 -0.239
4.75 63.10 -1.601 -1.452 -1.293 -1.173 -1.001 -0.744 -0.575 -0.377 -0.120 0.252 0.463 0.625 0.754 0.903 1.045 1.124 1.208 1.249 1.241 1.167 1.035 0.866 0.866 -0.445
4.75 79.43 -1.711 -1.568 -1.413 -1.296 -1.128 -0.876 -0.710 -0.516 -0.264 0.095 0.299 0.456 0.578 0.721 0.854 0.927 1.006 1.041 1.035 0.961 0.833 0.668 0.668 -0.656
4.75 100.00 -1.834 -1.697 -1.545 -1.433 -1.268 -1.022 -0.859 -0.668 -0.422 -0.075 0.122 0.275 0.391 0.529 0.656 0.722 0.797 0.827 0.822 0.748 0.625 0.465 0.465 -0.873
4.75 125.89 -1.973 -1.842 -1.693 -1.585 -1.424 -1.184 -1.023 -0.836 -0.596 -0.261 -0.070 0.081 0.193 0.327 0.449 0.510 0.582 0.607 0.605 0.531 0.412 0.257 0.257 -1.096
4.75 158.49 -2.131 -2.005 -1.861 -1.756 -1.599 -1.365 -1.207 -1.024 -0.790 -0.466 -0.280 -0.129 -0.021 0.113 0.231 0.289 0.359 0.380 0.381 0.307 0.193 0.043 0.043 -1.325
4.75 199.53 -2.313 -2.194 -2.053 -1.952 -1.799 -1.570 -1.416 -1.236 -1.008 -0.695 -0.512 -0.359 -0.251 -0.115 0.003 0.058 0.129 0.147 0.151 0.077 -0.032 -0.177 -0.177 -1.561
4.75 251.19 -2.526 -2.412 -2.275 -2.178 -2.029 -1.806 -1.654 -1.479 -1.256 -0.953 -0.773 -0.613 -0.503 -0.361 -0.239 -0.185 -0.112 -0.094 -0.085 -0.159 -0.263 -0.404 -0.404 -1.804
4.75 316.23 -2.775 -2.667 -2.535 -2.442 -2.296 -2.079 -1.930 -1.759 -1.542 -1.248 -1.067 -0.897 -0.782 -0.628 -0.498 -0.442 -0.364 -0.345 -0.330 -0.404 -0.503 -0.639 -0.639 -2.055
4.75 398.11 -3.072 -2.970 -2.841 -2.752 -2.611 -2.400 -2.254 -2.086 -1.875 -1.589 -1.405 -1.218 -1.093 -0.921 -0.777 -0.717 -0.630 -0.606 -0.585 -0.659 -0.753 -0.884 -0.884 -2.317
4.75 501.19 -3.428 -3.332 -3.207 -3.122 -2.984 -2.779 -2.637 -2.473 -2.268 -1.987 -1.796 -1.585 -1.446 -1.247 -1.082 -1.014 -0.913 -0.882 -0.851 -0.925 -1.014 -1.141 -1.141 -2.591
4.75 630.96 -3.859 -3.768 -3.648 -3.566 -3.433 -3.234 -3.094 -2.934 -2.735 -2.458 -2.255 -2.011 -1.849 -1.614 -1.419 -1.338 -1.218 -1.174 -1.132 -1.206 -1.290 -1.412 -1.412 -2.881
4.75 794.33 -4.383 -4.298 -4.182 -4.104 -3.974 -3.781 -3.644 -3.489 -3.295 -3.019 -2.799 -2.510 -2.318 -2.032 -1.795 -1.696 -1.549 -1.487 -1.431 -1.505 -1.584 -1.700 -1.700 -3.190
4.75 1000.00 -5.024 -4.946 -4.833 -4.760 -4.634 -4.447 -4.313 -4.161 -3.974 -3.695 -3.449 -3.101 -2.867 -2.515 -2.222 -2.097 -1.914 -1.826 -1.752 -1.826 -1.900 -2.012 -2.012 -3.523
5.00 1.00 -0.527 -0.322 -0.124 0.034 0.239 0.538 0.726 0.951 1.252 1.747 2.045 2.296 2.520 2.775 3.036 3.198 3.353 3.430 3.372 3.291 3.127 2.965 2.965 1.802
5.00 1.26 -0.538 -0.333 -0.136 0.021 0.226 0.524 0.711 0.936 1.236 1.729 2.025 2.274 2.497 2.751 3.009 3.170 3.324 3.401 3.345 3.264 3.101 2.937 2.937 1.772
5.00 1.58 -0.550 -0.347 -0.151 0.006 0.210 0.507 0.694 0.918 1.217 1.708 2.001 2.249 2.470 2.721 2.977 3.136 3.288 3.366 3.313 3.232 3.069 2.903 2.903 1.735
5.00 2.00 -0.566 -0.363 -0.168 -0.012 0.191 0.487 0.673 0.896 1.194 1.681 1.973 2.218 2.436 2.685 2.938 3.095 3.245 3.324 3.273 3.193 3.029 2.862 2.862 1.691
5.00 2.51 -0.584 -0.383 -0.189 -0.034 0.168 0.462 0.648 0.870 1.166 1.650 1.939 2.181 2.396 2.642 2.891 3.045 3.194 3.274 3.226 3.146 2.983 2.813 2.813 1.639
5.00 3.16 -0.606 -0.407 -0.214 -0.060 0.141 0.433 0.618 0.839 1.133 1.613 1.898 2.137 2.349 2.590 2.836 2.987 3.133 3.214 3.169 3.090 2.927 2.754 2.754 1.576
5.00 3.98 -0.632 -0.435 -0.243 -0.091 0.109 0.399 0.583 0.802 1.095 1.569 1.851 2.086 2.294 2.531 2.771 2.919 3.062 3.144 3.103 3.024 2.861 2.686 2.686 1.503
5.00 5.01 -0.662 -0.468 -0.277 -0.127 0.071 0.359 0.542 0.760 1.050 1.518 1.796 2.026 2.230 2.462 2.696 2.841 2.980 3.062 3.025 2.947 2.784 2.606 2.606 1.418
5.00 6.31 -0.697 -0.505 -0.316 -0.168 0.029 0.314 0.495 0.711 0.998 1.460 1.733 1.958 2.157 2.382 2.611 2.751 2.887 2.969 2.935 2.858 2.696 2.515 2.515 1.321
5.00 7.94 -0.736 -0.547 -0.361 -0.214 -0.020 0.262 0.441 0.655 0.940 1.394 1.662 1.881 2.074 2.293 2.515 2.650 2.781 2.862 2.833 2.756 2.595 2.412 2.412 1.210
5.00 10.00 -0.781 -0.595 -0.411 -0.267 -0.075 0.204 0.382 0.593 0.874 1.320 1.582 1.795 1.982 2.194 2.407 2.537 2.664 2.743 2.717 2.641 2.482 2.298 2.298 1.087
5.00 12.59 -0.830 -0.649 -0.467 -0.325 -0.136 0.139 0.315 0.524 0.801 1.238 1.493 1.700 1.880 2.084 2.289 2.413 2.534 2.612 2.589 2.513 2.356 2.171 2.171 0.952
5.00 15.85 -0.886 -0.708 -0.529 -0.390 -0.203 0.068 0.241 0.448 0.721 1.148 1.396 1.596 1.769 1.964 2.160 2.278 2.394 2.468 2.448 2.373 2.218 2.033 2.033 0.805
5.00 19.95 -0.946 -0.773 -0.597 -0.461 -0.277 -0.011 0.161 0.365 0.634 1.049 1.291 1.483 1.648 1.835 2.022 2.133 2.244 2.313 2.296 2.220 2.069 1.885 1.885 0.646
5.00 25.12 -1.013 -0.845 -0.672 -0.538 -0.358 -0.096 0.074 0.274 0.538 0.943 1.177 1.362 1.519 1.698 1.874 1.979 2.083 2.147 2.132 2.057 1.909 1.727 1.727 0.477
5.00 31.62 -1.086 -0.922 -0.753 -0.623 -0.445 -0.188 -0.021 0.176 0.435 0.829 1.055 1.233 1.381 1.551 1.718 1.815 1.914 1.973 1.959 1.885 1.740 1.560 1.560 0.298
5.00 39.81 -1.166 -1.007 -0.841 -0.714 -0.540 -0.288 -0.124 0.070 0.324 0.706 0.924 1.095 1.235 1.397 1.554 1.644 1.737 1.790 1.778 1.703 1.562 1.386 1.386 0.112
5.00 50.12 -1.254 -1.100 -0.938 -0.814 -0.644 -0.397 -0.235 -0.045 0.205 0.574 0.784 0.948 1.081 1.234 1.382 1.465 1.553 1.599 1.588 1.514 1.377 1.204 1.204 -0.082
5.00 63.10 -1.351 -1.203 -1.043 -0.924 -0.757 -0.515 -0.356 -0.169 0.075 0.432 0.634 0.792 0.918 1.063 1.202 1.279 1.361 1.401 1.392 1.318 1.185 1.016 1.016 -0.284
5.00 79.43 -1.458 -1.316 -1.160 -1.044 -0.881 -0.645 -0.488 -0.305 -0.067 0.278 0.473 0.626 0.745 0.884 1.015 1.085 1.163 1.197 1.190 1.115 0.987 0.823 0.823 -0.491
5.00 100.00 -1.578 -1.442 -1.290 -1.177 -1.018 -0.787 -0.634 -0.454 -0.221 0.111 0.300 0.448 0.562 0.696 0.820 0.884 0.958 0.986 0.981 0.907 0.783 0.623 0.623 -0.704
5.00 125.89 -1.715 -1.583 -1.435 -1.327 -1.171 -0.946 -0.795 -0.620 -0.393 -0.072 0.111 0.257 0.366 0.497 0.616 0.676 0.747 0.770 0.767 0.693 0.574 0.418 0.418 -0.924
5.00 158.49 -1.870 -1.745 -1.600 -1.496 -1.343 -1.125 -0.977 -0.805 -0.583 -0.274 -0.096 0.050 0.156 0.286 0.402 0.458 0.527 0.547 0.547 0.472 0.358 0.207 0.207 -1.149
5.00 199.53 -2.050 -1.930 -1.790 -1.689 -1.540 -1.327 -1.182 -1.014 -0.799 -0.500 -0.326 -0.177 -0.072 0.061 0.176 0.230 0.300 0.317 0.320 0.246 0.137 -0.010 -0.010 -1.381
5.00 251.19 -2.259 -2.145 -2.009 -1.912 -1.767 -1.560 -1.418 -1.254 -1.044 -0.756 -0.583 -0.428 -0.321 -0.182 -0.063 -0.010 0.062 0.078 0.087 0.012 -0.092 -0.234 -0.234 -1.621
5.00 316.23 -2.507 -2.398 -2.266 -2.173 -2.032 -1.831 -1.692 -1.531 -1.327 -1.048 -0.875 -0.709 -0.597 -0.446 -0.319 -0.264 -0.187 -0.169 -0.155 -0.230 -0.329 -0.466 -0.466 -1.869
5.00 398.11 -2.801 -2.699 -2.570 -2.481 -2.344 -2.149 -2.012 -1.856 -1.658 -1.387 -1.210 -1.027 -0.906 -0.736 -0.595 -0.537 -0.450 -0.428 -0.407 -0.481 -0.576 -0.708 -0.708 -2.128
5.00 501.19 -3.154 -3.058 -2.933 -2.848 -2.715 -2.526 -2.393 -2.240 -2.048 -1.782 -1.598 -1.392 -1.255 -1.059 -0.897 -0.831 -0.731 -0.701 -0.671 -0.745 -0.835 -0.961 -0.961 -2.400
5.00 630.96 -3.582 -3.492 -3.371 -3.290 -3.161 -2.977 -2.847 -2.699 -2.512 -2.250 -2.055 -1.815 -1.657 -1.424 -1.231 -1.152 -1.033 -0.990 -0.949 -1.023 -1.108 -1.230 -1.230 -2.687
5.00 794.33 -4.104 -4.019 -3.902 -3.825 -3.700 -3.523 -3.395 -3.251 -3.071 -2.809 -2.596 -2.311 -2.122 -1.839 -1.605 -1.507 -1.362 -1.300 -1.245 -1.319 -1.399 -1.516 -1.516 -2.993
5.00 1000.00 -4.743 -4.664 -4.552 -4.478 -4.357 -4.186 -4.061 -3.921 -3.746 -3.482 -3.244 -2.900 -2.669 -2.320 -2.029 -1.905 -1.724 -1.637 -1.563 -1.638 -1.713 -1.824 -1.824 -3.323
5.25 1.00 -0.328 -0.125 0.071 0.227 0.426 0.708 0.886 1.099 1.385 1.861 2.147 2.389 2.606 2.854 3.106 3.263 3.414 3.481 3.419 3.337 3.177 3.021 3.021 1.862
5.25 1.26 -0.338 -0.135 0.060 0.216 0.415 0.696 0.873 1.085 1.371 1.845 2.129 2.370 2.586 2.831 3.082 3.238 3.387 3.456 3.395 3.313 3.153 2.996 2.996 1.834
5.25 1.58 -0.349 -0.148 0.047 0.202 0.400 0.681 0.857 1.069 1.354 1.825 2.108 2.347 2.561 2.804 3.053 3.207 3.355 3.424 3.366 3.284 3.123 2.965 2.965 1.801
5.25 2.00 -0.363 -0.163 0.031 0.186 0.383 0.662 0.838 1.049 1.333 1.801 2.082 2.319 2.530 2.771 3.017 3.169 3.316 3.386 3.330 3.249 3.088 2.927 2.927 1.761
5.25 2.51 -0.380 -0.181 0.012 0.166 0.362 0.640 0.815 1.025 1.308 1.773 2.051 2.285 2.494 2.732 2.974 3.124 3.269 3.340 3.287 3.206 3.045 2.882 2.882 1.713
5.25 3.16 -0.399 -0.202 -0.010 0.142 0.337 0.613 0.788 0.997 1.277 1.738 2.014 2.245 2.451 2.685 2.923 3.071 3.213 3.285 3.235 3.155 2.995 2.828 2.828 1.655
5.25 3.98 -0.423 -0.228 -0.037 0.114 0.308 0.582 0.756 0.963 1.242 1.698 1.970 2.197 2.400 2.630 2.864 3.008 3.147 3.221 3.174 3.095 2.934 2.765 2.765 1.588
5.25 5.01 -0.450 -0.257 -0.068 0.081 0.274 0.546 0.718 0.924 1.201 1.651 1.919 2.142 2.340 2.566 2.794 2.935 3.071 3.145 3.103 3.024 2.864 2.692 2.692 1.509
5.25 6.31 -0.482 -0.292 -0.104 0.043 0.234 0.503 0.674 0.879 1.153 1.597 1.860 2.079 2.272 2.492 2.714 2.851 2.983 3.058 3.020 2.941 2.782 2.607 2.607 1.419
5.25 7.94 -0.519 -0.331 -0.146 0.000 0.189 0.455 0.625 0.827 1.098 1.535 1.793 2.007 2.194 2.408 2.624 2.756 2.884 2.958 2.925 2.847 2.688 2.511 2.511 1.315
5.25 10.00 -0.560 -0.376 -0.193 -0.049 0.137 0.400 0.568 0.769 1.036 1.465 1.718 1.925 2.107 2.314 2.522 2.649 2.773 2.846 2.817 2.739 2.582 2.402 2.402 1.200
5.25 12.59 -0.607 -0.426 -0.246 -0.104 0.080 0.339 0.506 0.703 0.967 1.388 1.634 1.835 2.010 2.210 2.410 2.531 2.650 2.722 2.696 2.619 2.464 2.282 2.282 1.071
5.25 15.85 -0.659 -0.482 -0.304 -0.165 0.016 0.272 0.436 0.631 0.891 1.302 1.542 1.736 1.904 2.095 2.287 2.402 2.516 2.585 2.562 2.486 2.333 2.151 2.151 0.931
5.25 19.95 -0.717 -0.544 -0.369 -0.233 -0.054 0.197 0.359 0.552 0.807 1.208 1.441 1.628 1.789 1.972 2.154 2.263 2.371 2.437 2.417 2.341 2.190 2.009 2.009 0.778
5.25 25.12 -0.780 -0.612 -0.440 -0.307 -0.131 0.115 0.275 0.465 0.716 1.106 1.331 1.511 1.664 1.839 2.012 2.114 2.217 2.278 2.260 2.185 2.037 1.857 1.857 0.616
5.25 31.62 -0.850 -0.687 -0.518 -0.388 -0.216 0.027 0.184 0.370 0.617 0.995 1.213 1.386 1.531 1.697 1.860 1.956 2.053 2.109 2.093 2.018 1.874 1.695 1.695 0.443
5.25 39.81 -0.927 -0.769 -0.603 -0.477 -0.307 -0.070 0.085 0.268 0.509 0.876 1.086 1.252 1.389 1.547 1.701 1.789 1.881 1.931 1.917 1.842 1.701 1.526 1.526 0.262
5.25 50.12 -1.012 -0.859 -0.696 -0.573 -0.408 -0.176 -0.023 0.156 0.393 0.747 0.950 1.109 1.239 1.388 1.533 1.615 1.701 1.745 1.733 1.658 1.521 1.349 1.349 0.073
5.25 63.10 -1.106 -0.958 -0.799 -0.680 -0.517 -0.291 -0.141 0.035 0.266 0.609 0.804 0.957 1.079 1.222 1.357 1.433 1.514 1.551 1.541 1.467 1.334 1.165 1.165 -0.124
5.25 79.43 -1.211 -1.068 -0.913 -0.797 -0.638 -0.417 -0.270 -0.098 0.128 0.458 0.646 0.794 0.910 1.046 1.174 1.243 1.319 1.351 1.343 1.268 1.140 0.976 0.976 -0.327
5.25 100.00 -1.328 -1.191 -1.040 -0.928 -0.773 -0.557 -0.413 -0.244 -0.024 0.294 0.476 0.620 0.730 0.861 0.982 1.046 1.118 1.145 1.139 1.064 0.940 0.780 0.780 -0.536
5.25 125.89 -1.462 -1.330 -1.182 -1.074 -0.923 -0.713 -0.571 -0.407 -0.192 0.115 0.290 0.432 0.537 0.666 0.782 0.840 0.910 0.932 0.928 0.853 0.734 0.579 0.579 -0.752
5.25 158.49 -1.614 -1.489 -1.345 -1.240 -1.093 -0.889 -0.750 -0.589 -0.380 -0.085 0.086 0.227 0.330 0.458 0.571 0.626 0.694 0.712 0.711 0.637 0.522 0.371 0.371 -0.974
5.25 199.53 -1.791 -1.672 -1.531 -1.431 -1.287 -1.089 -0.953 -0.796 -0.592 -0.308 -0.141 0.003 0.106 0.236 0.349 0.401 0.469 0.485 0.488 0.413 0.304 0.157 0.157 -1.203
5.25 251.19 -1.998 -1.884 -1.748 -1.651 -1.512 -1.319 -1.186 -1.033 -0.835 -0.561 -0.395 -0.245 -0.141 -0.004 0.112 0.164 0.235 0.250 0.257 0.183 0.078 -0.064 -0.064 -1.439
5.25 316.23 -2.243 -2.135 -2.002 -1.909 -1.774 -1.587 -1.457 -1.307 -1.116 -0.851 -0.684 -0.523 -0.414 -0.265 -0.141 -0.088 -0.011 0.005 0.018 -0.056 -0.156 -0.293 -0.293 -1.684
5.25 398.11 -2.535 -2.433 -2.304 -2.215 -2.083 -1.902 -1.775 -1.629 -1.444 -1.186 -1.016 -0.838 -0.720 -0.553 -0.414 -0.357 -0.272 -0.251 -0.230 -0.305 -0.400 -0.532 -0.532 -1.940
5.25 501.19 -2.886 -2.789 -2.665 -2.580 -2.452 -2.277 -2.152 -2.011 -1.831 -1.579 -1.402 -1.200 -1.066 -0.873 -0.714 -0.648 -0.550 -0.520 -0.491 -0.566 -0.656 -0.783 -0.783 -2.209
5.25 630.96 -3.311 -3.221 -3.100 -3.019 -2.895 -2.726 -2.604 -2.467 -2.293 -2.045 -1.856 -1.621 -1.465 -1.235 -1.045 -0.967 -0.849 -0.807 -0.767 -0.841 -0.926 -1.048 -1.048 -2.493
5.25 794.33 -3.830 -3.745 -3.629 -3.551 -3.431 -3.268 -3.150 -3.016 -2.848 -2.601 -2.395 -2.115 -1.928 -1.648 -1.416 -1.320 -1.175 -1.115 -1.060 -1.135 -1.215 -1.332 -1.332 -2.796
5.25 1000.00 -4.467 -4.388 -4.275 -4.202 -4.086 -3.929 -3.814 -3.684 -3.522 -3.271 -3.040 -2.701 -2.472 -2.126 -1.838 -1.715 -1.535 -1.448 -1.376 -1.451 -1.526 -1.638 -1.638 -3.124
5.50 1.00 -0.133 0.068 0.262 0.417 0.610 0.876 1.043 1.245 1.517 1.974 2.249 2.483 2.693 2.932 3.177 3.329 3.475 3.533 3.467 3.384 3.226 3.077 3.077 1.921
5.50 1.26 -0.142 0.058 0.252 0.407 0.599 0.865 1.032 1.233 1.504 1.959 2.233 2.465 2.674 2.912 3.155 3.305 3.451 3.510 3.445 3.362 3.204 3.054 3.054 1.897
5.50 1.58 -0.152 0.047 0.241 0.395 0.587 0.851 1.018 1.218 1.489 1.942 2.214 2.444 2.651 2.887 3.128 3.277 3.421 3.481 3.418 3.336 3.178 3.026 3.026 1.866
5.50 2.00 -0.164 0.034 0.227 0.380 0.571 0.834 1.000 1.200 1.470 1.920 2.190 2.419 2.624 2.857 3.096 3.243 3.385 3.446 3.386 3.304 3.146 2.991 2.991 1.830
5.50 2.51 -0.179 0.018 0.209 0.362 0.552 0.814 0.980 1.178 1.447 1.894 2.162 2.388 2.591 2.821 3.057 3.202 3.342 3.405 3.346 3.265 3.107 2.950 2.950 1.786
5.50 3.16 -0.197 -0.002 0.189 0.340 0.530 0.790 0.955 1.152 1.419 1.863 2.128 2.351 2.551 2.778 3.010 3.153 3.291 3.354 3.300 3.218 3.061 2.901 2.901 1.733
5.50 3.98 -0.219 -0.025 0.165 0.315 0.503 0.761 0.925 1.122 1.387 1.826 2.088 2.308 2.504 2.727 2.955 3.095 3.231 3.295 3.244 3.163 3.005 2.843 2.843 1.671
5.50 5.01 -0.244 -0.052 0.136 0.284 0.471 0.728 0.891 1.086 1.349 1.782 2.041 2.257 2.449 2.668 2.890 3.027 3.160 3.226 3.178 3.098 2.941 2.775 2.775 1.599
5.50 6.31 -0.273 -0.084 0.103 0.249 0.435 0.689 0.850 1.044 1.304 1.732 1.986 2.198 2.385 2.599 2.816 2.949 3.078 3.145 3.102 3.022 2.865 2.697 2.697 1.514
5.50 7.94 -0.307 -0.120 0.064 0.209 0.393 0.644 0.804 0.996 1.253 1.674 1.923 2.130 2.313 2.521 2.731 2.860 2.985 3.052 3.013 2.934 2.778 2.607 2.607 1.418
5.50 10.00 -0.345 -0.162 0.020 0.163 0.345 0.593 0.751 0.941 1.196 1.609 1.853 2.054 2.231 2.432 2.635 2.759 2.880 2.947 2.913 2.835 2.679 2.505 2.505 1.309
5.50 12.59 -0.389 -0.209 -0.029 0.112 0.291 0.535 0.692 0.879 1.131 1.535 1.773 1.968 2.139 2.333 2.529 2.647 2.764 2.830 2.800 2.722 2.568 2.391 2.391 1.188
5.50 15.85 -0.438 -0.262 -0.084 0.054 0.230 0.471 0.626 0.811 1.058 1.454 1.685 1.874 2.038 2.225 2.412 2.524 2.636 2.700 2.674 2.597 2.445 2.266 2.266 1.054
5.50 19.95 -0.492 -0.321 -0.146 -0.010 0.163 0.400 0.553 0.735 0.978 1.364 1.589 1.770 1.927 2.106 2.284 2.391 2.497 2.558 2.535 2.459 2.309 2.131 2.131 0.909
5.50 25.12 -0.553 -0.385 -0.213 -0.081 0.090 0.322 0.473 0.652 0.891 1.266 1.483 1.658 1.808 1.978 2.147 2.247 2.348 2.405 2.386 2.310 2.162 1.984 1.984 0.752
5.50 31.62 -0.620 -0.457 -0.288 -0.159 0.009 0.237 0.385 0.561 0.795 1.159 1.369 1.537 1.679 1.841 2.001 2.094 2.190 2.242 2.225 2.149 2.005 1.829 1.829 0.586
5.50 39.81 -0.694 -0.536 -0.370 -0.244 -0.080 0.143 0.289 0.462 0.691 1.044 1.246 1.407 1.541 1.696 1.846 1.933 2.023 2.070 2.055 1.979 1.839 1.664 1.664 0.410
5.50 50.12 -0.775 -0.623 -0.460 -0.338 -0.177 0.041 0.185 0.354 0.578 0.919 1.114 1.268 1.395 1.541 1.683 1.763 1.847 1.889 1.876 1.801 1.664 1.492 1.492 0.226
5.50 63.10 -0.867 -0.719 -0.560 -0.441 -0.283 -0.071 0.070 0.236 0.455 0.784 0.971 1.120 1.239 1.378 1.511 1.585 1.664 1.700 1.689 1.614 1.481 1.313 1.313 0.034
5.50 79.43 -0.968 -0.826 -0.671 -0.555 -0.401 -0.194 -0.056 0.106 0.320 0.637 0.817 0.961 1.074 1.207 1.332 1.399 1.474 1.505 1.495 1.420 1.292 1.128 1.128 -0.164
5.50 100.00 -1.083 -0.947 -0.795 -0.683 -0.533 -0.331 -0.196 -0.037 0.171 0.476 0.650 0.790 0.897 1.025 1.144 1.205 1.277 1.302 1.295 1.220 1.096 0.936 0.936 -0.370
5.50 125.89 -1.214 -1.083 -0.935 -0.827 -0.680 -0.484 -0.351 -0.197 0.006 0.299 0.468 0.605 0.708 0.833 0.946 1.003 1.072 1.093 1.088 1.013 0.894 0.738 0.738 -0.581
5.50 158.49 -1.364 -1.239 -1.095 -0.990 -0.847 -0.657 -0.527 -0.376 -0.179 0.102 0.266 0.404 0.504 0.628 0.739 0.792 0.859 0.876 0.875 0.800 0.685 0.534 0.534 -0.800
5.50 199.53 -1.538 -1.419 -1.278 -1.178 -1.039 -0.854 -0.727 -0.580 -0.389 -0.118 0.043 0.183 0.282 0.409 0.520 0.571 0.638 0.653 0.655 0.580 0.470 0.323 0.323 -1.025
5.50 251.19 -1.743 -1.629 -1.493 -1.396 -1.261 -1.082 -0.958 -0.814 -0.629 -0.368 -0.209 -0.063 0.038 0.173 0.287 0.337 0.407 0.421 0.427 0.352 0.247 0.105 0.105 -1.258
5.50 316.23 -1.985 -1.877 -1.744 -1.651 -1.520 -1.347 -1.226 -1.087 -0.907 -0.655 -0.495 -0.338 -0.232 -0.086 0.036 0.088 0.163 0.179 0.191 0.116 0.016 -0.121 -0.121 -1.500
5.50 398.11 -2.274 -2.172 -2.043 -1.954 -1.827 -1.660 -1.541 -1.406 -1.232 -0.988 -0.825 -0.651 -0.535 -0.370 -0.235 -0.178 -0.094 -0.074 -0.055 -0.130 -0.225 -0.357 -0.357 -1.753
5.50 501.19 -2.622 -2.526 -2.401 -2.316 -2.193 -2.032 -1.916 -1.785 -1.617 -1.378 -1.208 -1.010 -0.879 -0.688 -0.531 -0.467 -0.369 -0.341 -0.313 -0.388 -0.478 -0.605 -0.605 -2.019
5.50 630.96 -3.045 -2.955 -2.834 -2.753 -2.633 -2.478 -2.366 -2.238 -2.076 -1.841 -1.659 -1.428 -1.275 -1.047 -0.860 -0.783 -0.666 -0.625 -0.585 -0.660 -0.746 -0.868 -0.868 -2.300
5.50 794.33 -3.561 -3.477 -3.360 -3.283 -3.168 -3.018 -2.909 -2.785 -2.629 -2.395 -2.195 -1.919 -1.735 -1.457 -1.228 -1.133 -0.989 -0.930 -0.876 -0.951 -1.032 -1.149 -1.149 -2.600
5.50 1000.00 -4.195 -4.117 -4.004 -3.931 -3.820 -3.676 -3.570 -3.450 -3.300 -3.062 -2.838 -2.502 -2.277 -1.933 -1.647 -1.526 -1.346 -1.261 -1.189 -1.264 -1.340 -1.452 -1.452 -2.925
5.75 1.00 0.058 0.257 0.449 0.603 0.790 1.041 1.199 1.389 1.648 2.087 2.351 2.576 2.779 3.011 3.247 3.394 3.536 3.585 3.514 3.430 3.275 3.133 3.133 1.981
5.75 1.26 0.051 0.248 0.441 0.594 0.781 1.031 1.188 1.378 1.636 2.073 2.337 2.560 2.762 2.992 3.227 3.373 3.514 3.564 3.494 3.411 3.256 3.112 3.112 1.959
5.75 1.58 0.041 0.239 0.430 0.583 0.769 1.018 1.176 1.365 1.622 2.057 2.319 2.541 2.742 2.970 3.203 3.348 3.487 3.538 3.470 3.387 3.232 3.086 3.086 1.932
5.75 2.00 0.030 0.226 0.418 0.569 0.755 1.003 1.160 1.348 1.605 2.038 2.298 2.518 2.717 2.943 3.174 3.317 3.455 3.506 3.441 3.358 3.203 3.055 3.055 1.898
5.75 2.51 0.017 0.212 0.402 0.553 0.738 0.985 1.141 1.329 1.584 2.014 2.272 2.490 2.686 2.910 3.138 3.279 3.416 3.468 3.405 3.322 3.168 3.018 3.018 1.858
5.75 3.16 0.001 0.194 0.384 0.534 0.717 0.963 1.119 1.305 1.559 1.986 2.241 2.457 2.650 2.871 3.095 3.234 3.369 3.422 3.362 3.280 3.125 2.973 2.973 1.810
5.75 3.98 -0.019 0.173 0.362 0.510 0.693 0.937 1.092 1.277 1.530 1.952 2.204 2.417 2.607 2.824 3.045 3.181 3.313 3.368 3.311 3.230 3.075 2.920 2.920 1.753
5.75 5.01 -0.041 0.148 0.335 0.483 0.664 0.906 1.060 1.244 1.495 1.912 2.161 2.370 2.556 2.769 2.985 3.118 3.247 3.304 3.251 3.170 3.015 2.857 2.857 1.686
5.75 6.31 -0.068 0.119 0.305 0.451 0.631 0.870 1.023 1.205 1.454 1.865 2.110 2.315 2.497 2.705 2.916 3.045 3.171 3.229 3.181 3.100 2.946 2.784 2.784 1.608
5.75 7.94 -0.099 0.086 0.269 0.413 0.592 0.828 0.980 1.161 1.406 1.811 2.052 2.252 2.429 2.632 2.836 2.962 3.084 3.143 3.099 3.019 2.866 2.700 2.700 1.518
5.75 10.00 -0.135 0.047 0.229 0.371 0.547 0.781 0.931 1.110 1.352 1.750 1.985 2.180 2.352 2.548 2.746 2.867 2.986 3.045 3.006 2.927 2.774 2.605 2.605 1.416
5.75 12.59 -0.176 0.003 0.182 0.322 0.496 0.727 0.875 1.052 1.291 1.681 1.910 2.099 2.266 2.455 2.646 2.761 2.875 2.935 2.900 2.821 2.670 2.498 2.498 1.302
5.75 15.85 -0.222 -0.047 0.130 0.268 0.439 0.666 0.813 0.987 1.222 1.603 1.827 2.010 2.169 2.352 2.534 2.644 2.754 2.812 2.782 2.704 2.553 2.380 2.380 1.175
5.75 19.95 -0.273 -0.102 0.072 0.207 0.376 0.599 0.743 0.915 1.146 1.518 1.735 1.911 2.064 2.238 2.413 2.517 2.621 2.677 2.651 2.574 2.425 2.250 2.250 1.037
5.75 25.12 -0.331 -0.164 0.008 0.140 0.306 0.524 0.667 0.835 1.063 1.424 1.634 1.803 1.949 2.116 2.281 2.379 2.478 2.531 2.508 2.431 2.285 2.110 2.110 0.887
5.75 31.62 -0.394 -0.232 -0.064 0.065 0.228 0.442 0.582 0.748 0.971 1.321 1.524 1.687 1.825 1.983 2.140 2.231 2.325 2.374 2.354 2.278 2.135 1.960 1.960 0.726
5.75 39.81 -0.465 -0.308 -0.143 -0.017 0.143 0.352 0.490 0.652 0.870 1.209 1.405 1.561 1.692 1.842 1.989 2.074 2.163 2.207 2.190 2.114 1.974 1.801 1.801 0.556
5.75 50.12 -0.544 -0.392 -0.230 -0.107 0.049 0.253 0.388 0.548 0.761 1.088 1.276 1.426 1.549 1.692 1.831 1.909 1.992 2.031 2.017 1.941 1.804 1.634 1.634 0.378
5.75 63.10 -0.633 -0.485 -0.327 -0.208 -0.055 0.145 0.277 0.433 0.641 0.956 1.137 1.281 1.398 1.534 1.663 1.735 1.814 1.848 1.835 1.759 1.627 1.460 1.460 0.191
5.75 79.43 -0.732 -0.590 -0.435 -0.319 -0.170 0.024 0.154 0.306 0.509 0.813 0.987 1.125 1.236 1.366 1.488 1.554 1.627 1.656 1.646 1.570 1.442 1.278 1.278 -0.003
5.75 100.00 -0.844 -0.707 -0.556 -0.444 -0.298 -0.110 0.017 0.166 0.363 0.655 0.823 0.958 1.062 1.188 1.303 1.364 1.434 1.458 1.450 1.374 1.250 1.090 1.090 -0.204
5.75 125.89 -0.972 -0.841 -0.693 -0.585 -0.443 -0.260 -0.135 0.009 0.201 0.481 0.643 0.776 0.876 0.999 1.110 1.166 1.233 1.252 1.247 1.171 1.052 0.896 0.896 -0.412
5.75 158.49 -1.119 -0.994 -0.850 -0.745 -0.607 -0.430 -0.308 -0.167 0.019 0.288 0.445 0.578 0.676 0.798 0.906 0.958 1.024 1.039 1.037 0.962 0.847 0.695 0.695 -0.627
5.75 199.53 -1.291 -1.171 -1.031 -0.930 -0.796 -0.624 -0.506 -0.368 -0.188 0.070 0.224 0.360 0.457 0.582 0.690 0.739 0.805 0.819 0.820 0.745 0.635 0.488 0.488 -0.849
5.75 251.19 -1.492 -1.379 -1.242 -1.146 -1.015 -0.849 -0.733 -0.600 -0.425 -0.177 -0.025 0.118 0.216 0.348 0.459 0.508 0.577 0.590 0.596 0.521 0.415 0.273 0.273 -1.078
5.75 316.23 -1.732 -1.624 -1.491 -1.399 -1.272 -1.112 -0.999 -0.869 -0.701 -0.461 -0.308 -0.155 -0.051 0.093 0.212 0.263 0.337 0.352 0.363 0.288 0.187 0.050 0.050 -1.317
5.75 398.11 -2.018 -1.916 -1.788 -1.699 -1.576 -1.422 -1.312 -1.186 -1.023 -0.791 -0.635 -0.465 -0.351 -0.189 -0.056 -0.001 0.082 0.102 0.120 0.045 -0.051 -0.183 -0.183 -1.567
5.75 501.19 -2.364 -2.268 -2.143 -2.058 -1.939 -1.791 -1.684 -1.562 -1.405 -1.179 -1.016 -0.821 -0.693 -0.504 -0.350 -0.287 -0.190 -0.162 -0.135 -0.210 -0.301 -0.428 -0.428 -1.829
5.75 630.96 -2.784 -2.694 -2.573 -2.492 -2.377 -2.235 -2.131 -2.013 -1.862 -1.639 -1.464 -1.237 -1.086 -0.861 -0.676 -0.600 -0.484 -0.444 -0.405 -0.480 -0.566 -0.689 -0.689 -2.108
5.75 794.33 -3.298 -3.214 -3.097 -3.020 -2.909 -2.772 -2.671 -2.557 -2.412 -2.190 -1.997 -1.725 -1.544 -1.268 -1.042 -0.947 -0.804 -0.746 -0.693 -0.768 -0.849 -0.967 -0.967 -2.405
5.75 1000.00 -3.930 -3.851 -3.739 -3.665 -3.558 -3.428 -3.330 -3.220 -3.081 -2.855 -2.638 -2.306 -2.083 -1.741 -1.457 -1.337 -1.159 -1.074 -1.003 -1.079 -1.155 -1.267 -1.267 -2.727
6.00 1.00 0.246 0.442 0.633 0.785 0.967 1.203 1.352 1.531 1.778 2.199 2.453 2.669 2.865 3.089 3.318 3.460 3.597 3.637 3.561 3.477 3.325 3.189 3.189 2.041
6.00 1.26 0.239 0.435 0.626 0.777 0.958 1.194 1.342 1.521 1.767 2.187 2.440 2.655 2.850 3.073 3.300 3.441 3.577 3.618 3.543 3.459 3.307 3.170 3.170 2.021
6.00 1.58 0.231 0.426 0.616 0.767 0.948 1.183 1.331 1.510 1.755 2.172 2.424 2.638 2.832 3.053 3.278 3.418 3.553 3.594 3.521 3.437 3.286 3.147 3.147 1.997
6.00 2.00 0.221 0.415 0.605 0.755 0.935 1.169 1.317 1.495 1.739 2.155 2.405 2.617 2.809 3.028 3.251 3.390 3.524 3.566 3.495 3.411 3.259 3.119 3.119 1.967
6.00 2.51 0.209 0.402 0.591 0.740 0.920 1.153 1.300 1.477 1.720 2.133 2.381 2.592 2.782 2.998 3.219 3.356 3.488 3.531 3.463 3.379 3.227 3.085 3.085 1.930
6.00 3.16 0.195 0.386 0.574 0.723 0.901 1.133 1.280 1.456 1.697 2.107 2.353 2.561 2.748 2.962 3.180 3.314 3.445 3.489 3.424 3.341 3.189 3.044 3.044 1.886
6.00 3.98 0.177 0.367 0.554 0.702 0.879 1.109 1.255 1.430 1.670 2.076 2.319 2.524 2.709 2.919 3.133 3.265 3.394 3.439 3.377 3.294 3.143 2.995 2.995 1.834
6.00 5.01 0.156 0.344 0.530 0.677 0.853 1.081 1.226 1.400 1.638 2.039 2.279 2.481 2.662 2.869 3.078 3.207 3.333 3.381 3.322 3.240 3.088 2.938 2.938 1.772
6.00 6.31 0.132 0.318 0.502 0.647 0.822 1.048 1.192 1.364 1.600 1.996 2.232 2.430 2.607 2.809 3.014 3.140 3.263 3.312 3.257 3.176 3.024 2.870 2.870 1.700
6.00 7.94 0.103 0.287 0.469 0.613 0.786 1.009 1.152 1.323 1.556 1.946 2.178 2.372 2.544 2.741 2.940 3.062 3.182 3.232 3.182 3.101 2.950 2.792 2.792 1.617
6.00 10.00 0.070 0.251 0.432 0.573 0.744 0.965 1.106 1.275 1.506 1.889 2.116 2.304 2.472 2.663 2.856 2.973 3.089 3.140 3.096 3.015 2.865 2.703 2.703 1.521
6.00 12.59 0.032 0.210 0.389 0.528 0.697 0.914 1.054 1.221 1.448 1.824 2.045 2.229 2.390 2.575 2.761 2.873 2.985 3.037 2.997 2.918 2.768 2.603 2.603 1.414
6.00 15.85 -0.011 0.163 0.340 0.477 0.643 0.857 0.995 1.160 1.384 1.750 1.966 2.144 2.299 2.477 2.655 2.762 2.869 2.921 2.886 2.807 2.659 2.491 2.491 1.294
6.00 19.95 -0.059 0.111 0.285 0.419 0.583 0.793 0.929 1.091 1.312 1.669 1.878 2.050 2.198 2.369 2.539 2.641 2.743 2.793 2.763 2.685 2.538 2.368 2.368 1.162
6.00 25.12 -0.114 0.052 0.223 0.355 0.516 0.722 0.856 1.015 1.232 1.579 1.782 1.946 2.088 2.251 2.413 2.508 2.605 2.653 2.628 2.550 2.405 2.234 2.234 1.019
6.00 31.62 -0.175 -0.013 0.155 0.284 0.442 0.644 0.775 0.932 1.143 1.480 1.676 1.834 1.969 2.124 2.276 2.366 2.458 2.503 2.481 2.404 2.261 2.090 2.090 0.865
6.00 39.81 -0.243 -0.086 0.079 0.205 0.360 0.557 0.686 0.840 1.047 1.373 1.561 1.713 1.840 1.987 2.131 2.214 2.301 2.342 2.323 2.246 2.107 1.936 1.936 0.701
6.00 50.12 -0.319 -0.167 -0.005 0.117 0.269 0.461 0.588 0.738 0.940 1.255 1.436 1.582 1.702 1.842 1.977 2.054 2.135 2.172 2.155 2.079 1.943 1.774 1.774 0.528
6.00 63.10 -0.404 -0.257 -0.099 0.020 0.169 0.356 0.480 0.627 0.824 1.127 1.301 1.441 1.554 1.687 1.814 1.885 1.961 1.993 1.979 1.903 1.771 1.604 1.604 0.346
6.00 79.43 -0.500 -0.359 -0.204 -0.088 0.057 0.238 0.360 0.503 0.695 0.986 1.154 1.289 1.396 1.523 1.642 1.707 1.779 1.806 1.795 1.719 1.590 1.427 1.427 0.156
6.00 100.00 -0.609 -0.473 -0.322 -0.210 -0.069 0.107 0.227 0.366 0.552 0.832 0.993 1.124 1.226 1.349 1.462 1.521 1.590 1.612 1.603 1.527 1.403 1.244 1.244 -0.040
6.00 125.89 -0.735 -0.604 -0.456 -0.348 -0.210 -0.040 0.077 0.212 0.393 0.661 0.817 0.946 1.044 1.164 1.272 1.326 1.392 1.410 1.404 1.328 1.208 1.053 1.053 -0.244
6.00 158.49 -0.879 -0.754 -0.610 -0.506 -0.372 -0.207 -0.093 0.039 0.214 0.471 0.622 0.751 0.846 0.966 1.071 1.122 1.187 1.201 1.198 1.122 1.007 0.856 0.856 -0.455
6.00 199.53 -1.048 -0.929 -0.789 -0.688 -0.558 -0.399 -0.288 -0.160 0.010 0.256 0.404 0.536 0.630 0.753 0.858 0.907 0.972 0.984 0.985 0.909 0.799 0.652 0.652 -0.673
6.00 251.19 -1.247 -1.134 -0.998 -0.901 -0.774 -0.621 -0.513 -0.388 -0.225 0.012 0.158 0.297 0.393 0.522 0.631 0.679 0.747 0.759 0.764 0.688 0.582 0.440 0.440 -0.900
6.00 316.23 -1.484 -1.376 -1.244 -1.151 -1.028 -0.881 -0.776 -0.655 -0.497 -0.270 -0.123 0.027 0.129 0.270 0.387 0.436 0.510 0.523 0.534 0.458 0.357 0.220 0.220 -1.135
6.00 398.11 -1.768 -1.666 -1.538 -1.449 -1.330 -1.188 -1.086 -0.969 -0.817 -0.597 -0.447 -0.280 -0.169 -0.010 0.122 0.176 0.258 0.276 0.294 0.218 0.122 -0.010 -0.010 -1.382
6.00 501.19 -2.111 -2.015 -1.891 -1.806 -1.691 -1.555 -1.456 -1.343 -1.197 -0.982 -0.825 -0.634 -0.508 -0.322 -0.169 -0.107 -0.012 0.015 0.042 -0.034 -0.125 -0.253 -0.253 -1.641
6.00 630.96 -2.529 -2.439 -2.318 -2.237 -2.126 -1.996 -1.900 -1.791 -1.651 -1.440 -1.270 -1.047 -0.898 -0.675 -0.493 -0.418 -0.303 -0.263 -0.225 -0.301 -0.387 -0.510 -0.510 -1.916
6.00 794.33 -3.040 -2.956 -2.839 -2.762 -2.655 -2.531 -2.438 -2.333 -2.198 -1.988 -1.801 -1.533 -1.353 -1.080 -0.856 -0.762 -0.621 -0.563 -0.511 -0.586 -0.667 -0.785 -0.785 -2.211
6.00 1000.00 -3.669 -3.591 -3.478 -3.405 -3.302 -3.184 -3.093 -2.993 -2.864 -2.651 -2.439 -2.111 -1.890 -1.550 -1.269 -1.150 -0.972 -0.889 -0.818 -0.894 -0.970 -1.083 -1.083 -2.530
6.25 1.00 0.430 0.624 0.813 0.964 1.140 1.362 1.503 1.672 1.906 2.310 2.554 2.763 2.952 3.168 3.389 3.526 3.659 3.689 3.609 3.524 3.375 3.246 3.246 2.102
6.25 1.26 0.424 0.617 0.807 0.956 1.132 1.354 1.494 1.663 1.897 2.300 2.543 2.750 2.939 3.154 3.373 3.509 3.641 3.672 3.593 3.508 3.359 3.229 3.229 2.084
6.25 1.58 0.417 0.609 0.798 0.948 1.123 1.344 1.484 1.653 1.885 2.287 2.528 2.735 2.922 3.135 3.353 3.488 3.619 3.651 3.573 3.488 3.340 3.208 3.208 2.062
6.25 2.00 0.408 0.600 0.788 0.937 1.112 1.332 1.471 1.639 1.871 2.271 2.511 2.716 2.901 3.113 3.329 3.463 3.593 3.625 3.549 3.464 3.316 3.183 3.183 2.035
6.25 2.51 0.397 0.588 0.776 0.924 1.098 1.317 1.456 1.623 1.854 2.251 2.490 2.693 2.876 3.086 3.299 3.432 3.560 3.593 3.520 3.435 3.287 3.152 3.152 2.001
6.25 3.16 0.384 0.574 0.761 0.908 1.081 1.299 1.437 1.604 1.834 2.227 2.464 2.665 2.846 3.053 3.264 3.394 3.521 3.555 3.484 3.400 3.252 3.114 3.114 1.962
6.25 3.98 0.368 0.556 0.742 0.889 1.061 1.277 1.415 1.581 1.809 2.199 2.433 2.631 2.810 3.014 3.221 3.349 3.474 3.510 3.442 3.358 3.210 3.070 3.070 1.914
6.25 5.01 0.350 0.536 0.721 0.866 1.037 1.252 1.389 1.553 1.779 2.165 2.396 2.591 2.767 2.967 3.170 3.296 3.418 3.455 3.391 3.308 3.160 3.017 3.017 1.857
6.25 6.31 0.327 0.511 0.695 0.839 1.009 1.221 1.357 1.520 1.745 2.126 2.353 2.544 2.716 2.912 3.111 3.233 3.353 3.392 3.332 3.249 3.101 2.954 2.954 1.790
6.25 7.94 0.301 0.483 0.665 0.807 0.975 1.186 1.320 1.482 1.704 2.079 2.303 2.490 2.657 2.849 3.042 3.161 3.277 3.318 3.262 3.180 3.032 2.882 2.882 1.713
6.25 10.00 0.270 0.450 0.630 0.770 0.937 1.144 1.278 1.437 1.657 2.026 2.245 2.427 2.590 2.776 2.963 3.078 3.191 3.233 3.182 3.101 2.953 2.799 2.799 1.624
6.25 12.59 0.235 0.412 0.590 0.728 0.893 1.097 1.229 1.387 1.603 1.965 2.178 2.356 2.513 2.693 2.874 2.984 3.093 3.136 3.091 3.010 2.863 2.705 2.705 1.523
6.25 15.85 0.195 0.368 0.544 0.680 0.842 1.043 1.174 1.329 1.542 1.895 2.104 2.276 2.427 2.600 2.774 2.878 2.983 3.027 2.987 2.908 2.761 2.599 2.599 1.410
6.25 19.95 0.150 0.319 0.492 0.626 0.786 0.983 1.111 1.264 1.474 1.818 2.020 2.186 2.331 2.497 2.663 2.762 2.862 2.906 2.872 2.793 2.648 2.483 2.483 1.286
6.25 25.12 0.098 0.263 0.434 0.565 0.722 0.915 1.042 1.192 1.398 1.732 1.928 2.088 2.226 2.385 2.542 2.636 2.731 2.774 2.744 2.665 2.522 2.355 2.355 1.149
6.25 31.62 0.040 0.201 0.369 0.497 0.651 0.840 0.964 1.112 1.313 1.638 1.826 1.980 2.111 2.262 2.412 2.499 2.589 2.629 2.604 2.526 2.385 2.217 2.217 1.001
6.25 39.81 -0.025 0.131 0.296 0.421 0.572 0.757 0.879 1.023 1.220 1.534 1.715 1.863 1.987 2.131 2.271 2.352 2.437 2.475 2.453 2.376 2.237 2.069 2.069 0.843
6.25 50.12 -0.098 0.053 0.215 0.337 0.485 0.665 0.784 0.925 1.117 1.420 1.595 1.736 1.853 1.990 2.122 2.197 2.277 2.310 2.292 2.215 2.079 1.913 1.913 0.676
6.25 63.10 -0.181 -0.034 0.124 0.243 0.387 0.562 0.679 0.817 1.004 1.295 1.463 1.598 1.709 1.839 1.963 2.032 2.107 2.137 2.121 2.044 1.912 1.748 1.748 0.499
6.25 79.43 -0.274 -0.133 0.022 0.137 0.278 0.448 0.562 0.697 0.878 1.158 1.319 1.450 1.555 1.679 1.796 1.859 1.930 1.955 1.942 1.865 1.737 1.575 1.575 0.314
6.25 100.00 -0.381 -0.245 -0.093 0.018 0.156 0.320 0.432 0.563 0.739 1.007 1.162 1.289 1.389 1.509 1.619 1.677 1.744 1.765 1.754 1.678 1.554 1.395 1.395 0.122
6.25 125.89 -0.503 -0.373 -0.225 -0.117 0.017 0.176 0.285 0.412 0.583 0.839 0.989 1.114 1.209 1.327 1.433 1.486 1.551 1.567 1.560 1.484 1.364 1.209 1.209 -0.077
6.25 158.49 -0.645 -0.520 -0.376 -0.272 -0.142 0.011 0.118 0.241 0.406 0.652 0.797 0.922 1.015 1.132 1.235 1.285 1.349 1.362 1.358 1.282 1.166 1.016 1.016 -0.284
6.25 199.53 -0.811 -0.692 -0.552 -0.452 -0.325 -0.178 -0.074 0.046 0.205 0.440 0.582 0.710 0.802 0.922 1.026 1.073 1.137 1.148 1.148 1.072 0.961 0.815 0.815 -0.499
6.25 251.19 -1.008 -0.894 -0.758 -0.661 -0.539 -0.397 -0.296 -0.181 -0.027 0.199 0.339 0.474 0.568 0.695 0.802 0.848 0.915 0.926 0.930 0.855 0.749 0.607 0.607 -0.722
6.25 316.23 -1.242 -1.134 -1.002 -0.909 -0.790 -0.654 -0.556 -0.445 -0.296 -0.080 0.061 0.207 0.307 0.445 0.560 0.609 0.681 0.694 0.704 0.628 0.527 0.389 0.389 -0.954
6.25 398.11 -1.523 -1.421 -1.293 -1.204 -1.089 -0.959 -0.864 -0.756 -0.614 -0.405 -0.260 -0.097 0.012 0.169 0.298 0.351 0.432 0.450 0.467 0.391 0.295 0.162 0.162 -1.197
6.25 501.19 -1.864 -1.768 -1.643 -1.558 -1.447 -1.323 -1.231 -1.127 -0.990 -0.787 -0.635 -0.448 -0.324 -0.140 0.010 0.071 0.166 0.191 0.218 0.142 0.050 -0.077 -0.077 -1.454
6.25 630.96 -2.279 -2.189 -2.068 -1.987 -1.880 -1.762 -1.673 -1.572 -1.442 -1.242 -1.078 -0.858 -0.712 -0.491 -0.310 -0.237 -0.122 -0.084 -0.047 -0.122 -0.209 -0.332 -0.332 -1.726
6.25 794.33 -2.788 -2.704 -2.587 -2.510 -2.407 -2.294 -2.208 -2.112 -1.987 -1.788 -1.607 -1.341 -1.164 -0.894 -0.671 -0.578 -0.438 -0.381 -0.329 -0.405 -0.487 -0.605 -0.605 -2.018
6.25 1000.00 -3.414 -3.336 -3.223 -3.150 -3.051 -2.944 -2.861 -2.769 -2.650 -2.448 -2.242 -1.917 -1.698 -1.361 -1.081 -0.963 -0.787 -0.704 -0.634 -0.710 -0.787 -0.900 -0.900 -2.334
6.50 1.00 0.611 0.802 0.990 1.139 1.310 1.519 1.651 1.811 2.034 2.422 2.656 2.857 3.039 3.248 3.461 3.593 3.721 3.742 3.657 3.571 3.426 3.303 3.303 2.164
6.50 1.26 0.605 0.796 0.984 1.132 1.303 1.512 1.644 1.803 2.025 2.412 2.645 2.845 3.027 3.234 3.446 3.578 3.705 3.726 3.643 3.557 3.411 3.288 3.288 2.147
6.50 1.58 0.599 0.789 0.977 1.124 1.295 1.503 1.635 1.794 2.015 2.400 2.633 2.831 3.012 3.218 3.428 3.559 3.686 3.707 3.625 3.539 3.394 3.269 3.269 2.127
6.50 2.00 0.591 0.781 0.968 1.115 1.285 1.492 1.623 1.782 2.002 2.386 2.617 2.814 2.993 3.198 3.406 3.535 3.661 3.683 3.603 3.517 3.372 3.246 3.246 2.103
6.50 2.51 0.582 0.770 0.956 1.103 1.272 1.478 1.610 1.767 1.987 2.368 2.598 2.793 2.970 3.173 3.379 3.507 3.632 3.655 3.576 3.491 3.346 3.218 3.218 2.073
6.50 3.16 0.570 0.757 0.943 1.089 1.257 1.462 1.593 1.750 1.968 2.347 2.574 2.768 2.943 3.143 3.347 3.473 3.596 3.620 3.544 3.459 3.314 3.184 3.184 2.036
6.50 3.98 0.556 0.742 0.926 1.071 1.239 1.442 1.572 1.729 1.946 2.321 2.546 2.737 2.910 3.107 3.308 3.432 3.553 3.579 3.505 3.421 3.275 3.143 3.143 1.992
6.50 5.01 0.538 0.723 0.906 1.050 1.217 1.419 1.548 1.703 1.919 2.290 2.512 2.700 2.870 3.064 3.261 3.383 3.502 3.529 3.459 3.375 3.230 3.095 3.095 1.940
6.50 6.31 0.518 0.701 0.883 1.026 1.191 1.391 1.519 1.673 1.887 2.253 2.472 2.657 2.824 3.014 3.207 3.325 3.441 3.470 3.404 3.321 3.176 3.037 3.037 1.879
6.50 7.94 0.494 0.675 0.855 0.997 1.160 1.358 1.485 1.638 1.849 2.210 2.426 2.607 2.769 2.955 3.143 3.258 3.371 3.402 3.340 3.257 3.113 2.970 2.970 1.807
6.50 10.00 0.466 0.644 0.823 0.963 1.125 1.320 1.446 1.597 1.806 2.160 2.372 2.548 2.706 2.887 3.069 3.180 3.290 3.323 3.266 3.184 3.039 2.893 2.893 1.725
6.50 12.59 0.433 0.608 0.786 0.923 1.083 1.276 1.400 1.549 1.755 2.103 2.309 2.481 2.634 2.809 2.985 3.092 3.198 3.233 3.181 3.100 2.956 2.805 2.805 1.630
6.50 15.85 0.396 0.568 0.743 0.878 1.036 1.226 1.348 1.495 1.698 2.038 2.239 2.406 2.553 2.721 2.891 2.993 3.095 3.131 3.085 3.004 2.861 2.706 2.706 1.524
6.50 19.95 0.353 0.521 0.694 0.827 0.983 1.169 1.290 1.434 1.633 1.965 2.160 2.321 2.462 2.624 2.786 2.882 2.980 3.017 2.977 2.897 2.754 2.596 2.596 1.406
6.50 25.12 0.305 0.469 0.639 0.769 0.923 1.104 1.223 1.365 1.561 1.883 2.072 2.227 2.362 2.516 2.670 2.761 2.854 2.891 2.856 2.777 2.636 2.474 2.474 1.276
6.50 31.62 0.250 0.410 0.577 0.705 0.855 1.033 1.150 1.289 1.480 1.792 1.975 2.123 2.251 2.399 2.545 2.630 2.718 2.753 2.724 2.645 2.506 2.342 2.342 1.135
6.50 39.81 0.187 0.343 0.507 0.632 0.779 0.953 1.067 1.203 1.390 1.692 1.868 2.010 2.132 2.272 2.409 2.489 2.572 2.605 2.580 2.502 2.365 2.200 2.200 0.983
6.50 50.12 0.117 0.268 0.429 0.551 0.695 0.863 0.976 1.109 1.291 1.582 1.751 1.888 2.002 2.136 2.265 2.338 2.416 2.446 2.425 2.348 2.213 2.049 2.049 0.822
6.50 63.10 0.037 0.184 0.341 0.460 0.601 0.764 0.874 1.004 1.181 1.461 1.623 1.754 1.862 1.989 2.111 2.178 2.252 2.278 2.260 2.183 2.052 1.889 1.889 0.651
6.50 79.43 -0.053 0.088 0.242 0.357 0.495 0.653 0.760 0.887 1.059 1.327 1.483 1.610 1.712 1.833 1.947 2.009 2.079 2.101 2.087 2.010 1.882 1.721 1.721 0.471
6.50 100.00 -0.157 -0.021 0.130 0.241 0.375 0.528 0.633 0.756 0.922 1.180 1.329 1.452 1.549 1.667 1.775 1.831 1.897 1.916 1.904 1.828 1.704 1.546 1.546 0.283
6.50 125.89 -0.277 -0.146 0.001 0.109 0.239 0.387 0.489 0.608 0.769 1.015 1.159 1.281 1.374 1.488 1.592 1.644 1.708 1.723 1.714 1.638 1.518 1.363 1.363 0.088
6.50 158.49 -0.416 -0.291 -0.148 -0.044 0.083 0.225 0.325 0.440 0.596 0.831 0.970 1.092 1.182 1.297 1.398 1.447 1.509 1.521 1.516 1.440 1.324 1.174 1.174 -0.115
6.50 199.53 -0.580 -0.461 -0.321 -0.220 -0.097 0.039 0.136 0.247 0.398 0.622 0.758 0.883 0.973 1.091 1.192 1.238 1.301 1.311 1.310 1.234 1.123 0.977 0.977 -0.326
6.50 251.19 -0.774 -0.660 -0.524 -0.427 -0.308 -0.177 -0.084 0.024 0.169 0.383 0.518 0.650 0.742 0.866 0.971 1.017 1.083 1.093 1.096 1.020 0.914 0.772 0.772 -0.545
6.50 316.23 -1.005 -0.897 -0.765 -0.672 -0.557 -0.432 -0.341 -0.237 -0.098 0.108 0.243 0.386 0.483 0.620 0.733 0.780 0.852 0.863 0.873 0.797 0.695 0.558 0.558 -0.774
6.50 398.11 -1.284 -1.182 -1.054 -0.965 -0.853 -0.734 -0.646 -0.546 -0.413 -0.214 -0.075 0.084 0.191 0.346 0.473 0.525 0.606 0.622 0.639 0.563 0.466 0.333 0.333 -1.014
6.50 501.19 -1.622 -1.526 -1.401 -1.316 -1.209 -1.095 -1.010 -0.914 -0.787 -0.594 -0.448 -0.264 -0.142 0.040 0.188 0.248 0.342 0.367 0.392 0.316 0.225 0.097 0.097 -1.267
6.50 630.96 -2.035 -1.944 -1.824 -1.743 -1.639 -1.531 -1.449 -1.357 -1.236 -1.046 -0.888 -0.671 -0.527 -0.308 -0.129 -0.057 0.057 0.094 0.131 0.055 -0.032 -0.155 -0.155 -1.537
6.50 794.33 -2.541 -2.456 -2.340 -2.263 -2.163 -2.061 -1.982 -1.894 -1.778 -1.589 -1.414 -1.152 -0.977 -0.708 -0.487 -0.396 -0.256 -0.200 -0.149 -0.225 -0.307 -0.425 -0.425 -1.825
6.50 1000.00 -3.165 -3.086 -2.974 -2.900 -2.805 -2.709 -2.633 -2.548 -2.439 -2.247 -2.046 -1.725 -1.508 -1.172 -0.895 -0.778 -0.602 -0.520 -0.451 -0.527 -0.604 -0.717 -0.717 -2.139
6.75 1.00 0.788 0.977 1.163 1.310 1.477 1.673 1.798 1.949 2.160 2.533 2.758 2.951 3.126 3.328 3.533 3.660 3.784 3.795 3.706 3.620 3.477 3.362 3.362 2.226
6.75 1.26 0.783 0.972 1.158 1.305 1.471 1.667 1.791 1.942 2.153 2.524 2.748 2.940 3.115 3.316 3.520 3.646 3.770 3.781 3.693 3.607 3.464 3.348 3.348 2.211
6.75 1.58 0.778 0.966 1.151 1.298 1.463 1.659 1.783 1.933 2.144 2.513 2.737 2.928 3.102 3.301 3.504 3.629 3.752 3.764 3.677 3.590 3.448 3.331 3.331 2.193
6.75 2.00 0.771 0.958 1.143 1.289 1.454 1.649 1.773 1.922 2.132 2.500 2.722 2.912 3.085 3.282 3.484 3.608 3.730 3.742 3.657 3.571 3.429 3.310 3.310 2.171
6.75 2.51 0.762 0.948 1.133 1.278 1.443 1.637 1.760 1.909 2.118 2.484 2.705 2.893 3.064 3.260 3.459 3.583 3.703 3.716 3.633 3.547 3.405 3.284 3.284 2.143
6.75 3.16 0.751 0.937 1.121 1.265 1.429 1.622 1.745 1.894 2.101 2.465 2.684 2.870 3.039 3.233 3.430 3.551 3.671 3.685 3.603 3.518 3.376 3.254 3.254 2.110
6.75 3.98 0.739 0.923 1.106 1.250 1.413 1.604 1.727 1.874 2.081 2.441 2.658 2.842 3.009 3.200 3.394 3.514 3.631 3.647 3.568 3.482 3.340 3.216 3.216 2.070
6.75 5.01 0.723 0.906 1.088 1.231 1.393 1.583 1.705 1.851 2.056 2.413 2.627 2.809 2.973 3.161 3.351 3.469 3.584 3.601 3.525 3.440 3.299 3.172 3.172 2.023
6.75 6.31 0.705 0.886 1.067 1.208 1.369 1.557 1.678 1.824 2.027 2.379 2.590 2.769 2.930 3.114 3.301 3.416 3.529 3.547 3.475 3.391 3.249 3.119 3.119 1.966
6.75 7.94 0.683 0.862 1.041 1.181 1.341 1.527 1.647 1.791 1.992 2.340 2.547 2.722 2.879 3.060 3.242 3.353 3.464 3.484 3.416 3.332 3.191 3.057 3.057 1.900
6.75 10.00 0.657 0.833 1.011 1.150 1.308 1.492 1.610 1.753 1.952 2.293 2.497 2.668 2.821 2.996 3.173 3.281 3.388 3.411 3.348 3.265 3.123 2.985 2.985 1.823
6.75 12.59 0.627 0.800 0.977 1.114 1.270 1.451 1.568 1.709 1.905 2.240 2.439 2.605 2.753 2.923 3.094 3.198 3.302 3.327 3.269 3.187 3.045 2.903 2.903 1.735
6.75 15.85 0.592 0.763 0.937 1.071 1.225 1.404 1.519 1.658 1.851 2.179 2.373 2.534 2.677 2.841 3.005 3.105 3.205 3.231 3.180 3.098 2.957 2.810 2.810 1.636
6.75 19.95 0.552 0.719 0.891 1.023 1.175 1.350 1.464 1.600 1.790 2.109 2.298 2.454 2.591 2.749 2.906 3.000 3.096 3.124 3.078 2.997 2.857 2.706 2.706 1.525
6.75 25.12 0.506 0.669 0.839 0.969 1.118 1.289 1.401 1.535 1.721 2.032 2.214 2.364 2.495 2.646 2.796 2.885 2.976 3.005 2.965 2.885 2.746 2.591 2.591 1.401
6.75 31.62 0.454 0.613 0.780 0.907 1.054 1.221 1.331 1.462 1.644 1.945 2.121 2.265 2.390 2.534 2.676 2.759 2.846 2.875 2.840 2.761 2.623 2.465 2.465 1.267
6.75 39.81 0.394 0.549 0.713 0.838 0.981 1.144 1.252 1.380 1.558 1.849 2.018 2.157 2.275 2.412 2.546 2.623 2.705 2.733 2.704 2.625 2.489 2.329 2.329 1.121
6.75 50.12 0.327 0.477 0.638 0.759 0.900 1.058 1.164 1.289 1.462 1.742 1.905 2.038 2.149 2.280 2.406 2.478 2.554 2.580 2.556 2.478 2.344 2.184 2.184 0.966
6.75 63.10 0.250 0.396 0.553 0.671 0.809 0.962 1.065 1.187 1.355 1.625 1.781 1.908 2.014 2.138 2.256 2.322 2.395 2.418 2.397 2.320 2.189 2.029 2.029 0.800
6.75 79.43 0.162 0.303 0.457 0.572 0.706 0.854 0.955 1.073 1.236 1.494 1.644 1.768 1.867 1.986 2.097 2.158 2.226 2.246 2.229 2.152 2.025 1.866 1.866 0.626
6.75 100.00 0.061 0.197 0.348 0.459 0.589 0.732 0.830 0.945 1.103 1.350 1.494 1.614 1.708 1.823 1.929 1.984 2.049 2.065 2.052 1.975 1.852 1.695 1.695 0.443
6.75 125.89 -0.056 0.074 0.222 0.329 0.456 0.594 0.689 0.801 0.953 1.189 1.327 1.446 1.536 1.649 1.750 1.801 1.863 1.876 1.866 1.790 1.670 1.517 1.517 0.252
6.75 158.49 -0.192 -0.068 0.076 0.180 0.303 0.435 0.528 0.636 0.783 1.008 1.142 1.260 1.348 1.461 1.560 1.607 1.668 1.679 1.673 1.596 1.481 1.331 1.331 0.053
6.75 199.53 -0.353 -0.234 -0.095 0.006 0.125 0.252 0.342 0.446 0.587 0.802 0.933 1.055 1.142 1.258 1.357 1.402 1.464 1.473 1.471 1.394 1.284 1.137 1.137 -0.154
6.75 251.19 -0.545 -0.431 -0.295 -0.199 -0.083 0.038 0.125 0.225 0.361 0.566 0.696 0.824 0.914 1.036 1.139 1.184 1.249 1.258 1.260 1.184 1.078 0.936 0.936 -0.370
6.75 316.23 -0.774 -0.666 -0.534 -0.441 -0.329 -0.214 -0.130 -0.033 0.097 0.293 0.424 0.563 0.658 0.793 0.904 0.950 1.021 1.032 1.040 0.964 0.862 0.725 0.725 -0.595
6.75 398.11 -1.050 -0.948 -0.820 -0.731 -0.623 -0.513 -0.432 -0.339 -0.215 -0.026 0.108 0.265 0.369 0.522 0.648 0.699 0.778 0.794 0.810 0.733 0.637 0.504 0.504 -0.832
6.75 501.19 -1.385 -1.289 -1.165 -1.080 -0.976 -0.872 -0.794 -0.705 -0.586 -0.403 -0.262 -0.081 0.039 0.219 0.365 0.424 0.518 0.541 0.566 0.490 0.398 0.270 0.270 -1.082
6.75 630.96 -1.795 -1.705 -1.585 -1.504 -1.403 -1.306 -1.230 -1.145 -1.033 -0.853 -0.700 -0.485 -0.343 -0.126 0.050 0.122 0.235 0.272 0.308 0.232 0.145 0.021 0.021 -1.348
6.75 794.33 -2.299 -2.215 -2.098 -2.021 -1.925 -1.833 -1.760 -1.679 -1.573 -1.393 -1.222 -0.963 -0.790 -0.523 -0.305 -0.214 -0.075 -0.019 0.031 -0.045 -0.127 -0.246 -0.246 -1.634
6.75 1000.00 -2.920 -2.842 -2.729 -2.656 -2.564 -2.478 -2.408 -2.331 -2.230 -2.048 -1.852 -1.534 -1.319 -0.985 -0.710 -0.593 -0.418 -0.337 -0.269 -0.345 -0.422 -0.536 -0.536 -1.944
7.00 1.00 0.962 1.148 1.333 1.478 1.640 1.825 1.943 2.085 2.286 2.643 2.859 3.045 3.214 3.408 3.605 3.728 3.848 3.849 3.756 3.669 3.530 3.420 3.420 2.289
7.00 1.26 0.958 1.144 1.328 1.473 1.635 1.819 1.937 2.079 2.279 2.636 2.851 3.036 3.204 3.397 3.594 3.716 3.835 3.836 3.744 3.657 3.518 3.408 3.408 2.276
7.00 1.58 0.952 1.138 1.322 1.467 1.628 1.812 1.929 2.071 2.271 2.626 2.841 3.024 3.192 3.384 3.579 3.700 3.819 3.820 3.729 3.642 3.503 3.393 3.393 2.259
7.00 2.00 0.946 1.131 1.315 1.459 1.620 1.803 1.920 2.061 2.261 2.614 2.828 3.010 3.177 3.367 3.561 3.681 3.799 3.801 3.711 3.624 3.486 3.374 3.374 2.239
7.00 2.51 0.939 1.123 1.306 1.450 1.610 1.792 1.909 2.049 2.248 2.600 2.812 2.993 3.158 3.347 3.539 3.658 3.774 3.778 3.689 3.603 3.464 3.351 3.351 2.214
7.00 3.16 0.929 1.112 1.295 1.438 1.597 1.779 1.895 2.035 2.233 2.582 2.793 2.972 3.135 3.322 3.512 3.630 3.745 3.749 3.662 3.576 3.437 3.323 3.323 2.184
7.00 3.98 0.918 1.100 1.282 1.424 1.582 1.763 1.878 2.018 2.214 2.561 2.769 2.947 3.108 3.292 3.480 3.595 3.709 3.714 3.630 3.544 3.405 3.289 3.289 2.148
7.00 5.01 0.904 1.084 1.265 1.407 1.564 1.743 1.858 1.997 2.192 2.535 2.741 2.916 3.075 3.256 3.441 3.554 3.666 3.673 3.591 3.505 3.367 3.248 3.248 2.104
7.00 6.31 0.887 1.066 1.246 1.386 1.543 1.720 1.834 1.971 2.165 2.504 2.707 2.879 3.035 3.214 3.394 3.505 3.615 3.623 3.545 3.459 3.321 3.199 3.199 2.052
7.00 7.94 0.867 1.044 1.223 1.362 1.517 1.692 1.805 1.941 2.133 2.468 2.667 2.836 2.989 3.163 3.339 3.448 3.555 3.565 3.491 3.406 3.267 3.142 3.142 1.991
7.00 10.00 0.843 1.018 1.195 1.333 1.486 1.659 1.772 1.906 2.096 2.425 2.621 2.786 2.934 3.104 3.276 3.380 3.485 3.497 3.427 3.343 3.205 3.076 3.076 1.920
7.00 12.59 0.815 0.988 1.163 1.299 1.451 1.621 1.732 1.865 2.052 2.375 2.567 2.727 2.871 3.036 3.202 3.303 3.404 3.419 3.354 3.271 3.133 2.999 2.999 1.838
7.00 15.85 0.783 0.952 1.126 1.260 1.410 1.577 1.687 1.817 2.001 2.317 2.504 2.660 2.799 2.959 3.119 3.215 3.312 3.329 3.271 3.188 3.050 2.912 2.912 1.745
7.00 19.95 0.745 0.912 1.083 1.215 1.362 1.527 1.634 1.763 1.944 2.252 2.434 2.585 2.718 2.872 3.025 3.116 3.210 3.229 3.177 3.095 2.957 2.814 2.814 1.640
7.00 25.12 0.702 0.865 1.034 1.163 1.309 1.469 1.575 1.701 1.878 2.178 2.354 2.500 2.627 2.774 2.920 3.007 3.096 3.117 3.071 2.990 2.853 2.706 2.706 1.524
7.00 31.62 0.653 0.811 0.978 1.104 1.247 1.404 1.508 1.632 1.805 2.095 2.265 2.405 2.527 2.667 2.805 2.887 2.971 2.993 2.953 2.873 2.737 2.586 2.586 1.396
7.00 39.81 0.596 0.751 0.914 1.038 1.178 1.331 1.432 1.553 1.722 2.003 2.166 2.301 2.416 2.550 2.680 2.756 2.836 2.858 2.824 2.744 2.610 2.456 2.456 1.257
7.00 50.12 0.532 0.682 0.842 0.963 1.100 1.248 1.348 1.465 1.630 1.900 2.057 2.186 2.295 2.422 2.545 2.615 2.691 2.711 2.683 2.604 2.472 2.316 2.316 1.107
7.00 63.10 0.458 0.603 0.760 0.878 1.012 1.155 1.252 1.367 1.527 1.786 1.937 2.061 2.164 2.285 2.401 2.465 2.536 2.555 2.531 2.453 2.324 2.167 2.167 0.948
7.00 79.43 0.373 0.513 0.667 0.781 0.912 1.050 1.145 1.256 1.411 1.659 1.804 1.924 2.021 2.137 2.246 2.305 2.372 2.389 2.369 2.292 2.165 2.009 2.009 0.779
7.00 100.00 0.274 0.409 0.560 0.671 0.798 0.931 1.024 1.131 1.281 1.518 1.657 1.774 1.866 1.978 2.081 2.135 2.199 2.213 2.198 2.120 1.998 1.843 1.843 0.601
7.00 125.89 0.160 0.290 0.437 0.544 0.668 0.796 0.885 0.990 1.134 1.360 1.494 1.609 1.697 1.807 1.906 1.956 2.018 2.029 2.017 1.940 1.821 1.669 1.669 0.415
7.00 158.49 0.026 0.150 0.294 0.398 0.518 0.640 0.727 0.828 0.967 1.182 1.311 1.427 1.513 1.623 1.720 1.766 1.827 1.835 1.828 1.751 1.636 1.487 1.487 0.220
7.00 199.53 -0.132 -0.013 0.126 0.226 0.343 0.460 0.544 0.641 0.774 0.979 1.106 1.224 1.310 1.423 1.520 1.565 1.626 1.633 1.630 1.553 1.443 1.297 1.297 0.017
7.00 251.19 -0.321 -0.208 -0.072 0.025 0.137 0.249 0.330 0.423 0.551 0.747 0.872 0.997 1.085 1.205 1.306 1.350 1.414 1.422 1.423 1.347 1.240 1.099 1.099 -0.195
7.00 316.23 -0.547 -0.440 -0.308 -0.215 -0.106 -0.001 0.078 0.167 0.289 0.477 0.602 0.739 0.832 0.965 1.074 1.120 1.189 1.199 1.207 1.130 1.029 0.891 0.891 -0.417
7.00 398.11 -0.821 -0.719 -0.591 -0.502 -0.397 -0.297 -0.222 -0.136 -0.020 0.160 0.290 0.443 0.546 0.697 0.821 0.871 0.949 0.964 0.979 0.903 0.806 0.673 0.673 -0.651
7.00 501.19 -1.154 -1.058 -0.933 -0.849 -0.747 -0.653 -0.581 -0.499 -0.389 -0.214 -0.078 0.100 0.219 0.396 0.541 0.600 0.692 0.715 0.739 0.663 0.571 0.443 0.443 -0.897
7.00 630.96 -1.561 -1.471 -1.351 -1.270 -1.172 -1.084 -1.015 -0.937 -0.832 -0.661 -0.513 -0.301 -0.161 0.054 0.229 0.300 0.412 0.448 0.484 0.407 0.320 0.197 0.197 -1.160
7.00 794.33 -2.062 -1.978 -1.862 -1.785 -1.691 -1.609 -1.542 -1.468 -1.369 -1.199 -1.033 -0.777 -0.605 -0.340 -0.123 -0.033 0.105 0.160 0.210 0.133 0.051 -0.068 -0.068 -1.443
7.00 1000.00 -2.681 -2.603 -2.490 -2.417 -2.328 -2.251 -2.188 -2.117 -2.025 -1.851 -1.660 -1.344 -1.131 -0.799 -0.525 -0.410 -0.236 -0.155 -0.087 -0.164 -0.241 -0.355 -0.355 -1.751
7.25 1.00 1.132 1.316 1.499 1.643 1.800 1.974 2.085 2.219 2.411 2.754 2.961 3.139 3.302 3.489 3.679 3.796 3.912 3.904 3.806 3.719 3.583 3.480 3.480 2.353
7.25 1.26 1.128 1.312 1.495 1.638 1.795 1.969 2.080 2.214 2.405 2.747 2.954 3.131 3.293 3.479 3.668 3.785 3.900 3.892 3.796 3.708 3.572 3.469 3.469 2.341
7.25 1.58 1.124 1.307 1.490 1.633 1.789 1.962 2.073 2.207 2.397 2.739 2.944 3.121 3.282 3.467 3.655 3.771 3.886 3.878 3.782 3.695 3.559 3.455 3.455 2.326
7.25 2.00 1.118 1.301 1.483 1.626 1.782 1.954 2.065 2.198 2.388 2.728 2.933 3.108 3.268 3.452 3.639 3.754 3.868 3.861 3.766 3.679 3.543 3.438 3.438 2.308
7.25 2.51 1.111 1.293 1.475 1.617 1.773 1.945 2.055 2.188 2.377 2.715 2.918 3.093 3.252 3.434 3.619 3.733 3.846 3.839 3.746 3.659 3.523 3.417 3.417 2.286
7.25 3.16 1.103 1.284 1.465 1.607 1.762 1.933 2.042 2.175 2.363 2.699 2.901 3.074 3.231 3.411 3.594 3.707 3.819 3.813 3.721 3.634 3.499 3.392 3.392 2.258
7.25 3.98 1.093 1.273 1.453 1.594 1.748 1.918 2.027 2.159 2.346 2.679 2.880 3.050 3.206 3.384 3.565 3.676 3.786 3.781 3.692 3.605 3.470 3.361 3.361 2.225
7.25 5.01 1.080 1.259 1.438 1.578 1.732 1.900 2.009 2.140 2.326 2.656 2.854 3.023 3.176 3.351 3.529 3.639 3.747 3.743 3.656 3.570 3.434 3.323 3.323 2.185
7.25 6.31 1.065 1.242 1.421 1.560 1.712 1.879 1.987 2.117 2.301 2.628 2.823 2.989 3.139 3.312 3.486 3.594 3.700 3.698 3.614 3.527 3.392 3.279 3.279 2.138
7.25 7.94 1.047 1.222 1.399 1.537 1.689 1.854 1.961 2.089 2.272 2.594 2.786 2.949 3.096 3.265 3.436 3.541 3.644 3.644 3.563 3.478 3.343 3.226 3.226 2.081
7.25 10.00 1.025 1.198 1.374 1.511 1.661 1.824 1.929 2.056 2.237 2.554 2.743 2.902 3.046 3.211 3.377 3.478 3.579 3.581 3.505 3.420 3.285 3.165 3.165 2.015
7.25 12.59 0.999 1.170 1.345 1.479 1.628 1.788 1.893 2.018 2.196 2.508 2.693 2.848 2.987 3.148 3.308 3.406 3.504 3.508 3.437 3.353 3.218 3.094 3.094 1.939
7.25 15.85 0.969 1.137 1.310 1.443 1.589 1.747 1.850 1.974 2.149 2.454 2.634 2.785 2.920 3.075 3.230 3.324 3.418 3.425 3.360 3.276 3.141 3.012 3.012 1.852
7.25 19.95 0.934 1.099 1.270 1.401 1.545 1.700 1.801 1.923 2.095 2.392 2.568 2.714 2.843 2.993 3.142 3.231 3.322 3.331 3.272 3.189 3.054 2.920 2.920 1.754
7.25 25.12 0.894 1.055 1.223 1.352 1.494 1.645 1.745 1.864 2.033 2.322 2.492 2.633 2.757 2.901 3.042 3.127 3.214 3.225 3.173 3.090 2.957 2.818 2.818 1.644
7.25 31.62 0.847 1.005 1.170 1.296 1.436 1.583 1.681 1.798 1.963 2.243 2.407 2.543 2.661 2.798 2.933 3.012 3.095 3.108 3.062 2.981 2.848 2.704 2.704 1.523
7.25 39.81 0.793 0.947 1.110 1.233 1.370 1.513 1.609 1.723 1.884 2.155 2.313 2.443 2.555 2.686 2.813 2.887 2.965 2.980 2.940 2.860 2.728 2.581 2.581 1.390
7.25 50.12 0.731 0.880 1.040 1.161 1.295 1.434 1.527 1.639 1.795 2.056 2.207 2.333 2.439 2.563 2.683 2.751 2.825 2.840 2.807 2.727 2.597 2.446 2.446 1.247
7.25 63.10 0.660 0.805 0.962 1.079 1.210 1.344 1.435 1.543 1.695 1.945 2.091 2.211 2.311 2.430 2.543 2.606 2.675 2.690 2.662 2.583 2.455 2.303 2.303 1.093
7.25 79.43 0.578 0.717 0.871 0.985 1.113 1.242 1.331 1.436 1.583 1.822 1.962 2.078 2.173 2.287 2.393 2.450 2.516 2.529 2.507 2.428 2.303 2.150 2.150 0.930
7.25 100.00 0.482 0.617 0.767 0.878 1.002 1.126 1.213 1.314 1.456 1.685 1.818 1.932 2.022 2.132 2.233 2.285 2.348 2.359 2.341 2.263 2.141 1.989 1.989 0.757
7.25 125.89 0.370 0.500 0.647 0.754 0.875 0.994 1.078 1.176 1.312 1.530 1.659 1.771 1.857 1.965 2.061 2.110 2.170 2.179 2.166 2.088 1.970 1.819 1.819 0.575
7.25 158.49 0.239 0.363 0.506 0.610 0.727 0.841 0.922 1.017 1.148 1.355 1.479 1.592 1.676 1.784 1.879 1.924 1.983 1.990 1.981 1.904 1.789 1.641 1.641 0.385
7.25 199.53 0.083 0.202 0.342 0.442 0.555 0.663 0.742 0.832 0.958 1.155 1.277 1.393 1.476 1.587 1.683 1.726 1.786 1.792 1.788 1.711 1.600 1.455 1.455 0.186
7.25 251.19 -0.103 0.010 0.146 0.243 0.352 0.455 0.531 0.618 0.738 0.925 1.046 1.168 1.254 1.373 1.472 1.514 1.578 1.584 1.585 1.508 1.402 1.261 1.261 -0.022
7.25 316.23 -0.326 -0.219 -0.087 0.006 0.112 0.209 0.281 0.365 0.479 0.658 0.779 0.913 1.005 1.135 1.243 1.288 1.356 1.365 1.372 1.295 1.194 1.057 1.057 -0.240
7.25 398.11 -0.597 -0.496 -0.367 -0.279 -0.177 -0.085 -0.015 0.064 0.173 0.344 0.469 0.620 0.722 0.871 0.993 1.042 1.120 1.134 1.148 1.071 0.974 0.842 0.842 -0.470
7.25 501.19 -0.928 -0.832 -0.707 -0.623 -0.524 -0.439 -0.372 -0.296 -0.193 -0.027 0.105 0.280 0.397 0.573 0.716 0.774 0.865 0.887 0.911 0.834 0.742 0.614 0.614 -0.714
7.25 630.96 -1.333 -1.243 -1.122 -1.041 -0.947 -0.867 -0.803 -0.731 -0.634 -0.471 -0.327 -0.119 0.020 0.233 0.407 0.477 0.588 0.624 0.659 0.582 0.495 0.371 0.371 -0.974
7.25 794.33 -1.831 -1.747 -1.630 -1.553 -1.463 -1.389 -1.328 -1.260 -1.169 -1.007 -0.845 -0.591 -0.422 -0.158 0.058 0.147 0.284 0.338 0.388 0.311 0.228 0.110 0.110 -1.254
7.25 1000.00 -2.447 -2.369 -2.257 -2.183 -2.097 -2.029 -1.971 -1.907 -1.821 -1.656 -1.469 -1.156 -0.945 -0.615 -0.342 -0.227 -0.054 0.026 0.093 0.017 -0.061 -0.175 -0.175 -1.558
7.50 1.00 1.299 1.481 1.662 1.804 1.957 2.121 2.226 2.353 2.535 2.865 3.063 3.234 3.391 3.570 3.753 3.866 3.977 3.959 3.858 3.770 3.637 3.541 3.541 2.418
7.50 1.26 1.296 1.477 1.658 1.800 1.953 2.116 2.221 2.348 2.529 2.858 3.057 3.227 3.383 3.561 3.743 3.856 3.966 3.949 3.848 3.760 3.628 3.531 3.531 2.407
7.50 1.58 1.292 1.473 1.654 1.795 1.948 2.110 2.215 2.341 2.523 2.851 3.048 3.218 3.373 3.550 3.731 3.843 3.953 3.936 3.836 3.748 3.616 3.519 3.519 2.394
7.50 2.00 1.287 1.467 1.648 1.789 1.941 2.103 2.208 2.334 2.515 2.841 3.038 3.206 3.360 3.537 3.717 3.828 3.937 3.920 3.821 3.734 3.601 3.503 3.503 2.377
7.50 2.51 1.281 1.460 1.641 1.781 1.933 2.094 2.198 2.324 2.504 2.829 3.025 3.192 3.345 3.520 3.699 3.809 3.917 3.901 3.803 3.715 3.583 3.484 3.484 2.357
7.50 3.16 1.273 1.452 1.632 1.772 1.923 2.084 2.187 2.312 2.492 2.815 3.009 3.175 3.326 3.500 3.676 3.785 3.893 3.877 3.781 3.693 3.561 3.461 3.461 2.332
7.50 3.98 1.264 1.442 1.621 1.760 1.911 2.070 2.174 2.298 2.476 2.797 2.990 3.154 3.304 3.475 3.650 3.757 3.863 3.848 3.754 3.666 3.534 3.433 3.433 2.302
7.50 5.01 1.252 1.429 1.607 1.746 1.896 2.054 2.157 2.281 2.458 2.776 2.966 3.128 3.276 3.445 3.617 3.723 3.827 3.813 3.721 3.634 3.502 3.399 3.399 2.266
7.50 6.31 1.239 1.414 1.591 1.729 1.878 2.035 2.137 2.259 2.435 2.750 2.938 3.098 3.243 3.409 3.578 3.681 3.784 3.771 3.682 3.595 3.463 3.358 3.358 2.222
7.50 7.94 1.222 1.396 1.572 1.709 1.856 2.012 2.113 2.234 2.408 2.719 2.904 3.061 3.203 3.367 3.532 3.632 3.733 3.722 3.635 3.549 3.417 3.310 3.310 2.170
7.50 10.00 1.202 1.374 1.549 1.684 1.830 1.984 2.084 2.204 2.376 2.682 2.864 3.018 3.157 3.316 3.477 3.575 3.673 3.664 3.581 3.495 3.364 3.253 3.253 2.109
7.50 12.59 1.179 1.348 1.521 1.655 1.800 1.951 2.050 2.169 2.339 2.639 2.817 2.967 3.102 3.257 3.413 3.508 3.603 3.596 3.518 3.433 3.302 3.187 3.187 2.039
7.50 15.85 1.151 1.318 1.489 1.621 1.764 1.913 2.010 2.127 2.295 2.588 2.763 2.909 3.039 3.190 3.340 3.431 3.523 3.519 3.446 3.361 3.230 3.111 3.111 1.957
7.50 19.95 1.118 1.282 1.452 1.582 1.723 1.868 1.964 2.079 2.244 2.530 2.700 2.841 2.967 3.112 3.257 3.343 3.432 3.430 3.364 3.280 3.149 3.025 3.025 1.865
7.50 25.12 1.080 1.241 1.408 1.536 1.675 1.817 1.911 2.024 2.185 2.464 2.628 2.765 2.886 3.025 3.163 3.245 3.329 3.331 3.271 3.188 3.058 2.928 2.928 1.762
7.50 31.62 1.036 1.193 1.358 1.483 1.620 1.758 1.851 1.961 2.119 2.389 2.548 2.679 2.794 2.928 3.059 3.136 3.216 3.220 3.168 3.085 2.956 2.821 2.821 1.647
7.50 39.81 0.985 1.138 1.300 1.423 1.557 1.691 1.782 1.890 2.043 2.304 2.457 2.584 2.693 2.820 2.944 3.016 3.092 3.099 3.053 2.972 2.843 2.703 2.703 1.521
7.50 50.12 0.926 1.074 1.234 1.354 1.485 1.615 1.704 1.808 1.958 2.209 2.356 2.478 2.581 2.702 2.819 2.886 2.958 2.965 2.927 2.846 2.719 2.575 2.575 1.384
7.50 63.10 0.857 1.001 1.158 1.275 1.402 1.528 1.615 1.716 1.861 2.102 2.243 2.360 2.458 2.574 2.684 2.745 2.813 2.821 2.789 2.710 2.584 2.437 2.437 1.236
7.50 79.43 0.777 0.917 1.070 1.184 1.309 1.430 1.514 1.612 1.752 1.983 2.118 2.231 2.323 2.434 2.538 2.594 2.659 2.667 2.641 2.562 2.438 2.289 2.289 1.079
7.50 100.00 0.685 0.819 0.969 1.079 1.201 1.317 1.398 1.494 1.629 1.849 1.978 2.088 2.176 2.284 2.382 2.434 2.495 2.502 2.481 2.403 2.282 2.133 2.133 0.911
7.50 125.89 0.576 0.705 0.851 0.958 1.076 1.187 1.266 1.358 1.488 1.697 1.821 1.931 2.015 2.120 2.215 2.262 2.322 2.328 2.312 2.234 2.116 1.968 1.968 0.735
7.50 158.49 0.447 0.571 0.714 0.817 0.932 1.037 1.113 1.202 1.326 1.525 1.646 1.755 1.837 1.943 2.036 2.080 2.139 2.143 2.133 2.055 1.941 1.794 1.794 0.549
7.50 199.53 0.294 0.412 0.552 0.652 0.762 0.863 0.936 1.021 1.140 1.329 1.446 1.559 1.641 1.750 1.844 1.886 1.945 1.950 1.944 1.867 1.756 1.612 1.612 0.354
7.50 251.19 0.111 0.223 0.359 0.455 0.562 0.657 0.728 0.809 0.922 1.102 1.218 1.338 1.422 1.539 1.636 1.678 1.740 1.745 1.745 1.668 1.562 1.422 1.422 0.150
7.50 316.23 -0.111 -0.003 0.129 0.221 0.324 0.413 0.481 0.558 0.666 0.837 0.954 1.086 1.176 1.305 1.411 1.454 1.522 1.530 1.536 1.459 1.358 1.221 1.221 -0.065
7.50 398.11 -0.379 -0.278 -0.149 -0.061 0.039 0.122 0.187 0.260 0.363 0.526 0.647 0.796 0.896 1.043 1.163 1.212 1.289 1.302 1.316 1.239 1.142 1.009 1.009 -0.291
7.50 501.19 -0.707 -0.611 -0.487 -0.402 -0.306 -0.229 -0.167 -0.097 -0.001 0.158 0.286 0.459 0.574 0.748 0.890 0.946 1.037 1.059 1.082 1.005 0.913 0.785 0.785 -0.531
7.50 630.96 -1.109 -1.019 -0.899 -0.818 -0.726 -0.654 -0.595 -0.529 -0.439 -0.284 -0.144 0.063 0.200 0.411 0.583 0.653 0.763 0.798 0.833 0.756 0.668 0.545 0.545 -0.788
7.50 794.33 -1.605 -1.521 -1.405 -1.328 -1.240 -1.174 -1.118 -1.056 -0.971 -0.816 -0.658 -0.407 -0.239 0.023 0.237 0.325 0.462 0.516 0.564 0.488 0.405 0.286 0.286 -1.065
7.50 1000.00 -2.219 -2.141 -2.028 -1.955 -1.871 -1.811 -1.758 -1.700 -1.621 -1.463 -1.280 -0.969 -0.760 -0.431 -0.160 -0.046 0.127 0.206 0.273 0.196 0.118 0.005 0.005 -1.366
7.75 1.00 1.365 1.544 1.724 1.864 2.013 2.167 2.267 2.387 2.560 2.877 3.068 3.232 3.382 3.554 3.730 3.838 3.945 3.925 3.825 3.737 3.606 3.509 3.509 2.384
7.75 1.26 1.362 1.541 1.721 1.861 2.010 2.163 2.262 2.382 2.556 2.872 3.062 3.225 3.375 3.547 3.721 3.829 3.935 3.916 3.817 3.729 3.597 3.500 3.500 2.374
7.75 1.58 1.358 1.537 1.716 1.856 2.005 2.158 2.257 2.377 2.550 2.865 3.054 3.217 3.366 3.537 3.710 3.818 3.924 3.904 3.806 3.718 3.586 3.489 3.489 2.362
7.75 2.00 1.354 1.532 1.711 1.851 1.999 2.152 2.250 2.370 2.542 2.856 3.045 3.207 3.355 3.525 3.697 3.804 3.909 3.890 3.792 3.705 3.573 3.475 3.475 2.347
7.75 2.51 1.349 1.526 1.705 1.844 1.992 2.144 2.242 2.361 2.533 2.845 3.033 3.194 3.341 3.510 3.681 3.786 3.891 3.872 3.776 3.688 3.557 3.458 3.458 2.329
7.75 3.16 1.342 1.518 1.697 1.835 1.983 2.134 2.232 2.350 2.522 2.832 3.019 3.178 3.324 3.491 3.661 3.765 3.869 3.851 3.756 3.668 3.537 3.437 3.437 2.307
7.75 3.98 1.333 1.509 1.687 1.825 1.972 2.122 2.220 2.337 2.508 2.816 3.001 3.159 3.303 3.469 3.636 3.740 3.842 3.825 3.731 3.644 3.513 3.411 3.411 2.279
7.75 5.01 1.323 1.498 1.675 1.812 1.958 2.107 2.204 2.322 2.491 2.797 2.980 3.136 3.278 3.441 3.607 3.708 3.809 3.793 3.701 3.614 3.483 3.380 3.380 2.246
7.75 6.31 1.311 1.484 1.660 1.797 1.942 2.090 2.186 2.302 2.470 2.773 2.954 3.108 3.248 3.409 3.571 3.671 3.770 3.755 3.666 3.579 3.448 3.343 3.343 2.206
7.75 7.94 1.296 1.467 1.642 1.778 1.922 2.068 2.164 2.279 2.446 2.744 2.923 3.074 3.212 3.369 3.528 3.626 3.723 3.709 3.623 3.537 3.406 3.299 3.299 2.159
7.75 10.00 1.278 1.447 1.621 1.755 1.898 2.043 2.138 2.251 2.416 2.710 2.886 3.034 3.168 3.323 3.478 3.572 3.667 3.656 3.573 3.487 3.357 3.246 3.246 2.102
7.75 12.59 1.256 1.424 1.596 1.729 1.870 2.013 2.106 2.219 2.381 2.670 2.842 2.987 3.118 3.268 3.419 3.510 3.603 3.593 3.515 3.429 3.299 3.185 3.185 2.037
7.75 15.85 1.230 1.395 1.566 1.697 1.837 1.977 2.069 2.180 2.340 2.623 2.792 2.933 3.059 3.205 3.350 3.438 3.528 3.520 3.447 3.362 3.232 3.114 3.114 1.961
7.75 19.95 1.200 1.362 1.531 1.660 1.798 1.935 2.026 2.135 2.292 2.569 2.733 2.870 2.991 3.132 3.272 3.356 3.442 3.438 3.370 3.286 3.156 3.033 3.033 1.875
7.75 25.12 1.164 1.323 1.490 1.617 1.753 1.887 1.976 2.083 2.237 2.506 2.665 2.798 2.914 3.050 3.184 3.263 3.346 3.344 3.283 3.199 3.070 2.942 2.942 1.777
7.75 31.62 1.122 1.278 1.443 1.567 1.701 1.831 1.919 2.023 2.174 2.435 2.588 2.716 2.828 2.957 3.085 3.160 3.238 3.239 3.185 3.102 2.973 2.840 2.840 1.668
7.75 39.81 1.074 1.226 1.388 1.510 1.641 1.767 1.853 1.955 2.102 2.354 2.502 2.625 2.731 2.855 2.976 3.045 3.120 3.123 3.076 2.994 2.866 2.728 2.728 1.548
7.75 50.12 1.017 1.165 1.324 1.444 1.572 1.694 1.778 1.877 2.020 2.262 2.405 2.523 2.623 2.742 2.856 2.920 2.991 2.995 2.955 2.874 2.747 2.606 2.606 1.417
7.75 63.10 0.951 1.095 1.251 1.367 1.493 1.611 1.692 1.788 1.926 2.159 2.296 2.410 2.504 2.618 2.725 2.785 2.852 2.857 2.823 2.743 2.618 2.473 2.473 1.275
7.75 79.43 0.874 1.013 1.166 1.280 1.402 1.515 1.594 1.687 1.821 2.043 2.174 2.284 2.374 2.483 2.584 2.639 2.702 2.708 2.680 2.601 2.477 2.330 2.330 1.123
7.75 100.00 0.784 0.918 1.068 1.178 1.297 1.405 1.482 1.572 1.700 1.913 2.038 2.145 2.231 2.336 2.432 2.483 2.543 2.548 2.526 2.447 2.327 2.179 2.179 0.960
7.75 125.89 0.678 0.807 0.953 1.060 1.175 1.279 1.353 1.439 1.563 1.764 1.885 1.991 2.073 2.177 2.269 2.316 2.374 2.378 2.361 2.283 2.166 2.018 2.018 0.789
7.75 158.49 0.552 0.675 0.818 0.922 1.033 1.132 1.203 1.286 1.404 1.596 1.712 1.819 1.899 2.003 2.094 2.137 2.195 2.198 2.187 2.109 1.995 1.849 1.849 0.608
7.75 199.53 0.401 0.520 0.659 0.758 0.867 0.960 1.028 1.108 1.221 1.402 1.516 1.626 1.706 1.814 1.906 1.947 2.005 2.008 2.002 1.924 1.814 1.671 1.671 0.417
7.75 251.19 0.221 0.333 0.469 0.565 0.670 0.757 0.823 0.899 1.006 1.178 1.291 1.408 1.491 1.606 1.701 1.742 1.804 1.808 1.807 1.730 1.624 1.484 1.484 0.217
7.75 316.23 0.002 0.109 0.241 0.333 0.434 0.516 0.579 0.651 0.753 0.917 1.030 1.159 1.247 1.375 1.479 1.522 1.589 1.596 1.602 1.525 1.423 1.287 1.287 0.006
7.75 398.11 -0.264 -0.162 -0.034 0.054 0.151 0.227 0.288 0.356 0.452 0.609 0.726 0.872 0.970 1.116 1.235 1.283 1.359 1.371 1.385 1.308 1.210 1.078 1.078 -0.217
7.75 501.19 -0.589 -0.493 -0.369 -0.285 -0.191 -0.121 -0.063 0.001 0.091 0.243 0.367 0.538 0.651 0.824 0.964 1.021 1.111 1.132 1.154 1.077 0.985 0.857 0.857 -0.454
7.75 630.96 -0.989 -0.899 -0.779 -0.698 -0.608 -0.544 -0.489 -0.429 -0.344 -0.196 -0.059 0.145 0.280 0.490 0.661 0.730 0.840 0.874 0.908 0.831 0.743 0.620 0.620 -0.708
7.75 794.33 -1.482 -1.398 -1.282 -1.205 -1.119 -1.061 -1.009 -0.952 -0.874 -0.726 -0.572 -0.322 -0.156 0.105 0.317 0.405 0.542 0.594 0.643 0.566 0.483 0.364 0.364 -0.981
7.75 1000.00 -2.094 -2.016 -1.903 -1.830 -1.748 -1.695 -1.647 -1.594 -1.521 -1.370 -1.191 -0.882 -0.673 -0.346 -0.077 0.037 0.209 0.288 0.354 0.277 0.199 0.085 0.085 -1.280
8.00 1.00 1.428 1.604 1.782 1.921 2.066 2.211 2.306 2.419 2.585 2.890 3.073 3.230 3.374 3.539 3.707 3.811 3.914 3.892 3.793 3.705 3.575 3.478 3.478 2.351
8.00 1.26 1.425 1.601 1.779 1.918 2.063 2.208 2.302 2.415 2.581 2.885 3.068 3.224 3.368 3.532 3.700 3.803 3.905 3.883 3.786 3.698 3.567 3.470 3.470 2.342
8.00 1.58 1.422 1.598 1.776 1.914 2.059 2.203 2.297 2.410 2.575 2.878 3.061 3.216 3.359 3.523 3.690 3.793 3.895 3.873 3.776 3.688 3.558 3.460 3.460 2.331
8.00 2.00 1.418 1.593 1.771 1.909 2.053 2.197 2.291 2.404 2.569 2.871 3.052 3.207 3.349 3.513 3.678 3.780 3.881 3.860 3.764 3.676 3.546 3.447 3.447 2.318
8.00 2.51 1.413 1.588 1.765 1.903 2.047 2.190 2.284 2.396 2.560 2.861 3.042 3.196 3.337 3.499 3.663 3.765 3.865 3.844 3.749 3.661 3.531 3.432 3.432 2.301
8.00 3.16 1.407 1.581 1.758 1.895 2.039 2.182 2.274 2.387 2.550 2.849 3.029 3.182 3.322 3.482 3.645 3.745 3.845 3.825 3.731 3.643 3.513 3.413 3.413 2.281
8.00 3.98 1.399 1.573 1.749 1.886 2.029 2.171 2.263 2.375 2.538 2.835 3.013 3.164 3.303 3.462 3.623 3.722 3.821 3.801 3.709 3.621 3.491 3.390 3.390 2.256
8.00 5.01 1.390 1.563 1.738 1.874 2.017 2.157 2.249 2.360 2.522 2.817 2.993 3.143 3.280 3.437 3.596 3.694 3.791 3.772 3.681 3.594 3.465 3.362 3.362 2.226
8.00 6.31 1.379 1.550 1.725 1.860 2.002 2.141 2.233 2.343 2.503 2.795 2.969 3.117 3.252 3.407 3.564 3.659 3.755 3.737 3.649 3.562 3.432 3.328 3.328 2.190
8.00 7.94 1.365 1.535 1.709 1.843 1.984 2.122 2.212 2.322 2.481 2.769 2.941 3.087 3.219 3.371 3.524 3.618 3.712 3.696 3.610 3.523 3.394 3.287 3.287 2.146
8.00 10.00 1.348 1.517 1.689 1.822 1.962 2.098 2.188 2.296 2.454 2.738 2.907 3.050 3.179 3.328 3.478 3.569 3.661 3.646 3.564 3.478 3.348 3.239 3.239 2.094
8.00 12.59 1.329 1.495 1.666 1.798 1.936 2.070 2.159 2.266 2.421 2.700 2.866 3.006 3.132 3.278 3.423 3.511 3.601 3.588 3.510 3.424 3.295 3.182 3.182 2.034
8.00 15.85 1.305 1.469 1.638 1.768 1.905 2.037 2.125 2.230 2.383 2.657 2.819 2.955 3.078 3.219 3.360 3.444 3.531 3.521 3.447 3.362 3.233 3.116 3.116 1.963
8.00 19.95 1.276 1.438 1.606 1.734 1.869 1.998 2.085 2.188 2.338 2.606 2.764 2.896 3.014 3.151 3.286 3.368 3.451 3.443 3.375 3.290 3.162 3.041 3.041 1.883
8.00 25.12 1.243 1.401 1.567 1.693 1.826 1.953 2.038 2.139 2.286 2.547 2.700 2.828 2.942 3.073 3.203 3.280 3.360 3.355 3.293 3.209 3.081 2.955 2.955 1.791
8.00 31.62 1.204 1.359 1.522 1.646 1.777 1.900 1.983 2.082 2.226 2.479 2.627 2.751 2.859 2.986 3.109 3.182 3.258 3.256 3.200 3.117 2.990 2.859 2.859 1.688
8.00 39.81 1.158 1.309 1.470 1.592 1.720 1.839 1.921 2.017 2.158 2.402 2.545 2.664 2.767 2.888 3.005 3.073 3.146 3.145 3.097 3.014 2.888 2.752 2.752 1.574
8.00 50.12 1.104 1.251 1.409 1.528 1.654 1.769 1.849 1.943 2.079 2.314 2.451 2.566 2.664 2.779 2.890 2.953 3.022 3.024 2.982 2.900 2.774 2.635 2.635 1.448
8.00 63.10 1.040 1.183 1.339 1.455 1.578 1.689 1.766 1.857 1.989 2.214 2.346 2.457 2.550 2.660 2.765 2.823 2.888 2.891 2.855 2.775 2.650 2.507 2.507 1.312
8.00 79.43 0.966 1.104 1.257 1.370 1.490 1.596 1.671 1.759 1.887 2.102 2.228 2.336 2.423 2.530 2.629 2.682 2.744 2.747 2.717 2.638 2.515 2.370 2.370 1.165
8.00 100.00 0.878 1.012 1.161 1.271 1.388 1.489 1.562 1.647 1.769 1.975 2.096 2.201 2.284 2.387 2.481 2.530 2.589 2.592 2.569 2.490 2.370 2.223 2.223 1.008
8.00 125.89 0.775 0.903 1.049 1.156 1.269 1.366 1.436 1.517 1.635 1.830 1.946 2.050 2.130 2.232 2.322 2.367 2.425 2.427 2.409 2.330 2.213 2.067 2.067 0.841
8.00 158.49 0.651 0.775 0.917 1.020 1.130 1.222 1.289 1.367 1.480 1.664 1.777 1.882 1.960 2.062 2.151 2.193 2.250 2.252 2.239 2.161 2.047 1.902 1.902 0.665
8.00 199.53 0.504 0.621 0.761 0.860 0.966 1.052 1.117 1.192 1.299 1.474 1.584 1.692 1.770 1.876 1.966 2.006 2.064 2.066 2.059 1.981 1.871 1.728 1.728 0.478
8.00 251.19 0.325 0.438 0.573 0.669 0.772 0.852 0.914 0.985 1.087 1.253 1.362 1.477 1.558 1.671 1.766 1.806 1.866 1.869 1.868 1.790 1.684 1.545 1.545 0.282
8.00 316.23 0.109 0.216 0.348 0.440 0.539 0.614 0.673 0.741 0.837 0.994 1.104 1.231 1.318 1.444 1.547 1.589 1.655 1.661 1.666 1.589 1.487 1.351 1.351 0.075
8.00 398.11 -0.154 -0.053 0.075 0.164 0.259 0.328 0.385 0.448 0.539 0.689 0.803 0.947 1.044 1.188 1.306 1.353 1.428 1.440 1.453 1.375 1.278 1.146 1.146 -0.145
8.00 501.19 -0.477 -0.381 -0.257 -0.172 -0.081 -0.017 0.036 0.096 0.181 0.326 0.447 0.616 0.728 0.899 1.038 1.094 1.183 1.203 1.225 1.148 1.056 0.928 0.928 -0.378
8.00 630.96 -0.874 -0.784 -0.664 -0.583 -0.496 -0.438 -0.387 -0.331 -0.252 -0.110 0.023 0.225 0.360 0.568 0.738 0.806 0.915 0.949 0.982 0.905 0.817 0.694 0.694 -0.629
8.00 794.33 -1.365 -1.281 -1.164 -1.088 -1.004 -0.952 -0.904 -0.852 -0.779 -0.637 -0.486 -0.239 -0.074 0.185 0.397 0.484 0.620 0.672 0.720 0.643 0.560 0.441 0.441 -0.899
8.00 1000.00 -1.974 -1.895 -1.783 -1.710 -1.630 -1.584 -1.539 -1.491 -1.424 -1.279 -1.103 -0.796 -0.589 -0.263 0.006 0.119 0.290 0.369 0.434 0.357 0.279 0.165 0.165 -1.194
