AbrahamsonEtAl2015SSlab as implemented in OpenQuake, distance is rhypo. Log10 hazard values in cgs units
          14 31 23 : nmag, ndist, nperiod
          10.000 7.500 6.000 5.000 4.000 3.000 2.500 2.000 1.500 1.000 0.750 0.600 0.500 0.400 0.300 0.250 0.200 0.150 0.100 0.075 0.050 0.020 PGA PGV
          0.740 0.740 0.740 0.740 0.740 0.740 0.740 0.740 0.740 0.740 0.740 0.740 0.740 0.740 0.740 0.740 0.740 0.740 0.740 0.740 0.740 0.740 0.740 0.740
4.75 1.00 -0.538 -0.296 -0.061 0.129 0.375 0.737 0.972 1.209 1.489 1.940 2.196 2.384 2.546 2.721 2.858 2.943 3.025 3.069 3.018 2.953 2.861 2.852 2.852 1.344
4.75 1.26 -0.550 -0.308 -0.074 0.115 0.360 0.721 0.957 1.194 1.476 1.929 2.185 2.374 2.535 2.711 2.848 2.934 3.015 3.057 3.005 2.938 2.846 2.833 2.833 1.333
4.75 1.58 -0.564 -0.324 -0.090 0.098 0.343 0.702 0.937 1.175 1.460 1.915 2.172 2.361 2.523 2.699 2.837 2.922 3.003 3.043 2.989 2.920 2.827 2.810 2.810 1.319
4.75 2.00 -0.581 -0.342 -0.110 0.078 0.321 0.680 0.914 1.153 1.440 1.898 2.156 2.345 2.507 2.684 2.822 2.907 2.987 3.026 2.970 2.899 2.804 2.783 2.783 1.302
4.75 2.51 -0.602 -0.364 -0.133 0.053 0.296 0.653 0.886 1.126 1.417 1.877 2.136 2.326 2.488 2.665 2.804 2.889 2.969 3.005 2.947 2.874 2.777 2.750 2.750 1.281
4.75 3.16 -0.626 -0.390 -0.160 0.025 0.266 0.621 0.853 1.094 1.389 1.851 2.111 2.302 2.463 2.641 2.782 2.866 2.946 2.980 2.920 2.845 2.745 2.711 2.711 1.254
4.75 3.98 -0.654 -0.421 -0.192 -0.009 0.231 0.584 0.815 1.057 1.356 1.820 2.081 2.272 2.433 2.611 2.754 2.838 2.917 2.949 2.887 2.809 2.706 2.665 2.665 1.221
4.75 5.01 -0.687 -0.456 -0.229 -0.048 0.191 0.541 0.771 1.014 1.316 1.782 2.045 2.235 2.396 2.574 2.718 2.802 2.882 2.911 2.847 2.766 2.660 2.610 2.610 1.180
4.75 6.31 -0.725 -0.497 -0.272 -0.092 0.145 0.492 0.720 0.964 1.270 1.737 2.000 2.189 2.349 2.527 2.672 2.756 2.836 2.863 2.798 2.714 2.605 2.544 2.544 1.130
4.75 7.94 -0.767 -0.542 -0.319 -0.142 0.092 0.436 0.663 0.907 1.216 1.683 1.946 2.134 2.292 2.469 2.615 2.699 2.778 2.803 2.738 2.651 2.539 2.468 2.468 1.067
4.75 10.00 -0.815 -0.593 -0.373 -0.198 0.034 0.375 0.600 0.844 1.155 1.620 1.881 2.067 2.222 2.398 2.544 2.626 2.706 2.729 2.664 2.574 2.459 2.377 2.377 0.992
4.75 12.59 -0.868 -0.650 -0.432 -0.260 -0.031 0.306 0.529 0.773 1.085 1.547 1.805 1.988 2.140 2.313 2.457 2.538 2.617 2.638 2.574 2.482 2.364 2.273 2.273 0.902
4.75 15.85 -0.926 -0.713 -0.498 -0.328 -0.102 0.231 0.452 0.694 1.006 1.464 1.718 1.897 2.044 2.213 2.354 2.433 2.510 2.529 2.466 2.372 2.253 2.154 2.154 0.797
4.75 19.95 -0.990 -0.781 -0.569 -0.402 -0.179 0.149 0.368 0.608 0.919 1.370 1.620 1.793 1.935 2.099 2.236 2.311 2.386 2.401 2.340 2.245 2.125 2.020 2.020 0.679
4.75 25.12 -1.060 -0.856 -0.647 -0.483 -0.263 0.060 0.277 0.515 0.824 1.266 1.510 1.678 1.814 1.972 2.102 2.173 2.246 2.256 2.197 2.100 1.982 1.872 1.872 0.547
4.75 31.62 -1.136 -0.937 -0.731 -0.571 -0.354 -0.036 0.178 0.414 0.720 1.153 1.391 1.552 1.681 1.832 1.955 2.021 2.090 2.096 2.038 1.941 1.824 1.712 1.712 0.402
4.75 39.81 -1.219 -1.025 -0.823 -0.666 -0.452 -0.139 0.072 0.306 0.607 1.030 1.260 1.415 1.538 1.681 1.797 1.857 1.922 1.922 1.865 1.768 1.653 1.542 1.542 0.245
4.75 50.12 -1.310 -1.121 -0.922 -0.769 -0.559 -0.251 -0.042 0.188 0.485 0.896 1.120 1.269 1.384 1.520 1.628 1.682 1.742 1.736 1.682 1.584 1.472 1.362 1.362 0.078
4.75 63.10 -1.409 -1.226 -1.031 -0.881 -0.675 -0.372 -0.166 0.060 0.353 0.753 0.969 1.112 1.220 1.349 1.449 1.497 1.553 1.541 1.488 1.390 1.282 1.174 1.174 -0.101
4.75 79.43 -1.520 -1.342 -1.151 -1.004 -0.802 -0.505 -0.301 -0.078 0.209 0.597 0.806 0.944 1.046 1.169 1.261 1.303 1.355 1.337 1.286 1.188 1.084 0.979 0.979 -0.291
4.75 100.00 -1.643 -1.471 -1.283 -1.141 -0.942 -0.650 -0.450 -0.230 0.051 0.427 0.630 0.764 0.860 0.978 1.064 1.101 1.149 1.126 1.077 0.978 0.879 0.778 0.778 -0.493
4.75 125.89 -1.782 -1.615 -1.431 -1.293 -1.098 -0.812 -0.614 -0.399 -0.122 0.242 0.439 0.571 0.662 0.777 0.858 0.891 0.935 0.908 0.861 0.763 0.667 0.570 0.570 -0.709
4.75 158.49 -1.940 -1.779 -1.599 -1.464 -1.273 -0.993 -0.798 -0.586 -0.316 0.037 0.229 0.361 0.449 0.564 0.642 0.671 0.714 0.683 0.639 0.540 0.450 0.357 0.357 -0.941
4.75 199.53 -2.122 -1.967 -1.791 -1.660 -1.473 -1.198 -1.007 -0.799 -0.534 -0.192 -0.003 0.131 0.219 0.336 0.414 0.440 0.484 0.450 0.410 0.311 0.225 0.137 0.137 -1.192
4.75 251.19 -2.334 -2.185 -2.013 -1.886 -1.702 -1.434 -1.245 -1.041 -0.782 -0.450 -0.263 -0.122 -0.033 0.091 0.173 0.198 0.244 0.209 0.173 0.075 -0.006 -0.089 -0.089 -1.467
4.75 316.23 -2.584 -2.441 -2.273 -2.149 -1.970 -1.707 -1.521 -1.321 -1.068 -0.745 -0.557 -0.406 -0.311 -0.176 -0.086 -0.059 -0.008 -0.041 -0.071 -0.169 -0.246 -0.324 -0.324 -1.770
4.75 398.11 -2.881 -2.744 -2.579 -2.460 -2.284 -2.028 -1.845 -1.648 -1.401 -1.086 -0.895 -0.727 -0.622 -0.469 -0.365 -0.334 -0.274 -0.302 -0.325 -0.424 -0.495 -0.569 -0.569 -2.109
4.75 501.19 -3.237 -3.106 -2.945 -2.830 -2.658 -2.408 -2.227 -2.035 -1.794 -1.484 -1.286 -1.094 -0.975 -0.794 -0.670 -0.631 -0.557 -0.577 -0.592 -0.690 -0.756 -0.825 -0.825 -2.493
4.75 630.96 -3.668 -3.542 -3.386 -3.274 -3.106 -2.862 -2.685 -2.496 -2.261 -1.955 -1.745 -1.520 -1.378 -1.161 -1.007 -0.955 -0.862 -0.869 -0.872 -0.971 -1.032 -1.096 -1.096 -2.933
4.75 794.33 -4.192 -4.072 -3.919 -3.812 -3.648 -3.410 -3.235 -3.051 -2.822 -2.516 -2.289 -2.019 -1.847 -1.580 -1.383 -1.313 -1.193 -1.182 -1.171 -1.270 -1.326 -1.385 -1.385 -3.444
4.75 1000.00 -4.833 -4.720 -4.571 -4.468 -4.308 -4.075 -3.904 -3.723 -3.500 -3.192 -2.940 -2.610 -2.396 -2.063 -1.810 -1.714 -1.558 -1.522 -1.492 -1.591 -1.642 -1.696 -1.696 -4.043
5.00 1.00 -0.336 -0.095 0.138 0.326 0.565 0.910 1.135 1.356 1.615 2.039 2.278 2.454 2.605 2.769 2.892 2.971 3.047 3.086 3.037 2.973 2.887 2.886 2.886 1.409
5.00 1.26 -0.346 -0.107 0.126 0.313 0.552 0.896 1.121 1.343 1.604 2.029 2.269 2.445 2.596 2.760 2.884 2.962 3.037 3.075 3.024 2.960 2.873 2.869 2.869 1.399
5.00 1.58 -0.359 -0.120 0.111 0.298 0.536 0.879 1.103 1.326 1.589 2.017 2.258 2.434 2.585 2.749 2.873 2.951 3.026 3.062 3.010 2.944 2.855 2.848 2.848 1.387
5.00 2.00 -0.374 -0.137 0.094 0.280 0.517 0.859 1.082 1.306 1.572 2.001 2.243 2.420 2.571 2.736 2.861 2.938 3.012 3.046 2.992 2.924 2.834 2.823 2.823 1.372
5.00 2.51 -0.393 -0.157 0.073 0.258 0.494 0.834 1.057 1.281 1.551 1.983 2.226 2.403 2.554 2.719 2.845 2.922 2.996 3.027 2.971 2.901 2.809 2.793 2.793 1.354
5.00 3.16 -0.415 -0.181 0.048 0.232 0.467 0.805 1.027 1.253 1.526 1.960 2.205 2.382 2.534 2.699 2.826 2.903 2.976 3.005 2.947 2.874 2.780 2.757 2.757 1.331
5.00 3.98 -0.441 -0.209 0.019 0.201 0.435 0.771 0.992 1.219 1.496 1.933 2.179 2.357 2.508 2.673 2.802 2.879 2.951 2.978 2.917 2.842 2.745 2.715 2.715 1.303
5.00 5.01 -0.471 -0.241 -0.015 0.165 0.398 0.731 0.951 1.179 1.460 1.900 2.147 2.325 2.476 2.642 2.772 2.848 2.921 2.945 2.882 2.804 2.704 2.666 2.666 1.268
5.00 6.31 -0.505 -0.279 -0.054 0.124 0.355 0.686 0.904 1.133 1.418 1.860 2.107 2.285 2.436 2.602 2.734 2.810 2.883 2.904 2.840 2.758 2.655 2.607 2.607 1.224
5.00 7.94 -0.545 -0.321 -0.099 0.078 0.306 0.634 0.850 1.080 1.369 1.812 2.060 2.237 2.386 2.552 2.685 2.761 2.834 2.853 2.788 2.703 2.597 2.538 2.538 1.170
5.00 10.00 -0.589 -0.369 -0.149 0.025 0.251 0.576 0.791 1.021 1.313 1.755 2.002 2.178 2.325 2.491 2.624 2.700 2.773 2.790 2.724 2.636 2.526 2.457 2.457 1.104
5.00 12.59 -0.639 -0.423 -0.205 -0.033 0.190 0.511 0.724 0.954 1.248 1.688 1.934 2.107 2.252 2.415 2.549 2.623 2.696 2.711 2.645 2.555 2.442 2.362 2.362 1.024
5.00 15.85 -0.694 -0.482 -0.267 -0.098 0.123 0.439 0.650 0.880 1.174 1.611 1.854 2.024 2.165 2.326 2.457 2.530 2.602 2.615 2.550 2.457 2.343 2.253 2.253 0.929
5.00 19.95 -0.755 -0.547 -0.335 -0.169 0.049 0.361 0.570 0.798 1.092 1.524 1.763 1.929 2.065 2.221 2.350 2.420 2.490 2.500 2.437 2.343 2.227 2.130 2.130 0.820
5.00 25.12 -0.822 -0.618 -0.410 -0.246 -0.031 0.276 0.483 0.709 1.002 1.426 1.660 1.821 1.952 2.103 2.226 2.293 2.361 2.368 2.307 2.211 2.095 1.992 1.992 0.696
5.00 31.62 -0.895 -0.696 -0.491 -0.331 -0.119 0.184 0.388 0.612 0.902 1.318 1.546 1.701 1.826 1.971 2.089 2.151 2.216 2.218 2.159 2.062 1.947 1.840 1.840 0.559
5.00 39.81 -0.975 -0.781 -0.579 -0.422 -0.214 0.084 0.285 0.506 0.793 1.200 1.421 1.570 1.688 1.827 1.938 1.995 2.057 2.054 1.996 1.899 1.785 1.677 1.677 0.410
5.00 50.12 -1.062 -0.874 -0.676 -0.522 -0.317 -0.025 0.174 0.392 0.675 1.071 1.286 1.429 1.540 1.672 1.775 1.827 1.884 1.876 1.820 1.722 1.612 1.504 1.504 0.248
5.00 63.10 -1.159 -0.976 -0.781 -0.632 -0.430 -0.143 0.053 0.268 0.546 0.931 1.139 1.276 1.381 1.506 1.602 1.648 1.701 1.688 1.634 1.535 1.428 1.321 1.321 0.074
5.00 79.43 -1.267 -1.089 -0.898 -0.752 -0.554 -0.273 -0.079 0.132 0.406 0.779 0.980 1.113 1.211 1.330 1.419 1.460 1.509 1.490 1.437 1.339 1.235 1.131 1.131 -0.111
5.00 100.00 -1.387 -1.215 -1.028 -0.885 -0.691 -0.415 -0.225 -0.017 0.252 0.612 0.808 0.937 1.029 1.144 1.227 1.262 1.308 1.284 1.233 1.135 1.035 0.934 0.934 -0.309
5.00 125.89 -1.523 -1.357 -1.173 -1.035 -0.845 -0.574 -0.386 -0.182 0.081 0.430 0.620 0.746 0.835 0.947 1.025 1.055 1.099 1.070 1.022 0.923 0.828 0.731 0.731 -0.521
5.00 158.49 -1.679 -1.518 -1.338 -1.204 -1.017 -0.753 -0.568 -0.367 -0.110 0.228 0.413 0.540 0.625 0.737 0.812 0.839 0.881 0.848 0.803 0.705 0.614 0.521 0.521 -0.749
5.00 199.53 -1.858 -1.704 -1.528 -1.397 -1.214 -0.955 -0.773 -0.577 -0.325 0.002 0.184 0.313 0.398 0.512 0.587 0.612 0.654 0.619 0.578 0.479 0.393 0.305 0.305 -0.997
5.00 251.19 -2.068 -1.919 -1.747 -1.620 -1.441 -1.188 -1.009 -0.816 -0.570 -0.253 -0.073 0.062 0.149 0.270 0.349 0.372 0.417 0.382 0.345 0.246 0.165 0.081 0.081 -1.268
5.00 316.23 -2.315 -2.172 -2.004 -1.881 -1.706 -1.459 -1.283 -1.094 -0.854 -0.545 -0.365 -0.218 -0.126 0.006 0.093 0.118 0.169 0.135 0.103 0.005 -0.072 -0.151 -0.151 -1.569
5.00 398.11 -2.610 -2.472 -2.308 -2.189 -2.018 -1.777 -1.603 -1.418 -1.184 -0.884 -0.700 -0.536 -0.435 -0.284 -0.183 -0.154 -0.094 -0.124 -0.148 -0.247 -0.318 -0.392 -0.392 -1.905
5.00 501.19 -2.963 -2.832 -2.671 -2.556 -2.389 -2.154 -1.984 -1.802 -1.574 -1.279 -1.089 -0.901 -0.785 -0.607 -0.485 -0.448 -0.375 -0.396 -0.411 -0.510 -0.577 -0.646 -0.646 -2.286
5.00 630.96 -3.391 -3.266 -3.109 -2.998 -2.835 -2.606 -2.438 -2.261 -2.039 -1.747 -1.545 -1.324 -1.186 -0.971 -0.819 -0.769 -0.677 -0.686 -0.689 -0.788 -0.850 -0.914 -0.914 -2.723
5.00 794.33 -3.912 -3.793 -3.640 -3.533 -3.374 -3.151 -2.986 -2.813 -2.597 -2.306 -2.086 -1.820 -1.651 -1.387 -1.193 -1.124 -1.005 -0.996 -0.985 -1.084 -1.141 -1.200 -1.200 -3.231
5.00 1000.00 -4.552 -4.438 -4.289 -4.186 -4.031 -3.814 -3.652 -3.483 -3.273 -2.979 -2.734 -2.409 -2.198 -1.867 -1.617 -1.522 -1.368 -1.332 -1.304 -1.403 -1.455 -1.509 -1.509 -3.827
5.25 1.00 -0.137 0.101 0.333 0.519 0.753 1.080 1.295 1.502 1.740 2.137 2.361 2.524 2.665 2.816 2.927 2.998 3.068 3.103 3.056 2.995 2.913 2.920 2.920 1.474
5.25 1.26 -0.146 0.091 0.322 0.508 0.741 1.068 1.282 1.489 1.730 2.128 2.352 2.516 2.656 2.808 2.919 2.990 3.060 3.093 3.044 2.982 2.900 2.904 2.904 1.465
5.25 1.58 -0.158 0.079 0.309 0.494 0.727 1.052 1.266 1.474 1.717 2.117 2.342 2.506 2.647 2.798 2.910 2.980 3.049 3.080 3.031 2.967 2.884 2.885 2.885 1.454
5.25 2.00 -0.172 0.064 0.293 0.478 0.709 1.034 1.247 1.456 1.701 2.104 2.330 2.494 2.634 2.786 2.898 2.968 3.037 3.066 3.014 2.949 2.864 2.862 2.862 1.441
5.25 2.51 -0.188 0.046 0.274 0.458 0.688 1.012 1.224 1.434 1.683 2.087 2.314 2.479 2.620 2.772 2.884 2.954 3.022 3.049 2.995 2.928 2.841 2.835 2.835 1.425
5.25 3.16 -0.208 0.024 0.252 0.434 0.664 0.985 1.197 1.408 1.660 2.067 2.296 2.461 2.601 2.754 2.868 2.937 3.004 3.028 2.972 2.903 2.814 2.802 2.802 1.405
5.25 3.98 -0.232 -0.001 0.225 0.406 0.634 0.954 1.165 1.377 1.633 2.043 2.273 2.438 2.579 2.732 2.847 2.916 2.982 3.004 2.946 2.873 2.782 2.764 2.764 1.380
5.25 5.01 -0.259 -0.031 0.194 0.373 0.600 0.917 1.127 1.340 1.601 2.014 2.245 2.411 2.551 2.705 2.822 2.890 2.956 2.975 2.914 2.839 2.745 2.719 2.719 1.350
5.25 6.31 -0.291 -0.066 0.158 0.336 0.560 0.875 1.083 1.298 1.563 1.979 2.211 2.377 2.517 2.672 2.789 2.858 2.924 2.940 2.877 2.798 2.701 2.666 2.666 1.313
5.25 7.94 -0.328 -0.105 0.116 0.292 0.515 0.827 1.034 1.249 1.518 1.936 2.169 2.335 2.475 2.629 2.749 2.817 2.883 2.897 2.832 2.749 2.649 2.604 2.604 1.267
5.25 10.00 -0.369 -0.150 0.069 0.243 0.464 0.772 0.978 1.194 1.467 1.885 2.119 2.284 2.422 2.577 2.697 2.766 2.831 2.843 2.777 2.691 2.587 2.531 2.531 1.209
5.25 12.59 -0.416 -0.200 0.016 0.188 0.406 0.711 0.915 1.131 1.407 1.825 2.058 2.221 2.358 2.511 2.632 2.700 2.766 2.776 2.709 2.620 2.513 2.446 2.446 1.139
5.25 15.85 -0.468 -0.256 -0.042 0.127 0.342 0.643 0.845 1.061 1.339 1.755 1.985 2.146 2.280 2.432 2.553 2.619 2.685 2.692 2.626 2.535 2.425 2.347 2.347 1.055
5.25 19.95 -0.525 -0.318 -0.107 0.059 0.272 0.569 0.768 0.984 1.262 1.674 1.902 2.059 2.189 2.338 2.457 2.522 2.586 2.591 2.526 2.433 2.321 2.234 2.234 0.955
5.25 25.12 -0.589 -0.386 -0.178 -0.015 0.195 0.487 0.684 0.898 1.176 1.582 1.806 1.959 2.084 2.229 2.344 2.406 2.470 2.472 2.409 2.313 2.201 2.105 2.105 0.841
5.25 31.62 -0.659 -0.461 -0.256 -0.096 0.111 0.398 0.593 0.805 1.081 1.479 1.698 1.847 1.966 2.105 2.216 2.275 2.336 2.334 2.273 2.177 2.064 1.963 1.963 0.712
5.25 39.81 -0.736 -0.543 -0.341 -0.184 0.019 0.302 0.494 0.703 0.976 1.366 1.579 1.722 1.836 1.969 2.074 2.128 2.186 2.181 2.121 2.024 1.912 1.808 1.808 0.570
5.25 50.12 -0.821 -0.633 -0.434 -0.281 -0.081 0.196 0.386 0.593 0.862 1.242 1.449 1.586 1.693 1.821 1.919 1.968 2.023 2.012 1.955 1.857 1.747 1.642 1.642 0.415
5.25 63.10 -0.915 -0.732 -0.537 -0.387 -0.191 0.081 0.268 0.472 0.737 1.106 1.306 1.439 1.539 1.661 1.752 1.796 1.847 1.831 1.776 1.677 1.570 1.466 1.466 0.247
5.25 79.43 -1.019 -0.842 -0.651 -0.505 -0.312 -0.045 0.139 0.339 0.600 0.958 1.151 1.279 1.374 1.490 1.575 1.613 1.661 1.640 1.586 1.488 1.384 1.282 1.282 0.067
5.25 100.00 -1.137 -0.965 -0.778 -0.635 -0.446 -0.185 -0.004 0.193 0.449 0.795 0.983 1.107 1.196 1.308 1.387 1.421 1.465 1.439 1.388 1.289 1.189 1.089 1.089 -0.127
5.25 125.89 -1.270 -1.104 -0.920 -0.782 -0.597 -0.341 -0.162 0.031 0.281 0.616 0.798 0.920 1.006 1.114 1.189 1.218 1.260 1.230 1.181 1.082 0.986 0.890 0.890 -0.335
5.25 158.49 -1.423 -1.263 -1.083 -0.948 -0.767 -0.517 -0.341 -0.151 0.094 0.417 0.595 0.717 0.799 0.908 0.980 1.006 1.046 1.012 0.967 0.868 0.777 0.684 0.684 -0.559
5.25 199.53 -1.600 -1.445 -1.269 -1.138 -0.961 -0.717 -0.544 -0.358 -0.119 0.194 0.368 0.494 0.575 0.687 0.759 0.782 0.823 0.787 0.745 0.646 0.559 0.471 0.471 -0.804
5.25 251.19 -1.807 -1.658 -1.486 -1.359 -1.185 -0.947 -0.777 -0.595 -0.361 -0.058 0.114 0.246 0.329 0.448 0.524 0.546 0.590 0.553 0.515 0.416 0.334 0.251 0.251 -1.072
5.25 316.23 -2.052 -1.909 -1.740 -1.617 -1.447 -1.215 -1.048 -0.870 -0.642 -0.348 -0.175 -0.032 0.057 0.187 0.271 0.295 0.344 0.309 0.277 0.178 0.101 0.022 0.022 -1.369
5.25 398.11 -2.343 -2.206 -2.042 -1.923 -1.757 -1.530 -1.366 -1.192 -0.970 -0.683 -0.507 -0.347 -0.249 -0.101 -0.003 0.026 0.084 0.053 0.028 -0.071 -0.143 -0.217 -0.217 -1.702
5.25 501.19 -2.694 -2.563 -2.403 -2.287 -2.125 -1.905 -1.743 -1.573 -1.357 -1.076 -0.893 -0.709 -0.596 -0.421 -0.302 -0.265 -0.194 -0.216 -0.232 -0.331 -0.398 -0.468 -0.468 -2.080
5.25 630.96 -3.120 -2.994 -2.838 -2.727 -2.569 -2.354 -2.195 -2.029 -1.819 -1.542 -1.346 -1.130 -0.994 -0.782 -0.633 -0.584 -0.493 -0.503 -0.507 -0.606 -0.669 -0.733 -0.733 -2.514
5.25 794.33 -3.639 -3.519 -3.367 -3.259 -3.105 -2.896 -2.741 -2.579 -2.375 -2.098 -1.885 -1.624 -1.457 -1.195 -1.004 -0.937 -0.819 -0.810 -0.801 -0.900 -0.957 -1.017 -1.017 -3.019
5.25 1000.00 -4.275 -4.162 -4.013 -3.910 -3.760 -3.557 -3.404 -3.246 -3.048 -2.768 -2.530 -2.210 -2.001 -1.673 -1.425 -1.332 -1.178 -1.144 -1.117 -1.216 -1.268 -1.323 -1.323 -3.612
5.50 1.00 0.058 0.294 0.524 0.709 0.936 1.248 1.452 1.645 1.864 2.235 2.442 2.593 2.724 2.863 2.961 3.026 3.091 3.121 3.076 3.017 2.941 2.955 2.955 1.538
5.50 1.26 0.050 0.285 0.514 0.699 0.926 1.237 1.441 1.634 1.855 2.227 2.435 2.586 2.716 2.856 2.954 3.018 3.082 3.111 3.065 3.006 2.928 2.941 2.941 1.530
5.50 1.58 0.039 0.274 0.503 0.687 0.913 1.223 1.427 1.621 1.843 2.217 2.426 2.577 2.707 2.847 2.945 3.009 3.072 3.100 3.052 2.991 2.913 2.923 2.923 1.520
5.50 2.00 0.027 0.260 0.489 0.672 0.897 1.206 1.409 1.604 1.829 2.205 2.415 2.566 2.696 2.836 2.935 2.998 3.061 3.086 3.037 2.974 2.895 2.902 2.902 1.508
5.50 2.51 0.012 0.244 0.471 0.654 0.878 1.186 1.389 1.584 1.812 2.190 2.401 2.553 2.683 2.823 2.923 2.985 3.047 3.070 3.019 2.954 2.873 2.877 2.877 1.494
5.50 3.16 -0.006 0.224 0.451 0.632 0.856 1.162 1.364 1.561 1.792 2.172 2.385 2.537 2.667 2.807 2.908 2.969 3.031 3.051 2.997 2.931 2.848 2.847 2.847 1.477
5.50 3.98 -0.027 0.201 0.427 0.607 0.829 1.133 1.334 1.532 1.767 2.151 2.365 2.518 2.648 2.789 2.890 2.951 3.011 3.029 2.973 2.903 2.818 2.811 2.811 1.455
5.50 5.01 -0.052 0.174 0.398 0.577 0.797 1.100 1.300 1.499 1.738 2.125 2.340 2.494 2.624 2.765 2.868 2.929 2.988 3.003 2.944 2.872 2.784 2.770 2.770 1.429
5.50 6.31 -0.082 0.142 0.365 0.542 0.761 1.061 1.259 1.460 1.704 2.094 2.311 2.464 2.595 2.737 2.840 2.901 2.960 2.972 2.910 2.835 2.744 2.722 2.722 1.397
5.50 7.94 -0.115 0.106 0.326 0.501 0.719 1.016 1.213 1.415 1.664 2.056 2.274 2.428 2.558 2.701 2.806 2.867 2.926 2.934 2.870 2.791 2.698 2.666 2.666 1.358
5.50 10.00 -0.154 0.064 0.282 0.456 0.671 0.965 1.161 1.363 1.616 2.011 2.230 2.384 2.513 2.656 2.763 2.824 2.882 2.889 2.823 2.740 2.643 2.600 2.600 1.308
5.50 12.59 -0.198 0.017 0.233 0.404 0.617 0.907 1.101 1.305 1.562 1.957 2.176 2.329 2.457 2.600 2.709 2.769 2.828 2.831 2.765 2.678 2.578 2.524 2.524 1.247
5.50 15.85 -0.247 -0.036 0.178 0.346 0.556 0.843 1.035 1.239 1.499 1.893 2.111 2.263 2.389 2.531 2.640 2.700 2.759 2.760 2.693 2.604 2.500 2.434 2.434 1.173
5.50 19.95 -0.301 -0.094 0.116 0.282 0.490 0.772 0.962 1.165 1.427 1.819 2.035 2.184 2.307 2.447 2.556 2.615 2.673 2.673 2.606 2.514 2.407 2.331 2.331 1.084
5.50 25.12 -0.362 -0.159 0.049 0.211 0.416 0.694 0.882 1.084 1.346 1.734 1.947 2.092 2.211 2.348 2.455 2.512 2.570 2.567 2.502 2.408 2.299 2.213 2.213 0.980
5.50 31.62 -0.428 -0.231 -0.026 0.133 0.335 0.609 0.794 0.995 1.256 1.637 1.846 1.988 2.102 2.235 2.338 2.392 2.449 2.443 2.379 2.284 2.174 2.081 2.081 0.860
5.50 39.81 -0.502 -0.310 -0.108 0.048 0.247 0.515 0.698 0.897 1.156 1.529 1.733 1.870 1.979 2.107 2.206 2.256 2.310 2.301 2.240 2.143 2.033 1.936 1.936 0.726
5.50 50.12 -0.584 -0.396 -0.198 -0.046 0.150 0.413 0.594 0.790 1.046 1.410 1.608 1.740 1.843 1.966 2.059 2.105 2.157 2.143 2.084 1.986 1.878 1.777 1.777 0.578
5.50 63.10 -0.675 -0.493 -0.298 -0.149 0.043 0.301 0.479 0.672 0.925 1.279 1.471 1.598 1.695 1.812 1.899 1.941 1.989 1.971 1.914 1.815 1.710 1.608 1.608 0.417
5.50 79.43 -0.777 -0.600 -0.409 -0.263 -0.075 0.178 0.353 0.543 0.791 1.134 1.320 1.443 1.535 1.647 1.728 1.764 1.810 1.786 1.732 1.633 1.530 1.429 1.429 0.242
5.50 100.00 -0.892 -0.720 -0.533 -0.391 -0.207 0.041 0.213 0.400 0.643 0.976 1.156 1.275 1.361 1.470 1.546 1.577 1.620 1.592 1.539 1.440 1.341 1.242 1.242 0.053
5.50 125.89 -1.023 -0.857 -0.673 -0.535 -0.354 -0.112 0.058 0.241 0.479 0.800 0.975 1.092 1.175 1.280 1.352 1.379 1.420 1.388 1.338 1.239 1.143 1.048 1.048 -0.150
5.50 158.49 -1.173 -1.012 -0.833 -0.698 -0.521 -0.285 -0.118 0.061 0.294 0.604 0.774 0.892 0.972 1.078 1.147 1.171 1.210 1.175 1.128 1.029 0.938 0.846 0.846 -0.371
5.50 199.53 -1.347 -1.192 -1.016 -0.886 -0.713 -0.482 -0.318 -0.143 0.085 0.384 0.551 0.672 0.751 0.860 0.929 0.951 0.991 0.954 0.910 0.811 0.724 0.637 0.637 -0.612
5.50 251.19 -1.551 -1.403 -1.230 -1.104 -0.934 -0.710 -0.549 -0.377 -0.155 0.135 0.300 0.427 0.508 0.624 0.697 0.718 0.761 0.723 0.684 0.585 0.503 0.419 0.419 -0.877
5.50 316.23 -1.793 -1.650 -1.482 -1.359 -1.194 -0.975 -0.817 -0.649 -0.433 -0.152 0.014 0.152 0.239 0.366 0.448 0.470 0.518 0.482 0.449 0.350 0.273 0.194 0.194 -1.170
5.50 398.11 -2.083 -1.945 -1.781 -1.662 -1.501 -1.288 -1.132 -0.968 -0.758 -0.485 -0.315 -0.160 -0.064 0.082 0.177 0.204 0.261 0.230 0.204 0.105 0.032 -0.042 -0.042 -1.501
5.50 501.19 -2.431 -2.300 -2.139 -2.024 -1.867 -1.660 -1.507 -1.347 -1.143 -0.875 -0.698 -0.519 -0.408 -0.236 -0.119 -0.084 -0.013 -0.037 -0.054 -0.153 -0.221 -0.290 -0.290 -1.876
5.50 630.96 -2.854 -2.728 -2.572 -2.461 -2.307 -2.106 -1.957 -1.800 -1.602 -1.338 -1.149 -0.937 -0.804 -0.595 -0.448 -0.400 -0.310 -0.321 -0.326 -0.425 -0.488 -0.553 -0.553 -2.307
5.50 794.33 -3.370 -3.251 -3.098 -2.991 -2.841 -2.646 -2.500 -2.347 -2.155 -1.891 -1.685 -1.428 -1.264 -1.005 -0.816 -0.750 -0.633 -0.625 -0.617 -0.716 -0.774 -0.834 -0.834 -2.809
5.50 1000.00 -4.004 -3.891 -3.742 -3.639 -3.493 -3.304 -3.161 -3.012 -2.826 -2.559 -2.328 -2.011 -1.806 -1.480 -1.235 -1.142 -0.990 -0.957 -0.930 -1.029 -1.082 -1.137 -1.137 -3.399
5.75 1.00 0.249 0.483 0.711 0.895 1.116 1.412 1.608 1.787 1.986 2.332 2.524 2.663 2.783 2.910 2.997 3.054 3.114 3.140 3.098 3.041 2.969 2.991 2.991 1.602
5.75 1.26 0.242 0.475 0.703 0.886 1.107 1.402 1.597 1.777 1.978 2.324 2.517 2.656 2.776 2.904 2.990 3.047 3.106 3.131 3.087 3.030 2.957 2.978 2.978 1.595
5.75 1.58 0.233 0.465 0.692 0.875 1.095 1.390 1.585 1.765 1.968 2.315 2.509 2.648 2.768 2.895 2.982 3.038 3.097 3.120 3.075 3.016 2.943 2.961 2.961 1.586
5.75 2.00 0.222 0.453 0.680 0.861 1.081 1.375 1.569 1.750 1.955 2.304 2.499 2.638 2.758 2.886 2.972 3.028 3.085 3.107 3.060 3.000 2.926 2.942 2.942 1.575
5.75 2.51 0.208 0.438 0.664 0.845 1.064 1.357 1.550 1.732 1.940 2.291 2.487 2.626 2.746 2.874 2.960 3.016 3.072 3.091 3.043 2.981 2.906 2.918 2.918 1.562
5.75 3.16 0.192 0.421 0.646 0.826 1.044 1.335 1.528 1.710 1.921 2.275 2.472 2.612 2.732 2.860 2.947 3.001 3.057 3.074 3.023 2.959 2.882 2.891 2.891 1.547
5.75 3.98 0.173 0.400 0.624 0.802 1.019 1.309 1.501 1.685 1.899 2.256 2.454 2.595 2.714 2.843 2.930 2.985 3.039 3.053 2.999 2.933 2.854 2.858 2.858 1.528
5.75 5.01 0.150 0.375 0.597 0.775 0.990 1.278 1.469 1.654 1.873 2.233 2.433 2.574 2.693 2.822 2.911 2.965 3.018 3.029 2.972 2.903 2.822 2.820 2.820 1.505
5.75 6.31 0.123 0.346 0.567 0.743 0.957 1.242 1.432 1.618 1.842 2.205 2.407 2.548 2.668 2.798 2.888 2.941 2.993 3.001 2.942 2.869 2.785 2.776 2.776 1.477
5.75 7.94 0.092 0.312 0.531 0.706 0.918 1.200 1.389 1.577 1.805 2.172 2.375 2.517 2.637 2.767 2.859 2.912 2.964 2.968 2.906 2.830 2.743 2.724 2.724 1.443
5.75 10.00 0.056 0.273 0.491 0.663 0.873 1.153 1.340 1.529 1.762 2.132 2.336 2.479 2.598 2.729 2.823 2.875 2.927 2.928 2.864 2.784 2.694 2.665 2.665 1.401
5.75 12.59 0.015 0.229 0.444 0.614 0.822 1.099 1.284 1.474 1.712 2.084 2.289 2.431 2.550 2.682 2.777 2.830 2.881 2.880 2.813 2.730 2.636 2.596 2.596 1.349
5.75 15.85 -0.030 0.180 0.392 0.560 0.766 1.038 1.222 1.413 1.654 2.027 2.232 2.373 2.491 2.622 2.719 2.772 2.824 2.819 2.752 2.665 2.567 2.515 2.515 1.284
5.75 19.95 -0.082 0.124 0.334 0.499 0.702 0.971 1.152 1.343 1.588 1.959 2.163 2.303 2.419 2.549 2.647 2.699 2.751 2.745 2.677 2.587 2.486 2.422 2.422 1.206
5.75 25.12 -0.139 0.062 0.270 0.432 0.632 0.896 1.076 1.266 1.512 1.881 2.083 2.220 2.333 2.461 2.558 2.609 2.661 2.653 2.586 2.493 2.389 2.315 2.315 1.112
5.75 31.62 -0.203 -0.006 0.198 0.357 0.554 0.814 0.991 1.181 1.427 1.790 1.989 2.124 2.232 2.358 2.453 2.502 2.553 2.542 2.477 2.382 2.277 2.193 2.193 1.002
5.75 39.81 -0.274 -0.082 0.119 0.275 0.469 0.724 0.899 1.087 1.332 1.689 1.883 2.014 2.118 2.239 2.331 2.377 2.427 2.413 2.350 2.254 2.148 2.057 2.057 0.877
5.75 50.12 -0.353 -0.166 0.032 0.185 0.375 0.625 0.798 0.983 1.226 1.575 1.764 1.890 1.989 2.106 2.194 2.236 2.284 2.267 2.206 2.109 2.003 1.908 1.908 0.737
5.75 63.10 -0.441 -0.259 -0.065 0.084 0.272 0.516 0.686 0.869 1.109 1.448 1.632 1.754 1.847 1.960 2.042 2.081 2.126 2.105 2.046 1.948 1.844 1.747 1.747 0.583
5.75 79.43 -0.540 -0.363 -0.173 -0.027 0.157 0.396 0.563 0.743 0.979 1.308 1.487 1.605 1.693 1.801 1.878 1.912 1.955 1.929 1.873 1.774 1.672 1.575 1.575 0.414
5.75 100.00 -0.652 -0.481 -0.294 -0.152 0.028 0.262 0.427 0.603 0.834 1.153 1.326 1.441 1.524 1.629 1.701 1.731 1.771 1.741 1.688 1.589 1.490 1.393 1.393 0.231
5.75 125.89 -0.780 -0.614 -0.431 -0.293 -0.116 0.112 0.274 0.447 0.673 0.981 1.149 1.262 1.342 1.444 1.513 1.538 1.577 1.543 1.492 1.393 1.298 1.204 1.204 0.032
5.75 158.49 -0.928 -0.768 -0.588 -0.453 -0.281 -0.058 0.101 0.270 0.492 0.789 0.952 1.066 1.143 1.245 1.312 1.334 1.372 1.335 1.288 1.188 1.097 1.006 1.006 -0.185
5.75 199.53 -1.099 -0.945 -0.769 -0.638 -0.470 -0.252 -0.097 0.069 0.285 0.572 0.732 0.849 0.925 1.031 1.098 1.118 1.157 1.118 1.074 0.975 0.888 0.800 0.800 -0.422
5.75 251.19 -1.301 -1.152 -0.980 -0.853 -0.689 -0.477 -0.324 -0.162 0.048 0.325 0.484 0.607 0.686 0.798 0.869 0.889 0.931 0.891 0.852 0.753 0.670 0.587 0.587 -0.683
5.75 316.23 -1.541 -1.398 -1.229 -1.106 -0.945 -0.740 -0.590 -0.431 -0.227 0.042 0.201 0.335 0.419 0.544 0.623 0.644 0.691 0.654 0.621 0.521 0.443 0.364 0.364 -0.974
5.75 398.11 -1.827 -1.690 -1.526 -1.407 -1.250 -1.050 -0.903 -0.748 -0.550 -0.288 -0.125 0.026 0.119 0.262 0.355 0.381 0.438 0.405 0.378 0.279 0.206 0.132 0.132 -1.301
5.75 501.19 -2.173 -2.042 -1.881 -1.766 -1.613 -1.419 -1.275 -1.124 -0.932 -0.676 -0.506 -0.331 -0.222 -0.052 0.062 0.096 0.166 0.141 0.124 0.024 -0.044 -0.113 -0.113 -1.673
5.75 630.96 -2.593 -2.468 -2.311 -2.200 -2.051 -1.863 -1.722 -1.575 -1.388 -1.136 -0.954 -0.746 -0.615 -0.408 -0.264 -0.217 -0.128 -0.140 -0.146 -0.245 -0.308 -0.373 -0.373 -2.101
5.75 794.33 -3.107 -2.988 -2.835 -2.728 -2.583 -2.400 -2.262 -2.120 -1.939 -1.687 -1.488 -1.234 -1.073 -0.816 -0.630 -0.564 -0.448 -0.442 -0.434 -0.533 -0.591 -0.651 -0.651 -2.600
5.75 1000.00 -3.739 -3.625 -3.477 -3.373 -3.232 -3.056 -2.921 -2.782 -2.607 -2.352 -2.128 -1.815 -1.612 -1.289 -1.045 -0.954 -0.803 -0.770 -0.744 -0.844 -0.897 -0.952 -0.952 -3.188
6.00 1.00 0.437 0.668 0.895 1.077 1.293 1.574 1.761 1.927 2.108 2.428 2.606 2.733 2.842 2.958 3.033 3.084 3.138 3.161 3.121 3.066 2.999 3.028 3.028 1.667
6.00 1.26 0.430 0.661 0.888 1.069 1.284 1.565 1.752 1.918 2.100 2.421 2.599 2.726 2.836 2.952 3.026 3.077 3.131 3.152 3.111 3.056 2.988 3.016 3.016 1.661
6.00 1.58 0.422 0.652 0.878 1.059 1.274 1.554 1.740 1.907 2.091 2.413 2.592 2.719 2.828 2.944 3.018 3.069 3.122 3.141 3.099 3.043 2.974 3.001 3.001 1.652
6.00 2.00 0.412 0.641 0.867 1.047 1.261 1.541 1.726 1.894 2.080 2.403 2.583 2.710 2.819 2.935 3.009 3.059 3.111 3.129 3.085 3.028 2.958 2.982 2.982 1.642
6.00 2.51 0.400 0.628 0.853 1.033 1.246 1.524 1.709 1.878 2.066 2.391 2.572 2.699 2.808 2.924 2.998 3.047 3.098 3.114 3.068 3.009 2.939 2.961 2.961 1.630
6.00 3.16 0.386 0.612 0.836 1.015 1.228 1.505 1.689 1.858 2.049 2.377 2.558 2.686 2.795 2.911 2.985 3.033 3.084 3.097 3.049 2.988 2.916 2.935 2.935 1.616
6.00 3.98 0.368 0.593 0.816 0.994 1.205 1.481 1.664 1.834 2.029 2.360 2.542 2.670 2.780 2.896 2.970 3.018 3.066 3.077 3.026 2.963 2.890 2.904 2.904 1.599
6.00 5.01 0.348 0.571 0.792 0.969 1.179 1.453 1.635 1.807 2.005 2.339 2.523 2.652 2.761 2.878 2.953 2.999 3.047 3.054 3.001 2.935 2.860 2.869 2.869 1.579
6.00 6.31 0.323 0.544 0.764 0.939 1.148 1.419 1.601 1.774 1.977 2.314 2.500 2.629 2.739 2.856 2.932 2.978 3.024 3.028 2.972 2.903 2.826 2.828 2.828 1.554
6.00 7.94 0.294 0.513 0.731 0.905 1.112 1.381 1.561 1.735 1.944 2.284 2.472 2.602 2.711 2.829 2.907 2.952 2.998 2.998 2.939 2.867 2.786 2.780 2.780 1.525
6.00 10.00 0.261 0.477 0.694 0.865 1.070 1.337 1.515 1.691 1.905 2.249 2.438 2.569 2.678 2.797 2.876 2.922 2.967 2.963 2.901 2.825 2.741 2.726 2.726 1.488
6.00 12.59 0.224 0.436 0.651 0.820 1.023 1.286 1.463 1.640 1.859 2.206 2.397 2.528 2.637 2.757 2.838 2.883 2.928 2.921 2.856 2.776 2.689 2.663 2.663 1.444
6.00 15.85 0.181 0.389 0.602 0.769 0.970 1.229 1.404 1.582 1.806 2.155 2.347 2.478 2.586 2.706 2.790 2.835 2.880 2.870 2.803 2.719 2.628 2.591 2.591 1.388
6.00 19.95 0.132 0.337 0.547 0.711 0.910 1.165 1.338 1.517 1.745 2.094 2.286 2.416 2.523 2.644 2.728 2.773 2.819 2.807 2.739 2.651 2.557 2.507 2.507 1.320
6.00 25.12 0.078 0.279 0.485 0.647 0.843 1.094 1.265 1.444 1.674 2.023 2.213 2.342 2.447 2.566 2.652 2.696 2.742 2.728 2.660 2.570 2.471 2.410 2.410 1.236
6.00 31.62 0.017 0.213 0.417 0.576 0.768 1.015 1.184 1.363 1.594 1.939 2.128 2.254 2.356 2.474 2.559 2.602 2.648 2.632 2.565 2.472 2.371 2.299 2.299 1.138
6.00 39.81 -0.051 0.141 0.341 0.497 0.686 0.929 1.095 1.272 1.504 1.844 2.029 2.152 2.251 2.366 2.449 2.490 2.535 2.517 2.452 2.357 2.254 2.173 2.173 1.022
6.00 50.12 -0.127 0.060 0.257 0.409 0.596 0.833 0.997 1.173 1.402 1.736 1.917 2.037 2.130 2.242 2.322 2.361 2.405 2.384 2.321 2.224 2.121 2.034 2.034 0.891
6.00 63.10 -0.213 -0.031 0.163 0.312 0.495 0.727 0.889 1.062 1.289 1.614 1.791 1.907 1.996 2.104 2.180 2.215 2.257 2.233 2.173 2.075 1.973 1.881 1.881 0.745
6.00 79.43 -0.309 -0.132 0.058 0.204 0.383 0.610 0.769 0.939 1.163 1.479 1.650 1.763 1.847 1.951 2.024 2.055 2.095 2.067 2.009 1.911 1.810 1.716 1.716 0.583
6.00 100.00 -0.418 -0.247 -0.060 0.082 0.258 0.479 0.636 0.803 1.023 1.328 1.494 1.604 1.684 1.785 1.854 1.881 1.919 1.887 1.832 1.733 1.635 1.541 1.541 0.405
6.00 125.89 -0.543 -0.378 -0.194 -0.056 0.116 0.332 0.486 0.649 0.865 1.160 1.321 1.430 1.506 1.606 1.671 1.694 1.731 1.696 1.644 1.544 1.450 1.357 1.357 0.211
6.00 158.49 -0.688 -0.528 -0.348 -0.214 -0.046 0.165 0.316 0.476 0.686 0.971 1.128 1.238 1.312 1.411 1.475 1.495 1.532 1.494 1.445 1.345 1.254 1.164 1.164 -0.001
6.00 199.53 -0.857 -0.703 -0.527 -0.396 -0.232 -0.027 0.121 0.278 0.483 0.758 0.912 1.024 1.098 1.201 1.265 1.284 1.321 1.281 1.236 1.137 1.050 0.963 0.963 -0.234
6.00 251.19 -1.056 -0.908 -0.736 -0.609 -0.448 -0.249 -0.104 0.049 0.249 0.514 0.666 0.786 0.862 0.972 1.040 1.058 1.099 1.059 1.018 0.918 0.836 0.753 0.753 -0.492
6.00 316.23 -1.293 -1.150 -0.982 -0.859 -0.702 -0.509 -0.367 -0.217 -0.024 0.233 0.386 0.517 0.598 0.720 0.797 0.817 0.863 0.825 0.790 0.691 0.613 0.534 0.534 -0.779
6.00 398.11 -1.577 -1.440 -1.276 -1.157 -1.004 -0.816 -0.677 -0.532 -0.343 -0.094 0.063 0.210 0.301 0.442 0.533 0.558 0.613 0.579 0.552 0.452 0.379 0.304 0.304 -1.102
6.00 501.19 -1.920 -1.789 -1.629 -1.514 -1.365 -1.183 -1.047 -0.905 -0.723 -0.479 -0.315 -0.143 -0.037 0.130 0.242 0.275 0.344 0.318 0.300 0.200 0.132 0.062 0.062 -1.471
6.00 630.96 -2.338 -2.213 -2.056 -1.945 -1.800 -1.624 -1.491 -1.353 -1.177 -0.937 -0.761 -0.556 -0.427 -0.223 -0.081 -0.035 0.053 0.041 0.034 -0.066 -0.130 -0.195 -0.195 -1.897
6.00 794.33 -2.849 -2.730 -2.577 -2.470 -2.329 -2.159 -2.029 -1.895 -1.725 -1.485 -1.291 -1.042 -0.883 -0.628 -0.444 -0.379 -0.265 -0.259 -0.251 -0.351 -0.410 -0.470 -0.470 -2.393
6.00 1000.00 -3.478 -3.365 -3.216 -3.113 -2.976 -2.812 -2.684 -2.555 -2.390 -2.147 -1.929 -1.620 -1.419 -1.098 -0.857 -0.767 -0.616 -0.584 -0.559 -0.659 -0.713 -0.768 -0.768 -2.977
6.25 1.00 0.621 0.850 1.075 1.256 1.466 1.734 1.912 2.066 2.228 2.524 2.687 2.803 2.903 3.007 3.070 3.115 3.164 3.183 3.146 3.093 3.030 3.067 3.067 1.733
6.25 1.26 0.615 0.844 1.069 1.249 1.459 1.726 1.903 2.058 2.221 2.518 2.682 2.797 2.897 3.001 3.064 3.108 3.157 3.175 3.136 3.083 3.020 3.055 3.055 1.727
6.25 1.58 0.608 0.836 1.060 1.240 1.449 1.716 1.893 2.048 2.213 2.511 2.675 2.790 2.890 2.994 3.056 3.100 3.148 3.165 3.125 3.071 3.007 3.041 3.041 1.719
6.25 2.00 0.599 0.826 1.050 1.229 1.438 1.704 1.880 2.036 2.203 2.502 2.666 2.782 2.881 2.985 3.047 3.091 3.138 3.152 3.111 3.056 2.992 3.024 3.024 1.710
6.25 2.51 0.589 0.814 1.038 1.216 1.424 1.689 1.865 2.021 2.190 2.491 2.656 2.771 2.871 2.975 3.037 3.079 3.125 3.138 3.095 3.039 2.974 3.004 3.004 1.698
6.25 3.16 0.575 0.800 1.023 1.200 1.407 1.671 1.847 2.003 2.175 2.478 2.644 2.759 2.858 2.963 3.024 3.066 3.111 3.121 3.076 3.018 2.952 2.979 2.979 1.685
6.25 3.98 0.560 0.783 1.004 1.181 1.387 1.649 1.824 1.982 2.157 2.462 2.629 2.745 2.844 2.948 3.010 3.051 3.095 3.102 3.055 2.995 2.927 2.951 2.951 1.669
6.25 5.01 0.541 0.762 0.983 1.158 1.363 1.623 1.798 1.956 2.135 2.443 2.612 2.728 2.827 2.931 2.994 3.033 3.076 3.080 3.030 2.968 2.898 2.918 2.918 1.651
6.25 6.31 0.518 0.738 0.957 1.131 1.335 1.593 1.766 1.926 2.109 2.421 2.591 2.708 2.807 2.912 2.974 3.013 3.054 3.055 3.002 2.937 2.865 2.879 2.879 1.629
6.25 7.94 0.492 0.709 0.927 1.099 1.302 1.557 1.729 1.891 2.079 2.394 2.566 2.684 2.783 2.888 2.952 2.990 3.030 3.027 2.970 2.902 2.828 2.835 2.835 1.603
6.25 10.00 0.462 0.676 0.892 1.062 1.263 1.516 1.687 1.850 2.044 2.362 2.536 2.655 2.754 2.860 2.926 2.963 3.002 2.995 2.935 2.863 2.786 2.785 2.785 1.571
6.25 12.59 0.427 0.638 0.852 1.020 1.219 1.469 1.638 1.803 2.002 2.324 2.500 2.620 2.719 2.826 2.893 2.931 2.969 2.958 2.895 2.819 2.739 2.727 2.727 1.533
6.25 15.85 0.386 0.594 0.806 0.972 1.169 1.415 1.583 1.749 1.953 2.279 2.456 2.576 2.675 2.784 2.853 2.890 2.928 2.914 2.848 2.768 2.684 2.661 2.661 1.485
6.25 19.95 0.341 0.545 0.754 0.918 1.112 1.355 1.520 1.687 1.897 2.224 2.403 2.523 2.621 2.730 2.802 2.839 2.877 2.860 2.792 2.708 2.620 2.586 2.586 1.426
6.25 25.12 0.289 0.489 0.696 0.857 1.048 1.287 1.451 1.618 1.832 2.159 2.338 2.457 2.554 2.664 2.737 2.774 2.813 2.793 2.725 2.637 2.545 2.498 2.498 1.353
6.25 31.62 0.231 0.427 0.631 0.789 0.977 1.212 1.374 1.541 1.757 2.083 2.260 2.378 2.473 2.582 2.657 2.693 2.732 2.711 2.643 2.552 2.457 2.397 2.397 1.265
6.25 39.81 0.166 0.358 0.558 0.713 0.899 1.129 1.288 1.454 1.671 1.994 2.170 2.286 2.378 2.485 2.559 2.595 2.634 2.610 2.544 2.450 2.353 2.283 2.283 1.161
6.25 50.12 0.093 0.280 0.477 0.629 0.811 1.036 1.193 1.358 1.575 1.892 2.064 2.178 2.266 2.372 2.444 2.478 2.517 2.491 2.427 2.331 2.232 2.153 2.153 1.040
6.25 63.10 0.011 0.192 0.386 0.535 0.714 0.934 1.088 1.251 1.466 1.777 1.945 2.055 2.140 2.242 2.312 2.343 2.382 2.353 2.291 2.194 2.095 2.010 2.010 0.902
6.25 79.43 -0.083 0.094 0.284 0.429 0.605 0.820 0.971 1.132 1.345 1.647 1.810 1.918 1.998 2.098 2.165 2.193 2.230 2.198 2.139 2.041 1.943 1.854 1.854 0.747
6.25 100.00 -0.189 -0.018 0.169 0.310 0.482 0.692 0.841 0.999 1.208 1.500 1.659 1.765 1.841 1.938 2.002 2.027 2.063 2.028 1.972 1.873 1.777 1.686 1.686 0.576
6.25 125.89 -0.312 -0.146 0.037 0.175 0.343 0.548 0.694 0.849 1.053 1.336 1.491 1.595 1.668 1.764 1.826 1.847 1.882 1.845 1.791 1.692 1.598 1.508 1.508 0.388
6.25 158.49 -0.454 -0.294 -0.114 0.020 0.184 0.383 0.527 0.678 0.878 1.151 1.301 1.407 1.478 1.575 1.635 1.654 1.689 1.649 1.599 1.499 1.409 1.320 1.320 0.180
6.25 199.53 -0.620 -0.466 -0.290 -0.160 0.001 0.194 0.335 0.483 0.678 0.941 1.089 1.197 1.268 1.369 1.430 1.447 1.483 1.442 1.396 1.296 1.210 1.124 1.124 -0.048
6.25 251.19 -0.817 -0.668 -0.496 -0.369 -0.212 -0.025 0.113 0.257 0.446 0.700 0.847 0.962 1.036 1.143 1.209 1.226 1.265 1.224 1.183 1.083 1.001 0.918 0.918 -0.302
6.25 316.23 -1.051 -0.908 -0.740 -0.617 -0.464 -0.282 -0.147 -0.007 0.177 0.422 0.570 0.697 0.776 0.895 0.970 0.989 1.034 0.994 0.959 0.859 0.781 0.702 0.702 -0.585
6.25 398.11 -1.332 -1.195 -1.031 -0.912 -0.763 -0.587 -0.455 -0.318 -0.140 0.098 0.249 0.393 0.482 0.620 0.709 0.732 0.786 0.752 0.724 0.624 0.550 0.476 0.476 -0.906
6.25 501.19 -1.673 -1.542 -1.381 -1.266 -1.121 -0.951 -0.822 -0.689 -0.517 -0.284 -0.126 0.042 0.146 0.311 0.421 0.453 0.521 0.494 0.475 0.375 0.307 0.237 0.237 -1.271
6.25 630.96 -2.088 -1.963 -1.806 -1.695 -1.554 -1.390 -1.264 -1.135 -0.968 -0.739 -0.569 -0.367 -0.241 -0.039 0.101 0.146 0.233 0.220 0.212 0.112 0.048 -0.017 -0.017 -1.694
6.25 794.33 -2.597 -2.477 -2.325 -2.218 -2.080 -1.922 -1.799 -1.674 -1.513 -1.285 -1.097 -0.851 -0.694 -0.441 -0.259 -0.196 -0.082 -0.077 -0.070 -0.170 -0.229 -0.289 -0.289 -2.187
6.25 1000.00 -3.223 -3.110 -2.961 -2.858 -2.725 -2.572 -2.452 -2.331 -2.176 -1.945 -1.732 -1.426 -1.227 -0.909 -0.669 -0.580 -0.431 -0.400 -0.375 -0.475 -0.529 -0.585 -0.585 -2.768
6.50 1.00 0.802 1.028 1.252 1.431 1.636 1.891 2.060 2.202 2.348 2.620 2.769 2.873 2.964 3.057 3.109 3.148 3.192 3.208 3.172 3.122 3.063 3.107 3.107 1.800
6.50 1.26 0.797 1.023 1.246 1.424 1.629 1.883 2.053 2.195 2.342 2.615 2.764 2.868 2.958 3.052 3.103 3.141 3.185 3.199 3.163 3.113 3.053 3.096 3.096 1.794
6.50 1.58 0.790 1.016 1.239 1.417 1.621 1.875 2.044 2.186 2.334 2.608 2.758 2.862 2.951 3.045 3.096 3.133 3.177 3.190 3.153 3.101 3.042 3.083 3.083 1.786
6.50 2.00 0.782 1.007 1.230 1.407 1.611 1.864 2.032 2.175 2.325 2.600 2.750 2.854 2.943 3.036 3.087 3.124 3.167 3.178 3.139 3.087 3.027 3.067 3.067 1.777
6.50 2.51 0.773 0.996 1.218 1.395 1.598 1.850 2.019 2.162 2.313 2.590 2.740 2.844 2.934 3.026 3.077 3.113 3.154 3.164 3.124 3.070 3.010 3.048 3.048 1.767
6.50 3.16 0.761 0.983 1.205 1.381 1.583 1.834 2.002 2.146 2.299 2.577 2.729 2.833 2.922 3.015 3.065 3.100 3.140 3.147 3.106 3.050 2.989 3.025 3.025 1.754
6.50 3.98 0.747 0.968 1.188 1.363 1.565 1.814 1.981 2.127 2.283 2.563 2.715 2.819 2.908 3.001 3.051 3.085 3.124 3.128 3.084 3.028 2.965 2.998 2.998 1.739
6.50 5.01 0.730 0.949 1.168 1.343 1.543 1.791 1.957 2.103 2.263 2.546 2.699 2.804 2.892 2.985 3.035 3.068 3.105 3.106 3.060 3.001 2.938 2.967 2.967 1.722
6.50 6.31 0.709 0.927 1.145 1.318 1.517 1.763 1.928 2.076 2.239 2.525 2.680 2.785 2.874 2.967 3.016 3.049 3.085 3.082 3.033 2.971 2.906 2.930 2.930 1.702
6.50 7.94 0.685 0.901 1.117 1.289 1.487 1.730 1.894 2.043 2.212 2.501 2.658 2.764 2.852 2.945 2.996 3.027 3.061 3.055 3.002 2.938 2.870 2.889 2.889 1.678
6.50 10.00 0.657 0.870 1.085 1.255 1.451 1.692 1.855 2.005 2.179 2.472 2.631 2.738 2.826 2.920 2.972 3.002 3.035 3.025 2.969 2.900 2.830 2.842 2.842 1.650
6.50 12.59 0.625 0.835 1.048 1.215 1.410 1.648 1.809 1.961 2.141 2.438 2.599 2.707 2.796 2.891 2.944 2.974 3.006 2.991 2.931 2.859 2.786 2.788 2.788 1.616
6.50 15.85 0.587 0.794 1.005 1.170 1.363 1.597 1.757 1.911 2.097 2.398 2.561 2.669 2.758 2.854 2.910 2.939 2.970 2.952 2.889 2.812 2.736 2.728 2.728 1.575
6.50 19.95 0.544 0.748 0.956 1.119 1.309 1.540 1.699 1.854 2.045 2.349 2.514 2.623 2.712 2.809 2.867 2.896 2.928 2.906 2.840 2.759 2.678 2.659 2.659 1.525
6.50 25.12 0.496 0.695 0.901 1.062 1.249 1.476 1.633 1.788 1.984 2.291 2.456 2.566 2.654 2.753 2.813 2.842 2.874 2.849 2.781 2.697 2.612 2.580 2.580 1.462
6.50 31.62 0.441 0.636 0.839 0.997 1.181 1.404 1.559 1.715 1.915 2.221 2.387 2.496 2.583 2.682 2.745 2.774 2.806 2.779 2.711 2.622 2.534 2.489 2.489 1.385
6.50 39.81 0.379 0.569 0.769 0.924 1.106 1.324 1.476 1.633 1.835 2.140 2.304 2.412 2.498 2.596 2.660 2.689 2.722 2.693 2.625 2.534 2.442 2.385 2.385 1.292
6.50 50.12 0.308 0.494 0.691 0.843 1.021 1.235 1.385 1.540 1.743 2.044 2.207 2.313 2.396 2.494 2.558 2.586 2.619 2.589 2.522 2.428 2.334 2.266 2.266 1.181
6.50 63.10 0.229 0.410 0.603 0.752 0.927 1.136 1.283 1.437 1.640 1.935 2.095 2.199 2.279 2.375 2.437 2.464 2.498 2.465 2.401 2.305 2.209 2.133 2.133 1.053
6.50 79.43 0.138 0.314 0.504 0.649 0.821 1.025 1.170 1.321 1.522 1.810 1.966 2.069 2.145 2.239 2.300 2.324 2.358 2.323 2.262 2.164 2.069 1.987 1.987 0.907
6.50 100.00 0.034 0.205 0.392 0.533 0.701 0.900 1.042 1.191 1.389 1.669 1.821 1.922 1.995 2.087 2.146 2.168 2.201 2.163 2.106 2.007 1.913 1.827 1.827 0.743
6.50 125.89 -0.085 0.080 0.263 0.401 0.565 0.759 0.898 1.044 1.238 1.509 1.657 1.757 1.827 1.920 1.977 1.996 2.029 1.989 1.934 1.835 1.743 1.656 1.656 0.561
6.50 158.49 -0.225 -0.065 0.114 0.249 0.409 0.597 0.734 0.877 1.067 1.328 1.472 1.574 1.642 1.736 1.793 1.810 1.842 1.801 1.750 1.650 1.561 1.474 1.474 0.359
6.50 199.53 -0.388 -0.234 -0.059 0.072 0.229 0.411 0.545 0.685 0.869 1.121 1.263 1.368 1.437 1.534 1.593 1.608 1.643 1.600 1.553 1.453 1.367 1.283 1.283 0.135
6.50 251.19 -0.582 -0.434 -0.262 -0.135 0.018 0.195 0.325 0.462 0.641 0.884 1.025 1.137 1.208 1.313 1.376 1.392 1.430 1.387 1.345 1.245 1.163 1.081 1.081 -0.114
6.50 316.23 -0.814 -0.671 -0.503 -0.380 -0.231 -0.060 0.068 0.200 0.375 0.609 0.751 0.875 0.951 1.069 1.141 1.159 1.202 1.162 1.126 1.025 0.948 0.870 0.870 -0.394
6.50 398.11 -1.093 -0.956 -0.792 -0.673 -0.527 -0.362 -0.237 -0.108 0.060 0.288 0.434 0.574 0.661 0.797 0.883 0.906 0.959 0.923 0.894 0.794 0.721 0.647 0.647 -0.711
6.50 501.19 -1.431 -1.300 -1.139 -1.024 -0.883 -0.723 -0.601 -0.476 -0.313 -0.091 0.062 0.226 0.328 0.491 0.599 0.630 0.697 0.669 0.650 0.549 0.481 0.411 0.411 -1.073
6.50 630.96 -1.843 -1.718 -1.562 -1.451 -1.313 -1.160 -1.040 -0.919 -0.762 -0.543 -0.379 -0.181 -0.056 0.143 0.282 0.326 0.412 0.398 0.389 0.289 0.225 0.160 0.160 -1.492
6.50 794.33 -2.350 -2.230 -2.078 -1.971 -1.837 -1.689 -1.573 -1.456 -1.305 -1.086 -0.904 -0.661 -0.506 -0.256 -0.075 -0.013 0.100 0.104 0.110 0.010 -0.049 -0.110 -0.110 -1.982
6.50 1000.00 -2.973 -2.860 -2.712 -2.608 -2.478 -2.337 -2.224 -2.111 -1.965 -1.744 -1.536 -1.234 -1.037 -0.720 -0.483 -0.395 -0.246 -0.216 -0.192 -0.292 -0.347 -0.402 -0.402 -2.561
6.75 1.00 0.979 1.203 1.425 1.602 1.803 2.045 2.207 2.338 2.467 2.717 2.852 2.945 3.026 3.109 3.150 3.182 3.223 3.234 3.201 3.153 3.099 3.148 3.148 1.868
6.75 1.26 0.975 1.198 1.420 1.597 1.797 2.038 2.200 2.331 2.461 2.712 2.847 2.940 3.021 3.103 3.144 3.176 3.216 3.226 3.193 3.144 3.089 3.138 3.138 1.862
6.75 1.58 0.969 1.192 1.413 1.590 1.789 2.030 2.192 2.323 2.454 2.705 2.841 2.934 3.014 3.097 3.137 3.168 3.207 3.217 3.182 3.133 3.078 3.126 3.126 1.855
6.75 2.00 0.962 1.184 1.405 1.581 1.780 2.021 2.182 2.313 2.446 2.698 2.834 2.926 3.007 3.089 3.128 3.159 3.197 3.205 3.170 3.120 3.064 3.111 3.111 1.846
6.75 2.51 0.953 1.175 1.395 1.570 1.769 2.009 2.169 2.301 2.435 2.688 2.825 2.917 2.997 3.079 3.118 3.148 3.185 3.191 3.155 3.104 3.048 3.093 3.093 1.836
6.75 3.16 0.943 1.163 1.383 1.557 1.755 1.994 2.154 2.287 2.423 2.677 2.814 2.907 2.986 3.068 3.106 3.136 3.171 3.175 3.137 3.084 3.028 3.072 3.072 1.824
6.75 3.98 0.930 1.149 1.368 1.542 1.739 1.976 2.136 2.269 2.407 2.663 2.801 2.894 2.973 3.054 3.092 3.121 3.155 3.156 3.116 3.062 3.005 3.046 3.046 1.810
6.75 5.01 0.914 1.132 1.350 1.523 1.719 1.955 2.114 2.248 2.389 2.647 2.786 2.879 2.958 3.039 3.077 3.104 3.137 3.135 3.092 3.037 2.978 3.017 3.017 1.793
6.75 6.31 0.896 1.112 1.329 1.500 1.695 1.929 2.087 2.222 2.367 2.628 2.769 2.862 2.940 3.021 3.059 3.085 3.116 3.111 3.065 3.007 2.948 2.982 2.982 1.774
6.75 7.94 0.874 1.088 1.303 1.473 1.667 1.899 2.056 2.193 2.342 2.606 2.748 2.842 2.920 3.001 3.039 3.064 3.093 3.084 3.035 2.974 2.913 2.943 2.943 1.752
6.75 10.00 0.848 1.060 1.273 1.442 1.634 1.864 2.019 2.157 2.312 2.580 2.724 2.818 2.897 2.978 3.017 3.040 3.068 3.054 3.002 2.938 2.875 2.898 2.898 1.726
6.75 12.59 0.818 1.027 1.239 1.406 1.596 1.823 1.977 2.117 2.277 2.549 2.695 2.790 2.869 2.952 2.991 3.014 3.040 3.022 2.966 2.898 2.832 2.848 2.848 1.696
6.75 15.85 0.783 0.989 1.199 1.364 1.552 1.775 1.928 2.070 2.236 2.512 2.661 2.757 2.836 2.920 2.961 2.983 3.008 2.986 2.926 2.854 2.785 2.791 2.791 1.661
6.75 19.95 0.743 0.945 1.153 1.316 1.501 1.722 1.873 2.016 2.188 2.469 2.619 2.717 2.796 2.881 2.925 2.947 2.971 2.945 2.882 2.805 2.732 2.728 2.728 1.617
6.75 25.12 0.697 0.896 1.101 1.261 1.444 1.661 1.810 1.955 2.133 2.417 2.569 2.668 2.747 2.834 2.880 2.902 2.926 2.897 2.831 2.750 2.672 2.656 2.656 1.563
6.75 31.62 0.645 0.839 1.042 1.199 1.380 1.592 1.740 1.885 2.068 2.354 2.507 2.607 2.685 2.774 2.823 2.845 2.870 2.838 2.770 2.685 2.603 2.574 2.574 1.496
6.75 39.81 0.586 0.776 0.975 1.130 1.307 1.516 1.661 1.807 1.994 2.279 2.433 2.532 2.610 2.699 2.751 2.773 2.799 2.765 2.696 2.607 2.522 2.480 2.480 1.414
6.75 50.12 0.518 0.704 0.900 1.052 1.226 1.430 1.573 1.718 1.907 2.191 2.344 2.443 2.519 2.608 2.662 2.684 2.711 2.675 2.607 2.515 2.427 2.372 2.372 1.315
6.75 63.10 0.441 0.622 0.815 0.964 1.135 1.334 1.474 1.619 1.809 2.089 2.239 2.337 2.411 2.500 2.554 2.576 2.604 2.566 2.501 2.406 2.315 2.250 2.250 1.197
6.75 79.43 0.354 0.529 0.719 0.864 1.032 1.226 1.364 1.507 1.696 1.970 2.118 2.215 2.286 2.375 2.428 2.448 2.477 2.438 2.375 2.279 2.187 2.114 2.114 1.061
6.75 100.00 0.253 0.423 0.610 0.751 0.915 1.104 1.239 1.380 1.567 1.834 1.979 2.075 2.144 2.232 2.285 2.303 2.332 2.291 2.232 2.134 2.042 1.963 1.963 0.906
6.75 125.89 0.136 0.301 0.484 0.621 0.782 0.965 1.098 1.236 1.420 1.679 1.821 1.916 1.983 2.071 2.124 2.140 2.170 2.127 2.071 1.972 1.882 1.800 1.800 0.731
6.75 158.49 -0.001 0.158 0.338 0.472 0.629 0.807 0.937 1.072 1.252 1.502 1.641 1.738 1.804 1.894 1.947 1.962 1.992 1.948 1.896 1.796 1.708 1.625 1.625 0.535
6.75 199.53 -0.162 -0.008 0.167 0.298 0.451 0.624 0.751 0.883 1.058 1.300 1.436 1.537 1.603 1.697 1.753 1.767 1.799 1.754 1.707 1.607 1.521 1.439 1.439 0.316
6.75 251.19 -0.353 -0.205 -0.033 0.093 0.243 0.410 0.534 0.663 0.833 1.066 1.201 1.310 1.378 1.481 1.541 1.555 1.592 1.547 1.505 1.404 1.323 1.243 1.243 0.072
6.75 316.23 -0.582 -0.440 -0.272 -0.149 -0.003 0.158 0.279 0.404 0.570 0.794 0.931 1.051 1.125 1.240 1.310 1.326 1.369 1.327 1.290 1.190 1.112 1.035 1.035 -0.204
6.75 398.11 -0.858 -0.722 -0.558 -0.439 -0.296 -0.142 -0.023 0.098 0.258 0.476 0.616 0.754 0.838 0.972 1.056 1.078 1.129 1.093 1.063 0.963 0.890 0.816 0.816 -0.517
6.75 501.19 -1.194 -1.063 -0.903 -0.788 -0.649 -0.500 -0.385 -0.267 -0.113 0.099 0.247 0.409 0.509 0.669 0.775 0.805 0.871 0.843 0.822 0.722 0.653 0.584 0.584 -0.876
6.75 630.96 -1.604 -1.479 -1.323 -1.211 -1.077 -0.934 -0.821 -0.707 -0.559 -0.350 -0.190 0.005 0.127 0.325 0.461 0.504 0.590 0.574 0.565 0.465 0.401 0.336 0.336 -1.292
6.75 794.33 -2.108 -1.988 -1.836 -1.729 -1.598 -1.461 -1.351 -1.241 -1.099 -0.890 -0.713 -0.473 -0.320 -0.072 0.107 0.169 0.281 0.284 0.289 0.189 0.130 0.069 0.069 -1.779
6.75 1000.00 -2.729 -2.616 -2.467 -2.364 -2.237 -2.106 -1.999 -1.893 -1.757 -1.545 -1.343 -1.043 -0.848 -0.533 -0.298 -0.210 -0.062 -0.033 -0.010 -0.110 -0.165 -0.221 -0.221 -2.355
7.00 1.00 1.153 1.374 1.595 1.770 1.966 2.197 2.352 2.472 2.585 2.813 2.936 3.018 3.090 3.162 3.192 3.219 3.255 3.263 3.233 3.186 3.136 3.192 3.192 1.937
7.00 1.26 1.149 1.370 1.590 1.765 1.961 2.191 2.346 2.466 2.580 2.809 2.931 3.013 3.085 3.157 3.187 3.213 3.248 3.256 3.225 3.178 3.127 3.182 3.182 1.932
7.00 1.58 1.144 1.364 1.584 1.759 1.954 2.184 2.338 2.459 2.574 2.803 2.925 3.007 3.079 3.151 3.180 3.206 3.240 3.246 3.215 3.167 3.116 3.171 3.171 1.925
7.00 2.00 1.137 1.357 1.577 1.751 1.946 2.175 2.329 2.450 2.566 2.796 2.918 3.000 3.071 3.143 3.171 3.197 3.230 3.235 3.202 3.154 3.103 3.157 3.157 1.917
7.00 2.51 1.130 1.349 1.568 1.742 1.936 2.164 2.318 2.439 2.556 2.787 2.910 2.992 3.062 3.133 3.161 3.186 3.219 3.222 3.188 3.139 3.088 3.140 3.140 1.907
7.00 3.16 1.120 1.339 1.557 1.730 1.924 2.151 2.304 2.426 2.545 2.776 2.900 2.981 3.051 3.122 3.150 3.173 3.205 3.206 3.171 3.121 3.069 3.120 3.120 1.895
7.00 3.98 1.109 1.326 1.544 1.716 1.909 2.135 2.287 2.410 2.531 2.764 2.888 2.969 3.039 3.109 3.136 3.159 3.189 3.187 3.150 3.099 3.047 3.096 3.096 1.882
7.00 5.01 1.095 1.311 1.527 1.699 1.891 2.115 2.267 2.390 2.514 2.748 2.873 2.955 3.024 3.094 3.120 3.142 3.170 3.166 3.127 3.074 3.021 3.068 3.068 1.865
7.00 6.31 1.078 1.292 1.508 1.678 1.869 2.092 2.243 2.367 2.494 2.731 2.857 2.938 3.007 3.077 3.103 3.123 3.149 3.142 3.100 3.045 2.991 3.035 3.035 1.847
7.00 7.94 1.058 1.270 1.485 1.654 1.843 2.064 2.214 2.339 2.470 2.710 2.837 2.919 2.988 3.057 3.083 3.101 3.126 3.115 3.070 3.013 2.958 2.997 2.997 1.826
7.00 10.00 1.034 1.244 1.457 1.625 1.813 2.031 2.181 2.307 2.442 2.686 2.815 2.897 2.966 3.035 3.061 3.078 3.101 3.085 3.037 2.977 2.920 2.955 2.955 1.802
7.00 12.59 1.007 1.214 1.425 1.591 1.777 1.993 2.141 2.269 2.410 2.657 2.788 2.872 2.940 3.011 3.037 3.053 3.074 3.053 3.002 2.938 2.878 2.907 2.907 1.774
7.00 15.85 0.974 1.179 1.388 1.552 1.736 1.949 2.096 2.225 2.372 2.624 2.757 2.842 2.910 2.982 3.009 3.024 3.044 3.019 2.963 2.895 2.833 2.853 2.853 1.742
7.00 19.95 0.937 1.138 1.345 1.507 1.689 1.899 2.043 2.175 2.328 2.584 2.720 2.806 2.875 2.948 2.978 2.992 3.011 2.981 2.921 2.849 2.783 2.794 2.794 1.703
7.00 25.12 0.894 1.091 1.296 1.455 1.635 1.841 1.984 2.117 2.277 2.537 2.676 2.763 2.833 2.907 2.939 2.954 2.972 2.938 2.874 2.798 2.728 2.728 2.728 1.657
7.00 31.62 0.844 1.038 1.240 1.397 1.573 1.776 1.917 2.052 2.217 2.481 2.621 2.710 2.780 2.857 2.892 2.906 2.925 2.887 2.821 2.740 2.666 2.653 2.653 1.599
7.00 39.81 0.788 0.977 1.176 1.330 1.504 1.702 1.841 1.977 2.148 2.413 2.555 2.645 2.714 2.793 2.831 2.846 2.866 2.826 2.758 2.672 2.594 2.568 2.568 1.528
7.00 50.12 0.723 0.908 1.104 1.255 1.426 1.620 1.757 1.892 2.067 2.333 2.475 2.565 2.634 2.714 2.755 2.771 2.791 2.750 2.682 2.592 2.510 2.470 2.470 1.440
7.00 63.10 0.649 0.829 1.022 1.170 1.338 1.527 1.661 1.797 1.973 2.237 2.378 2.469 2.536 2.617 2.661 2.677 2.699 2.656 2.589 2.496 2.411 2.359 2.359 1.334
7.00 79.43 0.564 0.739 0.929 1.073 1.238 1.422 1.554 1.688 1.865 2.125 2.265 2.355 2.421 2.503 2.548 2.563 2.587 2.543 2.479 2.383 2.296 2.234 2.234 1.208
7.00 100.00 0.466 0.636 0.822 0.963 1.124 1.303 1.433 1.565 1.741 1.995 2.133 2.223 2.287 2.370 2.416 2.431 2.455 2.410 2.349 2.252 2.164 2.093 2.093 1.062
7.00 125.89 0.351 0.516 0.699 0.836 0.994 1.168 1.294 1.425 1.599 1.846 1.980 2.072 2.134 2.218 2.266 2.279 2.305 2.259 2.201 2.103 2.015 1.939 1.939 0.896
7.00 158.49 0.217 0.377 0.556 0.690 0.844 1.012 1.136 1.264 1.434 1.674 1.806 1.899 1.961 2.048 2.097 2.109 2.136 2.090 2.036 1.937 1.851 1.772 1.772 0.707
7.00 199.53 0.059 0.213 0.388 0.518 0.669 0.832 0.953 1.077 1.244 1.475 1.605 1.703 1.766 1.858 1.909 1.921 1.952 1.905 1.856 1.756 1.672 1.593 1.593 0.494
7.00 251.19 -0.130 0.019 0.190 0.317 0.463 0.620 0.739 0.860 1.022 1.245 1.375 1.480 1.546 1.646 1.703 1.716 1.751 1.705 1.661 1.561 1.480 1.402 1.402 0.255
7.00 316.23 -0.356 -0.213 -0.046 0.077 0.220 0.371 0.487 0.605 0.762 0.977 1.108 1.225 1.297 1.410 1.477 1.492 1.533 1.490 1.453 1.352 1.275 1.199 1.199 -0.017
7.00 398.11 -0.630 -0.493 -0.329 -0.210 -0.071 0.075 0.187 0.301 0.453 0.661 0.797 0.931 1.014 1.145 1.227 1.248 1.298 1.261 1.231 1.130 1.057 0.984 0.984 -0.326
7.00 501.19 -0.963 -0.832 -0.671 -0.556 -0.421 -0.282 -0.172 -0.061 0.085 0.288 0.431 0.590 0.687 0.846 0.950 0.979 1.044 1.015 0.994 0.893 0.824 0.755 0.755 -0.681
7.00 630.96 -1.370 -1.245 -1.089 -0.978 -0.846 -0.712 -0.606 -0.499 -0.358 -0.159 -0.003 0.189 0.309 0.505 0.639 0.681 0.766 0.750 0.740 0.640 0.576 0.511 0.511 -1.094
7.00 794.33 -1.871 -1.752 -1.600 -1.492 -1.365 -1.237 -1.133 -1.030 -0.896 -0.696 -0.523 -0.286 -0.135 0.111 0.288 0.349 0.460 0.463 0.468 0.367 0.307 0.247 0.247 -1.578
7.00 1000.00 -2.490 -2.377 -2.228 -2.125 -2.002 -1.879 -1.779 -1.680 -1.551 -1.348 -1.150 -0.853 -0.660 -0.348 -0.114 -0.027 0.120 0.149 0.171 0.071 0.016 -0.040 -0.040 -2.151
7.25 1.00 1.323 1.542 1.761 1.935 2.126 2.346 2.494 2.604 2.703 2.911 3.020 3.092 3.155 3.217 3.237 3.259 3.290 3.295 3.266 3.222 3.175 3.237 3.237 2.008
7.25 1.26 1.320 1.538 1.757 1.931 2.122 2.341 2.489 2.599 2.698 2.906 3.016 3.088 3.150 3.212 3.232 3.253 3.283 3.287 3.259 3.214 3.167 3.228 3.228 2.003
7.25 1.58 1.315 1.533 1.752 1.925 2.116 2.334 2.482 2.593 2.692 2.901 3.011 3.082 3.144 3.206 3.225 3.246 3.276 3.278 3.249 3.204 3.157 3.218 3.218 1.996
7.25 2.00 1.310 1.527 1.745 1.918 2.108 2.326 2.474 2.585 2.685 2.894 3.004 3.075 3.137 3.199 3.217 3.237 3.266 3.268 3.238 3.192 3.145 3.205 3.205 1.989
7.25 2.51 1.303 1.520 1.737 1.910 2.099 2.316 2.464 2.575 2.677 2.886 2.996 3.067 3.128 3.189 3.207 3.226 3.255 3.255 3.224 3.177 3.130 3.189 3.189 1.979
7.25 3.16 1.294 1.510 1.727 1.899 2.088 2.305 2.451 2.563 2.666 2.876 2.986 3.057 3.118 3.179 3.196 3.214 3.241 3.239 3.207 3.159 3.112 3.170 3.170 1.968
7.25 3.98 1.284 1.499 1.715 1.886 2.075 2.290 2.436 2.548 2.653 2.864 2.975 3.045 3.106 3.166 3.182 3.199 3.225 3.221 3.187 3.139 3.091 3.148 3.148 1.955
7.25 5.01 1.271 1.485 1.700 1.871 2.058 2.272 2.418 2.530 2.637 2.850 2.961 3.032 3.091 3.151 3.166 3.182 3.206 3.200 3.164 3.114 3.066 3.121 3.121 1.939
7.25 6.31 1.256 1.468 1.683 1.852 2.038 2.251 2.396 2.509 2.619 2.833 2.945 3.015 3.075 3.134 3.148 3.163 3.185 3.176 3.138 3.086 3.037 3.089 3.089 1.921
7.25 7.94 1.238 1.448 1.661 1.829 2.015 2.226 2.370 2.483 2.597 2.813 2.926 2.997 3.056 3.114 3.128 3.141 3.162 3.148 3.108 3.054 3.004 3.053 3.053 1.900
7.25 10.00 1.216 1.425 1.636 1.803 1.987 2.195 2.338 2.453 2.571 2.790 2.905 2.976 3.034 3.093 3.106 3.118 3.136 3.119 3.075 3.018 2.967 3.012 3.012 1.877
7.25 12.59 1.191 1.396 1.607 1.772 1.954 2.160 2.302 2.418 2.541 2.764 2.880 2.952 3.010 3.069 3.082 3.092 3.109 3.086 3.039 2.979 2.926 2.966 2.966 1.850
7.25 15.85 1.161 1.364 1.572 1.735 1.916 2.119 2.259 2.377 2.506 2.733 2.851 2.924 2.982 3.042 3.056 3.064 3.079 3.052 3.001 2.937 2.882 2.915 2.915 1.820
7.25 19.95 1.126 1.326 1.532 1.693 1.871 2.071 2.210 2.330 2.465 2.696 2.818 2.892 2.951 3.011 3.027 3.034 3.047 3.015 2.959 2.892 2.834 2.858 2.858 1.785
7.25 25.12 1.085 1.281 1.485 1.644 1.820 2.017 2.154 2.276 2.417 2.654 2.778 2.854 2.913 2.975 2.993 3.000 3.012 2.975 2.915 2.843 2.781 2.796 2.796 1.744
7.25 31.62 1.038 1.231 1.432 1.589 1.762 1.955 2.090 2.214 2.362 2.603 2.729 2.807 2.867 2.932 2.953 2.960 2.971 2.930 2.867 2.790 2.724 2.727 2.727 1.694
7.25 39.81 0.984 1.173 1.372 1.525 1.696 1.885 2.018 2.143 2.297 2.542 2.670 2.750 2.810 2.878 2.902 2.910 2.922 2.877 2.811 2.729 2.659 2.649 2.649 1.633
7.25 50.12 0.922 1.107 1.303 1.453 1.621 1.806 1.937 2.063 2.221 2.468 2.598 2.679 2.740 2.810 2.839 2.846 2.860 2.813 2.746 2.659 2.585 2.561 2.561 1.556
7.25 63.10 0.851 1.031 1.224 1.371 1.536 1.716 1.844 1.971 2.133 2.380 2.511 2.593 2.654 2.726 2.758 2.767 2.782 2.734 2.666 2.576 2.498 2.461 2.461 1.462
7.25 79.43 0.769 0.944 1.133 1.277 1.439 1.614 1.740 1.866 2.031 2.275 2.406 2.489 2.549 2.623 2.659 2.668 2.685 2.636 2.571 2.477 2.396 2.346 2.346 1.348
7.25 100.00 0.673 0.843 1.029 1.170 1.328 1.498 1.622 1.747 1.911 2.152 2.281 2.366 2.425 2.501 2.540 2.549 2.569 2.519 2.456 2.360 2.277 2.217 2.217 1.212
7.25 125.89 0.562 0.726 0.909 1.046 1.201 1.366 1.487 1.610 1.773 2.008 2.136 2.222 2.281 2.359 2.400 2.409 2.431 2.382 2.322 2.225 2.140 2.073 2.073 1.055
7.25 158.49 0.430 0.590 0.768 0.902 1.053 1.213 1.331 1.452 1.613 1.841 1.967 2.056 2.115 2.197 2.241 2.250 2.274 2.225 2.170 2.071 1.987 1.915 1.915 0.875
7.25 199.53 0.275 0.428 0.604 0.734 0.881 1.035 1.151 1.269 1.426 1.647 1.772 1.866 1.926 2.014 2.062 2.071 2.099 2.050 2.000 1.900 1.818 1.743 1.743 0.669
7.25 251.19 0.089 0.237 0.408 0.535 0.679 0.827 0.940 1.054 1.208 1.421 1.546 1.648 1.711 1.808 1.863 1.873 1.906 1.858 1.813 1.713 1.633 1.558 1.558 0.435
7.25 316.23 -0.135 0.007 0.175 0.298 0.438 0.580 0.690 0.802 0.951 1.157 1.283 1.397 1.467 1.577 1.642 1.655 1.695 1.650 1.612 1.511 1.435 1.361 1.361 0.168
7.25 398.11 -0.406 -0.269 -0.105 0.013 0.150 0.286 0.394 0.501 0.645 0.845 0.976 1.107 1.187 1.317 1.396 1.416 1.465 1.426 1.395 1.295 1.222 1.150 1.150 -0.137
7.25 501.19 -0.736 -0.606 -0.445 -0.331 -0.198 -0.067 0.037 0.141 0.280 0.474 0.613 0.769 0.865 1.021 1.123 1.151 1.215 1.185 1.163 1.062 0.994 0.925 0.925 -0.488
7.25 630.96 -1.141 -1.016 -0.860 -0.749 -0.621 -0.495 -0.394 -0.294 -0.161 0.031 0.181 0.371 0.489 0.683 0.816 0.857 0.941 0.924 0.914 0.813 0.749 0.684 0.684 -0.897
7.25 794.33 -1.640 -1.521 -1.368 -1.261 -1.137 -1.017 -0.919 -0.822 -0.695 -0.504 -0.336 -0.101 0.048 0.293 0.468 0.528 0.639 0.640 0.645 0.544 0.484 0.424 0.424 -1.378
7.25 1000.00 -2.256 -2.143 -1.995 -1.891 -1.771 -1.657 -1.562 -1.469 -1.348 -1.153 -0.960 -0.665 -0.474 -0.163 0.069 0.155 0.301 0.329 0.352 0.251 0.196 0.140 0.140 -1.948
7.50 1.00 1.490 1.707 1.924 2.096 2.283 2.492 2.635 2.735 2.820 3.008 3.106 3.168 3.222 3.275 3.285 3.301 3.328 3.329 3.303 3.260 3.217 3.284 3.284 2.081
7.50 1.26 1.487 1.703 1.920 2.092 2.279 2.488 2.630 2.731 2.816 3.004 3.102 3.164 3.217 3.270 3.279 3.295 3.321 3.322 3.295 3.252 3.210 3.276 3.276 2.076
7.50 1.58 1.483 1.699 1.916 2.087 2.274 2.482 2.624 2.725 2.811 2.999 3.097 3.158 3.212 3.264 3.273 3.288 3.314 3.313 3.286 3.243 3.200 3.267 3.267 2.070
7.50 2.00 1.478 1.693 1.910 2.081 2.267 2.475 2.617 2.718 2.804 2.993 3.090 3.152 3.205 3.256 3.265 3.279 3.304 3.303 3.275 3.231 3.189 3.255 3.255 2.063
7.50 2.51 1.472 1.687 1.903 2.073 2.259 2.466 2.607 2.709 2.796 2.985 3.083 3.144 3.196 3.248 3.255 3.269 3.293 3.290 3.262 3.217 3.175 3.240 3.240 2.053
7.50 3.16 1.464 1.678 1.894 2.064 2.249 2.455 2.596 2.698 2.786 2.975 3.073 3.134 3.186 3.237 3.244 3.257 3.280 3.275 3.246 3.201 3.158 3.222 3.222 2.042
7.50 3.98 1.455 1.668 1.883 2.052 2.237 2.442 2.583 2.684 2.774 2.964 3.062 3.123 3.174 3.224 3.230 3.242 3.264 3.257 3.227 3.181 3.137 3.201 3.201 2.029
7.50 5.01 1.444 1.655 1.869 2.038 2.222 2.426 2.566 2.668 2.760 2.951 3.049 3.109 3.160 3.210 3.215 3.225 3.246 3.237 3.204 3.157 3.113 3.175 3.175 2.014
7.50 6.31 1.430 1.640 1.853 2.021 2.204 2.407 2.546 2.649 2.742 2.935 3.034 3.094 3.144 3.193 3.197 3.206 3.224 3.212 3.178 3.129 3.085 3.146 3.146 1.996
7.50 7.94 1.413 1.622 1.834 2.001 2.182 2.383 2.522 2.625 2.722 2.916 3.016 3.076 3.125 3.173 3.176 3.184 3.201 3.185 3.149 3.098 3.053 3.111 3.111 1.976
7.50 10.00 1.394 1.600 1.811 1.976 2.157 2.356 2.493 2.597 2.698 2.894 2.995 3.055 3.104 3.152 3.154 3.159 3.174 3.155 3.116 3.062 3.017 3.071 3.071 1.953
7.50 12.59 1.370 1.574 1.783 1.947 2.126 2.323 2.459 2.565 2.669 2.869 2.971 3.031 3.080 3.128 3.129 3.133 3.146 3.122 3.079 3.023 2.976 3.027 3.027 1.927
7.50 15.85 1.342 1.544 1.751 1.913 2.090 2.285 2.419 2.527 2.636 2.840 2.944 3.005 3.054 3.101 3.103 3.105 3.116 3.087 3.040 2.981 2.932 2.977 2.977 1.898
7.50 19.95 1.309 1.508 1.714 1.874 2.049 2.240 2.373 2.482 2.598 2.806 2.912 2.975 3.024 3.072 3.075 3.075 3.084 3.050 2.999 2.936 2.885 2.922 2.922 1.865
7.50 25.12 1.271 1.467 1.670 1.828 2.001 2.189 2.321 2.431 2.554 2.766 2.876 2.940 2.989 3.039 3.043 3.043 3.050 3.011 2.955 2.888 2.834 2.863 2.863 1.827
7.50 31.62 1.227 1.419 1.620 1.775 1.946 2.130 2.260 2.373 2.502 2.720 2.832 2.899 2.949 3.001 3.008 3.007 3.013 2.969 2.909 2.837 2.779 2.798 2.798 1.783
7.50 39.81 1.176 1.364 1.562 1.715 1.883 2.063 2.191 2.306 2.442 2.664 2.780 2.848 2.899 2.954 2.965 2.964 2.970 2.922 2.858 2.781 2.719 2.726 2.726 1.729
7.50 50.12 1.117 1.300 1.496 1.646 1.811 1.987 2.113 2.229 2.371 2.597 2.715 2.786 2.838 2.897 2.912 2.912 2.918 2.867 2.801 2.719 2.652 2.645 2.645 1.663
7.50 63.10 1.048 1.227 1.420 1.567 1.729 1.900 2.024 2.141 2.288 2.516 2.636 2.709 2.762 2.824 2.844 2.845 2.853 2.800 2.733 2.646 2.575 2.555 2.555 1.580
7.50 79.43 0.969 1.143 1.332 1.476 1.635 1.802 1.923 2.040 2.191 2.419 2.540 2.615 2.669 2.734 2.758 2.761 2.772 2.717 2.651 2.560 2.485 2.451 2.451 1.478
7.50 100.00 0.876 1.045 1.231 1.372 1.527 1.689 1.807 1.924 2.077 2.303 2.424 2.502 2.555 2.624 2.653 2.657 2.670 2.616 2.551 2.458 2.380 2.333 2.333 1.355
7.50 125.89 0.767 0.931 1.113 1.251 1.403 1.559 1.675 1.791 1.944 2.166 2.286 2.367 2.421 2.493 2.526 2.531 2.548 2.494 2.433 2.337 2.257 2.200 2.200 1.208
7.50 158.49 0.638 0.797 0.976 1.109 1.258 1.409 1.523 1.636 1.788 2.005 2.125 2.209 2.264 2.341 2.379 2.384 2.404 2.351 2.294 2.196 2.116 2.051 2.051 1.037
7.50 199.53 0.485 0.639 0.814 0.944 1.089 1.234 1.345 1.456 1.605 1.816 1.935 2.025 2.082 2.166 2.209 2.216 2.240 2.188 2.136 2.037 1.957 1.888 1.888 0.839
7.50 251.19 0.302 0.450 0.621 0.747 0.889 1.029 1.137 1.245 1.391 1.595 1.714 1.813 1.874 1.967 2.018 2.026 2.056 2.006 1.960 1.860 1.782 1.711 1.711 0.611
7.50 316.23 0.081 0.223 0.391 0.513 0.650 0.785 0.890 0.995 1.137 1.334 1.456 1.566 1.634 1.742 1.803 1.815 1.853 1.807 1.767 1.667 1.591 1.520 1.520 0.351
7.50 398.11 -0.188 -0.051 0.113 0.231 0.365 0.494 0.596 0.698 0.834 1.026 1.152 1.280 1.359 1.486 1.563 1.581 1.629 1.589 1.557 1.457 1.385 1.314 1.314 0.050
7.50 501.19 -0.516 -0.385 -0.225 -0.110 0.020 0.143 0.242 0.340 0.472 0.658 0.793 0.946 1.040 1.195 1.295 1.321 1.384 1.353 1.331 1.230 1.162 1.094 1.094 -0.297
7.50 630.96 -0.918 -0.793 -0.637 -0.526 -0.400 -0.283 -0.186 -0.092 0.034 0.218 0.365 0.551 0.668 0.860 0.991 1.032 1.114 1.097 1.086 0.985 0.921 0.857 0.857 -0.703
7.50 794.33 -1.414 -1.295 -1.143 -1.036 -0.914 -0.802 -0.709 -0.618 -0.498 -0.314 -0.150 0.083 0.230 0.473 0.647 0.706 0.816 0.817 0.820 0.719 0.660 0.600 0.600 -1.180
7.50 1000.00 -2.028 -1.915 -1.766 -1.663 -1.545 -1.439 -1.349 -1.262 -1.147 -0.961 -0.771 -0.479 -0.289 0.020 0.251 0.336 0.482 0.509 0.531 0.430 0.375 0.319 0.319 -1.746
7.75 1.00 1.556 1.770 1.986 2.157 2.340 2.539 2.676 2.771 2.849 3.027 3.119 3.175 3.225 3.272 3.275 3.287 3.310 3.306 3.278 3.234 3.192 3.259 3.259 2.084
7.75 1.26 1.553 1.767 1.983 2.153 2.336 2.535 2.671 2.766 2.845 3.024 3.116 3.172 3.221 3.267 3.271 3.282 3.304 3.300 3.271 3.227 3.185 3.252 3.252 2.080
7.75 1.58 1.550 1.763 1.978 2.148 2.331 2.530 2.666 2.761 2.841 3.019 3.111 3.167 3.216 3.262 3.265 3.276 3.298 3.292 3.264 3.219 3.177 3.244 3.244 2.074
7.75 2.00 1.545 1.758 1.973 2.143 2.325 2.523 2.659 2.755 2.835 3.014 3.105 3.161 3.210 3.256 3.258 3.268 3.290 3.283 3.254 3.209 3.167 3.233 3.233 2.068
7.75 2.51 1.540 1.752 1.967 2.136 2.318 2.516 2.651 2.747 2.828 3.007 3.099 3.154 3.202 3.248 3.250 3.259 3.280 3.272 3.242 3.196 3.154 3.220 3.220 2.060
7.75 3.16 1.533 1.745 1.959 2.127 2.309 2.506 2.641 2.737 2.819 2.998 3.090 3.146 3.193 3.238 3.240 3.248 3.268 3.259 3.228 3.181 3.139 3.204 3.204 2.050
7.75 3.98 1.525 1.735 1.949 2.117 2.298 2.494 2.629 2.725 2.808 2.988 3.081 3.136 3.183 3.227 3.228 3.236 3.254 3.243 3.211 3.164 3.121 3.185 3.185 2.038
7.75 5.01 1.514 1.724 1.937 2.104 2.284 2.479 2.614 2.710 2.795 2.976 3.069 3.124 3.170 3.214 3.214 3.220 3.237 3.224 3.191 3.142 3.100 3.162 3.162 2.025
7.75 6.31 1.502 1.710 1.922 2.089 2.268 2.462 2.595 2.692 2.779 2.962 3.055 3.109 3.155 3.199 3.198 3.203 3.218 3.202 3.167 3.117 3.074 3.135 3.135 2.008
7.75 7.94 1.487 1.694 1.904 2.070 2.248 2.440 2.573 2.671 2.760 2.944 3.038 3.093 3.138 3.181 3.179 3.183 3.197 3.178 3.140 3.089 3.045 3.103 3.103 1.990
7.75 10.00 1.469 1.674 1.883 2.048 2.224 2.415 2.547 2.645 2.738 2.924 3.019 3.074 3.119 3.161 3.159 3.161 3.173 3.150 3.110 3.056 3.012 3.067 3.067 1.969
7.75 12.59 1.447 1.650 1.858 2.021 2.196 2.384 2.515 2.615 2.712 2.901 2.997 3.052 3.097 3.139 3.136 3.137 3.146 3.119 3.076 3.020 2.974 3.025 3.025 1.945
7.75 15.85 1.421 1.622 1.828 1.989 2.163 2.349 2.478 2.579 2.681 2.874 2.971 3.028 3.072 3.115 3.111 3.111 3.118 3.087 3.040 2.981 2.933 2.979 2.979 1.918
7.75 19.95 1.391 1.588 1.793 1.952 2.124 2.307 2.435 2.538 2.645 2.842 2.942 2.999 3.044 3.087 3.085 3.083 3.088 3.052 3.001 2.938 2.888 2.928 2.928 1.887
7.75 25.12 1.355 1.550 1.752 1.909 2.079 2.259 2.385 2.490 2.604 2.805 2.907 2.966 3.011 3.056 3.055 3.052 3.056 3.014 2.959 2.893 2.840 2.872 2.872 1.851
7.75 31.62 1.314 1.504 1.705 1.859 2.027 2.203 2.328 2.434 2.555 2.761 2.866 2.927 2.973 3.020 3.021 3.018 3.021 2.974 2.915 2.844 2.788 2.810 2.810 1.810
7.75 39.81 1.265 1.452 1.650 1.802 1.967 2.139 2.262 2.370 2.497 2.708 2.817 2.880 2.926 2.976 2.981 2.978 2.981 2.930 2.867 2.791 2.731 2.741 2.741 1.759
7.75 50.12 1.208 1.391 1.586 1.736 1.898 2.066 2.187 2.296 2.430 2.644 2.755 2.821 2.869 2.922 2.932 2.928 2.932 2.878 2.813 2.732 2.667 2.665 2.665 1.696
7.75 63.10 1.143 1.321 1.513 1.660 1.819 1.983 2.101 2.212 2.350 2.567 2.680 2.749 2.797 2.854 2.868 2.866 2.872 2.816 2.749 2.663 2.595 2.579 2.579 1.618
7.75 79.43 1.066 1.239 1.428 1.572 1.728 1.887 2.003 2.114 2.257 2.474 2.589 2.659 2.709 2.770 2.789 2.788 2.796 2.739 2.672 2.583 2.510 2.481 2.481 1.522
7.75 100.00 0.975 1.144 1.330 1.470 1.623 1.777 1.891 2.002 2.146 2.362 2.477 2.551 2.601 2.666 2.690 2.690 2.701 2.644 2.579 2.486 2.410 2.369 2.369 1.404
7.75 125.89 0.869 1.033 1.215 1.352 1.501 1.651 1.762 1.871 2.017 2.229 2.345 2.421 2.472 2.541 2.570 2.572 2.586 2.530 2.468 2.372 2.294 2.241 2.241 1.264
7.75 158.49 0.743 0.902 1.080 1.214 1.360 1.504 1.612 1.720 1.864 2.072 2.187 2.268 2.320 2.394 2.428 2.431 2.450 2.394 2.336 2.239 2.160 2.099 2.099 1.098
7.75 199.53 0.593 0.746 0.921 1.051 1.193 1.332 1.438 1.543 1.685 1.887 2.002 2.089 2.143 2.225 2.265 2.269 2.292 2.238 2.186 2.087 2.008 1.941 1.941 0.906
7.75 251.19 0.412 0.560 0.731 0.857 0.996 1.129 1.232 1.335 1.474 1.670 1.785 1.880 1.939 2.031 2.078 2.085 2.114 2.063 2.016 1.916 1.839 1.769 1.769 0.683
7.75 316.23 0.193 0.335 0.503 0.625 0.760 0.888 0.988 1.088 1.223 1.412 1.530 1.638 1.704 1.809 1.869 1.879 1.916 1.868 1.828 1.728 1.653 1.583 1.583 0.427
7.75 398.11 -0.073 0.064 0.228 0.346 0.477 0.599 0.697 0.793 0.923 1.107 1.230 1.356 1.432 1.558 1.633 1.650 1.697 1.656 1.623 1.523 1.451 1.381 1.381 0.131
7.75 501.19 -0.398 -0.267 -0.107 0.008 0.135 0.251 0.346 0.438 0.564 0.743 0.874 1.024 1.117 1.270 1.368 1.394 1.456 1.424 1.401 1.300 1.232 1.165 1.165 -0.213
7.75 630.96 -0.798 -0.673 -0.517 -0.406 -0.282 -0.172 -0.080 0.009 0.129 0.306 0.448 0.633 0.748 0.939 1.068 1.108 1.190 1.171 1.160 1.059 0.995 0.931 0.931 -0.615
7.75 794.33 -1.291 -1.172 -1.020 -0.913 -0.793 -0.689 -0.600 -0.515 -0.400 -0.224 -0.063 0.167 0.313 0.555 0.727 0.785 0.894 0.895 0.898 0.797 0.737 0.677 0.677 -1.089
7.75 1000.00 -1.902 -1.789 -1.641 -1.538 -1.422 -1.324 -1.238 -1.156 -1.047 -0.867 -0.681 -0.392 -0.203 0.105 0.334 0.418 0.564 0.590 0.611 0.510 0.455 0.399 0.399 -1.653
8.00 1.00 1.619 1.830 2.044 2.213 2.393 2.583 2.715 2.804 2.878 3.047 3.133 3.184 3.228 3.269 3.267 3.274 3.293 3.284 3.254 3.209 3.168 3.235 3.235 2.087
8.00 1.26 1.616 1.828 2.041 2.210 2.389 2.580 2.711 2.800 2.874 3.043 3.129 3.180 3.224 3.265 3.263 3.270 3.288 3.278 3.249 3.203 3.162 3.229 3.229 2.084
8.00 1.58 1.613 1.824 2.038 2.206 2.385 2.575 2.706 2.796 2.870 3.039 3.125 3.176 3.220 3.261 3.258 3.265 3.282 3.272 3.242 3.196 3.155 3.221 3.221 2.079
8.00 2.00 1.609 1.820 2.033 2.201 2.380 2.569 2.700 2.790 2.865 3.034 3.121 3.171 3.215 3.255 3.252 3.258 3.275 3.264 3.233 3.187 3.146 3.212 3.212 2.073
8.00 2.51 1.604 1.814 2.027 2.195 2.373 2.562 2.693 2.783 2.858 3.028 3.115 3.165 3.208 3.248 3.245 3.250 3.267 3.254 3.223 3.176 3.135 3.200 3.200 2.066
8.00 3.16 1.598 1.807 2.020 2.187 2.365 2.553 2.683 2.774 2.850 3.021 3.107 3.157 3.200 3.240 3.236 3.241 3.256 3.242 3.210 3.163 3.121 3.186 3.186 2.058
8.00 3.98 1.591 1.799 2.011 2.178 2.355 2.543 2.672 2.763 2.841 3.012 3.098 3.148 3.191 3.230 3.225 3.229 3.244 3.228 3.195 3.147 3.105 3.169 3.169 2.047
8.00 5.01 1.581 1.789 2.000 2.166 2.343 2.529 2.659 2.750 2.829 3.001 3.088 3.138 3.180 3.219 3.213 3.216 3.229 3.212 3.177 3.128 3.086 3.148 3.148 2.035
8.00 6.31 1.570 1.776 1.987 2.152 2.328 2.513 2.642 2.733 2.815 2.988 3.075 3.125 3.166 3.205 3.198 3.200 3.212 3.192 3.156 3.105 3.063 3.124 3.124 2.020
8.00 7.94 1.556 1.761 1.971 2.135 2.310 2.494 2.622 2.714 2.797 2.972 3.060 3.110 3.151 3.189 3.182 3.182 3.193 3.170 3.131 3.079 3.036 3.095 3.095 2.004
8.00 10.00 1.540 1.743 1.951 2.114 2.288 2.470 2.597 2.690 2.777 2.954 3.042 3.093 3.133 3.171 3.163 3.162 3.171 3.144 3.104 3.050 3.006 3.062 3.062 1.984
8.00 12.59 1.520 1.721 1.928 2.090 2.262 2.442 2.568 2.662 2.753 2.932 3.022 3.072 3.113 3.150 3.142 3.140 3.147 3.116 3.073 3.016 2.971 3.024 3.024 1.962
8.00 15.85 1.496 1.695 1.900 2.061 2.231 2.409 2.534 2.629 2.724 2.906 2.998 3.049 3.089 3.127 3.119 3.115 3.120 3.086 3.039 2.980 2.933 2.981 2.981 1.937
8.00 19.95 1.468 1.664 1.868 2.026 2.195 2.370 2.494 2.590 2.690 2.877 2.970 3.023 3.063 3.102 3.094 3.089 3.092 3.053 3.002 2.939 2.891 2.932 2.932 1.908
8.00 25.12 1.434 1.627 1.829 1.986 2.153 2.325 2.447 2.545 2.651 2.842 2.938 2.992 3.032 3.072 3.066 3.060 3.062 3.018 2.963 2.896 2.845 2.879 2.879 1.874
8.00 31.62 1.395 1.585 1.784 1.938 2.103 2.272 2.392 2.492 2.605 2.800 2.899 2.955 2.996 3.038 3.034 3.028 3.028 2.980 2.921 2.850 2.796 2.821 2.821 1.835
8.00 39.81 1.349 1.535 1.732 1.884 2.046 2.211 2.330 2.431 2.550 2.750 2.852 2.910 2.952 2.997 2.997 2.990 2.990 2.937 2.875 2.800 2.742 2.756 2.756 1.787
8.00 50.12 1.295 1.477 1.671 1.820 1.980 2.141 2.258 2.361 2.486 2.689 2.794 2.855 2.898 2.947 2.950 2.944 2.945 2.889 2.824 2.743 2.681 2.684 2.684 1.728
8.00 63.10 1.232 1.409 1.601 1.747 1.904 2.061 2.175 2.279 2.410 2.616 2.723 2.786 2.831 2.883 2.891 2.886 2.889 2.831 2.764 2.679 2.613 2.602 2.602 1.655
8.00 79.43 1.157 1.331 1.519 1.662 1.816 1.968 2.080 2.185 2.319 2.527 2.635 2.702 2.747 2.803 2.817 2.813 2.818 2.759 2.692 2.603 2.533 2.509 2.509 1.564
8.00 100.00 1.070 1.238 1.423 1.563 1.714 1.861 1.971 2.076 2.213 2.419 2.529 2.598 2.645 2.705 2.724 2.722 2.730 2.671 2.605 2.513 2.439 2.402 2.402 1.452
8.00 125.89 0.966 1.129 1.311 1.448 1.595 1.738 1.845 1.949 2.087 2.291 2.401 2.473 2.521 2.586 2.611 2.610 2.622 2.563 2.501 2.405 2.329 2.281 2.281 1.317
8.00 158.49 0.843 1.001 1.179 1.312 1.456 1.593 1.698 1.800 1.938 2.138 2.248 2.325 2.375 2.446 2.476 2.477 2.493 2.435 2.376 2.279 2.202 2.145 2.145 1.158
8.00 199.53 0.695 0.848 1.023 1.152 1.292 1.424 1.526 1.626 1.762 1.957 2.067 2.151 2.203 2.281 2.318 2.321 2.342 2.286 2.233 2.134 2.056 1.993 1.993 0.970
8.00 251.19 0.517 0.664 0.835 0.961 1.098 1.224 1.323 1.421 1.554 1.742 1.854 1.947 2.003 2.092 2.137 2.143 2.170 2.117 2.069 1.970 1.893 1.826 1.826 0.753
8.00 316.23 0.301 0.443 0.610 0.732 0.865 0.986 1.082 1.177 1.306 1.489 1.603 1.708 1.772 1.876 1.933 1.942 1.977 1.929 1.888 1.787 1.713 1.644 1.644 0.501
8.00 398.11 0.037 0.174 0.337 0.456 0.585 0.700 0.794 0.885 1.010 1.187 1.306 1.429 1.504 1.628 1.701 1.717 1.763 1.721 1.688 1.587 1.516 1.447 1.447 0.209
8.00 501.19 -0.285 -0.155 0.005 0.120 0.245 0.355 0.445 0.533 0.653 0.826 0.953 1.101 1.192 1.344 1.440 1.465 1.526 1.493 1.470 1.369 1.301 1.235 1.235 -0.131
8.00 630.96 -0.683 -0.558 -0.402 -0.291 -0.170 -0.066 0.022 0.106 0.221 0.391 0.531 0.713 0.827 1.016 1.144 1.183 1.264 1.245 1.233 1.132 1.068 1.004 1.004 -0.530
8.00 794.33 -1.174 -1.055 -0.902 -0.795 -0.678 -0.580 -0.495 -0.414 -0.306 -0.135 0.022 0.250 0.395 0.635 0.806 0.863 0.972 0.972 0.975 0.873 0.814 0.754 0.754 -1.000
8.00 1000.00 -1.782 -1.669 -1.521 -1.418 -1.304 -1.212 -1.130 -1.053 -0.950 -0.776 -0.594 -0.306 -0.119 0.188 0.416 0.500 0.644 0.670 0.691 0.590 0.535 0.479 0.479 -1.560
