AbrahamsonEtAl2015SInter as implemented in OpenQuake, distance is rrup. Log10 hazard values in cgs units
          10 31 23 : nmag, ndist, nperiod
          10.000 7.500 6.000 5.000 4.000 3.000 2.500 2.000 1.500 1.000 0.750 0.600 0.500 0.400 0.300 0.250 0.200 0.150 0.100 0.075 0.050 0.020 PGA PGV
          0.740 0.740 0.740 0.740 0.740 0.740 0.740 0.740 0.740 0.740 0.740 0.740 0.740 0.740 0.740 0.740 0.740 0.740 0.740 0.740 0.740 0.740 0.740 0.740
7.00 1.00 0.993 1.234 1.476 1.670 1.885 2.143 2.321 2.438 2.525 2.617 2.641 2.635 2.646 2.658 2.594 2.572 2.565 2.526 2.446 2.368 2.329 2.516 2.516 1.604
7.00 1.26 0.989 1.230 1.472 1.665 1.880 2.137 2.315 2.433 2.521 2.617 2.641 2.637 2.647 2.660 2.595 2.573 2.566 2.526 2.445 2.366 2.327 2.513 2.513 1.599
7.00 1.58 0.984 1.224 1.466 1.658 1.873 2.130 2.308 2.427 2.517 2.616 2.642 2.638 2.649 2.661 2.597 2.574 2.566 2.526 2.443 2.363 2.323 2.508 2.508 1.593
7.00 2.00 0.977 1.217 1.458 1.651 1.865 2.121 2.299 2.418 2.512 2.615 2.643 2.640 2.651 2.663 2.599 2.576 2.567 2.525 2.441 2.360 2.319 2.502 2.502 1.586
7.00 2.51 0.970 1.209 1.449 1.641 1.855 2.110 2.288 2.409 2.506 2.613 2.644 2.642 2.653 2.666 2.601 2.577 2.568 2.524 2.438 2.356 2.314 2.495 2.495 1.577
7.00 3.16 0.960 1.198 1.438 1.629 1.843 2.097 2.274 2.396 2.498 2.611 2.644 2.643 2.655 2.668 2.603 2.579 2.569 2.523 2.435 2.351 2.308 2.487 2.487 1.566
7.00 3.98 0.949 1.186 1.425 1.615 1.828 2.081 2.257 2.381 2.488 2.608 2.644 2.645 2.657 2.671 2.606 2.581 2.569 2.522 2.431 2.344 2.301 2.476 2.476 1.553
7.00 5.01 0.935 1.170 1.409 1.598 1.810 2.061 2.237 2.363 2.476 2.603 2.644 2.647 2.659 2.673 2.609 2.583 2.570 2.520 2.425 2.337 2.292 2.463 2.463 1.537
7.00 6.31 0.918 1.152 1.389 1.577 1.788 2.038 2.213 2.342 2.461 2.597 2.643 2.647 2.660 2.675 2.611 2.584 2.570 2.517 2.419 2.328 2.281 2.448 2.448 1.517
7.00 7.94 0.898 1.130 1.366 1.553 1.762 2.010 2.184 2.316 2.443 2.589 2.639 2.646 2.660 2.676 2.612 2.584 2.569 2.513 2.411 2.317 2.267 2.429 2.429 1.494
7.00 10.00 0.874 1.104 1.338 1.524 1.732 1.978 2.150 2.285 2.421 2.577 2.633 2.643 2.658 2.674 2.611 2.582 2.565 2.507 2.400 2.303 2.251 2.406 2.406 1.466
7.00 12.59 0.847 1.074 1.306 1.490 1.696 1.940 2.111 2.248 2.393 2.561 2.623 2.636 2.651 2.669 2.607 2.577 2.559 2.497 2.387 2.285 2.231 2.379 2.379 1.433
7.00 15.85 0.814 1.038 1.269 1.451 1.655 1.896 2.065 2.206 2.360 2.540 2.608 2.623 2.640 2.659 2.598 2.567 2.549 2.484 2.369 2.263 2.206 2.346 2.346 1.395
7.00 19.95 0.777 0.998 1.226 1.406 1.608 1.845 2.013 2.157 2.319 2.511 2.585 2.604 2.621 2.641 2.582 2.550 2.532 2.465 2.345 2.236 2.175 2.306 2.306 1.351
7.00 25.12 0.733 0.951 1.177 1.354 1.554 1.787 1.954 2.100 2.271 2.473 2.553 2.575 2.592 2.614 2.557 2.525 2.507 2.437 2.315 2.201 2.137 2.259 2.259 1.300
7.00 31.62 0.684 0.897 1.121 1.296 1.493 1.722 1.887 2.035 2.213 2.425 2.511 2.535 2.553 2.576 2.520 2.488 2.471 2.400 2.275 2.157 2.090 2.203 2.203 1.242
7.00 39.81 0.627 0.837 1.057 1.229 1.423 1.649 1.811 1.960 2.145 2.365 2.455 2.482 2.500 2.524 2.471 2.439 2.423 2.351 2.224 2.103 2.033 2.136 2.136 1.175
7.00 50.12 0.563 0.768 0.985 1.154 1.345 1.566 1.726 1.876 2.065 2.292 2.386 2.415 2.433 2.459 2.407 2.375 2.360 2.288 2.161 2.036 1.965 2.059 2.059 1.100
7.00 63.10 0.489 0.689 0.903 1.069 1.257 1.473 1.631 1.781 1.973 2.204 2.302 2.333 2.350 2.377 2.328 2.296 2.283 2.211 2.084 1.957 1.884 1.970 1.970 1.014
7.00 79.43 0.404 0.599 0.810 0.972 1.157 1.368 1.524 1.673 1.866 2.101 2.201 2.234 2.251 2.280 2.233 2.200 2.190 2.119 1.993 1.864 1.791 1.870 1.870 0.917
7.00 100.00 0.306 0.495 0.703 0.862 1.044 1.250 1.402 1.550 1.744 1.979 2.082 2.118 2.135 2.167 2.122 2.090 2.082 2.012 1.888 1.757 1.684 1.759 1.759 0.807
7.00 125.89 0.191 0.376 0.580 0.736 0.913 1.114 1.264 1.410 1.602 1.838 1.943 1.983 2.001 2.036 1.995 1.963 1.958 1.890 1.769 1.637 1.565 1.638 1.638 0.682
7.00 158.49 0.057 0.236 0.437 0.589 0.763 0.958 1.106 1.249 1.439 1.675 1.782 1.828 1.847 1.889 1.852 1.821 1.821 1.755 1.637 1.504 1.434 1.505 1.505 0.537
7.00 199.53 -0.101 0.073 0.269 0.418 0.588 0.778 0.923 1.063 1.250 1.485 1.595 1.649 1.672 1.722 1.693 1.663 1.668 1.607 1.493 1.359 1.292 1.362 1.362 0.371
7.00 251.19 -0.290 -0.122 0.071 0.216 0.383 0.567 0.709 0.846 1.029 1.263 1.378 1.444 1.473 1.534 1.515 1.489 1.502 1.445 1.336 1.202 1.138 1.209 1.209 0.176
7.00 316.23 -0.516 -0.354 -0.164 -0.024 0.139 0.318 0.457 0.591 0.769 1.003 1.124 1.206 1.244 1.322 1.317 1.296 1.319 1.270 1.167 1.032 0.972 1.046 1.046 -0.053
7.00 398.11 -0.790 -0.633 -0.448 -0.311 -0.152 0.021 0.157 0.288 0.461 0.696 0.826 0.929 0.980 1.081 1.096 1.083 1.119 1.080 0.984 0.849 0.793 0.870 0.870 -0.325
7.00 501.19 -1.123 -0.972 -0.790 -0.657 -0.502 -0.335 -0.202 -0.075 0.094 0.330 0.473 0.604 0.673 0.805 0.847 0.846 0.900 0.875 0.787 0.653 0.600 0.681 0.681 -0.650
7.00 630.96 -1.530 -1.385 -1.207 -1.078 -0.927 -0.766 -0.636 -0.512 -0.349 -0.109 0.051 0.220 0.314 0.488 0.565 0.580 0.658 0.650 0.574 0.439 0.391 0.476 0.476 -1.043
7.00 794.33 -2.031 -1.892 -1.718 -1.593 -1.446 -1.291 -1.163 -1.043 -0.886 -0.639 -0.457 -0.239 -0.110 0.117 0.242 0.278 0.387 0.403 0.342 0.206 0.163 0.252 0.252 -1.519
7.00 1000.00 -2.650 -2.517 -2.347 -2.226 -2.082 -1.933 -1.809 -1.693 -1.541 -1.284 -1.071 -0.790 -0.616 -0.318 -0.132 -0.067 0.082 0.129 0.085 -0.050 -0.088 0.005 0.005 -2.102
7.25 1.00 1.163 1.402 1.643 1.834 2.046 2.292 2.464 2.565 2.622 2.679 2.682 2.663 2.663 2.664 2.591 2.565 2.557 2.521 2.449 2.376 2.346 2.545 2.545 1.717
7.25 1.26 1.160 1.398 1.638 1.830 2.041 2.287 2.459 2.560 2.619 2.679 2.683 2.665 2.664 2.666 2.592 2.566 2.558 2.520 2.448 2.374 2.343 2.542 2.542 1.713
7.25 1.58 1.155 1.393 1.633 1.824 2.035 2.281 2.452 2.554 2.616 2.678 2.684 2.666 2.666 2.668 2.594 2.567 2.558 2.520 2.446 2.372 2.340 2.538 2.538 1.708
7.25 2.00 1.149 1.387 1.626 1.817 2.027 2.273 2.444 2.547 2.612 2.677 2.685 2.668 2.668 2.670 2.596 2.569 2.559 2.519 2.444 2.369 2.336 2.533 2.533 1.702
7.25 2.51 1.143 1.379 1.618 1.809 2.018 2.263 2.434 2.538 2.606 2.676 2.687 2.670 2.671 2.673 2.598 2.571 2.560 2.519 2.441 2.365 2.332 2.527 2.527 1.694
7.25 3.16 1.134 1.370 1.608 1.798 2.007 2.251 2.421 2.528 2.599 2.675 2.688 2.673 2.674 2.676 2.601 2.573 2.561 2.518 2.438 2.360 2.326 2.519 2.519 1.684
7.25 3.98 1.124 1.359 1.596 1.785 1.994 2.236 2.406 2.514 2.591 2.673 2.689 2.676 2.677 2.679 2.604 2.575 2.562 2.517 2.435 2.355 2.320 2.510 2.510 1.672
7.25 5.01 1.111 1.345 1.582 1.770 1.977 2.219 2.388 2.498 2.581 2.670 2.690 2.679 2.680 2.683 2.608 2.578 2.564 2.516 2.430 2.348 2.312 2.498 2.498 1.657
7.25 6.31 1.096 1.328 1.564 1.751 1.958 2.197 2.366 2.478 2.568 2.666 2.691 2.681 2.683 2.687 2.612 2.580 2.565 2.514 2.425 2.340 2.302 2.485 2.485 1.640
7.25 7.94 1.078 1.308 1.543 1.729 1.934 2.172 2.339 2.455 2.552 2.661 2.691 2.683 2.686 2.690 2.615 2.583 2.566 2.512 2.418 2.331 2.290 2.468 2.468 1.619
7.25 10.00 1.056 1.284 1.518 1.702 1.906 2.142 2.308 2.427 2.533 2.653 2.688 2.684 2.687 2.692 2.618 2.584 2.566 2.508 2.410 2.319 2.277 2.449 2.449 1.593
7.25 12.59 1.030 1.256 1.488 1.671 1.873 2.106 2.272 2.393 2.509 2.641 2.683 2.682 2.686 2.693 2.619 2.584 2.564 2.503 2.400 2.305 2.260 2.425 2.425 1.563
7.25 15.85 1.000 1.223 1.453 1.634 1.835 2.065 2.229 2.354 2.480 2.625 2.674 2.676 2.682 2.689 2.616 2.580 2.559 2.495 2.387 2.287 2.239 2.397 2.397 1.528
7.25 19.95 0.965 1.185 1.413 1.592 1.790 2.018 2.180 2.309 2.445 2.603 2.659 2.664 2.671 2.680 2.609 2.572 2.550 2.482 2.369 2.266 2.215 2.364 2.364 1.487
7.25 25.12 0.925 1.141 1.367 1.543 1.739 1.963 2.124 2.256 2.402 2.573 2.636 2.645 2.653 2.664 2.595 2.557 2.535 2.464 2.347 2.238 2.184 2.324 2.324 1.440
7.25 31.62 0.878 1.091 1.314 1.488 1.681 1.902 2.060 2.195 2.350 2.533 2.603 2.616 2.624 2.637 2.571 2.533 2.511 2.438 2.317 2.204 2.146 2.276 2.276 1.385
7.25 39.81 0.824 1.033 1.253 1.424 1.615 1.831 1.988 2.125 2.288 2.482 2.558 2.574 2.584 2.599 2.535 2.497 2.476 2.401 2.277 2.160 2.099 2.219 2.219 1.323
7.25 50.12 0.762 0.966 1.184 1.352 1.540 1.752 1.906 2.045 2.215 2.418 2.499 2.519 2.529 2.547 2.485 2.448 2.428 2.353 2.227 2.106 2.042 2.152 2.152 1.251
7.25 63.10 0.691 0.891 1.105 1.270 1.455 1.662 1.814 1.954 2.128 2.339 2.425 2.448 2.459 2.479 2.421 2.383 2.366 2.290 2.164 2.040 1.974 2.074 2.074 1.169
7.25 79.43 0.609 0.803 1.014 1.176 1.358 1.560 1.710 1.850 2.028 2.244 2.334 2.360 2.371 2.394 2.339 2.302 2.287 2.213 2.087 1.960 1.892 1.985 1.985 1.076
7.25 100.00 0.513 0.703 0.910 1.069 1.247 1.445 1.592 1.731 1.910 2.130 2.224 2.254 2.266 2.292 2.241 2.205 2.193 2.120 1.995 1.866 1.798 1.884 1.884 0.969
7.25 125.89 0.402 0.586 0.790 0.945 1.120 1.312 1.457 1.594 1.774 1.996 2.093 2.128 2.141 2.172 2.126 2.090 2.082 2.011 1.889 1.758 1.690 1.771 1.771 0.847
7.25 158.49 0.270 0.449 0.650 0.801 0.973 1.159 1.301 1.437 1.616 1.839 1.939 1.980 1.996 2.033 1.993 1.958 1.955 1.888 1.769 1.636 1.569 1.647 1.647 0.705
7.25 199.53 0.115 0.288 0.485 0.633 0.800 0.982 1.121 1.254 1.431 1.654 1.758 1.808 1.828 1.874 1.841 1.810 1.813 1.749 1.634 1.501 1.436 1.511 1.511 0.542
7.25 251.19 -0.071 0.097 0.290 0.434 0.598 0.773 0.909 1.040 1.214 1.437 1.546 1.609 1.635 1.693 1.671 1.643 1.654 1.596 1.486 1.352 1.289 1.365 1.365 0.350
7.25 316.23 -0.295 -0.133 0.056 0.197 0.357 0.527 0.660 0.788 0.957 1.181 1.297 1.376 1.411 1.487 1.479 1.457 1.478 1.428 1.323 1.189 1.130 1.206 1.206 0.123
7.25 398.11 -0.566 -0.410 -0.224 -0.088 0.069 0.233 0.363 0.488 0.653 0.878 1.003 1.103 1.152 1.251 1.263 1.249 1.284 1.244 1.147 1.013 0.957 1.035 1.035 -0.146
7.25 501.19 -0.897 -0.746 -0.564 -0.431 -0.279 -0.121 0.007 0.128 0.288 0.515 0.654 0.782 0.849 0.979 1.019 1.016 1.070 1.043 0.956 0.821 0.769 0.850 0.850 -0.469
7.25 630.96 -1.301 -1.157 -0.979 -0.850 -0.701 -0.549 -0.424 -0.307 -0.152 0.080 0.235 0.401 0.494 0.665 0.741 0.754 0.832 0.823 0.747 0.612 0.564 0.649 0.649 -0.859
7.25 794.33 -1.800 -1.661 -1.487 -1.362 -1.218 -1.071 -0.949 -0.836 -0.686 -0.447 -0.269 -0.054 0.073 0.299 0.421 0.457 0.565 0.580 0.518 0.383 0.340 0.429 0.429 -1.333
7.25 1000.00 -2.416 -2.283 -2.113 -1.992 -1.852 -1.711 -1.592 -1.482 -1.338 -1.089 -0.881 -0.602 -0.430 -0.134 0.051 0.115 0.263 0.309 0.265 0.130 0.092 0.185 0.185 -1.913
7.50 1.00 1.330 1.567 1.805 1.996 2.203 2.439 2.605 2.690 2.718 2.738 2.722 2.689 2.678 2.669 2.586 2.557 2.549 2.515 2.452 2.385 2.363 2.575 2.575 1.829
7.50 1.26 1.327 1.563 1.802 1.992 2.198 2.434 2.600 2.686 2.715 2.738 2.722 2.690 2.679 2.670 2.588 2.558 2.549 2.515 2.451 2.383 2.360 2.572 2.572 1.826
7.50 1.58 1.323 1.559 1.797 1.987 2.193 2.429 2.594 2.681 2.712 2.738 2.724 2.692 2.681 2.672 2.589 2.559 2.550 2.514 2.449 2.381 2.358 2.568 2.568 1.821
7.50 2.00 1.318 1.553 1.791 1.980 2.186 2.421 2.586 2.674 2.709 2.737 2.725 2.694 2.683 2.674 2.591 2.561 2.550 2.514 2.447 2.378 2.354 2.564 2.564 1.815
7.50 2.51 1.312 1.546 1.784 1.973 2.178 2.413 2.577 2.666 2.704 2.737 2.726 2.696 2.686 2.677 2.593 2.562 2.551 2.513 2.445 2.374 2.350 2.558 2.558 1.808
7.50 3.16 1.304 1.538 1.775 1.963 2.168 2.402 2.566 2.656 2.698 2.736 2.728 2.699 2.689 2.680 2.596 2.564 2.552 2.512 2.442 2.370 2.345 2.551 2.551 1.799
7.50 3.98 1.295 1.528 1.764 1.952 2.156 2.389 2.552 2.644 2.691 2.735 2.730 2.702 2.692 2.684 2.600 2.567 2.553 2.511 2.439 2.365 2.339 2.542 2.542 1.789
7.50 5.01 1.284 1.515 1.751 1.937 2.141 2.373 2.536 2.630 2.682 2.733 2.732 2.706 2.696 2.688 2.604 2.570 2.555 2.510 2.434 2.359 2.331 2.532 2.532 1.775
7.50 6.31 1.270 1.500 1.735 1.920 2.123 2.353 2.516 2.612 2.671 2.730 2.734 2.710 2.701 2.693 2.608 2.573 2.557 2.509 2.430 2.351 2.322 2.520 2.520 1.760
7.50 7.94 1.253 1.482 1.715 1.900 2.102 2.330 2.491 2.591 2.657 2.727 2.735 2.713 2.705 2.698 2.613 2.576 2.558 2.507 2.424 2.343 2.312 2.505 2.505 1.740
7.50 10.00 1.233 1.460 1.692 1.875 2.076 2.302 2.463 2.565 2.640 2.721 2.736 2.717 2.709 2.703 2.618 2.580 2.560 2.505 2.417 2.333 2.300 2.488 2.488 1.717
7.50 12.59 1.210 1.434 1.665 1.847 2.045 2.269 2.429 2.535 2.620 2.713 2.734 2.719 2.712 2.707 2.622 2.583 2.561 2.502 2.409 2.321 2.285 2.468 2.468 1.690
7.50 15.85 1.182 1.404 1.632 1.813 2.010 2.231 2.389 2.499 2.594 2.702 2.730 2.718 2.713 2.708 2.625 2.584 2.560 2.498 2.399 2.306 2.268 2.444 2.444 1.658
7.50 19.95 1.149 1.368 1.595 1.773 1.968 2.187 2.343 2.457 2.563 2.686 2.721 2.713 2.709 2.707 2.624 2.582 2.557 2.490 2.386 2.289 2.248 2.415 2.415 1.620
7.50 25.12 1.111 1.327 1.551 1.727 1.920 2.135 2.290 2.407 2.526 2.663 2.706 2.702 2.700 2.699 2.619 2.576 2.550 2.479 2.369 2.267 2.223 2.381 2.381 1.576
7.50 31.62 1.067 1.279 1.501 1.675 1.865 2.077 2.230 2.350 2.480 2.631 2.683 2.683 2.682 2.684 2.606 2.562 2.536 2.462 2.347 2.240 2.192 2.340 2.340 1.525
7.50 39.81 1.016 1.224 1.443 1.614 1.802 2.009 2.161 2.285 2.424 2.589 2.648 2.653 2.653 2.658 2.583 2.539 2.513 2.437 2.318 2.206 2.154 2.292 2.292 1.466
7.50 50.12 0.957 1.160 1.377 1.545 1.730 1.933 2.082 2.209 2.357 2.534 2.600 2.610 2.612 2.619 2.548 2.504 2.480 2.402 2.279 2.163 2.108 2.235 2.235 1.398
7.50 63.10 0.888 1.087 1.301 1.466 1.648 1.847 1.993 2.122 2.277 2.465 2.537 2.551 2.555 2.566 2.498 2.455 2.432 2.354 2.229 2.109 2.051 2.168 2.168 1.320
7.50 79.43 0.809 1.003 1.213 1.375 1.554 1.748 1.892 2.022 2.183 2.378 2.457 2.475 2.480 2.495 2.431 2.389 2.370 2.292 2.167 2.043 1.982 2.089 2.089 1.230
7.50 100.00 0.716 0.905 1.112 1.271 1.446 1.635 1.777 1.907 2.072 2.274 2.357 2.380 2.387 2.406 2.348 2.307 2.291 2.214 2.090 1.963 1.901 1.999 1.999 1.127
7.50 125.89 0.607 0.791 0.995 1.150 1.322 1.506 1.645 1.774 1.941 2.147 2.235 2.264 2.273 2.298 2.245 2.206 2.194 2.120 1.997 1.869 1.805 1.896 1.896 1.008
7.50 158.49 0.478 0.657 0.857 1.009 1.177 1.356 1.492 1.620 1.788 1.997 2.089 2.126 2.138 2.170 2.124 2.087 2.080 2.010 1.890 1.759 1.696 1.782 1.782 0.870
7.50 199.53 0.325 0.498 0.695 0.843 1.008 1.181 1.315 1.441 1.607 1.818 1.916 1.962 1.978 2.020 1.983 1.949 1.949 1.883 1.767 1.635 1.572 1.655 1.655 0.709
7.50 251.19 0.142 0.309 0.502 0.647 0.808 0.975 1.106 1.230 1.394 1.607 1.710 1.769 1.792 1.847 1.821 1.791 1.800 1.740 1.629 1.495 1.435 1.515 1.515 0.520
7.50 316.23 -0.079 0.083 0.272 0.412 0.570 0.732 0.860 0.981 1.142 1.356 1.467 1.542 1.575 1.647 1.637 1.613 1.632 1.580 1.475 1.341 1.283 1.363 1.363 0.297
7.50 398.11 -0.348 -0.192 -0.006 0.130 0.284 0.440 0.566 0.684 0.841 1.057 1.177 1.274 1.321 1.417 1.427 1.412 1.445 1.404 1.306 1.172 1.117 1.198 1.198 0.030
7.50 501.19 -0.676 -0.525 -0.344 -0.211 -0.061 0.089 0.212 0.327 0.479 0.698 0.832 0.958 1.023 1.151 1.188 1.185 1.237 1.209 1.121 0.986 0.935 1.018 1.018 -0.290
7.50 630.96 -1.078 -0.933 -0.756 -0.627 -0.481 -0.336 -0.216 -0.105 0.042 0.266 0.417 0.581 0.672 0.841 0.915 0.927 1.004 0.994 0.917 0.782 0.735 0.821 0.821 -0.678
7.50 794.33 -1.574 -1.435 -1.261 -1.136 -0.994 -0.856 -0.739 -0.631 -0.489 -0.258 -0.084 0.129 0.254 0.478 0.599 0.634 0.741 0.755 0.693 0.558 0.515 0.604 0.604 -1.150
7.50 1000.00 -2.188 -2.055 -1.885 -1.764 -1.626 -1.493 -1.379 -1.275 -1.138 -0.897 -0.693 -0.416 -0.246 0.049 0.232 0.296 0.443 0.489 0.444 0.308 0.270 0.364 0.364 -1.727
7.75 1.00 1.435 1.669 1.906 2.095 2.298 2.525 2.702 2.794 2.809 2.796 2.759 2.713 2.691 2.672 2.582 2.550 2.542 2.511 2.458 2.396 2.382 2.606 2.606 1.922
7.75 1.26 1.432 1.666 1.903 2.091 2.294 2.520 2.698 2.790 2.806 2.796 2.760 2.714 2.693 2.673 2.583 2.551 2.542 2.511 2.456 2.395 2.380 2.603 2.603 1.919
7.75 1.58 1.429 1.662 1.899 2.087 2.289 2.515 2.692 2.785 2.804 2.795 2.761 2.716 2.694 2.675 2.584 2.552 2.542 2.510 2.455 2.392 2.377 2.600 2.600 1.915
7.75 2.00 1.424 1.657 1.894 2.081 2.283 2.509 2.686 2.779 2.800 2.795 2.762 2.717 2.696 2.677 2.586 2.553 2.542 2.509 2.453 2.389 2.373 2.595 2.595 1.910
7.75 2.51 1.419 1.651 1.887 2.074 2.276 2.501 2.678 2.772 2.796 2.795 2.764 2.720 2.699 2.679 2.588 2.554 2.543 2.508 2.450 2.386 2.369 2.590 2.590 1.903
7.75 3.16 1.412 1.644 1.879 2.066 2.267 2.491 2.668 2.763 2.791 2.794 2.766 2.722 2.702 2.682 2.590 2.556 2.543 2.507 2.447 2.381 2.364 2.584 2.584 1.895
7.75 3.98 1.404 1.634 1.869 2.055 2.256 2.479 2.655 2.753 2.784 2.793 2.768 2.726 2.705 2.686 2.594 2.558 2.544 2.506 2.443 2.376 2.358 2.576 2.576 1.886
7.75 5.01 1.393 1.623 1.857 2.042 2.243 2.465 2.640 2.739 2.777 2.792 2.770 2.729 2.709 2.690 2.597 2.560 2.545 2.505 2.439 2.370 2.351 2.566 2.566 1.874
7.75 6.31 1.381 1.609 1.842 2.027 2.226 2.447 2.622 2.723 2.767 2.790 2.772 2.734 2.714 2.695 2.602 2.563 2.547 2.503 2.434 2.363 2.343 2.555 2.555 1.859
7.75 7.94 1.366 1.593 1.825 2.008 2.206 2.426 2.600 2.704 2.755 2.788 2.775 2.738 2.719 2.701 2.607 2.567 2.549 2.502 2.429 2.355 2.333 2.542 2.542 1.842
7.75 10.00 1.348 1.573 1.804 1.986 2.183 2.400 2.573 2.681 2.740 2.785 2.777 2.743 2.725 2.707 2.613 2.571 2.551 2.500 2.422 2.345 2.322 2.526 2.526 1.821
7.75 12.59 1.326 1.549 1.778 1.959 2.155 2.370 2.542 2.653 2.722 2.779 2.778 2.748 2.730 2.713 2.619 2.576 2.553 2.498 2.415 2.334 2.309 2.508 2.508 1.796
7.75 15.85 1.300 1.520 1.748 1.928 2.121 2.334 2.505 2.620 2.700 2.771 2.778 2.751 2.734 2.718 2.624 2.579 2.555 2.495 2.407 2.322 2.293 2.486 2.486 1.766
7.75 19.95 1.270 1.487 1.713 1.891 2.083 2.293 2.462 2.581 2.673 2.759 2.774 2.751 2.736 2.722 2.629 2.582 2.556 2.491 2.396 2.307 2.276 2.461 2.461 1.732
7.75 25.12 1.234 1.448 1.672 1.848 2.037 2.244 2.412 2.535 2.640 2.742 2.765 2.747 2.734 2.722 2.630 2.582 2.554 2.485 2.384 2.289 2.255 2.432 2.432 1.691
7.75 31.62 1.193 1.403 1.625 1.798 1.985 2.189 2.354 2.482 2.599 2.718 2.750 2.737 2.725 2.716 2.626 2.577 2.548 2.475 2.367 2.268 2.230 2.398 2.398 1.643
7.75 39.81 1.144 1.351 1.570 1.740 1.925 2.125 2.289 2.420 2.549 2.684 2.725 2.717 2.708 2.701 2.614 2.565 2.536 2.459 2.346 2.241 2.199 2.357 2.357 1.587
7.75 50.12 1.087 1.290 1.506 1.674 1.856 2.052 2.213 2.349 2.489 2.639 2.688 2.686 2.679 2.676 2.592 2.543 2.514 2.435 2.318 2.208 2.162 2.308 2.308 1.523
7.75 63.10 1.021 1.220 1.433 1.598 1.777 1.968 2.128 2.266 2.416 2.579 2.637 2.640 2.635 2.637 2.557 2.509 2.482 2.401 2.280 2.165 2.116 2.251 2.251 1.449
7.75 79.43 0.945 1.138 1.348 1.510 1.686 1.872 2.030 2.170 2.328 2.503 2.568 2.577 2.575 2.581 2.507 2.459 2.435 2.354 2.231 2.112 2.059 2.183 2.183 1.363
7.75 100.00 0.854 1.043 1.250 1.408 1.581 1.763 1.918 2.059 2.223 2.408 2.479 2.495 2.495 2.507 2.439 2.393 2.372 2.293 2.169 2.046 1.990 2.104 2.104 1.263
7.75 125.89 0.748 0.932 1.135 1.290 1.460 1.636 1.788 1.930 2.099 2.290 2.368 2.391 2.394 2.413 2.352 2.308 2.292 2.215 2.092 1.966 1.908 2.013 2.013 1.148
7.75 158.49 0.622 0.800 1.001 1.152 1.318 1.489 1.639 1.780 1.951 2.148 2.232 2.263 2.270 2.297 2.244 2.203 2.193 2.119 1.999 1.870 1.812 1.909 1.909 1.013
7.75 199.53 0.472 0.645 0.841 0.989 1.151 1.317 1.464 1.604 1.776 1.977 2.067 2.108 2.121 2.158 2.115 2.078 2.075 2.006 1.889 1.759 1.700 1.791 1.791 0.856
7.75 251.19 0.291 0.458 0.651 0.795 0.954 1.114 1.258 1.397 1.568 1.772 1.869 1.923 1.943 1.995 1.964 1.931 1.938 1.875 1.763 1.631 1.573 1.661 1.661 0.670
7.75 316.23 0.072 0.234 0.423 0.564 0.719 0.873 1.015 1.151 1.319 1.527 1.632 1.703 1.733 1.803 1.789 1.763 1.780 1.726 1.620 1.487 1.431 1.516 1.516 0.449
7.75 398.11 -0.194 -0.037 0.148 0.285 0.436 0.585 0.723 0.857 1.022 1.232 1.348 1.442 1.486 1.580 1.587 1.570 1.602 1.559 1.460 1.326 1.273 1.357 1.357 0.185
7.75 501.19 -0.519 -0.368 -0.187 -0.054 0.093 0.236 0.372 0.503 0.664 0.878 1.007 1.130 1.194 1.319 1.354 1.349 1.400 1.371 1.282 1.148 1.097 1.183 1.183 -0.132
7.75 630.96 -0.919 -0.774 -0.596 -0.467 -0.324 -0.186 -0.054 0.074 0.231 0.450 0.597 0.758 0.847 1.014 1.086 1.097 1.173 1.162 1.085 0.950 0.903 0.990 0.990 -0.517
7.75 794.33 -1.412 -1.273 -1.100 -0.975 -0.835 -0.703 -0.573 -0.450 -0.298 -0.071 0.099 0.310 0.433 0.655 0.775 0.809 0.915 0.929 0.866 0.730 0.687 0.778 0.778 -0.987
7.75 1000.00 -2.023 -1.890 -1.721 -1.599 -1.464 -1.338 -1.211 -1.091 -0.944 -0.707 -0.506 -0.232 -0.063 0.230 0.412 0.474 0.621 0.666 0.621 0.485 0.447 0.541 0.541 -1.562
8.00 1.00 1.498 1.729 1.965 2.152 2.351 2.569 2.741 2.818 2.804 2.775 2.735 2.687 2.666 2.654 2.579 2.544 2.536 2.510 2.466 2.410 2.403 2.639 2.639 1.944
8.00 1.26 1.495 1.726 1.962 2.148 2.347 2.565 2.737 2.814 2.802 2.774 2.735 2.688 2.667 2.655 2.580 2.545 2.536 2.509 2.464 2.408 2.401 2.636 2.636 1.941
8.00 1.58 1.492 1.723 1.958 2.144 2.343 2.561 2.732 2.810 2.800 2.774 2.736 2.690 2.669 2.657 2.581 2.545 2.536 2.508 2.462 2.406 2.398 2.633 2.633 1.937
8.00 2.00 1.488 1.719 1.953 2.139 2.338 2.555 2.726 2.805 2.796 2.774 2.737 2.691 2.670 2.658 2.582 2.546 2.536 2.507 2.460 2.403 2.395 2.629 2.629 1.933
8.00 2.51 1.483 1.713 1.947 2.133 2.331 2.548 2.719 2.798 2.793 2.773 2.738 2.693 2.672 2.660 2.583 2.547 2.536 2.506 2.457 2.399 2.391 2.624 2.624 1.927
8.00 3.16 1.477 1.706 1.940 2.125 2.323 2.539 2.710 2.791 2.788 2.773 2.740 2.695 2.675 2.663 2.585 2.548 2.536 2.504 2.454 2.395 2.386 2.618 2.618 1.920
8.00 3.98 1.470 1.698 1.931 2.116 2.313 2.528 2.699 2.781 2.782 2.772 2.742 2.698 2.678 2.666 2.588 2.549 2.537 2.503 2.450 2.390 2.380 2.610 2.610 1.911
8.00 5.01 1.460 1.688 1.920 2.104 2.301 2.515 2.685 2.769 2.775 2.771 2.744 2.702 2.681 2.669 2.591 2.551 2.537 2.501 2.446 2.383 2.373 2.601 2.601 1.900
8.00 6.31 1.449 1.675 1.907 2.090 2.286 2.499 2.668 2.754 2.766 2.770 2.746 2.706 2.686 2.674 2.595 2.554 2.538 2.499 2.441 2.376 2.365 2.591 2.591 1.887
8.00 7.94 1.435 1.660 1.891 2.073 2.268 2.479 2.648 2.736 2.755 2.768 2.749 2.711 2.691 2.679 2.599 2.557 2.539 2.497 2.435 2.368 2.355 2.578 2.578 1.871
8.00 10.00 1.419 1.642 1.872 2.053 2.246 2.456 2.624 2.715 2.742 2.765 2.752 2.716 2.697 2.685 2.605 2.561 2.541 2.495 2.428 2.358 2.344 2.563 2.563 1.852
8.00 12.59 1.399 1.620 1.848 2.028 2.220 2.428 2.595 2.689 2.726 2.762 2.754 2.721 2.703 2.692 2.611 2.565 2.543 2.492 2.421 2.348 2.332 2.546 2.546 1.829
8.00 15.85 1.375 1.594 1.821 1.999 2.189 2.395 2.560 2.659 2.706 2.756 2.756 2.727 2.710 2.700 2.618 2.570 2.545 2.490 2.413 2.336 2.317 2.527 2.527 1.802
8.00 19.95 1.347 1.563 1.788 1.964 2.153 2.356 2.520 2.623 2.682 2.748 2.756 2.731 2.715 2.706 2.625 2.575 2.548 2.487 2.404 2.322 2.301 2.504 2.504 1.769
8.00 25.12 1.313 1.526 1.749 1.924 2.111 2.310 2.473 2.580 2.653 2.735 2.752 2.732 2.718 2.711 2.630 2.578 2.549 2.484 2.393 2.307 2.283 2.478 2.478 1.731
8.00 31.62 1.274 1.484 1.705 1.877 2.061 2.258 2.419 2.531 2.617 2.717 2.744 2.728 2.716 2.712 2.633 2.580 2.549 2.478 2.381 2.289 2.261 2.448 2.448 1.687
8.00 39.81 1.228 1.434 1.652 1.822 2.004 2.197 2.356 2.473 2.572 2.690 2.727 2.718 2.708 2.707 2.631 2.576 2.544 2.469 2.365 2.268 2.236 2.414 2.414 1.635
8.00 50.12 1.174 1.376 1.592 1.759 1.938 2.127 2.284 2.405 2.518 2.654 2.701 2.698 2.691 2.694 2.620 2.566 2.533 2.455 2.345 2.242 2.206 2.373 2.373 1.574
8.00 63.10 1.111 1.308 1.521 1.685 1.862 2.046 2.201 2.327 2.452 2.604 2.660 2.664 2.660 2.668 2.599 2.545 2.514 2.432 2.317 2.209 2.169 2.324 2.324 1.504
8.00 79.43 1.036 1.229 1.439 1.600 1.774 1.954 2.107 2.235 2.371 2.538 2.604 2.615 2.614 2.627 2.564 2.511 2.482 2.400 2.281 2.167 2.123 2.267 2.267 1.421
8.00 100.00 0.949 1.137 1.344 1.502 1.672 1.847 1.997 2.128 2.273 2.453 2.528 2.546 2.549 2.569 2.513 2.461 2.436 2.354 2.232 2.114 2.067 2.199 2.199 1.326
8.00 125.89 0.845 1.028 1.232 1.386 1.553 1.723 1.871 2.004 2.155 2.346 2.429 2.455 2.462 2.490 2.442 2.393 2.372 2.292 2.171 2.048 1.998 2.119 2.119 1.214
8.00 158.49 0.722 0.900 1.100 1.251 1.414 1.579 1.724 1.857 2.014 2.213 2.303 2.340 2.352 2.389 2.350 2.305 2.290 2.213 2.093 1.967 1.915 2.026 2.026 1.083
8.00 199.53 0.574 0.747 0.943 1.090 1.251 1.410 1.553 1.685 1.844 2.050 2.149 2.196 2.215 2.264 2.236 2.195 2.188 2.116 1.999 1.870 1.817 1.920 1.920 0.928
8.00 251.19 0.396 0.563 0.756 0.900 1.056 1.210 1.350 1.482 1.642 1.853 1.959 2.021 2.048 2.112 2.098 2.062 2.065 2.000 1.887 1.756 1.703 1.799 1.799 0.746
8.00 316.23 0.180 0.341 0.530 0.671 0.823 0.972 1.109 1.239 1.398 1.614 1.730 1.810 1.847 1.930 1.933 1.905 1.920 1.863 1.757 1.624 1.571 1.663 1.663 0.528
8.00 398.11 -0.084 0.072 0.258 0.394 0.543 0.686 0.820 0.948 1.105 1.326 1.452 1.555 1.607 1.715 1.741 1.721 1.752 1.707 1.607 1.474 1.423 1.512 1.512 0.267
8.00 501.19 -0.406 -0.256 -0.075 0.058 0.203 0.340 0.472 0.597 0.751 0.976 1.117 1.250 1.321 1.462 1.516 1.509 1.559 1.528 1.439 1.304 1.255 1.344 1.344 -0.048
8.00 630.96 -0.804 -0.659 -0.481 -0.353 -0.211 -0.080 0.049 0.171 0.321 0.552 0.711 0.882 0.980 1.163 1.254 1.264 1.338 1.327 1.249 1.114 1.068 1.158 1.158 -0.430
8.00 794.33 -1.295 -1.156 -0.982 -0.857 -0.720 -0.594 -0.469 -0.350 -0.204 0.035 0.218 0.439 0.571 0.809 0.948 0.981 1.086 1.099 1.035 0.900 0.858 0.950 0.950 -0.897
8.00 1000.00 -1.903 -1.770 -1.601 -1.480 -1.346 -1.227 -1.104 -0.988 -0.848 -0.597 -0.384 -0.099 0.078 0.387 0.589 0.651 0.797 0.841 0.796 0.660 0.622 0.717 0.717 -1.470
8.25 1.00 1.557 1.786 2.020 2.205 2.401 2.611 2.778 2.851 2.833 2.800 2.758 2.707 2.682 2.665 2.585 2.547 2.536 2.506 2.460 2.403 2.397 2.633 2.633 1.974
8.25 1.26 1.555 1.784 2.017 2.202 2.398 2.607 2.775 2.847 2.831 2.800 2.758 2.707 2.683 2.666 2.586 2.547 2.536 2.505 2.458 2.401 2.395 2.631 2.631 1.971
8.25 1.58 1.552 1.780 2.014 2.199 2.394 2.603 2.770 2.844 2.829 2.800 2.759 2.709 2.684 2.667 2.587 2.548 2.536 2.504 2.457 2.399 2.393 2.628 2.628 1.967
8.25 2.00 1.548 1.776 2.010 2.194 2.389 2.598 2.765 2.839 2.826 2.799 2.760 2.710 2.685 2.669 2.588 2.548 2.536 2.504 2.455 2.396 2.390 2.624 2.624 1.963
8.25 2.51 1.544 1.772 2.004 2.188 2.383 2.592 2.758 2.833 2.823 2.799 2.761 2.712 2.687 2.670 2.589 2.549 2.536 2.502 2.452 2.393 2.386 2.619 2.619 1.958
8.25 3.16 1.539 1.765 1.998 2.182 2.376 2.584 2.750 2.826 2.819 2.798 2.762 2.714 2.689 2.673 2.591 2.550 2.536 2.501 2.449 2.389 2.382 2.614 2.614 1.952
8.25 3.98 1.532 1.758 1.990 2.173 2.367 2.574 2.740 2.817 2.813 2.798 2.764 2.716 2.692 2.675 2.593 2.552 2.536 2.500 2.446 2.385 2.376 2.607 2.607 1.944
8.25 5.01 1.523 1.749 1.980 2.163 2.356 2.562 2.727 2.806 2.807 2.797 2.765 2.719 2.695 2.679 2.596 2.553 2.537 2.498 2.442 2.379 2.370 2.599 2.599 1.934
8.25 6.31 1.513 1.737 1.968 2.150 2.342 2.547 2.712 2.793 2.799 2.795 2.768 2.723 2.699 2.683 2.599 2.555 2.537 2.496 2.437 2.373 2.363 2.590 2.590 1.922
8.25 7.94 1.501 1.724 1.953 2.134 2.326 2.529 2.694 2.777 2.789 2.793 2.770 2.727 2.704 2.688 2.603 2.558 2.539 2.494 2.432 2.365 2.354 2.578 2.578 1.907
8.25 10.00 1.486 1.707 1.935 2.115 2.306 2.508 2.671 2.757 2.776 2.791 2.772 2.732 2.709 2.693 2.608 2.562 2.540 2.492 2.426 2.356 2.344 2.565 2.565 1.890
8.25 12.59 1.467 1.687 1.914 2.093 2.282 2.482 2.645 2.733 2.762 2.787 2.774 2.737 2.715 2.699 2.614 2.566 2.542 2.490 2.419 2.346 2.332 2.549 2.549 1.868
8.25 15.85 1.445 1.662 1.888 2.065 2.253 2.451 2.613 2.705 2.743 2.782 2.776 2.742 2.720 2.706 2.620 2.570 2.544 2.488 2.411 2.335 2.319 2.531 2.531 1.843
8.25 19.95 1.419 1.634 1.858 2.033 2.219 2.415 2.575 2.671 2.721 2.774 2.776 2.745 2.725 2.712 2.627 2.575 2.546 2.485 2.403 2.323 2.304 2.510 2.510 1.813
8.25 25.12 1.388 1.599 1.822 1.995 2.180 2.372 2.531 2.631 2.693 2.763 2.773 2.747 2.729 2.717 2.632 2.578 2.548 2.482 2.393 2.308 2.287 2.486 2.486 1.777
8.25 31.62 1.351 1.559 1.779 1.951 2.133 2.322 2.479 2.585 2.659 2.746 2.765 2.744 2.728 2.719 2.636 2.580 2.548 2.477 2.382 2.292 2.267 2.458 2.458 1.735
8.25 39.81 1.307 1.512 1.730 1.899 2.079 2.264 2.420 2.529 2.618 2.722 2.751 2.736 2.722 2.716 2.635 2.578 2.545 2.469 2.367 2.272 2.243 2.426 2.426 1.686
8.25 50.12 1.255 1.456 1.672 1.838 2.015 2.197 2.351 2.465 2.566 2.688 2.727 2.718 2.707 2.705 2.627 2.570 2.536 2.457 2.349 2.248 2.216 2.388 2.388 1.628
8.25 63.10 1.195 1.392 1.604 1.768 1.942 2.120 2.271 2.389 2.503 2.641 2.690 2.689 2.680 2.683 2.610 2.553 2.520 2.438 2.325 2.218 2.182 2.343 2.343 1.560
8.25 79.43 1.123 1.315 1.525 1.686 1.857 2.030 2.180 2.301 2.426 2.580 2.638 2.644 2.639 2.648 2.580 2.524 2.493 2.410 2.292 2.180 2.140 2.290 2.290 1.481
8.25 100.00 1.038 1.226 1.432 1.590 1.758 1.927 2.073 2.198 2.332 2.499 2.567 2.581 2.580 2.595 2.534 2.480 2.453 2.369 2.249 2.132 2.089 2.227 2.227 1.388
8.25 125.89 0.937 1.120 1.323 1.477 1.642 1.806 1.950 2.076 2.218 2.397 2.473 2.496 2.499 2.523 2.471 2.419 2.396 2.314 2.194 2.072 2.025 2.152 2.152 1.279
8.25 158.49 0.816 0.994 1.193 1.344 1.506 1.665 1.806 1.933 2.081 2.270 2.354 2.386 2.395 2.429 2.386 2.338 2.321 2.243 2.123 1.998 1.949 2.065 2.065 1.151
8.25 199.53 0.671 0.843 1.039 1.187 1.345 1.498 1.637 1.765 1.915 2.112 2.205 2.249 2.264 2.310 2.279 2.235 2.227 2.153 2.036 1.908 1.857 1.965 1.965 0.999
8.25 251.19 0.495 0.662 0.855 0.999 1.153 1.301 1.437 1.564 1.716 1.919 2.021 2.079 2.104 2.165 2.148 2.110 2.111 2.044 1.931 1.801 1.749 1.850 1.850 0.819
8.25 316.23 0.282 0.443 0.632 0.772 0.923 1.066 1.199 1.324 1.477 1.685 1.796 1.873 1.908 1.989 1.990 1.959 1.973 1.915 1.808 1.676 1.625 1.720 1.720 0.605
8.25 398.11 0.021 0.177 0.362 0.498 0.645 0.782 0.913 1.036 1.187 1.400 1.523 1.624 1.674 1.780 1.803 1.782 1.811 1.765 1.665 1.532 1.482 1.574 1.574 0.346
8.25 501.19 -0.299 -0.149 0.032 0.165 0.308 0.439 0.567 0.688 0.836 1.055 1.192 1.322 1.392 1.531 1.583 1.576 1.624 1.593 1.502 1.368 1.320 1.411 1.411 0.034
8.25 630.96 -0.694 -0.549 -0.372 -0.243 -0.104 0.022 0.147 0.265 0.409 0.634 0.790 0.959 1.055 1.236 1.326 1.336 1.409 1.396 1.318 1.183 1.137 1.229 1.229 -0.346
8.25 794.33 -1.182 -1.044 -0.870 -0.745 -0.609 -0.490 -0.368 -0.253 -0.113 0.121 0.301 0.519 0.650 0.886 1.024 1.056 1.161 1.173 1.109 0.974 0.932 1.025 1.025 -0.811
8.25 1000.00 -1.789 -1.656 -1.486 -1.365 -1.233 -1.119 -1.000 -0.889 -0.753 -0.509 -0.298 -0.015 0.161 0.469 0.669 0.731 0.876 0.920 0.874 0.738 0.700 0.795 0.795 -1.381
8.50 1.00 1.613 1.840 2.072 2.255 2.448 2.650 2.813 2.882 2.861 2.825 2.780 2.725 2.697 2.676 2.591 2.550 2.535 2.502 2.454 2.396 2.391 2.627 2.627 2.002
8.50 1.26 1.611 1.837 2.069 2.253 2.445 2.647 2.810 2.879 2.860 2.825 2.780 2.726 2.697 2.677 2.592 2.550 2.535 2.501 2.453 2.394 2.389 2.625 2.625 1.999
8.50 1.58 1.608 1.834 2.066 2.249 2.442 2.644 2.806 2.876 2.858 2.824 2.781 2.727 2.698 2.678 2.592 2.550 2.535 2.501 2.451 2.393 2.387 2.623 2.623 1.996
8.50 2.00 1.605 1.831 2.062 2.245 2.437 2.639 2.802 2.872 2.855 2.824 2.781 2.728 2.700 2.679 2.593 2.551 2.535 2.500 2.449 2.390 2.385 2.619 2.619 1.992
8.50 2.51 1.601 1.826 2.058 2.240 2.432 2.633 2.796 2.866 2.852 2.824 2.782 2.730 2.701 2.681 2.595 2.552 2.536 2.499 2.447 2.387 2.381 2.615 2.615 1.988
8.50 3.16 1.596 1.821 2.052 2.234 2.425 2.626 2.788 2.860 2.848 2.823 2.783 2.732 2.703 2.682 2.596 2.552 2.536 2.498 2.445 2.384 2.377 2.611 2.611 1.982
8.50 3.98 1.590 1.814 2.045 2.226 2.417 2.617 2.779 2.852 2.843 2.822 2.785 2.734 2.706 2.685 2.598 2.554 2.536 2.496 2.442 2.380 2.373 2.605 2.605 1.975
8.50 5.01 1.583 1.806 2.036 2.217 2.407 2.606 2.768 2.842 2.837 2.821 2.786 2.737 2.708 2.688 2.601 2.555 2.536 2.495 2.438 2.375 2.367 2.597 2.597 1.966
8.50 6.31 1.574 1.796 2.025 2.205 2.395 2.593 2.754 2.830 2.830 2.820 2.788 2.740 2.712 2.691 2.604 2.557 2.537 2.493 2.434 2.369 2.360 2.589 2.589 1.955
8.50 7.94 1.562 1.783 2.011 2.191 2.380 2.576 2.737 2.815 2.821 2.818 2.790 2.743 2.716 2.696 2.607 2.559 2.538 2.491 2.429 2.362 2.352 2.578 2.578 1.941
8.50 10.00 1.548 1.768 1.995 2.174 2.361 2.557 2.716 2.797 2.809 2.816 2.792 2.748 2.721 2.701 2.612 2.563 2.539 2.490 2.423 2.354 2.343 2.566 2.566 1.925
8.50 12.59 1.531 1.749 1.975 2.153 2.339 2.533 2.691 2.775 2.795 2.812 2.794 2.752 2.726 2.706 2.617 2.566 2.541 2.488 2.417 2.345 2.332 2.552 2.552 1.905
8.50 15.85 1.511 1.727 1.951 2.127 2.313 2.504 2.662 2.748 2.778 2.807 2.795 2.756 2.731 2.712 2.623 2.570 2.543 2.485 2.410 2.334 2.320 2.535 2.535 1.882
8.50 19.95 1.487 1.700 1.923 2.097 2.281 2.470 2.627 2.717 2.757 2.800 2.795 2.760 2.736 2.718 2.629 2.574 2.545 2.483 2.402 2.322 2.306 2.515 2.515 1.854
8.50 25.12 1.457 1.668 1.889 2.062 2.244 2.430 2.585 2.679 2.731 2.789 2.792 2.761 2.739 2.723 2.634 2.578 2.546 2.480 2.393 2.309 2.290 2.493 2.493 1.820
8.50 31.62 1.422 1.630 1.849 2.020 2.200 2.383 2.537 2.635 2.700 2.773 2.786 2.760 2.739 2.726 2.638 2.580 2.547 2.476 2.382 2.294 2.271 2.467 2.467 1.780
8.50 39.81 1.381 1.585 1.802 1.971 2.148 2.328 2.480 2.583 2.660 2.751 2.773 2.752 2.734 2.724 2.638 2.579 2.545 2.469 2.369 2.275 2.250 2.437 2.437 1.733
8.50 50.12 1.332 1.532 1.747 1.913 2.088 2.264 2.414 2.521 2.612 2.720 2.751 2.737 2.722 2.715 2.633 2.573 2.538 2.459 2.353 2.253 2.224 2.402 2.402 1.678
8.50 63.10 1.274 1.470 1.682 1.845 2.017 2.189 2.337 2.449 2.552 2.677 2.718 2.711 2.698 2.697 2.619 2.559 2.525 2.442 2.331 2.226 2.193 2.360 2.360 1.613
8.50 79.43 1.204 1.396 1.605 1.766 1.935 2.103 2.249 2.364 2.478 2.619 2.670 2.670 2.662 2.666 2.593 2.535 2.502 2.418 2.302 2.192 2.155 2.311 2.311 1.537
8.50 100.00 1.122 1.309 1.515 1.672 1.839 2.002 2.145 2.264 2.388 2.543 2.604 2.612 2.608 2.619 2.553 2.497 2.467 2.383 2.264 2.149 2.108 2.253 2.253 1.447
8.50 125.89 1.023 1.206 1.409 1.563 1.726 1.884 2.025 2.146 2.278 2.446 2.516 2.533 2.534 2.553 2.496 2.442 2.417 2.334 2.214 2.094 2.051 2.184 2.184 1.341
8.50 158.49 0.905 1.082 1.282 1.433 1.592 1.746 1.884 2.006 2.145 2.323 2.402 2.430 2.436 2.466 2.419 2.368 2.350 2.270 2.150 2.027 1.980 2.103 2.103 1.216
8.50 199.53 0.762 0.935 1.131 1.278 1.434 1.582 1.718 1.840 1.983 2.170 2.258 2.299 2.311 2.354 2.319 2.273 2.262 2.188 2.070 1.944 1.895 2.008 2.008 1.067
8.50 251.19 0.589 0.756 0.949 1.092 1.245 1.388 1.521 1.643 1.788 1.983 2.080 2.135 2.157 2.215 2.195 2.155 2.154 2.086 1.973 1.844 1.794 1.899 1.899 0.890
8.50 316.23 0.379 0.540 0.729 0.869 1.018 1.155 1.286 1.406 1.552 1.753 1.860 1.934 1.967 2.046 2.043 2.011 2.023 1.964 1.857 1.725 1.676 1.775 1.775 0.678
8.50 398.11 0.120 0.276 0.461 0.597 0.743 0.875 1.002 1.121 1.266 1.473 1.592 1.690 1.738 1.842 1.863 1.841 1.868 1.821 1.721 1.588 1.539 1.634 1.634 0.422
8.50 501.19 -0.197 -0.047 0.134 0.267 0.408 0.534 0.659 0.776 0.919 1.131 1.265 1.393 1.462 1.598 1.649 1.640 1.687 1.655 1.564 1.430 1.383 1.476 1.476 0.112
8.50 630.96 -0.589 -0.445 -0.268 -0.139 -0.001 0.119 0.241 0.355 0.495 0.714 0.867 1.034 1.129 1.308 1.397 1.405 1.477 1.464 1.385 1.250 1.206 1.298 1.298 -0.265
8.50 794.33 -1.075 -0.937 -0.763 -0.638 -0.504 -0.390 -0.270 -0.160 -0.024 0.204 0.381 0.598 0.727 0.962 1.099 1.130 1.234 1.246 1.181 1.046 1.005 1.098 1.098 -0.727
8.50 1000.00 -1.679 -1.546 -1.376 -1.256 -1.125 -1.017 -0.900 -0.793 -0.662 -0.422 -0.214 0.067 0.242 0.548 0.748 0.809 0.953 0.996 0.950 0.815 0.777 0.873 0.873 -1.295
8.75 1.00 1.666 1.890 2.120 2.302 2.491 2.687 2.847 2.912 2.889 2.849 2.801 2.744 2.711 2.686 2.597 2.552 2.535 2.498 2.448 2.389 2.385 2.622 2.622 2.029
8.75 1.26 1.664 1.888 2.118 2.300 2.489 2.685 2.844 2.909 2.887 2.849 2.802 2.744 2.712 2.687 2.597 2.552 2.535 2.498 2.447 2.388 2.384 2.621 2.621 2.026
8.75 1.58 1.662 1.885 2.115 2.297 2.486 2.681 2.840 2.906 2.885 2.848 2.802 2.745 2.713 2.688 2.598 2.552 2.535 2.497 2.446 2.386 2.382 2.618 2.618 2.024
8.75 2.00 1.659 1.882 2.112 2.293 2.482 2.677 2.836 2.903 2.883 2.848 2.803 2.746 2.714 2.689 2.599 2.553 2.535 2.496 2.444 2.384 2.380 2.615 2.615 2.020
8.75 2.51 1.655 1.878 2.108 2.289 2.477 2.672 2.831 2.898 2.880 2.847 2.803 2.747 2.715 2.690 2.600 2.554 2.535 2.495 2.442 2.382 2.377 2.612 2.612 2.016
8.75 3.16 1.651 1.873 2.102 2.283 2.471 2.666 2.824 2.892 2.876 2.847 2.804 2.749 2.717 2.692 2.601 2.554 2.535 2.494 2.440 2.379 2.373 2.607 2.607 2.011
8.75 3.98 1.645 1.867 2.096 2.276 2.464 2.657 2.816 2.884 2.872 2.846 2.806 2.751 2.719 2.694 2.603 2.555 2.535 2.493 2.437 2.375 2.369 2.602 2.602 2.004
8.75 5.01 1.638 1.859 2.088 2.267 2.455 2.648 2.805 2.875 2.866 2.845 2.807 2.753 2.721 2.697 2.605 2.557 2.536 2.492 2.434 2.370 2.364 2.596 2.596 1.996
8.75 6.31 1.630 1.850 2.078 2.257 2.443 2.635 2.792 2.864 2.860 2.844 2.808 2.756 2.725 2.700 2.608 2.558 2.536 2.490 2.430 2.365 2.358 2.588 2.588 1.986
8.75 7.94 1.620 1.838 2.065 2.244 2.430 2.620 2.777 2.851 2.851 2.842 2.810 2.759 2.728 2.704 2.611 2.561 2.537 2.489 2.426 2.359 2.351 2.578 2.578 1.974
8.75 10.00 1.607 1.824 2.050 2.228 2.413 2.602 2.758 2.834 2.841 2.839 2.812 2.763 2.732 2.708 2.615 2.563 2.538 2.487 2.421 2.351 2.342 2.567 2.567 1.959
8.75 12.59 1.591 1.807 2.032 2.208 2.392 2.580 2.735 2.814 2.828 2.836 2.813 2.767 2.737 2.713 2.620 2.566 2.539 2.485 2.415 2.343 2.332 2.554 2.554 1.940
8.75 15.85 1.573 1.786 2.010 2.185 2.368 2.554 2.708 2.789 2.812 2.831 2.814 2.771 2.741 2.719 2.625 2.570 2.541 2.483 2.408 2.333 2.321 2.538 2.538 1.919
8.75 19.95 1.550 1.762 1.984 2.157 2.338 2.522 2.675 2.760 2.792 2.824 2.814 2.774 2.746 2.724 2.631 2.574 2.543 2.481 2.401 2.322 2.308 2.521 2.521 1.892
8.75 25.12 1.523 1.732 1.952 2.124 2.303 2.484 2.636 2.725 2.768 2.814 2.811 2.775 2.749 2.729 2.636 2.577 2.545 2.478 2.392 2.310 2.293 2.500 2.500 1.861
8.75 31.62 1.490 1.696 1.914 2.084 2.262 2.440 2.590 2.683 2.738 2.799 2.805 2.774 2.749 2.731 2.640 2.580 2.545 2.474 2.382 2.295 2.276 2.476 2.476 1.823
8.75 39.81 1.450 1.653 1.870 2.037 2.213 2.388 2.536 2.633 2.700 2.779 2.793 2.768 2.745 2.731 2.641 2.580 2.544 2.468 2.370 2.278 2.256 2.448 2.448 1.779
8.75 50.12 1.404 1.603 1.817 1.982 2.155 2.326 2.473 2.575 2.654 2.750 2.774 2.755 2.735 2.724 2.637 2.575 2.539 2.459 2.356 2.258 2.232 2.415 2.415 1.726
8.75 63.10 1.348 1.543 1.754 1.917 2.087 2.255 2.400 2.505 2.597 2.710 2.744 2.731 2.715 2.709 2.626 2.564 2.528 2.445 2.336 2.233 2.204 2.377 2.377 1.664
8.75 79.43 1.281 1.472 1.681 1.840 2.008 2.171 2.314 2.423 2.527 2.655 2.700 2.695 2.682 2.682 2.604 2.544 2.509 2.425 2.311 2.203 2.169 2.331 2.331 1.590
8.75 100.00 1.201 1.387 1.593 1.750 1.915 2.073 2.214 2.326 2.441 2.584 2.638 2.642 2.633 2.640 2.570 2.511 2.479 2.394 2.277 2.164 2.126 2.277 2.277 1.503
8.75 125.89 1.105 1.287 1.489 1.643 1.804 1.958 2.096 2.211 2.335 2.491 2.555 2.568 2.565 2.580 2.519 2.462 2.435 2.351 2.232 2.114 2.074 2.213 2.213 1.400
8.75 158.49 0.989 1.166 1.365 1.516 1.674 1.823 1.958 2.075 2.205 2.374 2.447 2.471 2.473 2.500 2.448 2.395 2.375 2.294 2.175 2.053 2.009 2.138 2.138 1.278
8.75 199.53 0.849 1.021 1.217 1.363 1.518 1.662 1.795 1.912 2.048 2.226 2.309 2.346 2.355 2.395 2.356 2.308 2.295 2.219 2.102 1.976 1.930 2.049 2.049 1.132
8.75 251.19 0.678 0.845 1.037 1.181 1.332 1.470 1.601 1.718 1.857 2.043 2.136 2.188 2.207 2.262 2.239 2.197 2.195 2.125 2.012 1.883 1.836 1.946 1.946 0.958
8.75 316.23 0.470 0.631 0.820 0.960 1.107 1.240 1.368 1.485 1.625 1.818 1.921 1.993 2.024 2.099 2.094 2.061 2.071 2.011 1.903 1.772 1.724 1.828 1.828 0.748
8.75 398.11 0.214 0.370 0.555 0.691 0.835 0.963 1.088 1.203 1.342 1.542 1.658 1.754 1.800 1.902 1.920 1.897 1.923 1.875 1.774 1.642 1.594 1.693 1.693 0.495
8.75 501.19 -0.101 0.049 0.230 0.363 0.503 0.625 0.747 0.860 0.998 1.205 1.336 1.462 1.529 1.664 1.712 1.702 1.748 1.715 1.624 1.490 1.444 1.539 1.539 0.188
8.75 630.96 -0.490 -0.346 -0.169 -0.040 0.096 0.213 0.332 0.442 0.578 0.792 0.942 1.107 1.201 1.379 1.465 1.473 1.544 1.530 1.451 1.316 1.272 1.366 1.366 -0.187
8.75 794.33 -0.974 -0.835 -0.662 -0.537 -0.404 -0.294 -0.177 -0.070 0.062 0.285 0.460 0.675 0.803 1.037 1.172 1.203 1.306 1.317 1.252 1.117 1.076 1.171 1.171 -0.646
8.75 1000.00 -1.575 -1.442 -1.272 -1.152 -1.023 -0.918 -0.805 -0.701 -0.573 -0.338 -0.132 0.147 0.321 0.627 0.825 0.885 1.029 1.072 1.025 0.890 0.852 0.949 0.949 -1.212
9.00 1.00 1.715 1.937 2.165 2.346 2.532 2.722 2.878 2.940 2.915 2.872 2.822 2.761 2.725 2.696 2.602 2.554 2.534 2.494 2.443 2.383 2.380 2.618 2.618 2.054
9.00 1.26 1.714 1.935 2.164 2.343 2.530 2.720 2.876 2.938 2.913 2.872 2.822 2.762 2.726 2.696 2.602 2.554 2.534 2.494 2.442 2.382 2.379 2.616 2.616 2.052
9.00 1.58 1.711 1.933 2.161 2.341 2.527 2.717 2.873 2.935 2.912 2.871 2.823 2.763 2.726 2.697 2.603 2.554 2.534 2.493 2.441 2.380 2.377 2.614 2.614 2.050
9.00 2.00 1.709 1.930 2.158 2.338 2.524 2.713 2.869 2.932 2.909 2.871 2.823 2.763 2.727 2.698 2.604 2.555 2.534 2.492 2.439 2.378 2.375 2.612 2.612 2.047
9.00 2.51 1.706 1.926 2.154 2.333 2.519 2.708 2.864 2.928 2.907 2.871 2.824 2.765 2.729 2.699 2.605 2.555 2.534 2.492 2.438 2.376 2.373 2.608 2.608 2.043
9.00 3.16 1.702 1.922 2.149 2.328 2.514 2.703 2.858 2.922 2.903 2.870 2.825 2.766 2.730 2.701 2.606 2.556 2.534 2.491 2.436 2.373 2.370 2.605 2.605 2.038
9.00 3.98 1.697 1.916 2.143 2.322 2.507 2.695 2.850 2.916 2.899 2.869 2.826 2.768 2.732 2.703 2.608 2.557 2.534 2.490 2.433 2.370 2.366 2.600 2.600 2.032
9.00 5.01 1.691 1.909 2.136 2.314 2.499 2.686 2.841 2.907 2.894 2.868 2.827 2.770 2.734 2.705 2.609 2.558 2.535 2.489 2.430 2.366 2.361 2.594 2.594 2.024
9.00 6.31 1.683 1.901 2.127 2.304 2.489 2.675 2.829 2.897 2.888 2.867 2.828 2.772 2.737 2.708 2.612 2.560 2.535 2.487 2.427 2.361 2.356 2.587 2.587 2.015
9.00 7.94 1.673 1.890 2.116 2.293 2.476 2.661 2.815 2.884 2.880 2.865 2.829 2.775 2.740 2.711 2.615 2.561 2.536 2.486 2.423 2.355 2.349 2.578 2.578 2.004
9.00 10.00 1.662 1.877 2.102 2.278 2.461 2.645 2.797 2.869 2.870 2.862 2.830 2.778 2.743 2.715 2.618 2.564 2.537 2.484 2.418 2.349 2.341 2.568 2.568 1.990
9.00 12.59 1.647 1.861 2.085 2.260 2.442 2.624 2.776 2.850 2.858 2.859 2.832 2.781 2.747 2.720 2.622 2.567 2.538 2.482 2.412 2.341 2.332 2.556 2.556 1.973
9.00 15.85 1.630 1.842 2.065 2.239 2.419 2.600 2.751 2.828 2.843 2.854 2.832 2.785 2.752 2.725 2.627 2.570 2.539 2.480 2.406 2.332 2.322 2.542 2.542 1.953
9.00 19.95 1.609 1.819 2.040 2.212 2.392 2.570 2.720 2.800 2.825 2.848 2.832 2.787 2.755 2.730 2.632 2.573 2.541 2.478 2.399 2.322 2.310 2.525 2.525 1.928
9.00 25.12 1.583 1.791 2.010 2.181 2.359 2.535 2.684 2.767 2.802 2.838 2.829 2.789 2.758 2.734 2.637 2.577 2.542 2.475 2.391 2.310 2.296 2.506 2.506 1.899
9.00 31.62 1.552 1.757 1.975 2.144 2.319 2.493 2.640 2.728 2.774 2.824 2.823 2.788 2.759 2.737 2.641 2.579 2.543 2.472 2.382 2.296 2.280 2.484 2.484 1.863
9.00 39.81 1.515 1.717 1.932 2.099 2.273 2.443 2.589 2.681 2.738 2.805 2.813 2.783 2.756 2.737 2.643 2.580 2.543 2.467 2.371 2.281 2.261 2.458 2.458 1.821
9.00 50.12 1.470 1.669 1.882 2.047 2.218 2.385 2.529 2.625 2.695 2.778 2.795 2.771 2.747 2.731 2.640 2.576 2.539 2.459 2.358 2.262 2.239 2.428 2.428 1.771
9.00 63.10 1.417 1.611 1.822 1.984 2.153 2.316 2.458 2.558 2.641 2.740 2.768 2.750 2.730 2.719 2.632 2.568 2.530 2.447 2.340 2.240 2.213 2.392 2.392 1.711
9.00 79.43 1.352 1.543 1.751 1.910 2.076 2.235 2.376 2.479 2.573 2.690 2.727 2.717 2.700 2.696 2.614 2.551 2.515 2.430 2.318 2.212 2.182 2.350 2.350 1.640
9.00 100.00 1.275 1.461 1.666 1.822 1.985 2.140 2.278 2.385 2.490 2.622 2.670 2.669 2.656 2.659 2.584 2.522 2.489 2.403 2.288 2.177 2.143 2.300 2.300 1.556
9.00 125.89 1.181 1.363 1.565 1.718 1.878 2.028 2.164 2.274 2.388 2.534 2.592 2.601 2.593 2.605 2.539 2.480 2.451 2.366 2.248 2.132 2.095 2.241 2.241 1.456
9.00 158.49 1.068 1.244 1.443 1.593 1.750 1.895 2.029 2.140 2.263 2.421 2.489 2.509 2.508 2.531 2.475 2.420 2.397 2.315 2.196 2.076 2.036 2.171 2.171 1.337
9.00 199.53 0.930 1.102 1.297 1.444 1.597 1.738 1.868 1.981 2.109 2.279 2.356 2.390 2.397 2.432 2.389 2.339 2.325 2.247 2.130 2.006 1.963 2.088 2.088 1.194
9.00 251.19 0.762 0.929 1.121 1.264 1.414 1.549 1.677 1.790 1.922 2.101 2.189 2.238 2.255 2.307 2.280 2.236 2.232 2.161 2.047 1.920 1.875 1.991 1.991 1.022
9.00 316.23 0.556 0.717 0.906 1.045 1.192 1.321 1.447 1.560 1.694 1.881 1.980 2.049 2.078 2.151 2.143 2.107 2.116 2.054 1.946 1.816 1.770 1.879 1.879 0.816
9.00 398.11 0.303 0.459 0.643 0.779 0.922 1.046 1.169 1.281 1.415 1.609 1.722 1.815 1.860 1.959 1.975 1.950 1.975 1.926 1.825 1.693 1.647 1.749 1.749 0.565
9.00 501.19 -0.009 0.141 0.322 0.454 0.593 0.711 0.831 0.941 1.075 1.276 1.405 1.528 1.594 1.727 1.773 1.762 1.807 1.773 1.681 1.548 1.503 1.601 1.601 0.261
9.00 630.96 -0.396 -0.252 -0.075 0.054 0.189 0.302 0.419 0.526 0.658 0.867 1.015 1.178 1.270 1.447 1.532 1.538 1.609 1.594 1.514 1.380 1.337 1.433 1.433 -0.112
9.00 794.33 -0.877 -0.739 -0.565 -0.441 -0.309 -0.202 -0.088 0.017 0.145 0.364 0.536 0.750 0.877 1.110 1.244 1.274 1.376 1.386 1.321 1.186 1.146 1.242 1.242 -0.569
9.00 1000.00 -1.476 -1.343 -1.174 -1.053 -0.925 -0.824 -0.713 -0.611 -0.487 -0.256 -0.052 0.226 0.399 0.704 0.901 0.961 1.104 1.146 1.099 0.964 0.926 1.024 1.024 -1.132
9.25 1.00 1.761 1.980 2.207 2.386 2.570 2.755 2.908 2.968 2.939 2.894 2.842 2.778 2.738 2.705 2.607 2.555 2.533 2.490 2.437 2.377 2.375 2.614 2.614 2.078
9.25 1.26 1.760 1.979 2.206 2.384 2.568 2.753 2.906 2.966 2.938 2.894 2.843 2.779 2.739 2.706 2.607 2.556 2.533 2.490 2.436 2.376 2.374 2.612 2.612 2.077
9.25 1.58 1.758 1.977 2.203 2.382 2.565 2.750 2.903 2.963 2.937 2.894 2.843 2.779 2.740 2.706 2.608 2.556 2.533 2.489 2.435 2.374 2.373 2.611 2.611 2.074
9.25 2.00 1.756 1.974 2.201 2.379 2.562 2.747 2.899 2.960 2.935 2.893 2.843 2.780 2.740 2.707 2.608 2.556 2.533 2.489 2.434 2.373 2.371 2.608 2.608 2.072
9.25 2.51 1.753 1.971 2.197 2.375 2.558 2.742 2.895 2.956 2.932 2.893 2.844 2.781 2.741 2.708 2.609 2.557 2.533 2.488 2.433 2.371 2.369 2.606 2.606 2.068
9.25 3.16 1.749 1.967 2.193 2.370 2.553 2.737 2.889 2.951 2.929 2.892 2.844 2.782 2.743 2.710 2.610 2.557 2.533 2.487 2.431 2.368 2.366 2.602 2.602 2.064
9.25 3.98 1.745 1.962 2.187 2.364 2.547 2.730 2.882 2.945 2.925 2.891 2.845 2.784 2.744 2.711 2.612 2.558 2.533 2.486 2.429 2.365 2.362 2.598 2.598 2.058
9.25 5.01 1.739 1.955 2.181 2.357 2.540 2.722 2.874 2.937 2.921 2.890 2.846 2.785 2.746 2.713 2.613 2.559 2.534 2.485 2.426 2.362 2.358 2.593 2.593 2.051
9.25 6.31 1.732 1.948 2.172 2.348 2.530 2.712 2.863 2.928 2.915 2.889 2.847 2.787 2.749 2.716 2.616 2.561 2.534 2.484 2.423 2.357 2.353 2.586 2.586 2.043
9.25 7.94 1.723 1.938 2.162 2.338 2.519 2.699 2.850 2.916 2.907 2.887 2.848 2.790 2.751 2.719 2.618 2.562 2.535 2.482 2.419 2.352 2.347 2.578 2.578 2.033
9.25 10.00 1.713 1.926 2.149 2.324 2.505 2.684 2.834 2.902 2.898 2.885 2.849 2.792 2.754 2.722 2.621 2.564 2.535 2.481 2.415 2.346 2.340 2.569 2.569 2.020
9.25 12.59 1.699 1.911 2.134 2.308 2.487 2.665 2.815 2.885 2.887 2.881 2.850 2.795 2.758 2.726 2.625 2.567 2.536 2.479 2.410 2.339 2.332 2.558 2.558 2.004
9.25 15.85 1.683 1.894 2.115 2.288 2.466 2.642 2.791 2.864 2.873 2.876 2.850 2.798 2.761 2.730 2.629 2.569 2.538 2.477 2.404 2.330 2.322 2.545 2.545 1.985
9.25 19.95 1.664 1.872 2.092 2.263 2.440 2.615 2.762 2.838 2.856 2.870 2.849 2.800 2.765 2.735 2.634 2.572 2.539 2.475 2.398 2.321 2.311 2.530 2.530 1.962
9.25 25.12 1.640 1.846 2.064 2.234 2.410 2.582 2.728 2.807 2.834 2.861 2.847 2.802 2.767 2.739 2.638 2.576 2.540 2.472 2.390 2.310 2.298 2.512 2.512 1.935
9.25 31.62 1.610 1.814 2.031 2.199 2.373 2.542 2.687 2.770 2.807 2.848 2.841 2.801 2.768 2.742 2.642 2.578 2.541 2.469 2.382 2.297 2.283 2.491 2.491 1.901
9.25 39.81 1.575 1.776 1.990 2.157 2.328 2.495 2.639 2.725 2.774 2.830 2.831 2.796 2.766 2.742 2.644 2.579 2.541 2.465 2.372 2.283 2.266 2.467 2.467 1.861
9.25 50.12 1.532 1.730 1.942 2.106 2.276 2.439 2.581 2.672 2.733 2.804 2.815 2.786 2.758 2.738 2.643 2.577 2.538 2.458 2.359 2.266 2.246 2.439 2.439 1.813
9.25 63.10 1.481 1.675 1.885 2.046 2.213 2.373 2.513 2.608 2.681 2.769 2.790 2.768 2.743 2.728 2.636 2.570 2.531 2.448 2.344 2.245 2.222 2.407 2.407 1.756
9.25 79.43 1.419 1.608 1.816 1.975 2.139 2.295 2.433 2.532 2.617 2.721 2.752 2.738 2.717 2.708 2.621 2.556 2.519 2.433 2.324 2.220 2.193 2.368 2.368 1.688
9.25 100.00 1.344 1.529 1.734 1.890 2.051 2.203 2.339 2.441 2.537 2.658 2.699 2.693 2.677 2.675 2.596 2.532 2.497 2.411 2.297 2.188 2.158 2.322 2.322 1.606
9.25 125.89 1.252 1.433 1.635 1.788 1.947 2.094 2.227 2.333 2.439 2.574 2.625 2.630 2.619 2.627 2.556 2.495 2.464 2.378 2.262 2.148 2.114 2.267 2.267 1.509
9.25 158.49 1.142 1.318 1.516 1.666 1.822 1.964 2.095 2.203 2.317 2.466 2.528 2.544 2.540 2.559 2.499 2.441 2.416 2.333 2.216 2.097 2.060 2.202 2.202 1.392
9.25 199.53 1.006 1.177 1.373 1.519 1.672 1.809 1.938 2.047 2.168 2.328 2.401 2.431 2.435 2.467 2.420 2.368 2.351 2.272 2.156 2.033 1.993 2.125 2.125 1.252
9.25 251.19 0.841 1.007 1.199 1.342 1.491 1.623 1.749 1.859 1.984 2.155 2.239 2.285 2.299 2.349 2.318 2.272 2.266 2.194 2.080 1.954 1.912 2.034 2.034 1.084
9.25 316.23 0.638 0.798 0.986 1.126 1.271 1.398 1.522 1.631 1.760 1.940 2.036 2.102 2.129 2.199 2.188 2.151 2.158 2.095 1.987 1.858 1.814 1.927 1.927 0.880
9.25 398.11 0.387 0.542 0.727 0.863 1.004 1.126 1.247 1.355 1.485 1.674 1.783 1.874 1.917 2.014 2.028 2.001 2.025 1.974 1.872 1.741 1.697 1.804 1.804 0.632
9.25 501.19 0.077 0.226 0.407 0.540 0.678 0.793 0.912 1.019 1.148 1.345 1.471 1.593 1.656 1.788 1.832 1.820 1.863 1.828 1.736 1.603 1.560 1.661 1.661 0.330
9.25 630.96 -0.308 -0.164 0.013 0.142 0.276 0.386 0.502 0.606 0.734 0.940 1.085 1.247 1.338 1.513 1.596 1.602 1.671 1.656 1.576 1.442 1.399 1.498 1.498 -0.039
9.25 794.33 -0.786 -0.648 -0.474 -0.350 -0.219 -0.115 -0.002 0.100 0.225 0.440 0.611 0.823 0.950 1.181 1.314 1.343 1.444 1.454 1.388 1.254 1.214 1.311 1.311 -0.494
9.25 1000.00 -1.382 -1.250 -1.080 -0.959 -0.833 -0.734 -0.624 -0.525 -0.404 -0.176 0.026 0.303 0.476 0.779 0.975 1.034 1.177 1.219 1.172 1.036 0.999 1.098 1.098 -1.055
