AtkinsonBoore2003SSlabCascadia as implemented in OpenQuake, distance is rrup. Log10 hazard values in cgs units
          14 31 10 : nmag, ndist, nperiod
          0.040 0.100 0.200 0.400 1.000 2.000 3.000 5.000 10.000 PGA PGV
          0.576 0.645 0.645 0.645 0.668 0.691 0.691 0.691 0.691 0.622 PGVsig
4.75 1.00 2.916 2.969 3.227 3.121 2.737 2.073 1.307 0.783 0.224 2.687 1.693
4.75 1.26 2.886 2.939 3.198 3.088 2.689 2.025 1.259 0.736 0.180 2.662 1.647
4.75 1.58 2.842 2.895 3.154 3.041 2.623 1.959 1.193 0.672 0.118 2.624 1.582
4.75 2.00 2.780 2.833 3.092 2.976 2.536 1.872 1.107 0.588 0.037 2.569 1.497
4.75 2.51 2.697 2.751 3.009 2.890 2.429 1.766 1.001 0.484 -0.063 2.493 1.390
4.75 3.16 2.593 2.646 2.905 2.783 2.303 1.640 0.875 0.362 -0.180 2.394 1.262
4.75 3.98 2.469 2.522 2.781 2.657 2.161 1.499 0.734 0.225 -0.312 2.275 1.116
4.75 5.01 2.323 2.377 2.636 2.511 2.007 1.345 0.581 0.076 -0.455 2.132 0.953
4.75 6.31 2.159 2.212 2.472 2.347 1.843 1.182 0.419 -0.081 -0.606 1.968 0.778
4.75 7.94 1.987 2.041 2.301 2.176 1.673 1.012 0.251 -0.244 -0.761 1.797 0.596
4.75 10.00 1.811 1.865 2.125 2.001 1.497 0.838 0.078 -0.411 -0.920 1.621 0.408
4.75 12.59 1.630 1.685 1.946 1.822 1.318 0.660 -0.098 -0.580 -1.080 1.442 0.217
4.75 15.85 1.447 1.502 1.764 1.640 1.137 0.480 -0.275 -0.751 -1.241 1.259 0.022
4.75 19.95 1.260 1.315 1.578 1.455 0.952 0.298 -0.455 -0.922 -1.402 1.073 -0.175
4.75 25.12 1.070 1.126 1.391 1.268 0.765 0.114 -0.635 -1.095 -1.563 0.885 -0.375
4.75 31.62 0.876 0.933 1.200 1.078 0.576 -0.072 -0.816 -1.268 -1.725 0.693 -0.578
4.75 39.81 0.678 0.737 1.005 0.885 0.383 -0.260 -0.999 -1.442 -1.887 0.498 -0.785
4.75 50.12 0.475 0.535 0.806 0.688 0.186 -0.452 -1.182 -1.617 -2.050 0.298 -0.996
4.75 63.10 0.266 0.328 0.602 0.485 -0.016 -0.646 -1.367 -1.793 -2.213 0.093 -1.211
4.75 79.43 0.048 0.113 0.392 0.277 -0.223 -0.844 -1.554 -1.970 -2.377 -0.119 -1.434
4.75 100.00 -0.179 -0.111 0.173 0.061 -0.438 -1.048 -1.742 -2.149 -2.543 -0.340 -1.664
4.75 125.89 -0.419 -0.347 -0.056 -0.164 -0.662 -1.258 -1.933 -2.330 -2.711 -0.571 -1.904
4.75 158.49 -0.674 -0.598 -0.298 -0.401 -0.897 -1.475 -2.127 -2.515 -2.882 -0.816 -2.157
4.75 199.53 -0.950 -0.867 -0.556 -0.653 -1.148 -1.703 -2.325 -2.703 -3.057 -1.078 -2.425
4.75 251.19 -1.250 -1.159 -0.834 -0.925 -1.416 -1.943 -2.527 -2.896 -3.236 -1.362 -2.713
4.75 316.23 -1.581 -1.481 -1.138 -1.220 -1.708 -2.199 -2.736 -3.094 -3.421 -1.673 -3.027
4.75 398.11 -1.952 -1.840 -1.475 -1.545 -2.029 -2.475 -2.952 -3.301 -3.613 -2.017 -3.372
4.75 501.19 -2.373 -2.245 -1.852 -1.907 -2.386 -2.776 -3.177 -3.516 -3.815 -2.405 -3.756
4.75 630.96 -2.855 -2.708 -2.280 -2.318 -2.790 -3.108 -3.415 -3.744 -4.029 -2.846 -4.190
4.75 794.33 -3.417 -3.245 -2.773 -2.788 -3.252 -3.480 -3.668 -3.987 -4.258 -3.356 -4.687
4.75 1000.00 -4.078 -3.875 -3.347 -3.333 -3.787 -3.902 -3.940 -4.249 -4.506 -3.950 -5.264
5.00 1.00 2.895 2.957 3.222 3.134 2.774 2.140 1.404 0.904 0.350 2.682 1.724
5.00 1.26 2.876 2.938 3.203 3.114 2.743 2.109 1.374 0.875 0.323 2.666 1.695
5.00 1.58 2.848 2.909 3.174 3.083 2.699 2.065 1.330 0.833 0.284 2.642 1.652
5.00 2.00 2.806 2.867 3.132 3.039 2.638 2.004 1.270 0.774 0.228 2.605 1.593
5.00 2.51 2.746 2.808 3.073 2.977 2.558 1.924 1.189 0.697 0.154 2.551 1.513
5.00 3.16 2.667 2.728 2.993 2.895 2.457 1.823 1.089 0.599 0.060 2.478 1.412
5.00 3.98 2.566 2.628 2.893 2.791 2.336 1.703 0.969 0.483 -0.051 2.382 1.289
5.00 5.01 2.445 2.507 2.772 2.668 2.198 1.566 0.832 0.350 -0.178 2.266 1.147
5.00 6.31 2.301 2.363 2.629 2.524 2.047 1.415 0.683 0.205 -0.317 2.125 0.987
5.00 7.94 2.139 2.201 2.468 2.363 1.886 1.255 0.524 0.051 -0.464 1.964 0.815
5.00 10.00 1.969 2.032 2.298 2.194 1.717 1.087 0.357 -0.110 -0.616 1.794 0.634
5.00 12.59 1.793 1.856 2.124 2.020 1.543 0.914 0.186 -0.274 -0.772 1.619 0.448
5.00 15.85 1.613 1.676 1.945 1.841 1.365 0.738 0.012 -0.442 -0.930 1.440 0.257
5.00 19.95 1.429 1.493 1.762 1.659 1.183 0.558 -0.165 -0.611 -1.089 1.257 0.062
5.00 25.12 1.240 1.305 1.576 1.474 0.998 0.376 -0.343 -0.782 -1.249 1.070 -0.136
5.00 31.62 1.048 1.114 1.387 1.286 0.810 0.191 -0.523 -0.954 -1.410 0.880 -0.337
5.00 39.81 0.852 0.919 1.194 1.094 0.618 0.004 -0.704 -1.126 -1.570 0.687 -0.542
5.00 50.12 0.650 0.719 0.996 0.898 0.423 -0.185 -0.886 -1.300 -1.732 0.488 -0.752
5.00 63.10 0.442 0.513 0.794 0.697 0.222 -0.379 -1.070 -1.475 -1.894 0.284 -0.966
5.00 79.43 0.226 0.299 0.584 0.490 0.016 -0.576 -1.255 -1.651 -2.058 0.073 -1.187
5.00 100.00 -0.000 0.076 0.367 0.275 -0.198 -0.778 -1.443 -1.829 -2.223 -0.147 -1.416
5.00 125.89 -0.239 -0.159 0.139 0.051 -0.420 -0.987 -1.632 -2.009 -2.390 -0.377 -1.655
5.00 158.49 -0.494 -0.409 -0.102 -0.185 -0.655 -1.204 -1.825 -2.193 -2.560 -0.621 -1.907
5.00 199.53 -0.768 -0.677 -0.359 -0.437 -0.904 -1.430 -2.022 -2.380 -2.733 -0.882 -2.174
5.00 251.19 -1.067 -0.968 -0.636 -0.707 -1.172 -1.669 -2.223 -2.571 -2.911 -1.165 -2.461
5.00 316.23 -1.397 -1.289 -0.939 -1.001 -1.463 -1.924 -2.431 -2.769 -3.095 -1.474 -2.774
5.00 398.11 -1.767 -1.646 -1.275 -1.325 -1.782 -2.199 -2.646 -2.974 -3.287 -1.818 -3.117
5.00 501.19 -2.187 -2.050 -1.651 -1.686 -2.139 -2.499 -2.870 -3.189 -3.488 -2.204 -3.501
5.00 630.96 -2.668 -2.513 -2.078 -2.096 -2.542 -2.830 -3.107 -3.416 -3.701 -2.645 -3.934
5.00 794.33 -3.229 -3.049 -2.570 -2.565 -3.003 -3.201 -3.359 -3.658 -3.929 -3.153 -4.430
5.00 1000.00 -3.888 -3.677 -3.143 -3.109 -3.537 -3.622 -3.630 -3.919 -4.176 -3.747 -5.005
5.25 1.00 2.865 2.936 3.207 3.139 2.797 2.192 1.488 1.010 0.462 2.669 1.742
5.25 1.26 2.854 2.924 3.195 3.126 2.778 2.174 1.469 0.993 0.447 2.660 1.724
5.25 1.58 2.836 2.906 3.177 3.107 2.751 2.147 1.442 0.968 0.423 2.644 1.698
5.25 2.00 2.809 2.879 3.150 3.078 2.711 2.107 1.402 0.930 0.388 2.621 1.659
5.25 2.51 2.769 2.839 3.110 3.036 2.655 2.051 1.347 0.876 0.338 2.585 1.604
5.25 3.16 2.712 2.783 3.054 2.977 2.580 1.976 1.272 0.805 0.271 2.534 1.529
5.25 3.98 2.636 2.706 2.978 2.899 2.485 1.881 1.178 0.713 0.184 2.463 1.433
5.25 5.01 2.539 2.609 2.881 2.800 2.369 1.766 1.063 0.603 0.078 2.371 1.315
5.25 6.31 2.421 2.492 2.764 2.680 2.236 1.634 0.932 0.475 -0.043 2.258 1.178
5.25 7.94 2.280 2.351 2.623 2.539 2.088 1.487 0.786 0.335 -0.177 2.119 1.022
5.25 10.00 2.120 2.191 2.464 2.380 1.930 1.329 0.630 0.184 -0.320 1.959 0.852
5.25 12.59 1.951 2.023 2.296 2.213 1.762 1.163 0.466 0.026 -0.470 1.792 0.673
5.25 15.85 1.776 1.848 2.122 2.039 1.589 0.992 0.296 -0.137 -0.623 1.617 0.488
5.25 19.95 1.595 1.668 1.944 1.861 1.411 0.816 0.123 -0.303 -0.779 1.438 0.297
5.25 25.12 1.410 1.483 1.760 1.678 1.229 0.636 -0.052 -0.471 -0.937 1.254 0.102
5.25 31.62 1.220 1.294 1.573 1.492 1.043 0.454 -0.230 -0.641 -1.096 1.067 -0.097
5.25 39.81 1.025 1.101 1.382 1.302 0.853 0.269 -0.409 -0.812 -1.255 0.874 -0.300
5.25 50.12 0.825 0.902 1.186 1.108 0.659 0.080 -0.590 -0.984 -1.415 0.677 -0.508
5.25 63.10 0.618 0.697 0.984 0.908 0.460 -0.112 -0.773 -1.158 -1.577 0.475 -0.721
5.25 79.43 0.403 0.485 0.776 0.702 0.255 -0.308 -0.957 -1.333 -1.739 0.265 -0.941
5.25 100.00 0.178 0.263 0.560 0.488 0.042 -0.509 -1.143 -1.510 -1.903 0.046 -1.169
5.25 125.89 -0.060 0.029 0.333 0.265 -0.179 -0.716 -1.332 -1.689 -2.069 -0.183 -1.407
5.25 158.49 -0.313 -0.220 0.093 0.030 -0.413 -0.932 -1.524 -1.871 -2.238 -0.426 -1.657
5.25 199.53 -0.586 -0.487 -0.163 -0.220 -0.661 -1.158 -1.719 -2.057 -2.411 -0.686 -1.923
5.25 251.19 -0.884 -0.777 -0.439 -0.489 -0.928 -1.396 -1.920 -2.248 -2.588 -0.967 -2.209
5.25 316.23 -1.214 -1.097 -0.741 -0.782 -1.217 -1.650 -2.126 -2.445 -2.771 -1.276 -2.520
5.25 398.11 -1.582 -1.453 -1.075 -1.105 -1.536 -1.923 -2.340 -2.649 -2.962 -1.619 -2.863
5.25 501.19 -2.001 -1.856 -1.450 -1.466 -1.892 -2.222 -2.564 -2.863 -3.162 -2.004 -3.245
5.25 630.96 -2.482 -2.317 -1.877 -1.874 -2.293 -2.553 -2.799 -3.089 -3.374 -2.443 -3.677
5.25 794.33 -3.041 -2.852 -2.368 -2.342 -2.753 -2.923 -3.050 -3.329 -3.601 -2.951 -4.172
5.25 1000.00 -3.700 -3.480 -2.940 -2.885 -3.286 -3.343 -3.320 -3.589 -3.847 -3.543 -4.746
5.50 1.00 2.830 2.908 3.186 3.137 2.811 2.237 1.563 1.108 0.565 2.652 1.751
5.50 1.26 2.822 2.901 3.179 3.129 2.800 2.226 1.552 1.098 0.557 2.646 1.741
5.50 1.58 2.811 2.890 3.168 3.118 2.784 2.210 1.536 1.083 0.544 2.636 1.725
5.50 2.00 2.795 2.873 3.151 3.100 2.759 2.185 1.511 1.061 0.524 2.621 1.701
5.50 2.51 2.769 2.848 3.126 3.073 2.723 2.149 1.476 1.027 0.493 2.599 1.666
5.50 3.16 2.731 2.810 3.088 3.033 2.672 2.098 1.425 0.979 0.449 2.565 1.615
5.50 3.98 2.678 2.757 3.035 2.978 2.602 2.029 1.356 0.913 0.387 2.516 1.546
5.50 5.01 2.605 2.684 2.963 2.903 2.513 1.939 1.267 0.828 0.307 2.448 1.455
5.50 6.31 2.512 2.591 2.869 2.808 2.403 1.830 1.158 0.723 0.208 2.359 1.342
5.50 7.94 2.397 2.477 2.756 2.693 2.274 1.702 1.032 0.601 0.092 2.249 1.209
5.50 10.00 2.258 2.338 2.618 2.554 2.130 1.559 0.890 0.464 -0.037 2.113 1.057
5.50 12.59 2.101 2.181 2.461 2.397 1.974 1.404 0.737 0.317 -0.176 1.956 0.890
5.50 15.85 1.933 2.014 2.295 2.232 1.808 1.240 0.575 0.162 -0.323 1.789 0.713
5.50 19.95 1.758 1.839 2.121 2.059 1.635 1.070 0.408 0.001 -0.474 1.616 0.528
5.50 25.12 1.577 1.659 1.942 1.880 1.457 0.894 0.236 -0.163 -0.628 1.436 0.337
5.50 31.62 1.390 1.473 1.758 1.697 1.274 0.715 0.061 -0.331 -0.784 1.251 0.141
5.50 39.81 1.197 1.281 1.569 1.509 1.087 0.532 -0.116 -0.499 -0.942 1.061 -0.060
5.50 50.12 0.999 1.085 1.375 1.317 0.895 0.345 -0.295 -0.670 -1.101 0.866 -0.265
5.50 63.10 0.794 0.881 1.175 1.118 0.697 0.155 -0.476 -0.842 -1.261 0.665 -0.477
5.50 79.43 0.580 0.670 0.968 0.914 0.493 -0.040 -0.659 -1.016 -1.422 0.456 -0.695
5.50 100.00 0.356 0.449 0.753 0.702 0.282 -0.240 -0.844 -1.192 -1.585 0.239 -0.922
5.50 125.89 0.120 0.217 0.527 0.480 0.061 -0.446 -1.031 -1.370 -1.750 0.011 -1.158
5.50 158.49 -0.133 -0.031 0.289 0.246 -0.171 -0.661 -1.222 -1.551 -1.918 -0.231 -1.407
5.50 199.53 -0.405 -0.297 0.034 -0.004 -0.418 -0.885 -1.417 -1.736 -2.090 -0.490 -1.673
5.50 251.19 -0.702 -0.586 -0.242 -0.272 -0.684 -1.122 -1.616 -1.926 -2.266 -0.770 -1.958
5.50 316.23 -1.030 -0.904 -0.543 -0.564 -0.972 -1.375 -1.821 -2.122 -2.448 -1.078 -2.268
5.50 398.11 -1.398 -1.260 -0.876 -0.885 -1.290 -1.648 -2.034 -2.325 -2.638 -1.419 -2.609
5.50 501.19 -1.815 -1.662 -1.250 -1.245 -1.645 -1.946 -2.257 -2.538 -2.837 -1.804 -2.990
5.50 630.96 -2.295 -2.122 -1.675 -1.652 -2.045 -2.275 -2.492 -2.763 -3.048 -2.242 -3.421
5.50 794.33 -2.853 -2.656 -2.165 -2.119 -2.504 -2.644 -2.741 -3.002 -3.274 -2.748 -3.915
5.50 1000.00 -3.511 -3.283 -2.736 -2.662 -3.036 -3.063 -3.010 -3.261 -3.518 -3.340 -4.488
5.75 1.00 2.790 2.877 3.161 3.131 2.821 2.277 1.634 1.200 0.663 2.630 1.756
5.75 1.26 2.785 2.873 3.157 3.126 2.815 2.271 1.628 1.195 0.659 2.626 1.750
5.75 1.58 2.779 2.866 3.151 3.119 2.805 2.261 1.619 1.187 0.653 2.621 1.741
5.75 2.00 2.768 2.856 3.141 3.109 2.791 2.247 1.604 1.174 0.643 2.611 1.727
5.75 2.51 2.753 2.840 3.125 3.092 2.769 2.225 1.582 1.154 0.625 2.597 1.705
5.75 3.16 2.729 2.816 3.101 3.067 2.736 2.192 1.550 1.124 0.599 2.576 1.673
5.75 3.98 2.693 2.781 3.066 3.031 2.689 2.145 1.504 1.081 0.559 2.544 1.626
5.75 5.01 2.643 2.731 3.016 2.978 2.625 2.082 1.440 1.021 0.504 2.497 1.562
5.75 6.31 2.574 2.662 2.947 2.908 2.541 1.998 1.357 0.942 0.430 2.433 1.477
5.75 7.94 2.484 2.572 2.858 2.817 2.436 1.894 1.254 0.843 0.338 2.347 1.369
5.75 10.00 2.373 2.462 2.748 2.705 2.312 1.771 1.133 0.726 0.228 2.241 1.241
5.75 12.59 2.237 2.325 2.612 2.569 2.172 1.632 0.995 0.594 0.103 2.107 1.092
5.75 15.85 2.081 2.170 2.458 2.415 2.018 1.480 0.845 0.450 -0.032 1.952 0.928
5.75 19.95 1.915 2.004 2.293 2.251 1.854 1.318 0.686 0.298 -0.175 1.787 0.752
5.75 25.12 1.739 1.830 2.120 2.078 1.682 1.148 0.520 0.139 -0.324 1.613 0.568
5.75 31.62 1.557 1.648 1.940 1.899 1.503 0.973 0.350 -0.024 -0.476 1.433 0.377
5.75 39.81 1.368 1.460 1.754 1.715 1.319 0.793 0.176 -0.190 -0.631 1.246 0.179
5.75 50.12 1.172 1.266 1.562 1.524 1.129 0.609 -0.001 -0.358 -0.788 1.053 -0.024
5.75 63.10 0.968 1.064 1.364 1.328 0.933 0.421 -0.180 -0.529 -0.946 0.854 -0.234
5.75 79.43 0.756 0.855 1.159 1.125 0.731 0.227 -0.361 -0.701 -1.106 0.647 -0.450
5.75 100.00 0.534 0.635 0.945 0.914 0.521 0.029 -0.545 -0.876 -1.268 0.431 -0.675
5.75 125.89 0.299 0.404 0.721 0.694 0.302 -0.176 -0.731 -1.053 -1.432 0.204 -0.910
5.75 158.49 0.047 0.158 0.483 0.461 0.071 -0.390 -0.921 -1.233 -1.599 -0.036 -1.158
5.75 199.53 -0.224 -0.107 0.230 0.213 -0.175 -0.613 -1.114 -1.417 -1.770 -0.294 -1.422
5.75 251.19 -0.519 -0.395 -0.045 -0.054 -0.440 -0.849 -1.313 -1.605 -1.945 -0.574 -1.706
5.75 316.23 -0.847 -0.713 -0.344 -0.345 -0.727 -1.101 -1.517 -1.800 -2.126 -0.880 -2.015
5.75 398.11 -1.213 -1.067 -0.677 -0.666 -1.044 -1.373 -1.729 -2.002 -2.315 -1.221 -2.355
5.75 501.19 -1.630 -1.468 -1.050 -1.025 -1.398 -1.669 -1.950 -2.214 -2.513 -1.604 -2.735
5.75 630.96 -2.109 -1.927 -1.474 -1.431 -1.797 -1.998 -2.184 -2.438 -2.723 -2.041 -3.165
5.75 794.33 -2.666 -2.460 -1.963 -1.897 -2.255 -2.366 -2.433 -2.677 -2.948 -2.546 -3.658
5.75 1000.00 -3.322 -3.086 -2.533 -2.438 -2.786 -2.784 -2.700 -2.934 -3.192 -3.137 -4.230
6.00 1.00 2.747 2.843 3.134 3.123 2.829 2.315 1.704 1.290 0.758 2.606 1.759
6.00 1.26 2.744 2.841 3.132 3.120 2.825 2.312 1.701 1.288 0.757 2.603 1.756
6.00 1.58 2.740 2.837 3.128 3.116 2.820 2.306 1.695 1.284 0.755 2.600 1.751
6.00 2.00 2.734 2.831 3.122 3.110 2.812 2.298 1.687 1.277 0.750 2.595 1.742
6.00 2.51 2.725 2.821 3.113 3.100 2.799 2.285 1.674 1.266 0.742 2.586 1.729
6.00 3.16 2.710 2.807 3.098 3.084 2.779 2.265 1.655 1.249 0.728 2.573 1.710
6.00 3.98 2.688 2.784 3.076 3.061 2.749 2.236 1.626 1.222 0.705 2.553 1.680
6.00 5.01 2.655 2.751 3.043 3.027 2.707 2.194 1.584 1.183 0.670 2.522 1.638
6.00 6.31 2.607 2.704 2.996 2.979 2.647 2.135 1.525 1.129 0.621 2.478 1.578
6.00 7.94 2.542 2.639 2.931 2.912 2.569 2.057 1.448 1.055 0.553 2.417 1.498
6.00 10.00 2.456 2.553 2.845 2.825 2.469 1.958 1.351 0.963 0.467 2.335 1.396
6.00 12.59 2.349 2.446 2.739 2.717 2.350 1.840 1.234 0.851 0.363 2.232 1.273
6.00 15.85 2.214 2.312 2.606 2.584 2.213 1.705 1.101 0.724 0.244 2.100 1.127
6.00 19.95 2.061 2.159 2.454 2.432 2.062 1.555 0.954 0.584 0.113 1.948 0.965
6.00 25.12 1.895 1.994 2.290 2.269 1.899 1.395 0.798 0.434 -0.027 1.783 0.791
6.00 31.62 1.719 1.819 2.117 2.097 1.727 1.227 0.634 0.278 -0.173 1.609 0.607
6.00 39.81 1.535 1.636 1.936 1.917 1.547 1.052 0.464 0.116 -0.324 1.428 0.415
6.00 50.12 1.342 1.445 1.748 1.730 1.361 0.871 0.291 -0.049 -0.478 1.238 0.215
6.00 63.10 1.141 1.246 1.552 1.536 1.168 0.685 0.115 -0.217 -0.634 1.042 0.008
6.00 79.43 0.931 1.038 1.349 1.335 0.968 0.494 -0.065 -0.388 -0.792 0.837 -0.206
6.00 100.00 0.711 0.821 1.137 1.126 0.760 0.297 -0.247 -0.561 -0.953 0.623 -0.429
6.00 125.89 0.477 0.591 0.914 0.907 0.542 0.093 -0.432 -0.736 -1.115 0.397 -0.663
6.00 158.49 0.227 0.346 0.678 0.675 0.312 -0.119 -0.620 -0.915 -1.281 0.158 -0.909
6.00 199.53 -0.043 0.082 0.425 0.429 0.067 -0.341 -0.812 -1.098 -1.451 -0.099 -1.172
6.00 251.19 -0.337 -0.205 0.152 0.163 -0.196 -0.576 -1.009 -1.286 -1.625 -0.377 -1.455
6.00 316.23 -0.664 -0.521 -0.147 -0.127 -0.483 -0.827 -1.213 -1.479 -1.805 -0.682 -1.762
6.00 398.11 -1.029 -0.874 -0.478 -0.447 -0.798 -1.098 -1.424 -1.681 -1.993 -1.022 -2.102
6.00 501.19 -1.445 -1.274 -0.850 -0.804 -1.151 -1.393 -1.644 -1.891 -2.190 -1.404 -2.480
6.00 630.96 -1.922 -1.733 -1.273 -1.210 -1.549 -1.721 -1.877 -2.114 -2.399 -1.840 -2.909
6.00 794.33 -2.479 -2.264 -1.761 -1.674 -2.006 -2.087 -2.124 -2.352 -2.623 -2.345 -3.401
6.00 1000.00 -3.134 -2.889 -2.330 -2.215 -2.536 -2.504 -2.391 -2.609 -2.866 -2.934 -3.972
6.25 1.00 2.702 2.807 3.106 3.113 2.836 2.353 1.774 1.380 0.853 2.579 1.761
6.25 1.26 2.701 2.806 3.104 3.111 2.834 2.351 1.772 1.379 0.854 2.578 1.759
6.25 1.58 2.698 2.804 3.102 3.109 2.831 2.348 1.769 1.377 0.853 2.576 1.756
6.25 2.00 2.695 2.800 3.098 3.105 2.826 2.343 1.765 1.374 0.852 2.573 1.751
6.25 2.51 2.689 2.794 3.093 3.100 2.819 2.336 1.757 1.368 0.849 2.568 1.744
6.25 3.16 2.680 2.786 3.084 3.090 2.807 2.324 1.746 1.358 0.842 2.560 1.732
6.25 3.98 2.667 2.772 3.071 3.076 2.789 2.307 1.728 1.343 0.830 2.547 1.715
6.25 5.01 2.646 2.751 3.050 3.055 2.763 2.280 1.702 1.320 0.811 2.528 1.688
6.25 6.31 2.615 2.721 3.019 3.024 2.724 2.242 1.664 1.286 0.781 2.500 1.649
6.25 7.94 2.571 2.676 2.975 2.978 2.669 2.188 1.611 1.236 0.737 2.459 1.594
6.25 10.00 2.509 2.615 2.914 2.915 2.596 2.115 1.539 1.169 0.676 2.400 1.519
6.25 12.59 2.426 2.533 2.832 2.832 2.502 2.022 1.447 1.082 0.597 2.322 1.422
6.25 15.85 2.323 2.429 2.730 2.728 2.387 1.909 1.336 0.976 0.499 2.222 1.303
6.25 19.95 2.191 2.298 2.599 2.598 2.254 1.778 1.207 0.854 0.385 2.092 1.162
6.25 25.12 2.039 2.146 2.449 2.448 2.105 1.631 1.064 0.717 0.258 1.942 1.002
6.25 31.62 1.873 1.982 2.286 2.286 1.943 1.473 0.910 0.571 0.121 1.778 0.829
6.25 39.81 1.696 1.806 2.112 2.114 1.771 1.305 0.748 0.416 -0.023 1.604 0.644
6.25 50.12 1.509 1.620 1.929 1.932 1.590 1.129 0.580 0.256 -0.172 1.420 0.450
6.25 63.10 1.312 1.425 1.738 1.742 1.401 0.947 0.407 0.091 -0.325 1.227 0.248
6.25 79.43 1.105 1.220 1.537 1.544 1.203 0.759 0.230 -0.077 -0.480 1.025 0.036
6.25 100.00 0.886 1.005 1.328 1.337 0.997 0.564 0.050 -0.248 -0.639 0.813 -0.184
6.25 125.89 0.654 0.777 1.106 1.120 0.781 0.362 -0.133 -0.422 -0.800 0.589 -0.416
6.25 158.49 0.406 0.534 0.872 0.890 0.553 0.151 -0.320 -0.599 -0.965 0.352 -0.661
6.25 199.53 0.138 0.271 0.621 0.644 0.309 -0.070 -0.511 -0.781 -1.133 0.096 -0.922
6.25 251.19 -0.156 -0.014 0.349 0.379 0.047 -0.303 -0.707 -0.967 -1.306 -0.181 -1.204
6.25 316.23 -0.481 -0.330 0.051 0.091 -0.238 -0.553 -0.909 -1.160 -1.486 -0.485 -1.510
6.25 398.11 -0.845 -0.682 -0.279 -0.228 -0.553 -0.823 -1.119 -1.360 -1.672 -0.823 -1.848
6.25 501.19 -1.260 -1.081 -0.650 -0.584 -0.904 -1.117 -1.338 -1.570 -1.868 -1.205 -2.226
6.25 630.96 -1.736 -1.538 -1.072 -0.988 -1.302 -1.444 -1.570 -1.791 -2.076 -1.640 -2.654
6.25 794.33 -2.292 -2.069 -1.559 -1.452 -1.758 -1.809 -1.816 -2.028 -2.299 -2.143 -3.144
6.25 1000.00 -2.946 -2.692 -2.127 -1.992 -2.286 -2.225 -2.082 -2.284 -2.541 -2.731 -3.714
6.50 1.00 2.656 2.770 3.076 3.102 2.843 2.391 1.845 1.469 0.948 2.551 1.762
6.50 1.26 2.655 2.769 3.075 3.101 2.842 2.390 1.844 1.469 0.949 2.551 1.761
6.50 1.58 2.654 2.768 3.073 3.100 2.840 2.389 1.843 1.468 0.950 2.550 1.759
6.50 2.00 2.651 2.766 3.071 3.098 2.837 2.386 1.840 1.467 0.950 2.548 1.757
6.50 2.51 2.648 2.762 3.068 3.094 2.833 2.382 1.836 1.464 0.950 2.545 1.752
6.50 3.16 2.643 2.757 3.063 3.089 2.826 2.375 1.829 1.460 0.948 2.540 1.746
6.50 3.98 2.635 2.749 3.055 3.081 2.816 2.365 1.819 1.452 0.943 2.532 1.735
6.50 5.01 2.622 2.737 3.042 3.068 2.800 2.349 1.804 1.439 0.934 2.521 1.719
6.50 6.31 2.603 2.718 3.023 3.048 2.776 2.325 1.780 1.418 0.918 2.503 1.695
6.50 7.94 2.574 2.689 2.995 3.019 2.741 2.290 1.746 1.388 0.893 2.477 1.660
6.50 10.00 2.533 2.647 2.954 2.977 2.691 2.241 1.697 1.343 0.854 2.438 1.609
6.50 12.59 2.474 2.589 2.896 2.917 2.622 2.173 1.630 1.282 0.799 2.382 1.539
6.50 15.85 2.395 2.511 2.818 2.838 2.533 2.085 1.544 1.201 0.726 2.308 1.447
6.50 19.95 2.295 2.411 2.719 2.738 2.423 1.977 1.438 1.101 0.634 2.211 1.333
6.50 25.12 2.165 2.281 2.590 2.610 2.293 1.850 1.314 0.983 0.526 2.083 1.194
6.50 31.62 2.014 2.132 2.443 2.463 2.146 1.706 1.175 0.851 0.403 1.934 1.037
6.50 39.81 1.848 1.967 2.280 2.302 1.985 1.549 1.023 0.707 0.269 1.771 0.865
6.50 50.12 1.669 1.789 2.105 2.128 1.812 1.381 0.863 0.554 0.128 1.595 0.679
6.50 63.10 1.478 1.600 1.919 1.944 1.629 1.205 0.696 0.395 -0.020 1.408 0.483
6.50 79.43 1.275 1.400 1.723 1.750 1.436 1.021 0.523 0.231 -0.172 1.210 0.276
6.50 100.00 1.060 1.187 1.516 1.546 1.233 0.829 0.346 0.063 -0.328 1.001 0.058
6.50 125.89 0.831 0.962 1.298 1.331 1.019 0.629 0.165 -0.109 -0.487 0.780 -0.171
6.50 158.49 0.584 0.720 1.065 1.103 0.792 0.420 -0.020 -0.285 -0.650 0.544 -0.414
6.50 199.53 0.317 0.460 0.815 0.859 0.551 0.201 -0.209 -0.465 -0.817 0.291 -0.673
6.50 251.19 0.025 0.175 0.545 0.596 0.290 -0.031 -0.404 -0.650 -0.989 0.015 -0.953
6.50 316.23 -0.298 -0.139 0.248 0.308 0.006 -0.280 -0.605 -0.842 -1.167 -0.288 -1.258
6.50 398.11 -0.662 -0.490 -0.081 -0.009 -0.308 -0.548 -0.814 -1.041 -1.353 -0.625 -1.595
6.50 501.19 -1.075 -0.888 -0.451 -0.365 -0.658 -0.842 -1.032 -1.249 -1.548 -1.005 -1.972
6.50 630.96 -1.550 -1.344 -0.872 -0.768 -1.054 -1.167 -1.263 -1.470 -1.755 -1.439 -2.398
6.50 794.33 -2.105 -1.874 -1.357 -1.231 -1.509 -1.532 -1.508 -1.706 -1.977 -1.941 -2.888
6.50 1000.00 -2.758 -2.496 -1.924 -1.769 -2.037 -1.946 -1.773 -1.961 -2.218 -2.529 -3.456
6.75 1.00 2.608 2.731 3.044 3.090 2.850 2.430 1.918 1.559 1.044 2.522 1.763
6.75 1.26 2.607 2.731 3.044 3.090 2.849 2.430 1.917 1.559 1.045 2.521 1.762
6.75 1.58 2.606 2.730 3.043 3.089 2.848 2.429 1.916 1.559 1.046 2.521 1.761
6.75 2.00 2.605 2.729 3.042 3.088 2.847 2.427 1.915 1.559 1.048 2.520 1.760
6.75 2.51 2.603 2.727 3.040 3.086 2.844 2.425 1.912 1.558 1.049 2.518 1.757
6.75 3.16 2.600 2.724 3.037 3.083 2.840 2.421 1.909 1.556 1.049 2.515 1.753
6.75 3.98 2.595 2.719 3.032 3.078 2.834 2.415 1.903 1.552 1.048 2.511 1.747
6.75 5.01 2.588 2.711 3.025 3.070 2.825 2.406 1.894 1.545 1.045 2.504 1.738
6.75 6.31 2.576 2.700 3.013 3.058 2.811 2.392 1.880 1.535 1.038 2.493 1.724
6.75 7.94 2.558 2.682 2.996 3.040 2.789 2.370 1.859 1.517 1.026 2.477 1.702
6.75 10.00 2.532 2.655 2.969 3.013 2.757 2.339 1.828 1.490 1.004 2.452 1.669
6.75 12.59 2.492 2.617 2.931 2.974 2.711 2.293 1.783 1.450 0.971 2.415 1.622
6.75 15.85 2.437 2.561 2.876 2.918 2.647 2.230 1.722 1.394 0.922 2.363 1.557
6.75 19.95 2.362 2.486 2.802 2.843 2.563 2.148 1.641 1.319 0.855 2.291 1.470
6.75 25.12 2.264 2.390 2.706 2.746 2.457 2.044 1.541 1.224 0.769 2.198 1.360
6.75 31.62 2.135 2.262 2.579 2.620 2.331 1.921 1.421 1.112 0.666 2.071 1.225
6.75 39.81 1.986 2.113 2.433 2.475 2.186 1.780 1.286 0.983 0.547 1.924 1.070
6.75 50.12 1.819 1.948 2.270 2.314 2.025 1.624 1.137 0.842 0.417 1.760 0.897
6.75 63.10 1.637 1.768 2.094 2.139 1.850 1.456 0.978 0.691 0.278 1.582 0.710
6.75 79.43 1.441 1.574 1.904 1.951 1.663 1.278 0.812 0.533 0.131 1.391 0.510
6.75 100.00 1.230 1.366 1.702 1.752 1.465 1.091 0.639 0.369 -0.021 1.187 0.297
6.75 125.89 1.004 1.144 1.486 1.540 1.255 0.895 0.461 0.200 -0.177 0.969 0.072
6.75 158.49 0.761 0.905 1.256 1.314 1.031 0.688 0.278 0.027 -0.338 0.735 -0.168
6.75 199.53 0.496 0.647 1.009 1.073 0.791 0.471 0.091 -0.151 -0.503 0.484 -0.426
6.75 251.19 0.206 0.364 0.740 0.811 0.532 0.240 -0.102 -0.335 -0.674 0.210 -0.704
6.75 316.23 -0.117 0.051 0.445 0.525 0.249 -0.007 -0.302 -0.525 -0.850 -0.092 -1.007
6.75 398.11 -0.479 -0.298 0.117 0.209 -0.063 -0.274 -0.509 -0.723 -1.035 -0.428 -1.343
6.75 501.19 -0.891 -0.695 -0.251 -0.145 -0.412 -0.566 -0.727 -0.930 -1.229 -0.806 -1.718
6.75 630.96 -1.365 -1.150 -0.671 -0.547 -0.807 -0.890 -0.956 -1.150 -1.434 -1.239 -2.143
6.75 794.33 -1.918 -1.678 -1.156 -1.009 -1.261 -1.254 -1.200 -1.385 -1.655 -1.740 -2.632
6.75 1000.00 -2.571 -2.300 -1.722 -1.546 -1.788 -1.668 -1.464 -1.639 -1.895 -2.327 -3.199
7.00 1.00 2.557 2.690 3.011 3.077 2.855 2.469 1.991 1.649 1.139 2.490 1.762
7.00 1.26 2.557 2.690 3.011 3.077 2.855 2.469 1.991 1.649 1.141 2.490 1.762
7.00 1.58 2.556 2.689 3.010 3.076 2.855 2.468 1.990 1.649 1.142 2.490 1.761
7.00 2.00 2.555 2.688 3.009 3.076 2.854 2.467 1.990 1.650 1.144 2.489 1.761
7.00 2.51 2.554 2.687 3.008 3.074 2.852 2.466 1.988 1.650 1.146 2.488 1.759
7.00 3.16 2.552 2.685 3.007 3.073 2.850 2.464 1.986 1.649 1.148 2.486 1.757
7.00 3.98 2.550 2.683 3.004 3.070 2.847 2.460 1.983 1.648 1.149 2.484 1.753
7.00 5.01 2.545 2.678 2.999 3.065 2.841 2.455 1.978 1.645 1.149 2.479 1.748
7.00 6.31 2.538 2.671 2.993 3.058 2.833 2.447 1.970 1.640 1.148 2.473 1.740
7.00 7.94 2.528 2.661 2.982 3.048 2.820 2.434 1.957 1.631 1.143 2.463 1.727
7.00 10.00 2.511 2.644 2.966 3.031 2.800 2.415 1.939 1.616 1.133 2.448 1.707
7.00 12.59 2.486 2.619 2.941 3.006 2.771 2.386 1.911 1.592 1.116 2.424 1.677
7.00 15.85 2.449 2.583 2.905 2.969 2.729 2.344 1.870 1.556 1.087 2.390 1.633
7.00 19.95 2.397 2.531 2.854 2.917 2.669 2.286 1.814 1.505 1.043 2.340 1.572
7.00 25.12 2.324 2.459 2.783 2.845 2.589 2.209 1.738 1.436 0.983 2.272 1.490
7.00 31.62 2.229 2.364 2.689 2.751 2.488 2.110 1.643 1.347 0.903 2.180 1.384
7.00 39.81 2.102 2.238 2.565 2.628 2.365 1.990 1.528 1.239 0.805 2.055 1.252
7.00 50.12 1.953 2.090 2.420 2.484 2.221 1.852 1.396 1.115 0.691 1.909 1.098
7.00 63.10 1.784 1.924 2.256 2.322 2.060 1.697 1.250 0.977 0.564 1.744 0.925
7.00 79.43 1.598 1.740 2.076 2.144 1.883 1.528 1.093 0.828 0.427 1.563 0.736
7.00 100.00 1.395 1.539 1.881 1.952 1.692 1.348 0.927 0.670 0.281 1.366 0.531
7.00 125.89 1.174 1.322 1.671 1.745 1.486 1.156 0.754 0.506 0.129 1.153 0.311
7.00 158.49 0.934 1.087 1.445 1.523 1.266 0.954 0.575 0.336 -0.028 0.924 0.074
7.00 199.53 0.672 0.832 1.200 1.284 1.029 0.739 0.390 0.160 -0.191 0.675 -0.180
7.00 251.19 0.384 0.551 0.934 1.025 0.772 0.511 0.199 -0.022 -0.360 0.403 -0.456
7.00 316.23 0.064 0.241 0.640 0.741 0.492 0.265 0.001 -0.210 -0.535 0.104 -0.757
7.00 398.11 -0.297 -0.108 0.314 0.426 0.181 -0.000 -0.205 -0.406 -0.718 -0.231 -1.091
7.00 501.19 -0.707 -0.503 -0.053 0.073 -0.167 -0.291 -0.421 -0.613 -0.911 -0.608 -1.465
7.00 630.96 -1.180 -0.956 -0.472 -0.327 -0.561 -0.614 -0.650 -0.831 -1.115 -1.040 -1.889
7.00 794.33 -1.732 -1.484 -0.955 -0.788 -1.013 -0.977 -0.893 -1.065 -1.335 -1.540 -2.376
7.00 1000.00 -2.383 -2.104 -1.520 -1.324 -1.539 -1.390 -1.156 -1.318 -1.574 -2.125 -2.942
7.25 1.00 2.503 2.646 2.975 3.062 2.860 2.507 2.066 1.739 1.235 2.456 1.760
7.25 1.26 2.503 2.645 2.975 3.062 2.859 2.507 2.066 1.739 1.237 2.456 1.760
7.25 1.58 2.502 2.645 2.975 3.061 2.859 2.507 2.066 1.740 1.238 2.455 1.759
7.25 2.00 2.502 2.645 2.974 3.061 2.859 2.506 2.065 1.741 1.240 2.455 1.759
7.25 2.51 2.501 2.644 2.974 3.060 2.858 2.505 2.064 1.741 1.242 2.454 1.758
7.25 3.16 2.500 2.643 2.973 3.059 2.857 2.504 2.063 1.741 1.245 2.453 1.757
7.25 3.98 2.499 2.641 2.971 3.058 2.855 2.502 2.061 1.741 1.247 2.452 1.755
7.25 5.01 2.496 2.639 2.969 3.055 2.852 2.499 2.059 1.740 1.249 2.449 1.752
7.25 6.31 2.492 2.635 2.965 3.051 2.847 2.495 2.054 1.738 1.251 2.446 1.747
7.25 7.94 2.485 2.628 2.958 3.044 2.839 2.487 2.047 1.734 1.251 2.440 1.739
7.25 10.00 2.475 2.618 2.949 3.034 2.828 2.476 2.036 1.727 1.248 2.430 1.727
7.25 12.59 2.460 2.603 2.933 3.019 2.810 2.459 2.019 1.714 1.241 2.416 1.709
7.25 15.85 2.437 2.580 2.911 2.996 2.783 2.432 1.994 1.693 1.227 2.394 1.682
7.25 19.95 2.402 2.546 2.877 2.961 2.744 2.394 1.957 1.662 1.203 2.362 1.641
7.25 25.12 2.352 2.496 2.828 2.912 2.688 2.340 1.905 1.616 1.165 2.314 1.584
7.25 31.62 2.282 2.427 2.760 2.844 2.613 2.267 1.835 1.552 1.110 2.248 1.506
7.25 39.81 2.187 2.333 2.667 2.751 2.515 2.173 1.745 1.469 1.036 2.157 1.403
7.25 50.12 2.062 2.209 2.545 2.630 2.395 2.057 1.635 1.366 0.943 2.034 1.274
7.25 63.10 1.913 2.061 2.401 2.487 2.252 1.920 1.507 1.245 0.834 1.888 1.122
7.25 79.43 1.741 1.892 2.236 2.324 2.090 1.766 1.363 1.110 0.710 1.722 0.948
7.25 100.00 1.549 1.703 2.052 2.143 1.909 1.596 1.207 0.963 0.574 1.536 0.754
7.25 125.89 1.337 1.494 1.849 1.944 1.712 1.412 1.041 0.805 0.429 1.331 0.542
7.25 158.49 1.103 1.265 1.629 1.728 1.497 1.215 0.867 0.640 0.277 1.107 0.312
7.25 199.53 0.845 1.013 1.388 1.493 1.265 1.005 0.686 0.468 0.117 0.863 0.062
7.25 251.19 0.561 0.736 1.125 1.237 1.011 0.779 0.498 0.289 -0.049 0.594 -0.210
7.25 316.23 0.243 0.428 0.834 0.955 0.732 0.536 0.302 0.103 -0.222 0.297 -0.509
7.25 398.11 -0.116 0.082 0.510 0.642 0.424 0.272 0.098 -0.092 -0.403 -0.035 -0.841
7.25 501.19 -0.524 -0.311 0.145 0.291 0.078 -0.017 -0.117 -0.297 -0.594 -0.411 -1.213
7.25 630.96 -0.996 -0.764 -0.273 -0.108 -0.315 -0.339 -0.344 -0.514 -0.798 -0.841 -1.635
7.25 794.33 -1.547 -1.290 -0.755 -0.567 -0.766 -0.700 -0.586 -0.746 -1.017 -1.340 -2.121
7.25 1000.00 -2.197 -1.909 -1.318 -1.102 -1.291 -1.112 -0.847 -0.998 -1.255 -1.924 -2.686
7.50 1.00 2.444 2.597 2.936 3.043 2.861 2.544 2.142 1.829 1.331 2.417 1.754
7.50 1.26 2.444 2.597 2.936 3.043 2.861 2.544 2.142 1.830 1.333 2.417 1.754
7.50 1.58 2.444 2.597 2.936 3.043 2.861 2.544 2.142 1.830 1.334 2.417 1.754
7.50 2.00 2.443 2.596 2.935 3.043 2.860 2.544 2.141 1.831 1.336 2.417 1.754
7.50 2.51 2.443 2.596 2.935 3.042 2.860 2.543 2.141 1.832 1.338 2.416 1.753
7.50 3.16 2.442 2.595 2.935 3.042 2.859 2.543 2.140 1.832 1.341 2.416 1.753
7.50 3.98 2.441 2.594 2.934 3.041 2.858 2.542 2.139 1.833 1.344 2.415 1.752
7.50 5.01 2.440 2.593 2.932 3.039 2.856 2.540 2.138 1.833 1.347 2.414 1.750
7.50 6.31 2.437 2.590 2.930 3.037 2.854 2.537 2.135 1.833 1.350 2.411 1.747
7.50 7.94 2.434 2.587 2.926 3.033 2.849 2.533 2.131 1.832 1.353 2.408 1.742
7.50 10.00 2.428 2.581 2.920 3.027 2.842 2.526 2.125 1.829 1.354 2.402 1.735
7.50 12.59 2.418 2.571 2.911 3.018 2.832 2.516 2.115 1.823 1.353 2.393 1.725
7.50 15.85 2.404 2.557 2.897 3.004 2.816 2.500 2.100 1.812 1.349 2.380 1.708
7.50 19.95 2.382 2.535 2.876 2.982 2.791 2.477 2.077 1.794 1.338 2.359 1.683
7.50 25.12 2.349 2.503 2.844 2.950 2.755 2.441 2.044 1.766 1.318 2.328 1.645
7.50 31.62 2.301 2.455 2.797 2.903 2.703 2.391 1.996 1.725 1.285 2.283 1.591
7.50 39.81 2.234 2.389 2.732 2.837 2.631 2.322 1.931 1.666 1.235 2.220 1.517
7.50 50.12 2.138 2.294 2.639 2.745 2.537 2.232 1.846 1.588 1.167 2.127 1.417
7.50 63.10 2.014 2.171 2.519 2.627 2.418 2.119 1.740 1.490 1.080 2.006 1.290
7.50 79.43 1.863 2.023 2.375 2.484 2.276 1.985 1.616 1.374 0.975 1.860 1.138
7.50 100.00 1.688 1.850 2.207 2.319 2.112 1.831 1.475 1.241 0.854 1.690 0.962
7.50 125.89 1.488 1.654 2.017 2.132 1.927 1.658 1.320 1.095 0.720 1.498 0.763
7.50 158.49 1.263 1.434 1.805 1.925 1.721 1.470 1.154 0.938 0.575 1.283 0.542
7.50 199.53 1.012 1.189 1.571 1.696 1.495 1.265 0.979 0.771 0.421 1.045 0.299
7.50 251.19 0.732 0.917 1.313 1.445 1.246 1.044 0.794 0.596 0.259 0.781 0.032
7.50 316.23 0.418 0.612 1.025 1.167 0.971 0.804 0.602 0.413 0.089 0.488 -0.263
7.50 398.11 0.063 0.269 0.704 0.857 0.665 0.543 0.400 0.221 -0.090 0.158 -0.592
7.50 501.19 -0.343 -0.122 0.341 0.508 0.321 0.256 0.187 0.018 -0.280 -0.215 -0.962
7.50 630.96 -0.813 -0.572 -0.075 0.110 -0.070 -0.064 -0.038 -0.198 -0.482 -0.644 -1.383
7.50 794.33 -1.362 -1.097 -0.555 -0.347 -0.520 -0.424 -0.279 -0.429 -0.700 -1.140 -1.866
7.50 1000.00 -2.011 -1.714 -1.117 -0.881 -1.043 -0.834 -0.540 -0.680 -0.936 -1.723 -2.430
7.75 1.00 2.378 2.542 2.891 3.020 2.858 2.579 2.218 1.919 1.427 2.373 1.744
7.75 1.26 2.378 2.542 2.891 3.020 2.858 2.579 2.218 1.920 1.428 2.373 1.744
7.75 1.58 2.378 2.542 2.891 3.020 2.858 2.579 2.218 1.920 1.430 2.373 1.744
7.75 2.00 2.378 2.541 2.891 3.020 2.858 2.579 2.218 1.921 1.431 2.373 1.744
7.75 2.51 2.377 2.541 2.891 3.019 2.857 2.579 2.218 1.922 1.434 2.373 1.743
7.75 3.16 2.377 2.541 2.890 3.019 2.857 2.578 2.217 1.922 1.436 2.372 1.743
7.75 3.98 2.376 2.540 2.890 3.018 2.856 2.578 2.217 1.923 1.439 2.372 1.742
7.75 5.01 2.375 2.539 2.889 3.017 2.855 2.577 2.216 1.924 1.443 2.371 1.741
7.75 6.31 2.374 2.538 2.888 3.016 2.854 2.575 2.214 1.925 1.446 2.369 1.740
7.75 7.94 2.372 2.536 2.885 3.014 2.851 2.573 2.212 1.925 1.450 2.367 1.737
7.75 10.00 2.368 2.532 2.882 3.010 2.847 2.569 2.208 1.925 1.454 2.364 1.733
7.75 12.59 2.362 2.527 2.876 3.005 2.841 2.563 2.203 1.923 1.457 2.359 1.726
7.75 15.85 2.354 2.518 2.868 2.996 2.831 2.554 2.194 1.918 1.458 2.350 1.716
7.75 19.95 2.340 2.504 2.855 2.983 2.816 2.539 2.181 1.909 1.456 2.338 1.701
7.75 25.12 2.319 2.484 2.835 2.963 2.793 2.517 2.160 1.894 1.448 2.318 1.678
7.75 31.62 2.288 2.453 2.804 2.932 2.760 2.485 2.130 1.869 1.432 2.289 1.642
7.75 39.81 2.241 2.407 2.760 2.887 2.711 2.438 2.086 1.832 1.403 2.245 1.592
7.75 50.12 2.175 2.342 2.696 2.824 2.642 2.373 2.025 1.778 1.359 2.182 1.520
7.75 63.10 2.078 2.246 2.603 2.732 2.551 2.287 1.945 1.706 1.297 2.088 1.422
7.75 79.43 1.954 2.124 2.484 2.615 2.434 2.177 1.844 1.613 1.215 1.968 1.297
7.75 100.00 1.801 1.974 2.338 2.471 2.292 2.044 1.724 1.500 1.113 1.821 1.144
7.75 125.89 1.620 1.795 2.166 2.302 2.124 1.888 1.585 1.370 0.995 1.646 0.964
7.75 158.49 1.409 1.589 1.968 2.109 1.932 1.713 1.431 1.224 0.862 1.445 0.758
7.75 199.53 1.169 1.355 1.745 1.890 1.715 1.518 1.264 1.067 0.717 1.218 0.526
7.75 251.19 0.897 1.091 1.493 1.646 1.474 1.303 1.086 0.898 0.561 0.962 0.267
7.75 316.23 0.589 0.792 1.212 1.374 1.204 1.069 0.898 0.719 0.395 0.674 -0.023
7.75 398.11 0.238 0.453 0.894 1.068 0.902 0.811 0.699 0.530 0.219 0.348 -0.347
7.75 501.19 -0.165 0.065 0.534 0.722 0.561 0.526 0.489 0.329 0.032 -0.022 -0.714
7.75 630.96 -0.633 -0.383 0.121 0.327 0.173 0.209 0.266 0.116 -0.168 -0.448 -1.132
7.75 794.33 -1.180 -0.905 -0.357 -0.129 -0.275 -0.149 0.027 -0.114 -0.384 -0.943 -1.614
7.75 1000.00 -1.826 -1.521 -0.918 -0.661 -0.796 -0.558 -0.232 -0.363 -0.620 -1.524 -2.175
8.00 1.00 2.302 2.477 2.839 2.989 2.848 2.610 2.294 2.008 1.521 2.320 1.726
8.00 1.26 2.302 2.477 2.839 2.989 2.848 2.610 2.294 2.008 1.523 2.320 1.726
8.00 1.58 2.302 2.477 2.839 2.989 2.848 2.610 2.294 2.009 1.524 2.320 1.726
8.00 2.00 2.302 2.477 2.839 2.989 2.848 2.610 2.294 2.010 1.526 2.320 1.726
8.00 2.51 2.302 2.477 2.839 2.989 2.848 2.610 2.294 2.010 1.528 2.320 1.726
8.00 3.16 2.301 2.477 2.838 2.989 2.847 2.610 2.294 2.011 1.530 2.320 1.726
8.00 3.98 2.301 2.477 2.838 2.989 2.847 2.609 2.294 2.012 1.533 2.320 1.725
8.00 5.01 2.300 2.476 2.838 2.988 2.846 2.609 2.293 2.013 1.537 2.319 1.725
8.00 6.31 2.300 2.475 2.837 2.987 2.846 2.608 2.292 2.015 1.541 2.318 1.724
8.00 7.94 2.298 2.474 2.835 2.986 2.844 2.606 2.291 2.016 1.545 2.317 1.722
8.00 10.00 2.296 2.472 2.833 2.984 2.842 2.604 2.289 2.017 1.550 2.315 1.720
8.00 12.59 2.293 2.468 2.830 2.981 2.838 2.601 2.286 2.017 1.555 2.312 1.716
8.00 15.85 2.287 2.463 2.825 2.975 2.832 2.595 2.281 2.016 1.559 2.307 1.710
8.00 19.95 2.279 2.455 2.817 2.967 2.823 2.587 2.273 2.012 1.562 2.299 1.701
8.00 25.12 2.266 2.442 2.804 2.955 2.809 2.574 2.261 2.005 1.562 2.287 1.686
8.00 31.62 2.246 2.422 2.785 2.935 2.788 2.554 2.242 1.992 1.557 2.268 1.664
8.00 39.81 2.215 2.392 2.756 2.906 2.756 2.524 2.215 1.971 1.544 2.239 1.631
8.00 50.12 2.170 2.348 2.713 2.864 2.710 2.480 2.174 1.937 1.520 2.197 1.583
8.00 63.10 2.101 2.279 2.647 2.798 2.644 2.418 2.118 1.888 1.481 2.130 1.512
8.00 79.43 2.005 2.185 2.555 2.708 2.555 2.335 2.043 1.820 1.423 2.038 1.417
8.00 100.00 1.880 2.062 2.437 2.592 2.439 2.227 1.946 1.732 1.346 1.918 1.293
8.00 125.89 1.723 1.909 2.289 2.447 2.295 2.095 1.829 1.623 1.249 1.767 1.138
8.00 158.49 1.533 1.723 2.110 2.272 2.122 1.937 1.692 1.494 1.133 1.587 0.953
8.00 199.53 1.309 1.505 1.902 2.069 1.921 1.757 1.538 1.350 1.001 1.374 0.737
8.00 251.19 1.049 1.252 1.663 1.837 1.691 1.553 1.370 1.191 0.854 1.130 0.489
8.00 316.23 0.750 0.962 1.390 1.572 1.430 1.326 1.189 1.019 0.695 0.851 0.209
8.00 398.11 0.406 0.630 1.079 1.273 1.134 1.074 0.995 0.834 0.524 0.532 -0.109
8.00 501.19 0.007 0.247 0.723 0.931 0.798 0.794 0.789 0.637 0.340 0.166 -0.470
8.00 630.96 -0.456 -0.197 0.314 0.540 0.413 0.479 0.568 0.427 0.143 -0.256 -0.885
8.00 794.33 -1.000 -0.717 -0.162 0.087 -0.032 0.124 0.331 0.199 -0.071 -0.748 -1.363
8.00 1000.00 -1.644 -1.330 -0.720 -0.443 -0.551 -0.283 0.074 -0.048 -0.305 -1.326 -1.923
