AtkinsonBoore2003SSlabCascadia as implemented in OpenQuake, distance is rrup. Log10 hazard values in cgs units
          14 31 10 : nmag, ndist, nperiod
          0.040 0.100 0.200 0.400 1.000 2.000 3.000 5.000 10.000 PGA PGV
          0.576 0.645 0.645 0.645 0.668 0.691 0.691 0.691 0.691 0.622 0.650
4.75 1.00 3.352 3.337 3.417 3.172 3.233 2.501 1.783 1.138 0.426 3.069 2.039
4.75 1.26 3.303 3.288 3.369 3.123 3.184 2.452 1.734 1.091 0.381 3.021 1.987
4.75 1.58 3.237 3.222 3.302 3.057 3.118 2.386 1.668 1.027 0.320 2.954 1.916
4.75 2.00 3.150 3.135 3.216 2.971 3.032 2.300 1.582 0.943 0.239 2.868 1.824
4.75 2.51 3.043 3.028 3.109 2.864 2.925 2.193 1.476 0.840 0.139 2.761 1.709
4.75 3.16 2.951 2.936 3.026 2.803 2.799 2.067 1.351 0.718 0.022 2.685 1.627
4.75 3.98 2.869 2.854 2.959 2.775 2.657 1.926 1.210 0.580 -0.110 2.630 1.568
4.75 5.01 2.761 2.746 2.862 2.709 2.502 1.772 1.056 0.431 -0.254 2.542 1.474
4.75 6.31 2.630 2.616 2.741 2.611 2.339 1.609 0.894 0.274 -0.404 2.428 1.352
4.75 7.94 2.483 2.469 2.601 2.486 2.168 1.439 0.726 0.111 -0.560 2.292 1.207
4.75 10.00 2.307 2.293 2.426 2.312 1.993 1.265 0.553 -0.056 -0.718 2.117 1.019
4.75 12.59 2.127 2.113 2.246 2.133 1.814 1.088 0.378 -0.225 -0.878 1.937 0.828
4.75 15.85 1.943 1.930 2.064 1.951 1.632 0.908 0.200 -0.396 -1.039 1.755 0.633
4.75 19.95 1.756 1.743 1.879 1.766 1.448 0.726 0.021 -0.567 -1.200 1.569 0.436
4.75 25.12 1.566 1.554 1.691 1.579 1.261 0.542 -0.160 -0.740 -1.362 1.381 0.236
4.75 31.62 1.372 1.361 1.500 1.389 1.071 0.355 -0.341 -0.913 -1.523 1.189 0.032
4.75 39.81 1.174 1.165 1.305 1.195 0.878 0.167 -0.524 -1.087 -1.685 0.994 -0.174
4.75 50.12 0.971 0.963 1.107 0.998 0.681 -0.024 -0.707 -1.262 -1.848 0.794 -0.385
4.75 63.10 0.762 0.756 0.903 0.796 0.480 -0.219 -0.892 -1.438 -2.011 0.589 -0.602
4.75 79.43 0.545 0.541 0.692 0.588 0.273 -0.417 -1.079 -1.615 -2.175 0.376 -0.824
4.75 100.00 0.317 0.317 0.473 0.372 0.058 -0.620 -1.267 -1.794 -2.341 0.156 -1.055
4.75 125.89 0.077 0.081 0.245 0.147 -0.166 -0.830 -1.458 -1.975 -2.509 -0.076 -1.296
4.75 158.49 -0.178 -0.170 0.003 -0.091 -0.402 -1.048 -1.652 -2.160 -2.680 -0.321 -1.549
4.75 199.53 -0.453 -0.439 -0.255 -0.343 -0.652 -1.276 -1.849 -2.348 -2.855 -0.583 -1.818
4.75 251.19 -0.754 -0.731 -0.534 -0.614 -0.921 -1.516 -2.052 -2.540 -3.034 -0.867 -2.108
4.75 316.23 -1.085 -1.053 -0.838 -0.909 -1.212 -1.772 -2.260 -2.739 -3.219 -1.177 -2.423
4.75 398.11 -1.456 -1.412 -1.174 -1.234 -1.533 -2.048 -2.477 -2.945 -3.412 -1.522 -2.769
4.75 501.19 -1.876 -1.817 -1.552 -1.597 -1.891 -2.349 -2.702 -3.161 -3.614 -1.909 -3.156
4.75 630.96 -2.359 -2.280 -1.980 -2.007 -2.295 -2.681 -2.940 -3.389 -3.827 -2.351 -3.593
4.75 794.33 -2.921 -2.817 -2.473 -2.477 -2.757 -3.053 -3.193 -3.632 -4.056 -2.860 -4.094
4.75 1000.00 -3.581 -3.447 -3.047 -3.023 -3.292 -3.475 -3.464 -3.894 -4.304 -3.455 -4.675
5.00 1.00 3.327 3.320 3.407 3.182 3.270 2.567 1.880 1.259 0.552 3.059 2.057
5.00 1.26 3.296 3.289 3.376 3.151 3.239 2.537 1.849 1.230 0.525 3.028 2.024
5.00 1.58 3.252 3.245 3.332 3.107 3.195 2.493 1.805 1.188 0.486 2.984 1.977
5.00 2.00 3.191 3.184 3.271 3.046 3.134 2.432 1.745 1.129 0.430 2.923 1.912
5.00 2.51 3.110 3.103 3.191 2.966 3.053 2.351 1.665 1.052 0.356 2.842 1.825
5.00 3.16 3.009 3.002 3.089 2.865 2.952 2.251 1.564 0.954 0.262 2.741 1.717
5.00 3.98 2.929 2.923 3.020 2.823 2.831 2.130 1.444 0.838 0.151 2.680 1.652
5.00 5.01 2.848 2.841 2.953 2.793 2.694 1.993 1.308 0.705 0.024 2.625 1.592
5.00 6.31 2.740 2.734 2.858 2.727 2.543 1.843 1.158 0.560 -0.115 2.538 1.499
5.00 7.94 2.611 2.606 2.738 2.628 2.381 1.682 0.999 0.406 -0.262 2.425 1.377
5.00 10.00 2.465 2.460 2.599 2.505 2.213 1.515 0.833 0.246 -0.414 2.290 1.233
5.00 12.59 2.290 2.284 2.424 2.330 2.038 1.342 0.662 0.081 -0.570 2.115 1.047
5.00 15.85 2.109 2.104 2.245 2.152 1.860 1.165 0.487 -0.087 -0.728 1.935 0.856
5.00 19.95 1.925 1.921 2.062 1.970 1.678 0.985 0.311 -0.256 -0.887 1.752 0.661
5.00 25.12 1.737 1.733 1.876 1.785 1.493 0.803 0.132 -0.427 -1.047 1.566 0.463
5.00 31.62 1.545 1.542 1.687 1.596 1.305 0.619 -0.047 -0.598 -1.208 1.376 0.261
5.00 39.81 1.348 1.347 1.494 1.404 1.114 0.432 -0.229 -0.771 -1.369 1.182 0.056
5.00 50.12 1.146 1.147 1.297 1.208 0.918 0.242 -0.411 -0.945 -1.530 0.984 -0.154
5.00 63.10 0.938 0.941 1.094 1.007 0.718 0.049 -0.595 -1.119 -1.692 0.780 -0.368
5.00 79.43 0.722 0.727 0.884 0.800 0.512 -0.148 -0.780 -1.296 -1.856 0.569 -0.590
5.00 100.00 0.496 0.504 0.667 0.586 0.298 -0.351 -0.967 -1.474 -2.021 0.349 -0.819
5.00 125.89 0.257 0.269 0.439 0.361 0.075 -0.560 -1.157 -1.654 -2.188 0.119 -1.059
5.00 158.49 0.003 0.019 0.198 0.125 -0.160 -0.776 -1.350 -1.837 -2.358 -0.126 -1.311
5.00 199.53 -0.272 -0.249 -0.059 -0.126 -0.409 -1.003 -1.547 -2.024 -2.531 -0.387 -1.579
5.00 251.19 -0.571 -0.540 -0.336 -0.396 -0.676 -1.242 -1.748 -2.216 -2.710 -0.669 -1.868
5.00 316.23 -0.901 -0.861 -0.639 -0.690 -0.967 -1.497 -1.956 -2.414 -2.894 -0.979 -2.182
5.00 398.11 -1.271 -1.218 -0.975 -1.014 -1.287 -1.772 -2.171 -2.619 -3.085 -1.322 -2.527
5.00 501.19 -1.690 -1.622 -1.351 -1.376 -1.643 -2.072 -2.395 -2.834 -3.286 -1.709 -2.913
5.00 630.96 -2.172 -2.085 -1.778 -1.785 -2.046 -2.403 -2.632 -3.061 -3.499 -2.149 -3.349
5.00 794.33 -2.733 -2.621 -2.270 -2.254 -2.507 -2.774 -2.884 -3.303 -3.727 -2.657 -3.849
5.00 1000.00 -3.392 -3.249 -2.843 -2.798 -3.041 -3.195 -3.154 -3.563 -3.974 -3.251 -4.429
5.25 1.00 3.287 3.289 3.383 3.178 3.292 2.620 1.963 1.365 0.664 3.034 2.059
5.25 1.26 3.269 3.271 3.364 3.160 3.274 2.601 1.945 1.348 0.649 3.016 2.040
5.25 1.58 3.241 3.243 3.337 3.132 3.246 2.574 1.917 1.323 0.625 2.988 2.010
5.25 2.00 3.201 3.203 3.297 3.092 3.206 2.534 1.878 1.285 0.590 2.948 1.968
5.25 2.51 3.145 3.147 3.241 3.036 3.150 2.478 1.822 1.232 0.540 2.892 1.908
5.25 3.16 3.070 3.072 3.166 2.961 3.075 2.404 1.748 1.160 0.472 2.817 1.827
5.25 3.98 2.974 2.976 3.070 2.866 2.980 2.308 1.653 1.069 0.385 2.722 1.725
5.25 5.01 2.907 2.909 3.015 2.842 2.865 2.194 1.539 0.958 0.280 2.676 1.676
5.25 6.31 2.826 2.829 2.948 2.810 2.731 2.061 1.407 0.831 0.159 2.620 1.616
5.25 7.94 2.720 2.723 2.854 2.744 2.584 1.914 1.261 0.690 0.025 2.534 1.523
5.25 10.00 2.593 2.596 2.735 2.647 2.425 1.756 1.105 0.539 -0.118 2.421 1.403
5.25 12.59 2.447 2.451 2.597 2.523 2.258 1.591 0.941 0.381 -0.268 2.287 1.260
5.25 15.85 2.272 2.276 2.423 2.350 2.085 1.419 0.772 0.218 -0.421 2.113 1.074
5.25 19.95 2.091 2.096 2.244 2.172 1.906 1.243 0.599 0.052 -0.578 1.934 0.884
5.25 25.12 1.906 1.911 2.061 1.989 1.724 1.064 0.423 -0.116 -0.735 1.750 0.688
5.25 31.62 1.716 1.722 1.873 1.803 1.538 0.881 0.245 -0.286 -0.894 1.562 0.489
5.25 39.81 1.521 1.529 1.682 1.613 1.349 0.696 0.066 -0.457 -1.053 1.370 0.286
5.25 50.12 1.321 1.330 1.486 1.418 1.154 0.508 -0.115 -0.629 -1.214 1.173 0.078
5.25 63.10 1.114 1.125 1.285 1.218 0.955 0.316 -0.297 -0.803 -1.375 0.970 -0.136
5.25 79.43 0.899 0.913 1.076 1.013 0.750 0.120 -0.482 -0.978 -1.537 0.760 -0.356
5.25 100.00 0.674 0.691 0.860 0.799 0.538 -0.081 -0.668 -1.155 -1.701 0.542 -0.584
5.25 125.89 0.437 0.457 0.633 0.576 0.316 -0.289 -0.856 -1.334 -1.868 0.313 -0.822
5.25 158.49 0.183 0.208 0.394 0.341 0.083 -0.505 -1.048 -1.516 -2.037 0.070 -1.074
5.25 199.53 -0.090 -0.059 0.138 0.091 -0.166 -0.730 -1.244 -1.702 -2.209 -0.190 -1.341
5.25 251.19 -0.388 -0.349 -0.139 -0.179 -0.432 -0.968 -1.444 -1.893 -2.386 -0.472 -1.628
5.25 316.23 -0.717 -0.669 -0.441 -0.472 -0.722 -1.222 -1.651 -2.090 -2.569 -0.781 -1.941
5.25 398.11 -1.086 -1.025 -0.775 -0.794 -1.041 -1.496 -1.865 -2.294 -2.760 -1.123 -2.285
5.25 501.19 -1.505 -1.428 -1.150 -1.155 -1.396 -1.795 -2.088 -2.508 -2.960 -1.509 -2.670
5.25 630.96 -1.985 -1.889 -1.577 -1.563 -1.798 -2.125 -2.324 -2.733 -3.172 -1.948 -3.105
5.25 794.33 -2.545 -2.424 -2.067 -2.031 -2.258 -2.495 -2.575 -2.974 -3.399 -2.455 -3.603
5.25 1000.00 -3.203 -3.052 -2.640 -2.575 -2.791 -2.915 -2.844 -3.234 -3.645 -3.048 -4.182
5.50 1.00 3.240 3.250 3.350 3.166 3.307 2.664 2.038 1.463 0.767 3.001 2.053
5.50 1.26 3.229 3.239 3.339 3.155 3.296 2.653 2.027 1.453 0.759 2.990 2.042
5.50 1.58 3.212 3.223 3.323 3.139 3.279 2.637 2.011 1.438 0.746 2.974 2.024
5.50 2.00 3.188 3.198 3.298 3.114 3.255 2.612 1.987 1.416 0.726 2.949 1.998
5.50 2.51 3.151 3.162 3.262 3.078 3.219 2.576 1.951 1.382 0.695 2.913 1.959
5.50 3.16 3.100 3.111 3.211 3.027 3.167 2.525 1.900 1.334 0.651 2.862 1.904
5.50 3.98 3.030 3.041 3.141 2.957 3.098 2.456 1.831 1.268 0.589 2.792 1.830
5.50 5.01 2.940 2.951 3.051 2.867 3.008 2.367 1.742 1.183 0.509 2.702 1.734
5.50 6.31 2.884 2.895 3.009 2.861 2.898 2.257 1.634 1.078 0.410 2.671 1.700
5.50 7.94 2.805 2.816 2.943 2.828 2.770 2.129 1.507 0.956 0.294 2.615 1.640
5.50 10.00 2.701 2.712 2.850 2.762 2.625 1.986 1.365 0.819 0.165 2.530 1.549
5.50 12.59 2.574 2.586 2.733 2.665 2.469 1.831 1.212 0.672 0.025 2.419 1.430
5.50 15.85 2.429 2.442 2.595 2.542 2.304 1.668 1.050 0.517 -0.121 2.285 1.287
5.50 19.95 2.254 2.267 2.421 2.369 2.131 1.497 0.883 0.356 -0.272 2.111 1.102
5.50 25.12 2.073 2.087 2.242 2.191 1.953 1.322 0.711 0.192 -0.426 1.931 0.911
5.50 31.62 1.886 1.901 2.058 2.008 1.770 1.142 0.536 0.025 -0.582 1.746 0.715
5.50 39.81 1.694 1.709 1.869 1.820 1.582 0.959 0.359 -0.144 -0.740 1.557 0.514
5.50 50.12 1.495 1.513 1.675 1.627 1.390 0.773 0.180 -0.315 -0.899 1.361 0.308
5.50 63.10 1.290 1.309 1.475 1.429 1.193 0.582 -0.001 -0.487 -1.059 1.160 0.096
5.50 79.43 1.076 1.098 1.268 1.224 0.989 0.388 -0.184 -0.661 -1.220 0.952 -0.122
5.50 100.00 0.852 0.877 1.053 1.012 0.778 0.188 -0.369 -0.837 -1.383 0.735 -0.349
5.50 125.89 0.616 0.645 0.827 0.790 0.557 -0.019 -0.556 -1.015 -1.548 0.506 -0.586
5.50 158.49 0.364 0.397 0.589 0.556 0.325 -0.233 -0.747 -1.196 -1.716 0.265 -0.836
5.50 199.53 0.092 0.131 0.334 0.307 0.077 -0.458 -0.941 -1.381 -1.888 0.006 -1.102
5.50 251.19 -0.205 -0.158 0.059 0.039 -0.188 -0.695 -1.141 -1.571 -2.064 -0.275 -1.388
5.50 316.23 -0.534 -0.476 -0.242 -0.253 -0.477 -0.948 -1.346 -1.767 -2.246 -0.582 -1.700
5.50 398.11 -0.902 -0.832 -0.576 -0.575 -0.795 -1.221 -1.559 -1.970 -2.436 -0.924 -2.043
5.50 501.19 -1.319 -1.234 -0.950 -0.935 -1.149 -1.518 -1.782 -2.183 -2.635 -1.308 -2.427
5.50 630.96 -1.799 -1.694 -1.375 -1.342 -1.550 -1.848 -2.016 -2.407 -2.846 -1.747 -2.861
5.50 794.33 -2.357 -2.228 -1.865 -1.809 -2.009 -2.217 -2.266 -2.647 -3.072 -2.253 -3.358
5.50 1000.00 -3.015 -2.855 -2.436 -2.351 -2.541 -2.636 -2.535 -2.906 -3.317 -2.845 -3.936
5.75 1.00 3.187 3.206 3.313 3.149 3.316 2.704 2.109 1.555 0.865 2.964 2.042
5.75 1.26 3.181 3.200 3.307 3.143 3.310 2.698 2.103 1.550 0.861 2.958 2.036
5.75 1.58 3.171 3.191 3.297 3.134 3.301 2.689 2.094 1.542 0.855 2.948 2.026
5.75 2.00 3.157 3.176 3.283 3.119 3.286 2.674 2.079 1.529 0.844 2.933 2.010
5.75 2.51 3.134 3.154 3.260 3.097 3.264 2.652 2.058 1.509 0.827 2.911 1.986
5.75 3.16 3.102 3.121 3.228 3.064 3.231 2.619 2.025 1.479 0.801 2.878 1.951
5.75 3.98 3.055 3.074 3.181 3.017 3.185 2.573 1.979 1.436 0.761 2.832 1.901
5.75 5.01 2.990 3.009 3.117 2.953 3.120 2.509 1.916 1.376 0.706 2.767 1.832
5.75 6.31 2.914 2.934 3.044 2.886 3.036 2.425 1.833 1.297 0.632 2.696 1.756
5.75 7.94 2.861 2.881 3.003 2.880 2.932 2.321 1.730 1.198 0.539 2.666 1.724
5.75 10.00 2.783 2.803 2.938 2.845 2.808 2.198 1.608 1.081 0.430 2.610 1.664
5.75 12.59 2.680 2.701 2.846 2.780 2.667 2.059 1.470 0.949 0.305 2.526 1.574
5.75 15.85 2.555 2.576 2.730 2.684 2.513 1.907 1.320 0.805 0.170 2.416 1.457
5.75 19.95 2.411 2.432 2.593 2.561 2.349 1.745 1.161 0.653 0.027 2.282 1.314
5.75 25.12 2.236 2.258 2.420 2.389 2.177 1.576 0.995 0.494 -0.122 2.109 1.130
5.75 31.62 2.053 2.076 2.240 2.210 1.998 1.400 0.825 0.331 -0.274 1.928 0.939
5.75 39.81 1.864 1.888 2.054 2.025 1.814 1.221 0.651 0.165 -0.429 1.741 0.741
5.75 50.12 1.668 1.694 1.862 1.835 1.624 1.036 0.474 -0.003 -0.586 1.549 0.538
5.75 63.10 1.464 1.492 1.664 1.639 1.429 0.848 0.295 -0.173 -0.744 1.349 0.328
5.75 79.43 1.252 1.283 1.459 1.436 1.227 0.655 0.114 -0.346 -0.904 1.143 0.111
5.75 100.00 1.030 1.063 1.245 1.225 1.017 0.456 -0.070 -0.520 -1.066 0.927 -0.115
5.75 125.89 0.795 0.832 1.021 1.004 0.797 0.251 -0.256 -0.697 -1.230 0.700 -0.350
5.75 158.49 0.544 0.586 0.784 0.771 0.566 0.038 -0.446 -0.878 -1.397 0.459 -0.599
5.75 199.53 0.273 0.321 0.530 0.523 0.320 -0.186 -0.639 -1.062 -1.568 0.201 -0.864
5.75 251.19 -0.023 0.033 0.256 0.256 0.056 -0.422 -0.837 -1.250 -1.743 -0.078 -1.149
5.75 316.23 -0.350 -0.285 -0.044 -0.035 -0.232 -0.674 -1.042 -1.445 -1.924 -0.385 -1.459
5.75 398.11 -0.717 -0.639 -0.377 -0.355 -0.549 -0.945 -1.254 -1.647 -2.113 -0.725 -1.802
5.75 501.19 -1.133 -1.040 -0.750 -0.714 -0.902 -1.242 -1.475 -1.859 -2.311 -1.108 -2.184
5.75 630.96 -1.612 -1.499 -1.174 -1.120 -1.302 -1.570 -1.709 -2.083 -2.521 -1.546 -2.617
5.75 794.33 -2.170 -2.032 -1.663 -1.586 -1.759 -1.938 -1.957 -2.321 -2.746 -2.051 -3.113
5.75 1000.00 -2.826 -2.658 -2.233 -2.127 -2.290 -2.356 -2.225 -2.579 -2.990 -2.641 -3.690
6.00 1.00 3.132 3.160 3.274 3.130 3.324 2.743 2.179 1.645 0.960 2.924 2.029
6.00 1.26 3.129 3.157 3.270 3.127 3.321 2.739 2.176 1.643 0.959 2.921 2.026
6.00 1.58 3.123 3.151 3.265 3.122 3.316 2.734 2.171 1.639 0.957 2.915 2.020
6.00 2.00 3.115 3.143 3.256 3.113 3.307 2.725 2.162 1.632 0.952 2.907 2.011
6.00 2.51 3.102 3.130 3.243 3.100 3.294 2.712 2.149 1.621 0.944 2.894 1.997
6.00 3.16 3.082 3.110 3.223 3.080 3.274 2.693 2.130 1.604 0.929 2.874 1.975
6.00 3.98 3.052 3.080 3.194 3.051 3.245 2.663 2.101 1.577 0.907 2.844 1.944
6.00 5.01 3.009 3.037 3.151 3.008 3.202 2.621 2.059 1.538 0.872 2.801 1.898
6.00 6.31 2.949 2.978 3.092 2.949 3.143 2.562 2.001 1.484 0.822 2.742 1.835
6.00 7.94 2.890 2.918 3.038 2.908 3.064 2.484 1.923 1.411 0.755 2.692 1.781
6.00 10.00 2.837 2.866 2.997 2.898 2.965 2.386 1.826 1.318 0.669 2.660 1.748
6.00 12.59 2.760 2.790 2.933 2.863 2.846 2.267 1.709 1.207 0.565 2.605 1.688
6.00 15.85 2.660 2.689 2.842 2.797 2.709 2.132 1.576 1.079 0.446 2.522 1.599
6.00 19.95 2.536 2.566 2.728 2.703 2.557 1.983 1.430 0.939 0.315 2.412 1.483
6.00 25.12 2.391 2.422 2.590 2.580 2.394 1.823 1.273 0.789 0.175 2.279 1.341
6.00 31.62 2.215 2.247 2.417 2.407 2.222 1.654 1.109 0.633 0.028 2.105 1.157
6.00 39.81 2.031 2.064 2.236 2.227 2.043 1.479 0.940 0.471 -0.122 1.923 0.964
6.00 50.12 1.838 1.873 2.048 2.040 1.857 1.298 0.766 0.306 -0.276 1.734 0.764
6.00 63.10 1.638 1.674 1.852 1.847 1.664 1.112 0.590 0.138 -0.432 1.537 0.557
6.00 79.43 1.428 1.466 1.649 1.646 1.464 0.921 0.410 -0.032 -0.590 1.332 0.343
6.00 100.00 1.207 1.249 1.437 1.437 1.255 0.724 0.228 -0.206 -0.751 1.118 0.119
6.00 125.89 0.973 1.019 1.214 1.218 1.037 0.520 0.044 -0.381 -0.914 0.893 -0.115
6.00 158.49 0.723 0.774 0.978 0.986 0.807 0.308 -0.145 -0.560 -1.079 0.653 -0.362
6.00 199.53 0.454 0.510 0.726 0.739 0.563 0.086 -0.337 -0.743 -1.249 0.397 -0.626
6.00 251.19 0.159 0.223 0.453 0.473 0.299 -0.149 -0.534 -0.931 -1.423 0.119 -0.910
6.00 316.23 -0.167 -0.093 0.154 0.184 0.013 -0.399 -0.737 -1.124 -1.603 -0.187 -1.219
6.00 398.11 -0.533 -0.446 -0.178 -0.136 -0.303 -0.670 -0.948 -1.325 -1.791 -0.526 -1.560
6.00 501.19 -0.948 -0.846 -0.550 -0.494 -0.655 -0.966 -1.169 -1.536 -1.988 -0.909 -1.941
6.00 630.96 -1.426 -1.305 -0.973 -0.899 -1.054 -1.293 -1.401 -1.759 -2.197 -1.345 -2.373
6.00 794.33 -1.982 -1.836 -1.461 -1.364 -1.511 -1.660 -1.649 -1.997 -2.421 -1.849 -2.869
6.00 1000.00 -2.638 -2.461 -2.030 -1.904 -2.041 -2.077 -1.916 -2.254 -2.664 -2.439 -3.444
6.25 1.00 3.076 3.113 3.234 3.111 3.332 2.781 2.250 1.735 1.055 2.884 2.015
6.25 1.26 3.074 3.111 3.232 3.109 3.330 2.779 2.248 1.734 1.056 2.882 2.013
6.25 1.58 3.071 3.108 3.229 3.106 3.327 2.776 2.245 1.732 1.055 2.878 2.010
6.25 2.00 3.066 3.103 3.224 3.101 3.322 2.771 2.240 1.729 1.054 2.874 2.005
6.25 2.51 3.059 3.096 3.216 3.094 3.314 2.763 2.233 1.723 1.050 2.866 1.997
6.25 3.16 3.047 3.084 3.205 3.082 3.303 2.752 2.221 1.714 1.044 2.854 1.984
6.25 3.98 3.029 3.066 3.187 3.064 3.285 2.734 2.204 1.699 1.032 2.837 1.965
6.25 5.01 3.002 3.039 3.160 3.038 3.258 2.708 2.178 1.675 1.013 2.810 1.937
6.25 6.31 2.963 3.000 3.121 2.999 3.219 2.669 2.140 1.641 0.983 2.771 1.895
6.25 7.94 2.908 2.945 3.066 2.944 3.165 2.615 2.086 1.591 0.939 2.716 1.837
6.25 10.00 2.864 2.902 3.031 2.929 3.091 2.542 2.014 1.524 0.878 2.687 1.805
6.25 12.59 2.812 2.850 2.990 2.916 2.997 2.449 1.923 1.437 0.798 2.654 1.771
6.25 15.85 2.737 2.775 2.927 2.880 2.883 2.336 1.811 1.332 0.701 2.599 1.711
6.25 19.95 2.638 2.676 2.838 2.815 2.749 2.205 1.683 1.209 0.587 2.516 1.624
6.25 25.12 2.515 2.554 2.724 2.721 2.600 2.058 1.540 1.073 0.460 2.408 1.509
6.25 31.62 2.369 2.410 2.586 2.597 2.439 1.900 1.386 0.926 0.323 2.274 1.366
6.25 39.81 2.192 2.234 2.413 2.424 2.266 1.732 1.223 0.771 0.179 2.099 1.182
6.25 50.12 2.005 2.048 2.230 2.243 2.085 1.556 1.055 0.611 0.030 1.915 0.988
6.25 63.10 1.808 1.853 2.038 2.053 1.896 1.374 0.882 0.446 -0.123 1.722 0.785
6.25 79.43 1.601 1.648 1.838 1.855 1.699 1.186 0.706 0.278 -0.279 1.521 0.573
6.25 100.00 1.383 1.433 1.628 1.648 1.493 0.991 0.526 0.107 -0.437 1.309 0.352
6.25 125.89 1.151 1.205 1.407 1.430 1.277 0.789 0.343 -0.067 -0.599 1.085 0.119
6.25 158.49 0.902 0.962 1.172 1.200 1.048 0.579 0.156 -0.244 -0.763 0.847 -0.126
6.25 199.53 0.634 0.699 0.921 0.955 0.805 0.358 -0.035 -0.426 -0.932 0.592 -0.389
6.25 251.19 0.340 0.414 0.649 0.690 0.543 0.124 -0.231 -0.612 -1.105 0.315 -0.671
6.25 316.23 0.015 0.098 0.351 0.401 0.257 -0.126 -0.433 -0.805 -1.284 0.011 -0.979
6.25 398.11 -0.349 -0.254 0.021 0.083 -0.057 -0.395 -0.643 -1.005 -1.470 -0.328 -1.319
6.25 501.19 -0.763 -0.653 -0.350 -0.274 -0.409 -0.690 -0.863 -1.215 -1.666 -0.709 -1.699
6.25 630.96 -1.240 -1.110 -0.772 -0.678 -0.806 -1.016 -1.094 -1.436 -1.874 -1.144 -2.130
6.25 794.33 -1.795 -1.641 -1.259 -1.142 -1.262 -1.382 -1.341 -1.673 -2.097 -1.647 -2.624
6.25 1000.00 -2.450 -2.264 -1.827 -1.681 -1.791 -1.798 -1.607 -1.929 -2.339 -2.236 -3.198
6.50 1.00 3.019 3.065 3.193 3.091 3.339 2.819 2.321 1.824 1.150 2.842 2.001
6.50 1.26 3.018 3.064 3.192 3.090 3.337 2.818 2.320 1.824 1.151 2.841 2.000
6.50 1.58 3.017 3.063 3.190 3.088 3.336 2.816 2.318 1.823 1.152 2.840 1.998
6.50 2.00 3.014 3.060 3.188 3.086 3.333 2.813 2.315 1.822 1.152 2.837 1.995
6.50 2.51 3.009 3.056 3.183 3.081 3.329 2.809 2.311 1.819 1.152 2.832 1.991
6.50 3.16 3.003 3.049 3.177 3.075 3.322 2.802 2.304 1.815 1.150 2.826 1.983
6.50 3.98 2.992 3.038 3.166 3.064 3.312 2.792 2.294 1.807 1.145 2.815 1.972
6.50 5.01 2.976 3.022 3.150 3.048 3.296 2.776 2.279 1.794 1.136 2.799 1.955
6.50 6.31 2.952 2.998 3.126 3.024 3.272 2.753 2.255 1.774 1.120 2.775 1.929
6.50 7.94 2.916 2.962 3.091 2.989 3.236 2.718 2.221 1.743 1.095 2.740 1.892
6.50 10.00 2.871 2.917 3.047 2.949 3.186 2.668 2.172 1.698 1.056 2.697 1.847
6.50 12.59 2.837 2.884 3.023 2.949 3.118 2.601 2.106 1.637 1.001 2.680 1.828
6.50 15.85 2.786 2.833 2.982 2.934 3.029 2.513 2.020 1.556 0.928 2.647 1.793
6.50 19.95 2.712 2.759 2.920 2.896 2.919 2.404 1.914 1.456 0.836 2.591 1.734
6.50 25.12 2.614 2.662 2.832 2.831 2.789 2.277 1.790 1.338 0.727 2.510 1.647
6.50 31.62 2.491 2.541 2.719 2.737 2.642 2.134 1.650 1.206 0.605 2.402 1.533
6.50 39.81 2.345 2.395 2.580 2.612 2.481 1.977 1.499 1.062 0.471 2.267 1.390
6.50 50.12 2.166 2.217 2.405 2.439 2.308 1.809 1.338 0.909 0.329 2.091 1.204
6.50 63.10 1.975 2.028 2.219 2.254 2.124 1.632 1.171 0.750 0.182 1.904 1.007
6.50 79.43 1.772 1.828 2.023 2.061 1.931 1.448 0.998 0.586 0.030 1.706 0.800
6.50 100.00 1.556 1.615 1.816 1.857 1.728 1.256 0.821 0.418 -0.126 1.497 0.582
6.50 125.89 1.327 1.390 1.598 1.641 1.514 1.057 0.640 0.246 -0.285 1.276 0.352
6.50 158.49 1.080 1.148 1.365 1.413 1.288 0.848 0.455 0.070 -0.448 1.040 0.109
6.50 199.53 0.814 0.888 1.115 1.169 1.046 0.629 0.266 -0.110 -0.615 0.786 -0.152
6.50 251.19 0.522 0.603 0.845 0.906 0.785 0.396 0.071 -0.295 -0.787 0.510 -0.433
6.50 316.23 0.198 0.289 0.548 0.619 0.501 0.148 -0.130 -0.487 -0.965 0.207 -0.739
6.50 398.11 -0.166 -0.062 0.219 0.301 0.188 -0.121 -0.339 -0.686 -1.151 -0.130 -1.078
6.50 501.19 -0.579 -0.460 -0.150 -0.054 -0.162 -0.414 -0.557 -0.894 -1.346 -0.510 -1.457
6.50 630.96 -1.054 -0.916 -0.571 -0.457 -0.559 -0.739 -0.787 -1.115 -1.553 -0.944 -1.887
6.50 794.33 -1.609 -1.446 -1.057 -0.920 -1.014 -1.104 -1.033 -1.351 -1.775 -1.446 -2.380
6.50 1000.00 -2.262 -2.068 -1.624 -1.458 -1.542 -1.519 -1.298 -1.606 -2.016 -2.034 -2.953
6.75 1.00 2.962 3.017 3.152 3.071 3.345 2.858 2.393 1.914 1.245 2.801 1.986
6.75 1.26 2.961 3.016 3.151 3.070 3.345 2.857 2.392 1.914 1.247 2.800 1.986
6.75 1.58 2.960 3.015 3.150 3.069 3.344 2.856 2.391 1.914 1.248 2.799 1.985
6.75 2.00 2.958 3.014 3.149 3.068 3.342 2.854 2.390 1.914 1.249 2.797 1.983
6.75 2.51 2.956 3.011 3.146 3.065 3.340 2.852 2.388 1.913 1.250 2.795 1.981
6.75 3.16 2.952 3.007 3.143 3.062 3.336 2.848 2.384 1.911 1.251 2.791 1.976
6.75 3.98 2.946 3.001 3.137 3.056 3.330 2.842 2.378 1.907 1.250 2.785 1.970
6.75 5.01 2.936 2.992 3.127 3.046 3.320 2.833 2.369 1.901 1.247 2.776 1.960
6.75 6.31 2.922 2.977 3.113 3.032 3.306 2.819 2.355 1.890 1.240 2.761 1.945
6.75 7.94 2.900 2.955 3.091 3.010 3.284 2.798 2.334 1.872 1.228 2.739 1.921
6.75 10.00 2.867 2.923 3.059 2.978 3.252 2.766 2.303 1.845 1.206 2.707 1.887
6.75 12.59 2.841 2.897 3.039 2.972 3.206 2.720 2.259 1.805 1.172 2.691 1.870
6.75 15.85 2.808 2.864 3.014 2.968 3.142 2.658 2.197 1.749 1.123 2.673 1.850
6.75 19.95 2.757 2.814 2.973 2.950 3.058 2.575 2.117 1.674 1.056 2.638 1.814
6.75 25.12 2.684 2.742 2.911 2.912 2.952 2.472 2.016 1.580 0.971 2.583 1.755
6.75 31.62 2.587 2.645 2.824 2.847 2.826 2.348 1.897 1.467 0.868 2.502 1.670
6.75 39.81 2.465 2.524 2.712 2.753 2.681 2.207 1.761 1.338 0.749 2.394 1.556
6.75 50.12 2.316 2.376 2.571 2.624 2.520 2.052 1.612 1.197 0.619 2.256 1.410
6.75 63.10 2.134 2.196 2.394 2.449 2.346 1.884 1.453 1.047 0.479 2.078 1.223
6.75 79.43 1.937 2.002 2.204 2.262 2.159 1.706 1.287 0.888 0.333 1.886 1.022
6.75 100.00 1.727 1.794 2.002 2.062 1.961 1.518 1.114 0.724 0.181 1.682 0.809
6.75 125.89 1.501 1.572 1.786 1.851 1.750 1.322 0.936 0.556 0.025 1.464 0.583
6.75 158.49 1.257 1.333 1.556 1.625 1.526 1.116 0.754 0.382 -0.136 1.231 0.342
6.75 199.53 0.992 1.075 1.309 1.383 1.286 0.898 0.566 0.204 -0.301 0.979 0.084
6.75 251.19 0.702 0.792 1.040 1.122 1.027 0.668 0.373 0.020 -0.472 0.705 -0.195
6.75 316.23 0.380 0.479 0.745 0.836 0.745 0.421 0.173 -0.170 -0.648 0.404 -0.500
6.75 398.11 0.018 0.130 0.417 0.519 0.433 0.154 -0.034 -0.368 -0.833 0.068 -0.838
6.75 501.19 -0.394 -0.267 0.049 0.165 0.083 -0.139 -0.251 -0.575 -1.027 -0.311 -1.215
6.75 630.96 -0.869 -0.722 -0.371 -0.237 -0.312 -0.463 -0.481 -0.795 -1.233 -0.744 -1.644
6.75 794.33 -1.422 -1.250 -0.856 -0.698 -0.765 -0.827 -0.725 -1.030 -1.454 -1.245 -2.136
6.75 1000.00 -2.074 -1.872 -1.422 -1.236 -1.292 -1.240 -0.989 -1.283 -1.694 -1.831 -2.708
7.00 1.00 2.902 2.967 3.110 3.050 3.351 2.896 2.467 2.004 1.341 2.758 1.971
7.00 1.26 2.902 2.966 3.110 3.050 3.351 2.896 2.466 2.004 1.343 2.757 1.971
7.00 1.58 2.901 2.966 3.109 3.049 3.350 2.895 2.466 2.005 1.344 2.757 1.970
7.00 2.00 2.900 2.965 3.108 3.048 3.349 2.895 2.465 2.005 1.346 2.756 1.969
7.00 2.51 2.899 2.963 3.107 3.047 3.348 2.893 2.464 2.005 1.348 2.754 1.968
7.00 3.16 2.896 2.961 3.105 3.045 3.346 2.891 2.461 2.004 1.349 2.752 1.965
7.00 3.98 2.893 2.958 3.101 3.041 3.342 2.888 2.458 2.003 1.351 2.749 1.962
7.00 5.01 2.887 2.952 3.096 3.036 3.337 2.882 2.453 2.000 1.351 2.743 1.956
7.00 6.31 2.879 2.944 3.087 3.027 3.328 2.874 2.445 1.995 1.350 2.735 1.947
7.00 7.94 2.866 2.931 3.074 3.014 3.316 2.862 2.433 1.986 1.345 2.722 1.933
7.00 10.00 2.846 2.911 3.055 2.995 3.296 2.842 2.414 1.971 1.335 2.702 1.912
7.00 12.59 2.831 2.896 3.044 2.994 3.267 2.814 2.386 1.947 1.318 2.694 1.903
7.00 15.85 2.809 2.875 3.028 2.993 3.224 2.772 2.345 1.911 1.289 2.683 1.892
7.00 19.95 2.776 2.842 3.003 2.986 3.165 2.714 2.289 1.860 1.245 2.663 1.871
7.00 25.12 2.726 2.792 2.962 2.966 3.085 2.636 2.214 1.791 1.184 2.628 1.834
7.00 31.62 2.654 2.721 2.900 2.926 2.984 2.537 2.118 1.702 1.105 2.572 1.775
7.00 39.81 2.557 2.625 2.814 2.860 2.860 2.418 2.004 1.595 1.007 2.491 1.689
7.00 50.12 2.434 2.503 2.701 2.766 2.717 2.279 1.872 1.470 0.893 2.383 1.576
7.00 63.10 2.281 2.352 2.557 2.632 2.556 2.124 1.726 1.332 0.766 2.240 1.426
7.00 79.43 2.094 2.168 2.377 2.455 2.379 1.956 1.568 1.183 0.628 2.058 1.236
7.00 100.00 1.891 1.967 2.182 2.262 2.187 1.775 1.402 1.025 0.483 1.861 1.030
7.00 125.89 1.670 1.750 1.971 2.056 1.982 1.584 1.229 0.861 0.331 1.649 0.810
7.00 158.49 1.430 1.515 1.745 1.834 1.762 1.381 1.050 0.691 0.174 1.419 0.573
7.00 199.53 1.169 1.260 1.500 1.595 1.525 1.167 0.865 0.515 0.011 1.170 0.317
7.00 251.19 0.881 0.979 1.234 1.336 1.268 0.938 0.674 0.334 -0.158 0.899 0.041
7.00 316.23 0.560 0.669 0.941 1.052 0.987 0.693 0.476 0.145 -0.333 0.599 -0.263
7.00 398.11 0.200 0.320 0.615 0.737 0.677 0.427 0.270 -0.051 -0.516 0.265 -0.598
7.00 501.19 -0.211 -0.075 0.247 0.384 0.329 0.136 0.054 -0.258 -0.709 -0.113 -0.974
7.00 630.96 -0.684 -0.528 -0.171 -0.017 -0.065 -0.187 -0.174 -0.476 -0.914 -0.544 -1.401
7.00 794.33 -1.236 -1.056 -0.655 -0.477 -0.518 -0.549 -0.418 -0.710 -1.134 -1.044 -1.892
7.00 1000.00 -1.887 -1.676 -1.220 -1.013 -1.043 -0.962 -0.680 -0.962 -1.373 -1.630 -2.463
7.25 1.00 2.839 2.914 3.066 3.027 3.355 2.935 2.541 2.094 1.437 2.712 1.954
7.25 1.26 2.839 2.914 3.066 3.027 3.355 2.934 2.541 2.095 1.439 2.712 1.953
7.25 1.58 2.839 2.913 3.065 3.027 3.355 2.934 2.541 2.095 1.440 2.712 1.953
7.25 2.00 2.838 2.913 3.065 3.026 3.354 2.934 2.540 2.096 1.442 2.711 1.953
7.25 2.51 2.837 2.912 3.064 3.025 3.353 2.933 2.540 2.096 1.444 2.710 1.952
7.25 3.16 2.836 2.911 3.063 3.024 3.352 2.932 2.539 2.096 1.446 2.709 1.950
7.25 3.98 2.834 2.909 3.061 3.022 3.350 2.930 2.537 2.096 1.449 2.707 1.948
7.25 5.01 2.831 2.906 3.058 3.019 3.347 2.927 2.534 2.096 1.451 2.704 1.945
7.25 6.31 2.826 2.901 3.053 3.014 3.342 2.922 2.529 2.094 1.453 2.699 1.940
7.25 7.94 2.823 2.897 3.050 3.015 3.335 2.915 2.522 2.089 1.453 2.698 1.938
7.25 10.00 2.817 2.892 3.047 3.016 3.323 2.903 2.511 2.082 1.450 2.695 1.936
7.25 12.59 2.809 2.883 3.041 3.016 3.305 2.886 2.494 2.069 1.443 2.691 1.932
7.25 15.85 2.795 2.870 3.031 3.016 3.278 2.860 2.469 2.049 1.429 2.685 1.924
7.25 19.95 2.773 2.849 3.015 3.012 3.239 2.822 2.432 2.017 1.405 2.672 1.911
7.25 25.12 2.740 2.816 2.989 3.002 3.184 2.768 2.380 1.971 1.366 2.650 1.889
7.25 31.62 2.690 2.766 2.948 2.980 3.108 2.694 2.310 1.907 1.311 2.614 1.851
7.25 39.81 2.618 2.696 2.886 2.938 3.011 2.600 2.220 1.824 1.238 2.558 1.792
7.25 50.12 2.521 2.600 2.800 2.871 2.890 2.484 2.110 1.721 1.145 2.476 1.706
7.25 63.10 2.397 2.477 2.686 2.775 2.748 2.348 1.982 1.601 1.036 2.366 1.591
7.25 79.43 2.238 2.320 2.536 2.635 2.585 2.194 1.838 1.465 0.912 2.217 1.435
7.25 100.00 2.045 2.131 2.352 2.453 2.405 2.024 1.683 1.318 0.776 2.031 1.242
7.25 125.89 1.833 1.922 2.150 2.255 2.207 1.840 1.517 1.161 0.631 1.827 1.029
7.25 158.49 1.599 1.693 1.929 2.038 1.993 1.643 1.343 0.996 0.479 1.603 0.798
7.25 199.53 1.342 1.441 1.689 1.804 1.760 1.432 1.161 0.823 0.319 1.358 0.548
7.25 251.19 1.057 1.164 1.425 1.547 1.506 1.206 0.973 0.644 0.153 1.090 0.274
7.25 316.23 0.739 0.856 1.135 1.266 1.228 0.963 0.777 0.458 -0.020 0.793 -0.026
7.25 398.11 0.381 0.510 0.810 0.953 0.919 0.700 0.573 0.263 -0.201 0.460 -0.360
7.25 501.19 -0.028 0.117 0.445 0.602 0.573 0.410 0.359 0.058 -0.393 0.085 -0.734
7.25 630.96 -0.500 -0.336 0.028 0.203 0.181 0.089 0.132 -0.159 -0.596 -0.346 -1.160
7.25 794.33 -1.051 -0.862 -0.455 -0.257 -0.271 -0.273 -0.111 -0.391 -0.815 -0.844 -1.649
7.25 1000.00 -1.700 -1.481 -1.018 -0.791 -0.795 -0.684 -0.372 -0.643 -1.053 -1.428 -2.219
7.50 1.00 2.792 2.877 3.043 3.039 3.357 2.972 2.617 2.184 1.533 2.692 1.963
7.50 1.26 2.792 2.876 3.043 3.039 3.356 2.972 2.617 2.185 1.534 2.692 1.963
7.50 1.58 2.792 2.876 3.043 3.039 3.356 2.972 2.617 2.185 1.536 2.692 1.963
7.50 2.00 2.791 2.876 3.043 3.039 3.356 2.971 2.617 2.186 1.538 2.692 1.963
7.50 2.51 2.791 2.876 3.042 3.039 3.356 2.971 2.616 2.187 1.540 2.692 1.963
7.50 3.16 2.791 2.876 3.042 3.039 3.355 2.970 2.616 2.187 1.543 2.691 1.963
7.50 3.98 2.790 2.875 3.042 3.039 3.354 2.969 2.615 2.188 1.546 2.691 1.963
7.50 5.01 2.789 2.874 3.041 3.039 3.352 2.967 2.613 2.188 1.549 2.691 1.962
7.50 6.31 2.788 2.873 3.040 3.039 3.349 2.965 2.610 2.188 1.552 2.690 1.962
7.50 7.94 2.786 2.871 3.039 3.039 3.345 2.960 2.606 2.187 1.554 2.689 1.961
7.50 10.00 2.782 2.867 3.036 3.039 3.338 2.954 2.600 2.184 1.556 2.687 1.959
7.50 12.59 2.777 2.862 3.032 3.039 3.327 2.944 2.590 2.178 1.555 2.684 1.956
7.50 15.85 2.768 2.853 3.026 3.038 3.311 2.928 2.575 2.167 1.551 2.679 1.950
7.50 19.95 2.754 2.839 3.016 3.035 3.286 2.904 2.552 2.149 1.540 2.671 1.942
7.50 25.12 2.732 2.818 2.999 3.029 3.250 2.869 2.519 2.121 1.520 2.657 1.927
7.50 31.62 2.699 2.785 2.972 3.016 3.198 2.819 2.471 2.080 1.487 2.634 1.903
7.50 39.81 2.649 2.736 2.930 2.991 3.126 2.750 2.406 2.021 1.437 2.597 1.864
7.50 50.12 2.577 2.665 2.868 2.947 3.032 2.660 2.321 1.943 1.369 2.539 1.804
7.50 63.10 2.478 2.568 2.780 2.878 2.914 2.547 2.216 1.846 1.282 2.456 1.718
7.50 79.43 2.351 2.443 2.665 2.779 2.772 2.412 2.091 1.729 1.177 2.344 1.601
7.50 100.00 2.184 2.278 2.507 2.629 2.608 2.258 1.950 1.596 1.056 2.186 1.437
7.50 125.89 1.984 2.082 2.317 2.443 2.422 2.086 1.795 1.450 0.921 1.993 1.237
7.50 158.49 1.759 1.862 2.105 2.235 2.216 1.897 1.629 1.293 0.777 1.779 1.016
7.50 199.53 1.509 1.617 1.871 2.007 1.990 1.693 1.454 1.127 0.623 1.541 0.772
7.50 251.19 1.229 1.345 1.613 1.755 1.741 1.471 1.270 0.952 0.461 1.277 0.504
7.50 316.23 0.915 1.040 1.326 1.477 1.466 1.232 1.077 0.768 0.291 0.983 0.207
7.50 398.11 0.559 0.697 1.004 1.167 1.160 0.971 0.875 0.576 0.111 0.654 -0.124
7.50 501.19 0.153 0.306 0.641 0.818 0.816 0.683 0.662 0.373 -0.078 0.280 -0.496
7.50 630.96 -0.317 -0.144 0.225 0.421 0.425 0.363 0.437 0.157 -0.280 -0.148 -0.919
7.50 794.33 -0.866 -0.669 -0.255 -0.037 -0.024 0.003 0.196 -0.074 -0.498 -0.645 -1.407
7.50 1000.00 -1.515 -1.286 -0.817 -0.570 -0.547 -0.407 -0.064 -0.325 -0.734 -1.228 -1.975
7.75 1.00 2.745 2.840 3.024 3.060 3.353 3.007 2.693 2.274 1.629 2.677 1.980
7.75 1.26 2.745 2.840 3.024 3.060 3.353 3.007 2.693 2.275 1.630 2.677 1.980
7.75 1.58 2.745 2.840 3.024 3.060 3.353 3.006 2.693 2.275 1.631 2.677 1.980
7.75 2.00 2.745 2.840 3.024 3.060 3.353 3.006 2.693 2.276 1.633 2.677 1.980
7.75 2.51 2.744 2.840 3.024 3.060 3.353 3.006 2.693 2.277 1.635 2.677 1.980
7.75 3.16 2.744 2.840 3.024 3.060 3.352 3.006 2.693 2.278 1.638 2.676 1.980
7.75 3.98 2.744 2.840 3.023 3.060 3.352 3.005 2.692 2.279 1.641 2.676 1.979
7.75 5.01 2.743 2.839 3.023 3.060 3.351 3.004 2.691 2.279 1.644 2.676 1.979
7.75 6.31 2.742 2.838 3.022 3.060 3.349 3.003 2.690 2.280 1.648 2.675 1.978
7.75 7.94 2.741 2.837 3.021 3.059 3.347 3.000 2.687 2.280 1.652 2.674 1.978
7.75 10.00 2.739 2.834 3.019 3.059 3.343 2.996 2.684 2.280 1.656 2.673 1.976
7.75 12.59 2.735 2.831 3.017 3.058 3.336 2.990 2.678 2.278 1.659 2.671 1.974
7.75 15.85 2.729 2.825 3.012 3.057 3.327 2.981 2.669 2.273 1.660 2.667 1.970
7.75 19.95 2.720 2.816 3.005 3.054 3.312 2.967 2.656 2.264 1.658 2.662 1.964
7.75 25.12 2.706 2.802 2.994 3.050 3.289 2.945 2.635 2.249 1.650 2.652 1.955
7.75 31.62 2.684 2.781 2.977 3.041 3.255 2.912 2.605 2.225 1.634 2.637 1.939
7.75 39.81 2.650 2.747 2.949 3.025 3.206 2.866 2.561 2.187 1.605 2.612 1.913
7.75 50.12 2.599 2.697 2.906 2.997 3.138 2.801 2.501 2.134 1.561 2.573 1.873
7.75 63.10 2.526 2.626 2.843 2.951 3.046 2.714 2.420 2.061 1.499 2.514 1.811
7.75 79.43 2.426 2.527 2.753 2.879 2.930 2.604 2.320 1.968 1.416 2.428 1.723
7.75 100.00 2.294 2.398 2.635 2.776 2.787 2.471 2.199 1.855 1.315 2.312 1.602
7.75 125.89 2.116 2.223 2.466 2.613 2.619 2.316 2.060 1.725 1.197 2.142 1.427
7.75 158.49 1.905 2.017 2.268 2.419 2.427 2.140 1.906 1.580 1.064 1.941 1.220
7.75 199.53 1.665 1.783 2.045 2.201 2.211 1.945 1.739 1.422 0.919 1.713 0.987
7.75 251.19 1.393 1.519 1.794 1.957 1.969 1.731 1.561 1.253 0.763 1.457 0.726
7.75 316.23 1.085 1.220 1.512 1.684 1.700 1.496 1.373 1.074 0.597 1.169 0.435
7.75 398.11 0.734 0.881 1.195 1.378 1.398 1.239 1.175 0.885 0.421 0.844 0.109
7.75 501.19 0.331 0.493 0.834 1.032 1.057 0.954 0.964 0.684 0.234 0.473 -0.260
7.75 630.96 -0.136 0.045 0.421 0.637 0.668 0.636 0.741 0.471 0.034 0.048 -0.681
7.75 794.33 -0.683 -0.477 -0.057 0.182 0.221 0.278 0.502 0.241 -0.182 -0.447 -1.166
7.75 1000.00 -1.330 -1.093 -0.618 -0.350 -0.301 -0.130 0.243 -0.008 -0.418 -1.028 -1.733
8.00 1.00 2.688 2.795 2.998 3.075 3.343 3.037 2.770 2.363 1.723 2.653 1.989
8.00 1.26 2.688 2.795 2.998 3.075 3.343 3.037 2.770 2.363 1.724 2.653 1.989
8.00 1.58 2.688 2.795 2.998 3.075 3.343 3.037 2.770 2.364 1.726 2.653 1.989
8.00 2.00 2.688 2.795 2.997 3.075 3.343 3.037 2.769 2.365 1.728 2.653 1.989
8.00 2.51 2.688 2.795 2.997 3.075 3.343 3.037 2.769 2.365 1.730 2.653 1.989
8.00 3.16 2.688 2.795 2.997 3.075 3.343 3.037 2.769 2.366 1.732 2.653 1.989
8.00 3.98 2.687 2.795 2.997 3.075 3.343 3.037 2.769 2.367 1.735 2.653 1.989
8.00 5.01 2.687 2.794 2.997 3.074 3.342 3.036 2.768 2.369 1.739 2.653 1.988
8.00 6.31 2.686 2.794 2.996 3.074 3.341 3.035 2.768 2.370 1.743 2.652 1.988
8.00 7.94 2.685 2.793 2.996 3.074 3.340 3.034 2.766 2.371 1.747 2.652 1.987
8.00 10.00 2.684 2.791 2.994 3.073 3.337 3.032 2.764 2.372 1.752 2.651 1.986
8.00 12.59 2.682 2.789 2.993 3.073 3.334 3.028 2.761 2.372 1.757 2.649 1.985
8.00 15.85 2.678 2.785 2.990 3.071 3.328 3.023 2.756 2.371 1.761 2.647 1.982
8.00 19.95 2.672 2.779 2.985 3.069 3.319 3.014 2.748 2.367 1.764 2.643 1.978
8.00 25.12 2.663 2.770 2.977 3.065 3.305 3.001 2.736 2.360 1.764 2.636 1.971
8.00 31.62 2.648 2.756 2.966 3.059 3.284 2.981 2.717 2.347 1.759 2.626 1.961
8.00 39.81 2.625 2.734 2.947 3.048 3.252 2.951 2.690 2.326 1.746 2.609 1.943
8.00 50.12 2.590 2.700 2.918 3.029 3.205 2.907 2.650 2.292 1.722 2.582 1.916
8.00 63.10 2.539 2.649 2.874 2.998 3.140 2.846 2.593 2.243 1.682 2.541 1.874
8.00 79.43 2.464 2.576 2.809 2.948 3.051 2.762 2.518 2.175 1.625 2.479 1.810
8.00 100.00 2.360 2.474 2.716 2.871 2.935 2.655 2.421 2.087 1.548 2.389 1.718
8.00 125.89 2.219 2.337 2.589 2.757 2.791 2.522 2.304 1.978 1.451 2.263 1.588
8.00 158.49 2.029 2.151 2.411 2.583 2.618 2.365 2.167 1.850 1.335 2.082 1.402
8.00 199.53 1.805 1.933 2.202 2.380 2.417 2.184 2.014 1.705 1.202 1.870 1.185
8.00 251.19 1.545 1.680 1.963 2.147 2.186 1.980 1.845 1.546 1.056 1.626 0.937
8.00 316.23 1.246 1.390 1.690 1.883 1.925 1.754 1.664 1.374 0.897 1.346 0.655
8.00 398.11 0.902 1.058 1.379 1.583 1.629 1.502 1.470 1.190 0.726 1.027 0.335
8.00 501.19 0.504 0.675 1.023 1.242 1.293 1.221 1.264 0.993 0.542 0.662 -0.029
8.00 630.96 0.040 0.231 0.614 0.850 0.908 0.907 1.043 0.782 0.345 0.240 -0.446
8.00 794.33 -0.503 -0.289 0.138 0.398 0.463 0.551 0.806 0.554 0.131 -0.252 -0.928
8.00 1000.00 -1.148 -0.902 -0.420 -0.132 -0.056 0.145 0.549 0.307 -0.103 -0.831 -1.492
