AtkinsonBoore2003SSlabCascadia as implemented in OpenQuake, distance is rrup. Log10 hazard values in cgs units
          14 31 10 : nmag, ndist, nperiod
          0.040 0.100 0.200 0.400 1.000 2.000 3.000 5.000 10.000 PGA PGV
          0.576 0.645 0.645 0.645 0.668 0.691 0.691 0.691 0.691 0.622 PGVsig
4.75 1.00 2.920 2.975 3.236 3.137 2.937 2.223 1.457 0.913 0.331 2.691 1.842
4.75 1.26 2.896 2.955 3.221 3.135 2.889 2.175 1.409 0.867 0.286 2.672 1.807
4.75 1.58 2.860 2.923 3.195 3.124 2.823 2.109 1.343 0.802 0.225 2.642 1.755
4.75 2.00 2.806 2.874 3.153 3.098 2.736 2.022 1.257 0.719 0.144 2.594 1.684
4.75 2.51 2.731 2.804 3.089 3.051 2.629 1.916 1.151 0.615 0.044 2.526 1.591
4.75 3.16 2.634 2.712 3.003 2.979 2.503 1.790 1.025 0.493 -0.073 2.435 1.475
4.75 3.98 2.516 2.597 2.893 2.882 2.361 1.649 0.884 0.355 -0.205 2.322 1.339
4.75 5.01 2.373 2.457 2.756 2.751 2.207 1.495 0.731 0.206 -0.349 2.182 1.181
4.75 6.31 2.209 2.292 2.592 2.587 2.043 1.332 0.569 0.049 -0.499 2.018 1.006
4.75 7.94 2.037 2.121 2.421 2.416 1.873 1.162 0.401 -0.114 -0.655 1.847 0.824
4.75 10.00 1.861 1.945 2.245 2.241 1.697 0.988 0.228 -0.281 -0.813 1.671 0.636
4.75 12.59 1.680 1.765 2.066 2.062 1.518 0.810 0.052 -0.450 -0.973 1.492 0.445
4.75 15.85 1.497 1.582 1.884 1.880 1.337 0.630 -0.125 -0.620 -1.134 1.309 0.250
4.75 19.95 1.310 1.395 1.698 1.695 1.152 0.448 -0.305 -0.792 -1.295 1.123 0.053
4.75 25.12 1.120 1.206 1.511 1.508 0.965 0.264 -0.485 -0.965 -1.457 0.935 -0.147
4.75 31.62 0.926 1.013 1.320 1.318 0.776 0.078 -0.666 -1.138 -1.618 0.743 -0.350
4.75 39.81 0.728 0.817 1.125 1.125 0.583 -0.110 -0.849 -1.312 -1.780 0.548 -0.557
4.75 50.12 0.525 0.615 0.926 0.928 0.386 -0.302 -1.032 -1.486 -1.943 0.348 -0.768
4.75 63.10 0.316 0.408 0.722 0.725 0.184 -0.496 -1.217 -1.662 -2.106 0.143 -0.983
4.75 79.43 0.098 0.193 0.512 0.517 -0.023 -0.694 -1.404 -1.840 -2.270 -0.069 -1.206
4.75 100.00 -0.129 -0.031 0.293 0.301 -0.238 -0.898 -1.592 -2.019 -2.436 -0.290 -1.436
4.75 125.89 -0.369 -0.267 0.064 0.076 -0.462 -1.108 -1.783 -2.200 -2.604 -0.521 -1.676
4.75 158.49 -0.624 -0.518 -0.178 -0.161 -0.697 -1.325 -1.977 -2.384 -2.775 -0.766 -1.929
4.75 199.53 -0.900 -0.787 -0.436 -0.413 -0.948 -1.553 -2.175 -2.572 -2.950 -1.028 -2.197
4.75 251.19 -1.200 -1.079 -0.714 -0.685 -1.216 -1.793 -2.377 -2.765 -3.129 -1.312 -2.485
4.75 316.23 -1.531 -1.401 -1.018 -0.980 -1.508 -2.049 -2.586 -2.964 -3.314 -1.623 -2.799
4.75 398.11 -1.902 -1.760 -1.355 -1.305 -1.829 -2.325 -2.802 -3.170 -3.507 -1.967 -3.144
4.75 501.19 -2.323 -2.165 -1.732 -1.667 -2.186 -2.626 -3.027 -3.386 -3.708 -2.355 -3.528
4.75 630.96 -2.805 -2.628 -2.160 -2.078 -2.590 -2.958 -3.265 -3.614 -3.922 -2.796 -3.962
4.75 794.33 -3.367 -3.165 -2.653 -2.548 -3.052 -3.330 -3.518 -3.857 -4.151 -3.306 -4.459
4.75 1000.00 -4.028 -3.795 -3.227 -3.093 -3.587 -3.752 -3.790 -4.119 -4.399 -3.900 -5.036
5.00 1.00 2.900 2.965 3.233 3.158 2.974 2.290 1.554 1.034 0.457 2.687 1.876
5.00 1.26 2.885 2.952 3.224 3.156 2.943 2.259 1.524 1.005 0.430 2.675 1.853
5.00 1.58 2.862 2.932 3.208 3.151 2.899 2.215 1.480 0.963 0.391 2.656 1.820
5.00 2.00 2.826 2.900 3.181 3.137 2.838 2.154 1.420 0.905 0.335 2.625 1.771
5.00 2.51 2.774 2.852 3.139 3.109 2.758 2.074 1.339 0.827 0.261 2.579 1.703
5.00 3.16 2.702 2.784 3.077 3.062 2.657 1.973 1.239 0.729 0.167 2.513 1.614
5.00 3.98 2.607 2.694 2.993 2.991 2.536 1.853 1.119 0.613 0.056 2.424 1.502
5.00 5.01 2.492 2.582 2.886 2.895 2.398 1.716 0.982 0.480 -0.071 2.313 1.370
5.00 6.31 2.351 2.443 2.749 2.764 2.247 1.565 0.833 0.335 -0.210 2.175 1.215
5.00 7.94 2.189 2.281 2.588 2.603 2.086 1.405 0.674 0.181 -0.357 2.014 1.043
5.00 10.00 2.019 2.112 2.418 2.434 1.917 1.237 0.507 0.021 -0.509 1.844 0.862
5.00 12.59 1.843 1.936 2.244 2.260 1.743 1.064 0.336 -0.144 -0.665 1.669 0.676
5.00 15.85 1.663 1.756 2.065 2.081 1.565 0.888 0.162 -0.311 -0.823 1.490 0.485
5.00 19.95 1.479 1.573 1.882 1.899 1.383 0.708 -0.015 -0.481 -0.982 1.307 0.290
5.00 25.12 1.290 1.385 1.696 1.714 1.198 0.526 -0.193 -0.652 -1.142 1.120 0.092
5.00 31.62 1.098 1.194 1.507 1.526 1.010 0.341 -0.373 -0.823 -1.303 0.930 -0.109
5.00 39.81 0.902 0.999 1.314 1.334 0.818 0.154 -0.554 -0.996 -1.464 0.737 -0.314
5.00 50.12 0.700 0.799 1.116 1.138 0.623 -0.035 -0.736 -1.169 -1.625 0.538 -0.524
5.00 63.10 0.492 0.593 0.914 0.937 0.422 -0.229 -0.920 -1.344 -1.787 0.334 -0.738
5.00 79.43 0.276 0.379 0.704 0.730 0.216 -0.426 -1.105 -1.520 -1.951 0.123 -0.959
5.00 100.00 0.050 0.156 0.487 0.515 0.002 -0.628 -1.293 -1.699 -2.116 -0.097 -1.188
5.00 125.89 -0.189 -0.079 0.259 0.291 -0.220 -0.837 -1.482 -1.879 -2.283 -0.327 -1.427
5.00 158.49 -0.444 -0.329 0.018 0.055 -0.455 -1.054 -1.675 -2.062 -2.453 -0.571 -1.679
5.00 199.53 -0.718 -0.597 -0.239 -0.197 -0.704 -1.280 -1.872 -2.249 -2.626 -0.832 -1.946
5.00 251.19 -1.017 -0.888 -0.516 -0.467 -0.972 -1.519 -2.073 -2.441 -2.805 -1.115 -2.233
5.00 316.23 -1.347 -1.209 -0.819 -0.761 -1.263 -1.774 -2.281 -2.639 -2.989 -1.424 -2.545
5.00 398.11 -1.717 -1.566 -1.155 -1.085 -1.582 -2.049 -2.496 -2.844 -3.180 -1.768 -2.889
5.00 501.19 -2.137 -1.970 -1.531 -1.446 -1.939 -2.349 -2.720 -3.059 -3.381 -2.154 -3.273
5.00 630.96 -2.618 -2.433 -1.958 -1.856 -2.342 -2.680 -2.957 -3.285 -3.594 -2.595 -3.706
5.00 794.33 -3.179 -2.969 -2.450 -2.325 -2.803 -3.051 -3.209 -3.527 -3.822 -3.103 -4.202
5.00 1000.00 -3.838 -3.597 -3.023 -2.869 -3.337 -3.472 -3.480 -3.788 -4.069 -3.697 -4.777
5.25 1.00 2.874 2.949 3.226 3.178 2.997 2.342 1.638 1.141 0.569 2.678 1.899
5.25 1.26 2.864 2.941 3.220 3.176 2.978 2.324 1.619 1.124 0.554 2.670 1.885
5.25 1.58 2.849 2.928 3.210 3.172 2.951 2.297 1.592 1.098 0.530 2.658 1.864
5.25 2.00 2.827 2.907 3.193 3.164 2.911 2.257 1.552 1.060 0.495 2.639 1.833
5.25 2.51 2.792 2.876 3.166 3.148 2.855 2.201 1.497 1.007 0.445 2.608 1.787
5.25 3.16 2.742 2.830 3.125 3.119 2.780 2.126 1.422 0.935 0.377 2.563 1.723
5.25 3.98 2.672 2.764 3.064 3.072 2.685 2.031 1.328 0.844 0.290 2.499 1.638
5.25 5.01 2.581 2.677 2.982 3.002 2.569 1.916 1.213 0.733 0.185 2.413 1.530
5.25 6.31 2.469 2.568 2.878 2.909 2.436 1.784 1.082 0.606 0.064 2.305 1.402
5.25 7.94 2.330 2.431 2.743 2.779 2.288 1.637 0.936 0.465 -0.070 2.169 1.250
5.25 10.00 2.170 2.271 2.584 2.620 2.130 1.479 0.780 0.314 -0.213 2.009 1.080
5.25 12.59 2.001 2.103 2.416 2.453 1.962 1.313 0.616 0.156 -0.363 1.842 0.901
5.25 15.85 1.826 1.928 2.242 2.279 1.789 1.142 0.446 -0.007 -0.516 1.667 0.716
5.25 19.95 1.645 1.748 2.064 2.101 1.611 0.966 0.273 -0.173 -0.673 1.488 0.525
5.25 25.12 1.460 1.563 1.880 1.918 1.429 0.786 0.098 -0.341 -0.830 1.304 0.330
5.25 31.62 1.270 1.374 1.693 1.732 1.243 0.604 -0.080 -0.510 -0.989 1.117 0.131
5.25 39.81 1.075 1.181 1.502 1.542 1.053 0.419 -0.259 -0.682 -1.148 0.924 -0.072
5.25 50.12 0.875 0.982 1.306 1.348 0.859 0.230 -0.440 -0.854 -1.309 0.727 -0.280
5.25 63.10 0.668 0.777 1.104 1.148 0.660 0.038 -0.623 -1.027 -1.470 0.525 -0.493
5.25 79.43 0.453 0.565 0.896 0.942 0.455 -0.158 -0.807 -1.202 -1.632 0.315 -0.713
5.25 100.00 0.228 0.343 0.680 0.728 0.242 -0.359 -0.993 -1.379 -1.796 0.096 -0.941
5.25 125.89 -0.010 0.109 0.453 0.505 0.021 -0.566 -1.182 -1.559 -1.963 -0.133 -1.179
5.25 158.49 -0.263 -0.140 0.213 0.270 -0.213 -0.782 -1.374 -1.741 -2.131 -0.376 -1.429
5.25 199.53 -0.536 -0.407 -0.043 0.020 -0.461 -1.008 -1.569 -1.927 -2.304 -0.636 -1.695
5.25 251.19 -0.834 -0.697 -0.319 -0.249 -0.728 -1.246 -1.770 -2.118 -2.481 -0.917 -1.981
5.25 316.23 -1.164 -1.017 -0.621 -0.542 -1.017 -1.500 -1.976 -2.315 -2.664 -1.226 -2.292
5.25 398.11 -1.532 -1.373 -0.955 -0.865 -1.336 -1.773 -2.190 -2.519 -2.855 -1.569 -2.635
5.25 501.19 -1.951 -1.776 -1.330 -1.226 -1.692 -2.072 -2.414 -2.733 -3.055 -1.954 -3.017
5.25 630.96 -2.432 -2.237 -1.757 -1.634 -2.093 -2.403 -2.649 -2.958 -3.267 -2.393 -3.449
5.25 794.33 -2.991 -2.772 -2.248 -2.102 -2.553 -2.773 -2.900 -3.199 -3.494 -2.901 -3.944
5.25 1000.00 -3.650 -3.400 -2.820 -2.645 -3.086 -3.193 -3.170 -3.459 -3.740 -3.493 -4.518
5.50 1.00 2.842 2.928 3.215 3.195 3.011 2.387 1.713 1.238 0.672 2.664 1.915
5.50 1.26 2.836 2.923 3.211 3.193 3.000 2.376 1.702 1.228 0.664 2.659 1.907
5.50 1.58 2.827 2.915 3.204 3.190 2.984 2.360 1.686 1.214 0.651 2.651 1.894
5.50 2.00 2.812 2.902 3.194 3.185 2.959 2.335 1.661 1.191 0.631 2.639 1.875
5.50 2.51 2.790 2.882 3.177 3.175 2.923 2.299 1.626 1.157 0.600 2.620 1.845
5.50 3.16 2.757 2.852 3.150 3.158 2.872 2.248 1.575 1.109 0.556 2.591 1.803
5.50 3.98 2.709 2.807 3.110 3.129 2.802 2.179 1.506 1.043 0.494 2.547 1.742
5.50 5.01 2.642 2.744 3.052 3.082 2.713 2.089 1.417 0.958 0.414 2.485 1.661
5.50 6.31 2.554 2.659 2.972 3.014 2.603 1.980 1.308 0.853 0.315 2.402 1.558
5.50 7.94 2.445 2.553 2.871 2.923 2.474 1.852 1.182 0.731 0.199 2.297 1.434
5.50 10.00 2.308 2.418 2.738 2.794 2.330 1.709 1.040 0.595 0.070 2.163 1.285
5.50 12.59 2.151 2.261 2.581 2.637 2.174 1.554 0.887 0.447 -0.070 2.006 1.118
5.50 15.85 1.983 2.094 2.415 2.472 2.008 1.390 0.725 0.292 -0.216 1.839 0.941
5.50 19.95 1.808 1.919 2.241 2.299 1.835 1.220 0.558 0.131 -0.367 1.666 0.756
5.50 25.12 1.627 1.739 2.062 2.120 1.657 1.044 0.386 -0.033 -0.521 1.486 0.565
5.50 31.62 1.440 1.553 1.878 1.937 1.474 0.865 0.211 -0.200 -0.677 1.301 0.369
5.50 39.81 1.247 1.361 1.689 1.749 1.287 0.682 0.034 -0.369 -0.835 1.111 0.168
5.50 50.12 1.049 1.165 1.495 1.557 1.095 0.495 -0.145 -0.540 -0.994 0.916 -0.037
5.50 63.10 0.844 0.961 1.295 1.358 0.897 0.305 -0.326 -0.712 -1.154 0.715 -0.249
5.50 79.43 0.630 0.750 1.088 1.154 0.693 0.110 -0.509 -0.886 -1.315 0.506 -0.467
5.50 100.00 0.406 0.529 0.873 0.942 0.482 -0.090 -0.694 -1.062 -1.478 0.289 -0.694
5.50 125.89 0.170 0.297 0.647 0.720 0.261 -0.296 -0.881 -1.240 -1.643 0.061 -0.930
5.50 158.49 -0.083 0.049 0.409 0.486 0.029 -0.511 -1.072 -1.421 -1.811 -0.181 -1.179
5.50 199.53 -0.355 -0.217 0.154 0.236 -0.218 -0.735 -1.267 -1.606 -1.983 -0.440 -1.444
5.50 251.19 -0.652 -0.506 -0.122 -0.032 -0.484 -0.972 -1.466 -1.796 -2.159 -0.720 -1.729
5.50 316.23 -0.980 -0.824 -0.423 -0.324 -0.772 -1.225 -1.671 -1.992 -2.341 -1.028 -2.039
5.50 398.11 -1.348 -1.180 -0.756 -0.645 -1.090 -1.498 -1.884 -2.195 -2.531 -1.369 -2.381
5.50 501.19 -1.765 -1.582 -1.130 -1.005 -1.445 -1.796 -2.107 -2.408 -2.730 -1.754 -2.762
5.50 630.96 -2.245 -2.042 -1.555 -1.412 -1.845 -2.125 -2.342 -2.632 -2.941 -2.192 -3.193
5.50 794.33 -2.803 -2.576 -2.045 -1.879 -2.304 -2.494 -2.591 -2.872 -3.167 -2.698 -3.687
5.50 1000.00 -3.461 -3.203 -2.616 -2.422 -2.836 -2.913 -2.860 -3.131 -3.412 -3.290 -4.260
5.75 1.00 2.806 2.903 3.200 3.209 3.021 2.427 1.784 1.330 0.770 2.646 1.928
5.75 1.26 2.802 2.900 3.198 3.208 3.015 2.421 1.778 1.325 0.766 2.643 1.923
5.75 1.58 2.797 2.895 3.194 3.205 3.005 2.411 1.769 1.317 0.760 2.638 1.915
5.75 2.00 2.788 2.887 3.187 3.202 2.991 2.397 1.754 1.305 0.749 2.631 1.903
5.75 2.51 2.774 2.875 3.176 3.195 2.969 2.375 1.732 1.285 0.732 2.619 1.885
5.75 3.16 2.753 2.856 3.160 3.185 2.936 2.342 1.700 1.255 0.706 2.601 1.858
5.75 3.98 2.722 2.827 3.134 3.167 2.889 2.295 1.654 1.211 0.666 2.572 1.818
5.75 5.01 2.676 2.784 3.095 3.137 2.825 2.232 1.590 1.151 0.611 2.530 1.762
5.75 6.31 2.612 2.723 3.039 3.092 2.741 2.148 1.507 1.072 0.537 2.471 1.685
5.75 7.94 2.527 2.642 2.962 3.025 2.636 2.044 1.404 0.973 0.444 2.391 1.587
5.75 10.00 2.421 2.539 2.863 2.936 2.512 1.921 1.283 0.857 0.335 2.289 1.466
5.75 12.59 2.287 2.405 2.732 2.809 2.372 1.782 1.145 0.725 0.210 2.157 1.320
5.75 15.85 2.131 2.250 2.578 2.655 2.218 1.630 0.995 0.581 0.075 2.002 1.156
5.75 19.95 1.965 2.084 2.413 2.491 2.054 1.468 0.836 0.428 -0.068 1.837 0.980
5.75 25.12 1.789 1.910 2.240 2.318 1.882 1.298 0.670 0.270 -0.217 1.663 0.796
5.75 31.62 1.607 1.728 2.060 2.139 1.703 1.123 0.500 0.107 -0.369 1.483 0.605
5.75 39.81 1.418 1.540 1.874 1.955 1.519 0.943 0.326 -0.059 -0.524 1.296 0.407
5.75 50.12 1.222 1.346 1.682 1.764 1.329 0.759 0.149 -0.228 -0.681 1.103 0.204
5.75 63.10 1.018 1.144 1.484 1.568 1.133 0.571 -0.030 -0.398 -0.839 0.904 -0.005
5.75 79.43 0.806 0.935 1.279 1.365 0.931 0.377 -0.211 -0.571 -0.999 0.697 -0.222
5.75 100.00 0.584 0.715 1.065 1.154 0.721 0.179 -0.395 -0.745 -1.161 0.481 -0.447
5.75 125.89 0.349 0.484 0.841 0.934 0.502 -0.026 -0.581 -0.922 -1.325 0.254 -0.682
5.75 158.49 0.097 0.238 0.603 0.701 0.271 -0.240 -0.771 -1.102 -1.492 0.014 -0.930
5.75 199.53 -0.174 -0.027 0.350 0.453 0.025 -0.463 -0.964 -1.286 -1.663 -0.244 -1.194
5.75 251.19 -0.469 -0.315 0.075 0.186 -0.240 -0.699 -1.163 -1.475 -1.838 -0.524 -1.478
5.75 316.23 -0.797 -0.633 -0.224 -0.105 -0.527 -0.951 -1.367 -1.670 -2.019 -0.830 -1.787
5.75 398.11 -1.163 -0.987 -0.557 -0.426 -0.844 -1.223 -1.579 -1.872 -2.208 -1.171 -2.127
5.75 501.19 -1.580 -1.388 -0.930 -0.785 -1.198 -1.519 -1.800 -2.084 -2.406 -1.554 -2.507
5.75 630.96 -2.059 -1.847 -1.354 -1.191 -1.597 -1.848 -2.034 -2.307 -2.616 -1.991 -2.937
5.75 794.33 -2.616 -2.380 -1.843 -1.657 -2.055 -2.216 -2.283 -2.546 -2.841 -2.496 -3.430
5.75 1000.00 -3.272 -3.006 -2.413 -2.198 -2.586 -2.634 -2.550 -2.804 -3.085 -3.087 -4.002
6.00 1.00 2.767 2.876 3.183 3.220 3.029 2.465 1.854 1.421 0.865 2.626 1.937
6.00 1.26 2.765 2.874 3.181 3.219 3.025 2.462 1.851 1.418 0.864 2.624 1.934
6.00 1.58 2.762 2.871 3.179 3.217 3.020 2.456 1.845 1.414 0.862 2.621 1.930
6.00 2.00 2.756 2.866 3.175 3.215 3.012 2.448 1.837 1.407 0.857 2.616 1.923
6.00 2.51 2.748 2.858 3.168 3.211 2.999 2.435 1.824 1.396 0.849 2.609 1.912
6.00 3.16 2.735 2.846 3.158 3.204 2.979 2.415 1.805 1.379 0.834 2.598 1.895
6.00 3.98 2.715 2.828 3.142 3.193 2.949 2.386 1.776 1.352 0.812 2.580 1.870
6.00 5.01 2.686 2.800 3.117 3.174 2.907 2.344 1.734 1.314 0.777 2.553 1.833
6.00 6.31 2.642 2.760 3.079 3.145 2.847 2.285 1.675 1.259 0.727 2.513 1.780
6.00 7.94 2.581 2.702 3.025 3.101 2.769 2.207 1.598 1.186 0.660 2.456 1.708
6.00 10.00 2.500 2.623 2.951 3.036 2.669 2.108 1.501 1.093 0.574 2.379 1.614
6.00 12.59 2.397 2.524 2.856 2.950 2.550 1.990 1.384 0.982 0.470 2.281 1.498
6.00 15.85 2.264 2.392 2.726 2.824 2.413 1.855 1.251 0.854 0.351 2.150 1.355
6.00 19.95 2.111 2.239 2.574 2.672 2.262 1.705 1.104 0.714 0.220 1.998 1.193
6.00 25.12 1.945 2.074 2.410 2.509 2.099 1.545 0.948 0.565 0.080 1.833 1.019
6.00 31.62 1.769 1.899 2.237 2.337 1.927 1.377 0.784 0.408 -0.067 1.659 0.835
6.00 39.81 1.585 1.716 2.056 2.157 1.747 1.202 0.614 0.246 -0.217 1.478 0.643
6.00 50.12 1.392 1.525 1.868 1.970 1.561 1.021 0.441 0.081 -0.371 1.288 0.443
6.00 63.10 1.191 1.326 1.672 1.776 1.368 0.835 0.265 -0.087 -0.527 1.092 0.236
6.00 79.43 0.981 1.118 1.469 1.575 1.168 0.644 0.085 -0.257 -0.685 0.887 0.022
6.00 100.00 0.761 0.901 1.257 1.366 0.960 0.447 -0.097 -0.430 -0.846 0.673 -0.201
6.00 125.89 0.527 0.671 1.034 1.147 0.742 0.243 -0.282 -0.606 -1.009 0.447 -0.435
6.00 158.49 0.277 0.426 0.798 0.915 0.512 0.031 -0.470 -0.785 -1.174 0.208 -0.681
6.00 199.53 0.007 0.162 0.545 0.669 0.267 -0.191 -0.662 -0.968 -1.344 -0.049 -0.944
6.00 251.19 -0.287 -0.125 0.272 0.403 0.004 -0.426 -0.859 -1.155 -1.518 -0.327 -1.227
6.00 316.23 -0.614 -0.441 -0.027 0.113 -0.283 -0.677 -1.063 -1.349 -1.698 -0.632 -1.534
6.00 398.11 -0.979 -0.794 -0.358 -0.207 -0.598 -0.948 -1.274 -1.550 -1.886 -0.972 -1.874
6.00 501.19 -1.395 -1.194 -0.730 -0.564 -0.951 -1.243 -1.494 -1.761 -2.083 -1.354 -2.252
6.00 630.96 -1.872 -1.653 -1.153 -0.970 -1.349 -1.571 -1.727 -1.984 -2.292 -1.790 -2.681
6.00 794.33 -2.429 -2.184 -1.641 -1.434 -1.806 -1.937 -1.974 -2.221 -2.516 -2.295 -3.173
6.00 1000.00 -3.084 -2.809 -2.210 -1.975 -2.336 -2.354 -2.241 -2.478 -2.759 -2.884 -3.744
6.25 1.00 2.726 2.846 3.163 3.228 3.036 2.503 1.924 1.510 0.960 2.603 1.945
6.25 1.26 2.725 2.845 3.162 3.228 3.034 2.501 1.922 1.509 0.961 2.602 1.944
6.25 1.58 2.723 2.843 3.161 3.227 3.031 2.498 1.919 1.507 0.960 2.601 1.941
6.25 2.00 2.720 2.840 3.158 3.225 3.026 2.493 1.915 1.504 0.959 2.598 1.937
6.25 2.51 2.715 2.835 3.154 3.222 3.019 2.486 1.907 1.498 0.955 2.593 1.931
6.25 3.16 2.707 2.828 3.148 3.218 3.007 2.474 1.896 1.489 0.949 2.586 1.921
6.25 3.98 2.695 2.817 3.138 3.211 2.989 2.457 1.878 1.474 0.937 2.575 1.905
6.25 5.01 2.676 2.800 3.122 3.199 2.963 2.430 1.852 1.451 0.918 2.559 1.882
6.25 6.31 2.648 2.773 3.098 3.181 2.924 2.392 1.814 1.416 0.888 2.533 1.848
6.25 7.94 2.607 2.735 3.063 3.153 2.869 2.338 1.761 1.366 0.844 2.495 1.799
6.25 10.00 2.549 2.679 3.011 3.109 2.796 2.265 1.689 1.299 0.783 2.441 1.731
6.25 12.59 2.471 2.604 2.940 3.047 2.702 2.172 1.597 1.212 0.704 2.367 1.641
6.25 15.85 2.372 2.507 2.847 2.963 2.587 2.059 1.486 1.107 0.606 2.271 1.529
6.25 19.95 2.241 2.378 2.719 2.838 2.454 1.928 1.357 0.984 0.492 2.142 1.390
6.25 25.12 2.089 2.226 2.569 2.688 2.305 1.781 1.214 0.848 0.365 1.992 1.230
6.25 31.62 1.923 2.062 2.406 2.526 2.143 1.623 1.060 0.701 0.228 1.828 1.057
6.25 39.81 1.746 1.886 2.232 2.354 1.971 1.455 0.898 0.546 0.084 1.654 0.872
6.25 50.12 1.559 1.700 2.049 2.172 1.790 1.279 0.730 0.386 -0.065 1.470 0.678
6.25 63.10 1.362 1.505 1.858 1.982 1.601 1.097 0.557 0.222 -0.218 1.277 0.476
6.25 79.43 1.155 1.300 1.657 1.784 1.403 0.909 0.380 0.054 -0.374 1.075 0.264
6.25 100.00 0.936 1.085 1.448 1.577 1.197 0.714 0.200 -0.117 -0.532 0.863 0.044
6.25 125.89 0.704 0.857 1.226 1.360 0.981 0.512 0.017 -0.291 -0.694 0.639 -0.188
6.25 158.49 0.456 0.614 0.992 1.130 0.753 0.301 -0.170 -0.469 -0.858 0.402 -0.433
6.25 199.53 0.188 0.351 0.741 0.884 0.509 0.080 -0.361 -0.651 -1.026 0.146 -0.694
6.25 251.19 -0.106 0.066 0.469 0.619 0.247 -0.153 -0.557 -0.837 -1.200 -0.131 -0.976
6.25 316.23 -0.431 -0.250 0.171 0.331 -0.038 -0.403 -0.759 -1.030 -1.379 -0.435 -1.282
6.25 398.11 -0.795 -0.602 -0.159 0.012 -0.353 -0.673 -0.969 -1.230 -1.565 -0.773 -1.620
6.25 501.19 -1.210 -1.001 -0.530 -0.344 -0.704 -0.967 -1.188 -1.439 -1.761 -1.155 -1.998
6.25 630.96 -1.686 -1.458 -0.952 -0.748 -1.102 -1.294 -1.420 -1.661 -1.969 -1.590 -2.426
6.25 794.33 -2.242 -1.989 -1.439 -1.212 -1.558 -1.659 -1.666 -1.898 -2.192 -2.093 -2.916
6.25 1000.00 -2.896 -2.612 -2.007 -1.752 -2.086 -2.075 -1.932 -2.154 -2.434 -2.681 -3.486
6.50 1.00 2.683 2.814 3.142 3.234 3.043 2.541 1.995 1.599 1.055 2.579 1.952
6.50 1.26 2.683 2.813 3.141 3.234 3.042 2.540 1.994 1.599 1.056 2.578 1.951
6.50 1.58 2.681 2.812 3.140 3.233 3.040 2.539 1.993 1.599 1.057 2.577 1.950
6.50 2.00 2.679 2.811 3.138 3.232 3.037 2.536 1.990 1.597 1.057 2.576 1.948
6.50 2.51 2.676 2.808 3.136 3.230 3.033 2.532 1.986 1.595 1.057 2.573 1.944
6.50 3.16 2.672 2.803 3.132 3.227 3.026 2.525 1.979 1.590 1.055 2.569 1.938
6.50 3.98 2.664 2.797 3.126 3.223 3.016 2.515 1.969 1.582 1.050 2.562 1.929
6.50 5.01 2.653 2.786 3.116 3.216 3.000 2.499 1.954 1.569 1.041 2.552 1.915
6.50 6.31 2.636 2.770 3.102 3.204 2.976 2.475 1.930 1.549 1.025 2.536 1.894
6.50 7.94 2.609 2.745 3.079 3.187 2.941 2.440 1.896 1.518 1.000 2.512 1.862
6.50 10.00 2.571 2.708 3.045 3.159 2.891 2.391 1.847 1.474 0.961 2.476 1.816
6.50 12.59 2.516 2.655 2.995 3.117 2.822 2.323 1.780 1.412 0.906 2.424 1.752
6.50 15.85 2.441 2.583 2.927 3.057 2.733 2.235 1.694 1.331 0.833 2.353 1.667
6.50 19.95 2.344 2.490 2.837 2.975 2.623 2.127 1.588 1.231 0.741 2.261 1.559
6.50 25.12 2.215 2.361 2.710 2.850 2.493 2.000 1.464 1.113 0.632 2.133 1.422
6.50 31.62 2.064 2.212 2.563 2.703 2.346 1.856 1.325 0.981 0.510 1.984 1.265
6.50 39.81 1.898 2.047 2.400 2.542 2.185 1.699 1.173 0.837 0.376 1.821 1.093
6.50 50.12 1.719 1.869 2.225 2.368 2.012 1.531 1.013 0.684 0.234 1.645 0.907
6.50 63.10 1.528 1.680 2.039 2.184 1.829 1.355 0.846 0.525 0.087 1.458 0.711
6.50 79.43 1.325 1.480 1.843 1.990 1.636 1.171 0.673 0.361 -0.065 1.260 0.504
6.50 100.00 1.110 1.267 1.636 1.786 1.433 0.979 0.496 0.193 -0.221 1.051 0.286
6.50 125.89 0.881 1.042 1.418 1.571 1.219 0.779 0.315 0.021 -0.380 0.830 0.057
6.50 158.49 0.634 0.800 1.185 1.343 0.992 0.570 0.130 -0.155 -0.543 0.594 -0.186
6.50 199.53 0.367 0.540 0.935 1.099 0.751 0.351 -0.059 -0.335 -0.710 0.341 -0.445
6.50 251.19 0.075 0.255 0.665 0.836 0.490 0.119 -0.254 -0.520 -0.882 0.065 -0.725
6.50 316.23 -0.248 -0.059 0.368 0.548 0.206 -0.130 -0.455 -0.711 -1.060 -0.238 -1.030
6.50 398.11 -0.612 -0.410 0.039 0.231 -0.108 -0.398 -0.664 -0.910 -1.246 -0.575 -1.367
6.50 501.19 -1.025 -0.808 -0.331 -0.125 -0.458 -0.692 -0.882 -1.119 -1.441 -0.955 -1.744
6.50 630.96 -1.500 -1.264 -0.752 -0.528 -0.854 -1.017 -1.113 -1.340 -1.648 -1.389 -2.170
6.50 794.33 -2.055 -1.794 -1.237 -0.991 -1.309 -1.382 -1.358 -1.576 -1.870 -1.891 -2.660
6.50 1000.00 -2.708 -2.416 -1.804 -1.529 -1.837 -1.796 -1.623 -1.830 -2.111 -2.479 -3.228
6.75 1.00 2.638 2.780 3.118 3.238 3.050 2.580 2.068 1.689 1.151 2.553 1.958
6.75 1.26 2.638 2.780 3.117 3.238 3.049 2.580 2.067 1.689 1.152 2.552 1.958
6.75 1.58 2.637 2.779 3.117 3.237 3.048 2.579 2.066 1.689 1.153 2.552 1.957
6.75 2.00 2.636 2.778 3.116 3.236 3.047 2.577 2.065 1.689 1.154 2.551 1.956
6.75 2.51 2.634 2.776 3.114 3.235 3.044 2.575 2.062 1.688 1.155 2.549 1.953
6.75 3.16 2.631 2.774 3.112 3.234 3.040 2.571 2.059 1.686 1.156 2.546 1.950
6.75 3.98 2.627 2.770 3.108 3.231 3.034 2.565 2.053 1.682 1.155 2.542 1.945
6.75 5.01 2.620 2.763 3.103 3.226 3.025 2.556 2.044 1.676 1.152 2.536 1.937
6.75 6.31 2.610 2.753 3.093 3.219 3.011 2.542 2.030 1.665 1.145 2.526 1.924
6.75 7.94 2.593 2.738 3.079 3.208 2.989 2.520 2.009 1.647 1.133 2.511 1.904
6.75 10.00 2.568 2.715 3.058 3.190 2.957 2.489 1.978 1.620 1.111 2.489 1.875
6.75 12.59 2.532 2.680 3.025 3.163 2.911 2.443 1.933 1.580 1.077 2.454 1.832
6.75 15.85 2.480 2.630 2.978 3.123 2.847 2.380 1.872 1.524 1.028 2.405 1.772
6.75 19.95 2.408 2.560 2.913 3.065 2.763 2.298 1.791 1.449 0.961 2.337 1.691
6.75 25.12 2.314 2.469 2.825 2.985 2.657 2.194 1.691 1.355 0.876 2.248 1.587
6.75 31.62 2.185 2.342 2.699 2.860 2.531 2.071 1.571 1.242 0.773 2.121 1.453
6.75 39.81 2.036 2.193 2.553 2.715 2.386 1.930 1.436 1.114 0.654 1.974 1.298
6.75 50.12 1.869 2.028 2.390 2.554 2.225 1.774 1.287 0.973 0.524 1.810 1.125
6.75 63.10 1.687 1.848 2.214 2.379 2.050 1.606 1.128 0.822 0.384 1.632 0.938
6.75 79.43 1.491 1.654 2.024 2.191 1.863 1.428 0.962 0.664 0.238 1.441 0.738
6.75 100.00 1.280 1.446 1.822 1.992 1.665 1.241 0.789 0.500 0.086 1.237 0.526
6.75 125.89 1.054 1.224 1.606 1.780 1.455 1.045 0.611 0.331 -0.070 1.019 0.300
6.75 158.49 0.811 0.985 1.376 1.554 1.231 0.838 0.428 0.157 -0.231 0.785 0.060
6.75 199.53 0.546 0.727 1.129 1.313 0.991 0.621 0.241 -0.021 -0.396 0.534 -0.198
6.75 251.19 0.256 0.444 0.860 1.051 0.732 0.390 0.048 -0.205 -0.567 0.260 -0.476
6.75 316.23 -0.067 0.131 0.565 0.765 0.449 0.143 -0.152 -0.395 -0.743 -0.042 -0.779
6.75 398.11 -0.429 -0.218 0.237 0.449 0.137 -0.124 -0.359 -0.593 -0.928 -0.378 -1.115
6.75 501.19 -0.841 -0.615 -0.131 0.095 -0.212 -0.416 -0.577 -0.800 -1.122 -0.756 -1.490
6.75 630.96 -1.315 -1.070 -0.551 -0.307 -0.607 -0.740 -0.806 -1.020 -1.328 -1.189 -1.915
6.75 794.33 -1.868 -1.598 -1.036 -0.769 -1.061 -1.104 -1.050 -1.254 -1.549 -1.690 -2.404
6.75 1000.00 -2.521 -2.220 -1.602 -1.306 -1.588 -1.518 -1.314 -1.508 -1.789 -2.277 -2.971
7.00 1.00 2.591 2.744 3.092 3.239 3.055 2.619 2.141 1.779 1.246 2.524 1.963
7.00 1.26 2.590 2.744 3.092 3.239 3.055 2.619 2.141 1.779 1.248 2.524 1.963
7.00 1.58 2.590 2.743 3.091 3.239 3.055 2.618 2.140 1.780 1.249 2.523 1.962
7.00 2.00 2.589 2.743 3.091 3.238 3.054 2.617 2.140 1.780 1.251 2.523 1.961
7.00 2.51 2.588 2.742 3.090 3.237 3.052 2.616 2.138 1.780 1.253 2.522 1.960
7.00 3.16 2.587 2.740 3.088 3.236 3.050 2.614 2.136 1.780 1.254 2.520 1.958
7.00 3.98 2.584 2.738 3.086 3.235 3.047 2.610 2.133 1.778 1.256 2.518 1.955
7.00 5.01 2.580 2.734 3.083 3.232 3.041 2.605 2.128 1.775 1.256 2.514 1.950
7.00 6.31 2.573 2.728 3.077 3.227 3.033 2.597 2.120 1.770 1.255 2.508 1.943
7.00 7.94 2.564 2.718 3.069 3.220 3.020 2.584 2.107 1.761 1.250 2.499 1.931
7.00 10.00 2.548 2.704 3.055 3.209 3.000 2.565 2.089 1.746 1.240 2.485 1.913
7.00 12.59 2.525 2.682 3.035 3.192 2.971 2.536 2.061 1.722 1.223 2.463 1.886
7.00 15.85 2.490 2.649 3.004 3.166 2.929 2.494 2.020 1.687 1.194 2.431 1.846
7.00 19.95 2.441 2.601 2.959 3.127 2.869 2.436 1.964 1.636 1.150 2.384 1.790
7.00 25.12 2.371 2.534 2.896 3.071 2.789 2.359 1.888 1.566 1.089 2.319 1.713
7.00 31.62 2.279 2.444 2.809 2.991 2.688 2.260 1.793 1.478 1.010 2.230 1.612
7.00 39.81 2.152 2.318 2.685 2.868 2.565 2.140 1.678 1.370 0.912 2.105 1.480
7.00 50.12 2.003 2.170 2.540 2.724 2.421 2.002 1.546 1.245 0.798 1.959 1.326
7.00 63.10 1.834 2.004 2.376 2.562 2.260 1.847 1.400 1.107 0.671 1.794 1.154
7.00 79.43 1.648 1.820 2.196 2.384 2.083 1.678 1.243 0.958 0.533 1.613 0.964
7.00 100.00 1.445 1.619 2.001 2.192 1.892 1.498 1.077 0.801 0.388 1.416 0.759
7.00 125.89 1.224 1.402 1.791 1.985 1.686 1.306 0.904 0.636 0.236 1.203 0.539
7.00 158.49 0.984 1.167 1.565 1.763 1.466 1.104 0.725 0.466 0.079 0.974 0.302
7.00 199.53 0.722 0.912 1.320 1.524 1.229 0.889 0.540 0.291 -0.084 0.725 0.048
7.00 251.19 0.434 0.631 1.054 1.265 0.972 0.661 0.349 0.109 -0.253 0.453 -0.228
7.00 316.23 0.114 0.321 0.760 0.981 0.692 0.415 0.151 -0.080 -0.428 0.154 -0.529
7.00 398.11 -0.247 -0.028 0.434 0.666 0.381 0.150 -0.055 -0.276 -0.611 -0.181 -0.863
7.00 501.19 -0.657 -0.423 0.067 0.313 0.033 -0.141 -0.271 -0.482 -0.804 -0.558 -1.237
7.00 630.96 -1.130 -0.876 -0.352 -0.087 -0.361 -0.464 -0.500 -0.701 -1.009 -0.990 -1.661
7.00 794.33 -1.682 -1.404 -0.835 -0.548 -0.813 -0.827 -0.743 -0.935 -1.229 -1.490 -2.148
7.00 1000.00 -2.333 -2.024 -1.400 -1.084 -1.339 -1.240 -1.006 -1.187 -1.468 -2.075 -2.714
7.25 1.00 2.539 2.704 3.063 3.237 3.060 2.657 2.216 1.869 1.342 2.492 1.965
7.25 1.26 2.539 2.704 3.063 3.237 3.059 2.657 2.216 1.870 1.344 2.492 1.965
7.25 1.58 2.539 2.704 3.063 3.237 3.059 2.657 2.216 1.870 1.345 2.492 1.965
7.25 2.00 2.539 2.703 3.062 3.237 3.059 2.656 2.215 1.871 1.347 2.492 1.964
7.25 2.51 2.538 2.703 3.062 3.236 3.058 2.655 2.214 1.871 1.349 2.491 1.964
7.25 3.16 2.537 2.702 3.061 3.236 3.057 2.654 2.213 1.872 1.351 2.490 1.963
7.25 3.98 2.535 2.700 3.060 3.235 3.055 2.652 2.211 1.872 1.354 2.489 1.961
7.25 5.01 2.533 2.698 3.058 3.233 3.052 2.649 2.209 1.871 1.356 2.486 1.958
7.25 6.31 2.529 2.694 3.054 3.230 3.047 2.645 2.204 1.869 1.358 2.483 1.954
7.25 7.94 2.523 2.689 3.049 3.226 3.039 2.637 2.197 1.865 1.358 2.477 1.947
7.25 10.00 2.514 2.680 3.041 3.219 3.028 2.626 2.186 1.857 1.355 2.469 1.936
7.25 12.59 2.499 2.666 3.028 3.208 3.010 2.609 2.169 1.844 1.348 2.455 1.919
7.25 15.85 2.477 2.645 3.009 3.192 2.983 2.582 2.144 1.824 1.334 2.435 1.894
7.25 19.95 2.445 2.614 2.979 3.167 2.944 2.544 2.107 1.792 1.310 2.404 1.857
7.25 25.12 2.397 2.568 2.936 3.129 2.888 2.490 2.055 1.746 1.271 2.359 1.804
7.25 31.62 2.330 2.504 2.875 3.074 2.813 2.417 1.985 1.682 1.217 2.296 1.730
7.25 39.81 2.237 2.413 2.787 2.991 2.715 2.323 1.895 1.599 1.143 2.207 1.631
7.25 50.12 2.112 2.289 2.665 2.870 2.595 2.207 1.785 1.496 1.050 2.084 1.502
7.25 63.10 1.963 2.141 2.521 2.727 2.452 2.070 1.657 1.376 0.941 1.938 1.350
7.25 79.43 1.791 1.972 2.356 2.564 2.290 1.916 1.513 1.240 0.817 1.772 1.176
7.25 100.00 1.599 1.783 2.172 2.383 2.109 1.746 1.357 1.093 0.681 1.586 0.982
7.25 125.89 1.387 1.574 1.969 2.184 1.912 1.562 1.191 0.936 0.536 1.381 0.771
7.25 158.49 1.153 1.345 1.749 1.968 1.697 1.365 1.017 0.771 0.384 1.157 0.540
7.25 199.53 0.895 1.093 1.508 1.733 1.465 1.155 0.836 0.599 0.224 0.913 0.291
7.25 251.19 0.611 0.816 1.245 1.477 1.211 0.929 0.648 0.420 0.058 0.644 0.018
7.25 316.23 0.293 0.508 0.954 1.195 0.932 0.686 0.452 0.233 -0.115 0.347 -0.281
7.25 398.11 -0.066 0.162 0.630 0.882 0.624 0.422 0.248 0.039 -0.296 0.015 -0.613
7.25 501.19 -0.474 -0.231 0.265 0.531 0.278 0.133 0.033 -0.166 -0.488 -0.361 -0.985
7.25 630.96 -0.946 -0.684 -0.153 0.132 -0.115 -0.189 -0.194 -0.383 -0.691 -0.791 -1.407
7.25 794.33 -1.497 -1.210 -0.635 -0.327 -0.566 -0.550 -0.436 -0.616 -0.910 -1.290 -1.893
7.25 1000.00 -2.147 -1.829 -1.198 -0.862 -1.091 -0.962 -0.697 -0.868 -1.148 -1.874 -2.457
7.50 1.00 2.483 2.660 3.030 3.232 3.061 2.694 2.292 1.960 1.438 2.457 1.965
7.50 1.26 2.483 2.660 3.030 3.232 3.061 2.694 2.292 1.960 1.439 2.457 1.964
7.50 1.58 2.483 2.660 3.030 3.232 3.061 2.694 2.292 1.961 1.441 2.456 1.964
7.50 2.00 2.483 2.659 3.030 3.232 3.060 2.694 2.291 1.961 1.443 2.456 1.964
7.50 2.51 2.482 2.659 3.030 3.231 3.060 2.693 2.291 1.962 1.445 2.456 1.964
7.50 3.16 2.482 2.658 3.029 3.231 3.059 2.693 2.290 1.963 1.448 2.455 1.963
7.50 3.98 2.481 2.658 3.028 3.230 3.058 2.692 2.289 1.963 1.451 2.454 1.962
7.50 5.01 2.479 2.656 3.027 3.229 3.056 2.690 2.288 1.964 1.454 2.453 1.960
7.50 6.31 2.477 2.654 3.025 3.228 3.054 2.687 2.285 1.963 1.457 2.451 1.958
7.50 7.94 2.473 2.651 3.022 3.225 3.049 2.683 2.281 1.962 1.459 2.448 1.954
7.50 10.00 2.468 2.645 3.017 3.221 3.042 2.676 2.275 1.959 1.461 2.442 1.947
7.50 12.59 2.459 2.637 3.009 3.214 3.032 2.666 2.265 1.953 1.460 2.434 1.937
7.50 15.85 2.445 2.624 2.997 3.204 3.016 2.650 2.250 1.942 1.456 2.422 1.922
7.50 19.95 2.425 2.604 2.978 3.188 2.991 2.627 2.227 1.925 1.445 2.402 1.899
7.50 25.12 2.393 2.574 2.950 3.163 2.955 2.591 2.194 1.897 1.425 2.373 1.864
7.50 31.62 2.347 2.530 2.909 3.126 2.903 2.541 2.146 1.855 1.392 2.330 1.813
7.50 39.81 2.283 2.467 2.850 3.073 2.831 2.472 2.081 1.796 1.342 2.269 1.743
7.50 50.12 2.188 2.374 2.759 2.985 2.737 2.382 1.996 1.719 1.274 2.177 1.645
7.50 63.10 2.064 2.251 2.639 2.867 2.618 2.269 1.890 1.621 1.187 2.056 1.518
7.50 79.43 1.913 2.103 2.495 2.724 2.476 2.135 1.766 1.504 1.082 1.910 1.366
7.50 100.00 1.738 1.930 2.327 2.559 2.312 1.981 1.625 1.372 0.961 1.740 1.190
7.50 125.89 1.538 1.734 2.137 2.372 2.127 1.808 1.470 1.225 0.826 1.548 0.991
7.50 158.49 1.313 1.514 1.925 2.165 1.921 1.620 1.304 1.068 0.682 1.333 0.770
7.50 199.53 1.062 1.269 1.691 1.936 1.695 1.415 1.129 0.902 0.528 1.095 0.527
7.50 251.19 0.782 0.997 1.433 1.685 1.446 1.194 0.944 0.727 0.366 0.831 0.260
7.50 316.23 0.468 0.692 1.145 1.407 1.171 0.954 0.752 0.543 0.196 0.538 -0.035
7.50 398.11 0.113 0.349 0.824 1.097 0.865 0.693 0.550 0.351 0.016 0.208 -0.364
7.50 501.19 -0.293 -0.042 0.461 0.748 0.521 0.406 0.337 0.148 -0.173 -0.165 -0.734
7.50 630.96 -0.763 -0.492 0.045 0.350 0.130 0.086 0.112 -0.068 -0.375 -0.594 -1.154
7.50 794.33 -1.312 -1.017 -0.435 -0.107 -0.320 -0.274 -0.129 -0.299 -0.593 -1.090 -1.638
7.50 1000.00 -1.961 -1.634 -0.997 -0.641 -0.843 -0.684 -0.390 -0.549 -0.829 -1.673 -2.202
7.75 1.00 2.420 2.609 2.992 3.222 3.058 2.729 2.368 2.049 1.534 2.415 1.959
7.75 1.26 2.420 2.609 2.992 3.222 3.058 2.729 2.368 2.050 1.535 2.415 1.959
7.75 1.58 2.420 2.609 2.992 3.222 3.058 2.729 2.368 2.050 1.536 2.415 1.959
7.75 2.00 2.420 2.609 2.992 3.222 3.058 2.729 2.368 2.051 1.538 2.415 1.958
7.75 2.51 2.419 2.609 2.992 3.221 3.057 2.729 2.368 2.052 1.540 2.415 1.958
7.75 3.16 2.419 2.608 2.992 3.221 3.057 2.728 2.367 2.053 1.543 2.414 1.958
7.75 3.98 2.419 2.608 2.991 3.221 3.056 2.728 2.367 2.054 1.546 2.414 1.957
7.75 5.01 2.418 2.607 2.990 3.220 3.055 2.727 2.366 2.055 1.549 2.413 1.956
7.75 6.31 2.416 2.606 2.989 3.219 3.054 2.725 2.364 2.055 1.553 2.412 1.955
7.75 7.94 2.414 2.604 2.987 3.217 3.051 2.723 2.362 2.056 1.557 2.410 1.952
7.75 10.00 2.411 2.600 2.984 3.215 3.047 2.719 2.358 2.055 1.561 2.407 1.948
7.75 12.59 2.405 2.595 2.979 3.211 3.041 2.713 2.353 2.053 1.564 2.402 1.943
7.75 15.85 2.397 2.587 2.972 3.204 3.031 2.704 2.344 2.048 1.565 2.394 1.933
7.75 19.95 2.384 2.575 2.960 3.194 3.016 2.689 2.331 2.040 1.563 2.382 1.919
7.75 25.12 2.364 2.556 2.942 3.178 2.993 2.667 2.310 2.024 1.555 2.363 1.897
7.75 31.62 2.334 2.527 2.915 3.154 2.960 2.635 2.280 2.000 1.539 2.335 1.864
7.75 39.81 2.289 2.484 2.875 3.118 2.911 2.588 2.236 1.962 1.510 2.293 1.816
7.75 50.12 2.225 2.422 2.816 3.064 2.842 2.523 2.175 1.909 1.466 2.232 1.748
7.75 63.10 2.128 2.326 2.723 2.972 2.751 2.437 2.095 1.836 1.404 2.138 1.650
7.75 79.43 2.004 2.204 2.604 2.855 2.634 2.327 1.994 1.743 1.321 2.018 1.525
7.75 100.00 1.851 2.054 2.458 2.711 2.492 2.194 1.874 1.630 1.220 1.871 1.372
7.75 125.89 1.670 1.875 2.286 2.542 2.324 2.038 1.735 1.500 1.102 1.696 1.193
7.75 158.49 1.459 1.669 2.088 2.349 2.132 1.863 1.581 1.355 0.969 1.495 0.986
7.75 199.53 1.219 1.435 1.865 2.130 1.915 1.668 1.414 1.197 0.824 1.268 0.754
7.75 251.19 0.947 1.171 1.613 1.886 1.674 1.453 1.236 1.028 0.668 1.012 0.495
7.75 316.23 0.639 0.872 1.332 1.614 1.404 1.219 1.048 0.849 0.502 0.724 0.205
7.75 398.11 0.288 0.533 1.014 1.308 1.102 0.961 0.849 0.660 0.326 0.398 -0.119
7.75 501.19 -0.115 0.145 0.654 0.962 0.761 0.676 0.639 0.460 0.139 0.028 -0.486
7.75 630.96 -0.583 -0.303 0.241 0.567 0.373 0.359 0.416 0.246 -0.061 -0.398 -0.904
7.75 794.33 -1.130 -0.825 -0.237 0.111 -0.075 0.001 0.177 0.016 -0.277 -0.893 -1.386
7.75 1000.00 -1.776 -1.441 -0.798 -0.421 -0.596 -0.408 -0.082 -0.233 -0.513 -1.474 -1.947
8.00 1.00 2.347 2.549 2.947 3.205 3.048 2.760 2.444 2.138 1.628 2.365 1.945
8.00 1.26 2.347 2.549 2.947 3.205 3.048 2.760 2.444 2.139 1.629 2.365 1.945
8.00 1.58 2.347 2.549 2.946 3.205 3.048 2.760 2.444 2.139 1.631 2.365 1.945
8.00 2.00 2.347 2.549 2.946 3.205 3.048 2.760 2.444 2.140 1.633 2.365 1.945
8.00 2.51 2.346 2.549 2.946 3.204 3.048 2.760 2.444 2.141 1.635 2.365 1.945
8.00 3.16 2.346 2.549 2.946 3.204 3.047 2.760 2.444 2.142 1.637 2.365 1.945
8.00 3.98 2.346 2.548 2.946 3.204 3.047 2.759 2.444 2.143 1.640 2.365 1.945
8.00 5.01 2.345 2.548 2.945 3.204 3.046 2.759 2.443 2.144 1.644 2.364 1.944
8.00 6.31 2.345 2.547 2.945 3.203 3.046 2.758 2.442 2.145 1.648 2.363 1.943
8.00 7.94 2.343 2.546 2.943 3.202 3.044 2.756 2.441 2.146 1.652 2.362 1.942
8.00 10.00 2.341 2.544 2.942 3.200 3.042 2.754 2.439 2.147 1.657 2.360 1.939
8.00 12.59 2.338 2.541 2.939 3.198 3.038 2.751 2.436 2.147 1.662 2.357 1.936
8.00 15.85 2.333 2.536 2.934 3.194 3.032 2.745 2.431 2.146 1.666 2.352 1.930
8.00 19.95 2.325 2.528 2.927 3.187 3.023 2.737 2.423 2.142 1.669 2.345 1.922
8.00 25.12 2.312 2.516 2.916 3.177 3.009 2.724 2.411 2.135 1.669 2.333 1.908
8.00 31.62 2.293 2.497 2.898 3.162 2.988 2.704 2.392 2.122 1.664 2.315 1.888
8.00 39.81 2.263 2.469 2.872 3.138 2.956 2.674 2.365 2.101 1.651 2.288 1.856
8.00 50.12 2.220 2.427 2.832 3.102 2.910 2.630 2.324 2.067 1.627 2.247 1.810
8.00 63.10 2.151 2.359 2.767 3.038 2.844 2.568 2.268 2.018 1.588 2.180 1.741
8.00 79.43 2.055 2.265 2.675 2.948 2.755 2.485 2.193 1.950 1.530 2.088 1.645
8.00 100.00 1.930 2.142 2.557 2.832 2.639 2.377 2.096 1.862 1.453 1.968 1.521
8.00 125.89 1.773 1.989 2.409 2.687 2.495 2.245 1.979 1.753 1.356 1.817 1.366
8.00 158.49 1.583 1.803 2.230 2.512 2.322 2.087 1.842 1.625 1.240 1.637 1.181
8.00 199.53 1.359 1.585 2.022 2.309 2.121 1.907 1.688 1.480 1.107 1.424 0.965
8.00 251.19 1.099 1.332 1.783 2.077 1.891 1.703 1.520 1.321 0.961 1.180 0.718
8.00 316.23 0.800 1.042 1.510 1.812 1.630 1.476 1.339 1.149 0.802 0.901 0.437
8.00 398.11 0.456 0.710 1.199 1.513 1.334 1.224 1.145 0.965 0.631 0.582 0.119
8.00 501.19 0.057 0.327 0.843 1.171 0.998 0.944 0.939 0.768 0.447 0.216 -0.242
8.00 630.96 -0.406 -0.117 0.434 0.780 0.613 0.629 0.718 0.557 0.250 -0.206 -0.657
8.00 794.33 -0.950 -0.637 -0.042 0.327 0.168 0.274 0.481 0.329 0.036 -0.698 -1.135
8.00 1000.00 -1.594 -1.250 -0.600 -0.203 -0.351 -0.133 0.224 0.082 -0.198 -1.276 -1.695
