AtkinsonMacias2009 as implemented in OpenQuake, distance is rrup. Log10 hazard values in cgs units
          14 31 25 : nmag, ndist, nperiod
          10.000 7.692 6.250 5.000 4.000 3.125 2.500 2.000 1.587 1.266 1.000 0.794 0.633 0.500 0.400 0.316 0.250 0.200 0.159 0.125 0.100 0.079 0.063 0.050 PGA PGV
          0.875 0.806 0.783 0.737 0.691 0.691 0.691 0.691 0.668 0.668 0.668 0.645 0.645 0.622 0.622 0.622 0.622 0.622 0.622 0.622 0.622 0.622 0.599 0.599 0.553 0.599
4.75 1.00 -0.390 0.114 0.392 0.935 1.317 1.739 1.952 2.121 2.332 2.307 2.636 2.585 2.459 2.689 2.699 2.766 2.768 3.093 2.994 2.926 3.200 3.270 3.253 3.296 3.659 2.373
4.75 1.26 -0.391 0.112 0.390 0.934 1.315 1.737 1.951 2.119 2.330 2.306 2.635 2.584 2.458 2.688 2.699 2.765 2.767 3.092 2.992 2.924 3.197 3.267 3.249 3.293 3.656 2.370
4.75 1.58 -0.394 0.110 0.387 0.931 1.312 1.735 1.948 2.116 2.328 2.304 2.633 2.583 2.457 2.687 2.697 2.764 2.765 3.090 2.990 2.920 3.193 3.262 3.244 3.287 3.652 2.365
4.75 2.00 -0.398 0.106 0.383 0.927 1.308 1.730 1.944 2.112 2.325 2.302 2.631 2.581 2.455 2.685 2.696 2.762 2.763 3.087 2.986 2.915 3.187 3.254 3.235 3.278 3.644 2.357
4.75 2.51 -0.405 0.099 0.377 0.921 1.302 1.724 1.937 2.106 2.319 2.298 2.627 2.578 2.453 2.683 2.693 2.759 2.760 3.082 2.980 2.907 3.177 3.243 3.222 3.264 3.634 2.345
4.75 3.16 -0.414 0.089 0.368 0.912 1.293 1.714 1.928 2.097 2.312 2.292 2.622 2.574 2.449 2.679 2.689 2.755 2.755 3.075 2.971 2.896 3.162 3.226 3.202 3.244 3.617 2.327
4.75 3.98 -0.428 0.075 0.355 0.899 1.279 1.700 1.914 2.084 2.300 2.284 2.614 2.568 2.444 2.673 2.683 2.748 2.747 3.064 2.959 2.879 3.141 3.201 3.174 3.215 3.594 2.300
4.75 5.01 -0.447 0.056 0.336 0.880 1.260 1.681 1.894 2.066 2.284 2.272 2.603 2.560 2.437 2.664 2.674 2.739 2.737 3.049 2.941 2.855 3.111 3.166 3.134 3.173 3.561 2.263
4.75 6.31 -0.473 0.029 0.311 0.856 1.235 1.654 1.868 2.041 2.263 2.256 2.588 2.548 2.426 2.653 2.662 2.727 2.722 3.028 2.916 2.823 3.070 3.118 3.081 3.118 3.516 2.213
4.75 7.94 -0.507 -0.005 0.279 0.824 1.202 1.620 1.835 2.009 2.235 2.235 2.569 2.533 2.413 2.638 2.647 2.711 2.703 3.002 2.885 2.782 3.019 3.058 3.012 3.047 3.459 2.150
4.75 10.00 -0.547 -0.046 0.240 0.785 1.163 1.579 1.794 1.970 2.201 2.210 2.546 2.515 2.397 2.619 2.628 2.691 2.680 2.969 2.846 2.731 2.956 2.985 2.929 2.961 3.390 2.072
4.75 12.59 -0.593 -0.093 0.195 0.741 1.117 1.531 1.747 1.925 2.162 2.180 2.518 2.493 2.377 2.596 2.605 2.666 2.652 2.931 2.801 2.672 2.882 2.900 2.833 2.861 3.310 1.983
4.75 15.85 -0.645 -0.145 0.145 0.691 1.066 1.478 1.694 1.874 2.118 2.146 2.487 2.467 2.354 2.570 2.578 2.638 2.620 2.886 2.749 2.606 2.800 2.805 2.726 2.751 3.221 1.884
4.75 19.95 -0.700 -0.201 0.091 0.638 1.011 1.421 1.637 1.820 2.070 2.109 2.452 2.438 2.327 2.540 2.548 2.605 2.582 2.837 2.692 2.533 2.710 2.702 2.611 2.632 3.125 1.777
4.75 25.12 -0.758 -0.260 0.034 0.581 0.953 1.361 1.577 1.761 2.019 2.068 2.413 2.406 2.297 2.506 2.513 2.568 2.540 2.782 2.629 2.454 2.614 2.592 2.489 2.506 3.023 1.664
4.75 31.62 -0.817 -0.321 -0.025 0.523 0.893 1.297 1.514 1.700 1.964 2.024 2.371 2.370 2.262 2.468 2.473 2.525 2.493 2.721 2.559 2.369 2.513 2.477 2.362 2.375 2.917 1.547
4.75 39.81 -0.878 -0.383 -0.085 0.462 0.831 1.232 1.448 1.636 1.906 1.977 2.325 2.328 2.222 2.424 2.427 2.476 2.438 2.654 2.484 2.277 2.405 2.357 2.230 2.240 2.806 1.426
4.75 50.12 -0.940 -0.446 -0.146 0.400 0.766 1.164 1.381 1.569 1.845 1.925 2.274 2.282 2.176 2.373 2.373 2.419 2.376 2.579 2.400 2.179 2.291 2.231 2.093 2.100 2.692 1.301
4.75 63.10 -1.002 -0.510 -0.209 0.336 0.700 1.094 1.310 1.499 1.780 1.867 2.217 2.228 2.122 2.313 2.310 2.352 2.303 2.494 2.306 2.072 2.170 2.099 1.952 1.957 2.573 1.172
4.75 79.43 -1.065 -0.574 -0.273 0.271 0.633 1.022 1.238 1.426 1.711 1.804 2.153 2.165 2.058 2.243 2.236 2.273 2.217 2.396 2.201 1.954 2.040 1.960 1.806 1.809 2.449 1.039
4.75 100.00 -1.128 -0.638 -0.338 0.204 0.563 0.948 1.162 1.348 1.636 1.733 2.081 2.091 1.982 2.160 2.148 2.178 2.116 2.284 2.081 1.824 1.899 1.812 1.653 1.655 2.320 0.901
4.75 125.89 -1.190 -0.703 -0.404 0.134 0.490 0.870 1.082 1.265 1.554 1.652 1.997 2.005 1.891 2.062 2.043 2.065 1.996 2.155 1.944 1.678 1.746 1.655 1.494 1.497 2.184 0.759
4.75 158.49 -1.253 -0.768 -0.473 0.062 0.414 0.788 0.997 1.175 1.464 1.560 1.902 1.903 1.783 1.945 1.917 1.929 1.853 2.004 1.786 1.516 1.579 1.487 1.327 1.332 2.041 0.611
4.75 199.53 -1.316 -0.833 -0.543 -0.014 0.335 0.701 0.907 1.078 1.365 1.456 1.792 1.783 1.654 1.806 1.767 1.768 1.684 1.828 1.604 1.332 1.396 1.307 1.153 1.162 1.891 0.459
4.75 251.19 -1.379 -0.899 -0.616 -0.094 0.250 0.607 0.810 0.971 1.254 1.335 1.664 1.642 1.502 1.641 1.590 1.577 1.484 1.624 1.394 1.126 1.195 1.113 0.971 0.986 1.733 0.301
4.75 316.23 -1.443 -0.965 -0.692 -0.179 0.159 0.506 0.704 0.853 1.130 1.197 1.517 1.475 1.321 1.445 1.379 1.349 1.247 1.386 1.151 0.892 0.973 0.906 0.782 0.806 1.566 0.140
4.75 398.11 -1.506 -1.031 -0.772 -0.272 0.060 0.395 0.587 0.721 0.990 1.036 1.345 1.279 1.107 1.214 1.129 1.078 0.966 1.108 0.870 0.626 0.728 0.682 0.585 0.622 1.391 -0.025
4.75 501.19 -1.569 -1.099 -0.857 -0.372 -0.048 0.273 0.457 0.571 0.829 0.848 1.144 1.046 0.852 0.937 0.831 0.755 0.632 0.781 0.542 0.322 0.455 0.440 0.381 0.436 1.206 -0.193
4.75 630.96 -1.632 -1.167 -0.949 -0.484 -0.169 0.134 0.310 0.400 0.645 0.628 0.908 0.769 0.547 0.607 0.474 0.368 0.233 0.395 0.156 -0.027 0.149 0.177 0.169 0.247 1.010 -0.362
4.75 794.33 -1.695 -1.236 -1.048 -0.608 -0.305 -0.023 0.141 0.200 0.429 0.366 0.627 0.438 0.180 0.210 0.044 -0.099 -0.247 -0.064 -0.300 -0.434 -0.198 -0.112 -0.053 0.056 0.802 -0.533
4.75 1000.00 -1.758 -1.306 -1.158 -0.750 -0.461 -0.204 -0.054 -0.033 0.176 0.054 0.292 0.038 -0.264 -0.271 -0.476 -0.664 -0.827 -0.615 -0.843 -0.910 -0.594 -0.432 -0.285 -0.135 0.578 -0.705
5.00 1.00 -0.065 0.409 0.673 1.168 1.524 1.914 2.116 2.275 2.451 2.411 2.701 2.649 2.544 2.757 2.771 2.838 2.849 3.162 3.096 3.076 3.355 3.447 3.461 3.504 3.730 2.560
5.00 1.26 -0.068 0.405 0.670 1.165 1.522 1.911 2.113 2.272 2.448 2.409 2.700 2.648 2.543 2.756 2.770 2.836 2.848 3.160 3.093 3.073 3.351 3.442 3.455 3.498 3.724 2.554
5.00 1.58 -0.072 0.401 0.665 1.161 1.517 1.906 2.109 2.267 2.445 2.406 2.697 2.646 2.541 2.754 2.768 2.834 2.845 3.157 3.089 3.067 3.344 3.433 3.446 3.488 3.717 2.545
5.00 2.00 -0.079 0.394 0.659 1.154 1.510 1.899 2.102 2.261 2.439 2.402 2.693 2.643 2.538 2.751 2.765 2.831 2.842 3.151 3.083 3.059 3.333 3.421 3.432 3.473 3.705 2.532
5.00 2.51 -0.090 0.383 0.649 1.144 1.500 1.889 2.091 2.251 2.430 2.396 2.687 2.639 2.535 2.746 2.761 2.826 2.836 3.143 3.073 3.046 3.317 3.402 3.410 3.451 3.687 2.512
5.00 3.16 -0.105 0.368 0.634 1.130 1.485 1.873 2.076 2.237 2.418 2.387 2.679 2.632 2.529 2.740 2.754 2.820 2.828 3.132 3.060 3.028 3.294 3.375 3.379 3.419 3.661 2.483
5.00 3.98 -0.126 0.347 0.614 1.110 1.465 1.852 2.055 2.217 2.401 2.374 2.668 2.623 2.521 2.731 2.745 2.810 2.817 3.116 3.041 3.003 3.262 3.337 3.337 3.374 3.626 2.443
5.00 5.01 -0.153 0.318 0.587 1.084 1.438 1.824 2.028 2.190 2.378 2.357 2.652 2.612 2.511 2.720 2.734 2.798 2.803 3.095 3.015 2.969 3.219 3.287 3.280 3.315 3.579 2.390
5.00 6.31 -0.188 0.283 0.554 1.051 1.404 1.789 1.993 2.157 2.350 2.336 2.632 2.596 2.497 2.704 2.718 2.781 2.784 3.068 2.983 2.926 3.165 3.224 3.208 3.241 3.519 2.324
5.00 7.94 -0.230 0.240 0.513 1.011 1.363 1.746 1.951 2.117 2.315 2.310 2.609 2.578 2.481 2.686 2.699 2.762 2.760 3.035 2.944 2.874 3.100 3.148 3.122 3.151 3.447 2.243
5.00 10.00 -0.278 0.192 0.467 0.965 1.316 1.698 1.902 2.071 2.275 2.280 2.581 2.556 2.462 2.664 2.677 2.738 2.733 2.996 2.898 2.815 3.025 3.061 3.023 3.049 3.366 2.152
5.00 12.59 -0.330 0.138 0.416 0.915 1.265 1.644 1.849 2.020 2.231 2.247 2.550 2.531 2.439 2.639 2.651 2.711 2.702 2.953 2.847 2.748 2.943 2.965 2.915 2.937 3.275 2.051
5.00 15.85 -0.386 0.082 0.362 0.861 1.210 1.586 1.792 1.965 2.183 2.210 2.515 2.504 2.414 2.610 2.622 2.680 2.666 2.905 2.791 2.676 2.853 2.862 2.798 2.816 3.178 1.943
5.00 19.95 -0.445 0.022 0.305 0.804 1.152 1.526 1.732 1.908 2.132 2.171 2.478 2.473 2.386 2.578 2.589 2.645 2.627 2.852 2.730 2.598 2.758 2.753 2.676 2.690 3.076 1.830
5.00 25.12 -0.505 -0.039 0.246 0.746 1.091 1.463 1.669 1.847 2.079 2.129 2.438 2.439 2.354 2.543 2.553 2.606 2.582 2.794 2.664 2.516 2.658 2.638 2.549 2.559 2.970 1.712
5.00 31.62 -0.566 -0.101 0.186 0.686 1.030 1.398 1.605 1.784 2.023 2.083 2.394 2.401 2.317 2.502 2.511 2.561 2.533 2.731 2.592 2.428 2.553 2.520 2.418 2.424 2.861 1.591
5.00 39.81 -0.628 -0.164 0.125 0.624 0.966 1.332 1.538 1.719 1.964 2.034 2.347 2.358 2.276 2.456 2.463 2.510 2.476 2.662 2.513 2.334 2.442 2.396 2.282 2.285 2.747 1.467
5.00 50.12 -0.690 -0.228 0.063 0.562 0.902 1.263 1.470 1.651 1.901 1.981 2.294 2.310 2.228 2.404 2.407 2.451 2.411 2.584 2.427 2.232 2.325 2.267 2.143 2.143 2.630 1.339
5.00 63.10 -0.752 -0.292 -0.000 0.498 0.835 1.193 1.399 1.581 1.835 1.922 2.236 2.254 2.172 2.342 2.342 2.381 2.335 2.496 2.330 2.122 2.201 2.132 1.999 1.997 2.509 1.207
5.00 79.43 -0.815 -0.356 -0.064 0.432 0.767 1.121 1.326 1.507 1.765 1.857 2.170 2.189 2.105 2.269 2.265 2.298 2.246 2.395 2.222 2.001 2.068 1.990 1.849 1.845 2.383 1.072
5.00 100.00 -0.878 -0.421 -0.129 0.365 0.697 1.046 1.249 1.428 1.688 1.784 2.095 2.113 2.026 2.183 2.173 2.200 2.141 2.280 2.098 1.867 1.924 1.839 1.694 1.689 2.251 0.931
5.00 125.89 -0.941 -0.486 -0.196 0.295 0.624 0.968 1.169 1.344 1.605 1.702 2.010 2.024 1.932 2.082 2.064 2.083 2.017 2.146 1.957 1.718 1.767 1.678 1.531 1.527 2.112 0.786
5.00 158.49 -1.004 -0.551 -0.264 0.223 0.549 0.886 1.085 1.254 1.514 1.608 1.912 1.919 1.821 1.962 1.935 1.945 1.871 1.991 1.795 1.551 1.596 1.507 1.361 1.359 1.967 0.636
5.00 199.53 -1.067 -0.616 -0.335 0.147 0.469 0.798 0.994 1.157 1.414 1.502 1.800 1.796 1.690 1.820 1.783 1.780 1.698 1.812 1.610 1.365 1.410 1.323 1.184 1.186 1.814 0.480
5.00 251.19 -1.130 -0.681 -0.407 0.067 0.384 0.705 0.897 1.050 1.303 1.380 1.671 1.653 1.535 1.652 1.602 1.586 1.495 1.605 1.397 1.155 1.206 1.127 1.000 1.008 1.654 0.320
5.00 316.23 -1.193 -0.748 -0.483 -0.019 0.293 0.604 0.791 0.932 1.178 1.240 1.522 1.485 1.352 1.455 1.389 1.356 1.256 1.364 1.152 0.919 0.982 0.918 0.808 0.826 1.486 0.157
5.00 398.11 -1.257 -0.814 -0.564 -0.111 0.194 0.493 0.674 0.799 1.037 1.079 1.349 1.287 1.137 1.221 1.137 1.083 0.973 1.084 0.868 0.651 0.735 0.692 0.610 0.640 1.309 -0.009
5.00 501.19 -1.320 -0.881 -0.649 -0.211 0.086 0.370 0.543 0.649 0.876 0.891 1.148 1.053 0.880 0.944 0.838 0.759 0.638 0.756 0.539 0.346 0.460 0.449 0.404 0.452 1.123 -0.178
5.00 630.96 -1.383 -0.949 -0.740 -0.323 -0.035 0.232 0.396 0.477 0.691 0.670 0.910 0.776 0.574 0.613 0.480 0.371 0.238 0.369 0.152 -0.004 0.153 0.185 0.191 0.263 0.927 -0.348
5.00 794.33 -1.446 -1.018 -0.840 -0.448 -0.171 0.075 0.227 0.278 0.476 0.408 0.630 0.444 0.207 0.215 0.050 -0.097 -0.242 -0.091 -0.304 -0.411 -0.194 -0.104 -0.031 0.071 0.718 -0.519
5.00 1000.00 -1.509 -1.089 -0.950 -0.589 -0.327 -0.107 0.032 0.044 0.222 0.095 0.294 0.044 -0.237 -0.266 -0.471 -0.663 -0.823 -0.641 -0.848 -0.888 -0.591 -0.425 -0.263 -0.121 0.494 -0.692
5.25 1.00 0.288 0.733 0.981 1.430 1.764 2.124 2.316 2.462 2.599 2.536 2.788 2.728 2.639 2.838 2.856 2.923 2.947 3.258 3.229 3.268 3.565 3.689 3.744 3.789 3.870 2.815
5.25 1.26 0.281 0.726 0.975 1.424 1.758 2.117 2.309 2.455 2.594 2.532 2.784 2.726 2.637 2.836 2.853 2.920 2.944 3.253 3.223 3.260 3.555 3.677 3.730 3.775 3.858 2.803
5.25 1.58 0.271 0.716 0.965 1.415 1.748 2.107 2.299 2.446 2.586 2.526 2.779 2.722 2.633 2.832 2.849 2.916 2.939 3.246 3.214 3.248 3.540 3.659 3.710 3.753 3.841 2.783
5.25 2.00 0.257 0.701 0.951 1.401 1.734 2.093 2.285 2.432 2.574 2.517 2.771 2.716 2.628 2.826 2.844 2.909 2.931 3.235 3.201 3.231 3.518 3.633 3.680 3.723 3.817 2.756
5.25 2.51 0.236 0.680 0.932 1.382 1.714 2.072 2.264 2.413 2.558 2.505 2.760 2.707 2.621 2.818 2.835 2.901 2.921 3.220 3.183 3.206 3.487 3.597 3.639 3.680 3.782 2.717
5.25 3.16 0.209 0.653 0.906 1.356 1.688 2.045 2.238 2.388 2.536 2.489 2.745 2.696 2.611 2.807 2.824 2.889 2.907 3.200 3.159 3.174 3.446 3.548 3.583 3.622 3.737 2.666
5.25 3.98 0.175 0.618 0.873 1.324 1.655 2.011 2.204 2.355 2.508 2.469 2.726 2.682 2.599 2.793 2.810 2.874 2.890 3.174 3.128 3.133 3.393 3.487 3.513 3.549 3.678 2.600
5.25 5.01 0.134 0.576 0.833 1.285 1.615 1.969 2.162 2.316 2.474 2.444 2.704 2.665 2.584 2.775 2.793 2.856 2.868 3.143 3.091 3.083 3.330 3.413 3.429 3.462 3.608 2.522
5.25 6.31 0.087 0.528 0.788 1.240 1.569 1.922 2.115 2.271 2.436 2.416 2.677 2.645 2.566 2.755 2.772 2.834 2.843 3.107 3.048 3.026 3.258 3.328 3.332 3.361 3.528 2.432
5.25 7.94 0.035 0.475 0.738 1.190 1.518 1.869 2.063 2.222 2.393 2.384 2.648 2.622 2.546 2.732 2.749 2.810 2.814 3.066 2.999 2.962 3.177 3.233 3.225 3.250 3.439 2.332
5.25 10.00 -0.021 0.419 0.684 1.137 1.464 1.812 2.007 2.168 2.346 2.349 2.616 2.597 2.524 2.707 2.723 2.783 2.783 3.022 2.947 2.892 3.090 3.132 3.110 3.131 3.344 2.225
5.25 12.59 -0.079 0.360 0.628 1.081 1.407 1.753 1.948 2.112 2.297 2.312 2.581 2.569 2.499 2.679 2.695 2.753 2.748 2.973 2.890 2.818 2.998 3.025 2.990 3.006 3.243 2.113
5.25 15.85 -0.139 0.299 0.570 1.024 1.347 1.691 1.887 2.053 2.246 2.273 2.544 2.539 2.472 2.649 2.664 2.719 2.710 2.922 2.829 2.741 2.902 2.914 2.865 2.877 3.139 1.997
5.25 19.95 -0.200 0.237 0.510 0.965 1.287 1.628 1.824 1.993 2.193 2.231 2.505 2.507 2.442 2.615 2.629 2.683 2.668 2.866 2.765 2.659 2.802 2.800 2.736 2.744 3.032 1.878
5.25 25.12 -0.262 0.174 0.450 0.905 1.225 1.563 1.759 1.931 2.138 2.188 2.464 2.472 2.408 2.578 2.591 2.642 2.622 2.807 2.696 2.573 2.698 2.682 2.605 2.609 2.923 1.756
5.25 31.62 -0.324 0.110 0.388 0.843 1.162 1.497 1.694 1.867 2.080 2.141 2.419 2.432 2.371 2.536 2.547 2.596 2.571 2.741 2.622 2.483 2.590 2.560 2.470 2.470 2.810 1.632
5.25 39.81 -0.386 0.046 0.327 0.781 1.098 1.430 1.626 1.801 2.020 2.091 2.370 2.388 2.328 2.489 2.498 2.543 2.512 2.670 2.542 2.386 2.477 2.434 2.332 2.329 2.695 1.505
5.25 50.12 -0.449 -0.018 0.264 0.718 1.033 1.361 1.557 1.732 1.957 2.036 2.316 2.338 2.278 2.434 2.440 2.481 2.445 2.589 2.453 2.282 2.358 2.302 2.190 2.184 2.575 1.375
5.25 63.10 -0.512 -0.082 0.201 0.654 0.966 1.291 1.486 1.661 1.890 1.976 2.256 2.280 2.219 2.370 2.372 2.408 2.366 2.498 2.353 2.169 2.231 2.164 2.043 2.034 2.452 1.242
5.25 79.43 -0.575 -0.147 0.136 0.588 0.898 1.218 1.413 1.586 1.818 1.909 2.188 2.213 2.150 2.295 2.292 2.323 2.274 2.395 2.242 2.045 2.094 2.019 1.891 1.880 2.323 1.103
5.25 100.00 -0.638 -0.211 0.071 0.520 0.828 1.143 1.336 1.507 1.741 1.835 2.111 2.135 2.069 2.206 2.198 2.222 2.166 2.276 2.115 1.908 1.947 1.865 1.732 1.721 2.189 0.960
5.25 125.89 -0.701 -0.276 0.004 0.451 0.755 1.064 1.256 1.423 1.657 1.751 2.024 2.043 1.972 2.102 2.086 2.102 2.039 2.139 1.970 1.756 1.787 1.701 1.567 1.556 2.048 0.812
5.25 158.49 -0.764 -0.341 -0.064 0.378 0.679 0.982 1.171 1.333 1.565 1.656 1.925 1.936 1.859 1.979 1.954 1.960 1.889 1.981 1.805 1.586 1.613 1.527 1.394 1.386 1.900 0.659
5.25 199.53 -0.827 -0.406 -0.134 0.302 0.599 0.895 1.080 1.235 1.464 1.548 1.811 1.812 1.725 1.835 1.799 1.793 1.714 1.799 1.617 1.397 1.424 1.341 1.215 1.210 1.746 0.502
5.25 251.19 -0.890 -0.472 -0.207 0.222 0.514 0.801 0.982 1.127 1.352 1.426 1.680 1.666 1.569 1.665 1.616 1.596 1.508 1.589 1.402 1.185 1.218 1.143 1.028 1.030 1.584 0.340
5.25 316.23 -0.954 -0.538 -0.283 0.137 0.423 0.700 0.876 1.009 1.226 1.285 1.530 1.497 1.384 1.466 1.402 1.364 1.267 1.347 1.154 0.946 0.992 0.931 0.835 0.846 1.414 0.176
5.25 398.11 -1.017 -0.605 -0.363 0.045 0.325 0.589 0.759 0.876 1.085 1.123 1.357 1.298 1.167 1.232 1.148 1.090 0.983 1.065 0.870 0.678 0.744 0.704 0.636 0.660 1.237 0.008
5.25 501.19 -1.080 -0.672 -0.449 -0.056 0.216 0.467 0.629 0.726 0.924 0.934 1.154 1.064 0.910 0.954 0.848 0.765 0.646 0.736 0.539 0.372 0.468 0.460 0.429 0.471 1.050 -0.161
5.25 630.96 -1.143 -0.740 -0.540 -0.167 0.096 0.328 0.481 0.554 0.739 0.713 0.917 0.786 0.604 0.622 0.489 0.376 0.245 0.348 0.152 0.020 0.161 0.196 0.215 0.280 0.853 -0.332
5.25 794.33 -1.206 -0.809 -0.640 -0.292 -0.041 0.171 0.313 0.355 0.523 0.451 0.636 0.453 0.236 0.224 0.059 -0.092 -0.235 -0.112 -0.305 -0.387 -0.187 -0.094 -0.007 0.089 0.644 -0.504
5.25 1000.00 -1.269 -0.879 -0.750 -0.434 -0.196 -0.011 0.118 0.121 0.270 0.138 0.300 0.053 -0.208 -0.258 -0.462 -0.659 -0.816 -0.663 -0.850 -0.865 -0.585 -0.415 -0.240 -0.104 0.420 -0.676
5.50 1.00 0.713 1.131 1.360 1.764 2.079 2.414 2.594 2.723 2.813 2.707 2.918 2.839 2.759 2.949 2.970 3.038 3.081 3.413 3.431 3.552 3.897 4.075 4.190 4.246 4.155 3.225
5.50 1.26 0.687 1.105 1.335 1.740 2.054 2.389 2.569 2.699 2.792 2.692 2.905 2.829 2.750 2.939 2.960 3.028 3.069 3.394 3.409 3.522 3.858 4.029 4.138 4.191 4.111 3.176
5.50 1.58 0.654 1.072 1.304 1.709 2.022 2.356 2.536 2.668 2.766 2.673 2.887 2.816 2.739 2.927 2.947 3.014 3.052 3.370 3.380 3.483 3.808 3.970 4.070 4.121 4.055 3.113
5.50 2.00 0.614 1.031 1.265 1.671 1.983 2.315 2.496 2.631 2.733 2.649 2.866 2.800 2.726 2.911 2.932 2.998 3.033 3.341 3.345 3.435 3.747 3.898 3.989 4.036 3.987 3.037
5.50 2.51 0.568 0.984 1.221 1.627 1.938 2.269 2.450 2.587 2.696 2.622 2.841 2.781 2.710 2.893 2.914 2.979 3.010 3.307 3.304 3.380 3.677 3.816 3.894 3.937 3.909 2.948
5.50 3.16 0.516 0.932 1.172 1.579 1.889 2.218 2.400 2.539 2.655 2.592 2.813 2.761 2.692 2.873 2.893 2.957 2.985 3.270 3.259 3.319 3.599 3.724 3.789 3.828 3.822 2.851
5.50 3.98 0.461 0.876 1.119 1.527 1.835 2.162 2.345 2.487 2.610 2.559 2.783 2.738 2.672 2.850 2.871 2.934 2.957 3.229 3.210 3.253 3.515 3.625 3.677 3.711 3.729 2.746
5.50 5.01 0.404 0.817 1.063 1.472 1.779 2.104 2.287 2.432 2.563 2.525 2.752 2.714 2.652 2.827 2.847 2.908 2.927 3.185 3.158 3.184 3.427 3.521 3.558 3.588 3.630 2.635
5.50 6.31 0.344 0.757 1.006 1.415 1.721 2.044 2.228 2.376 2.514 2.489 2.719 2.689 2.629 2.802 2.822 2.882 2.896 3.140 3.103 3.111 3.335 3.414 3.436 3.461 3.529 2.521
5.50 7.94 0.283 0.695 0.947 1.357 1.662 1.982 2.166 2.318 2.464 2.452 2.684 2.663 2.606 2.775 2.795 2.853 2.862 3.092 3.047 3.036 3.241 3.304 3.310 3.331 3.425 2.404
5.50 10.00 0.221 0.632 0.887 1.298 1.602 1.919 2.104 2.259 2.413 2.413 2.649 2.635 2.581 2.747 2.766 2.823 2.827 3.043 2.988 2.960 3.144 3.191 3.183 3.199 3.319 2.286
5.50 12.59 0.159 0.569 0.827 1.239 1.540 1.856 2.041 2.198 2.361 2.374 2.612 2.605 2.555 2.717 2.736 2.791 2.790 2.991 2.928 2.881 3.046 3.077 3.054 3.065 3.211 2.166
5.50 15.85 0.097 0.505 0.766 1.179 1.479 1.791 1.977 2.137 2.307 2.333 2.573 2.574 2.526 2.685 2.703 2.756 2.750 2.937 2.864 2.799 2.945 2.961 2.923 2.929 3.102 2.044
5.50 19.95 0.034 0.441 0.705 1.118 1.416 1.726 1.913 2.075 2.252 2.290 2.533 2.541 2.495 2.650 2.667 2.718 2.707 2.880 2.798 2.715 2.842 2.842 2.791 2.793 2.992 1.922
5.50 25.12 -0.029 0.377 0.644 1.057 1.354 1.661 1.847 2.012 2.196 2.245 2.490 2.504 2.461 2.612 2.627 2.676 2.660 2.818 2.727 2.627 2.736 2.721 2.656 2.654 2.880 1.797
5.50 31.62 -0.092 0.313 0.582 0.995 1.290 1.594 1.781 1.947 2.137 2.197 2.444 2.464 2.422 2.569 2.582 2.628 2.606 2.751 2.651 2.534 2.625 2.597 2.519 2.513 2.765 1.671
5.50 39.81 -0.155 0.249 0.520 0.932 1.225 1.526 1.713 1.880 2.076 2.146 2.394 2.418 2.377 2.520 2.531 2.573 2.546 2.678 2.568 2.436 2.510 2.469 2.379 2.369 2.648 1.542
5.50 50.12 -0.218 0.184 0.457 0.869 1.160 1.457 1.643 1.811 2.012 2.090 2.338 2.366 2.326 2.463 2.471 2.510 2.476 2.595 2.477 2.330 2.388 2.335 2.235 2.222 2.527 1.410
5.50 63.10 -0.281 0.120 0.393 0.804 1.093 1.386 1.572 1.739 1.945 2.029 2.277 2.307 2.265 2.397 2.402 2.435 2.396 2.502 2.375 2.214 2.259 2.195 2.086 2.071 2.402 1.274
5.50 79.43 -0.344 0.055 0.329 0.738 1.025 1.314 1.498 1.664 1.872 1.961 2.208 2.238 2.194 2.320 2.319 2.347 2.301 2.395 2.261 2.087 2.120 2.047 1.931 1.914 2.271 1.134
5.50 100.00 -0.407 -0.009 0.263 0.671 0.954 1.238 1.421 1.585 1.794 1.886 2.130 2.157 2.111 2.229 2.222 2.243 2.190 2.274 2.131 1.947 1.970 1.891 1.770 1.753 2.135 0.989
5.50 125.89 -0.470 -0.074 0.197 0.601 0.882 1.160 1.341 1.500 1.709 1.800 2.041 2.064 2.012 2.123 2.108 2.120 2.060 2.134 1.984 1.792 1.807 1.724 1.602 1.585 1.992 0.838
5.50 158.49 -0.534 -0.139 0.128 0.528 0.806 1.077 1.256 1.410 1.616 1.704 1.940 1.955 1.896 1.998 1.974 1.976 1.908 1.973 1.816 1.620 1.631 1.547 1.427 1.412 1.843 0.684
5.50 199.53 -0.597 -0.205 0.058 0.453 0.726 0.990 1.165 1.311 1.515 1.596 1.825 1.829 1.761 1.852 1.816 1.807 1.730 1.789 1.625 1.428 1.440 1.359 1.245 1.235 1.686 0.524
5.50 251.19 -0.660 -0.270 -0.015 0.373 0.641 0.897 1.067 1.204 1.402 1.472 1.693 1.683 1.603 1.681 1.632 1.608 1.522 1.578 1.408 1.214 1.232 1.160 1.058 1.053 1.523 0.361
5.50 316.23 -0.723 -0.337 -0.091 0.287 0.550 0.795 0.961 1.085 1.276 1.331 1.542 1.512 1.417 1.481 1.416 1.375 1.280 1.334 1.160 0.975 1.005 0.947 0.863 0.868 1.353 0.195
5.50 398.11 -0.786 -0.403 -0.171 0.195 0.451 0.685 0.844 0.952 1.134 1.168 1.368 1.312 1.199 1.245 1.162 1.100 0.994 1.051 0.874 0.705 0.755 0.719 0.663 0.681 1.174 0.027
5.50 501.19 -0.849 -0.470 -0.256 0.094 0.343 0.562 0.713 0.802 0.973 0.979 1.165 1.078 0.942 0.966 0.860 0.774 0.657 0.721 0.542 0.398 0.479 0.474 0.456 0.491 0.987 -0.143
5.50 630.96 -0.912 -0.538 -0.348 -0.017 0.222 0.423 0.566 0.630 0.788 0.757 0.927 0.799 0.635 0.634 0.501 0.384 0.256 0.332 0.154 0.046 0.171 0.209 0.241 0.300 0.790 -0.314
5.50 794.33 -0.975 -0.607 -0.448 -0.142 0.086 0.266 0.397 0.430 0.572 0.495 0.646 0.466 0.267 0.235 0.070 -0.084 -0.225 -0.128 -0.303 -0.362 -0.177 -0.081 0.019 0.109 0.580 -0.486
5.50 1000.00 -1.038 -0.678 -0.557 -0.283 -0.070 0.084 0.202 0.197 0.318 0.182 0.310 0.066 -0.177 -0.246 -0.451 -0.651 -0.806 -0.680 -0.848 -0.840 -0.575 -0.402 -0.214 -0.084 0.356 -0.659
5.75 1.00 1.023 1.416 1.630 1.993 2.287 2.598 2.767 2.884 2.941 2.815 2.993 2.908 2.841 3.018 3.041 3.109 3.161 3.490 3.539 3.708 4.067 4.271 4.420 4.477 4.269 3.433
5.75 1.26 0.977 1.369 1.586 1.950 2.243 2.552 2.722 2.842 2.904 2.789 2.969 2.890 2.825 3.001 3.024 3.090 3.139 3.457 3.499 3.654 3.998 4.190 4.327 4.380 4.191 3.345
5.75 1.58 0.926 1.317 1.537 1.902 2.194 2.501 2.671 2.794 2.864 2.759 2.942 2.870 2.808 2.981 3.004 3.070 3.115 3.421 3.455 3.594 3.921 4.099 4.223 4.272 4.105 3.248
5.75 2.00 0.872 1.262 1.484 1.850 2.141 2.446 2.617 2.743 2.820 2.727 2.913 2.848 2.790 2.960 2.983 3.047 3.088 3.381 3.407 3.529 3.838 4.001 4.111 4.155 4.012 3.144
5.75 2.51 0.814 1.203 1.429 1.796 2.085 2.388 2.560 2.689 2.773 2.694 2.882 2.825 2.770 2.938 2.960 3.024 3.060 3.339 3.356 3.461 3.750 3.898 3.993 4.033 3.914 3.034
5.75 3.16 0.754 1.143 1.372 1.739 2.028 2.328 2.501 2.633 2.725 2.659 2.850 2.801 2.749 2.914 2.937 2.999 3.030 3.295 3.304 3.390 3.660 3.791 3.871 3.906 3.813 2.920
5.75 3.98 0.694 1.081 1.313 1.682 1.969 2.267 2.440 2.575 2.676 2.623 2.817 2.776 2.728 2.890 2.912 2.973 3.000 3.250 3.250 3.317 3.567 3.682 3.747 3.777 3.710 2.804
5.75 5.01 0.632 1.018 1.254 1.624 1.909 2.205 2.379 2.517 2.626 2.586 2.783 2.751 2.706 2.864 2.887 2.946 2.968 3.204 3.194 3.243 3.473 3.571 3.620 3.645 3.605 2.686
5.75 6.31 0.570 0.955 1.194 1.564 1.848 2.142 2.317 2.458 2.575 2.548 2.749 2.724 2.683 2.838 2.860 2.918 2.935 3.156 3.137 3.167 3.377 3.459 3.493 3.513 3.499 2.567
5.75 7.94 0.507 0.891 1.134 1.505 1.788 2.079 2.254 2.399 2.523 2.510 2.714 2.697 2.659 2.811 2.832 2.889 2.901 3.108 3.079 3.090 3.280 3.346 3.364 3.379 3.392 2.447
5.75 10.00 0.445 0.827 1.073 1.445 1.726 2.015 2.191 2.338 2.471 2.471 2.677 2.669 2.633 2.782 2.803 2.858 2.865 3.057 3.020 3.012 3.182 3.231 3.234 3.244 3.284 2.327
5.75 12.59 0.382 0.764 1.012 1.385 1.664 1.951 2.127 2.277 2.418 2.431 2.640 2.639 2.606 2.752 2.772 2.825 2.827 3.005 2.958 2.932 3.082 3.116 3.103 3.109 3.176 2.205
5.75 15.85 0.319 0.699 0.951 1.324 1.602 1.886 2.063 2.216 2.364 2.389 2.601 2.607 2.577 2.719 2.739 2.790 2.787 2.950 2.894 2.850 2.981 2.998 2.971 2.972 3.066 2.083
5.75 19.95 0.256 0.635 0.890 1.263 1.540 1.821 1.998 2.153 2.309 2.346 2.560 2.573 2.546 2.684 2.702 2.751 2.743 2.892 2.827 2.765 2.876 2.879 2.838 2.834 2.955 1.959
5.75 25.12 0.193 0.571 0.828 1.202 1.477 1.755 1.932 2.090 2.252 2.301 2.516 2.536 2.510 2.645 2.662 2.708 2.694 2.829 2.755 2.676 2.769 2.757 2.702 2.695 2.842 1.834
5.75 31.62 0.130 0.507 0.766 1.140 1.413 1.688 1.865 2.024 2.193 2.252 2.470 2.495 2.471 2.601 2.616 2.659 2.640 2.761 2.678 2.582 2.658 2.632 2.564 2.553 2.726 1.706
5.75 39.81 0.067 0.442 0.704 1.077 1.348 1.620 1.797 1.958 2.132 2.201 2.419 2.448 2.425 2.550 2.563 2.603 2.578 2.686 2.594 2.482 2.541 2.502 2.423 2.408 2.608 1.576
5.75 50.12 0.003 0.378 0.641 1.014 1.283 1.551 1.728 1.888 2.068 2.144 2.363 2.395 2.372 2.492 2.502 2.537 2.507 2.602 2.501 2.374 2.418 2.367 2.277 2.259 2.486 1.443
5.75 63.10 -0.060 0.314 0.577 0.949 1.216 1.480 1.656 1.816 1.999 2.082 2.300 2.334 2.310 2.425 2.430 2.461 2.424 2.506 2.397 2.256 2.286 2.225 2.126 2.106 2.359 1.305
5.75 79.43 -0.123 0.249 0.513 0.883 1.148 1.407 1.582 1.741 1.926 2.013 2.229 2.263 2.237 2.346 2.346 2.371 2.327 2.398 2.280 2.127 2.145 2.075 1.969 1.947 2.227 1.163
5.75 100.00 -0.186 0.184 0.448 0.816 1.077 1.332 1.505 1.661 1.847 1.936 2.150 2.181 2.152 2.253 2.247 2.264 2.214 2.273 2.148 1.985 1.993 1.916 1.806 1.784 2.089 1.016
5.75 125.89 -0.249 0.119 0.381 0.746 1.004 1.254 1.425 1.576 1.762 1.850 2.060 2.086 2.051 2.144 2.130 2.140 2.081 2.131 1.998 1.828 1.828 1.748 1.636 1.614 1.944 0.865
5.75 158.49 -0.312 0.054 0.313 0.674 0.928 1.171 1.339 1.485 1.668 1.753 1.958 1.976 1.934 2.018 1.994 1.993 1.927 1.969 1.828 1.653 1.650 1.569 1.460 1.440 1.793 0.708
5.75 199.53 -0.375 -0.011 0.242 0.598 0.848 1.084 1.249 1.387 1.566 1.644 1.841 1.849 1.797 1.870 1.835 1.822 1.747 1.783 1.636 1.460 1.457 1.380 1.277 1.261 1.636 0.548
5.75 251.19 -0.438 -0.077 0.169 0.518 0.764 0.990 1.151 1.279 1.453 1.519 1.709 1.701 1.638 1.698 1.650 1.622 1.539 1.570 1.417 1.245 1.248 1.178 1.088 1.078 1.472 0.384
5.75 316.23 -0.501 -0.143 0.093 0.432 0.673 0.889 1.045 1.160 1.327 1.377 1.558 1.530 1.451 1.497 1.433 1.388 1.295 1.325 1.168 1.004 1.019 0.964 0.893 0.892 1.300 0.217
5.75 398.11 -0.565 -0.209 0.013 0.340 0.574 0.778 0.928 1.027 1.185 1.214 1.383 1.330 1.233 1.261 1.178 1.112 1.009 1.041 0.881 0.733 0.769 0.736 0.691 0.704 1.122 0.048
5.75 501.19 -0.628 -0.277 -0.072 0.239 0.466 0.655 0.797 0.877 1.023 1.025 1.180 1.095 0.975 0.982 0.876 0.786 0.671 0.710 0.549 0.426 0.493 0.491 0.484 0.514 0.934 -0.122
5.75 630.96 -0.691 -0.345 -0.164 0.128 0.345 0.517 0.650 0.705 0.838 0.803 0.942 0.816 0.667 0.649 0.516 0.396 0.269 0.322 0.160 0.073 0.184 0.225 0.269 0.323 0.736 -0.294
5.75 794.33 -0.754 -0.414 -0.263 0.003 0.209 0.360 0.481 0.505 0.622 0.541 0.660 0.483 0.299 0.250 0.085 -0.073 -0.212 -0.139 -0.297 -0.335 -0.165 -0.065 0.046 0.131 0.527 -0.466
5.75 1000.00 -0.817 -0.484 -0.373 -0.138 0.053 0.178 0.286 0.272 0.368 0.228 0.324 0.082 -0.145 -0.232 -0.436 -0.640 -0.794 -0.691 -0.842 -0.813 -0.562 -0.386 -0.187 -0.062 0.302 -0.639
6.00 1.00 0.986 1.348 1.566 1.897 2.165 2.440 2.603 2.727 2.797 2.726 2.890 2.843 2.806 2.956 2.980 3.040 3.075 3.323 3.350 3.461 3.723 3.861 3.956 3.987 3.816 2.993
6.00 1.26 0.977 1.339 1.558 1.889 2.157 2.432 2.595 2.719 2.791 2.721 2.885 2.839 2.803 2.952 2.977 3.036 3.071 3.317 3.342 3.450 3.710 3.846 3.938 3.969 3.801 2.977
6.00 1.58 0.965 1.326 1.546 1.877 2.145 2.419 2.582 2.707 2.780 2.714 2.878 2.834 2.798 2.947 2.972 3.031 3.065 3.308 3.331 3.436 3.691 3.824 3.913 3.942 3.780 2.953
6.00 2.00 0.947 1.308 1.529 1.861 2.128 2.401 2.565 2.691 2.766 2.703 2.869 2.827 2.792 2.940 2.964 3.023 3.056 3.295 3.315 3.414 3.664 3.792 3.876 3.905 3.750 2.919
6.00 2.51 0.923 1.284 1.506 1.838 2.104 2.377 2.541 2.668 2.747 2.689 2.856 2.817 2.784 2.931 2.955 3.013 3.044 3.277 3.294 3.385 3.627 3.749 3.827 3.853 3.709 2.873
6.00 3.16 0.892 1.252 1.476 1.808 2.074 2.346 2.510 2.638 2.721 2.670 2.839 2.804 2.773 2.918 2.942 3.000 3.028 3.253 3.266 3.348 3.580 3.693 3.763 3.787 3.656 2.813
6.00 3.98 0.853 1.213 1.439 1.772 2.037 2.307 2.472 2.602 2.690 2.647 2.818 2.788 2.759 2.902 2.926 2.983 3.008 3.225 3.231 3.302 3.521 3.624 3.685 3.705 3.591 2.740
6.00 5.01 0.808 1.167 1.396 1.729 1.993 2.262 2.427 2.560 2.653 2.621 2.793 2.769 2.742 2.883 2.907 2.963 2.985 3.190 3.191 3.247 3.452 3.543 3.593 3.610 3.514 2.654
6.00 6.31 0.758 1.116 1.347 1.682 1.944 2.211 2.377 2.512 2.612 2.590 2.765 2.748 2.723 2.862 2.885 2.940 2.958 3.152 3.144 3.186 3.375 3.452 3.489 3.502 3.428 2.558
6.00 7.94 0.704 1.061 1.295 1.630 1.891 2.156 2.322 2.460 2.567 2.557 2.734 2.724 2.702 2.838 2.861 2.914 2.927 3.109 3.094 3.119 3.290 3.354 3.377 3.386 3.335 2.454
6.00 10.00 0.647 1.003 1.240 1.575 1.835 2.098 2.264 2.405 2.520 2.521 2.700 2.697 2.678 2.811 2.834 2.885 2.894 3.062 3.039 3.047 3.200 3.249 3.259 3.263 3.237 2.344
6.00 12.59 0.588 0.943 1.182 1.519 1.777 2.037 2.204 2.348 2.469 2.483 2.665 2.669 2.653 2.782 2.804 2.854 2.858 3.012 2.980 2.971 3.106 3.139 3.135 3.135 3.134 2.229
6.00 15.85 0.527 0.881 1.124 1.460 1.717 1.975 2.142 2.288 2.417 2.442 2.627 2.638 2.624 2.750 2.771 2.819 2.818 2.959 2.918 2.891 3.007 3.026 3.008 3.003 3.028 2.110
6.00 19.95 0.465 0.819 1.064 1.401 1.656 1.911 2.079 2.227 2.363 2.400 2.586 2.604 2.593 2.715 2.735 2.781 2.775 2.901 2.851 2.807 2.905 2.909 2.877 2.868 2.919 1.989
6.00 25.12 0.403 0.755 1.003 1.340 1.594 1.846 2.014 2.164 2.307 2.355 2.543 2.567 2.557 2.676 2.694 2.737 2.726 2.839 2.780 2.719 2.798 2.788 2.742 2.730 2.807 1.865
6.00 31.62 0.341 0.692 0.941 1.279 1.531 1.780 1.948 2.100 2.248 2.306 2.496 2.525 2.517 2.631 2.648 2.688 2.671 2.770 2.702 2.625 2.687 2.663 2.605 2.588 2.692 1.738
6.00 39.81 0.278 0.628 0.879 1.217 1.467 1.712 1.880 2.033 2.187 2.254 2.445 2.478 2.471 2.580 2.594 2.631 2.608 2.694 2.617 2.524 2.570 2.533 2.463 2.443 2.573 1.608
6.00 50.12 0.215 0.563 0.817 1.153 1.401 1.643 1.811 1.964 2.122 2.197 2.388 2.424 2.417 2.521 2.532 2.564 2.536 2.609 2.523 2.415 2.446 2.397 2.317 2.294 2.451 1.474
6.00 63.10 0.152 0.499 0.753 1.089 1.335 1.573 1.739 1.892 2.053 2.134 2.325 2.362 2.353 2.452 2.459 2.486 2.451 2.512 2.418 2.296 2.313 2.253 2.165 2.139 2.323 1.336
6.00 79.43 0.089 0.435 0.689 1.023 1.266 1.500 1.665 1.816 1.980 2.065 2.253 2.290 2.279 2.372 2.373 2.394 2.353 2.402 2.299 2.166 2.170 2.102 2.007 1.980 2.190 1.192
6.00 100.00 0.026 0.370 0.624 0.955 1.196 1.425 1.588 1.736 1.900 1.987 2.173 2.207 2.192 2.278 2.272 2.286 2.238 2.276 2.165 2.022 2.016 1.942 1.842 1.815 2.051 1.044
6.00 125.89 -0.037 0.305 0.557 0.886 1.123 1.346 1.508 1.651 1.814 1.900 2.082 2.111 2.090 2.168 2.154 2.160 2.104 2.132 2.014 1.863 1.850 1.772 1.671 1.644 1.905 0.891
6.00 158.49 -0.100 0.240 0.489 0.813 1.047 1.264 1.422 1.560 1.721 1.802 1.978 2.000 1.972 2.040 2.016 2.012 1.948 1.968 1.842 1.687 1.670 1.592 1.493 1.468 1.753 0.734
6.00 199.53 -0.163 0.175 0.418 0.738 0.967 1.176 1.331 1.461 1.618 1.692 1.862 1.871 1.834 1.891 1.856 1.840 1.767 1.780 1.649 1.492 1.476 1.401 1.309 1.288 1.595 0.572
6.00 251.19 -0.226 0.109 0.346 0.657 0.883 1.083 1.234 1.354 1.505 1.568 1.729 1.723 1.674 1.718 1.670 1.639 1.557 1.566 1.429 1.276 1.266 1.199 1.119 1.104 1.430 0.407
6.00 316.23 -0.289 0.043 0.269 0.572 0.792 0.981 1.127 1.235 1.378 1.425 1.577 1.551 1.487 1.517 1.452 1.404 1.312 1.320 1.179 1.035 1.037 0.985 0.923 0.918 1.258 0.240
6.00 398.11 -0.352 -0.024 0.189 0.480 0.693 0.871 1.010 1.102 1.236 1.262 1.402 1.351 1.268 1.280 1.196 1.128 1.026 1.036 0.891 0.763 0.786 0.756 0.722 0.729 1.079 0.071
6.00 501.19 -0.415 -0.091 0.104 0.379 0.585 0.748 0.880 0.951 1.075 1.072 1.198 1.115 1.009 1.000 0.894 0.801 0.687 0.705 0.559 0.455 0.509 0.510 0.514 0.539 0.891 -0.100
6.00 630.96 -0.479 -0.159 0.013 0.268 0.464 0.609 0.732 0.779 0.889 0.850 0.960 0.836 0.702 0.668 0.535 0.410 0.285 0.316 0.170 0.103 0.200 0.244 0.299 0.347 0.693 -0.272
6.00 794.33 -0.542 -0.228 -0.087 0.143 0.328 0.452 0.564 0.580 0.673 0.588 0.678 0.503 0.334 0.269 0.103 -0.058 -0.196 -0.145 -0.288 -0.306 -0.149 -0.046 0.076 0.155 0.483 -0.444
6.00 1000.00 -0.605 -0.298 -0.197 0.001 0.172 0.271 0.368 0.346 0.420 0.275 0.342 0.102 -0.111 -0.214 -0.418 -0.625 -0.778 -0.697 -0.833 -0.784 -0.547 -0.367 -0.157 -0.038 0.259 -0.617
6.25 1.00 1.038 1.372 1.590 1.889 2.134 2.380 2.536 2.660 2.732 2.692 2.838 2.815 2.800 2.928 2.953 3.007 3.033 3.225 3.243 3.325 3.526 3.626 3.691 3.705 3.537 2.740
6.25 1.26 1.035 1.369 1.587 1.886 2.132 2.377 2.533 2.657 2.730 2.690 2.837 2.814 2.799 2.927 2.952 3.005 3.031 3.223 3.240 3.321 3.522 3.621 3.685 3.699 3.532 2.735
6.25 1.58 1.031 1.365 1.582 1.882 2.127 2.372 2.528 2.653 2.726 2.688 2.834 2.812 2.797 2.925 2.950 3.003 3.029 3.220 3.236 3.316 3.515 3.613 3.676 3.690 3.524 2.726
6.25 2.00 1.024 1.358 1.576 1.876 2.121 2.366 2.522 2.647 2.720 2.684 2.831 2.809 2.795 2.922 2.947 3.000 3.025 3.214 3.230 3.308 3.504 3.600 3.662 3.675 3.512 2.713
6.25 2.51 1.014 1.348 1.566 1.866 2.111 2.355 2.511 2.637 2.712 2.677 2.825 2.804 2.791 2.918 2.942 2.996 3.020 3.207 3.221 3.295 3.489 3.582 3.641 3.654 3.495 2.694
6.25 3.16 0.999 1.333 1.552 1.852 2.096 2.341 2.497 2.623 2.700 2.669 2.817 2.798 2.785 2.912 2.936 2.989 3.012 3.195 3.207 3.278 3.466 3.556 3.611 3.622 3.470 2.666
6.25 3.98 0.979 1.312 1.532 1.833 2.077 2.320 2.476 2.604 2.683 2.656 2.805 2.789 2.778 2.903 2.927 2.980 3.001 3.180 3.189 3.253 3.435 3.519 3.569 3.579 3.435 2.627
6.25 5.01 0.951 1.284 1.506 1.807 2.050 2.292 2.449 2.578 2.661 2.639 2.790 2.778 2.767 2.891 2.915 2.967 2.986 3.158 3.163 3.219 3.392 3.469 3.513 3.520 3.389 2.574
6.25 6.31 0.917 1.249 1.473 1.774 2.017 2.258 2.415 2.545 2.632 2.618 2.770 2.762 2.754 2.876 2.900 2.951 2.967 3.131 3.131 3.176 3.339 3.407 3.442 3.447 3.330 2.508
6.25 7.94 0.876 1.207 1.433 1.735 1.976 2.216 2.373 2.505 2.598 2.592 2.746 2.743 2.737 2.857 2.880 2.930 2.943 3.098 3.092 3.125 3.274 3.331 3.356 3.358 3.258 2.429
6.25 10.00 0.828 1.159 1.387 1.690 1.930 2.167 2.325 2.460 2.558 2.562 2.718 2.721 2.717 2.834 2.857 2.906 2.915 3.059 3.045 3.065 3.199 3.244 3.257 3.256 3.177 2.337
6.25 12.59 0.776 1.106 1.337 1.640 1.879 2.114 2.272 2.409 2.514 2.528 2.686 2.696 2.693 2.808 2.830 2.877 2.882 3.014 2.993 2.997 3.115 3.147 3.148 3.143 3.086 2.236
6.25 15.85 0.721 1.050 1.283 1.586 1.823 2.056 2.215 2.354 2.466 2.491 2.651 2.666 2.667 2.778 2.800 2.845 2.845 2.964 2.935 2.923 3.024 3.042 3.031 3.021 2.988 2.126
6.25 19.95 0.662 0.990 1.226 1.530 1.766 1.996 2.155 2.296 2.414 2.450 2.612 2.634 2.636 2.744 2.764 2.807 2.803 2.909 2.871 2.843 2.927 2.931 2.906 2.893 2.884 2.011
6.25 25.12 0.602 0.929 1.167 1.471 1.706 1.933 2.092 2.235 2.359 2.406 2.570 2.597 2.601 2.705 2.724 2.764 2.755 2.847 2.801 2.757 2.823 2.814 2.776 2.759 2.776 1.891
6.25 31.62 0.541 0.867 1.107 1.411 1.644 1.868 2.027 2.172 2.302 2.359 2.523 2.556 2.561 2.661 2.678 2.715 2.700 2.779 2.724 2.664 2.713 2.690 2.641 2.620 2.663 1.766
6.25 39.81 0.480 0.804 1.046 1.350 1.580 1.802 1.961 2.106 2.241 2.307 2.472 2.508 2.514 2.609 2.624 2.658 2.637 2.703 2.639 2.563 2.596 2.561 2.500 2.476 2.545 1.637
6.25 50.12 0.417 0.740 0.984 1.287 1.516 1.733 1.892 2.037 2.177 2.250 2.415 2.454 2.460 2.550 2.561 2.591 2.564 2.617 2.545 2.454 2.472 2.425 2.354 2.326 2.423 1.503
6.25 63.10 0.355 0.676 0.921 1.223 1.449 1.663 1.821 1.965 2.108 2.187 2.351 2.391 2.396 2.480 2.487 2.511 2.478 2.519 2.439 2.334 2.339 2.282 2.202 2.172 2.295 1.365
6.25 79.43 0.292 0.612 0.857 1.157 1.381 1.591 1.747 1.890 2.034 2.117 2.279 2.319 2.321 2.399 2.400 2.418 2.379 2.408 2.319 2.203 2.195 2.130 2.043 2.012 2.161 1.221
6.25 100.00 0.229 0.548 0.792 1.090 1.311 1.515 1.670 1.810 1.954 2.038 2.198 2.235 2.232 2.304 2.298 2.309 2.262 2.281 2.184 2.058 2.040 1.968 1.878 1.846 2.021 1.072
6.25 125.89 0.166 0.483 0.725 1.020 1.238 1.437 1.589 1.725 1.868 1.951 2.106 2.137 2.130 2.193 2.179 2.182 2.127 2.136 2.031 1.898 1.873 1.798 1.706 1.674 1.875 0.918
6.25 158.49 0.103 0.418 0.657 0.948 1.163 1.355 1.504 1.634 1.774 1.853 2.002 2.025 2.010 2.064 2.040 2.033 1.970 1.970 1.859 1.721 1.693 1.617 1.527 1.498 1.722 0.760
6.25 199.53 0.040 0.353 0.587 0.872 1.083 1.267 1.413 1.535 1.671 1.742 1.885 1.897 1.872 1.915 1.879 1.860 1.788 1.782 1.664 1.525 1.498 1.425 1.342 1.317 1.563 0.598
6.25 251.19 -0.023 0.287 0.514 0.792 0.998 1.174 1.315 1.427 1.557 1.617 1.752 1.748 1.711 1.741 1.692 1.658 1.578 1.567 1.444 1.308 1.286 1.222 1.152 1.132 1.398 0.432
6.25 316.23 -0.086 0.221 0.438 0.707 0.907 1.073 1.209 1.308 1.431 1.475 1.599 1.575 1.524 1.539 1.474 1.423 1.332 1.321 1.193 1.066 1.057 1.007 0.955 0.945 1.226 0.265
6.25 398.11 -0.149 0.154 0.358 0.614 0.808 0.962 1.092 1.175 1.289 1.311 1.424 1.375 1.304 1.302 1.218 1.146 1.045 1.036 0.905 0.794 0.806 0.778 0.753 0.756 1.046 0.095
6.25 501.19 -0.212 0.087 0.272 0.514 0.700 0.839 0.961 1.025 1.127 1.121 1.221 1.139 1.046 1.022 0.916 0.819 0.707 0.705 0.572 0.486 0.528 0.532 0.545 0.566 0.858 -0.076
6.25 630.96 -0.276 0.019 0.181 0.403 0.579 0.701 0.814 0.853 0.942 0.899 0.983 0.860 0.738 0.689 0.556 0.428 0.305 0.316 0.183 0.133 0.219 0.266 0.330 0.374 0.660 -0.248
6.25 794.33 -0.339 -0.050 0.081 0.278 0.443 0.543 0.645 0.653 0.726 0.637 0.701 0.527 0.370 0.290 0.124 -0.041 -0.177 -0.146 -0.275 -0.275 -0.130 -0.024 0.107 0.182 0.450 -0.420
6.25 1000.00 -0.402 -0.120 -0.029 0.136 0.287 0.362 0.450 0.419 0.472 0.324 0.364 0.126 -0.075 -0.192 -0.397 -0.608 -0.759 -0.697 -0.820 -0.753 -0.527 -0.346 -0.126 -0.011 0.225 -0.593
6.50 1.00 1.129 1.438 1.651 1.921 2.146 2.366 2.514 2.636 2.704 2.684 2.813 2.805 2.807 2.917 2.941 2.990 3.009 3.161 3.175 3.241 3.399 3.474 3.521 3.523 3.345 2.577
6.50 1.26 1.128 1.437 1.649 1.920 2.145 2.365 2.513 2.635 2.703 2.684 2.812 2.804 2.806 2.916 2.941 2.989 3.009 3.159 3.174 3.240 3.397 3.471 3.518 3.520 3.343 2.574
6.50 1.58 1.125 1.434 1.647 1.918 2.142 2.362 2.511 2.633 2.701 2.682 2.811 2.803 2.805 2.915 2.940 2.988 3.007 3.158 3.172 3.237 3.393 3.467 3.513 3.516 3.339 2.570
6.50 2.00 1.122 1.431 1.644 1.914 2.139 2.359 2.507 2.630 2.698 2.680 2.809 2.802 2.804 2.914 2.938 2.987 3.006 3.155 3.169 3.233 3.388 3.461 3.507 3.508 3.333 2.564
6.50 2.51 1.117 1.426 1.639 1.909 2.134 2.354 2.502 2.625 2.694 2.677 2.806 2.799 2.802 2.912 2.936 2.984 3.003 3.151 3.164 3.226 3.380 3.452 3.496 3.497 3.324 2.554
6.50 3.16 1.109 1.418 1.632 1.902 2.127 2.346 2.494 2.617 2.688 2.672 2.801 2.796 2.799 2.908 2.932 2.980 2.998 3.145 3.156 3.217 3.368 3.438 3.480 3.481 3.311 2.539
6.50 3.98 1.098 1.406 1.620 1.891 2.115 2.334 2.483 2.606 2.678 2.665 2.795 2.791 2.794 2.903 2.927 2.975 2.992 3.136 3.146 3.202 3.350 3.417 3.456 3.456 3.291 2.517
6.50 5.01 1.081 1.390 1.605 1.875 2.099 2.318 2.466 2.590 2.664 2.655 2.785 2.783 2.788 2.895 2.919 2.967 2.982 3.122 3.130 3.182 3.324 3.387 3.422 3.421 3.263 2.485
6.50 6.31 1.059 1.367 1.583 1.854 2.077 2.295 2.443 2.569 2.646 2.641 2.772 2.773 2.778 2.885 2.908 2.955 2.969 3.104 3.108 3.153 3.289 3.345 3.375 3.372 3.224 2.441
6.50 7.94 1.029 1.337 1.554 1.826 2.048 2.264 2.413 2.540 2.621 2.622 2.754 2.759 2.766 2.870 2.894 2.940 2.951 3.079 3.079 3.116 3.242 3.291 3.314 3.308 3.173 2.384
6.50 10.00 0.992 1.299 1.519 1.791 2.012 2.227 2.376 2.505 2.590 2.598 2.732 2.741 2.749 2.852 2.875 2.920 2.929 3.048 3.043 3.068 3.183 3.223 3.237 3.229 3.109 2.313
6.50 12.59 0.949 1.255 1.477 1.749 1.969 2.182 2.332 2.462 2.552 2.569 2.705 2.719 2.729 2.830 2.852 2.896 2.901 3.010 2.998 3.011 3.112 3.141 3.145 3.134 3.033 2.228
6.50 15.85 0.900 1.205 1.429 1.702 1.921 2.132 2.282 2.414 2.509 2.536 2.673 2.693 2.705 2.802 2.824 2.866 2.867 2.965 2.946 2.945 3.031 3.048 3.041 3.027 2.946 2.132
6.50 19.95 0.847 1.151 1.377 1.650 1.868 2.076 2.226 2.360 2.462 2.498 2.637 2.662 2.676 2.770 2.791 2.831 2.827 2.913 2.886 2.871 2.941 2.946 2.927 2.908 2.851 2.025
6.50 25.12 0.790 1.093 1.321 1.594 1.811 2.017 2.167 2.303 2.410 2.456 2.597 2.627 2.642 2.733 2.752 2.789 2.781 2.854 2.819 2.788 2.842 2.834 2.803 2.781 2.748 1.911
6.50 31.62 0.731 1.033 1.263 1.537 1.751 1.954 2.104 2.241 2.354 2.409 2.551 2.586 2.603 2.689 2.706 2.740 2.727 2.788 2.744 2.698 2.736 2.714 2.672 2.646 2.638 1.790
6.50 39.81 0.671 0.971 1.204 1.477 1.689 1.889 2.039 2.177 2.294 2.358 2.501 2.539 2.556 2.638 2.653 2.683 2.664 2.712 2.660 2.599 2.621 2.587 2.534 2.505 2.522 1.664
6.50 50.12 0.609 0.909 1.142 1.415 1.626 1.822 1.971 2.109 2.231 2.301 2.444 2.485 2.501 2.579 2.589 2.616 2.591 2.626 2.566 2.490 2.497 2.452 2.389 2.357 2.401 1.531
6.50 63.10 0.547 0.846 1.080 1.351 1.560 1.752 1.901 2.038 2.162 2.238 2.380 2.422 2.437 2.509 2.515 2.537 2.505 2.528 2.459 2.371 2.364 2.309 2.237 2.203 2.274 1.393
6.50 79.43 0.485 0.782 1.016 1.286 1.492 1.680 1.827 1.962 2.088 2.168 2.307 2.349 2.361 2.427 2.427 2.443 2.405 2.416 2.339 2.239 2.220 2.157 2.079 2.043 2.140 1.249
6.50 100.00 0.422 0.717 0.951 1.219 1.422 1.605 1.750 1.883 2.009 2.090 2.226 2.264 2.273 2.331 2.325 2.333 2.288 2.288 2.203 2.093 2.065 1.996 1.913 1.877 2.000 1.100
6.50 125.89 0.360 0.653 0.885 1.149 1.350 1.527 1.670 1.798 1.922 2.002 2.134 2.166 2.170 2.219 2.205 2.205 2.152 2.143 2.050 1.932 1.897 1.824 1.741 1.705 1.854 0.946
6.50 158.49 0.297 0.588 0.817 1.077 1.274 1.444 1.585 1.706 1.828 1.904 2.030 2.054 2.050 2.090 2.066 2.056 1.994 1.977 1.877 1.755 1.716 1.643 1.562 1.528 1.701 0.787
6.50 199.53 0.234 0.523 0.747 1.001 1.194 1.357 1.494 1.608 1.725 1.793 1.912 1.925 1.911 1.940 1.905 1.882 1.812 1.788 1.682 1.559 1.521 1.451 1.377 1.347 1.541 0.625
6.50 251.19 0.171 0.457 0.674 0.921 1.109 1.264 1.396 1.500 1.611 1.668 1.779 1.776 1.750 1.767 1.717 1.680 1.601 1.573 1.461 1.342 1.310 1.248 1.186 1.162 1.376 0.459
6.50 316.23 0.108 0.391 0.598 0.836 1.018 1.162 1.290 1.381 1.485 1.525 1.626 1.603 1.562 1.564 1.499 1.444 1.355 1.326 1.210 1.099 1.080 1.033 0.989 0.975 1.203 0.291
6.50 398.11 0.044 0.324 0.518 0.744 0.920 1.051 1.173 1.248 1.343 1.361 1.451 1.402 1.343 1.327 1.242 1.167 1.068 1.042 0.922 0.827 0.828 0.803 0.787 0.786 1.024 0.122
6.50 501.19 -0.019 0.257 0.432 0.643 0.811 0.929 1.042 1.097 1.181 1.172 1.247 1.166 1.084 1.047 0.940 0.840 0.729 0.710 0.589 0.519 0.551 0.557 0.579 0.595 0.836 -0.049
6.50 630.96 -0.082 0.189 0.341 0.532 0.691 0.790 0.895 0.925 0.995 0.950 1.009 0.887 0.776 0.714 0.580 0.449 0.327 0.321 0.200 0.166 0.242 0.291 0.363 0.404 0.638 -0.221
6.50 794.33 -0.145 0.120 0.241 0.407 0.554 0.633 0.726 0.726 0.779 0.687 0.727 0.554 0.408 0.315 0.148 -0.020 -0.155 -0.141 -0.258 -0.243 -0.107 0.000 0.140 0.211 0.428 -0.394
6.50 1000.00 -0.208 0.050 0.131 0.265 0.399 0.451 0.531 0.492 0.526 0.374 0.391 0.153 -0.037 -0.167 -0.373 -0.587 -0.736 -0.693 -0.803 -0.721 -0.505 -0.321 -0.093 0.018 0.203 -0.567
6.75 1.00 1.235 1.521 1.727 1.970 2.177 2.375 2.515 2.633 2.695 2.690 2.801 2.804 2.819 2.913 2.937 2.981 2.995 3.113 3.126 3.183 3.306 3.363 3.398 3.391 3.201 2.458
6.75 1.26 1.234 1.520 1.726 1.970 2.176 2.374 2.514 2.633 2.695 2.689 2.800 2.803 2.818 2.913 2.936 2.980 2.995 3.112 3.125 3.182 3.305 3.361 3.396 3.389 3.200 2.457
6.75 1.58 1.233 1.518 1.725 1.968 2.175 2.373 2.513 2.631 2.694 2.688 2.799 2.803 2.818 2.912 2.936 2.980 2.994 3.111 3.124 3.180 3.303 3.359 3.394 3.386 3.198 2.454
6.75 2.00 1.231 1.517 1.723 1.967 2.173 2.371 2.511 2.630 2.692 2.687 2.798 2.802 2.817 2.911 2.935 2.979 2.993 3.110 3.122 3.178 3.300 3.356 3.390 3.382 3.194 2.451
6.75 2.51 1.228 1.513 1.720 1.964 2.170 2.368 2.508 2.627 2.689 2.685 2.796 2.800 2.816 2.910 2.933 2.977 2.991 3.107 3.119 3.174 3.295 3.350 3.384 3.376 3.189 2.445
6.75 3.16 1.224 1.509 1.716 1.959 2.166 2.363 2.504 2.622 2.686 2.682 2.794 2.798 2.814 2.908 2.931 2.975 2.988 3.103 3.115 3.168 3.288 3.342 3.374 3.366 3.181 2.436
6.75 3.98 1.217 1.502 1.709 1.953 2.159 2.356 2.497 2.615 2.680 2.678 2.789 2.795 2.811 2.904 2.928 2.971 2.984 3.097 3.108 3.159 3.277 3.329 3.359 3.351 3.169 2.422
6.75 5.01 1.206 1.491 1.699 1.943 2.149 2.345 2.486 2.605 2.671 2.671 2.783 2.790 2.806 2.899 2.922 2.965 2.978 3.089 3.098 3.146 3.260 3.310 3.338 3.328 3.151 2.402
6.75 6.31 1.191 1.476 1.685 1.928 2.134 2.330 2.471 2.591 2.658 2.661 2.774 2.782 2.800 2.892 2.915 2.957 2.968 3.076 3.083 3.126 3.236 3.282 3.306 3.296 3.125 2.373
6.75 7.94 1.170 1.455 1.664 1.908 2.113 2.309 2.450 2.570 2.640 2.648 2.761 2.772 2.790 2.881 2.904 2.946 2.955 3.058 3.062 3.099 3.203 3.243 3.262 3.250 3.088 2.332
6.75 10.00 1.143 1.426 1.638 1.882 2.086 2.280 2.421 2.543 2.617 2.630 2.744 2.758 2.777 2.867 2.889 2.930 2.937 3.034 3.033 3.063 3.158 3.191 3.204 3.190 3.040 2.278
6.75 12.59 1.108 1.391 1.604 1.848 2.052 2.244 2.386 2.509 2.586 2.606 2.722 2.740 2.760 2.848 2.870 2.909 2.914 3.002 2.997 3.016 3.100 3.125 3.130 3.114 2.978 2.210
6.75 15.85 1.066 1.348 1.563 1.808 2.010 2.201 2.342 2.468 2.549 2.577 2.694 2.717 2.739 2.824 2.845 2.883 2.884 2.963 2.951 2.959 3.031 3.045 3.041 3.022 2.904 2.127
6.75 19.95 1.018 1.300 1.516 1.761 1.963 2.151 2.293 2.420 2.507 2.543 2.661 2.689 2.712 2.794 2.814 2.851 2.847 2.915 2.897 2.892 2.949 2.953 2.938 2.915 2.818 2.032
6.75 25.12 0.966 1.246 1.465 1.710 1.910 2.096 2.238 2.366 2.458 2.503 2.623 2.655 2.680 2.759 2.777 2.811 2.803 2.860 2.834 2.815 2.857 2.849 2.823 2.797 2.722 1.926
6.75 31.62 0.910 1.190 1.410 1.655 1.853 2.037 2.178 2.308 2.405 2.459 2.580 2.616 2.642 2.716 2.733 2.764 2.751 2.796 2.762 2.728 2.755 2.734 2.698 2.669 2.618 1.810
6.75 39.81 0.852 1.130 1.352 1.597 1.793 1.974 2.115 2.245 2.347 2.409 2.530 2.570 2.596 2.666 2.680 2.708 2.689 2.722 2.679 2.631 2.643 2.611 2.564 2.531 2.506 1.687
6.75 50.12 0.792 1.069 1.292 1.537 1.731 1.908 2.048 2.178 2.284 2.353 2.474 2.516 2.542 2.607 2.617 2.641 2.617 2.637 2.586 2.524 2.521 2.478 2.422 2.386 2.386 1.557
6.75 63.10 0.731 1.006 1.231 1.474 1.666 1.839 1.979 2.108 2.216 2.290 2.410 2.453 2.478 2.537 2.543 2.562 2.531 2.539 2.480 2.405 2.389 2.336 2.271 2.234 2.260 1.420
6.75 79.43 0.669 0.943 1.167 1.409 1.599 1.767 1.906 2.033 2.143 2.220 2.338 2.380 2.402 2.456 2.456 2.468 2.431 2.427 2.360 2.274 2.246 2.185 2.114 2.075 2.127 1.278
6.75 100.00 0.606 0.879 1.103 1.342 1.529 1.693 1.830 1.954 2.063 2.142 2.257 2.295 2.313 2.360 2.353 2.358 2.314 2.299 2.225 2.128 2.091 2.024 1.948 1.909 1.988 1.129
6.75 125.89 0.544 0.815 1.037 1.273 1.457 1.615 1.749 1.869 1.977 2.054 2.164 2.198 2.210 2.248 2.233 2.230 2.178 2.154 2.071 1.967 1.923 1.852 1.776 1.737 1.841 0.975
6.75 158.49 0.481 0.750 0.969 1.201 1.381 1.532 1.664 1.778 1.883 1.956 2.060 2.085 2.090 2.119 2.094 2.081 2.020 1.988 1.898 1.790 1.742 1.671 1.597 1.560 1.688 0.816
6.75 199.53 0.418 0.685 0.899 1.125 1.302 1.445 1.574 1.679 1.780 1.845 1.943 1.956 1.951 1.969 1.932 1.907 1.838 1.799 1.703 1.594 1.547 1.479 1.412 1.379 1.529 0.654
6.75 251.19 0.355 0.619 0.826 1.045 1.217 1.352 1.476 1.572 1.666 1.720 1.809 1.807 1.790 1.795 1.745 1.705 1.626 1.584 1.482 1.376 1.335 1.276 1.221 1.194 1.363 0.488
6.75 316.23 0.292 0.553 0.750 0.960 1.126 1.251 1.370 1.453 1.540 1.577 1.657 1.634 1.602 1.593 1.526 1.469 1.381 1.337 1.231 1.134 1.105 1.061 1.024 1.007 1.191 0.320
6.75 398.11 0.229 0.487 0.670 0.868 1.028 1.140 1.252 1.320 1.398 1.413 1.481 1.433 1.382 1.355 1.270 1.192 1.093 1.052 0.943 0.862 0.854 0.831 0.822 0.818 1.011 0.150
6.75 501.19 0.166 0.419 0.585 0.767 0.919 1.017 1.122 1.169 1.236 1.224 1.278 1.197 1.123 1.075 0.967 0.864 0.755 0.720 0.609 0.553 0.576 0.585 0.614 0.627 0.823 -0.021
6.75 630.96 0.103 0.351 0.493 0.656 0.798 0.879 0.974 0.997 1.050 1.001 1.039 0.918 0.816 0.742 0.607 0.474 0.352 0.331 0.221 0.200 0.267 0.319 0.399 0.435 0.625 -0.193
6.75 794.33 0.040 0.282 0.393 0.531 0.662 0.721 0.806 0.797 0.834 0.739 0.757 0.585 0.447 0.343 0.176 0.005 -0.130 -0.131 -0.238 -0.208 -0.082 0.028 0.175 0.243 0.415 -0.366
6.75 1000.00 -0.023 0.212 0.283 0.390 0.506 0.540 0.610 0.564 0.581 0.426 0.421 0.184 0.003 -0.139 -0.346 -0.563 -0.711 -0.682 -0.783 -0.686 -0.480 -0.293 -0.058 0.050 0.190 -0.539
7.00 1.00 1.347 1.610 1.810 2.028 2.219 2.397 2.530 2.643 2.698 2.702 2.797 2.808 2.833 2.914 2.936 2.975 2.985 3.075 3.088 3.138 3.234 3.276 3.303 3.288 3.089 2.366
7.00 1.26 1.346 1.610 1.809 2.028 2.218 2.397 2.529 2.642 2.697 2.702 2.797 2.808 2.833 2.914 2.936 2.975 2.985 3.075 3.087 3.137 3.233 3.276 3.302 3.287 3.088 2.365
7.00 1.58 1.346 1.609 1.808 2.027 2.217 2.396 2.528 2.641 2.697 2.702 2.796 2.807 2.833 2.913 2.935 2.974 2.984 3.074 3.087 3.136 3.232 3.274 3.300 3.285 3.087 2.363
7.00 2.00 1.344 1.608 1.807 2.026 2.216 2.394 2.527 2.640 2.696 2.701 2.795 2.807 2.832 2.913 2.935 2.974 2.984 3.073 3.085 3.135 3.230 3.272 3.297 3.282 3.084 2.361
7.00 2.51 1.342 1.606 1.805 2.024 2.214 2.393 2.525 2.638 2.694 2.700 2.794 2.806 2.831 2.912 2.934 2.973 2.982 3.072 3.083 3.132 3.227 3.268 3.293 3.278 3.081 2.357
7.00 3.16 1.339 1.603 1.802 2.021 2.211 2.389 2.522 2.635 2.692 2.698 2.792 2.804 2.830 2.910 2.932 2.971 2.981 3.069 3.080 3.128 3.222 3.263 3.287 3.272 3.076 2.351
7.00 3.98 1.335 1.598 1.798 2.017 2.207 2.385 2.517 2.631 2.688 2.695 2.790 2.802 2.828 2.908 2.930 2.968 2.978 3.065 3.076 3.122 3.215 3.254 3.278 3.262 3.068 2.342
7.00 5.01 1.328 1.591 1.791 2.010 2.200 2.378 2.510 2.624 2.682 2.690 2.785 2.798 2.824 2.904 2.926 2.964 2.973 3.059 3.069 3.113 3.203 3.241 3.263 3.247 3.056 2.329
7.00 6.31 1.318 1.580 1.781 2.000 2.190 2.367 2.500 2.614 2.673 2.683 2.779 2.793 2.820 2.899 2.920 2.958 2.966 3.050 3.058 3.100 3.187 3.222 3.241 3.224 3.038 2.309
7.00 7.94 1.303 1.565 1.767 1.986 2.175 2.352 2.485 2.599 2.660 2.673 2.769 2.785 2.812 2.891 2.912 2.950 2.956 3.036 3.042 3.080 3.162 3.194 3.210 3.191 3.011 2.279
7.00 10.00 1.282 1.544 1.747 1.966 2.155 2.330 2.463 2.579 2.642 2.659 2.756 2.774 2.802 2.879 2.900 2.937 2.942 3.017 3.020 3.052 3.128 3.154 3.166 3.146 2.975 2.239
7.00 12.59 1.254 1.516 1.720 1.939 2.127 2.302 2.435 2.552 2.618 2.640 2.738 2.759 2.788 2.864 2.884 2.920 2.923 2.992 2.991 3.014 3.082 3.102 3.107 3.085 2.926 2.184
7.00 15.85 1.220 1.481 1.686 1.906 2.093 2.266 2.399 2.517 2.587 2.615 2.714 2.739 2.769 2.843 2.862 2.897 2.897 2.958 2.952 2.966 3.023 3.035 3.032 3.008 2.864 2.115
7.00 19.95 1.178 1.438 1.645 1.865 2.051 2.222 2.355 2.475 2.549 2.585 2.685 2.714 2.745 2.816 2.835 2.868 2.864 2.916 2.904 2.906 2.951 2.953 2.942 2.915 2.788 2.031
7.00 25.12 1.130 1.390 1.598 1.819 2.003 2.172 2.305 2.426 2.505 2.549 2.650 2.683 2.715 2.783 2.800 2.831 2.823 2.864 2.845 2.835 2.867 2.858 2.837 2.807 2.701 1.934
7.00 31.62 1.078 1.336 1.547 1.767 1.950 2.116 2.249 2.371 2.454 2.506 2.608 2.645 2.679 2.743 2.758 2.786 2.773 2.803 2.777 2.753 2.771 2.751 2.719 2.686 2.602 1.826
7.00 39.81 1.022 1.279 1.492 1.711 1.892 2.056 2.189 2.311 2.398 2.458 2.560 2.600 2.634 2.694 2.706 2.731 2.713 2.731 2.697 2.660 2.663 2.632 2.590 2.554 2.494 1.708
7.00 50.12 0.964 1.220 1.433 1.652 1.832 1.991 2.124 2.246 2.337 2.403 2.505 2.548 2.581 2.636 2.645 2.665 2.642 2.648 2.606 2.555 2.544 2.502 2.452 2.413 2.378 1.581
7.00 63.10 0.904 1.159 1.373 1.591 1.768 1.924 2.055 2.177 2.270 2.342 2.443 2.486 2.517 2.567 2.572 2.587 2.557 2.552 2.501 2.438 2.414 2.363 2.304 2.263 2.254 1.447
7.00 79.43 0.843 1.096 1.310 1.527 1.702 1.853 1.983 2.103 2.198 2.272 2.371 2.413 2.442 2.486 2.485 2.494 2.458 2.441 2.382 2.307 2.272 2.213 2.148 2.106 2.123 1.305
7.00 100.00 0.781 1.033 1.246 1.461 1.632 1.779 1.907 2.024 2.119 2.194 2.290 2.329 2.354 2.390 2.383 2.385 2.341 2.314 2.247 2.163 2.118 2.053 1.984 1.941 1.984 1.158
7.00 125.89 0.719 0.968 1.180 1.392 1.560 1.701 1.828 1.939 2.033 2.107 2.198 2.231 2.251 2.279 2.263 2.257 2.205 2.168 2.094 2.002 1.951 1.882 1.812 1.770 1.838 1.004
7.00 158.49 0.656 0.904 1.113 1.320 1.485 1.619 1.743 1.849 1.939 2.009 2.094 2.119 2.131 2.150 2.124 2.108 2.048 2.003 1.922 1.825 1.770 1.701 1.633 1.594 1.686 0.846
7.00 199.53 0.593 0.839 1.043 1.244 1.406 1.532 1.652 1.750 1.836 1.898 1.977 1.990 1.992 2.000 1.963 1.934 1.866 1.814 1.727 1.629 1.575 1.509 1.449 1.413 1.527 0.684
7.00 251.19 0.530 0.773 0.970 1.164 1.321 1.439 1.555 1.642 1.722 1.773 1.843 1.841 1.831 1.826 1.775 1.732 1.654 1.599 1.506 1.412 1.364 1.307 1.258 1.228 1.361 0.518
7.00 316.23 0.467 0.707 0.894 1.079 1.230 1.338 1.448 1.523 1.596 1.630 1.691 1.668 1.643 1.624 1.556 1.496 1.409 1.352 1.255 1.170 1.134 1.091 1.061 1.041 1.189 0.350
7.00 398.11 0.404 0.641 0.814 0.987 1.132 1.227 1.331 1.390 1.454 1.467 1.515 1.467 1.424 1.387 1.300 1.219 1.122 1.067 0.967 0.898 0.882 0.862 0.859 0.852 1.009 0.181
7.00 501.19 0.341 0.574 0.729 0.886 1.023 1.104 1.201 1.240 1.292 1.277 1.312 1.231 1.165 1.107 0.998 0.891 0.783 0.736 0.633 0.590 0.605 0.616 0.651 0.661 0.821 0.010
7.00 630.96 0.278 0.506 0.637 0.775 0.902 0.966 1.053 1.068 1.107 1.055 1.074 0.952 0.857 0.774 0.638 0.501 0.381 0.346 0.245 0.237 0.296 0.350 0.436 0.469 0.623 -0.162
7.00 794.33 0.215 0.437 0.537 0.650 0.766 0.809 0.885 0.868 0.891 0.792 0.792 0.619 0.489 0.374 0.206 0.032 -0.101 -0.115 -0.213 -0.172 -0.053 0.059 0.212 0.277 0.413 -0.335
7.00 1000.00 0.152 0.367 0.428 0.509 0.611 0.627 0.689 0.635 0.637 0.479 0.455 0.218 0.044 -0.108 -0.315 -0.535 -0.683 -0.667 -0.759 -0.650 -0.451 -0.262 -0.021 0.084 0.188 -0.508
7.25 1.00 1.459 1.702 1.893 2.090 2.266 2.427 2.552 2.660 2.708 2.720 2.800 2.816 2.848 2.918 2.937 2.972 2.978 3.045 3.056 3.101 3.175 3.206 3.225 3.204 3.000 2.290
7.25 1.26 1.459 1.701 1.893 2.090 2.265 2.427 2.552 2.659 2.708 2.720 2.799 2.815 2.848 2.917 2.937 2.971 2.978 3.045 3.056 3.101 3.174 3.205 3.224 3.203 2.999 2.290
7.25 1.58 1.458 1.701 1.893 2.089 2.265 2.427 2.551 2.659 2.707 2.719 2.799 2.815 2.848 2.917 2.937 2.971 2.977 3.044 3.056 3.100 3.173 3.204 3.223 3.202 2.998 2.289
7.25 2.00 1.457 1.700 1.892 2.089 2.264 2.426 2.551 2.658 2.706 2.719 2.799 2.815 2.848 2.917 2.936 2.971 2.977 3.043 3.055 3.099 3.172 3.203 3.221 3.200 2.997 2.287
7.25 2.51 1.456 1.699 1.890 2.087 2.263 2.424 2.549 2.657 2.705 2.718 2.798 2.814 2.847 2.916 2.935 2.970 2.976 3.042 3.053 3.097 3.170 3.200 3.219 3.197 2.995 2.284
7.25 3.16 1.454 1.697 1.889 2.085 2.261 2.422 2.547 2.655 2.704 2.716 2.796 2.813 2.846 2.915 2.934 2.969 2.974 3.040 3.051 3.094 3.167 3.196 3.214 3.193 2.991 2.280
7.25 3.98 1.451 1.693 1.885 2.082 2.258 2.419 2.544 2.652 2.701 2.714 2.794 2.811 2.844 2.913 2.933 2.967 2.972 3.037 3.048 3.090 3.161 3.190 3.208 3.186 2.985 2.274
7.25 5.01 1.446 1.689 1.881 2.078 2.253 2.414 2.539 2.647 2.697 2.711 2.791 2.809 2.842 2.910 2.930 2.964 2.969 3.033 3.043 3.084 3.153 3.181 3.197 3.175 2.977 2.265
7.25 6.31 1.439 1.681 1.874 2.071 2.246 2.406 2.531 2.639 2.690 2.706 2.786 2.805 2.838 2.906 2.925 2.959 2.964 3.026 3.035 3.074 3.141 3.167 3.182 3.159 2.964 2.250
7.25 7.94 1.428 1.670 1.863 2.060 2.235 2.395 2.520 2.629 2.681 2.698 2.779 2.799 2.833 2.900 2.919 2.952 2.956 3.016 3.023 3.059 3.123 3.147 3.159 3.135 2.945 2.229
7.25 10.00 1.412 1.654 1.848 2.045 2.219 2.379 2.504 2.613 2.667 2.687 2.769 2.790 2.825 2.891 2.910 2.942 2.945 3.001 3.006 3.037 3.097 3.117 3.125 3.100 2.917 2.198
7.25 12.59 1.390 1.632 1.827 2.024 2.198 2.356 2.482 2.591 2.647 2.672 2.754 2.778 2.813 2.878 2.896 2.928 2.929 2.980 2.982 3.007 3.060 3.075 3.078 3.052 2.878 2.155
7.25 15.85 1.362 1.603 1.799 1.996 2.169 2.327 2.452 2.563 2.622 2.652 2.735 2.761 2.797 2.860 2.878 2.908 2.906 2.952 2.949 2.967 3.011 3.019 3.017 2.989 2.826 2.097
7.25 19.95 1.326 1.566 1.764 1.961 2.133 2.289 2.414 2.526 2.589 2.625 2.709 2.738 2.775 2.836 2.853 2.882 2.877 2.914 2.907 2.914 2.949 2.949 2.939 2.908 2.761 2.025
7.25 25.12 1.284 1.523 1.722 1.920 2.090 2.244 2.369 2.482 2.549 2.592 2.677 2.710 2.748 2.806 2.821 2.848 2.840 2.867 2.854 2.850 2.872 2.863 2.844 2.811 2.682 1.938
7.25 31.62 1.235 1.474 1.674 1.872 2.041 2.192 2.317 2.431 2.502 2.552 2.638 2.674 2.713 2.768 2.781 2.806 2.793 2.810 2.789 2.773 2.783 2.763 2.735 2.699 2.591 1.838
7.25 39.81 1.182 1.420 1.622 1.819 1.987 2.135 2.260 2.374 2.449 2.506 2.592 2.632 2.670 2.721 2.732 2.753 2.735 2.741 2.713 2.685 2.680 2.650 2.613 2.574 2.489 1.726
7.25 50.12 1.126 1.362 1.565 1.762 1.928 2.073 2.197 2.311 2.390 2.453 2.539 2.580 2.619 2.665 2.672 2.689 2.666 2.660 2.625 2.583 2.565 2.525 2.479 2.438 2.377 1.604
7.25 63.10 1.067 1.302 1.506 1.702 1.865 2.007 2.130 2.244 2.324 2.393 2.477 2.519 2.556 2.597 2.600 2.613 2.583 2.566 2.522 2.468 2.438 2.389 2.335 2.292 2.255 1.472
7.25 79.43 1.007 1.241 1.445 1.639 1.800 1.937 2.059 2.171 2.253 2.324 2.407 2.448 2.482 2.517 2.514 2.521 2.485 2.457 2.405 2.340 2.298 2.241 2.181 2.137 2.126 1.333
7.25 100.00 0.946 1.178 1.381 1.573 1.732 1.864 1.984 2.092 2.175 2.247 2.326 2.365 2.395 2.422 2.413 2.413 2.369 2.331 2.271 2.197 2.146 2.082 2.019 1.974 1.989 1.187
7.25 125.89 0.884 1.114 1.316 1.505 1.660 1.786 1.905 2.009 2.089 2.160 2.235 2.268 2.292 2.312 2.294 2.285 2.234 2.186 2.120 2.038 1.980 1.913 1.848 1.804 1.844 1.035
7.25 158.49 0.822 1.050 1.248 1.433 1.585 1.705 1.820 1.918 1.996 2.063 2.132 2.156 2.173 2.183 2.156 2.137 2.077 2.021 1.948 1.861 1.800 1.733 1.671 1.628 1.692 0.877
7.25 199.53 0.759 0.985 1.178 1.358 1.505 1.618 1.730 1.820 1.893 1.952 2.014 2.027 2.035 2.034 1.995 1.964 1.896 1.833 1.753 1.666 1.606 1.542 1.486 1.448 1.534 0.715
7.25 251.19 0.696 0.920 1.106 1.278 1.421 1.525 1.632 1.712 1.780 1.827 1.881 1.878 1.874 1.860 1.808 1.762 1.685 1.619 1.533 1.449 1.395 1.339 1.296 1.264 1.368 0.550
7.25 316.23 0.633 0.854 1.030 1.193 1.330 1.424 1.526 1.593 1.653 1.685 1.729 1.706 1.686 1.658 1.590 1.526 1.440 1.372 1.282 1.207 1.165 1.124 1.100 1.077 1.196 0.383
7.25 398.11 0.570 0.787 0.950 1.101 1.232 1.313 1.409 1.460 1.511 1.521 1.554 1.505 1.467 1.421 1.334 1.250 1.153 1.088 0.994 0.935 0.914 0.895 0.898 0.888 1.017 0.213
7.25 501.19 0.507 0.720 0.865 1.000 1.123 1.190 1.279 1.310 1.350 1.332 1.350 1.269 1.208 1.141 1.031 0.922 0.814 0.756 0.661 0.627 0.637 0.649 0.690 0.698 0.829 0.042
7.25 630.96 0.444 0.652 0.773 0.889 1.003 1.052 1.131 1.138 1.164 1.110 1.112 0.990 0.901 0.808 0.671 0.532 0.412 0.367 0.272 0.274 0.327 0.383 0.475 0.506 0.631 -0.130
7.25 794.33 0.381 0.583 0.674 0.764 0.866 0.895 0.963 0.939 0.948 0.847 0.830 0.657 0.532 0.409 0.240 0.063 -0.070 -0.095 -0.186 -0.134 -0.021 0.093 0.251 0.314 0.421 -0.302
7.25 1000.00 0.318 0.513 0.564 0.622 0.711 0.713 0.767 0.705 0.694 0.534 0.494 0.256 0.088 -0.073 -0.282 -0.504 -0.651 -0.646 -0.731 -0.612 -0.419 -0.229 0.018 0.121 0.196 -0.475
7.50 1.00 1.569 1.793 1.976 2.154 2.316 2.463 2.581 2.681 2.723 2.740 2.807 2.826 2.864 2.923 2.940 2.969 2.972 3.020 3.030 3.070 3.125 3.147 3.160 3.133 2.930 2.227
7.50 1.26 1.569 1.792 1.976 2.153 2.315 2.463 2.580 2.681 2.723 2.740 2.807 2.826 2.864 2.923 2.939 2.969 2.972 3.019 3.030 3.069 3.124 3.146 3.159 3.133 2.929 2.227
7.50 1.58 1.569 1.792 1.975 2.153 2.315 2.463 2.580 2.681 2.723 2.740 2.807 2.826 2.864 2.923 2.939 2.969 2.971 3.019 3.029 3.069 3.124 3.145 3.158 3.132 2.929 2.226
7.50 2.00 1.568 1.791 1.975 2.152 2.315 2.462 2.579 2.680 2.722 2.740 2.806 2.826 2.863 2.922 2.939 2.969 2.971 3.019 3.029 3.068 3.123 3.144 3.157 3.130 2.928 2.225
7.50 2.51 1.567 1.790 1.974 2.151 2.314 2.461 2.578 2.679 2.721 2.739 2.806 2.825 2.863 2.922 2.938 2.968 2.970 3.018 3.028 3.067 3.121 3.143 3.155 3.128 2.926 2.223
7.50 3.16 1.566 1.789 1.972 2.150 2.312 2.460 2.577 2.678 2.720 2.738 2.805 2.824 2.862 2.921 2.937 2.967 2.969 3.016 3.026 3.065 3.119 3.140 3.152 3.125 2.923 2.220
7.50 3.98 1.563 1.787 1.970 2.148 2.310 2.457 2.575 2.676 2.718 2.736 2.803 2.823 2.861 2.919 2.936 2.966 2.968 3.014 3.023 3.062 3.115 3.135 3.147 3.120 2.919 2.215
7.50 5.01 1.560 1.783 1.967 2.144 2.306 2.454 2.571 2.672 2.715 2.734 2.801 2.821 2.859 2.917 2.934 2.963 2.965 3.011 3.020 3.057 3.109 3.129 3.140 3.112 2.913 2.208
7.50 6.31 1.554 1.778 1.961 2.139 2.301 2.448 2.565 2.667 2.710 2.730 2.797 2.818 2.856 2.914 2.931 2.960 2.961 3.005 3.014 3.049 3.100 3.118 3.128 3.100 2.904 2.198
7.50 7.94 1.546 1.769 1.954 2.131 2.293 2.440 2.557 2.659 2.703 2.724 2.792 2.813 2.852 2.909 2.926 2.954 2.955 2.998 3.004 3.038 3.086 3.103 3.111 3.082 2.889 2.182
7.50 10.00 1.534 1.757 1.942 2.120 2.281 2.427 2.544 2.647 2.692 2.716 2.784 2.806 2.845 2.902 2.918 2.946 2.946 2.986 2.991 3.021 3.066 3.079 3.085 3.056 2.867 2.158
7.50 12.59 1.517 1.740 1.925 2.103 2.264 2.409 2.527 2.629 2.677 2.703 2.772 2.796 2.835 2.891 2.907 2.934 2.933 2.969 2.971 2.997 3.036 3.046 3.048 3.018 2.837 2.123
7.50 15.85 1.494 1.716 1.902 2.080 2.240 2.385 2.502 2.606 2.655 2.686 2.755 2.782 2.822 2.876 2.891 2.918 2.914 2.945 2.944 2.963 2.996 3.000 2.997 2.965 2.794 2.076
7.50 19.95 1.463 1.685 1.872 2.051 2.210 2.353 2.470 2.574 2.627 2.663 2.733 2.762 2.803 2.855 2.869 2.894 2.888 2.912 2.907 2.918 2.942 2.940 2.930 2.897 2.738 2.015
7.50 25.12 1.426 1.647 1.835 2.014 2.172 2.313 2.430 2.535 2.592 2.634 2.704 2.736 2.778 2.827 2.840 2.864 2.854 2.870 2.859 2.860 2.874 2.864 2.847 2.811 2.669 1.938
7.50 31.62 1.382 1.602 1.792 1.970 2.127 2.265 2.383 2.489 2.549 2.597 2.668 2.703 2.745 2.792 2.803 2.824 2.810 2.817 2.800 2.790 2.792 2.772 2.747 2.709 2.585 1.846
7.50 39.81 1.332 1.551 1.743 1.920 2.076 2.212 2.329 2.435 2.499 2.554 2.625 2.663 2.705 2.748 2.756 2.774 2.756 2.752 2.728 2.706 2.696 2.666 2.632 2.591 2.489 1.741
7.50 50.12 1.278 1.496 1.689 1.866 2.019 2.152 2.269 2.375 2.442 2.503 2.573 2.613 2.655 2.693 2.699 2.713 2.689 2.674 2.643 2.609 2.585 2.546 2.504 2.461 2.382 1.624
7.50 63.10 1.221 1.438 1.631 1.807 1.959 2.088 2.203 2.309 2.378 2.444 2.514 2.554 2.595 2.627 2.629 2.638 2.608 2.582 2.544 2.497 2.462 2.414 2.364 2.319 2.264 1.497
7.50 79.43 1.162 1.377 1.571 1.745 1.894 2.019 2.134 2.237 2.308 2.377 2.445 2.484 2.522 2.549 2.545 2.548 2.512 2.475 2.429 2.372 2.325 2.269 2.214 2.167 2.137 1.360
7.50 100.00 1.102 1.315 1.508 1.680 1.827 1.947 2.059 2.160 2.231 2.301 2.365 2.402 2.436 2.456 2.445 2.441 2.398 2.351 2.297 2.230 2.175 2.113 2.054 2.007 2.002 1.216
7.50 125.89 1.040 1.252 1.443 1.612 1.756 1.870 1.980 2.076 2.146 2.215 2.275 2.306 2.334 2.346 2.327 2.315 2.265 2.208 2.147 2.073 2.011 1.945 1.885 1.839 1.859 1.066
7.50 158.49 0.978 1.188 1.376 1.541 1.681 1.789 1.896 1.986 2.053 2.117 2.172 2.195 2.216 2.219 2.190 2.168 2.109 2.044 1.976 1.898 1.832 1.767 1.709 1.664 1.708 0.910
7.50 199.53 0.916 1.123 1.306 1.466 1.602 1.702 1.806 1.888 1.951 2.007 2.056 2.067 2.078 2.070 2.030 1.996 1.928 1.857 1.782 1.703 1.638 1.577 1.525 1.485 1.550 0.749
7.50 251.19 0.853 1.058 1.234 1.386 1.517 1.609 1.709 1.781 1.838 1.883 1.923 1.919 1.918 1.897 1.843 1.795 1.718 1.643 1.563 1.487 1.428 1.375 1.336 1.302 1.386 0.584
7.50 316.23 0.790 0.992 1.158 1.301 1.427 1.508 1.603 1.662 1.712 1.741 1.771 1.747 1.731 1.695 1.625 1.560 1.473 1.397 1.312 1.246 1.199 1.160 1.140 1.115 1.214 0.417
7.50 398.11 0.727 0.926 1.078 1.209 1.328 1.397 1.486 1.530 1.570 1.577 1.596 1.546 1.512 1.459 1.370 1.283 1.187 1.113 1.025 0.975 0.948 0.931 0.938 0.927 1.035 0.248
7.50 501.19 0.664 0.859 0.993 1.109 1.220 1.275 1.356 1.379 1.408 1.388 1.393 1.311 1.253 1.179 1.068 0.956 0.848 0.782 0.692 0.667 0.671 0.686 0.731 0.736 0.847 0.077
7.50 630.96 0.601 0.791 0.901 0.997 1.099 1.136 1.208 1.207 1.223 1.166 1.154 1.032 0.946 0.846 0.708 0.566 0.446 0.393 0.304 0.314 0.362 0.420 0.516 0.545 0.649 -0.095
7.50 794.33 0.538 0.722 0.802 0.873 0.963 0.979 1.040 1.008 1.007 0.904 0.873 0.698 0.577 0.447 0.276 0.097 -0.035 -0.068 -0.154 -0.094 0.014 0.129 0.292 0.352 0.439 -0.267
7.50 1000.00 0.475 0.652 0.692 0.731 0.807 0.798 0.844 0.774 0.753 0.591 0.536 0.298 0.133 -0.035 -0.245 -0.470 -0.617 -0.620 -0.699 -0.572 -0.384 -0.192 0.059 0.160 0.214 -0.440
7.75 1.00 1.675 1.881 2.055 2.216 2.367 2.503 2.613 2.707 2.743 2.764 2.819 2.839 2.879 2.930 2.943 2.968 2.967 2.999 3.007 3.042 3.082 3.096 3.103 3.072 2.876 2.173
7.75 1.26 1.675 1.881 2.055 2.216 2.367 2.503 2.613 2.707 2.743 2.763 2.819 2.839 2.879 2.930 2.943 2.968 2.967 2.999 3.007 3.042 3.081 3.095 3.103 3.072 2.876 2.172
7.75 1.58 1.675 1.881 2.055 2.216 2.367 2.503 2.612 2.706 2.742 2.763 2.819 2.839 2.879 2.929 2.943 2.968 2.967 2.998 3.006 3.041 3.081 3.095 3.102 3.071 2.875 2.172
7.75 2.00 1.674 1.880 2.054 2.216 2.366 2.502 2.612 2.706 2.742 2.763 2.818 2.839 2.879 2.929 2.942 2.968 2.966 2.998 3.006 3.041 3.080 3.094 3.102 3.071 2.874 2.171
7.75 2.51 1.674 1.879 2.054 2.215 2.365 2.502 2.611 2.705 2.741 2.762 2.818 2.838 2.878 2.929 2.942 2.967 2.966 2.997 3.005 3.040 3.079 3.093 3.100 3.069 2.873 2.170
7.75 3.16 1.673 1.878 2.053 2.214 2.364 2.500 2.610 2.704 2.740 2.762 2.817 2.838 2.878 2.928 2.941 2.966 2.965 2.996 3.004 3.038 3.077 3.091 3.098 3.067 2.871 2.167
7.75 3.98 1.671 1.877 2.051 2.212 2.363 2.499 2.608 2.702 2.739 2.760 2.816 2.837 2.877 2.927 2.940 2.965 2.964 2.995 3.002 3.036 3.074 3.087 3.094 3.063 2.868 2.164
7.75 5.01 1.668 1.874 2.048 2.210 2.360 2.496 2.606 2.700 2.737 2.759 2.814 2.835 2.875 2.925 2.939 2.963 2.962 2.992 2.999 3.032 3.070 3.082 3.088 3.057 2.863 2.159
7.75 6.31 1.664 1.870 2.045 2.206 2.356 2.492 2.601 2.696 2.733 2.756 2.811 2.833 2.873 2.923 2.936 2.961 2.958 2.988 2.994 3.026 3.063 3.074 3.080 3.048 2.856 2.151
7.75 7.94 1.658 1.863 2.038 2.200 2.350 2.485 2.595 2.689 2.727 2.751 2.807 2.829 2.869 2.919 2.932 2.956 2.953 2.982 2.987 3.017 3.052 3.062 3.066 3.034 2.845 2.138
7.75 10.00 1.649 1.854 2.029 2.191 2.340 2.475 2.585 2.680 2.719 2.744 2.800 2.823 2.864 2.913 2.926 2.950 2.946 2.972 2.976 3.004 3.036 3.044 3.046 3.013 2.828 2.119
7.75 12.59 1.635 1.840 2.016 2.177 2.327 2.461 2.571 2.666 2.706 2.734 2.791 2.815 2.856 2.904 2.916 2.940 2.935 2.958 2.960 2.984 3.012 3.017 3.016 2.983 2.803 2.092
7.75 15.85 1.616 1.821 1.997 2.159 2.308 2.441 2.551 2.647 2.689 2.720 2.777 2.803 2.844 2.891 2.903 2.925 2.919 2.938 2.937 2.956 2.979 2.979 2.975 2.940 2.769 2.054
7.75 19.95 1.590 1.794 1.972 2.133 2.282 2.414 2.524 2.620 2.665 2.700 2.757 2.786 2.828 2.873 2.884 2.905 2.896 2.910 2.905 2.918 2.933 2.928 2.918 2.882 2.721 2.001
7.75 25.12 1.557 1.761 1.940 2.101 2.248 2.379 2.489 2.586 2.633 2.674 2.732 2.763 2.805 2.848 2.858 2.877 2.866 2.872 2.863 2.867 2.873 2.861 2.845 2.806 2.660 1.934
7.75 31.62 1.518 1.720 1.900 2.061 2.207 2.336 2.446 2.543 2.594 2.640 2.699 2.732 2.776 2.815 2.823 2.841 2.826 2.823 2.809 2.802 2.798 2.778 2.754 2.714 2.584 1.851
7.75 39.81 1.471 1.673 1.854 2.015 2.160 2.286 2.395 2.493 2.547 2.600 2.659 2.694 2.738 2.774 2.780 2.794 2.774 2.763 2.741 2.724 2.709 2.679 2.648 2.605 2.495 1.753
7.75 50.12 1.420 1.621 1.803 1.963 2.106 2.229 2.338 2.436 2.493 2.551 2.610 2.647 2.690 2.722 2.725 2.735 2.711 2.689 2.660 2.632 2.604 2.566 2.526 2.481 2.393 1.642
7.75 63.10 1.365 1.565 1.747 1.907 2.047 2.167 2.275 2.372 2.432 2.494 2.552 2.590 2.632 2.658 2.657 2.663 2.633 2.600 2.565 2.524 2.485 2.438 2.392 2.345 2.280 1.520
7.75 79.43 1.307 1.506 1.688 1.846 1.984 2.099 2.206 2.302 2.363 2.429 2.485 2.522 2.561 2.582 2.575 2.576 2.539 2.496 2.453 2.402 2.352 2.297 2.245 2.197 2.156 1.387
7.75 100.00 1.248 1.444 1.626 1.782 1.918 2.028 2.133 2.226 2.287 2.354 2.407 2.442 2.477 2.491 2.478 2.471 2.428 2.374 2.323 2.263 2.204 2.144 2.088 2.040 2.024 1.246
7.75 125.89 1.187 1.382 1.562 1.714 1.847 1.952 2.055 2.143 2.204 2.269 2.318 2.347 2.377 2.383 2.362 2.347 2.296 2.233 2.175 2.108 2.042 1.979 1.922 1.874 1.882 1.098
7.75 158.49 1.125 1.318 1.495 1.644 1.773 1.871 1.971 2.054 2.111 2.173 2.216 2.237 2.260 2.256 2.226 2.201 2.142 2.071 2.006 1.935 1.866 1.802 1.747 1.702 1.733 0.943
7.75 199.53 1.063 1.254 1.426 1.569 1.694 1.785 1.882 1.956 2.010 2.064 2.100 2.110 2.123 2.109 2.067 2.030 1.963 1.885 1.814 1.742 1.674 1.613 1.565 1.524 1.577 0.783
7.75 251.19 1.001 1.189 1.353 1.489 1.610 1.692 1.785 1.849 1.897 1.940 1.968 1.962 1.963 1.937 1.881 1.830 1.754 1.672 1.596 1.527 1.464 1.413 1.377 1.341 1.413 0.620
7.75 316.23 0.938 1.123 1.278 1.404 1.519 1.591 1.679 1.731 1.771 1.798 1.817 1.791 1.777 1.736 1.664 1.596 1.510 1.427 1.346 1.286 1.236 1.199 1.182 1.155 1.242 0.453
7.75 398.11 0.875 1.057 1.198 1.312 1.421 1.481 1.562 1.598 1.629 1.635 1.642 1.591 1.558 1.499 1.409 1.320 1.223 1.143 1.059 1.015 0.986 0.970 0.981 0.967 1.063 0.284
7.75 501.19 0.812 0.990 1.113 1.212 1.313 1.358 1.432 1.448 1.468 1.445 1.439 1.355 1.300 1.220 1.107 0.993 0.886 0.813 0.727 0.708 0.709 0.725 0.773 0.777 0.875 0.114
7.75 630.96 0.749 0.922 1.021 1.101 1.192 1.220 1.284 1.276 1.283 1.224 1.201 1.077 0.993 0.887 0.748 0.603 0.484 0.424 0.339 0.355 0.400 0.460 0.558 0.586 0.678 -0.058
7.75 794.33 0.686 0.853 0.922 0.976 1.056 1.062 1.116 1.076 1.067 0.961 0.919 0.744 0.625 0.489 0.316 0.134 0.002 -0.037 -0.119 -0.053 0.052 0.169 0.335 0.394 0.468 -0.230
7.75 1000.00 0.623 0.782 0.812 0.834 0.900 0.881 0.920 0.843 0.813 0.649 0.583 0.343 0.180 0.007 -0.205 -0.433 -0.579 -0.589 -0.664 -0.531 -0.346 -0.152 0.102 0.201 0.243 -0.403
8.00 1.00 1.776 1.966 2.131 2.278 2.418 2.546 2.648 2.735 2.766 2.789 2.834 2.855 2.894 2.938 2.947 2.968 2.963 2.982 2.987 3.016 3.044 3.051 3.054 3.020 2.837 2.125
8.00 1.26 1.776 1.966 2.131 2.278 2.418 2.545 2.648 2.735 2.765 2.788 2.834 2.854 2.894 2.938 2.947 2.968 2.962 2.982 2.986 3.016 3.044 3.051 3.054 3.019 2.836 2.125
8.00 1.58 1.776 1.965 2.130 2.278 2.418 2.545 2.648 2.734 2.765 2.788 2.834 2.854 2.894 2.938 2.947 2.967 2.962 2.982 2.986 3.016 3.043 3.051 3.053 3.019 2.836 2.125
8.00 2.00 1.775 1.965 2.130 2.277 2.418 2.545 2.647 2.734 2.765 2.788 2.834 2.854 2.894 2.937 2.947 2.967 2.962 2.981 2.986 3.015 3.043 3.050 3.053 3.018 2.835 2.124
8.00 2.51 1.775 1.964 2.129 2.277 2.417 2.544 2.647 2.733 2.764 2.788 2.834 2.854 2.894 2.937 2.946 2.967 2.962 2.981 2.985 3.015 3.042 3.049 3.051 3.017 2.834 2.123
8.00 3.16 1.774 1.964 2.129 2.276 2.416 2.543 2.646 2.733 2.764 2.787 2.833 2.853 2.893 2.936 2.946 2.966 2.961 2.980 2.984 3.014 3.040 3.047 3.050 3.015 2.833 2.121
8.00 3.98 1.773 1.962 2.127 2.275 2.415 2.542 2.645 2.731 2.763 2.786 2.832 2.852 2.892 2.936 2.945 2.965 2.960 2.979 2.983 3.012 3.038 3.045 3.047 3.012 2.831 2.119
8.00 5.01 1.771 1.960 2.125 2.273 2.413 2.540 2.643 2.729 2.761 2.785 2.831 2.851 2.891 2.934 2.944 2.964 2.958 2.977 2.980 3.009 3.035 3.041 3.042 3.008 2.827 2.115
8.00 6.31 1.768 1.957 2.122 2.270 2.410 2.537 2.639 2.726 2.758 2.782 2.828 2.849 2.889 2.932 2.941 2.961 2.956 2.973 2.977 3.004 3.029 3.035 3.036 3.001 2.821 2.108
8.00 7.94 1.763 1.952 2.118 2.265 2.405 2.532 2.634 2.721 2.753 2.779 2.825 2.846 2.886 2.929 2.938 2.958 2.952 2.968 2.971 2.997 3.021 3.025 3.025 2.990 2.812 2.098
8.00 10.00 1.756 1.945 2.110 2.258 2.398 2.524 2.626 2.714 2.747 2.773 2.820 2.842 2.882 2.924 2.933 2.952 2.946 2.960 2.962 2.986 3.008 3.011 3.009 2.973 2.799 2.084
8.00 12.59 1.745 1.934 2.100 2.247 2.387 2.512 2.615 2.702 2.736 2.765 2.812 2.835 2.875 2.917 2.925 2.944 2.936 2.949 2.949 2.970 2.989 2.989 2.985 2.949 2.779 2.062
8.00 15.85 1.729 1.918 2.084 2.232 2.371 2.496 2.598 2.686 2.722 2.753 2.800 2.824 2.865 2.905 2.914 2.932 2.923 2.932 2.929 2.947 2.961 2.958 2.951 2.914 2.750 2.030
8.00 19.95 1.707 1.896 2.063 2.210 2.349 2.473 2.575 2.664 2.701 2.736 2.783 2.809 2.851 2.890 2.897 2.914 2.903 2.907 2.902 2.914 2.922 2.914 2.903 2.864 2.710 1.986
8.00 25.12 1.679 1.866 2.035 2.182 2.320 2.442 2.545 2.634 2.674 2.713 2.761 2.789 2.831 2.868 2.874 2.890 2.876 2.874 2.865 2.869 2.870 2.856 2.839 2.799 2.657 1.927
8.00 31.62 1.643 1.830 1.999 2.147 2.283 2.404 2.506 2.595 2.639 2.683 2.731 2.762 2.804 2.838 2.843 2.856 2.839 2.830 2.816 2.811 2.802 2.781 2.758 2.716 2.589 1.853
8.00 39.81 1.601 1.787 1.957 2.104 2.239 2.357 2.459 2.549 2.595 2.645 2.693 2.726 2.768 2.799 2.802 2.813 2.792 2.774 2.753 2.739 2.719 2.690 2.660 2.616 2.507 1.763
8.00 50.12 1.552 1.737 1.909 2.055 2.188 2.303 2.405 2.495 2.544 2.599 2.647 2.682 2.724 2.750 2.750 2.757 2.732 2.704 2.677 2.652 2.621 2.583 2.546 2.500 2.411 1.659
8.00 63.10 1.499 1.683 1.855 2.000 2.132 2.243 2.344 2.433 2.485 2.545 2.592 2.627 2.668 2.690 2.685 2.688 2.657 2.619 2.585 2.549 2.507 2.461 2.417 2.369 2.303 1.542
8.00 79.43 1.443 1.626 1.797 1.941 2.070 2.178 2.278 2.365 2.418 2.481 2.527 2.561 2.600 2.616 2.606 2.604 2.567 2.518 2.477 2.430 2.378 2.325 2.275 2.226 2.183 1.413
8.00 100.00 1.384 1.565 1.737 1.878 2.005 2.108 2.206 2.290 2.344 2.408 2.451 2.483 2.517 2.527 2.511 2.502 2.458 2.400 2.351 2.295 2.234 2.176 2.122 2.073 2.054 1.276
8.00 125.89 1.324 1.503 1.673 1.811 1.935 2.032 2.128 2.209 2.262 2.325 2.364 2.390 2.419 2.421 2.398 2.380 2.329 2.262 2.206 2.143 2.075 2.014 1.959 1.910 1.915 1.130
8.00 158.49 1.263 1.440 1.606 1.741 1.861 1.952 2.045 2.120 2.170 2.229 2.263 2.282 2.304 2.296 2.263 2.236 2.177 2.102 2.039 1.972 1.901 1.839 1.787 1.740 1.767 0.977
8.00 199.53 1.201 1.376 1.537 1.666 1.782 1.866 1.956 2.023 2.069 2.121 2.148 2.156 2.168 2.150 2.106 2.067 1.999 1.918 1.849 1.781 1.711 1.652 1.606 1.563 1.612 0.819
8.00 251.19 1.139 1.311 1.465 1.587 1.698 1.773 1.859 1.916 1.957 1.998 2.017 2.009 2.010 1.979 1.922 1.868 1.791 1.706 1.631 1.567 1.503 1.453 1.419 1.382 1.450 0.657
8.00 316.23 1.076 1.246 1.390 1.502 1.608 1.673 1.753 1.798 1.832 1.856 1.866 1.838 1.824 1.779 1.705 1.634 1.548 1.462 1.383 1.327 1.276 1.240 1.225 1.198 1.279 0.491
8.00 398.11 1.013 1.179 1.310 1.410 1.510 1.562 1.637 1.665 1.690 1.694 1.692 1.639 1.606 1.543 1.451 1.359 1.263 1.179 1.097 1.057 1.026 1.012 1.024 1.010 1.101 0.323
8.00 501.19 0.950 1.112 1.225 1.310 1.402 1.440 1.507 1.515 1.529 1.505 1.489 1.404 1.348 1.264 1.149 1.033 0.926 0.849 0.765 0.750 0.750 0.767 0.817 0.820 0.914 0.153
8.00 630.96 0.887 1.045 1.133 1.199 1.281 1.302 1.359 1.343 1.344 1.283 1.251 1.125 1.041 0.932 0.790 0.643 0.524 0.460 0.377 0.398 0.441 0.502 0.603 0.630 0.716 -0.019
8.00 794.33 0.824 0.976 1.034 1.074 1.145 1.144 1.191 1.144 1.128 1.021 0.970 0.792 0.673 0.533 0.359 0.175 0.043 -0.001 -0.081 -0.010 0.093 0.212 0.380 0.438 0.507 -0.191
8.00 1000.00 0.761 0.905 0.924 0.932 0.989 0.963 0.995 0.910 0.875 0.708 0.634 0.392 0.229 0.051 -0.162 -0.392 -0.538 -0.552 -0.625 -0.487 -0.304 -0.109 0.147 0.245 0.282 -0.364
