AtkinsonBoore2003SSlabCascadia as implemented in OpenQuake, distance is rrup. Log10 hazard values in cgs units
          14 31 10 : nmag, ndist, nperiod
          10.000 5.000 3.000 2.000 1.000 0.400 0.200 0.100 0.040 PGA PGV
          0.691 0.691 0.691 0.691 0.668 0.645 0.645 0.645 0.576 0.622 0.576
4.75 1.00 0.420 1.118 1.752 2.483 3.226 3.163 3.388 3.283 3.288 3.013 2.147
4.75 1.26 0.375 1.071 1.704 2.434 3.178 3.115 3.340 3.234 3.240 2.964 2.095
4.75 1.58 0.314 1.007 1.638 2.368 3.112 3.048 3.274 3.168 3.173 2.898 2.024
4.75 2.00 0.233 0.923 1.552 2.282 3.025 2.962 3.187 3.081 3.087 2.811 1.932
4.75 2.51 0.133 0.820 1.445 2.175 2.918 2.855 3.080 2.974 2.979 2.704 1.817
4.75 3.16 0.016 0.697 1.320 2.049 2.792 2.844 3.030 2.908 2.914 2.666 1.747
4.75 3.98 -0.116 0.560 1.179 1.908 2.650 2.803 2.954 2.819 2.824 2.601 1.651
4.75 5.01 -0.260 0.411 1.026 1.754 2.496 2.726 2.850 2.705 2.710 2.505 1.529
4.75 6.31 -0.410 0.254 0.863 1.591 2.332 2.619 2.724 2.571 2.576 2.385 1.385
4.75 7.94 -0.566 0.091 0.695 1.421 2.162 2.478 2.573 2.415 2.420 2.236 1.218
4.75 10.00 -0.724 -0.076 0.522 1.247 1.986 2.303 2.397 2.239 2.243 2.060 1.029
4.75 12.59 -0.884 -0.245 0.347 1.070 1.807 2.124 2.218 2.059 2.063 1.881 0.836
4.75 15.85 -1.045 -0.416 0.169 0.890 1.626 1.942 2.035 1.876 1.879 1.698 0.640
4.75 19.95 -1.206 -0.587 -0.010 0.707 1.441 1.757 1.850 1.689 1.692 1.512 0.440
4.75 25.12 -1.368 -0.760 -0.190 0.523 1.254 1.570 1.662 1.500 1.502 1.324 0.236
4.75 31.62 -1.529 -0.933 -0.372 0.337 1.065 1.380 1.471 1.307 1.309 1.132 0.029
4.75 39.81 -1.691 -1.107 -0.554 0.149 0.872 1.187 1.277 1.111 1.111 0.937 -0.183
4.75 50.12 -1.854 -1.282 -0.738 -0.042 0.675 0.989 1.078 0.909 0.908 0.737 -0.400
4.75 63.10 -2.017 -1.458 -0.923 -0.237 0.473 0.787 0.874 0.702 0.698 0.532 -0.624
4.75 79.43 -2.181 -1.635 -1.109 -0.435 0.266 0.579 0.664 0.487 0.481 0.320 -0.857
4.75 100.00 -2.347 -1.814 -1.298 -0.639 0.051 0.363 0.445 0.263 0.253 0.099 -1.100
4.75 125.89 -2.515 -1.995 -1.489 -0.848 -0.173 0.138 0.216 0.027 0.014 -0.132 -1.356
4.75 158.49 -2.686 -2.180 -1.682 -1.066 -0.408 -0.099 -0.026 -0.224 -0.242 -0.377 -1.630
4.75 199.53 -2.861 -2.368 -1.880 -1.294 -0.659 -0.352 -0.284 -0.493 -0.517 -0.639 -1.924
4.75 251.19 -3.040 -2.561 -2.083 -1.534 -0.927 -0.623 -0.562 -0.785 -0.817 -0.923 -2.245
4.75 316.23 -3.225 -2.759 -2.291 -1.790 -1.219 -0.918 -0.867 -1.107 -1.149 -1.234 -2.600
4.75 398.11 -3.418 -2.966 -2.507 -2.066 -1.540 -1.243 -1.203 -1.466 -1.520 -1.578 -2.997
4.75 501.19 -3.620 -3.181 -2.733 -2.367 -1.897 -1.606 -1.580 -1.871 -1.940 -1.966 -3.447
4.75 630.96 -3.833 -3.409 -2.971 -2.699 -2.301 -2.016 -2.009 -2.334 -2.423 -2.407 -3.963
4.75 794.33 -4.062 -3.652 -3.223 -3.071 -2.763 -2.486 -2.502 -2.871 -2.985 -2.917 -4.564
4.75 1000.00 -4.310 -3.914 -3.495 -3.493 -3.298 -3.031 -3.076 -3.501 -3.645 -3.511 -5.271
5.00 1.00 0.546 1.239 1.849 2.549 3.263 3.173 3.378 3.266 3.263 3.002 2.121
5.00 1.26 0.519 1.210 1.819 2.519 3.232 3.143 3.348 3.235 3.232 2.972 2.088
5.00 1.58 0.480 1.168 1.775 2.475 3.188 3.099 3.304 3.191 3.188 2.928 2.041
5.00 2.00 0.424 1.109 1.714 2.414 3.127 3.038 3.243 3.130 3.127 2.867 1.975
5.00 2.51 0.350 1.032 1.634 2.333 3.047 2.957 3.162 3.049 3.046 2.786 1.889
5.00 3.16 0.256 0.934 1.533 2.232 2.946 2.872 3.071 2.956 2.953 2.696 1.789
5.00 3.98 0.145 0.818 1.413 2.112 2.825 2.862 3.024 2.894 2.891 2.661 1.722
5.00 5.01 0.018 0.685 1.277 1.975 2.687 2.819 2.948 2.806 2.802 2.595 1.628
5.00 6.31 -0.121 0.540 1.127 1.824 2.536 2.743 2.846 2.693 2.690 2.500 1.507
5.00 7.94 -0.268 0.386 0.968 1.664 2.375 2.637 2.721 2.561 2.557 2.381 1.365
5.00 10.00 -0.420 0.225 0.802 1.496 2.206 2.496 2.570 2.406 2.402 2.233 1.199
5.00 12.59 -0.576 0.061 0.631 1.323 2.032 2.322 2.395 2.230 2.226 2.058 1.011
5.00 15.85 -0.734 -0.107 0.457 1.147 1.854 2.143 2.216 2.050 2.045 1.879 0.818
5.00 19.95 -0.893 -0.276 0.280 0.967 1.672 1.961 2.034 1.867 1.861 1.696 0.620
5.00 25.12 -1.053 -0.447 0.102 0.785 1.487 1.776 1.848 1.679 1.673 1.509 0.419
5.00 31.62 -1.214 -0.619 -0.078 0.601 1.299 1.588 1.658 1.488 1.481 1.319 0.214
5.00 39.81 -1.375 -0.791 -0.259 0.414 1.107 1.396 1.465 1.293 1.285 1.126 0.003
5.00 50.12 -1.536 -0.965 -0.442 0.224 0.912 1.200 1.268 1.093 1.083 0.927 -0.212
5.00 63.10 -1.698 -1.140 -0.625 0.031 0.711 0.999 1.065 0.887 0.875 0.723 -0.435
5.00 79.43 -1.862 -1.316 -0.811 -0.167 0.505 0.792 0.856 0.673 0.658 0.512 -0.667
5.00 100.00 -2.027 -1.494 -0.998 -0.369 0.291 0.577 0.638 0.450 0.432 0.292 -0.909
5.00 125.89 -2.194 -1.674 -1.188 -0.578 0.069 0.353 0.410 0.215 0.193 0.062 -1.164
5.00 158.49 -2.364 -1.858 -1.381 -0.794 -0.166 0.117 0.170 -0.035 -0.061 -0.182 -1.436
5.00 199.53 -2.537 -2.045 -1.577 -1.021 -0.415 -0.135 -0.087 -0.303 -0.335 -0.443 -1.730
5.00 251.19 -2.716 -2.236 -1.779 -1.260 -0.683 -0.405 -0.365 -0.594 -0.634 -0.726 -2.050
5.00 316.23 -2.900 -2.434 -1.986 -1.515 -0.974 -0.699 -0.668 -0.915 -0.965 -1.035 -2.403
5.00 398.11 -3.091 -2.639 -2.201 -1.790 -1.293 -1.023 -1.003 -1.272 -1.335 -1.379 -2.799
5.00 501.19 -3.292 -2.854 -2.426 -2.090 -1.650 -1.385 -1.379 -1.676 -1.754 -1.765 -3.248
5.00 630.96 -3.505 -3.081 -2.663 -2.421 -2.053 -1.794 -1.807 -2.139 -2.236 -2.206 -3.763
5.00 794.33 -3.733 -3.323 -2.914 -2.792 -2.514 -2.263 -2.299 -2.675 -2.796 -2.714 -4.363
5.00 1000.00 -3.980 -3.583 -3.185 -3.213 -3.048 -2.807 -2.872 -3.303 -3.456 -3.308 -5.069
5.25 1.00 0.658 1.345 1.932 2.601 3.286 3.169 3.354 3.235 3.224 2.978 2.078
5.25 1.26 0.643 1.328 1.914 2.583 3.267 3.151 3.336 3.217 3.205 2.959 2.059
5.25 1.58 0.619 1.303 1.887 2.556 3.240 3.124 3.308 3.189 3.178 2.932 2.029
5.25 2.00 0.584 1.265 1.847 2.516 3.200 3.084 3.268 3.149 3.138 2.892 1.986
5.25 2.51 0.534 1.212 1.791 2.460 3.144 3.028 3.212 3.093 3.081 2.836 1.926
5.25 3.16 0.466 1.140 1.717 2.385 3.069 2.953 3.137 3.018 3.006 2.761 1.846
5.25 3.98 0.379 1.048 1.622 2.290 2.974 2.893 3.065 2.941 2.929 2.692 1.763
5.25 5.01 0.274 0.938 1.508 2.175 2.858 2.880 3.017 2.879 2.867 2.655 1.697
5.25 6.31 0.153 0.810 1.376 2.043 2.725 2.836 2.942 2.793 2.780 2.590 1.604
5.25 7.94 0.019 0.670 1.230 1.896 2.577 2.760 2.841 2.682 2.670 2.496 1.485
5.25 10.00 -0.124 0.519 1.074 1.738 2.419 2.655 2.718 2.551 2.538 2.378 1.345
5.25 12.59 -0.274 0.361 0.910 1.572 2.251 2.515 2.568 2.397 2.384 2.231 1.180
5.25 15.85 -0.427 0.198 0.741 1.401 2.078 2.341 2.394 2.222 2.208 2.056 0.992
5.25 19.95 -0.584 0.032 0.568 1.225 1.900 2.163 2.215 2.042 2.028 1.877 0.799
5.25 25.12 -0.741 -0.136 0.392 1.046 1.718 1.980 2.032 1.857 1.842 1.693 0.600
5.25 31.62 -0.900 -0.306 0.214 0.863 1.532 1.794 1.845 1.668 1.652 1.506 0.397
5.25 39.81 -1.059 -0.477 0.035 0.678 1.342 1.604 1.653 1.475 1.458 1.313 0.189
5.25 50.12 -1.220 -0.649 -0.146 0.489 1.148 1.409 1.457 1.276 1.257 1.116 -0.025
5.25 63.10 -1.381 -0.823 -0.328 0.298 0.949 1.210 1.256 1.071 1.051 0.914 -0.247
5.25 79.43 -1.543 -0.998 -0.512 0.102 0.744 1.004 1.048 0.859 0.836 0.704 -0.477
5.25 100.00 -1.707 -1.175 -0.699 -0.100 0.531 0.790 0.831 0.637 0.610 0.485 -0.718
5.25 125.89 -1.874 -1.354 -0.887 -0.307 0.310 0.567 0.605 0.403 0.373 0.256 -0.972
5.25 158.49 -2.043 -1.536 -1.079 -0.523 0.076 0.332 0.365 0.154 0.119 0.013 -1.243
5.25 199.53 -2.215 -1.722 -1.275 -0.748 -0.172 0.082 0.109 -0.113 -0.154 -0.247 -1.535
5.25 251.19 -2.392 -1.913 -1.475 -0.987 -0.439 -0.187 -0.167 -0.403 -0.452 -0.528 -1.854
5.25 316.23 -2.575 -2.110 -1.681 -1.240 -0.728 -0.480 -0.469 -0.723 -0.781 -0.837 -2.207
5.25 398.11 -2.766 -2.314 -1.896 -1.514 -1.047 -0.803 -0.804 -1.079 -1.150 -1.180 -2.601
5.25 501.19 -2.966 -2.528 -2.119 -1.813 -1.403 -1.164 -1.179 -1.482 -1.568 -1.565 -3.049
5.25 630.96 -3.178 -2.754 -2.355 -2.143 -1.804 -1.572 -1.605 -1.943 -2.049 -2.004 -3.564
5.25 794.33 -3.405 -2.994 -2.605 -2.513 -2.264 -2.040 -2.096 -2.478 -2.609 -2.512 -4.162
5.25 1000.00 -3.651 -3.254 -2.875 -2.933 -2.797 -2.583 -2.668 -3.106 -3.267 -3.104 -4.867
5.50 1.00 0.761 1.443 2.007 2.646 3.300 3.157 3.321 3.196 3.176 2.945 2.027
5.50 1.26 0.753 1.433 1.997 2.635 3.289 3.146 3.311 3.185 3.165 2.934 2.016
5.50 1.58 0.740 1.418 1.980 2.619 3.273 3.130 3.294 3.169 3.149 2.918 1.998
5.50 2.00 0.720 1.396 1.956 2.594 3.248 3.105 3.270 3.144 3.124 2.893 1.972
5.50 2.51 0.689 1.362 1.920 2.558 3.212 3.069 3.233 3.108 3.088 2.857 1.933
5.50 3.16 0.645 1.314 1.869 2.507 3.161 3.018 3.182 3.057 3.036 2.805 1.878
5.50 3.98 0.583 1.248 1.801 2.438 3.091 2.948 3.113 2.987 2.966 2.736 1.803
5.50 5.01 0.503 1.163 1.712 2.349 3.002 2.914 3.059 2.926 2.905 2.688 1.737
5.50 6.31 0.404 1.058 1.603 2.239 2.892 2.898 3.011 2.865 2.844 2.649 1.672
5.50 7.94 0.288 0.936 1.476 2.111 2.763 2.853 2.937 2.780 2.759 2.584 1.581
5.50 10.00 0.159 0.799 1.334 1.968 2.619 2.777 2.837 2.671 2.649 2.492 1.464
5.50 12.59 0.019 0.652 1.181 1.813 2.463 2.673 2.715 2.541 2.519 2.375 1.325
5.50 15.85 -0.127 0.497 1.020 1.649 2.297 2.534 2.566 2.388 2.366 2.228 1.160
5.50 19.95 -0.278 0.336 0.852 1.479 2.124 2.361 2.393 2.213 2.191 2.055 0.973
5.50 25.12 -0.432 0.172 0.680 1.304 1.946 2.182 2.214 2.033 2.009 1.875 0.779
5.50 31.62 -0.588 0.005 0.506 1.124 1.763 1.999 2.029 1.847 1.822 1.690 0.579
5.50 39.81 -0.746 -0.164 0.329 0.941 1.576 1.811 1.840 1.655 1.630 1.500 0.373
5.50 50.12 -0.905 -0.335 0.149 0.754 1.384 1.618 1.646 1.459 1.431 1.305 0.161
5.50 63.10 -1.065 -0.507 -0.031 0.564 1.186 1.420 1.446 1.255 1.226 1.104 -0.059
5.50 79.43 -1.226 -0.681 -0.214 0.369 0.982 1.216 1.240 1.044 1.012 0.895 -0.288
5.50 100.00 -1.389 -0.857 -0.399 0.169 0.771 1.003 1.024 0.823 0.789 0.678 -0.527
5.50 125.89 -1.554 -1.035 -0.587 -0.037 0.550 0.781 0.799 0.591 0.552 0.450 -0.780
5.50 158.49 -1.722 -1.216 -0.778 -0.252 0.318 0.547 0.560 0.343 0.300 0.208 -1.050
5.50 199.53 -1.894 -1.401 -0.972 -0.476 0.071 0.298 0.305 0.077 0.028 -0.051 -1.341
5.50 251.19 -2.070 -1.591 -1.171 -0.713 -0.195 0.030 0.030 -0.212 -0.269 -0.331 -1.659
5.50 316.23 -2.252 -1.787 -1.377 -0.966 -0.483 -0.262 -0.271 -0.530 -0.598 -0.639 -2.010
5.50 398.11 -2.442 -1.990 -1.590 -1.239 -0.801 -0.584 -0.604 -0.886 -0.965 -0.980 -2.404
5.50 501.19 -2.641 -2.203 -1.812 -1.537 -1.156 -0.943 -0.978 -1.288 -1.383 -1.365 -2.850
5.50 630.96 -2.852 -2.428 -2.047 -1.866 -1.556 -1.350 -1.404 -1.748 -1.863 -1.803 -3.364
5.50 794.33 -3.078 -2.667 -2.297 -2.235 -2.015 -1.817 -1.894 -2.282 -2.421 -2.309 -3.961
5.50 1000.00 -3.323 -2.926 -2.565 -2.654 -2.547 -2.360 -2.465 -2.909 -3.078 -2.901 -4.665
5.75 1.00 0.859 1.535 2.079 2.686 3.310 3.141 3.284 3.152 3.123 2.907 1.971
5.75 1.26 0.855 1.530 2.073 2.680 3.304 3.134 3.278 3.146 3.117 2.901 1.964
5.75 1.58 0.849 1.522 2.063 2.670 3.294 3.125 3.269 3.137 3.108 2.892 1.954
5.75 2.00 0.838 1.509 2.049 2.656 3.280 3.110 3.254 3.122 3.093 2.877 1.938
5.75 2.51 0.821 1.489 2.027 2.634 3.258 3.088 3.232 3.100 3.071 2.855 1.915
5.75 3.16 0.795 1.459 1.995 2.601 3.225 3.055 3.199 3.067 3.038 2.822 1.880
5.75 3.98 0.755 1.416 1.948 2.555 3.178 3.009 3.152 3.020 2.991 2.775 1.829
5.75 5.01 0.700 1.356 1.885 2.491 3.114 2.944 3.088 2.955 2.926 2.711 1.760
5.75 6.31 0.626 1.277 1.802 2.407 3.030 2.933 3.052 2.909 2.880 2.682 1.711
5.75 7.94 0.533 1.178 1.699 2.303 2.925 2.915 3.004 2.850 2.820 2.643 1.647
5.75 10.00 0.424 1.061 1.577 2.180 2.801 2.870 2.931 2.766 2.736 2.579 1.557
5.75 12.59 0.299 0.929 1.440 2.041 2.661 2.795 2.833 2.659 2.629 2.488 1.442
5.75 15.85 0.164 0.785 1.290 1.889 2.507 2.692 2.713 2.531 2.500 2.372 1.305
5.75 19.95 0.021 0.633 1.130 1.727 2.343 2.553 2.564 2.378 2.347 2.226 1.140
5.75 25.12 -0.128 0.474 0.965 1.557 2.171 2.380 2.391 2.204 2.172 2.052 0.953
5.75 31.62 -0.280 0.311 0.794 1.382 1.992 2.201 2.211 2.022 1.989 1.872 0.758
5.75 39.81 -0.435 0.145 0.620 1.202 1.808 2.016 2.026 1.834 1.800 1.685 0.555
5.75 50.12 -0.592 -0.023 0.443 1.018 1.618 1.826 1.834 1.640 1.604 1.492 0.345
5.75 63.10 -0.750 -0.194 0.264 0.830 1.422 1.630 1.636 1.438 1.401 1.293 0.128
5.75 79.43 -0.910 -0.366 0.083 0.637 1.220 1.427 1.431 1.229 1.189 1.086 -0.099
5.75 100.00 -1.072 -0.541 -0.100 0.438 1.010 1.216 1.217 1.009 0.966 0.870 -0.337
5.75 125.89 -1.236 -0.718 -0.287 0.233 0.791 0.995 0.992 0.778 0.731 0.643 -0.589
5.75 158.49 -1.403 -0.898 -0.476 0.020 0.560 0.763 0.755 0.532 0.480 0.403 -0.857
5.75 199.53 -1.574 -1.082 -0.670 -0.204 0.314 0.515 0.501 0.267 0.209 0.145 -1.147
5.75 251.19 -1.749 -1.270 -0.868 -0.440 0.049 0.248 0.227 -0.021 -0.087 -0.135 -1.464
5.75 316.23 -1.930 -1.465 -1.072 -0.692 -0.238 -0.043 -0.073 -0.339 -0.414 -0.441 -1.814
5.75 398.11 -2.119 -1.667 -1.284 -0.963 -0.555 -0.364 -0.405 -0.693 -0.781 -0.782 -2.206
5.75 501.19 -2.317 -1.879 -1.506 -1.260 -0.909 -0.723 -0.778 -1.094 -1.197 -1.165 -2.652
5.75 630.96 -2.527 -2.103 -1.740 -1.589 -1.308 -1.129 -1.203 -1.553 -1.676 -1.602 -3.164
5.75 794.33 -2.752 -2.342 -1.988 -1.956 -1.766 -1.595 -1.691 -2.086 -2.234 -2.107 -3.761
5.75 1000.00 -2.996 -2.599 -2.256 -2.374 -2.297 -2.136 -2.261 -2.712 -2.890 -2.698 -4.463
6.00 1.00 0.954 1.625 2.149 2.724 3.318 3.122 3.245 3.106 3.069 2.868 1.912
6.00 1.26 0.953 1.623 2.145 2.721 3.314 3.118 3.242 3.103 3.065 2.864 1.909
6.00 1.58 0.951 1.619 2.140 2.716 3.309 3.113 3.236 3.097 3.060 2.859 1.903
6.00 2.00 0.946 1.612 2.132 2.707 3.301 3.104 3.228 3.089 3.051 2.850 1.894
6.00 2.51 0.938 1.601 2.119 2.694 3.288 3.091 3.215 3.076 3.038 2.837 1.880
6.00 3.16 0.923 1.584 2.099 2.674 3.268 3.072 3.195 3.056 3.018 2.817 1.858
6.00 3.98 0.901 1.557 2.070 2.645 3.238 3.042 3.165 3.026 2.988 2.788 1.826
6.00 5.01 0.866 1.518 2.028 2.603 3.196 2.999 3.123 2.983 2.945 2.745 1.781
6.00 6.31 0.816 1.464 1.970 2.544 3.136 2.955 3.073 2.931 2.893 2.697 1.725
6.00 7.94 0.749 1.390 1.893 2.466 3.058 2.953 3.044 2.893 2.854 2.676 1.683
6.00 10.00 0.663 1.298 1.795 2.367 2.958 2.932 2.996 2.834 2.795 2.636 1.620
6.00 12.59 0.559 1.186 1.679 2.249 2.839 2.886 2.925 2.752 2.714 2.573 1.533
6.00 15.85 0.440 1.059 1.545 2.114 2.702 2.812 2.829 2.647 2.608 2.483 1.420
6.00 19.95 0.309 0.919 1.399 1.965 2.551 2.710 2.710 2.521 2.481 2.369 1.283
6.00 25.12 0.169 0.769 1.242 1.804 2.388 2.571 2.562 2.368 2.327 2.222 1.119
6.00 31.62 0.022 0.613 1.078 1.636 2.216 2.399 2.389 2.193 2.152 2.048 0.931
6.00 39.81 -0.128 0.451 0.909 1.461 2.036 2.219 2.207 2.010 1.967 1.867 0.734
6.00 50.12 -0.282 0.286 0.736 1.280 1.850 2.032 2.019 1.819 1.775 1.677 0.528
6.00 63.10 -0.438 0.118 0.559 1.094 1.657 1.838 1.824 1.620 1.574 1.481 0.313
6.00 79.43 -0.596 -0.053 0.380 0.903 1.457 1.637 1.621 1.412 1.364 1.276 0.088
6.00 100.00 -0.757 -0.226 0.198 0.706 1.249 1.428 1.409 1.195 1.143 1.062 -0.148
6.00 125.89 -0.920 -0.401 0.013 0.502 1.031 1.209 1.186 0.965 0.909 0.836 -0.398
6.00 158.49 -1.085 -0.580 -0.175 0.290 0.801 0.977 0.950 0.720 0.660 0.597 -0.665
6.00 199.53 -1.255 -0.763 -0.368 0.068 0.556 0.731 0.697 0.456 0.390 0.340 -0.954
6.00 251.19 -1.429 -0.951 -0.565 -0.167 0.293 0.465 0.424 0.169 0.095 0.062 -1.269
6.00 316.23 -1.609 -1.144 -0.768 -0.418 0.006 0.175 0.125 -0.147 -0.231 -0.243 -1.618
6.00 398.11 -1.797 -1.346 -0.979 -0.688 -0.309 -0.145 -0.206 -0.500 -0.597 -0.583 -2.009
6.00 501.19 -1.994 -1.556 -1.200 -0.984 -0.662 -0.503 -0.578 -0.900 -1.012 -0.965 -2.454
6.00 630.96 -2.203 -1.779 -1.432 -1.311 -1.060 -0.908 -1.001 -1.359 -1.490 -1.401 -2.965
6.00 794.33 -2.427 -2.017 -1.680 -1.678 -1.517 -1.373 -1.489 -1.890 -2.046 -1.906 -3.560
6.00 1000.00 -2.670 -2.274 -1.947 -2.095 -2.047 -1.913 -2.058 -2.515 -2.702 -2.495 -4.262
6.25 1.00 1.049 1.715 2.219 2.762 3.325 3.102 3.205 3.059 3.013 2.827 1.852
6.25 1.26 1.050 1.714 2.217 2.760 3.323 3.100 3.203 3.057 3.011 2.825 1.850
6.25 1.58 1.049 1.712 2.214 2.757 3.320 3.097 3.200 3.054 3.007 2.822 1.847
6.25 2.00 1.048 1.709 2.209 2.753 3.315 3.092 3.195 3.049 3.003 2.817 1.842
6.25 2.51 1.044 1.703 2.202 2.745 3.308 3.085 3.188 3.042 2.995 2.810 1.834
6.25 3.16 1.038 1.693 2.190 2.734 3.296 3.073 3.176 3.030 2.983 2.798 1.821
6.25 3.98 1.026 1.678 2.173 2.716 3.278 3.055 3.158 3.012 2.965 2.780 1.802
6.25 5.01 1.007 1.655 2.147 2.690 3.252 3.029 3.131 2.985 2.938 2.753 1.773
6.25 6.31 0.977 1.621 2.109 2.651 3.213 2.990 3.093 2.946 2.899 2.714 1.731
6.25 7.94 0.933 1.571 2.055 2.597 3.158 2.977 3.065 2.913 2.866 2.691 1.696
6.25 10.00 0.872 1.504 1.984 2.524 3.085 2.971 3.036 2.875 2.827 2.669 1.654
6.25 12.59 0.792 1.417 1.892 2.431 2.991 2.948 2.989 2.817 2.770 2.629 1.593
6.25 15.85 0.695 1.311 1.781 2.318 2.876 2.902 2.919 2.738 2.690 2.566 1.507
6.25 19.95 0.581 1.189 1.652 2.187 2.743 2.829 2.824 2.634 2.586 2.477 1.396
6.25 25.12 0.454 1.052 1.509 2.040 2.594 2.728 2.706 2.509 2.460 2.364 1.261
6.25 31.62 0.317 0.906 1.355 1.882 2.432 2.588 2.558 2.356 2.306 2.217 1.096
6.25 39.81 0.173 0.751 1.193 1.714 2.260 2.415 2.384 2.180 2.129 2.043 0.907
6.25 50.12 0.024 0.591 1.024 1.538 2.079 2.234 2.201 1.994 1.941 1.859 0.706
6.25 63.10 -0.129 0.426 0.851 1.356 1.890 2.044 2.009 1.799 1.744 1.666 0.496
6.25 79.43 -0.285 0.258 0.675 1.168 1.692 1.846 1.809 1.594 1.537 1.464 0.274
6.25 100.00 -0.443 0.087 0.495 0.973 1.486 1.639 1.599 1.379 1.319 1.252 0.040
6.25 125.89 -0.605 -0.087 0.312 0.771 1.270 1.421 1.378 1.151 1.087 1.028 -0.208
6.25 158.49 -0.769 -0.264 0.125 0.560 1.042 1.191 1.143 0.908 0.839 0.791 -0.474
6.25 199.53 -0.937 -0.446 -0.066 0.339 0.798 0.946 0.892 0.645 0.570 0.535 -0.761
6.25 251.19 -1.111 -0.632 -0.262 0.106 0.536 0.681 0.620 0.360 0.277 0.258 -1.075
6.25 316.23 -1.290 -0.825 -0.464 -0.144 0.251 0.393 0.323 0.044 -0.048 -0.046 -1.423
6.25 398.11 -1.476 -1.025 -0.674 -0.413 -0.064 0.074 -0.007 -0.308 -0.413 -0.384 -1.813
6.25 501.19 -1.672 -1.235 -0.894 -0.708 -0.415 -0.282 -0.378 -0.707 -0.827 -0.766 -2.256
6.25 630.96 -1.880 -1.456 -1.125 -1.034 -0.813 -0.687 -0.801 -1.164 -1.304 -1.201 -2.766
6.25 794.33 -2.103 -1.693 -1.372 -1.400 -1.269 -1.150 -1.287 -1.695 -1.859 -1.704 -3.360
6.25 1000.00 -2.345 -1.949 -1.637 -1.816 -1.797 -1.690 -1.855 -2.318 -2.514 -2.292 -4.060
6.50 1.00 1.144 1.804 2.290 2.801 3.332 3.083 3.165 3.011 2.956 2.786 1.792
6.50 1.26 1.145 1.804 2.289 2.800 3.331 3.081 3.163 3.010 2.955 2.785 1.790
6.50 1.58 1.146 1.803 2.287 2.798 3.329 3.080 3.162 3.009 2.953 2.783 1.789
6.50 2.00 1.146 1.802 2.284 2.795 3.326 3.077 3.159 3.006 2.950 2.780 1.786
6.50 2.51 1.146 1.799 2.280 2.791 3.322 3.073 3.155 3.002 2.946 2.776 1.781
6.50 3.16 1.144 1.795 2.274 2.784 3.315 3.066 3.148 2.995 2.939 2.769 1.774
6.50 3.98 1.139 1.787 2.264 2.774 3.305 3.056 3.138 2.984 2.928 2.759 1.762
6.50 5.01 1.130 1.774 2.248 2.758 3.289 3.040 3.121 2.968 2.912 2.743 1.745
6.50 6.31 1.114 1.754 2.225 2.734 3.265 3.016 3.097 2.944 2.888 2.719 1.719
6.50 7.94 1.089 1.723 2.190 2.700 3.230 2.997 3.073 2.917 2.861 2.696 1.691
6.50 10.00 1.050 1.678 2.141 2.650 3.180 2.997 3.056 2.893 2.837 2.684 1.664
6.50 12.59 0.995 1.617 2.075 2.582 3.111 2.989 3.026 2.855 2.799 2.661 1.624
6.50 15.85 0.922 1.536 1.989 2.495 3.022 2.964 2.980 2.799 2.743 2.620 1.564
6.50 19.95 0.830 1.436 1.883 2.386 2.912 2.918 2.911 2.721 2.664 2.558 1.480
6.50 25.12 0.721 1.318 1.759 2.259 2.782 2.845 2.818 2.620 2.562 2.471 1.370
6.50 31.62 0.599 1.186 1.619 2.115 2.635 2.745 2.701 2.495 2.436 2.358 1.236
6.50 39.81 0.465 1.042 1.468 1.958 2.474 2.603 2.552 2.341 2.281 2.210 1.070
6.50 50.12 0.323 0.889 1.307 1.791 2.301 2.430 2.377 2.163 2.102 2.034 0.878
6.50 63.10 0.176 0.730 1.140 1.614 2.118 2.246 2.191 1.974 1.911 1.847 0.674
6.50 79.43 0.024 0.566 0.968 1.430 1.925 2.052 1.995 1.774 1.708 1.649 0.457
6.50 100.00 -0.132 0.398 0.791 1.238 1.722 1.848 1.788 1.561 1.493 1.440 0.226
6.50 125.89 -0.291 0.226 0.610 1.038 1.508 1.633 1.569 1.336 1.263 1.219 -0.019
6.50 158.49 -0.454 0.050 0.425 0.830 1.281 1.405 1.336 1.094 1.017 0.983 -0.283
6.50 199.53 -0.621 -0.130 0.235 0.610 1.040 1.161 1.087 0.834 0.750 0.730 -0.568
6.50 251.19 -0.793 -0.315 0.040 0.378 0.779 0.898 0.816 0.549 0.458 0.454 -0.881
6.50 316.23 -0.971 -0.507 -0.161 0.130 0.495 0.610 0.520 0.235 0.134 0.151 -1.227
6.50 398.11 -1.157 -0.706 -0.369 -0.139 0.181 0.293 0.191 -0.116 -0.229 -0.186 -1.616
6.50 501.19 -1.352 -0.914 -0.588 -0.432 -0.169 -0.063 -0.179 -0.514 -0.642 -0.566 -2.058
6.50 630.96 -1.559 -1.135 -0.818 -0.758 -0.565 -0.466 -0.600 -0.970 -1.118 -1.000 -2.567
6.50 794.33 -1.781 -1.371 -1.064 -1.122 -1.020 -0.929 -1.086 -1.500 -1.672 -1.502 -3.160
6.50 1000.00 -2.022 -1.626 -1.328 -1.537 -1.548 -1.467 -1.653 -2.122 -2.326 -2.090 -3.859
6.75 1.00 1.239 1.894 2.362 2.839 3.339 3.062 3.123 2.963 2.898 2.744 1.730
6.75 1.26 1.241 1.894 2.362 2.839 3.338 3.062 3.123 2.962 2.897 2.743 1.729
6.75 1.58 1.242 1.894 2.361 2.838 3.337 3.061 3.122 2.961 2.896 2.742 1.728
6.75 2.00 1.243 1.894 2.359 2.836 3.336 3.059 3.120 2.960 2.895 2.741 1.726
6.75 2.51 1.244 1.893 2.357 2.834 3.333 3.057 3.118 2.957 2.892 2.738 1.724
6.75 3.16 1.245 1.891 2.353 2.830 3.329 3.053 3.114 2.953 2.888 2.735 1.720
6.75 3.98 1.244 1.887 2.347 2.824 3.323 3.047 3.108 2.947 2.882 2.729 1.713
6.75 5.01 1.241 1.880 2.338 2.815 3.314 3.038 3.099 2.938 2.873 2.719 1.703
6.75 6.31 1.234 1.870 2.324 2.801 3.300 3.023 3.084 2.923 2.858 2.705 1.687
6.75 7.94 1.222 1.852 2.303 2.779 3.278 3.019 3.074 2.910 2.845 2.696 1.673
6.75 10.00 1.200 1.825 2.272 2.748 3.246 3.019 3.063 2.895 2.830 2.689 1.657
6.75 12.59 1.166 1.785 2.228 2.702 3.200 3.016 3.045 2.871 2.806 2.675 1.631
6.75 15.85 1.117 1.729 2.167 2.640 3.136 3.005 3.016 2.834 2.768 2.651 1.591
6.75 19.95 1.050 1.654 2.086 2.557 3.052 2.979 2.969 2.779 2.713 2.611 1.532
6.75 25.12 0.965 1.560 1.985 2.453 2.946 2.932 2.902 2.703 2.636 2.549 1.450
6.75 31.62 0.862 1.447 1.866 2.330 2.820 2.860 2.810 2.603 2.535 2.462 1.341
6.75 39.81 0.743 1.318 1.730 2.189 2.675 2.760 2.693 2.478 2.409 2.350 1.207
6.75 50.12 0.613 1.177 1.581 2.033 2.514 2.616 2.542 2.322 2.252 2.199 1.039
6.75 63.10 0.473 1.026 1.423 1.866 2.339 2.441 2.365 2.142 2.070 2.021 0.844
6.75 79.43 0.327 0.868 1.256 1.688 2.152 2.253 2.175 1.948 1.873 1.830 0.634
6.75 100.00 0.175 0.704 1.083 1.500 1.954 2.054 1.973 1.740 1.663 1.626 0.408
6.75 125.89 0.019 0.536 0.906 1.304 1.744 1.842 1.758 1.518 1.437 1.408 0.166
6.75 158.49 -0.142 0.362 0.723 1.098 1.520 1.616 1.528 1.279 1.193 1.174 -0.094
6.75 199.53 -0.307 0.184 0.535 0.880 1.280 1.374 1.280 1.021 0.928 0.923 -0.378
6.75 251.19 -0.478 0.000 0.342 0.650 1.021 1.113 1.011 0.738 0.638 0.649 -0.688
6.75 316.23 -0.654 -0.190 0.143 0.403 0.738 0.827 0.716 0.425 0.316 0.347 -1.033
6.75 398.11 -0.839 -0.388 -0.065 0.135 0.426 0.511 0.389 0.076 -0.046 0.011 -1.420
6.75 501.19 -1.033 -0.595 -0.282 -0.157 0.077 0.157 0.020 -0.321 -0.458 -0.367 -1.861
6.75 630.96 -1.239 -0.815 -0.511 -0.481 -0.318 -0.245 -0.400 -0.776 -0.933 -0.800 -2.369
6.75 794.33 -1.460 -1.050 -0.756 -0.845 -0.772 -0.707 -0.884 -1.304 -1.486 -1.301 -2.961
6.75 1000.00 -1.700 -1.304 -1.020 -1.259 -1.299 -1.244 -1.450 -1.926 -2.138 -1.888 -3.659
7.00 1.00 1.335 1.984 2.436 2.878 3.344 3.041 3.081 2.913 2.838 2.701 1.666
7.00 1.26 1.337 1.984 2.435 2.878 3.344 3.041 3.081 2.912 2.838 2.701 1.665
7.00 1.58 1.338 1.985 2.435 2.877 3.344 3.040 3.080 2.912 2.837 2.700 1.665
7.00 2.00 1.340 1.985 2.434 2.876 3.343 3.040 3.080 2.911 2.836 2.699 1.664
7.00 2.51 1.342 1.985 2.433 2.875 3.341 3.039 3.079 2.910 2.836 2.699 1.663
7.00 3.16 1.343 1.984 2.431 2.873 3.339 3.040 3.078 2.909 2.835 2.698 1.662
7.00 3.98 1.345 1.983 2.427 2.869 3.336 3.040 3.077 2.908 2.833 2.698 1.660
7.00 5.01 1.345 1.980 2.422 2.864 3.330 3.040 3.076 2.905 2.831 2.697 1.658
7.00 6.31 1.344 1.975 2.414 2.856 3.322 3.041 3.073 2.901 2.827 2.695 1.654
7.00 7.94 1.339 1.966 2.402 2.843 3.309 3.041 3.069 2.895 2.821 2.692 1.647
7.00 10.00 1.329 1.951 2.383 2.824 3.289 3.041 3.062 2.886 2.811 2.687 1.637
7.00 12.59 1.312 1.927 2.355 2.795 3.260 3.040 3.051 2.870 2.796 2.679 1.620
7.00 15.85 1.283 1.891 2.315 2.754 3.218 3.034 3.032 2.847 2.772 2.664 1.595
7.00 19.95 1.239 1.840 2.258 2.695 3.158 3.020 3.003 2.810 2.735 2.639 1.555
7.00 25.12 1.178 1.771 2.183 2.618 3.078 2.993 2.957 2.757 2.681 2.599 1.497
7.00 31.62 1.099 1.682 2.088 2.519 2.977 2.945 2.890 2.682 2.605 2.537 1.416
7.00 39.81 1.001 1.575 1.973 2.399 2.854 2.873 2.799 2.582 2.504 2.451 1.309
7.00 50.12 0.887 1.450 1.841 2.261 2.710 2.772 2.682 2.457 2.378 2.338 1.174
7.00 63.10 0.760 1.312 1.695 2.106 2.549 2.624 2.528 2.298 2.217 2.183 1.001
7.00 79.43 0.622 1.163 1.538 1.938 2.372 2.446 2.348 2.114 2.031 2.002 0.802
7.00 100.00 0.477 1.005 1.372 1.757 2.181 2.254 2.153 1.913 1.827 1.805 0.584
7.00 125.89 0.325 0.841 1.198 1.566 1.975 2.047 1.943 1.696 1.606 1.592 0.348
7.00 158.49 0.168 0.671 1.019 1.363 1.755 1.825 1.716 1.461 1.367 1.363 0.091
7.00 199.53 0.005 0.495 0.834 1.148 1.518 1.586 1.472 1.206 1.105 1.114 -0.189
7.00 251.19 -0.164 0.313 0.643 0.920 1.261 1.327 1.205 0.925 0.817 0.842 -0.497
7.00 316.23 -0.339 0.125 0.445 0.675 0.981 1.043 0.912 0.615 0.496 0.543 -0.840
7.00 398.11 -0.522 -0.071 0.239 0.409 0.670 0.728 0.586 0.266 0.136 0.208 -1.225
7.00 501.19 -0.715 -0.278 0.023 0.118 0.322 0.375 0.219 -0.129 -0.274 -0.169 -1.665
7.00 630.96 -0.920 -0.496 -0.205 -0.205 -0.072 -0.025 -0.200 -0.582 -0.748 -0.601 -2.171
7.00 794.33 -1.140 -0.730 -0.448 -0.568 -0.524 -0.486 -0.684 -1.110 -1.300 -1.101 -2.762
7.00 1000.00 -1.379 -0.983 -0.711 -0.980 -1.050 -1.022 -1.248 -1.730 -1.951 -1.686 -3.458
7.25 1.00 1.431 2.074 2.511 2.916 3.349 3.064 3.067 2.883 2.799 2.690 1.624
7.25 1.26 1.433 2.075 2.510 2.916 3.348 3.064 3.067 2.883 2.799 2.690 1.624
7.25 1.58 1.434 2.075 2.510 2.916 3.348 3.064 3.067 2.883 2.799 2.690 1.624
7.25 2.00 1.436 2.076 2.510 2.915 3.348 3.064 3.066 2.883 2.799 2.690 1.624
7.25 2.51 1.438 2.076 2.509 2.915 3.347 3.064 3.066 2.883 2.798 2.690 1.623
7.25 3.16 1.440 2.076 2.508 2.913 3.346 3.064 3.066 2.882 2.798 2.689 1.623
7.25 3.98 1.443 2.076 2.506 2.912 3.344 3.064 3.065 2.881 2.797 2.689 1.622
7.25 5.01 1.445 2.075 2.503 2.909 3.341 3.063 3.064 2.879 2.795 2.688 1.620
7.25 6.31 1.447 2.073 2.498 2.904 3.336 3.063 3.062 2.877 2.793 2.687 1.617
7.25 7.94 1.447 2.069 2.491 2.897 3.328 3.063 3.059 2.873 2.789 2.685 1.613
7.25 10.00 1.444 2.062 2.480 2.885 3.317 3.062 3.055 2.867 2.783 2.681 1.606
7.25 12.59 1.437 2.049 2.464 2.868 3.299 3.061 3.047 2.857 2.773 2.676 1.596
7.25 15.85 1.423 2.028 2.438 2.842 3.272 3.057 3.036 2.842 2.757 2.666 1.580
7.25 19.95 1.399 1.997 2.401 2.803 3.233 3.049 3.017 2.819 2.734 2.650 1.554
7.25 25.12 1.360 1.951 2.350 2.749 3.177 3.033 2.987 2.783 2.697 2.624 1.515
7.25 31.62 1.305 1.887 2.279 2.676 3.102 3.004 2.941 2.730 2.644 2.583 1.458
7.25 39.81 1.232 1.804 2.189 2.582 3.004 2.956 2.875 2.656 2.569 2.522 1.378
7.25 50.12 1.139 1.701 2.079 2.466 2.884 2.882 2.784 2.556 2.468 2.435 1.270
7.25 63.10 1.030 1.580 1.951 2.330 2.741 2.781 2.667 2.431 2.341 2.321 1.134
7.25 79.43 0.906 1.445 1.808 2.175 2.579 2.626 2.507 2.266 2.174 2.161 0.955
7.25 100.00 0.770 1.298 1.652 2.005 2.398 2.445 2.323 2.077 1.982 1.975 0.750
7.25 125.89 0.625 1.140 1.486 1.822 2.201 2.246 2.121 1.868 1.769 1.770 0.522
7.25 158.49 0.473 0.975 1.312 1.624 1.986 2.030 1.901 1.639 1.535 1.546 0.272
7.25 199.53 0.313 0.803 1.131 1.414 1.754 1.795 1.660 1.387 1.278 1.302 -0.004
7.25 251.19 0.147 0.624 0.942 1.188 1.500 1.539 1.397 1.110 0.993 1.033 -0.308
7.25 316.23 -0.026 0.438 0.747 0.945 1.221 1.257 1.106 0.802 0.675 0.736 -0.648
7.25 398.11 -0.207 0.243 0.542 0.681 0.913 0.944 0.782 0.456 0.317 0.404 -1.032
7.25 501.19 -0.399 0.038 0.328 0.392 0.567 0.593 0.416 0.063 -0.092 0.028 -1.469
7.25 630.96 -0.602 -0.179 0.101 0.070 0.174 0.194 -0.001 -0.390 -0.564 -0.402 -1.974
7.25 794.33 -0.821 -0.411 -0.141 -0.291 -0.277 -0.265 -0.483 -0.916 -1.114 -0.901 -2.563
7.25 1000.00 -1.059 -0.663 -0.403 -0.702 -0.802 -0.800 -1.047 -1.535 -1.764 -1.485 -3.259
7.50 1.00 1.527 2.164 2.586 2.954 3.350 3.084 3.049 2.851 2.756 2.676 1.578
7.50 1.26 1.528 2.165 2.586 2.953 3.350 3.084 3.049 2.851 2.756 2.676 1.578
7.50 1.58 1.530 2.165 2.586 2.953 3.350 3.084 3.049 2.850 2.756 2.676 1.578
7.50 2.00 1.532 2.166 2.586 2.953 3.349 3.084 3.049 2.850 2.756 2.676 1.578
7.50 2.51 1.534 2.167 2.585 2.953 3.349 3.084 3.049 2.850 2.756 2.676 1.577
7.50 3.16 1.537 2.167 2.585 2.952 3.348 3.083 3.049 2.850 2.755 2.676 1.577
7.50 3.98 1.540 2.168 2.584 2.951 3.347 3.083 3.048 2.849 2.754 2.675 1.576
7.50 5.01 1.543 2.168 2.582 2.949 3.345 3.083 3.047 2.848 2.753 2.675 1.575
7.50 6.31 1.546 2.168 2.580 2.946 3.343 3.083 3.046 2.847 2.752 2.674 1.574
7.50 7.94 1.548 2.167 2.576 2.942 3.338 3.082 3.044 2.844 2.749 2.672 1.571
7.50 10.00 1.550 2.164 2.569 2.936 3.331 3.081 3.041 2.840 2.745 2.670 1.567
7.50 12.59 1.549 2.158 2.559 2.925 3.321 3.080 3.037 2.834 2.739 2.666 1.560
7.50 15.85 1.545 2.147 2.544 2.910 3.305 3.077 3.029 2.824 2.729 2.659 1.550
7.50 19.95 1.534 2.129 2.522 2.886 3.280 3.072 3.017 2.809 2.714 2.649 1.533
7.50 25.12 1.514 2.101 2.488 2.851 3.244 3.062 2.997 2.786 2.690 2.632 1.508
7.50 31.62 1.481 2.060 2.440 2.800 3.192 3.044 2.967 2.750 2.654 2.606 1.469
7.50 39.81 1.431 2.001 2.375 2.732 3.120 3.013 2.922 2.698 2.601 2.564 1.412
7.50 50.12 1.363 1.923 2.290 2.641 3.026 2.963 2.855 2.624 2.526 2.502 1.332
7.50 63.10 1.276 1.825 2.185 2.529 2.907 2.888 2.764 2.524 2.425 2.414 1.223
7.50 79.43 1.171 1.709 2.060 2.394 2.765 2.784 2.645 2.396 2.295 2.297 1.084
7.50 100.00 1.050 1.576 1.919 2.240 2.601 2.621 2.478 2.224 2.120 2.129 0.898
7.50 125.89 0.915 1.430 1.765 2.068 2.416 2.434 2.288 2.028 1.920 1.937 0.684
7.50 158.49 0.771 1.273 1.599 1.879 2.210 2.227 2.077 1.808 1.695 1.722 0.443
7.50 199.53 0.617 1.106 1.423 1.674 1.984 1.998 1.843 1.563 1.445 1.484 0.175
7.50 251.19 0.455 0.931 1.239 1.453 1.735 1.747 1.584 1.291 1.165 1.220 -0.124
7.50 316.23 0.285 0.748 1.046 1.214 1.460 1.469 1.297 0.986 0.851 0.927 -0.460
7.50 398.11 0.105 0.556 0.844 0.952 1.154 1.159 0.976 0.643 0.495 0.597 -0.841
7.50 501.19 -0.084 0.353 0.631 0.665 0.810 0.810 0.612 0.252 0.089 0.224 -1.276
7.50 630.96 -0.286 0.137 0.406 0.345 0.419 0.412 0.197 -0.198 -0.381 -0.205 -1.778
7.50 794.33 -0.504 -0.094 0.165 -0.015 -0.031 -0.045 -0.284 -0.723 -0.930 -0.701 -2.366
7.50 1000.00 -0.740 -0.345 -0.095 -0.425 -0.554 -0.579 -0.846 -1.340 -1.578 -1.284 -3.060
7.75 1.00 1.623 2.254 2.663 2.988 3.347 3.099 3.026 2.811 2.706 2.656 1.524
7.75 1.26 1.624 2.255 2.663 2.988 3.347 3.099 3.026 2.811 2.706 2.656 1.524
7.75 1.58 1.625 2.255 2.663 2.988 3.347 3.099 3.026 2.811 2.706 2.656 1.524
7.75 2.00 1.627 2.256 2.662 2.988 3.347 3.099 3.026 2.811 2.706 2.656 1.524
7.75 2.51 1.629 2.257 2.662 2.988 3.346 3.098 3.026 2.811 2.705 2.656 1.524
7.75 3.16 1.632 2.257 2.662 2.987 3.346 3.098 3.026 2.811 2.705 2.656 1.524
7.75 3.98 1.635 2.258 2.661 2.987 3.345 3.098 3.026 2.810 2.705 2.655 1.523
7.75 5.01 1.638 2.259 2.660 2.986 3.344 3.098 3.025 2.810 2.704 2.655 1.523
7.75 6.31 1.642 2.260 2.659 2.984 3.343 3.098 3.024 2.809 2.703 2.654 1.521
7.75 7.94 1.646 2.260 2.657 2.982 3.340 3.097 3.023 2.807 2.702 2.653 1.520
7.75 10.00 1.650 2.260 2.653 2.978 3.336 3.096 3.021 2.805 2.699 2.652 1.517
7.75 12.59 1.653 2.258 2.647 2.972 3.330 3.095 3.018 2.801 2.695 2.649 1.513
7.75 15.85 1.654 2.253 2.639 2.963 3.320 3.092 3.013 2.794 2.689 2.645 1.506
7.75 19.95 1.652 2.244 2.625 2.948 3.305 3.088 3.005 2.785 2.679 2.638 1.495
7.75 25.12 1.644 2.229 2.605 2.927 3.282 3.082 2.992 2.770 2.663 2.627 1.479
7.75 31.62 1.628 2.205 2.574 2.894 3.249 3.070 2.973 2.746 2.640 2.609 1.454
7.75 39.81 1.599 2.167 2.530 2.848 3.200 3.050 2.942 2.711 2.604 2.581 1.415
7.75 50.12 1.555 2.113 2.470 2.783 3.131 3.017 2.896 2.658 2.550 2.538 1.358
7.75 63.10 1.493 2.041 2.390 2.696 3.040 2.965 2.829 2.584 2.474 2.475 1.277
7.75 79.43 1.410 1.948 2.289 2.586 2.923 2.887 2.736 2.482 2.371 2.385 1.166
7.75 100.00 1.309 1.835 2.168 2.453 2.781 2.773 2.610 2.348 2.234 2.260 1.019
7.75 125.89 1.191 1.705 2.029 2.298 2.613 2.604 2.438 2.169 2.052 2.085 0.825
7.75 158.49 1.058 1.559 1.875 2.122 2.421 2.411 2.240 1.963 1.842 1.884 0.600
7.75 199.53 0.913 1.402 1.709 1.927 2.204 2.192 2.016 1.729 1.602 1.657 0.343
7.75 251.19 0.757 1.233 1.531 1.713 1.963 1.948 1.765 1.465 1.330 1.401 0.052
7.75 316.23 0.591 1.054 1.342 1.478 1.693 1.675 1.483 1.166 1.021 1.113 -0.278
7.75 398.11 0.415 0.865 1.144 1.220 1.391 1.369 1.166 0.827 0.670 0.787 -0.654
7.75 501.19 0.228 0.664 0.934 0.936 1.050 1.024 0.806 0.439 0.267 0.417 -1.085
7.75 630.96 0.028 0.451 0.710 0.618 0.662 0.629 0.393 -0.009 -0.200 -0.009 -1.585
7.75 794.33 -0.188 0.221 0.471 0.260 0.214 0.173 -0.086 -0.531 -0.747 -0.504 -2.170
7.75 1000.00 -0.424 -0.028 0.212 -0.149 -0.307 -0.359 -0.646 -1.147 -1.394 -1.085 -2.862
8.00 1.00 1.717 2.343 2.739 3.019 3.337 3.107 2.996 2.763 2.646 2.628 1.460
8.00 1.26 1.718 2.343 2.739 3.019 3.337 3.107 2.996 2.763 2.646 2.628 1.460
8.00 1.58 1.720 2.344 2.739 3.019 3.337 3.107 2.996 2.763 2.646 2.628 1.460
8.00 2.00 1.722 2.345 2.739 3.019 3.337 3.107 2.996 2.763 2.646 2.628 1.460
8.00 2.51 1.724 2.345 2.739 3.019 3.337 3.107 2.996 2.762 2.645 2.628 1.460
8.00 3.16 1.726 2.346 2.738 3.019 3.336 3.107 2.995 2.762 2.645 2.628 1.460
8.00 3.98 1.729 2.347 2.738 3.018 3.336 3.107 2.995 2.762 2.645 2.628 1.459
8.00 5.01 1.733 2.348 2.738 3.018 3.335 3.106 2.995 2.762 2.645 2.627 1.459
8.00 6.31 1.737 2.350 2.737 3.017 3.335 3.106 2.994 2.761 2.644 2.627 1.458
8.00 7.94 1.741 2.351 2.735 3.016 3.333 3.106 2.994 2.760 2.643 2.626 1.457
8.00 10.00 1.746 2.352 2.733 3.013 3.331 3.105 2.992 2.758 2.641 2.625 1.455
8.00 12.59 1.751 2.352 2.730 3.010 3.327 3.104 2.990 2.756 2.639 2.623 1.453
8.00 15.85 1.755 2.351 2.725 3.004 3.321 3.102 2.987 2.752 2.635 2.620 1.448
8.00 19.95 1.758 2.347 2.717 2.996 3.312 3.099 2.982 2.746 2.628 2.615 1.441
8.00 25.12 1.758 2.340 2.705 2.983 3.298 3.094 2.973 2.736 2.618 2.608 1.431
8.00 31.62 1.753 2.327 2.687 2.963 3.277 3.085 2.960 2.721 2.603 2.596 1.414
8.00 39.81 1.740 2.306 2.659 2.933 3.245 3.072 2.940 2.697 2.579 2.577 1.388
8.00 50.12 1.716 2.272 2.619 2.889 3.199 3.050 2.909 2.661 2.542 2.548 1.349
8.00 63.10 1.676 2.223 2.563 2.827 3.133 3.014 2.862 2.608 2.488 2.504 1.291
8.00 79.43 1.619 2.155 2.487 2.744 3.044 2.959 2.793 2.532 2.411 2.438 1.208
8.00 100.00 1.542 2.067 2.391 2.636 2.928 2.878 2.698 2.428 2.304 2.345 1.094
8.00 125.89 1.445 1.958 2.273 2.504 2.784 2.748 2.560 2.283 2.155 2.206 0.935
8.00 158.49 1.329 1.830 2.136 2.347 2.611 2.574 2.382 2.097 1.966 2.026 0.732
8.00 199.53 1.196 1.685 1.983 2.166 2.410 2.371 2.174 1.879 1.742 1.813 0.493
8.00 251.19 1.050 1.526 1.815 1.962 2.180 2.138 1.934 1.626 1.482 1.569 0.214
8.00 316.23 0.891 1.354 1.633 1.735 1.919 1.874 1.661 1.336 1.182 1.290 -0.106
8.00 398.11 0.720 1.169 1.440 1.483 1.623 1.574 1.350 1.004 0.838 0.971 -0.474
8.00 501.19 0.536 0.973 1.233 1.203 1.287 1.233 0.995 0.621 0.440 0.605 -0.900
8.00 630.96 0.339 0.762 1.013 0.889 0.902 0.842 0.586 0.177 -0.023 0.183 -1.396
8.00 794.33 0.125 0.534 0.776 0.533 0.457 0.389 0.110 -0.343 -0.567 -0.309 -1.978
8.00 1000.00 -0.109 0.287 0.518 0.127 -0.062 -0.141 -0.448 -0.956 -1.211 -0.887 -2.667
