AtkinsonBoore2003SSlabCascadia as implemented in OpenQuake, distance is rrup. Log10 hazard values in cgs units
          14 31 10 : nmag, ndist, nperiod
          10.000 5.000 3.000 2.000 1.000 0.400 0.200 0.100 0.040 PGA PGV
          0.691 0.691 0.691 0.691 0.668 0.645 0.645 0.645 0.576 0.622 0.650
4.75 1.00 0.236 0.823 1.369 2.110 2.750 3.129 3.274 3.067 3.033 2.787 1.879
4.75 1.26 0.192 0.776 1.321 2.061 2.702 3.080 3.226 3.018 2.985 2.738 1.826
4.75 1.58 0.130 0.712 1.255 1.995 2.636 3.024 3.171 2.963 2.930 2.686 1.762
4.75 2.00 0.049 0.628 1.169 1.909 2.549 2.965 3.116 2.908 2.875 2.640 1.691
4.75 2.51 -0.051 0.525 1.062 1.802 2.442 2.885 3.040 2.833 2.799 2.573 1.596
4.75 3.16 -0.168 0.403 0.937 1.676 2.316 2.784 2.943 2.735 2.701 2.483 1.479
4.75 3.98 -0.300 0.265 0.796 1.535 2.174 2.662 2.824 2.616 2.582 2.370 1.342
4.75 5.01 -0.443 0.116 0.643 1.381 2.020 2.524 2.688 2.480 2.446 2.239 1.186
4.75 6.31 -0.594 -0.041 0.480 1.218 1.856 2.364 2.529 2.320 2.286 2.081 1.011
4.75 7.94 -0.749 -0.204 0.312 1.048 1.686 2.194 2.358 2.149 2.115 1.910 0.825
4.75 10.00 -0.908 -0.371 0.139 0.874 1.510 2.018 2.183 1.973 1.938 1.734 0.634
4.75 12.59 -1.068 -0.540 -0.036 0.697 1.331 1.839 2.003 1.793 1.758 1.555 0.439
4.75 15.85 -1.229 -0.711 -0.214 0.517 1.150 1.657 1.821 1.610 1.574 1.372 0.241
4.75 19.95 -1.390 -0.882 -0.393 0.335 0.965 1.473 1.636 1.423 1.387 1.186 0.040
4.75 25.12 -1.552 -1.055 -0.573 0.151 0.778 1.286 1.448 1.234 1.197 0.998 -0.164
4.75 31.62 -1.713 -1.228 -0.755 -0.036 0.589 1.096 1.257 1.041 1.004 0.806 -0.371
4.75 39.81 -1.875 -1.402 -0.937 -0.224 0.396 0.902 1.062 0.845 0.806 0.611 -0.582
4.75 50.12 -2.038 -1.577 -1.121 -0.415 0.199 0.705 0.864 0.643 0.603 0.411 -0.797
4.75 63.10 -2.201 -1.752 -1.306 -0.610 -0.003 0.503 0.660 0.436 0.393 0.206 -1.017
4.75 79.43 -2.365 -1.930 -1.492 -0.808 -0.210 0.295 0.449 0.221 0.176 -0.006 -1.244
4.75 100.00 -2.531 -2.109 -1.681 -1.011 -0.425 0.079 0.230 -0.003 -0.052 -0.227 -1.479
4.75 125.89 -2.699 -2.290 -1.872 -1.221 -0.649 -0.147 0.002 -0.239 -0.291 -0.458 -1.724
4.75 158.49 -2.870 -2.475 -2.065 -1.439 -0.884 -0.384 -0.240 -0.490 -0.547 -0.703 -1.982
4.75 199.53 -3.045 -2.663 -2.263 -1.667 -1.135 -0.636 -0.498 -0.759 -0.822 -0.965 -2.256
4.75 251.19 -3.224 -2.855 -2.466 -1.907 -1.403 -0.907 -0.777 -1.051 -1.122 -1.249 -2.551
4.75 316.23 -3.409 -3.054 -2.674 -2.163 -1.695 -1.202 -1.081 -1.373 -1.454 -1.560 -2.872
4.75 398.11 -3.601 -3.260 -2.890 -2.439 -2.016 -1.527 -1.417 -1.732 -1.825 -1.904 -3.225
4.75 501.19 -3.803 -3.476 -3.116 -2.740 -2.373 -1.890 -1.795 -2.137 -2.245 -2.292 -3.619
4.75 630.96 -4.017 -3.704 -3.354 -3.072 -2.777 -2.300 -2.223 -2.600 -2.728 -2.733 -4.065
4.75 794.33 -4.246 -3.947 -3.606 -3.444 -3.239 -2.770 -2.716 -3.137 -3.290 -3.243 -4.575
4.75 1000.00 -4.494 -4.209 -3.878 -3.866 -3.774 -3.316 -3.290 -3.767 -3.950 -3.837 -5.167
5.00 1.00 0.362 0.944 1.466 2.176 2.787 3.139 3.264 3.050 3.008 2.776 1.897
5.00 1.26 0.335 0.915 1.436 2.146 2.756 3.108 3.233 3.019 2.977 2.746 1.864
5.00 1.58 0.296 0.873 1.392 2.102 2.712 3.064 3.189 2.975 2.933 2.702 1.816
5.00 2.00 0.240 0.814 1.331 2.041 2.651 3.024 3.152 2.938 2.896 2.670 1.766
5.00 2.51 0.166 0.737 1.251 1.960 2.571 2.967 3.099 2.885 2.843 2.625 1.698
5.00 3.16 0.072 0.639 1.150 1.860 2.470 2.890 3.026 2.812 2.770 2.559 1.608
5.00 3.98 -0.039 0.523 1.030 1.739 2.349 2.792 2.931 2.717 2.675 2.472 1.495
5.00 5.01 -0.166 0.390 0.894 1.602 2.211 2.674 2.816 2.601 2.559 2.362 1.361
5.00 6.31 -0.305 0.245 0.744 1.452 2.060 2.538 2.682 2.467 2.424 2.233 1.209
5.00 7.94 -0.452 0.091 0.585 1.291 1.899 2.380 2.525 2.309 2.266 2.077 1.036
5.00 10.00 -0.604 -0.069 0.419 1.124 1.730 2.212 2.356 2.140 2.097 1.907 0.852
5.00 12.59 -0.760 -0.234 0.248 0.951 1.556 2.037 2.181 1.964 1.921 1.732 0.662
5.00 15.85 -0.918 -0.402 0.074 0.774 1.378 1.859 2.002 1.784 1.740 1.553 0.467
5.00 19.95 -1.077 -0.571 -0.103 0.594 1.196 1.677 1.819 1.601 1.556 1.370 0.269
5.00 25.12 -1.237 -0.742 -0.281 0.412 1.011 1.491 1.633 1.413 1.368 1.183 0.067
5.00 31.62 -1.398 -0.913 -0.461 0.228 0.823 1.303 1.444 1.222 1.176 0.993 -0.138
5.00 39.81 -1.558 -1.086 -0.642 0.041 0.631 1.111 1.251 1.027 0.980 0.800 -0.347
5.00 50.12 -1.720 -1.260 -0.825 -0.149 0.436 0.915 1.054 0.827 0.778 0.601 -0.561
5.00 63.10 -1.882 -1.434 -1.008 -0.342 0.235 0.714 0.851 0.621 0.570 0.397 -0.779
5.00 79.43 -2.046 -1.611 -1.194 -0.539 0.029 0.507 0.641 0.407 0.353 0.186 -1.005
5.00 100.00 -2.211 -1.789 -1.381 -0.742 -0.185 0.292 0.424 0.184 0.127 -0.034 -1.239
5.00 125.89 -2.378 -1.969 -1.571 -0.951 -0.407 0.068 0.196 -0.051 -0.112 -0.264 -1.483
5.00 158.49 -2.548 -2.152 -1.764 -1.167 -0.642 -0.168 -0.045 -0.301 -0.366 -0.508 -1.740
5.00 199.53 -2.721 -2.339 -1.960 -1.394 -0.891 -0.419 -0.302 -0.569 -0.640 -0.769 -2.013
5.00 251.19 -2.899 -2.531 -2.162 -1.633 -1.159 -0.689 -0.579 -0.860 -0.939 -1.052 -2.307
5.00 316.23 -3.083 -2.729 -2.369 -1.888 -1.450 -0.983 -0.882 -1.181 -1.270 -1.361 -2.626
5.00 398.11 -3.275 -2.934 -2.584 -2.163 -1.769 -1.307 -1.218 -1.538 -1.640 -1.705 -2.979
5.00 501.19 -3.476 -3.149 -2.809 -2.463 -2.126 -1.669 -1.594 -1.942 -2.059 -2.091 -3.371
5.00 630.96 -3.689 -3.376 -3.046 -2.794 -2.529 -2.078 -2.021 -2.405 -2.541 -2.532 -3.816
5.00 794.33 -3.917 -3.617 -3.297 -3.165 -2.990 -2.547 -2.513 -2.941 -3.101 -3.040 -4.325
5.00 1000.00 -4.164 -3.878 -3.568 -3.586 -3.524 -3.092 -3.086 -3.569 -3.761 -3.634 -4.915
5.25 1.00 0.474 1.050 1.549 2.229 2.810 3.135 3.240 3.019 2.969 2.752 1.900
5.25 1.26 0.459 1.033 1.531 2.210 2.791 3.116 3.221 3.001 2.950 2.733 1.880
5.25 1.58 0.435 1.008 1.504 2.183 2.764 3.089 3.194 2.973 2.923 2.706 1.850
5.25 2.00 0.400 0.970 1.464 2.143 2.724 3.061 3.168 2.947 2.896 2.683 1.816
5.25 2.51 0.350 0.917 1.408 2.087 2.668 3.023 3.133 2.912 2.861 2.654 1.770
5.25 3.16 0.283 0.845 1.334 2.013 2.593 2.969 3.082 2.861 2.810 2.609 1.706
5.25 3.98 0.196 0.754 1.239 1.917 2.498 2.896 3.012 2.791 2.740 2.546 1.620
5.25 5.01 0.090 0.643 1.125 1.803 2.382 2.801 2.920 2.699 2.648 2.461 1.511
5.25 6.31 -0.031 0.516 0.993 1.670 2.249 2.686 2.808 2.586 2.535 2.354 1.381
5.25 7.94 -0.165 0.375 0.847 1.523 2.101 2.553 2.677 2.455 2.403 2.227 1.232
5.25 10.00 -0.308 0.224 0.691 1.365 1.943 2.397 2.521 2.299 2.247 2.072 1.062
5.25 12.59 -0.458 0.066 0.527 1.200 1.775 2.230 2.354 2.131 2.079 1.905 0.879
5.25 15.85 -0.611 -0.097 0.358 1.028 1.602 2.057 2.180 1.956 1.903 1.730 0.690
5.25 19.95 -0.767 -0.263 0.185 0.852 1.424 1.878 2.001 1.776 1.723 1.551 0.496
5.25 25.12 -0.925 -0.431 0.009 0.673 1.242 1.696 1.818 1.591 1.537 1.367 0.297
5.25 31.62 -1.084 -0.601 -0.169 0.490 1.056 1.510 1.630 1.402 1.347 1.180 0.094
5.25 39.81 -1.243 -0.772 -0.348 0.305 0.866 1.319 1.439 1.209 1.153 0.987 -0.113
5.25 50.12 -1.403 -0.944 -0.529 0.117 0.672 1.125 1.243 1.010 0.952 0.790 -0.325
5.25 63.10 -1.565 -1.118 -0.711 -0.075 0.473 0.925 1.042 0.805 0.746 0.588 -0.542
5.25 79.43 -1.727 -1.293 -0.895 -0.271 0.268 0.719 0.833 0.593 0.531 0.378 -0.767
5.25 100.00 -1.891 -1.470 -1.082 -0.472 0.055 0.506 0.617 0.371 0.305 0.159 -0.999
5.25 125.89 -2.057 -1.649 -1.270 -0.680 -0.166 0.283 0.390 0.137 0.068 -0.070 -1.242
5.25 158.49 -2.226 -1.831 -1.462 -0.896 -0.400 0.048 0.151 -0.112 -0.186 -0.313 -1.498
5.25 199.53 -2.399 -2.017 -1.658 -1.121 -0.648 -0.203 -0.105 -0.379 -0.459 -0.573 -1.770
5.25 251.19 -2.576 -2.208 -1.858 -1.359 -0.915 -0.472 -0.382 -0.669 -0.757 -0.854 -2.063
5.25 316.23 -2.759 -2.405 -2.064 -1.613 -1.204 -0.765 -0.684 -0.989 -1.086 -1.163 -2.381
5.25 398.11 -2.950 -2.609 -2.279 -1.887 -1.523 -1.088 -1.018 -1.345 -1.455 -1.506 -2.732
5.25 501.19 -3.150 -2.823 -2.502 -2.186 -1.879 -1.448 -1.393 -1.748 -1.873 -1.891 -3.124
5.25 630.96 -3.362 -3.048 -2.738 -2.516 -2.280 -1.857 -1.820 -2.209 -2.354 -2.330 -3.567
5.25 794.33 -3.589 -3.289 -2.988 -2.886 -2.740 -2.325 -2.310 -2.744 -2.914 -2.838 -4.075
5.25 1000.00 -3.835 -3.549 -3.258 -3.306 -3.273 -2.868 -2.883 -3.372 -3.572 -3.430 -4.664
5.50 1.00 0.577 1.148 1.624 2.273 2.824 3.123 3.207 2.980 2.921 2.719 1.894
5.50 1.26 0.569 1.138 1.614 2.262 2.813 3.112 3.196 2.969 2.910 2.708 1.882
5.50 1.58 0.556 1.124 1.597 2.246 2.797 3.098 3.183 2.956 2.897 2.696 1.866
5.50 2.00 0.536 1.101 1.573 2.221 2.772 3.082 3.169 2.942 2.882 2.684 1.847
5.50 2.51 0.505 1.067 1.537 2.185 2.736 3.058 3.146 2.919 2.860 2.665 1.817
5.50 3.16 0.461 1.019 1.486 2.134 2.685 3.023 3.113 2.886 2.826 2.636 1.774
5.50 3.98 0.399 0.953 1.418 2.065 2.615 2.971 3.064 2.837 2.778 2.594 1.713
5.50 5.01 0.319 0.868 1.329 1.976 2.526 2.901 2.997 2.770 2.710 2.532 1.632
5.50 6.31 0.220 0.763 1.220 1.866 2.416 2.810 2.909 2.681 2.622 2.450 1.528
5.50 7.94 0.104 0.641 1.093 1.738 2.287 2.699 2.800 2.572 2.512 2.346 1.402
5.50 10.00 -0.025 0.505 0.951 1.595 2.143 2.568 2.672 2.443 2.383 2.222 1.256
5.50 12.59 -0.164 0.357 0.798 1.440 1.987 2.415 2.518 2.289 2.228 2.069 1.088
5.50 15.85 -0.311 0.202 0.637 1.277 1.821 2.249 2.352 2.122 2.061 1.902 0.907
5.50 19.95 -0.462 0.041 0.469 1.106 1.648 2.076 2.178 1.947 1.886 1.729 0.719
5.50 25.12 -0.616 -0.123 0.297 0.931 1.470 1.898 1.999 1.767 1.704 1.549 0.524
5.50 31.62 -0.772 -0.290 0.123 0.751 1.287 1.714 1.815 1.581 1.517 1.364 0.325
5.50 39.81 -0.930 -0.459 -0.054 0.568 1.100 1.527 1.626 1.389 1.325 1.174 0.120
5.50 50.12 -1.089 -0.630 -0.234 0.382 0.908 1.334 1.432 1.193 1.126 0.979 -0.090
5.50 63.10 -1.249 -0.802 -0.414 0.191 0.710 1.136 1.232 0.989 0.921 0.778 -0.306
5.50 79.43 -1.410 -0.976 -0.597 -0.003 0.506 0.931 1.025 0.778 0.707 0.569 -0.529
5.50 100.00 -1.573 -1.152 -0.782 -0.203 0.295 0.719 0.810 0.557 0.484 0.352 -0.760
5.50 125.89 -1.738 -1.330 -0.970 -0.410 0.074 0.497 0.584 0.325 0.247 0.124 -1.001
5.50 158.49 -1.906 -1.511 -1.161 -0.624 -0.158 0.263 0.346 0.077 -0.005 -0.118 -1.256
5.50 199.53 -2.078 -1.696 -1.355 -0.849 -0.405 0.014 0.091 -0.189 -0.277 -0.377 -1.527
5.50 251.19 -2.254 -1.886 -1.554 -1.086 -0.671 -0.254 -0.184 -0.478 -0.574 -0.657 -1.818
5.50 316.23 -2.436 -2.082 -1.760 -1.339 -0.959 -0.546 -0.485 -0.796 -0.903 -0.965 -2.136
5.50 398.11 -2.626 -2.285 -1.973 -1.612 -1.277 -0.868 -0.819 -1.152 -1.270 -1.306 -2.486
5.50 501.19 -2.825 -2.498 -2.195 -1.909 -1.632 -1.228 -1.193 -1.554 -1.688 -1.691 -2.876
5.50 630.96 -3.036 -2.722 -2.430 -2.239 -2.032 -1.635 -1.618 -2.014 -2.168 -2.129 -3.318
5.50 794.33 -3.262 -2.962 -2.680 -2.608 -2.491 -2.102 -2.108 -2.548 -2.726 -2.635 -3.825
5.50 1000.00 -3.506 -3.221 -2.948 -3.027 -3.023 -2.644 -2.679 -3.175 -3.383 -3.227 -4.413
5.75 1.00 0.675 1.240 1.696 2.313 2.834 3.112 3.177 2.944 2.876 2.691 1.888
5.75 1.26 0.671 1.235 1.690 2.307 2.828 3.108 3.174 2.940 2.872 2.688 1.883
5.75 1.58 0.665 1.227 1.680 2.298 2.818 3.102 3.168 2.935 2.866 2.683 1.875
5.75 2.00 0.655 1.214 1.666 2.283 2.804 3.093 3.159 2.926 2.858 2.676 1.864
5.75 2.51 0.637 1.195 1.644 2.261 2.782 3.078 3.145 2.912 2.844 2.664 1.845
5.75 3.16 0.611 1.165 1.612 2.228 2.749 3.055 3.124 2.891 2.822 2.646 1.818
5.75 3.98 0.571 1.121 1.565 2.182 2.702 3.021 3.093 2.859 2.791 2.618 1.778
5.75 5.01 0.516 1.061 1.502 2.118 2.638 2.973 3.047 2.812 2.744 2.577 1.721
5.75 6.31 0.442 0.982 1.419 2.034 2.554 2.906 2.982 2.748 2.680 2.518 1.644
5.75 7.94 0.350 0.883 1.316 1.930 2.449 2.819 2.898 2.663 2.595 2.439 1.544
5.75 10.00 0.240 0.766 1.194 1.807 2.325 2.711 2.792 2.557 2.488 2.338 1.422
5.75 12.59 0.115 0.634 1.057 1.668 2.185 2.584 2.667 2.431 2.362 2.216 1.280
5.75 15.85 -0.020 0.491 0.907 1.516 2.031 2.432 2.515 2.278 2.209 2.065 1.114
5.75 19.95 -0.163 0.338 0.747 1.354 1.867 2.268 2.350 2.112 2.042 1.900 0.935
5.75 25.12 -0.312 0.179 0.582 1.185 1.695 2.096 2.177 1.938 1.867 1.726 0.747
5.75 31.62 -0.464 0.016 0.411 1.009 1.516 1.917 1.997 1.756 1.684 1.546 0.552
5.75 39.81 -0.619 -0.150 0.237 0.830 1.332 1.732 1.811 1.568 1.495 1.359 0.351
5.75 50.12 -0.776 -0.318 0.060 0.645 1.142 1.542 1.619 1.374 1.299 1.166 0.143
5.75 63.10 -0.934 -0.488 -0.119 0.457 0.946 1.345 1.421 1.172 1.096 0.967 -0.070
5.75 79.43 -1.094 -0.661 -0.300 0.264 0.744 1.142 1.216 0.963 0.884 0.760 -0.291
5.75 100.00 -1.256 -0.835 -0.483 0.065 0.534 0.932 1.002 0.743 0.661 0.544 -0.521
5.75 125.89 -1.420 -1.012 -0.670 -0.140 0.315 0.711 0.778 0.512 0.426 0.317 -0.761
5.75 158.49 -1.587 -1.193 -0.859 -0.353 0.084 0.478 0.541 0.266 0.175 0.077 -1.014
5.75 199.53 -1.758 -1.376 -1.053 -0.577 -0.162 0.230 0.287 0.001 -0.096 -0.181 -1.284
5.75 251.19 -1.933 -1.565 -1.251 -0.813 -0.427 -0.037 0.013 -0.287 -0.392 -0.461 -1.575
5.75 316.23 -2.114 -1.760 -1.455 -1.065 -0.714 -0.328 -0.287 -0.605 -0.719 -0.767 -1.891
5.75 398.11 -2.303 -1.962 -1.667 -1.336 -1.031 -0.649 -0.620 -0.959 -1.086 -1.108 -2.239
5.75 501.19 -2.501 -2.174 -1.889 -1.633 -1.385 -1.007 -0.993 -1.360 -1.502 -1.491 -2.629
5.75 630.96 -2.711 -2.398 -2.123 -1.961 -1.784 -1.413 -1.417 -1.819 -1.981 -1.928 -3.070
5.75 794.33 -2.936 -2.636 -2.371 -2.329 -2.242 -1.879 -1.906 -2.352 -2.539 -2.433 -3.576
5.75 1000.00 -3.180 -2.894 -2.639 -2.747 -2.773 -2.421 -2.476 -2.978 -3.195 -3.024 -4.163
6.00 1.00 0.770 1.331 1.766 2.352 2.842 3.107 3.154 2.914 2.837 2.671 1.886
6.00 1.26 0.769 1.328 1.762 2.348 2.838 3.105 3.152 2.911 2.835 2.669 1.883
6.00 1.58 0.767 1.324 1.757 2.343 2.833 3.101 3.148 2.908 2.831 2.666 1.878
6.00 2.00 0.762 1.317 1.749 2.334 2.825 3.096 3.143 2.903 2.826 2.662 1.871
6.00 2.51 0.754 1.306 1.736 2.321 2.812 3.087 3.135 2.894 2.817 2.655 1.861
6.00 3.16 0.740 1.289 1.716 2.302 2.792 3.073 3.122 2.881 2.804 2.643 1.844
6.00 3.98 0.717 1.262 1.687 2.272 2.762 3.051 3.102 2.861 2.784 2.626 1.819
6.00 5.01 0.682 1.223 1.645 2.230 2.720 3.020 3.072 2.831 2.754 2.599 1.781
6.00 6.31 0.633 1.169 1.587 2.171 2.660 2.974 3.028 2.787 2.710 2.560 1.728
6.00 7.94 0.565 1.096 1.510 2.093 2.582 2.911 2.967 2.726 2.649 2.504 1.655
6.00 10.00 0.479 1.003 1.412 1.995 2.482 2.828 2.886 2.644 2.567 2.427 1.560
6.00 12.59 0.375 0.892 1.296 1.876 2.363 2.723 2.784 2.541 2.464 2.329 1.442
6.00 15.85 0.256 0.764 1.162 1.741 2.226 2.599 2.661 2.418 2.340 2.210 1.303
6.00 19.95 0.125 0.624 1.016 1.592 2.075 2.449 2.511 2.267 2.188 2.061 1.140
6.00 25.12 -0.015 0.474 0.859 1.432 1.912 2.286 2.347 2.102 2.022 1.896 0.962
6.00 31.62 -0.161 0.318 0.695 1.263 1.740 2.114 2.174 1.927 1.847 1.722 0.774
6.00 39.81 -0.312 0.156 0.526 1.088 1.560 1.934 1.993 1.744 1.662 1.541 0.578
6.00 50.12 -0.466 -0.009 0.353 0.907 1.374 1.747 1.805 1.553 1.470 1.351 0.375
6.00 63.10 -0.622 -0.177 0.176 0.721 1.181 1.554 1.609 1.354 1.269 1.155 0.164
6.00 79.43 -0.780 -0.347 -0.003 0.530 0.981 1.353 1.406 1.146 1.059 0.950 -0.055
6.00 100.00 -0.941 -0.520 -0.185 0.333 0.773 1.144 1.194 0.929 0.838 0.736 -0.283
6.00 125.89 -1.103 -0.696 -0.370 0.129 0.555 0.924 0.971 0.699 0.604 0.510 -0.521
6.00 158.49 -1.269 -0.875 -0.558 -0.083 0.325 0.693 0.735 0.454 0.355 0.271 -0.773
6.00 199.53 -1.439 -1.058 -0.751 -0.305 0.080 0.446 0.483 0.190 0.085 0.014 -1.042
6.00 251.19 -1.613 -1.246 -0.948 -0.540 -0.183 0.180 0.210 -0.097 -0.210 -0.264 -1.331
6.00 316.23 -1.793 -1.439 -1.151 -0.790 -0.470 -0.110 -0.089 -0.413 -0.536 -0.569 -1.646
6.00 398.11 -1.981 -1.640 -1.362 -1.061 -0.785 -0.430 -0.421 -0.766 -0.902 -0.909 -1.993
6.00 501.19 -2.178 -1.851 -1.583 -1.357 -1.138 -0.787 -0.793 -1.166 -1.317 -1.291 -2.382
6.00 630.96 -2.387 -2.074 -1.815 -1.684 -1.536 -1.192 -1.216 -1.625 -1.795 -1.727 -2.822
6.00 794.33 -2.611 -2.312 -2.063 -2.051 -1.993 -1.657 -1.704 -2.156 -2.351 -2.232 -3.326
6.00 1000.00 -2.854 -2.568 -2.330 -2.468 -2.523 -2.197 -2.273 -2.781 -3.007 -2.821 -3.912
6.25 1.00 0.865 1.420 1.836 2.390 2.849 3.101 3.129 2.881 2.795 2.649 1.882
6.25 1.26 0.866 1.419 1.834 2.388 2.847 3.099 3.127 2.880 2.794 2.648 1.880
6.25 1.58 0.865 1.417 1.831 2.385 2.844 3.097 3.125 2.878 2.792 2.646 1.878
6.25 2.00 0.864 1.414 1.826 2.380 2.839 3.094 3.122 2.875 2.789 2.643 1.874
6.25 2.51 0.861 1.408 1.819 2.372 2.832 3.088 3.117 2.870 2.784 2.639 1.867
6.25 3.16 0.854 1.399 1.807 2.361 2.820 3.080 3.109 2.862 2.776 2.632 1.857
6.25 3.98 0.842 1.384 1.790 2.343 2.802 3.067 3.097 2.849 2.764 2.621 1.842
6.25 5.01 0.823 1.360 1.764 2.317 2.776 3.047 3.078 2.831 2.745 2.605 1.819
6.25 6.31 0.793 1.326 1.726 2.278 2.737 3.018 3.050 2.802 2.716 2.580 1.784
6.25 7.94 0.749 1.276 1.672 2.224 2.682 2.975 3.009 2.761 2.675 2.542 1.734
6.25 10.00 0.688 1.209 1.601 2.151 2.609 2.915 2.951 2.703 2.617 2.488 1.666
6.25 12.59 0.609 1.122 1.509 2.058 2.515 2.836 2.874 2.625 2.538 2.415 1.575
6.25 15.85 0.511 1.017 1.398 1.945 2.400 2.735 2.775 2.525 2.438 2.320 1.461
6.25 19.95 0.397 0.894 1.269 1.814 2.267 2.614 2.655 2.404 2.317 2.204 1.326
6.25 25.12 0.270 0.758 1.126 1.667 2.118 2.466 2.506 2.254 2.166 2.055 1.165
6.25 31.62 0.133 0.611 0.972 1.509 1.956 2.304 2.343 2.090 2.001 1.891 0.988
6.25 39.81 -0.011 0.456 0.810 1.341 1.784 2.131 2.170 1.914 1.824 1.717 0.800
6.25 50.12 -0.160 0.296 0.641 1.165 1.603 1.949 1.987 1.728 1.636 1.533 0.602
6.25 63.10 -0.313 0.131 0.468 0.983 1.414 1.759 1.795 1.533 1.439 1.340 0.395
6.25 79.43 -0.468 -0.036 0.292 0.795 1.216 1.561 1.595 1.328 1.232 1.138 0.180
6.25 100.00 -0.627 -0.207 0.112 0.600 1.010 1.354 1.385 1.113 1.014 0.926 -0.046
6.25 125.89 -0.788 -0.382 -0.071 0.398 0.794 1.137 1.164 0.885 0.782 0.702 -0.283
6.25 158.49 -0.953 -0.559 -0.258 0.188 0.566 0.907 0.929 0.642 0.534 0.465 -0.533
6.25 199.53 -1.121 -0.741 -0.449 -0.033 0.322 0.661 0.678 0.379 0.265 0.209 -0.800
6.25 251.19 -1.294 -0.927 -0.645 -0.267 0.060 0.397 0.406 0.094 -0.028 -0.068 -1.088
6.25 316.23 -1.474 -1.120 -0.847 -0.517 -0.225 0.108 0.108 -0.222 -0.353 -0.372 -1.401
6.25 398.11 -1.660 -1.320 -1.057 -0.786 -0.540 -0.211 -0.222 -0.574 -0.718 -0.710 -1.748
6.25 501.19 -1.856 -1.530 -1.277 -1.081 -0.891 -0.567 -0.593 -0.973 -1.132 -1.092 -2.135
6.25 630.96 -2.064 -1.751 -1.508 -1.407 -1.289 -0.971 -1.015 -1.430 -1.609 -1.527 -2.574
6.25 794.33 -2.287 -1.988 -1.755 -1.773 -1.745 -1.435 -1.502 -1.961 -2.164 -2.030 -3.077
6.25 1000.00 -2.529 -2.244 -2.020 -2.189 -2.273 -1.974 -2.070 -2.584 -2.819 -2.618 -3.662
6.50 1.00 0.960 1.509 1.907 2.428 2.856 3.092 3.102 2.847 2.752 2.625 1.877
6.50 1.26 0.961 1.509 1.906 2.427 2.855 3.092 3.101 2.846 2.751 2.624 1.876
6.50 1.58 0.962 1.508 1.904 2.425 2.853 3.090 3.100 2.845 2.750 2.623 1.875
6.50 2.00 0.962 1.507 1.901 2.422 2.850 3.088 3.098 2.843 2.748 2.622 1.872
6.50 2.51 0.962 1.504 1.897 2.418 2.846 3.085 3.095 2.840 2.745 2.619 1.869
6.50 3.16 0.960 1.500 1.891 2.411 2.839 3.080 3.090 2.835 2.740 2.615 1.863
6.50 3.98 0.955 1.492 1.881 2.401 2.829 3.073 3.083 2.828 2.733 2.608 1.854
6.50 5.01 0.946 1.479 1.865 2.385 2.813 3.061 3.071 2.816 2.722 2.598 1.840
6.50 6.31 0.930 1.459 1.842 2.362 2.789 3.042 3.054 2.799 2.704 2.582 1.818
6.50 7.94 0.905 1.428 1.807 2.327 2.754 3.015 3.028 2.772 2.677 2.558 1.786
6.50 10.00 0.866 1.383 1.758 2.277 2.704 2.975 2.989 2.733 2.638 2.523 1.740
6.50 12.59 0.811 1.322 1.692 2.210 2.635 2.919 2.934 2.678 2.583 2.472 1.675
6.50 15.85 0.738 1.241 1.606 2.122 2.546 2.843 2.860 2.603 2.508 2.401 1.589
6.50 19.95 0.646 1.141 1.500 2.013 2.436 2.745 2.764 2.507 2.411 2.309 1.480
6.50 25.12 0.537 1.023 1.376 1.886 2.306 2.627 2.647 2.389 2.292 2.195 1.348
6.50 31.62 0.415 0.891 1.236 1.743 2.159 2.480 2.500 2.240 2.142 2.047 1.188
6.50 39.81 0.281 0.747 1.085 1.586 1.998 2.319 2.337 2.075 1.976 1.884 1.012
6.50 50.12 0.140 0.594 0.924 1.418 1.825 2.145 2.162 1.897 1.797 1.708 0.823
6.50 63.10 -0.008 0.435 0.757 1.241 1.642 1.961 1.976 1.708 1.606 1.521 0.622
6.50 79.43 -0.160 0.271 0.585 1.057 1.449 1.767 1.780 1.508 1.403 1.323 0.411
6.50 100.00 -0.316 0.103 0.408 0.865 1.246 1.563 1.573 1.295 1.188 1.114 0.189
6.50 125.89 -0.475 -0.069 0.227 0.666 1.032 1.348 1.355 1.070 0.958 0.893 -0.045
6.50 158.49 -0.638 -0.245 0.042 0.457 0.805 1.120 1.122 0.828 0.712 0.657 -0.293
6.50 199.53 -0.805 -0.425 -0.148 0.238 0.564 0.876 0.872 0.568 0.445 0.404 -0.559
6.50 251.19 -0.977 -0.610 -0.343 0.005 0.303 0.613 0.602 0.283 0.153 0.128 -0.845
6.50 316.23 -1.155 -0.802 -0.544 -0.243 0.019 0.326 0.305 -0.031 -0.171 -0.175 -1.157
6.50 398.11 -1.341 -1.001 -0.752 -0.512 -0.295 0.008 -0.024 -0.382 -0.534 -0.512 -1.502
6.50 501.19 -1.536 -1.209 -0.971 -0.805 -0.645 -0.347 -0.393 -0.780 -0.947 -0.892 -1.888
6.50 630.96 -1.743 -1.430 -1.201 -1.130 -1.041 -0.750 -0.814 -1.236 -1.423 -1.326 -2.326
6.50 794.33 -1.965 -1.666 -1.447 -1.495 -1.496 -1.213 -1.300 -1.766 -1.977 -1.828 -2.828
6.50 1000.00 -2.206 -1.921 -1.711 -1.910 -2.024 -1.751 -1.867 -2.388 -2.631 -2.416 -3.412
6.75 1.00 1.056 1.599 1.979 2.467 2.863 3.083 3.073 2.811 2.707 2.599 1.871
6.75 1.26 1.057 1.599 1.979 2.466 2.862 3.083 3.073 2.810 2.706 2.599 1.871
6.75 1.58 1.058 1.599 1.978 2.465 2.861 3.082 3.072 2.810 2.706 2.598 1.870
6.75 2.00 1.060 1.599 1.976 2.463 2.860 3.081 3.071 2.808 2.704 2.597 1.869
6.75 2.51 1.061 1.598 1.974 2.461 2.857 3.079 3.069 2.807 2.703 2.595 1.866
6.75 3.16 1.061 1.596 1.970 2.457 2.853 3.076 3.066 2.804 2.700 2.593 1.863
6.75 3.98 1.060 1.592 1.964 2.451 2.847 3.071 3.062 2.799 2.695 2.589 1.858
6.75 5.01 1.057 1.586 1.955 2.442 2.838 3.064 3.055 2.793 2.688 2.583 1.849
6.75 6.31 1.050 1.575 1.941 2.428 2.824 3.053 3.044 2.782 2.678 2.573 1.836
6.75 7.94 1.038 1.557 1.920 2.407 2.802 3.036 3.028 2.765 2.661 2.558 1.817
6.75 10.00 1.016 1.530 1.889 2.375 2.770 3.011 3.004 2.741 2.636 2.536 1.787
6.75 12.59 0.983 1.490 1.845 2.329 2.724 2.973 2.967 2.704 2.599 2.502 1.744
6.75 15.85 0.934 1.434 1.784 2.267 2.660 2.920 2.915 2.652 2.547 2.453 1.683
6.75 19.95 0.867 1.359 1.703 2.184 2.576 2.848 2.844 2.580 2.475 2.386 1.601
6.75 25.12 0.781 1.265 1.602 2.081 2.470 2.754 2.752 2.486 2.380 2.296 1.496
6.75 31.62 0.678 1.152 1.483 1.957 2.344 2.638 2.637 2.370 2.263 2.184 1.366
6.75 39.81 0.559 1.024 1.347 1.816 2.199 2.493 2.490 2.221 2.114 2.037 1.208
6.75 50.12 0.429 0.882 1.198 1.661 2.038 2.331 2.328 2.056 1.947 1.873 1.032
6.75 63.10 0.290 0.732 1.040 1.493 1.863 2.156 2.151 1.876 1.765 1.695 0.842
6.75 79.43 0.143 0.574 0.873 1.315 1.676 1.968 1.961 1.682 1.568 1.504 0.637
6.75 100.00 -0.009 0.410 0.700 1.127 1.478 1.769 1.759 1.474 1.358 1.300 0.420
6.75 125.89 -0.165 0.241 0.523 0.931 1.268 1.557 1.543 1.252 1.132 1.082 0.190
6.75 158.49 -0.326 0.067 0.340 0.725 1.044 1.332 1.313 1.013 0.888 0.848 -0.056
6.75 199.53 -0.491 -0.111 0.152 0.507 0.804 1.090 1.066 0.755 0.623 0.597 -0.319
6.75 251.19 -0.662 -0.295 -0.041 0.277 0.545 0.828 0.797 0.472 0.333 0.323 -0.603
6.75 316.23 -0.838 -0.485 -0.240 0.030 0.262 0.542 0.502 0.159 0.011 0.021 -0.914
6.75 398.11 -1.023 -0.683 -0.448 -0.237 -0.050 0.226 0.174 -0.190 -0.351 -0.315 -1.258
6.75 501.19 -1.217 -0.890 -0.665 -0.530 -0.399 -0.128 -0.194 -0.587 -0.763 -0.693 -1.642
6.75 630.96 -1.422 -1.110 -0.894 -0.854 -0.794 -0.530 -0.614 -1.042 -1.238 -1.126 -2.079
6.75 794.33 -1.643 -1.345 -1.139 -1.218 -1.248 -0.992 -1.099 -1.570 -1.791 -1.627 -2.580
6.75 1000.00 -1.883 -1.598 -1.403 -1.631 -1.775 -1.529 -1.665 -2.192 -2.443 -2.214 -3.162
7.00 1.00 1.151 1.689 2.053 2.505 2.868 3.072 3.042 2.772 2.659 2.571 1.864
7.00 1.26 1.153 1.689 2.052 2.505 2.868 3.072 3.042 2.772 2.658 2.570 1.864
7.00 1.58 1.154 1.690 2.052 2.504 2.868 3.071 3.042 2.771 2.658 2.570 1.863
7.00 2.00 1.156 1.690 2.051 2.504 2.867 3.071 3.041 2.771 2.657 2.570 1.862
7.00 2.51 1.158 1.690 2.050 2.502 2.865 3.070 3.040 2.770 2.656 2.569 1.861
7.00 3.16 1.160 1.689 2.048 2.500 2.863 3.068 3.038 2.768 2.655 2.567 1.859
7.00 3.98 1.161 1.688 2.044 2.497 2.860 3.065 3.036 2.766 2.652 2.565 1.856
7.00 5.01 1.161 1.685 2.039 2.491 2.854 3.061 3.032 2.761 2.648 2.561 1.851
7.00 6.31 1.160 1.680 2.031 2.483 2.846 3.055 3.026 2.755 2.641 2.555 1.843
7.00 7.94 1.155 1.671 2.019 2.471 2.833 3.044 3.016 2.745 2.631 2.546 1.832
7.00 10.00 1.145 1.656 2.000 2.451 2.813 3.029 3.001 2.730 2.616 2.532 1.813
7.00 12.59 1.128 1.632 1.972 2.423 2.784 3.005 2.977 2.706 2.592 2.511 1.786
7.00 15.85 1.099 1.596 1.932 2.381 2.742 2.970 2.943 2.672 2.558 2.479 1.746
7.00 19.95 1.055 1.545 1.875 2.323 2.682 2.920 2.894 2.622 2.508 2.432 1.689
7.00 25.12 0.995 1.476 1.800 2.245 2.602 2.850 2.826 2.553 2.438 2.367 1.610
7.00 31.62 0.915 1.387 1.705 2.146 2.501 2.760 2.737 2.462 2.346 2.280 1.509
7.00 39.81 0.817 1.280 1.590 2.027 2.378 2.645 2.622 2.346 2.229 2.168 1.381
7.00 50.12 0.703 1.155 1.458 1.888 2.234 2.501 2.477 2.198 2.080 2.022 1.225
7.00 63.10 0.576 1.017 1.312 1.733 2.073 2.339 2.314 2.032 1.912 1.857 1.048
7.00 79.43 0.439 0.868 1.155 1.565 1.896 2.162 2.134 1.848 1.726 1.676 0.855
7.00 100.00 0.293 0.711 0.989 1.384 1.705 1.969 1.939 1.647 1.522 1.479 0.646
7.00 125.89 0.141 0.546 0.815 1.193 1.499 1.763 1.728 1.430 1.301 1.266 0.421
7.00 158.49 -0.016 0.376 0.636 0.990 1.279 1.541 1.502 1.195 1.062 1.037 0.179
7.00 199.53 -0.179 0.200 0.451 0.776 1.042 1.302 1.257 0.940 0.800 0.788 -0.081
7.00 251.19 -0.348 0.019 0.260 0.547 0.785 1.042 0.991 0.659 0.512 0.516 -0.363
7.00 316.23 -0.523 -0.170 0.062 0.302 0.505 0.758 0.698 0.349 0.191 0.217 -0.672
7.00 398.11 -0.706 -0.366 -0.144 0.036 0.194 0.444 0.372 0.000 -0.169 -0.118 -1.014
7.00 501.19 -0.899 -0.573 -0.360 -0.255 -0.154 0.091 0.004 -0.395 -0.579 -0.495 -1.397
7.00 630.96 -1.104 -0.791 -0.588 -0.578 -0.548 -0.310 -0.414 -0.848 -1.053 -0.927 -1.832
7.00 794.33 -1.323 -1.025 -0.831 -0.940 -1.000 -0.770 -0.898 -1.376 -1.605 -1.427 -2.332
7.00 1000.00 -1.562 -1.277 -1.094 -1.353 -1.526 -1.307 -1.463 -1.996 -2.256 -2.012 -2.913
7.25 1.00 1.247 1.779 2.128 2.544 2.873 3.059 3.009 2.730 2.607 2.539 1.854
7.25 1.26 1.249 1.780 2.127 2.543 2.872 3.059 3.009 2.730 2.607 2.539 1.854
7.25 1.58 1.250 1.780 2.127 2.543 2.872 3.059 3.009 2.730 2.607 2.539 1.854
7.25 2.00 1.252 1.781 2.127 2.543 2.872 3.058 3.009 2.730 2.606 2.539 1.853
7.25 2.51 1.254 1.781 2.126 2.542 2.871 3.058 3.008 2.729 2.606 2.538 1.852
7.25 3.16 1.257 1.781 2.125 2.541 2.870 3.057 3.007 2.728 2.605 2.537 1.851
7.25 3.98 1.259 1.781 2.123 2.539 2.868 3.055 3.005 2.727 2.603 2.536 1.849
7.25 5.01 1.261 1.781 2.120 2.536 2.865 3.053 3.003 2.724 2.601 2.534 1.847
7.25 6.31 1.263 1.779 2.115 2.531 2.860 3.049 2.999 2.720 2.597 2.530 1.842
7.25 7.94 1.263 1.775 2.108 2.524 2.852 3.043 2.993 2.714 2.591 2.525 1.835
7.25 10.00 1.260 1.767 2.097 2.512 2.841 3.033 2.984 2.705 2.581 2.516 1.824
7.25 12.59 1.253 1.754 2.081 2.495 2.823 3.019 2.970 2.691 2.567 2.503 1.807
7.25 15.85 1.239 1.734 2.055 2.469 2.796 2.996 2.948 2.669 2.545 2.483 1.782
7.25 19.95 1.215 1.702 2.018 2.431 2.757 2.963 2.916 2.636 2.512 2.452 1.745
7.25 25.12 1.177 1.656 1.967 2.377 2.701 2.916 2.870 2.588 2.464 2.408 1.691
7.25 31.62 1.122 1.592 1.896 2.303 2.626 2.850 2.804 2.522 2.397 2.345 1.616
7.25 39.81 1.048 1.509 1.806 2.209 2.528 2.762 2.717 2.433 2.307 2.260 1.518
7.25 50.12 0.955 1.406 1.696 2.093 2.408 2.648 2.603 2.317 2.189 2.147 1.391
7.25 63.10 0.846 1.286 1.568 1.957 2.265 2.505 2.458 2.169 2.040 2.001 1.236
7.25 79.43 0.722 1.150 1.425 1.803 2.103 2.342 2.293 2.000 1.869 1.835 1.058
7.25 100.00 0.586 1.003 1.269 1.633 1.922 2.160 2.109 1.811 1.677 1.649 0.861
7.25 125.89 0.441 0.846 1.103 1.449 1.725 1.961 1.907 1.602 1.464 1.444 0.644
7.25 158.49 0.289 0.681 0.929 1.252 1.510 1.745 1.686 1.373 1.230 1.220 0.409
7.25 199.53 0.129 0.509 0.748 1.041 1.278 1.510 1.446 1.121 0.973 0.976 0.154
7.25 251.19 -0.037 0.330 0.559 0.815 1.024 1.254 1.182 0.844 0.688 0.707 -0.125
7.25 316.23 -0.210 0.143 0.364 0.572 0.745 0.973 0.892 0.536 0.370 0.410 -0.431
7.25 398.11 -0.391 -0.052 0.159 0.309 0.437 0.660 0.567 0.190 0.012 0.078 -0.771
7.25 501.19 -0.582 -0.256 -0.055 0.019 0.091 0.309 0.202 -0.203 -0.397 -0.298 -1.152
7.25 630.96 -0.786 -0.474 -0.282 -0.302 -0.302 -0.091 -0.215 -0.656 -0.869 -0.728 -1.586
7.25 794.33 -1.005 -0.706 -0.524 -0.664 -0.753 -0.550 -0.698 -1.182 -1.419 -1.227 -2.084
7.25 1000.00 -1.243 -0.958 -0.786 -1.075 -1.278 -1.085 -1.261 -1.801 -2.069 -1.811 -2.664
7.50 1.00 1.343 1.870 2.203 2.581 2.874 3.043 2.973 2.684 2.551 2.504 1.841
7.50 1.26 1.345 1.870 2.203 2.581 2.874 3.042 2.972 2.684 2.551 2.504 1.841
7.50 1.58 1.346 1.871 2.203 2.581 2.874 3.042 2.972 2.684 2.550 2.504 1.841
7.50 2.00 1.348 1.871 2.203 2.580 2.873 3.042 2.972 2.684 2.550 2.504 1.840
7.50 2.51 1.350 1.872 2.202 2.580 2.873 3.042 2.972 2.683 2.550 2.503 1.840
7.50 3.16 1.353 1.873 2.202 2.579 2.872 3.041 2.971 2.683 2.549 2.503 1.839
7.50 3.98 1.356 1.873 2.201 2.578 2.871 3.040 2.970 2.682 2.548 2.502 1.838
7.50 5.01 1.359 1.873 2.199 2.576 2.869 3.039 2.969 2.680 2.547 2.501 1.837
7.50 6.31 1.362 1.873 2.197 2.574 2.867 3.037 2.967 2.678 2.545 2.499 1.834
7.50 7.94 1.365 1.872 2.193 2.569 2.862 3.033 2.963 2.675 2.541 2.495 1.830
7.50 10.00 1.366 1.869 2.186 2.563 2.855 3.027 2.958 2.669 2.535 2.490 1.823
7.50 12.59 1.365 1.863 2.176 2.553 2.845 3.018 2.949 2.660 2.526 2.482 1.813
7.50 15.85 1.361 1.852 2.161 2.537 2.829 3.005 2.936 2.647 2.513 2.469 1.798
7.50 19.95 1.350 1.834 2.139 2.513 2.804 2.984 2.915 2.626 2.492 2.450 1.774
7.50 25.12 1.330 1.807 2.105 2.478 2.768 2.953 2.885 2.595 2.460 2.421 1.739
7.50 31.62 1.297 1.765 2.057 2.428 2.716 2.908 2.840 2.549 2.414 2.378 1.688
7.50 39.81 1.247 1.706 1.992 2.359 2.644 2.844 2.777 2.485 2.349 2.317 1.616
7.50 50.12 1.179 1.628 1.907 2.269 2.550 2.759 2.692 2.398 2.261 2.234 1.521
7.50 63.10 1.092 1.531 1.802 2.156 2.431 2.644 2.576 2.279 2.141 2.119 1.395
7.50 79.43 0.987 1.414 1.677 2.021 2.289 2.501 2.432 2.131 1.991 1.973 1.239
7.50 100.00 0.866 1.281 1.536 1.867 2.125 2.336 2.264 1.958 1.815 1.803 1.059
7.50 125.89 0.732 1.135 1.382 1.695 1.940 2.149 2.074 1.762 1.615 1.611 0.856
7.50 158.49 0.587 0.978 1.216 1.506 1.734 1.942 1.862 1.542 1.390 1.396 0.631
7.50 199.53 0.433 0.812 1.040 1.302 1.508 1.714 1.628 1.297 1.140 1.158 0.382
7.50 251.19 0.271 0.637 0.856 1.080 1.259 1.462 1.370 1.025 0.860 0.894 0.109
7.50 316.23 0.101 0.453 0.663 0.841 0.984 1.184 1.083 0.720 0.546 0.601 -0.193
7.50 398.11 -0.078 0.261 0.461 0.580 0.678 0.874 0.761 0.377 0.190 0.271 -0.530
7.50 501.19 -0.268 0.058 0.248 0.292 0.334 0.525 0.398 -0.014 -0.216 -0.102 -0.909
7.50 630.96 -0.470 -0.158 0.023 -0.028 -0.057 0.128 -0.018 -0.464 -0.686 -0.531 -1.341
7.50 794.33 -0.688 -0.389 -0.218 -0.388 -0.507 -0.330 -0.498 -0.989 -1.235 -1.027 -1.837
7.50 1000.00 -0.924 -0.639 -0.478 -0.798 -1.030 -0.864 -1.060 -1.606 -1.883 -1.610 -2.416
7.75 1.00 1.439 1.959 2.280 2.616 2.871 3.021 2.930 2.632 2.487 2.463 1.823
7.75 1.26 1.440 1.960 2.280 2.616 2.871 3.021 2.930 2.631 2.487 2.463 1.823
7.75 1.58 1.442 1.960 2.280 2.615 2.871 3.021 2.930 2.631 2.487 2.463 1.822
7.75 2.00 1.443 1.961 2.279 2.615 2.871 3.021 2.930 2.631 2.487 2.463 1.822
7.75 2.51 1.446 1.962 2.279 2.615 2.870 3.021 2.930 2.631 2.487 2.462 1.822
7.75 3.16 1.448 1.963 2.279 2.615 2.870 3.021 2.930 2.631 2.486 2.462 1.822
7.75 3.98 1.451 1.964 2.278 2.614 2.869 3.020 2.929 2.630 2.486 2.462 1.821
7.75 5.01 1.455 1.964 2.277 2.613 2.868 3.019 2.928 2.629 2.485 2.461 1.820
7.75 6.31 1.458 1.965 2.276 2.612 2.867 3.018 2.927 2.628 2.483 2.460 1.819
7.75 7.94 1.462 1.966 2.274 2.609 2.864 3.016 2.925 2.626 2.481 2.458 1.816
7.75 10.00 1.466 1.965 2.270 2.605 2.860 3.012 2.921 2.622 2.478 2.454 1.812
7.75 12.59 1.469 1.963 2.264 2.599 2.854 3.007 2.916 2.617 2.472 2.450 1.806
7.75 15.85 1.470 1.958 2.256 2.590 2.844 2.999 2.908 2.609 2.464 2.442 1.797
7.75 19.95 1.468 1.949 2.242 2.576 2.829 2.986 2.895 2.596 2.451 2.430 1.782
7.75 25.12 1.460 1.934 2.222 2.554 2.806 2.966 2.876 2.576 2.431 2.411 1.760
7.75 31.62 1.444 1.910 2.191 2.521 2.773 2.937 2.847 2.546 2.401 2.383 1.727
7.75 39.81 1.415 1.872 2.147 2.475 2.724 2.894 2.804 2.502 2.356 2.342 1.678
7.75 50.12 1.371 1.819 2.087 2.410 2.655 2.832 2.743 2.439 2.292 2.282 1.609
7.75 63.10 1.309 1.746 2.007 2.323 2.564 2.748 2.659 2.353 2.205 2.200 1.516
7.75 79.43 1.227 1.653 1.906 2.213 2.447 2.632 2.541 2.232 2.082 2.081 1.389
7.75 100.00 1.125 1.540 1.785 2.080 2.305 2.489 2.395 2.082 1.929 1.934 1.233
7.75 125.89 1.007 1.410 1.646 1.925 2.137 2.320 2.223 1.903 1.747 1.759 1.049
7.75 158.49 0.874 1.265 1.492 1.749 1.945 2.126 2.025 1.697 1.537 1.558 0.839
7.75 199.53 0.729 1.107 1.326 1.554 1.728 1.908 1.802 1.463 1.297 1.331 0.601
7.75 251.19 0.573 0.938 1.148 1.340 1.487 1.664 1.551 1.199 1.025 1.075 0.336
7.75 316.23 0.407 0.759 0.959 1.105 1.217 1.391 1.269 0.900 0.716 0.787 0.039
7.75 398.11 0.231 0.570 0.761 0.848 0.915 1.085 0.952 0.561 0.365 0.461 -0.293
7.75 501.19 0.044 0.370 0.551 0.563 0.574 0.739 0.591 0.173 -0.038 0.091 -0.669
7.75 630.96 -0.156 0.156 0.327 0.245 0.186 0.344 0.178 -0.275 -0.505 -0.335 -1.098
7.75 794.33 -0.372 -0.074 0.088 -0.113 -0.262 -0.112 -0.300 -0.797 -1.052 -0.830 -1.592
7.75 1000.00 -0.608 -0.323 -0.171 -0.521 -0.783 -0.643 -0.861 -1.413 -1.699 -1.411 -2.169
8.00 1.00 1.533 2.048 2.356 2.646 2.861 2.993 2.880 2.570 2.414 2.414 1.797
8.00 1.26 1.535 2.049 2.356 2.646 2.861 2.993 2.880 2.570 2.414 2.414 1.797
8.00 1.58 1.536 2.049 2.356 2.646 2.861 2.993 2.880 2.570 2.414 2.413 1.797
8.00 2.00 1.538 2.050 2.356 2.646 2.861 2.993 2.880 2.569 2.413 2.413 1.796
8.00 2.51 1.540 2.051 2.356 2.646 2.861 2.993 2.880 2.569 2.413 2.413 1.796
8.00 3.16 1.542 2.051 2.355 2.646 2.860 2.993 2.880 2.569 2.413 2.413 1.796
8.00 3.98 1.545 2.053 2.355 2.646 2.860 2.992 2.880 2.569 2.413 2.413 1.796
8.00 5.01 1.549 2.054 2.355 2.645 2.859 2.992 2.879 2.568 2.412 2.412 1.795
8.00 6.31 1.553 2.055 2.354 2.644 2.859 2.991 2.878 2.567 2.411 2.412 1.794
8.00 7.94 1.557 2.056 2.352 2.643 2.857 2.990 2.877 2.566 2.410 2.410 1.793
8.00 10.00 1.562 2.057 2.350 2.641 2.855 2.988 2.875 2.564 2.408 2.408 1.791
8.00 12.59 1.567 2.057 2.347 2.637 2.851 2.985 2.872 2.561 2.405 2.405 1.787
8.00 15.85 1.571 2.056 2.342 2.632 2.845 2.980 2.867 2.556 2.400 2.401 1.781
8.00 19.95 1.574 2.052 2.334 2.623 2.836 2.972 2.859 2.548 2.391 2.393 1.772
8.00 25.12 1.574 2.045 2.322 2.610 2.822 2.960 2.847 2.535 2.379 2.382 1.759
8.00 31.62 1.569 2.032 2.304 2.590 2.801 2.941 2.829 2.516 2.359 2.364 1.738
8.00 39.81 1.556 2.011 2.276 2.560 2.769 2.913 2.801 2.487 2.330 2.336 1.706
8.00 50.12 1.532 1.977 2.236 2.516 2.723 2.871 2.759 2.444 2.286 2.296 1.659
8.00 63.10 1.493 1.928 2.180 2.455 2.657 2.811 2.699 2.382 2.223 2.237 1.593
8.00 79.43 1.435 1.860 2.104 2.371 2.568 2.726 2.613 2.293 2.132 2.151 1.498
8.00 100.00 1.358 1.772 2.008 2.264 2.452 2.609 2.494 2.170 2.007 2.031 1.371
8.00 125.89 1.261 1.663 1.890 2.131 2.308 2.464 2.346 2.017 1.850 1.880 1.213
8.00 158.49 1.145 1.535 1.753 1.974 2.135 2.290 2.168 1.831 1.661 1.700 1.024
8.00 199.53 1.013 1.390 1.600 1.793 1.934 2.087 1.959 1.613 1.437 1.487 0.803
8.00 251.19 0.866 1.231 1.432 1.589 1.704 1.854 1.720 1.360 1.177 1.243 0.550
8.00 316.23 0.707 1.059 1.250 1.363 1.443 1.590 1.447 1.070 0.877 0.964 0.263
8.00 398.11 0.536 0.875 1.057 1.111 1.147 1.290 1.136 0.738 0.533 0.645 -0.063
8.00 501.19 0.352 0.678 0.850 0.830 0.811 0.949 0.780 0.355 0.135 0.279 -0.433
8.00 630.96 0.155 0.467 0.630 0.516 0.426 0.557 0.371 -0.089 -0.328 -0.143 -0.858
8.00 794.33 -0.059 0.239 0.393 0.160 -0.019 0.104 -0.105 -0.609 -0.872 -0.635 -1.350
8.00 1000.00 -0.293 -0.008 0.135 -0.246 -0.538 -0.425 -0.663 -1.222 -1.516 -1.213 -1.924
