AtkinsonMacias2009 as implemented in OpenQuake, distance is rrup. Log10 hazard values in cgs units
          10 31 25 : nmag, ndist, nperiod
          10.000 7.692 6.250 5.000 4.000 3.125 2.500 2.000 1.587 1.266 1.000 0.794 0.633 0.500 0.400 0.316 0.250 0.200 0.159 0.125 0.100 0.079 0.063 0.050 PGA PGV
          0.875 0.806 0.783 0.737 0.691 0.691 0.691 0.691 0.668 0.668 0.668 0.645 0.645 0.622 0.622 0.622 0.622 0.622 0.622 0.622 0.622 0.622 0.599 0.599 0.553 0.691
7.00 1.00 1.030 1.240 1.400 1.584 1.753 1.923 2.061 2.209 2.358 2.447 2.609 2.711 2.793 2.905 3.006 3.097 3.175 3.309 3.367 3.430 3.528 3.561 3.561 3.535 3.183 1.398
7.00 1.26 1.030 1.240 1.400 1.584 1.753 1.922 2.060 2.208 2.357 2.446 2.609 2.711 2.792 2.905 3.005 3.097 3.174 3.308 3.366 3.429 3.527 3.560 3.560 3.534 3.182 1.397
7.00 1.58 1.029 1.239 1.399 1.583 1.752 1.921 2.059 2.207 2.356 2.445 2.608 2.710 2.791 2.904 3.004 3.095 3.173 3.306 3.364 3.427 3.525 3.558 3.557 3.531 3.180 1.396
7.00 2.00 1.028 1.237 1.398 1.582 1.751 1.920 2.058 2.206 2.355 2.444 2.606 2.708 2.790 2.902 3.002 3.093 3.170 3.304 3.362 3.424 3.522 3.554 3.554 3.528 3.177 1.395
7.00 2.51 1.026 1.236 1.396 1.580 1.749 1.918 2.056 2.204 2.353 2.441 2.604 2.706 2.787 2.899 2.999 3.090 3.167 3.300 3.358 3.420 3.517 3.549 3.548 3.522 3.172 1.393
7.00 3.16 1.023 1.233 1.393 1.577 1.746 1.915 2.053 2.200 2.349 2.438 2.600 2.702 2.783 2.895 2.995 3.086 3.162 3.294 3.352 3.413 3.509 3.541 3.539 3.513 3.165 1.390
7.00 3.98 1.018 1.228 1.388 1.573 1.741 1.910 2.048 2.195 2.344 2.433 2.595 2.696 2.777 2.889 2.988 3.078 3.154 3.286 3.342 3.402 3.497 3.528 3.525 3.499 3.154 1.386
7.00 5.01 1.011 1.221 1.382 1.566 1.734 1.903 2.040 2.188 2.336 2.425 2.586 2.687 2.768 2.879 2.977 3.067 3.142 3.272 3.327 3.386 3.479 3.508 3.504 3.477 3.136 1.379
7.00 6.31 1.001 1.210 1.372 1.556 1.724 1.892 2.029 2.176 2.324 2.413 2.573 2.674 2.755 2.865 2.962 3.051 3.124 3.252 3.306 3.361 3.452 3.479 3.473 3.446 3.111 1.369
7.00 7.94 0.986 1.195 1.357 1.542 1.709 1.877 2.013 2.160 2.306 2.396 2.555 2.655 2.735 2.844 2.939 3.027 3.099 3.222 3.274 3.326 3.412 3.437 3.428 3.400 3.074 1.354
7.00 10.00 0.965 1.174 1.337 1.522 1.689 1.855 1.991 2.136 2.282 2.372 2.529 2.629 2.707 2.814 2.907 2.994 3.063 3.181 3.230 3.277 3.357 3.378 3.366 3.336 3.022 1.333
7.00 12.59 0.938 1.146 1.310 1.495 1.661 1.826 1.961 2.106 2.249 2.340 2.495 2.594 2.670 2.775 2.865 2.949 3.014 3.127 3.171 3.211 3.284 3.299 3.283 3.251 2.953 1.305
7.00 15.85 0.903 1.111 1.276 1.462 1.627 1.789 1.923 2.067 2.208 2.299 2.451 2.549 2.623 2.725 2.811 2.892 2.953 3.057 3.096 3.128 3.192 3.201 3.179 3.145 2.867 1.270
7.00 19.95 0.861 1.068 1.236 1.421 1.585 1.745 1.878 2.019 2.158 2.249 2.398 2.494 2.566 2.664 2.746 2.823 2.878 2.973 3.006 3.027 3.081 3.082 3.053 3.017 2.763 1.228
7.00 25.12 0.814 1.020 1.189 1.374 1.537 1.693 1.825 1.965 2.100 2.192 2.337 2.430 2.500 2.594 2.670 2.742 2.791 2.875 2.901 2.911 2.953 2.946 2.910 2.870 2.644 1.179
7.00 31.62 0.761 0.966 1.137 1.323 1.483 1.637 1.767 1.904 2.036 2.128 2.268 2.359 2.425 2.514 2.584 2.651 2.693 2.766 2.784 2.782 2.812 2.795 2.752 2.710 2.513 1.125
7.00 39.81 0.705 0.909 1.082 1.267 1.426 1.575 1.704 1.838 1.967 2.058 2.193 2.281 2.343 2.426 2.489 2.551 2.586 2.646 2.656 2.642 2.659 2.634 2.583 2.538 2.372 1.066
7.00 50.12 0.647 0.850 1.024 1.208 1.365 1.510 1.637 1.768 1.892 1.982 2.112 2.196 2.253 2.331 2.386 2.442 2.469 2.517 2.519 2.493 2.497 2.464 2.406 2.359 2.225 1.002
7.00 63.10 0.587 0.788 0.963 1.147 1.301 1.442 1.566 1.694 1.813 1.902 2.026 2.105 2.157 2.228 2.275 2.324 2.343 2.379 2.372 2.335 2.328 2.287 2.224 2.174 2.073 0.936
7.00 79.43 0.526 0.726 0.901 1.083 1.234 1.371 1.492 1.615 1.730 1.816 1.934 2.007 2.053 2.118 2.156 2.197 2.207 2.232 2.217 2.169 2.152 2.105 2.037 1.987 1.916 0.866
7.00 100.00 0.464 0.662 0.837 1.016 1.165 1.296 1.415 1.533 1.643 1.724 1.835 1.901 1.941 1.997 2.026 2.058 2.060 2.074 2.051 1.995 1.969 1.918 1.848 1.797 1.757 0.792
7.00 125.89 0.402 0.598 0.771 0.947 1.093 1.218 1.334 1.445 1.550 1.626 1.730 1.787 1.818 1.866 1.884 1.907 1.900 1.904 1.874 1.811 1.779 1.725 1.656 1.605 1.594 0.713
7.00 158.49 0.339 0.534 0.703 0.875 1.017 1.136 1.248 1.352 1.450 1.519 1.615 1.661 1.683 1.721 1.728 1.739 1.723 1.719 1.682 1.615 1.581 1.527 1.461 1.413 1.429 0.630
7.00 199.53 0.277 0.469 0.633 0.800 0.938 1.048 1.157 1.252 1.343 1.402 1.489 1.521 1.533 1.560 1.554 1.552 1.527 1.516 1.472 1.405 1.372 1.323 1.264 1.220 1.260 0.540
7.00 251.19 0.214 0.403 0.560 0.720 0.853 0.955 1.058 1.143 1.227 1.272 1.350 1.365 1.364 1.378 1.356 1.340 1.305 1.290 1.241 1.178 1.151 1.111 1.065 1.027 1.087 0.442
7.00 316.23 0.151 0.337 0.484 0.635 0.762 0.854 0.952 1.023 1.098 1.126 1.193 1.187 1.170 1.169 1.131 1.097 1.052 1.036 0.982 0.928 0.914 0.889 0.862 0.833 0.910 0.334
7.00 398.11 0.088 0.271 0.404 0.543 0.664 0.743 0.834 0.890 0.954 0.960 1.014 0.982 0.946 0.927 0.870 0.815 0.759 0.746 0.688 0.651 0.657 0.654 0.655 0.640 0.727 0.215
7.00 501.19 0.025 0.204 0.319 0.442 0.555 0.620 0.704 0.739 0.791 0.768 0.809 0.744 0.684 0.644 0.564 0.484 0.417 0.410 0.351 0.339 0.376 0.405 0.444 0.446 0.536 0.079
7.00 630.96 -0.039 0.136 0.228 0.331 0.435 0.481 0.556 0.566 0.605 0.545 0.569 0.463 0.375 0.309 0.202 0.091 0.012 0.018 -0.040 -0.017 0.065 0.137 0.227 0.252 0.336 -0.075
7.00 794.33 -0.102 0.067 0.128 0.206 0.298 0.324 0.387 0.367 0.389 0.282 0.286 0.128 0.005 -0.091 -0.231 -0.380 -0.471 -0.445 -0.500 -0.427 -0.286 -0.156 0.002 0.058 0.125 -0.255
7.00 1000.00 -0.165 -0.004 0.018 0.064 0.143 0.143 0.192 0.133 0.135 -0.032 -0.051 -0.273 -0.441 -0.574 -0.754 -0.948 -1.054 -0.998 -1.046 -0.906 -0.685 -0.478 -0.232 -0.136 -0.101 -0.464
7.25 1.00 1.142 1.332 1.484 1.646 1.800 1.952 2.081 2.219 2.352 2.439 2.581 2.681 2.765 2.865 2.958 3.042 3.113 3.224 3.281 3.341 3.418 3.443 3.438 3.406 3.057 1.407
7.25 1.26 1.142 1.331 1.483 1.646 1.800 1.952 2.080 2.219 2.352 2.439 2.581 2.681 2.765 2.864 2.957 3.042 3.113 3.223 3.280 3.340 3.417 3.442 3.437 3.405 3.057 1.407
7.25 1.58 1.141 1.331 1.483 1.645 1.799 1.951 2.080 2.218 2.351 2.438 2.580 2.680 2.764 2.863 2.957 3.041 3.112 3.222 3.279 3.339 3.416 3.440 3.436 3.404 3.055 1.406
7.25 2.00 1.141 1.330 1.482 1.645 1.798 1.950 2.079 2.217 2.350 2.437 2.579 2.679 2.763 2.862 2.955 3.040 3.110 3.221 3.278 3.337 3.414 3.438 3.433 3.401 3.053 1.405
7.25 2.51 1.139 1.329 1.481 1.643 1.797 1.949 2.077 2.216 2.349 2.436 2.578 2.677 2.761 2.860 2.953 3.038 3.108 3.218 3.275 3.334 3.410 3.434 3.429 3.397 3.050 1.404
7.25 3.16 1.137 1.327 1.479 1.641 1.795 1.947 2.075 2.213 2.346 2.434 2.575 2.675 2.759 2.858 2.950 3.034 3.105 3.214 3.270 3.329 3.405 3.428 3.423 3.391 3.045 1.402
7.25 3.98 1.134 1.323 1.476 1.638 1.792 1.944 2.072 2.210 2.342 2.430 2.571 2.671 2.755 2.853 2.945 3.029 3.099 3.208 3.264 3.321 3.397 3.419 3.414 3.381 3.037 1.399
7.25 5.01 1.129 1.318 1.471 1.634 1.787 1.939 2.067 2.204 2.337 2.424 2.565 2.664 2.748 2.846 2.938 3.021 3.091 3.198 3.253 3.310 3.384 3.406 3.399 3.366 3.025 1.394
7.25 6.31 1.122 1.311 1.464 1.627 1.780 1.931 2.059 2.196 2.328 2.416 2.556 2.655 2.738 2.836 2.927 3.009 3.078 3.184 3.238 3.292 3.364 3.385 3.377 3.344 3.007 1.387
7.25 7.94 1.111 1.300 1.453 1.616 1.769 1.919 2.047 2.184 2.315 2.403 2.542 2.641 2.724 2.820 2.910 2.992 3.059 3.162 3.214 3.266 3.336 3.354 3.344 3.310 2.980 1.376
7.25 10.00 1.095 1.284 1.438 1.601 1.753 1.903 2.030 2.166 2.297 2.385 2.523 2.621 2.703 2.798 2.886 2.966 3.031 3.131 3.181 3.229 3.294 3.309 3.297 3.262 2.941 1.360
7.25 12.59 1.074 1.262 1.417 1.580 1.732 1.880 2.006 2.142 2.271 2.359 2.496 2.593 2.673 2.767 2.852 2.931 2.993 3.087 3.134 3.177 3.236 3.248 3.232 3.195 2.887 1.338
7.25 15.85 1.045 1.233 1.389 1.552 1.703 1.849 1.975 2.110 2.237 2.325 2.459 2.555 2.634 2.725 2.808 2.883 2.942 3.030 3.072 3.108 3.160 3.166 3.146 3.108 2.815 1.309
7.25 19.95 1.009 1.196 1.354 1.517 1.667 1.811 1.936 2.069 2.194 2.283 2.414 2.508 2.585 2.673 2.751 2.823 2.877 2.957 2.994 3.021 3.065 3.064 3.038 2.998 2.726 1.273
7.25 25.12 0.967 1.153 1.312 1.475 1.624 1.765 1.889 2.020 2.142 2.231 2.358 2.451 2.525 2.609 2.682 2.751 2.799 2.869 2.900 2.917 2.950 2.942 2.910 2.867 2.620 1.229
7.25 31.62 0.918 1.104 1.265 1.428 1.574 1.713 1.835 1.964 2.083 2.172 2.295 2.385 2.456 2.535 2.602 2.666 2.708 2.768 2.792 2.798 2.819 2.803 2.764 2.719 2.498 1.178
7.25 39.81 0.866 1.050 1.212 1.375 1.520 1.655 1.775 1.901 2.017 2.105 2.223 2.310 2.377 2.452 2.512 2.571 2.605 2.654 2.670 2.665 2.674 2.650 2.604 2.556 2.365 1.122
7.25 50.12 0.809 0.992 1.156 1.318 1.461 1.592 1.710 1.833 1.945 2.032 2.145 2.228 2.291 2.359 2.413 2.465 2.492 2.529 2.537 2.520 2.518 2.486 2.433 2.383 2.223 1.061
7.25 63.10 0.751 0.932 1.097 1.258 1.398 1.525 1.641 1.761 1.867 1.953 2.060 2.139 2.196 2.259 2.304 2.350 2.369 2.394 2.394 2.366 2.353 2.313 2.255 2.203 2.074 0.996
7.25 79.43 0.691 0.871 1.035 1.195 1.333 1.455 1.568 1.683 1.786 1.869 1.970 2.042 2.094 2.149 2.186 2.224 2.235 2.248 2.241 2.203 2.179 2.134 2.072 2.018 1.920 0.927
7.25 100.00 0.629 0.808 0.972 1.129 1.264 1.381 1.491 1.602 1.699 1.778 1.872 1.937 1.982 2.030 2.057 2.087 2.089 2.092 2.076 2.030 1.998 1.948 1.884 1.830 1.762 0.853
7.25 125.89 0.567 0.744 0.906 1.060 1.192 1.303 1.411 1.515 1.606 1.680 1.767 1.823 1.861 1.900 1.916 1.936 1.930 1.923 1.900 1.847 1.809 1.757 1.693 1.640 1.601 0.775
7.25 158.49 0.505 0.680 0.839 0.989 1.117 1.221 1.325 1.422 1.507 1.573 1.653 1.698 1.726 1.755 1.761 1.769 1.754 1.739 1.708 1.652 1.611 1.560 1.499 1.448 1.436 0.692
7.25 199.53 0.442 0.615 0.769 0.913 1.038 1.134 1.234 1.322 1.400 1.456 1.527 1.559 1.576 1.594 1.587 1.582 1.558 1.536 1.499 1.442 1.403 1.356 1.303 1.256 1.268 0.602
7.25 251.19 0.380 0.550 0.696 0.834 0.953 1.040 1.136 1.213 1.284 1.326 1.388 1.403 1.407 1.412 1.390 1.370 1.336 1.310 1.268 1.215 1.182 1.144 1.103 1.063 1.095 0.505
7.25 316.23 0.317 0.484 0.620 0.748 0.862 0.939 1.030 1.093 1.155 1.180 1.231 1.225 1.213 1.203 1.164 1.127 1.083 1.056 1.009 0.966 0.945 0.922 0.901 0.869 0.918 0.397
7.25 398.11 0.254 0.417 0.540 0.656 0.764 0.828 0.912 0.960 1.011 1.014 1.053 1.020 0.989 0.962 0.903 0.845 0.791 0.766 0.716 0.688 0.689 0.688 0.694 0.676 0.735 0.277
7.25 501.19 0.191 0.350 0.455 0.556 0.655 0.706 0.782 0.809 0.849 0.823 0.847 0.782 0.728 0.679 0.598 0.514 0.448 0.431 0.379 0.377 0.408 0.439 0.483 0.482 0.544 0.142
7.25 630.96 0.128 0.282 0.364 0.445 0.535 0.567 0.634 0.636 0.662 0.600 0.608 0.501 0.418 0.344 0.235 0.121 0.044 0.039 -0.012 0.021 0.096 0.170 0.266 0.288 0.344 -0.013
7.25 794.33 0.065 0.213 0.264 0.320 0.399 0.410 0.465 0.437 0.446 0.337 0.325 0.166 0.048 -0.057 -0.198 -0.349 -0.440 -0.424 -0.472 -0.389 -0.254 -0.122 0.041 0.095 0.133 -0.192
7.25 1000.00 0.001 0.143 0.154 0.178 0.243 0.228 0.270 0.203 0.192 0.023 -0.012 -0.235 -0.397 -0.540 -0.720 -0.917 -1.022 -0.977 -1.018 -0.868 -0.653 -0.444 -0.193 -0.099 -0.093 -0.402
7.50 1.00 1.252 1.423 1.566 1.709 1.850 1.987 2.107 2.236 2.356 2.441 2.565 2.663 2.748 2.836 2.923 3.001 3.066 3.157 3.213 3.269 3.329 3.346 3.338 3.301 2.959 1.422
7.50 1.26 1.252 1.422 1.566 1.709 1.850 1.987 2.107 2.236 2.355 2.441 2.565 2.662 2.748 2.836 2.923 3.000 3.066 3.157 3.212 3.268 3.329 3.346 3.337 3.300 2.959 1.422
7.50 1.58 1.252 1.422 1.566 1.709 1.849 1.987 2.106 2.235 2.355 2.441 2.565 2.662 2.747 2.835 2.922 3.000 3.065 3.156 3.211 3.267 3.328 3.345 3.336 3.299 2.958 1.422
7.50 2.00 1.251 1.421 1.565 1.708 1.849 1.986 2.106 2.234 2.354 2.440 2.564 2.661 2.747 2.835 2.921 2.999 3.064 3.155 3.210 3.266 3.326 3.343 3.335 3.298 2.956 1.421
7.50 2.51 1.250 1.420 1.564 1.707 1.848 1.985 2.105 2.233 2.353 2.439 2.563 2.660 2.745 2.833 2.920 2.997 3.062 3.153 3.208 3.264 3.324 3.340 3.332 3.295 2.954 1.420
7.50 3.16 1.249 1.419 1.563 1.706 1.846 1.984 2.103 2.232 2.351 2.437 2.561 2.658 2.743 2.831 2.917 2.995 3.060 3.150 3.205 3.260 3.320 3.336 3.327 3.290 2.950 1.419
7.50 3.98 1.247 1.417 1.561 1.704 1.844 1.981 2.101 2.229 2.349 2.434 2.558 2.655 2.740 2.828 2.914 2.991 3.056 3.146 3.200 3.255 3.314 3.330 3.321 3.283 2.945 1.416
7.50 5.01 1.243 1.413 1.557 1.700 1.841 1.978 2.097 2.225 2.344 2.430 2.554 2.651 2.735 2.823 2.908 2.985 3.049 3.138 3.193 3.246 3.304 3.320 3.310 3.272 2.936 1.413
7.50 6.31 1.238 1.408 1.552 1.695 1.835 1.972 2.091 2.219 2.338 2.424 2.547 2.644 2.728 2.815 2.900 2.977 3.040 3.128 3.181 3.233 3.290 3.304 3.294 3.256 2.922 1.407
7.50 7.94 1.229 1.399 1.544 1.687 1.827 1.963 2.082 2.210 2.328 2.414 2.537 2.633 2.717 2.803 2.887 2.963 3.025 3.111 3.163 3.214 3.268 3.281 3.269 3.231 2.902 1.399
7.50 10.00 1.217 1.387 1.532 1.676 1.815 1.950 2.069 2.196 2.314 2.400 2.521 2.617 2.701 2.786 2.869 2.943 3.004 3.087 3.137 3.185 3.237 3.247 3.233 3.194 2.872 1.387
7.50 12.59 1.200 1.370 1.516 1.659 1.798 1.932 2.050 2.177 2.294 2.380 2.500 2.595 2.677 2.761 2.842 2.915 2.974 3.053 3.100 3.144 3.191 3.198 3.182 3.141 2.830 1.370
7.50 15.85 1.177 1.346 1.493 1.636 1.774 1.907 2.025 2.151 2.266 2.352 2.470 2.564 2.645 2.727 2.805 2.876 2.931 3.005 3.049 3.087 3.129 3.132 3.111 3.070 2.771 1.346
7.50 19.95 1.147 1.315 1.463 1.606 1.744 1.875 1.991 2.116 2.229 2.316 2.431 2.524 2.603 2.682 2.756 2.824 2.876 2.943 2.983 3.013 3.047 3.045 3.020 2.976 2.695 1.314
7.50 25.12 1.109 1.277 1.426 1.569 1.705 1.834 1.949 2.072 2.183 2.270 2.382 2.473 2.550 2.625 2.695 2.760 2.806 2.865 2.899 2.921 2.946 2.937 2.906 2.861 2.601 1.276
7.50 31.62 1.065 1.232 1.382 1.526 1.660 1.786 1.900 2.021 2.129 2.215 2.323 2.412 2.486 2.557 2.622 2.682 2.723 2.772 2.799 2.811 2.826 2.810 2.773 2.725 2.491 1.229
7.50 39.81 1.015 1.181 1.333 1.476 1.609 1.731 1.844 1.962 2.066 2.152 2.256 2.342 2.412 2.478 2.537 2.592 2.626 2.664 2.685 2.686 2.689 2.666 2.623 2.573 2.366 1.177
7.50 50.12 0.961 1.126 1.279 1.422 1.552 1.671 1.781 1.897 1.997 2.082 2.181 2.263 2.329 2.390 2.441 2.490 2.517 2.544 2.557 2.548 2.540 2.509 2.460 2.407 2.229 1.118
7.50 63.10 0.905 1.068 1.222 1.363 1.491 1.606 1.714 1.826 1.922 2.005 2.098 2.176 2.237 2.291 2.335 2.378 2.397 2.413 2.418 2.398 2.379 2.341 2.287 2.232 2.085 1.054
7.50 79.43 0.845 1.007 1.161 1.301 1.427 1.537 1.643 1.750 1.842 1.922 2.009 2.080 2.136 2.184 2.219 2.254 2.265 2.270 2.267 2.237 2.209 2.165 2.106 2.051 1.934 0.986
7.50 100.00 0.785 0.945 1.098 1.236 1.359 1.464 1.567 1.669 1.756 1.832 1.913 1.977 2.025 2.066 2.092 2.118 2.121 2.115 2.104 2.066 2.030 1.981 1.921 1.865 1.777 0.914
7.50 125.89 0.724 0.882 1.033 1.168 1.288 1.387 1.487 1.583 1.664 1.735 1.808 1.863 1.904 1.936 1.951 1.968 1.962 1.947 1.929 1.884 1.842 1.792 1.731 1.676 1.617 0.836
7.50 158.49 0.661 0.818 0.966 1.097 1.213 1.305 1.402 1.490 1.565 1.629 1.694 1.739 1.770 1.792 1.796 1.802 1.787 1.763 1.738 1.690 1.645 1.595 1.539 1.486 1.453 0.753
7.50 199.53 0.599 0.753 0.897 1.022 1.134 1.218 1.311 1.391 1.459 1.512 1.569 1.600 1.621 1.631 1.622 1.615 1.591 1.561 1.530 1.481 1.437 1.392 1.343 1.294 1.285 0.664
7.50 251.19 0.536 0.688 0.824 0.942 1.050 1.125 1.213 1.282 1.342 1.382 1.430 1.444 1.452 1.450 1.426 1.404 1.370 1.336 1.299 1.254 1.217 1.180 1.144 1.101 1.113 0.567
7.50 316.23 0.474 0.622 0.748 0.857 0.959 1.024 1.106 1.162 1.214 1.237 1.273 1.266 1.258 1.241 1.201 1.161 1.117 1.082 1.040 1.005 0.980 0.958 0.941 0.908 0.936 0.459
7.50 398.11 0.411 0.556 0.668 0.765 0.860 0.913 0.989 1.029 1.070 1.071 1.095 1.062 1.035 1.000 0.940 0.879 0.825 0.792 0.747 0.728 0.724 0.725 0.735 0.715 0.753 0.339
7.50 501.19 0.348 0.489 0.583 0.664 0.752 0.790 0.859 0.878 0.908 0.879 0.890 0.823 0.773 0.717 0.634 0.548 0.483 0.457 0.411 0.416 0.443 0.475 0.524 0.521 0.562 0.204
7.50 630.96 0.285 0.421 0.492 0.553 0.631 0.652 0.711 0.706 0.721 0.656 0.650 0.542 0.463 0.382 0.272 0.156 0.078 0.065 0.019 0.061 0.132 0.207 0.307 0.327 0.363 0.050
7.50 794.33 0.221 0.352 0.392 0.428 0.495 0.495 0.542 0.506 0.505 0.393 0.367 0.208 0.094 -0.018 -0.161 -0.315 -0.405 -0.398 -0.440 -0.349 -0.219 -0.085 0.082 0.134 0.151 -0.129
7.50 1000.00 0.158 0.282 0.282 0.287 0.340 0.313 0.347 0.272 0.251 0.080 0.030 -0.194 -0.352 -0.501 -0.683 -0.883 -0.988 -0.951 -0.986 -0.828 -0.618 -0.407 -0.152 -0.060 -0.074 -0.339
7.75 1.00 1.358 1.511 1.646 1.772 1.901 2.027 2.138 2.257 2.366 2.450 2.560 2.654 2.739 2.818 2.898 2.970 3.030 3.105 3.158 3.211 3.257 3.268 3.256 3.215 2.884 1.442
7.75 1.26 1.358 1.511 1.646 1.772 1.901 2.026 2.137 2.257 2.366 2.450 2.559 2.654 2.739 2.818 2.898 2.970 3.030 3.105 3.158 3.210 3.257 3.267 3.255 3.214 2.884 1.441
7.75 1.58 1.358 1.510 1.645 1.772 1.901 2.026 2.137 2.257 2.366 2.450 2.559 2.653 2.738 2.817 2.898 2.969 3.029 3.104 3.157 3.210 3.256 3.267 3.255 3.213 2.883 1.441
7.75 2.00 1.358 1.510 1.645 1.772 1.900 2.026 2.137 2.256 2.365 2.449 2.559 2.653 2.738 2.816 2.897 2.968 3.028 3.103 3.156 3.209 3.255 3.265 3.253 3.212 2.882 1.441
7.75 2.51 1.357 1.509 1.644 1.771 1.899 2.025 2.136 2.256 2.364 2.448 2.558 2.652 2.737 2.815 2.896 2.967 3.027 3.102 3.155 3.207 3.253 3.263 3.251 3.210 2.880 1.440
7.75 3.16 1.356 1.508 1.643 1.770 1.898 2.024 2.135 2.254 2.363 2.447 2.556 2.650 2.735 2.814 2.894 2.965 3.025 3.100 3.153 3.204 3.250 3.260 3.248 3.207 2.878 1.439
7.75 3.98 1.354 1.507 1.642 1.768 1.897 2.022 2.133 2.253 2.361 2.445 2.554 2.648 2.733 2.811 2.891 2.963 3.022 3.097 3.149 3.200 3.245 3.255 3.243 3.201 2.873 1.437
7.75 5.01 1.351 1.504 1.639 1.766 1.894 2.019 2.130 2.250 2.358 2.442 2.551 2.645 2.729 2.808 2.887 2.958 3.018 3.091 3.143 3.194 3.238 3.248 3.235 3.193 2.867 1.434
7.75 6.31 1.347 1.500 1.635 1.762 1.890 2.015 2.126 2.245 2.353 2.437 2.546 2.639 2.724 2.802 2.881 2.952 3.010 3.083 3.134 3.184 3.228 3.236 3.223 3.181 2.857 1.430
7.75 7.94 1.341 1.493 1.629 1.756 1.884 2.008 2.119 2.238 2.345 2.430 2.538 2.631 2.715 2.793 2.871 2.941 2.999 3.070 3.121 3.169 3.211 3.219 3.204 3.162 2.841 1.424
7.75 10.00 1.332 1.484 1.620 1.746 1.874 1.998 2.109 2.227 2.334 2.419 2.526 2.619 2.702 2.779 2.856 2.926 2.982 3.051 3.100 3.146 3.186 3.192 3.176 3.133 2.818 1.414
7.75 12.59 1.318 1.470 1.606 1.733 1.861 1.984 2.094 2.212 2.318 2.402 2.508 2.601 2.684 2.759 2.835 2.903 2.958 3.024 3.071 3.113 3.150 3.153 3.135 3.091 2.784 1.401
7.75 15.85 1.299 1.451 1.588 1.715 1.841 1.963 2.073 2.190 2.295 2.379 2.484 2.575 2.657 2.731 2.804 2.870 2.923 2.985 3.029 3.067 3.098 3.099 3.077 3.033 2.736 1.381
7.75 19.95 1.274 1.424 1.562 1.689 1.815 1.936 2.044 2.160 2.264 2.348 2.450 2.541 2.621 2.692 2.763 2.826 2.875 2.931 2.972 3.004 3.029 3.025 3.000 2.954 2.672 1.354
7.75 25.12 1.241 1.391 1.530 1.657 1.782 1.900 2.008 2.122 2.223 2.308 2.407 2.496 2.574 2.642 2.709 2.769 2.814 2.863 2.898 2.923 2.940 2.931 2.901 2.853 2.590 1.320
7.75 31.62 1.201 1.350 1.491 1.617 1.741 1.856 1.963 2.076 2.174 2.258 2.354 2.441 2.516 2.580 2.642 2.698 2.738 2.778 2.808 2.824 2.832 2.815 2.780 2.730 2.489 1.278
7.75 39.81 1.155 1.303 1.445 1.571 1.693 1.805 1.910 2.021 2.116 2.200 2.291 2.375 2.446 2.506 2.562 2.614 2.647 2.678 2.701 2.707 2.705 2.682 2.641 2.589 2.373 1.229
7.75 50.12 1.103 1.251 1.393 1.519 1.639 1.748 1.851 1.958 2.050 2.133 2.219 2.299 2.367 2.422 2.471 2.517 2.543 2.563 2.579 2.575 2.562 2.532 2.486 2.431 2.244 1.173
7.75 63.10 1.048 1.195 1.338 1.462 1.580 1.685 1.786 1.890 1.977 2.058 2.140 2.215 2.278 2.326 2.368 2.408 2.427 2.435 2.444 2.430 2.407 2.370 2.318 2.262 2.104 1.112
7.75 79.43 0.991 1.135 1.279 1.402 1.517 1.617 1.716 1.815 1.898 1.977 2.052 2.122 2.179 2.221 2.254 2.286 2.297 2.295 2.296 2.272 2.240 2.197 2.142 2.085 1.956 1.045
7.75 100.00 0.931 1.074 1.217 1.338 1.450 1.545 1.641 1.736 1.813 1.888 1.957 2.019 2.070 2.104 2.128 2.152 2.155 2.142 2.135 2.104 2.063 2.016 1.959 1.902 1.802 0.973
7.75 125.89 0.870 1.012 1.152 1.270 1.380 1.469 1.561 1.650 1.722 1.791 1.853 1.907 1.950 1.975 1.989 2.003 1.998 1.976 1.961 1.923 1.877 1.828 1.771 1.715 1.643 0.897
7.75 158.49 0.809 0.948 1.086 1.199 1.305 1.387 1.477 1.558 1.624 1.686 1.740 1.783 1.816 1.832 1.835 1.838 1.823 1.793 1.772 1.730 1.681 1.633 1.580 1.525 1.480 0.814
7.75 199.53 0.746 0.884 1.016 1.124 1.226 1.301 1.386 1.459 1.518 1.569 1.615 1.644 1.667 1.672 1.661 1.652 1.628 1.592 1.564 1.522 1.474 1.430 1.385 1.334 1.313 0.725
7.75 251.19 0.684 0.819 0.944 1.045 1.142 1.208 1.289 1.350 1.402 1.440 1.476 1.488 1.498 1.490 1.465 1.441 1.407 1.367 1.333 1.295 1.254 1.219 1.186 1.142 1.141 0.628
7.75 316.23 0.621 0.753 0.868 0.960 1.051 1.107 1.182 1.231 1.274 1.294 1.320 1.311 1.305 1.282 1.240 1.198 1.155 1.113 1.075 1.046 1.018 0.998 0.984 0.949 0.964 0.520
7.75 398.11 0.558 0.687 0.788 0.868 0.953 0.996 1.065 1.097 1.130 1.128 1.142 1.107 1.082 1.041 0.980 0.917 0.863 0.823 0.782 0.769 0.762 0.764 0.778 0.756 0.781 0.401
7.75 501.19 0.495 0.620 0.703 0.768 0.845 0.873 0.935 0.947 0.968 0.937 0.936 0.868 0.820 0.758 0.674 0.586 0.521 0.488 0.446 0.458 0.481 0.515 0.567 0.563 0.591 0.266
7.75 630.96 0.432 0.552 0.612 0.656 0.724 0.735 0.787 0.774 0.781 0.714 0.697 0.588 0.511 0.424 0.312 0.193 0.116 0.097 0.055 0.103 0.170 0.247 0.350 0.369 0.391 0.111
7.75 794.33 0.369 0.483 0.512 0.532 0.588 0.578 0.618 0.575 0.565 0.451 0.414 0.253 0.141 0.023 -0.121 -0.277 -0.367 -0.366 -0.405 -0.307 -0.180 -0.045 0.125 0.175 0.180 -0.068
7.75 1000.00 0.306 0.412 0.402 0.390 0.432 0.396 0.423 0.341 0.311 0.138 0.077 -0.148 -0.305 -0.460 -0.643 -0.845 -0.950 -0.919 -0.951 -0.786 -0.579 -0.367 -0.109 -0.019 -0.045 -0.278
8.00 1.00 1.459 1.596 1.721 1.834 1.952 2.069 2.172 2.283 2.382 2.465 2.563 2.653 2.736 2.808 2.882 2.948 3.004 3.066 3.116 3.164 3.198 3.204 3.188 3.143 2.830 1.464
8.00 1.26 1.459 1.595 1.721 1.834 1.952 2.068 2.172 2.282 2.382 2.465 2.562 2.653 2.736 2.808 2.882 2.948 3.003 3.066 3.115 3.163 3.198 3.203 3.187 3.143 2.829 1.464
8.00 1.58 1.459 1.595 1.721 1.834 1.952 2.068 2.171 2.282 2.382 2.465 2.562 2.653 2.736 2.807 2.882 2.948 3.003 3.065 3.115 3.163 3.197 3.203 3.187 3.142 2.829 1.464
8.00 2.00 1.459 1.595 1.720 1.833 1.952 2.068 2.171 2.282 2.382 2.464 2.562 2.653 2.736 2.807 2.881 2.947 3.002 3.065 3.114 3.162 3.197 3.202 3.186 3.141 2.828 1.463
8.00 2.51 1.458 1.594 1.720 1.833 1.951 2.067 2.170 2.281 2.381 2.464 2.561 2.652 2.735 2.806 2.880 2.946 3.001 3.064 3.113 3.161 3.195 3.200 3.184 3.140 2.827 1.463
8.00 3.16 1.457 1.594 1.719 1.832 1.950 2.066 2.169 2.280 2.380 2.463 2.560 2.651 2.734 2.805 2.879 2.945 3.000 3.062 3.111 3.159 3.193 3.198 3.182 3.137 2.825 1.462
8.00 3.98 1.456 1.592 1.718 1.831 1.949 2.065 2.168 2.279 2.378 2.461 2.558 2.649 2.732 2.803 2.877 2.943 2.998 3.059 3.108 3.155 3.190 3.194 3.178 3.133 2.821 1.461
8.00 5.01 1.454 1.590 1.716 1.829 1.947 2.063 2.166 2.276 2.376 2.459 2.556 2.646 2.729 2.800 2.874 2.939 2.994 3.055 3.104 3.151 3.184 3.188 3.172 3.127 2.816 1.459
8.00 6.31 1.451 1.587 1.713 1.826 1.944 2.060 2.162 2.273 2.372 2.455 2.552 2.642 2.725 2.795 2.869 2.934 2.988 3.049 3.097 3.143 3.176 3.179 3.162 3.117 2.808 1.455
8.00 7.94 1.446 1.582 1.708 1.821 1.939 2.054 2.157 2.267 2.366 2.449 2.545 2.636 2.718 2.788 2.861 2.926 2.979 3.039 3.086 3.131 3.163 3.166 3.148 3.103 2.796 1.450
8.00 10.00 1.439 1.575 1.701 1.814 1.931 2.046 2.149 2.259 2.358 2.440 2.536 2.626 2.708 2.777 2.849 2.913 2.966 3.024 3.070 3.113 3.143 3.145 3.126 3.080 2.778 1.443
8.00 12.59 1.428 1.563 1.690 1.803 1.920 2.035 2.137 2.246 2.344 2.427 2.522 2.611 2.692 2.761 2.832 2.895 2.946 3.001 3.046 3.087 3.114 3.113 3.093 3.047 2.751 1.432
8.00 15.85 1.412 1.548 1.675 1.788 1.905 2.018 2.120 2.228 2.325 2.408 2.501 2.590 2.670 2.737 2.806 2.868 2.917 2.969 3.011 3.048 3.071 3.069 3.046 2.998 2.712 1.415
8.00 19.95 1.391 1.525 1.653 1.766 1.882 1.994 2.095 2.203 2.299 2.382 2.473 2.561 2.639 2.704 2.771 2.830 2.877 2.924 2.963 2.995 3.013 3.006 2.980 2.932 2.657 1.393
8.00 25.12 1.362 1.496 1.625 1.738 1.853 1.963 2.063 2.170 2.264 2.346 2.435 2.521 2.598 2.661 2.724 2.780 2.823 2.863 2.899 2.924 2.935 2.924 2.894 2.844 2.586 1.363
8.00 31.62 1.326 1.460 1.590 1.702 1.816 1.924 2.023 2.128 2.219 2.302 2.387 2.471 2.545 2.605 2.663 2.716 2.754 2.787 2.817 2.835 2.838 2.821 2.786 2.734 2.496 1.325
8.00 39.81 1.284 1.416 1.547 1.660 1.772 1.877 1.974 2.077 2.165 2.247 2.329 2.410 2.481 2.536 2.589 2.638 2.670 2.694 2.718 2.727 2.720 2.697 2.657 2.604 2.389 1.280
8.00 50.12 1.235 1.367 1.499 1.611 1.721 1.823 1.918 2.018 2.103 2.184 2.261 2.339 2.406 2.456 2.502 2.545 2.571 2.585 2.602 2.602 2.586 2.556 2.511 2.455 2.266 1.227
8.00 63.10 1.183 1.313 1.445 1.556 1.665 1.762 1.856 1.952 2.033 2.112 2.184 2.257 2.320 2.364 2.403 2.440 2.458 2.462 2.472 2.461 2.436 2.400 2.350 2.293 2.132 1.168
8.00 79.43 1.126 1.255 1.388 1.497 1.603 1.696 1.787 1.879 1.956 2.032 2.098 2.166 2.223 2.260 2.292 2.321 2.332 2.325 2.328 2.308 2.273 2.231 2.178 2.120 1.988 1.102
8.00 100.00 1.068 1.195 1.327 1.434 1.537 1.625 1.714 1.801 1.872 1.945 2.005 2.065 2.116 2.145 2.168 2.189 2.191 2.174 2.169 2.142 2.099 2.054 1.998 1.940 1.836 1.032
8.00 125.89 1.008 1.133 1.263 1.367 1.467 1.549 1.635 1.716 1.782 1.849 1.902 1.954 1.996 2.018 2.030 2.041 2.036 2.009 1.997 1.963 1.915 1.868 1.813 1.755 1.679 0.956
8.00 158.49 0.946 1.070 1.197 1.297 1.393 1.468 1.551 1.625 1.684 1.744 1.789 1.830 1.864 1.876 1.876 1.877 1.862 1.828 1.809 1.771 1.721 1.674 1.622 1.567 1.517 0.874
8.00 199.53 0.884 1.006 1.128 1.222 1.315 1.382 1.461 1.526 1.579 1.628 1.665 1.692 1.715 1.716 1.703 1.691 1.668 1.627 1.601 1.564 1.514 1.472 1.428 1.377 1.351 0.785
8.00 251.19 0.822 0.941 1.056 1.143 1.231 1.289 1.363 1.417 1.463 1.499 1.526 1.537 1.547 1.534 1.508 1.481 1.447 1.403 1.371 1.338 1.295 1.261 1.230 1.185 1.179 0.688
8.00 316.23 0.759 0.876 0.980 1.058 1.140 1.189 1.257 1.298 1.335 1.353 1.370 1.359 1.354 1.327 1.283 1.239 1.195 1.149 1.114 1.089 1.059 1.040 1.028 0.993 1.003 0.581
8.00 398.11 0.697 0.809 0.900 0.966 1.042 1.078 1.140 1.165 1.191 1.188 1.192 1.155 1.130 1.086 1.023 0.957 0.903 0.860 0.821 0.813 0.803 0.807 0.823 0.800 0.820 0.461
8.00 501.19 0.634 0.742 0.815 0.866 0.934 0.955 1.010 1.014 1.029 0.997 0.987 0.917 0.869 0.803 0.717 0.626 0.561 0.525 0.485 0.501 0.523 0.558 0.612 0.606 0.630 0.326
8.00 630.96 0.571 0.674 0.724 0.754 0.813 0.817 0.862 0.842 0.843 0.774 0.747 0.636 0.560 0.468 0.355 0.234 0.157 0.133 0.094 0.146 0.211 0.290 0.395 0.413 0.430 0.172
8.00 794.33 0.508 0.606 0.624 0.630 0.677 0.660 0.694 0.642 0.626 0.511 0.465 0.302 0.190 0.068 -0.078 -0.236 -0.326 -0.329 -0.366 -0.264 -0.139 -0.002 0.170 0.219 0.219 -0.007
8.00 1000.00 0.445 0.535 0.514 0.488 0.521 0.478 0.498 0.408 0.372 0.197 0.128 -0.099 -0.255 -0.415 -0.600 -0.804 -0.909 -0.882 -0.912 -0.743 -0.538 -0.324 -0.064 0.025 -0.006 -0.217
8.25 1.00 1.554 1.676 1.792 1.893 2.003 2.113 2.208 2.310 2.404 2.485 2.573 2.660 2.740 2.805 2.874 2.935 2.985 3.038 3.083 3.126 3.151 3.152 3.132 3.085 2.793 1.489
8.25 1.26 1.554 1.676 1.791 1.893 2.003 2.113 2.208 2.310 2.404 2.485 2.573 2.660 2.740 2.805 2.874 2.934 2.985 3.038 3.083 3.125 3.151 3.151 3.131 3.084 2.793 1.489
8.25 1.58 1.554 1.675 1.791 1.893 2.003 2.112 2.208 2.310 2.403 2.485 2.573 2.660 2.739 2.805 2.874 2.934 2.985 3.038 3.083 3.125 3.151 3.151 3.131 3.084 2.793 1.489
8.25 2.00 1.554 1.675 1.791 1.893 2.002 2.112 2.208 2.310 2.403 2.484 2.573 2.660 2.739 2.804 2.873 2.934 2.984 3.037 3.082 3.124 3.150 3.150 3.130 3.083 2.792 1.488
8.25 2.51 1.554 1.675 1.791 1.892 2.002 2.112 2.207 2.309 2.403 2.484 2.572 2.659 2.738 2.804 2.872 2.933 2.984 3.036 3.081 3.123 3.149 3.149 3.129 3.082 2.791 1.488
8.25 3.16 1.553 1.674 1.790 1.892 2.001 2.111 2.206 2.308 2.402 2.483 2.571 2.658 2.738 2.803 2.871 2.932 2.982 3.035 3.080 3.122 3.147 3.147 3.127 3.080 2.790 1.487
8.25 3.98 1.552 1.673 1.789 1.891 2.000 2.110 2.205 2.307 2.401 2.482 2.570 2.657 2.736 2.801 2.870 2.930 2.981 3.033 3.077 3.119 3.144 3.144 3.124 3.077 2.787 1.486
8.25 5.01 1.550 1.672 1.787 1.889 1.999 2.108 2.204 2.305 2.399 2.480 2.568 2.655 2.734 2.799 2.867 2.927 2.978 3.030 3.074 3.115 3.140 3.140 3.119 3.072 2.783 1.485
8.25 6.31 1.548 1.669 1.785 1.887 1.996 2.105 2.201 2.303 2.396 2.477 2.565 2.651 2.730 2.795 2.863 2.923 2.973 3.024 3.068 3.109 3.133 3.133 3.112 3.064 2.777 1.482
8.25 7.94 1.544 1.665 1.781 1.883 1.992 2.101 2.197 2.298 2.391 2.472 2.560 2.646 2.725 2.789 2.857 2.917 2.966 3.016 3.060 3.100 3.123 3.122 3.100 3.053 2.767 1.478
8.25 10.00 1.538 1.659 1.775 1.877 1.986 2.095 2.190 2.291 2.384 2.465 2.552 2.638 2.717 2.781 2.847 2.906 2.955 3.004 3.047 3.085 3.107 3.105 3.082 3.035 2.753 1.472
8.25 12.59 1.529 1.650 1.767 1.869 1.977 2.085 2.180 2.281 2.373 2.454 2.540 2.626 2.704 2.767 2.833 2.891 2.939 2.986 3.027 3.064 3.083 3.080 3.056 3.007 2.730 1.463
8.25 15.85 1.516 1.637 1.754 1.856 1.964 2.071 2.166 2.266 2.357 2.439 2.523 2.609 2.686 2.748 2.812 2.869 2.914 2.959 2.998 3.032 3.049 3.042 3.017 2.968 2.698 1.449
8.25 19.95 1.498 1.618 1.736 1.838 1.946 2.052 2.145 2.245 2.335 2.416 2.499 2.583 2.659 2.720 2.782 2.837 2.880 2.920 2.957 2.987 2.999 2.990 2.962 2.912 2.652 1.430
8.25 25.12 1.473 1.593 1.712 1.813 1.920 2.025 2.118 2.216 2.304 2.385 2.466 2.549 2.623 2.681 2.740 2.793 2.833 2.868 2.901 2.925 2.932 2.919 2.887 2.836 2.590 1.404
8.25 31.62 1.442 1.561 1.680 1.781 1.887 1.990 2.081 2.178 2.264 2.345 2.423 2.504 2.576 2.631 2.686 2.735 2.771 2.799 2.828 2.845 2.844 2.826 2.791 2.738 2.510 1.370
8.25 39.81 1.403 1.521 1.641 1.742 1.847 1.946 2.037 2.131 2.215 2.295 2.369 2.448 2.516 2.567 2.617 2.663 2.693 2.713 2.736 2.745 2.737 2.713 2.673 2.618 2.412 1.328
8.25 50.12 1.357 1.475 1.596 1.696 1.799 1.895 1.984 2.076 2.156 2.235 2.305 2.380 2.445 2.491 2.535 2.575 2.600 2.611 2.627 2.628 2.610 2.580 2.535 2.479 2.297 1.279
8.25 63.10 1.307 1.423 1.544 1.644 1.744 1.837 1.924 2.013 2.089 2.166 2.231 2.302 2.362 2.403 2.440 2.474 2.492 2.492 2.502 2.493 2.466 2.431 2.381 2.324 2.168 1.222
8.25 79.43 1.252 1.367 1.488 1.586 1.685 1.773 1.857 1.942 2.014 2.088 2.148 2.213 2.268 2.302 2.331 2.358 2.368 2.359 2.362 2.344 2.308 2.267 2.215 2.156 2.029 1.159
8.25 100.00 1.195 1.308 1.429 1.524 1.620 1.703 1.785 1.865 1.932 2.002 2.056 2.114 2.163 2.189 2.209 2.228 2.230 2.211 2.206 2.181 2.138 2.093 2.039 1.980 1.880 1.089
8.25 125.89 1.135 1.247 1.366 1.458 1.551 1.628 1.707 1.781 1.842 1.908 1.954 2.004 2.045 2.063 2.073 2.082 2.076 2.048 2.036 2.005 1.956 1.909 1.855 1.797 1.725 1.014
8.25 158.49 1.075 1.184 1.300 1.388 1.478 1.548 1.624 1.690 1.746 1.803 1.842 1.881 1.913 1.922 1.920 1.919 1.904 1.868 1.849 1.814 1.763 1.717 1.667 1.611 1.564 0.933
8.25 199.53 1.013 1.121 1.231 1.314 1.399 1.462 1.534 1.592 1.640 1.688 1.718 1.743 1.765 1.763 1.748 1.734 1.710 1.668 1.642 1.607 1.557 1.516 1.473 1.421 1.399 0.844
8.25 251.19 0.951 1.056 1.159 1.235 1.316 1.370 1.437 1.484 1.525 1.559 1.580 1.588 1.597 1.582 1.553 1.524 1.490 1.444 1.413 1.382 1.338 1.306 1.276 1.231 1.228 0.747
8.25 316.23 0.889 0.990 1.084 1.150 1.225 1.269 1.331 1.364 1.397 1.414 1.424 1.411 1.404 1.374 1.329 1.282 1.239 1.191 1.155 1.134 1.103 1.086 1.075 1.039 1.052 0.641
8.25 398.11 0.826 0.924 1.004 1.059 1.127 1.159 1.214 1.231 1.254 1.248 1.247 1.207 1.181 1.133 1.069 1.001 0.947 0.902 0.863 0.858 0.848 0.852 0.869 0.846 0.869 0.521
8.25 501.19 0.763 0.857 0.919 0.958 1.019 1.036 1.084 1.081 1.091 1.057 1.041 0.969 0.920 0.851 0.763 0.670 0.605 0.567 0.527 0.546 0.567 0.604 0.658 0.653 0.679 0.386
8.25 630.96 0.700 0.789 0.828 0.847 0.898 0.898 0.936 0.909 0.905 0.835 0.802 0.689 0.610 0.516 0.402 0.278 0.201 0.176 0.136 0.191 0.256 0.336 0.441 0.459 0.480 0.232
8.25 794.33 0.637 0.721 0.728 0.723 0.762 0.741 0.768 0.709 0.689 0.572 0.519 0.355 0.241 0.116 -0.031 -0.192 -0.282 -0.287 -0.323 -0.218 -0.094 0.044 0.217 0.266 0.269 0.053
8.25 1000.00 0.574 0.650 0.618 0.581 0.607 0.559 0.572 0.475 0.435 0.258 0.183 -0.047 -0.204 -0.367 -0.554 -0.760 -0.865 -0.840 -0.869 -0.697 -0.493 -0.278 -0.017 0.072 0.043 -0.157
8.50 1.00 1.643 1.751 1.857 1.950 2.053 2.158 2.246 2.340 2.429 2.509 2.591 2.674 2.748 2.809 2.872 2.928 2.974 3.020 3.060 3.096 3.114 3.110 3.086 3.037 2.774 1.516
8.50 1.26 1.643 1.751 1.857 1.950 2.052 2.158 2.246 2.340 2.429 2.509 2.591 2.674 2.748 2.809 2.872 2.928 2.974 3.020 3.059 3.095 3.114 3.110 3.085 3.037 2.774 1.516
8.50 1.58 1.643 1.751 1.856 1.950 2.052 2.158 2.246 2.340 2.429 2.509 2.591 2.674 2.748 2.809 2.872 2.928 2.974 3.020 3.059 3.095 3.114 3.110 3.085 3.036 2.774 1.515
8.50 2.00 1.643 1.750 1.856 1.950 2.052 2.158 2.246 2.340 2.429 2.509 2.591 2.673 2.747 2.809 2.872 2.927 2.973 3.020 3.059 3.095 3.113 3.109 3.084 3.036 2.773 1.515
8.50 2.51 1.642 1.750 1.856 1.949 2.052 2.157 2.246 2.339 2.428 2.508 2.590 2.673 2.747 2.808 2.871 2.927 2.973 3.019 3.058 3.094 3.112 3.108 3.083 3.035 2.772 1.515
8.50 3.16 1.642 1.750 1.855 1.949 2.051 2.157 2.245 2.339 2.428 2.508 2.589 2.672 2.746 2.807 2.870 2.926 2.972 3.018 3.057 3.092 3.111 3.107 3.082 3.033 2.771 1.514
8.50 3.98 1.641 1.749 1.855 1.948 2.050 2.156 2.244 2.338 2.427 2.507 2.588 2.671 2.745 2.806 2.869 2.924 2.970 3.016 3.055 3.090 3.109 3.104 3.079 3.031 2.769 1.513
8.50 5.01 1.640 1.747 1.853 1.947 2.049 2.154 2.243 2.336 2.425 2.505 2.587 2.669 2.743 2.804 2.867 2.922 2.968 3.013 3.052 3.087 3.105 3.101 3.076 3.027 2.766 1.512
8.50 6.31 1.638 1.745 1.851 1.945 2.047 2.152 2.241 2.334 2.423 2.503 2.584 2.667 2.740 2.801 2.864 2.919 2.964 3.009 3.048 3.082 3.100 3.095 3.070 3.021 2.761 1.510
8.50 7.94 1.635 1.742 1.848 1.942 2.044 2.149 2.237 2.330 2.419 2.499 2.580 2.662 2.736 2.797 2.859 2.913 2.959 3.003 3.041 3.075 3.092 3.086 3.060 3.011 2.753 1.507
8.50 10.00 1.630 1.737 1.844 1.937 2.039 2.144 2.232 2.325 2.413 2.493 2.574 2.656 2.729 2.789 2.851 2.905 2.950 2.993 3.030 3.063 3.079 3.073 3.046 2.996 2.741 1.502
8.50 12.59 1.623 1.730 1.837 1.930 2.032 2.136 2.224 2.316 2.404 2.484 2.564 2.646 2.719 2.778 2.839 2.892 2.936 2.978 3.014 3.045 3.059 3.052 3.024 2.974 2.723 1.494
8.50 15.85 1.612 1.719 1.826 1.919 2.021 2.124 2.212 2.304 2.391 2.471 2.550 2.631 2.703 2.762 2.821 2.873 2.916 2.955 2.990 3.019 3.030 3.021 2.992 2.941 2.696 1.483
8.50 19.95 1.597 1.703 1.811 1.904 2.005 2.107 2.194 2.286 2.372 2.452 2.529 2.610 2.681 2.738 2.795 2.846 2.886 2.922 2.955 2.980 2.988 2.976 2.945 2.894 2.658 1.467
8.50 25.12 1.575 1.682 1.789 1.883 1.983 2.084 2.170 2.260 2.345 2.425 2.501 2.580 2.649 2.704 2.759 2.807 2.845 2.876 2.905 2.926 2.930 2.915 2.881 2.828 2.604 1.444
8.50 31.62 1.547 1.653 1.761 1.854 1.954 2.053 2.138 2.227 2.309 2.389 2.462 2.539 2.607 2.659 2.710 2.756 2.789 2.815 2.840 2.855 2.852 2.833 2.795 2.742 2.533 1.414
8.50 39.81 1.512 1.617 1.726 1.818 1.916 2.013 2.097 2.184 2.264 2.343 2.413 2.488 2.552 2.601 2.647 2.689 2.718 2.736 2.756 2.764 2.754 2.729 2.688 2.633 2.443 1.376
8.50 50.12 1.469 1.573 1.683 1.775 1.872 1.965 2.048 2.132 2.209 2.287 2.353 2.424 2.485 2.529 2.570 2.607 2.630 2.640 2.654 2.654 2.635 2.605 2.560 2.503 2.336 1.329
8.50 63.10 1.421 1.524 1.635 1.725 1.820 1.910 1.990 2.071 2.145 2.221 2.282 2.349 2.406 2.445 2.479 2.510 2.527 2.527 2.535 2.526 2.498 2.463 2.413 2.355 2.214 1.275
8.50 79.43 1.368 1.470 1.581 1.670 1.762 1.848 1.926 2.003 2.072 2.146 2.201 2.263 2.314 2.347 2.373 2.398 2.407 2.397 2.398 2.381 2.345 2.305 2.252 2.193 2.079 1.213
8.50 100.00 1.312 1.413 1.522 1.609 1.699 1.779 1.855 1.927 1.992 2.061 2.111 2.166 2.211 2.236 2.254 2.270 2.272 2.252 2.246 2.221 2.178 2.134 2.080 2.021 1.933 1.145
8.50 125.89 1.254 1.352 1.460 1.544 1.631 1.705 1.778 1.845 1.904 1.968 2.010 2.057 2.094 2.111 2.119 2.126 2.119 2.091 2.078 2.047 1.999 1.953 1.899 1.841 1.781 1.071
8.50 158.49 1.194 1.290 1.395 1.475 1.558 1.626 1.696 1.755 1.808 1.864 1.899 1.935 1.964 1.971 1.967 1.964 1.948 1.912 1.892 1.858 1.807 1.763 1.712 1.656 1.621 0.991
8.50 199.53 1.133 1.227 1.326 1.401 1.480 1.541 1.606 1.657 1.703 1.749 1.776 1.798 1.816 1.813 1.796 1.780 1.755 1.713 1.687 1.652 1.603 1.563 1.520 1.468 1.457 0.903
8.50 251.19 1.071 1.163 1.255 1.322 1.397 1.448 1.510 1.549 1.588 1.621 1.638 1.644 1.649 1.632 1.601 1.570 1.536 1.490 1.458 1.428 1.385 1.354 1.324 1.278 1.287 0.806
8.50 316.23 1.008 1.097 1.180 1.238 1.307 1.348 1.404 1.430 1.460 1.476 1.483 1.467 1.456 1.425 1.378 1.329 1.285 1.238 1.201 1.180 1.150 1.134 1.123 1.087 1.111 0.699
8.50 398.11 0.946 1.031 1.100 1.146 1.208 1.238 1.287 1.297 1.317 1.311 1.305 1.263 1.234 1.185 1.118 1.048 0.994 0.949 0.909 0.904 0.895 0.901 0.918 0.894 0.929 0.580
8.50 501.19 0.883 0.964 1.015 1.046 1.100 1.115 1.157 1.147 1.155 1.120 1.100 1.025 0.972 0.902 0.813 0.718 0.652 0.614 0.573 0.593 0.615 0.652 0.707 0.701 0.739 0.445
8.50 630.96 0.820 0.897 0.924 0.935 0.980 0.977 1.010 0.975 0.969 0.897 0.861 0.745 0.663 0.568 0.451 0.325 0.248 0.223 0.182 0.239 0.304 0.385 0.490 0.508 0.539 0.291
8.50 794.33 0.757 0.828 0.824 0.810 0.844 0.820 0.841 0.775 0.753 0.634 0.578 0.411 0.294 0.168 0.018 -0.145 -0.235 -0.240 -0.277 -0.171 -0.046 0.093 0.266 0.315 0.328 0.112
8.50 1000.00 0.694 0.758 0.715 0.669 0.688 0.639 0.646 0.541 0.499 0.321 0.241 0.009 -0.152 -0.315 -0.504 -0.713 -0.817 -0.792 -0.823 -0.650 -0.445 -0.229 0.032 0.121 0.103 -0.098
8.75 1.00 1.725 1.820 1.916 2.003 2.101 2.204 2.286 2.371 2.458 2.538 2.615 2.694 2.761 2.820 2.877 2.928 2.970 3.012 3.044 3.072 3.087 3.078 3.048 2.998 2.771 1.544
8.75 1.26 1.725 1.820 1.916 2.003 2.100 2.204 2.286 2.371 2.458 2.537 2.615 2.693 2.761 2.820 2.877 2.928 2.970 3.012 3.044 3.072 3.086 3.078 3.048 2.998 2.771 1.544
8.75 1.58 1.724 1.820 1.916 2.003 2.100 2.204 2.286 2.371 2.458 2.537 2.615 2.693 2.761 2.819 2.877 2.927 2.969 3.012 3.044 3.072 3.086 3.078 3.048 2.998 2.771 1.543
8.75 2.00 1.724 1.820 1.915 2.003 2.100 2.204 2.286 2.371 2.458 2.537 2.615 2.693 2.760 2.819 2.876 2.927 2.969 3.011 3.043 3.072 3.086 3.077 3.047 2.997 2.770 1.543
8.75 2.51 1.724 1.820 1.915 2.003 2.100 2.204 2.285 2.371 2.458 2.537 2.615 2.693 2.760 2.819 2.876 2.927 2.969 3.011 3.043 3.071 3.085 3.077 3.047 2.997 2.770 1.543
8.75 3.16 1.724 1.819 1.915 2.002 2.099 2.203 2.285 2.370 2.457 2.536 2.614 2.692 2.759 2.818 2.875 2.926 2.968 3.010 3.042 3.070 3.084 3.075 3.045 2.995 2.768 1.543
8.75 3.98 1.723 1.819 1.914 2.002 2.099 2.203 2.284 2.369 2.456 2.535 2.613 2.691 2.758 2.817 2.874 2.925 2.967 3.009 3.040 3.068 3.082 3.074 3.043 2.993 2.767 1.542
8.75 5.01 1.722 1.818 1.913 2.001 2.098 2.202 2.283 2.368 2.455 2.534 2.612 2.690 2.757 2.815 2.872 2.923 2.965 3.006 3.038 3.066 3.079 3.071 3.040 2.990 2.764 1.541
8.75 6.31 1.720 1.816 1.912 1.999 2.096 2.200 2.281 2.366 2.453 2.532 2.610 2.688 2.755 2.813 2.870 2.920 2.962 3.003 3.034 3.062 3.075 3.066 3.035 2.985 2.760 1.539
8.75 7.94 1.718 1.813 1.909 1.997 2.094 2.197 2.278 2.363 2.450 2.529 2.606 2.684 2.751 2.809 2.866 2.916 2.957 2.998 3.029 3.055 3.068 3.059 3.028 2.977 2.754 1.536
8.75 10.00 1.714 1.809 1.905 1.993 2.090 2.193 2.274 2.359 2.445 2.524 2.601 2.679 2.745 2.803 2.859 2.909 2.949 2.989 3.020 3.046 3.057 3.047 3.016 2.966 2.744 1.532
8.75 12.59 1.708 1.803 1.899 1.987 2.083 2.186 2.267 2.352 2.438 2.517 2.593 2.670 2.736 2.794 2.849 2.898 2.938 2.977 3.006 3.031 3.041 3.030 2.998 2.947 2.729 1.526
8.75 15.85 1.699 1.794 1.890 1.978 2.074 2.176 2.257 2.341 2.427 2.506 2.581 2.658 2.723 2.780 2.834 2.882 2.921 2.957 2.986 3.008 3.017 3.004 2.971 2.920 2.707 1.517
8.75 19.95 1.686 1.781 1.877 1.965 2.061 2.162 2.242 2.326 2.410 2.489 2.564 2.639 2.704 2.759 2.812 2.858 2.895 2.929 2.956 2.976 2.981 2.967 2.932 2.880 2.674 1.503
8.75 25.12 1.668 1.762 1.859 1.946 2.041 2.142 2.221 2.304 2.387 2.466 2.538 2.613 2.676 2.730 2.780 2.825 2.859 2.889 2.913 2.929 2.930 2.913 2.876 2.823 2.627 1.483
8.75 31.62 1.643 1.737 1.834 1.921 2.015 2.114 2.193 2.274 2.355 2.433 2.504 2.577 2.638 2.689 2.736 2.778 2.809 2.834 2.855 2.865 2.861 2.840 2.800 2.746 2.564 1.456
8.75 39.81 1.610 1.704 1.802 1.889 1.982 2.078 2.156 2.235 2.314 2.392 2.459 2.530 2.588 2.636 2.679 2.718 2.744 2.762 2.778 2.782 2.772 2.747 2.703 2.648 2.483 1.421
8.75 50.12 1.571 1.664 1.763 1.849 1.940 2.033 2.110 2.186 2.263 2.339 2.403 2.470 2.526 2.569 2.607 2.641 2.662 2.673 2.683 2.680 2.661 2.631 2.584 2.527 2.384 1.378
8.75 63.10 1.526 1.617 1.716 1.801 1.891 1.981 2.055 2.129 2.202 2.276 2.335 2.399 2.450 2.488 2.520 2.548 2.563 2.565 2.569 2.558 2.532 2.496 2.445 2.387 2.268 1.326
8.75 79.43 1.475 1.565 1.664 1.748 1.835 1.921 1.993 2.063 2.131 2.204 2.257 2.316 2.362 2.394 2.417 2.439 2.448 2.440 2.437 2.418 2.384 2.344 2.290 2.232 2.138 1.267
8.75 100.00 1.420 1.509 1.607 1.689 1.773 1.854 1.924 1.989 2.053 2.121 2.169 2.220 2.260 2.285 2.300 2.314 2.315 2.298 2.288 2.262 2.221 2.178 2.122 2.064 1.996 1.201
8.75 125.89 1.363 1.450 1.546 1.625 1.706 1.781 1.848 1.907 1.966 2.029 2.070 2.113 2.145 2.162 2.167 2.172 2.165 2.139 2.123 2.091 2.045 2.000 1.945 1.887 1.846 1.127
8.75 158.49 1.303 1.389 1.482 1.556 1.634 1.703 1.766 1.818 1.871 1.926 1.960 1.992 2.016 2.023 2.017 2.011 1.995 1.962 1.939 1.903 1.855 1.811 1.760 1.704 1.688 1.048
8.75 199.53 1.243 1.326 1.414 1.483 1.557 1.618 1.678 1.721 1.767 1.812 1.838 1.856 1.869 1.866 1.847 1.829 1.804 1.764 1.734 1.699 1.652 1.613 1.569 1.518 1.525 0.960
8.75 251.19 1.181 1.261 1.342 1.404 1.474 1.526 1.581 1.614 1.652 1.684 1.700 1.702 1.702 1.686 1.653 1.620 1.585 1.541 1.507 1.475 1.435 1.404 1.373 1.328 1.355 0.864
8.75 316.23 1.119 1.196 1.267 1.320 1.384 1.426 1.476 1.495 1.525 1.540 1.545 1.526 1.510 1.479 1.430 1.379 1.334 1.289 1.250 1.228 1.200 1.185 1.173 1.137 1.180 0.758
8.75 398.11 1.056 1.130 1.188 1.228 1.286 1.316 1.359 1.362 1.382 1.374 1.368 1.322 1.288 1.239 1.170 1.098 1.043 1.001 0.958 0.953 0.946 0.952 0.968 0.945 0.998 0.638
8.75 501.19 0.994 1.064 1.103 1.128 1.178 1.193 1.229 1.212 1.220 1.184 1.163 1.085 1.027 0.957 0.865 0.768 0.702 0.667 0.623 0.642 0.666 0.704 0.758 0.753 0.808 0.504
8.75 630.96 0.931 0.996 1.012 1.017 1.058 1.055 1.082 1.040 1.034 0.961 0.924 0.804 0.718 0.623 0.504 0.376 0.298 0.276 0.232 0.287 0.355 0.437 0.541 0.559 0.609 0.349
8.75 794.33 0.868 0.927 0.912 0.893 0.922 0.898 0.913 0.840 0.818 0.698 0.641 0.470 0.348 0.223 0.071 -0.094 -0.185 -0.187 -0.227 -0.122 0.005 0.145 0.317 0.366 0.398 0.170
8.75 1000.00 0.805 0.857 0.803 0.751 0.766 0.717 0.718 0.607 0.564 0.385 0.304 0.069 -0.097 -0.260 -0.451 -0.662 -0.767 -0.739 -0.773 -0.601 -0.393 -0.177 0.083 0.172 0.173 -0.039
9.00 1.00 1.799 1.884 1.969 2.054 2.147 2.251 2.327 2.404 2.491 2.569 2.646 2.719 2.778 2.835 2.887 2.934 2.971 3.012 3.036 3.055 3.067 3.055 3.019 2.968 2.783 1.573
9.00 1.26 1.799 1.884 1.969 2.054 2.146 2.251 2.327 2.404 2.491 2.569 2.646 2.719 2.778 2.835 2.887 2.933 2.971 3.012 3.036 3.055 3.067 3.054 3.019 2.968 2.783 1.573
9.00 1.58 1.799 1.884 1.969 2.053 2.146 2.251 2.327 2.404 2.491 2.569 2.646 2.719 2.777 2.835 2.887 2.933 2.971 3.012 3.036 3.055 3.066 3.054 3.018 2.968 2.782 1.573
9.00 2.00 1.799 1.884 1.968 2.053 2.146 2.251 2.327 2.403 2.491 2.569 2.646 2.719 2.777 2.835 2.887 2.933 2.971 3.012 3.035 3.055 3.066 3.054 3.018 2.968 2.782 1.572
9.00 2.51 1.798 1.883 1.968 2.053 2.146 2.251 2.326 2.403 2.490 2.569 2.645 2.718 2.777 2.835 2.886 2.933 2.970 3.011 3.035 3.054 3.065 3.053 3.017 2.967 2.782 1.572
9.00 3.16 1.798 1.883 1.968 2.053 2.146 2.251 2.326 2.403 2.490 2.568 2.645 2.718 2.776 2.834 2.886 2.932 2.970 3.011 3.034 3.053 3.064 3.052 3.016 2.966 2.781 1.572
9.00 3.98 1.798 1.883 1.967 2.052 2.145 2.250 2.325 2.402 2.489 2.568 2.644 2.717 2.776 2.833 2.885 2.931 2.969 3.009 3.033 3.052 3.063 3.051 3.015 2.964 2.779 1.571
9.00 5.01 1.797 1.882 1.967 2.051 2.144 2.249 2.324 2.401 2.488 2.566 2.643 2.716 2.774 2.832 2.883 2.930 2.967 3.008 3.031 3.050 3.061 3.048 3.012 2.962 2.777 1.570
9.00 6.31 1.795 1.880 1.965 2.050 2.143 2.248 2.323 2.400 2.487 2.565 2.641 2.714 2.772 2.830 2.881 2.927 2.964 3.005 3.028 3.046 3.057 3.044 3.008 2.958 2.774 1.569
9.00 7.94 1.793 1.878 1.963 2.048 2.141 2.245 2.320 2.397 2.484 2.562 2.639 2.711 2.769 2.827 2.878 2.923 2.960 3.000 3.023 3.041 3.051 3.038 3.002 2.951 2.769 1.567
9.00 10.00 1.790 1.875 1.960 2.045 2.137 2.242 2.317 2.393 2.480 2.558 2.634 2.707 2.765 2.822 2.872 2.918 2.954 2.993 3.016 3.033 3.043 3.029 2.992 2.941 2.761 1.563
9.00 12.59 1.785 1.870 1.955 2.040 2.132 2.236 2.311 2.387 2.474 2.552 2.627 2.700 2.757 2.814 2.864 2.909 2.944 2.983 3.004 3.021 3.029 3.015 2.977 2.926 2.748 1.558
9.00 15.85 1.778 1.862 1.948 2.032 2.124 2.228 2.303 2.378 2.464 2.542 2.617 2.689 2.746 2.802 2.851 2.895 2.930 2.966 2.987 3.002 3.008 2.993 2.954 2.903 2.729 1.550
9.00 19.95 1.767 1.851 1.936 2.021 2.113 2.216 2.290 2.365 2.450 2.528 2.602 2.673 2.729 2.784 2.832 2.874 2.908 2.942 2.961 2.973 2.978 2.961 2.921 2.869 2.701 1.538
9.00 25.12 1.751 1.834 1.921 2.005 2.096 2.198 2.272 2.346 2.430 2.508 2.580 2.650 2.705 2.758 2.804 2.845 2.876 2.907 2.924 2.933 2.933 2.914 2.872 2.820 2.661 1.521
9.00 31.62 1.729 1.812 1.899 1.983 2.073 2.173 2.246 2.319 2.402 2.479 2.549 2.618 2.671 2.722 2.765 2.803 2.832 2.858 2.872 2.876 2.872 2.850 2.806 2.752 2.605 1.497
9.00 39.81 1.700 1.782 1.869 1.953 2.043 2.141 2.213 2.284 2.364 2.441 2.508 2.575 2.625 2.673 2.712 2.748 2.772 2.793 2.802 2.801 2.791 2.765 2.718 2.663 2.532 1.465
9.00 50.12 1.663 1.745 1.833 1.916 2.004 2.099 2.170 2.239 2.316 2.392 2.456 2.519 2.567 2.611 2.645 2.676 2.696 2.709 2.714 2.706 2.689 2.658 2.608 2.552 2.440 1.425
9.00 63.10 1.621 1.702 1.789 1.871 1.958 2.049 2.118 2.184 2.259 2.332 2.392 2.452 2.495 2.534 2.562 2.588 2.602 2.607 2.606 2.590 2.566 2.531 2.477 2.420 2.331 1.376
9.00 79.43 1.572 1.652 1.739 1.820 1.904 1.992 2.059 2.121 2.191 2.262 2.317 2.371 2.410 2.443 2.464 2.483 2.490 2.486 2.479 2.456 2.425 2.385 2.328 2.271 2.206 1.319
9.00 100.00 1.519 1.597 1.684 1.762 1.844 1.927 1.991 2.049 2.115 2.182 2.231 2.278 2.311 2.337 2.349 2.361 2.361 2.348 2.334 2.304 2.266 2.223 2.165 2.108 2.068 1.254
9.00 125.89 1.462 1.539 1.624 1.699 1.778 1.855 1.917 1.969 2.029 2.091 2.134 2.172 2.198 2.216 2.219 2.221 2.213 2.192 2.170 2.135 2.093 2.048 1.991 1.934 1.921 1.183
9.00 158.49 1.404 1.479 1.560 1.632 1.707 1.778 1.836 1.881 1.935 1.990 2.025 2.053 2.070 2.078 2.070 2.062 2.045 2.016 1.988 1.950 1.905 1.862 1.808 1.754 1.765 1.104
9.00 199.53 1.343 1.416 1.493 1.559 1.630 1.693 1.748 1.784 1.832 1.876 1.903 1.918 1.924 1.922 1.901 1.880 1.855 1.819 1.786 1.747 1.704 1.665 1.619 1.569 1.603 1.017
9.00 251.19 1.282 1.352 1.422 1.481 1.547 1.602 1.652 1.677 1.718 1.749 1.766 1.764 1.757 1.743 1.707 1.672 1.637 1.598 1.559 1.524 1.488 1.458 1.425 1.381 1.434 0.921
9.00 316.23 1.220 1.287 1.347 1.397 1.458 1.502 1.547 1.559 1.591 1.605 1.611 1.589 1.566 1.537 1.484 1.432 1.387 1.347 1.303 1.278 1.254 1.239 1.225 1.190 1.260 0.815
9.00 398.11 1.158 1.222 1.268 1.305 1.360 1.392 1.430 1.426 1.448 1.440 1.434 1.385 1.344 1.297 1.225 1.152 1.096 1.059 1.012 1.003 1.000 1.007 1.021 0.999 1.078 0.696
9.00 501.19 1.095 1.155 1.183 1.205 1.252 1.270 1.300 1.276 1.286 1.249 1.230 1.148 1.083 1.015 0.921 0.822 0.755 0.725 0.676 0.693 0.720 0.759 0.810 0.806 0.888 0.561
9.00 630.96 1.032 1.087 1.092 1.094 1.132 1.132 1.153 1.104 1.100 1.027 0.990 0.868 0.774 0.681 0.559 0.430 0.352 0.334 0.286 0.338 0.409 0.491 0.594 0.613 0.689 0.407
9.00 794.33 0.969 1.018 0.992 0.970 0.996 0.975 0.985 0.905 0.884 0.764 0.708 0.534 0.405 0.281 0.127 -0.040 -0.131 -0.128 -0.173 -0.071 0.060 0.200 0.370 0.420 0.479 0.228
9.00 1000.00 0.906 0.948 0.883 0.828 0.840 0.794 0.789 0.671 0.630 0.451 0.371 0.132 -0.040 -0.202 -0.395 -0.607 -0.713 -0.681 -0.719 -0.550 -0.339 -0.122 0.136 0.226 0.253 0.019
9.25 1.00 1.866 1.941 2.015 2.100 2.190 2.299 2.368 2.437 2.527 2.604 2.683 2.750 2.798 2.857 2.903 2.945 2.978 3.021 3.035 3.044 3.054 3.039 2.996 2.946 2.809 1.603
9.25 1.26 1.866 1.941 2.015 2.100 2.190 2.299 2.368 2.437 2.526 2.604 2.683 2.750 2.798 2.857 2.903 2.945 2.978 3.021 3.035 3.044 3.054 3.038 2.996 2.946 2.809 1.603
9.25 1.58 1.866 1.941 2.015 2.100 2.190 2.299 2.368 2.437 2.526 2.604 2.682 2.750 2.798 2.857 2.903 2.945 2.978 3.021 3.035 3.043 3.054 3.038 2.996 2.946 2.809 1.603
9.25 2.00 1.866 1.941 2.015 2.100 2.190 2.299 2.368 2.437 2.526 2.604 2.682 2.750 2.798 2.856 2.902 2.945 2.978 3.020 3.034 3.043 3.054 3.038 2.996 2.945 2.809 1.602
9.25 2.51 1.865 1.941 2.015 2.100 2.190 2.298 2.368 2.437 2.526 2.604 2.682 2.749 2.798 2.856 2.902 2.944 2.978 3.020 3.034 3.043 3.053 3.037 2.995 2.945 2.808 1.602
9.25 3.16 1.865 1.941 2.015 2.099 2.190 2.298 2.367 2.436 2.526 2.603 2.682 2.749 2.797 2.856 2.902 2.944 2.977 3.019 3.033 3.042 3.052 3.037 2.994 2.944 2.807 1.602
9.25 3.98 1.865 1.940 2.014 2.099 2.189 2.298 2.367 2.436 2.525 2.603 2.681 2.748 2.796 2.855 2.901 2.943 2.976 3.018 3.032 3.041 3.051 3.035 2.993 2.943 2.806 1.601
9.25 5.01 1.864 1.939 2.013 2.098 2.188 2.297 2.366 2.435 2.524 2.602 2.680 2.747 2.795 2.854 2.900 2.942 2.975 3.017 3.031 3.039 3.049 3.033 2.991 2.940 2.804 1.601
9.25 6.31 1.863 1.938 2.012 2.097 2.187 2.296 2.365 2.434 2.523 2.600 2.679 2.746 2.794 2.852 2.898 2.940 2.973 3.014 3.028 3.036 3.046 3.030 2.987 2.937 2.802 1.599
9.25 7.94 1.861 1.937 2.011 2.095 2.186 2.294 2.363 2.431 2.521 2.598 2.676 2.743 2.791 2.849 2.895 2.936 2.969 3.011 3.024 3.032 3.041 3.025 2.982 2.932 2.797 1.598
9.25 10.00 1.858 1.934 2.008 2.093 2.183 2.291 2.360 2.428 2.517 2.595 2.672 2.739 2.787 2.845 2.890 2.931 2.964 3.005 3.018 3.025 3.034 3.017 2.974 2.923 2.791 1.595
9.25 12.59 1.854 1.930 2.004 2.088 2.178 2.286 2.355 2.423 2.512 2.589 2.667 2.733 2.781 2.838 2.883 2.924 2.956 2.996 3.008 3.014 3.023 3.005 2.961 2.911 2.780 1.590
9.25 15.85 1.848 1.923 1.997 2.082 2.172 2.279 2.348 2.416 2.504 2.581 2.658 2.724 2.771 2.828 2.872 2.912 2.943 2.982 2.993 2.998 3.005 2.987 2.942 2.891 2.764 1.583
9.25 19.95 1.838 1.913 1.988 2.072 2.162 2.268 2.337 2.404 2.492 2.569 2.645 2.710 2.757 2.812 2.855 2.894 2.924 2.961 2.971 2.974 2.979 2.959 2.913 2.862 2.740 1.573
9.25 25.12 1.825 1.899 1.974 2.058 2.147 2.253 2.321 2.387 2.474 2.551 2.626 2.690 2.735 2.790 2.830 2.868 2.896 2.930 2.938 2.938 2.940 2.918 2.871 2.819 2.705 1.558
9.25 31.62 1.805 1.879 1.955 2.039 2.127 2.231 2.298 2.364 2.449 2.525 2.598 2.661 2.705 2.757 2.796 2.831 2.856 2.886 2.892 2.888 2.886 2.862 2.812 2.760 2.656 1.537
9.25 39.81 1.779 1.853 1.928 2.012 2.099 2.201 2.268 2.332 2.415 2.491 2.561 2.622 2.664 2.713 2.748 2.780 2.802 2.827 2.829 2.820 2.813 2.785 2.733 2.680 2.590 1.508
9.25 50.12 1.746 1.819 1.895 1.978 2.064 2.163 2.228 2.290 2.371 2.446 2.513 2.571 2.609 2.655 2.685 2.714 2.731 2.749 2.747 2.732 2.719 2.687 2.632 2.577 2.505 1.471
9.25 63.10 1.706 1.778 1.854 1.936 2.020 2.116 2.180 2.239 2.316 2.389 2.452 2.507 2.541 2.583 2.607 2.631 2.642 2.653 2.645 2.623 2.603 2.567 2.509 2.454 2.402 1.425
9.25 79.43 1.659 1.730 1.806 1.886 1.968 2.061 2.123 2.178 2.252 2.322 2.380 2.429 2.459 2.495 2.512 2.530 2.535 2.537 2.523 2.494 2.467 2.427 2.367 2.311 2.283 1.370
9.25 100.00 1.608 1.677 1.752 1.830 1.910 1.998 2.057 2.108 2.177 2.244 2.296 2.339 2.363 2.392 2.401 2.411 2.409 2.402 2.382 2.347 2.313 2.270 2.209 2.153 2.150 1.307
9.25 125.89 1.552 1.620 1.693 1.769 1.846 1.928 1.984 2.029 2.094 2.155 2.201 2.235 2.252 2.273 2.272 2.273 2.264 2.249 2.221 2.181 2.143 2.099 2.039 1.983 2.005 1.237
9.25 158.49 1.495 1.561 1.630 1.702 1.775 1.851 1.904 1.942 2.001 2.054 2.093 2.117 2.125 2.136 2.125 2.116 2.098 2.075 2.041 1.998 1.958 1.915 1.859 1.806 1.852 1.159
9.25 199.53 1.435 1.499 1.564 1.630 1.699 1.768 1.817 1.846 1.898 1.942 1.972 1.983 1.980 1.981 1.957 1.935 1.908 1.880 1.840 1.797 1.759 1.720 1.671 1.622 1.691 1.072
9.25 251.19 1.374 1.435 1.493 1.552 1.617 1.677 1.721 1.740 1.784 1.815 1.836 1.830 1.814 1.803 1.765 1.728 1.692 1.660 1.614 1.575 1.543 1.514 1.478 1.435 1.523 0.977
9.25 316.23 1.312 1.371 1.418 1.468 1.527 1.577 1.616 1.622 1.658 1.671 1.682 1.655 1.624 1.597 1.542 1.488 1.442 1.409 1.359 1.329 1.310 1.296 1.279 1.245 1.349 0.871
9.25 398.11 1.250 1.305 1.339 1.377 1.430 1.467 1.500 1.489 1.515 1.506 1.505 1.452 1.402 1.358 1.284 1.209 1.152 1.121 1.068 1.055 1.057 1.064 1.075 1.054 1.168 0.753
9.25 501.19 1.188 1.238 1.255 1.277 1.322 1.345 1.370 1.339 1.353 1.316 1.300 1.214 1.141 1.076 0.979 0.879 0.812 0.788 0.733 0.745 0.777 0.817 0.865 0.862 0.979 0.618
9.25 630.96 1.125 1.171 1.164 1.166 1.202 1.207 1.223 1.168 1.168 1.094 1.061 0.934 0.833 0.742 0.618 0.487 0.408 0.397 0.343 0.391 0.467 0.549 0.649 0.669 0.780 0.464
9.25 794.33 1.062 1.102 1.064 1.042 1.066 1.050 1.055 0.968 0.952 0.831 0.779 0.601 0.463 0.342 0.186 0.018 -0.075 -0.065 -0.115 -0.019 0.117 0.258 0.425 0.476 0.569 0.285
9.25 1000.00 0.999 1.032 0.954 0.900 0.910 0.869 0.860 0.735 0.698 0.518 0.443 0.199 0.018 -0.140 -0.336 -0.550 -0.656 -0.617 -0.661 -0.497 -0.281 -0.064 0.191 0.283 0.344 0.076
