AtkinsonBoore2003SSlabCascadia as implemented in OpenQuake, distance is rrup. Log10 hazard values in cgs units
          14 31 10 : nmag, ndist, nperiod
          0.040 0.100 0.200 0.400 1.000 2.000 3.000 5.000 10.000 PGA PGV
          0.576 0.645 0.645 0.645 0.668 0.691 0.691 0.691 0.691 0.622 PGVsig
4.75 1.00 2.906 2.959 3.217 3.111 2.637 1.973 1.207 0.710 0.183 2.674 1.618
4.75 1.26 2.857 2.910 3.168 3.063 2.589 1.925 1.159 0.663 0.138 2.625 1.566
4.75 1.58 2.791 2.844 3.102 2.997 2.523 1.859 1.093 0.599 0.077 2.559 1.495
4.75 2.00 2.704 2.757 3.016 2.910 2.436 1.772 1.007 0.515 -0.004 2.472 1.402
4.75 2.51 2.597 2.650 2.908 2.803 2.329 1.666 0.901 0.411 -0.104 2.365 1.288
4.75 3.16 2.471 2.524 2.782 2.677 2.203 1.540 0.775 0.289 -0.222 2.239 1.153
4.75 3.98 2.328 2.381 2.640 2.535 2.061 1.399 0.634 0.152 -0.354 2.097 1.001
4.75 5.01 2.173 2.227 2.486 2.381 1.907 1.245 0.481 0.003 -0.497 1.942 0.836
4.75 6.31 2.009 2.062 2.322 2.217 1.743 1.082 0.319 -0.155 -0.647 1.778 0.661
4.75 7.94 1.837 1.891 2.151 2.046 1.573 0.912 0.151 -0.318 -0.803 1.607 0.478
4.75 10.00 1.661 1.715 1.975 1.871 1.397 0.738 -0.022 -0.484 -0.961 1.431 0.291
4.75 12.59 1.480 1.535 1.796 1.692 1.218 0.560 -0.198 -0.653 -1.121 1.252 0.099
4.75 15.85 1.297 1.352 1.614 1.510 1.037 0.380 -0.375 -0.824 -1.282 1.069 -0.095
4.75 19.95 1.110 1.165 1.428 1.325 0.852 0.198 -0.555 -0.996 -1.443 0.883 -0.293
4.75 25.12 0.920 0.976 1.241 1.138 0.665 0.014 -0.735 -1.168 -1.605 0.695 -0.493
4.75 31.62 0.726 0.783 1.050 0.948 0.476 -0.172 -0.916 -1.341 -1.767 0.503 -0.696
4.75 39.81 0.528 0.587 0.855 0.755 0.283 -0.360 -1.099 -1.515 -1.929 0.308 -0.902
4.75 50.12 0.325 0.385 0.656 0.558 0.086 -0.552 -1.282 -1.690 -2.091 0.108 -1.113
4.75 63.10 0.116 0.178 0.452 0.355 -0.116 -0.746 -1.467 -1.866 -2.254 -0.097 -1.329
4.75 79.43 -0.102 -0.037 0.242 0.147 -0.323 -0.944 -1.654 -2.043 -2.419 -0.309 -1.551
4.75 100.00 -0.329 -0.261 0.023 -0.069 -0.538 -1.148 -1.842 -2.222 -2.585 -0.530 -1.781
4.75 125.89 -0.569 -0.497 -0.206 -0.294 -0.762 -1.358 -2.033 -2.404 -2.753 -0.761 -2.022
4.75 158.49 -0.824 -0.748 -0.448 -0.531 -0.997 -1.575 -2.227 -2.588 -2.924 -1.006 -2.274
4.75 199.53 -1.100 -1.017 -0.706 -0.783 -1.248 -1.803 -2.425 -2.776 -3.098 -1.268 -2.543
4.75 251.19 -1.400 -1.309 -0.984 -1.055 -1.516 -2.043 -2.627 -2.969 -3.277 -1.552 -2.831
4.75 316.23 -1.731 -1.631 -1.288 -1.350 -1.808 -2.299 -2.836 -3.168 -3.462 -1.863 -3.144
4.75 398.11 -2.102 -1.990 -1.625 -1.675 -2.129 -2.575 -3.052 -3.374 -3.655 -2.207 -3.489
4.75 501.19 -2.523 -2.395 -2.002 -2.037 -2.486 -2.876 -3.277 -3.590 -3.857 -2.595 -3.874
4.75 630.96 -3.005 -2.858 -2.430 -2.448 -2.890 -3.208 -3.515 -3.817 -4.071 -3.036 -4.308
4.75 794.33 -3.567 -3.395 -2.923 -2.918 -3.352 -3.580 -3.768 -4.060 -4.300 -3.546 -4.805
4.75 1000.00 -4.228 -4.025 -3.497 -3.463 -3.887 -4.002 -4.040 -4.322 -4.548 -4.140 -5.381
5.00 1.00 2.881 2.942 3.207 3.122 2.674 2.040 1.304 0.831 0.309 2.663 1.648
5.00 1.26 2.850 2.911 3.176 3.091 2.643 2.009 1.274 0.802 0.282 2.633 1.615
5.00 1.58 2.806 2.867 3.132 3.047 2.599 1.965 1.230 0.760 0.242 2.589 1.568
5.00 2.00 2.745 2.806 3.071 2.986 2.538 1.904 1.170 0.701 0.187 2.528 1.502
5.00 2.51 2.664 2.725 2.990 2.905 2.458 1.824 1.089 0.623 0.113 2.447 1.416
5.00 3.16 2.562 2.624 2.889 2.804 2.357 1.723 0.989 0.526 0.019 2.345 1.308
5.00 3.98 2.441 2.503 2.768 2.683 2.236 1.603 0.869 0.409 -0.092 2.225 1.179
5.00 5.01 2.303 2.365 2.630 2.546 2.098 1.466 0.732 0.277 -0.219 2.087 1.031
5.00 6.31 2.151 2.213 2.479 2.394 1.947 1.315 0.583 0.132 -0.358 1.935 0.870
5.00 7.94 1.989 2.051 2.318 2.233 1.786 1.155 0.424 -0.022 -0.505 1.774 0.697
5.00 10.00 1.819 1.882 2.148 2.064 1.617 0.987 0.257 -0.183 -0.657 1.604 0.517
5.00 12.59 1.643 1.706 1.974 1.890 1.443 0.814 0.086 -0.348 -0.813 1.429 0.330
5.00 15.85 1.463 1.526 1.795 1.711 1.265 0.638 -0.088 -0.515 -0.971 1.250 0.139
5.00 19.95 1.279 1.343 1.612 1.529 1.083 0.458 -0.265 -0.684 -1.131 1.067 -0.055
5.00 25.12 1.090 1.155 1.426 1.344 0.898 0.276 -0.443 -0.855 -1.291 0.880 -0.253
5.00 31.62 0.898 0.964 1.237 1.156 0.710 0.091 -0.623 -1.027 -1.451 0.690 -0.455
5.00 39.81 0.702 0.769 1.044 0.964 0.518 -0.096 -0.804 -1.199 -1.612 0.497 -0.660
5.00 50.12 0.500 0.569 0.846 0.768 0.323 -0.285 -0.986 -1.373 -1.773 0.298 -0.869
5.00 63.10 0.292 0.363 0.644 0.567 0.122 -0.479 -1.170 -1.548 -1.936 0.094 -1.084
5.00 79.43 0.076 0.149 0.434 0.360 -0.084 -0.676 -1.355 -1.724 -2.099 -0.117 -1.305
5.00 100.00 -0.150 -0.074 0.217 0.145 -0.298 -0.878 -1.543 -1.902 -2.264 -0.337 -1.534
5.00 125.89 -0.389 -0.309 -0.011 -0.079 -0.520 -1.087 -1.732 -2.083 -2.431 -0.567 -1.773
5.00 158.49 -0.644 -0.559 -0.252 -0.315 -0.755 -1.304 -1.925 -2.266 -2.601 -0.811 -2.024
5.00 199.53 -0.918 -0.827 -0.509 -0.567 -1.004 -1.530 -2.122 -2.453 -2.775 -1.072 -2.292
5.00 251.19 -1.217 -1.118 -0.786 -0.837 -1.272 -1.769 -2.323 -2.645 -2.953 -1.355 -2.579
5.00 316.23 -1.547 -1.439 -1.089 -1.131 -1.563 -2.024 -2.531 -2.842 -3.137 -1.664 -2.891
5.00 398.11 -1.917 -1.796 -1.425 -1.455 -1.882 -2.299 -2.746 -3.048 -3.328 -2.008 -3.235
5.00 501.19 -2.337 -2.200 -1.801 -1.816 -2.239 -2.599 -2.970 -3.262 -3.529 -2.394 -3.618
5.00 630.96 -2.818 -2.663 -2.228 -2.226 -2.642 -2.930 -3.207 -3.489 -3.742 -2.835 -4.051
5.00 794.33 -3.379 -3.199 -2.720 -2.695 -3.103 -3.301 -3.459 -3.731 -3.970 -3.343 -4.547
5.00 1000.00 -4.038 -3.827 -3.293 -3.239 -3.637 -3.722 -3.730 -3.992 -4.217 -3.937 -5.122
5.25 1.00 2.841 2.911 3.182 3.118 2.697 2.092 1.388 0.937 0.421 2.639 1.662
5.25 1.26 2.823 2.893 3.164 3.099 2.678 2.074 1.369 0.920 0.405 2.620 1.643
5.25 1.58 2.795 2.865 3.137 3.072 2.651 2.047 1.342 0.894 0.382 2.593 1.613
5.25 2.00 2.755 2.825 3.097 3.032 2.611 2.007 1.302 0.856 0.347 2.553 1.571
5.25 2.51 2.699 2.769 3.041 2.976 2.555 1.951 1.247 0.803 0.297 2.497 1.511
5.25 3.16 2.624 2.694 2.966 2.901 2.480 1.876 1.172 0.732 0.229 2.422 1.431
5.25 3.98 2.528 2.598 2.870 2.805 2.385 1.781 1.078 0.640 0.142 2.326 1.328
5.25 5.01 2.412 2.483 2.754 2.690 2.269 1.666 0.963 0.530 0.037 2.210 1.205
5.25 6.31 2.278 2.349 2.621 2.557 2.136 1.534 0.832 0.402 -0.084 2.077 1.062
5.25 7.94 2.130 2.201 2.473 2.409 1.988 1.387 0.686 0.261 -0.218 1.929 0.904
5.25 10.00 1.970 2.041 2.314 2.250 1.830 1.229 0.530 0.110 -0.362 1.769 0.735
5.25 12.59 1.801 1.873 2.146 2.083 1.662 1.063 0.366 -0.048 -0.511 1.602 0.556
5.25 15.85 1.626 1.698 1.972 1.909 1.489 0.892 0.196 -0.210 -0.665 1.427 0.370
5.25 19.95 1.445 1.518 1.794 1.731 1.311 0.716 0.023 -0.376 -0.821 1.248 0.179
5.25 25.12 1.260 1.333 1.610 1.548 1.129 0.536 -0.152 -0.544 -0.978 1.064 -0.016
5.25 31.62 1.070 1.144 1.423 1.362 0.943 0.354 -0.330 -0.714 -1.137 0.877 -0.215
5.25 39.81 0.875 0.951 1.232 1.172 0.753 0.169 -0.509 -0.885 -1.297 0.684 -0.418
5.25 50.12 0.675 0.752 1.036 0.978 0.559 -0.020 -0.690 -1.057 -1.457 0.487 -0.626
5.25 63.10 0.468 0.547 0.834 0.778 0.360 -0.212 -0.873 -1.231 -1.618 0.285 -0.839
5.25 79.43 0.253 0.335 0.626 0.572 0.155 -0.408 -1.057 -1.406 -1.781 0.075 -1.059
5.25 100.00 0.028 0.113 0.410 0.358 -0.058 -0.609 -1.243 -1.583 -1.945 -0.144 -1.286
5.25 125.89 -0.210 -0.121 0.183 0.135 -0.279 -0.816 -1.432 -1.762 -2.111 -0.373 -1.524
5.25 158.49 -0.463 -0.370 -0.057 -0.100 -0.513 -1.032 -1.624 -1.945 -2.280 -0.616 -1.775
5.25 199.53 -0.736 -0.637 -0.313 -0.350 -0.761 -1.258 -1.819 -2.131 -2.452 -0.876 -2.041
5.25 251.19 -1.034 -0.927 -0.589 -0.619 -1.028 -1.496 -2.020 -2.321 -2.630 -1.157 -2.327
5.25 316.23 -1.364 -1.247 -0.891 -0.912 -1.317 -1.750 -2.226 -2.518 -2.813 -1.466 -2.638
5.25 398.11 -1.732 -1.603 -1.225 -1.235 -1.636 -2.023 -2.440 -2.722 -3.003 -1.809 -2.981
5.25 501.19 -2.151 -2.006 -1.600 -1.596 -1.992 -2.322 -2.664 -2.936 -3.203 -2.194 -3.363
5.25 630.96 -2.632 -2.467 -2.027 -2.004 -2.393 -2.653 -2.899 -3.162 -3.415 -2.633 -3.795
5.25 794.33 -3.191 -3.002 -2.518 -2.472 -2.853 -3.023 -3.150 -3.403 -3.642 -3.141 -4.290
5.25 1000.00 -3.850 -3.630 -3.090 -3.015 -3.386 -3.443 -3.420 -3.663 -3.888 -3.733 -4.864
5.50 1.00 2.793 2.872 3.150 3.105 2.711 2.137 1.463 1.034 0.523 2.606 1.668
5.50 1.26 2.783 2.861 3.139 3.095 2.700 2.126 1.452 1.025 0.516 2.595 1.657
5.50 1.58 2.766 2.845 3.123 3.078 2.684 2.110 1.436 1.010 0.503 2.579 1.639
5.50 2.00 2.741 2.820 3.098 3.053 2.659 2.085 1.411 0.987 0.483 2.554 1.613
5.50 2.51 2.705 2.784 3.062 3.017 2.623 2.049 1.376 0.954 0.452 2.518 1.574
5.50 3.16 2.654 2.733 3.010 2.966 2.572 1.998 1.325 0.905 0.407 2.466 1.520
5.50 3.98 2.584 2.663 2.941 2.897 2.502 1.929 1.256 0.840 0.346 2.397 1.445
5.50 5.01 2.494 2.573 2.851 2.807 2.413 1.839 1.167 0.754 0.265 2.307 1.349
5.50 6.31 2.383 2.462 2.741 2.697 2.303 1.730 1.058 0.650 0.166 2.196 1.231
5.50 7.94 2.254 2.333 2.612 2.568 2.174 1.602 0.932 0.528 0.051 2.067 1.094
5.50 10.00 2.108 2.188 2.468 2.424 2.030 1.459 0.790 0.391 -0.078 1.923 0.940
5.50 12.59 1.951 2.031 2.311 2.267 1.874 1.304 0.637 0.244 -0.218 1.766 0.772
5.50 15.85 1.783 1.864 2.145 2.102 1.708 1.140 0.475 0.088 -0.364 1.599 0.595
5.50 19.95 1.608 1.689 1.971 1.929 1.535 0.970 0.308 -0.072 -0.515 1.426 0.410
5.50 25.12 1.427 1.509 1.792 1.750 1.357 0.794 0.136 -0.237 -0.669 1.246 0.220
5.50 31.62 1.240 1.323 1.608 1.567 1.174 0.615 -0.039 -0.404 -0.826 1.061 0.024
5.50 39.81 1.047 1.131 1.419 1.379 0.987 0.432 -0.216 -0.573 -0.983 0.871 -0.177
5.50 50.12 0.849 0.935 1.225 1.187 0.795 0.245 -0.395 -0.743 -1.142 0.676 -0.383
5.50 63.10 0.644 0.731 1.025 0.988 0.597 0.055 -0.576 -0.916 -1.302 0.475 -0.594
5.50 79.43 0.430 0.520 0.818 0.784 0.393 -0.140 -0.759 -1.089 -1.463 0.266 -0.813
5.50 100.00 0.206 0.299 0.603 0.572 0.182 -0.340 -0.944 -1.265 -1.626 0.049 -1.039
5.50 125.89 -0.030 0.067 0.377 0.350 -0.039 -0.546 -1.131 -1.444 -1.792 -0.179 -1.276
5.50 158.49 -0.283 -0.181 0.139 0.116 -0.271 -0.761 -1.322 -1.625 -1.960 -0.421 -1.525
5.50 199.53 -0.555 -0.447 -0.116 -0.134 -0.518 -0.985 -1.517 -1.810 -2.131 -0.680 -1.790
5.50 251.19 -0.852 -0.736 -0.392 -0.402 -0.784 -1.222 -1.716 -2.000 -2.307 -0.960 -2.075
5.50 316.23 -1.180 -1.054 -0.693 -0.694 -1.072 -1.475 -1.921 -2.195 -2.489 -1.268 -2.385
5.50 398.11 -1.548 -1.410 -1.026 -1.015 -1.390 -1.748 -2.134 -2.398 -2.679 -1.609 -2.727
5.50 501.19 -1.965 -1.812 -1.400 -1.375 -1.745 -2.046 -2.357 -2.611 -2.878 -1.994 -3.108
5.50 630.96 -2.445 -2.272 -1.825 -1.782 -2.145 -2.375 -2.592 -2.836 -3.089 -2.432 -3.539
5.50 794.33 -3.003 -2.806 -2.315 -2.249 -2.604 -2.744 -2.841 -3.076 -3.315 -2.938 -4.032
5.50 1000.00 -3.661 -3.433 -2.886 -2.792 -3.136 -3.163 -3.110 -3.335 -3.560 -3.530 -4.605
5.75 1.00 2.741 2.828 3.113 3.089 2.721 2.177 1.534 1.127 0.621 2.568 1.670
5.75 1.26 2.735 2.822 3.107 3.082 2.715 2.171 1.528 1.122 0.618 2.562 1.663
5.75 1.58 2.725 2.813 3.097 3.073 2.705 2.161 1.519 1.114 0.612 2.553 1.653
5.75 2.00 2.710 2.798 3.082 3.058 2.691 2.147 1.504 1.101 0.601 2.538 1.637
5.75 2.51 2.688 2.776 3.060 3.036 2.669 2.125 1.482 1.081 0.584 2.516 1.614
5.75 3.16 2.655 2.743 3.028 3.003 2.636 2.092 1.450 1.051 0.557 2.483 1.579
5.75 3.98 2.608 2.696 2.981 2.957 2.589 2.045 1.404 1.008 0.518 2.436 1.529
5.75 5.01 2.544 2.631 2.916 2.892 2.525 1.982 1.340 0.948 0.462 2.372 1.460
5.75 6.31 2.459 2.547 2.832 2.808 2.441 1.898 1.257 0.868 0.389 2.287 1.370
5.75 7.94 2.354 2.442 2.727 2.704 2.336 1.794 1.154 0.770 0.296 2.182 1.258
5.75 10.00 2.229 2.317 2.603 2.580 2.212 1.671 1.033 0.653 0.186 2.058 1.125
5.75 12.59 2.087 2.175 2.462 2.439 2.072 1.532 0.895 0.521 0.062 1.917 0.975
5.75 15.85 1.931 2.020 2.308 2.285 1.918 1.380 0.745 0.377 -0.073 1.762 0.810
5.75 19.95 1.765 1.854 2.143 2.121 1.754 1.218 0.586 0.225 -0.217 1.597 0.635
5.75 25.12 1.589 1.680 1.970 1.948 1.582 1.048 0.420 0.066 -0.365 1.423 0.450
5.75 31.62 1.407 1.498 1.790 1.769 1.403 0.873 0.250 -0.097 -0.518 1.243 0.259
5.75 39.81 1.218 1.310 1.604 1.585 1.219 0.693 0.076 -0.263 -0.672 1.056 0.062
5.75 50.12 1.022 1.116 1.412 1.394 1.029 0.509 -0.101 -0.431 -0.829 0.863 -0.142
5.75 63.10 0.818 0.914 1.214 1.198 0.833 0.321 -0.280 -0.602 -0.988 0.664 -0.351
5.75 79.43 0.606 0.705 1.009 0.995 0.631 0.127 -0.461 -0.774 -1.148 0.457 -0.568
5.75 100.00 0.384 0.485 0.795 0.784 0.421 -0.071 -0.645 -0.949 -1.309 0.241 -0.793
5.75 125.89 0.149 0.254 0.571 0.564 0.202 -0.276 -0.831 -1.126 -1.474 0.014 -1.028
5.75 158.49 -0.103 0.008 0.333 0.331 -0.029 -0.490 -1.021 -1.306 -1.640 -0.226 -1.276
5.75 199.53 -0.374 -0.257 0.080 0.083 -0.275 -0.713 -1.214 -1.490 -1.811 -0.484 -1.540
5.75 251.19 -0.669 -0.545 -0.195 -0.184 -0.540 -0.949 -1.413 -1.679 -1.986 -0.764 -1.823
5.75 316.23 -0.997 -0.863 -0.494 -0.475 -0.827 -1.201 -1.617 -1.873 -2.167 -1.070 -2.132
5.75 398.11 -1.363 -1.217 -0.827 -0.796 -1.144 -1.473 -1.829 -2.076 -2.356 -1.411 -2.473
5.75 501.19 -1.780 -1.618 -1.200 -1.155 -1.498 -1.769 -2.050 -2.287 -2.554 -1.794 -2.853
5.75 630.96 -2.259 -2.077 -1.624 -1.561 -1.897 -2.098 -2.284 -2.511 -2.764 -2.231 -3.283
5.75 794.33 -2.816 -2.610 -2.113 -2.027 -2.355 -2.466 -2.533 -2.750 -2.989 -2.736 -3.775
5.75 1000.00 -3.472 -3.236 -2.683 -2.568 -2.886 -2.884 -2.800 -3.008 -3.233 -3.327 -4.347
6.00 1.00 2.686 2.782 3.074 3.070 2.729 2.215 1.604 1.217 0.717 2.529 1.669
6.00 1.26 2.683 2.779 3.070 3.066 2.725 2.212 1.601 1.215 0.716 2.525 1.665
6.00 1.58 2.677 2.773 3.065 3.061 2.720 2.206 1.595 1.210 0.714 2.520 1.659
6.00 2.00 2.669 2.765 3.056 3.053 2.712 2.198 1.587 1.204 0.709 2.511 1.650
6.00 2.51 2.655 2.752 3.043 3.039 2.699 2.185 1.574 1.193 0.700 2.498 1.636
6.00 3.16 2.635 2.732 3.023 3.020 2.679 2.165 1.555 1.175 0.686 2.478 1.615
6.00 3.98 2.606 2.702 2.994 2.990 2.649 2.136 1.526 1.149 0.663 2.449 1.584
6.00 5.01 2.563 2.659 2.951 2.947 2.607 2.094 1.484 1.110 0.629 2.406 1.538
6.00 6.31 2.503 2.600 2.892 2.888 2.547 2.035 1.425 1.055 0.579 2.346 1.475
6.00 7.94 2.424 2.521 2.813 2.809 2.469 1.957 1.348 0.982 0.512 2.267 1.390
6.00 10.00 2.323 2.420 2.713 2.710 2.369 1.858 1.251 0.889 0.426 2.168 1.284
6.00 12.59 2.203 2.300 2.593 2.591 2.250 1.740 1.134 0.778 0.322 2.048 1.156
6.00 15.85 2.064 2.162 2.456 2.454 2.113 1.605 1.001 0.651 0.203 1.910 1.010
6.00 19.95 1.911 2.009 2.304 2.302 1.962 1.455 0.854 0.511 0.072 1.758 0.848
6.00 25.12 1.745 1.844 2.140 2.139 1.799 1.295 0.698 0.361 -0.069 1.593 0.673
6.00 31.62 1.569 1.669 1.967 1.967 1.627 1.127 0.534 0.204 -0.215 1.419 0.489
6.00 39.81 1.385 1.486 1.786 1.787 1.447 0.952 0.364 0.043 -0.365 1.238 0.297
6.00 50.12 1.192 1.295 1.598 1.600 1.261 0.771 0.191 -0.122 -0.519 1.048 0.098
6.00 63.10 0.991 1.096 1.402 1.406 1.068 0.585 0.015 -0.290 -0.675 0.852 -0.109
6.00 79.43 0.781 0.888 1.199 1.205 0.868 0.394 -0.165 -0.461 -0.834 0.647 -0.323
6.00 100.00 0.561 0.671 0.987 0.996 0.660 0.197 -0.347 -0.634 -0.994 0.433 -0.547
6.00 125.89 0.327 0.441 0.764 0.777 0.442 -0.007 -0.532 -0.810 -1.157 0.207 -0.780
6.00 158.49 0.077 0.196 0.528 0.545 0.212 -0.219 -0.720 -0.989 -1.323 -0.032 -1.027
6.00 199.53 -0.193 -0.068 0.275 0.299 -0.033 -0.441 -0.912 -1.171 -1.492 -0.289 -1.290
6.00 251.19 -0.487 -0.355 0.002 0.033 -0.296 -0.676 -1.109 -1.359 -1.666 -0.567 -1.572
6.00 316.23 -0.814 -0.671 -0.297 -0.257 -0.583 -0.927 -1.313 -1.553 -1.847 -0.872 -1.880
6.00 398.11 -1.179 -1.024 -0.628 -0.577 -0.898 -1.198 -1.524 -1.754 -2.034 -1.212 -2.219
6.00 501.19 -1.595 -1.424 -1.000 -0.934 -1.251 -1.493 -1.744 -1.965 -2.231 -1.594 -2.598
6.00 630.96 -2.072 -1.883 -1.423 -1.340 -1.649 -1.821 -1.977 -2.187 -2.440 -2.030 -3.027
6.00 794.33 -2.629 -2.414 -1.911 -1.804 -2.106 -2.187 -2.224 -2.425 -2.664 -2.535 -3.518
6.00 1000.00 -3.284 -3.039 -2.480 -2.345 -2.636 -2.604 -2.491 -2.682 -2.907 -3.124 -4.089
6.25 1.00 2.630 2.735 3.034 3.050 2.736 2.253 1.674 1.306 0.812 2.488 1.667
6.25 1.26 2.628 2.733 3.032 3.048 2.734 2.251 1.672 1.305 0.812 2.486 1.665
6.25 1.58 2.625 2.730 3.028 3.045 2.731 2.248 1.669 1.304 0.812 2.483 1.662
6.25 2.00 2.620 2.725 3.024 3.041 2.726 2.243 1.665 1.300 0.811 2.478 1.657
6.25 2.51 2.612 2.718 3.016 3.033 2.719 2.236 1.657 1.295 0.807 2.471 1.649
6.25 3.16 2.601 2.706 3.004 3.021 2.707 2.224 1.646 1.285 0.801 2.459 1.636
6.25 3.98 2.583 2.688 2.987 3.004 2.689 2.207 1.628 1.270 0.789 2.441 1.617
6.25 5.01 2.556 2.661 2.960 2.977 2.663 2.180 1.602 1.247 0.770 2.414 1.589
6.25 6.31 2.517 2.622 2.921 2.938 2.624 2.142 1.564 1.212 0.740 2.375 1.547
6.25 7.94 2.462 2.567 2.866 2.884 2.569 2.088 1.511 1.163 0.696 2.320 1.489
6.25 10.00 2.387 2.493 2.792 2.810 2.496 2.015 1.439 1.095 0.635 2.247 1.410
6.25 12.59 2.292 2.398 2.698 2.716 2.402 1.922 1.347 1.009 0.555 2.152 1.309
6.25 15.85 2.176 2.282 2.583 2.601 2.287 1.809 1.236 0.903 0.457 2.037 1.187
6.25 19.95 2.041 2.148 2.449 2.468 2.154 1.678 1.107 0.780 0.344 1.902 1.044
6.25 25.12 1.889 1.996 2.299 2.318 2.005 1.531 0.964 0.644 0.217 1.752 0.885
6.25 31.62 1.723 1.832 2.136 2.156 1.843 1.373 0.810 0.497 0.080 1.588 0.711
6.25 39.81 1.546 1.656 1.962 1.984 1.671 1.205 0.648 0.343 -0.064 1.414 0.527
6.25 50.12 1.359 1.470 1.779 1.802 1.490 1.029 0.480 0.182 -0.213 1.230 0.333
6.25 63.10 1.162 1.275 1.588 1.612 1.301 0.847 0.307 0.018 -0.366 1.037 0.130
6.25 79.43 0.955 1.070 1.387 1.414 1.103 0.659 0.130 -0.150 -0.522 0.835 -0.081
6.25 100.00 0.736 0.855 1.178 1.207 0.897 0.464 -0.050 -0.321 -0.680 0.623 -0.302
6.25 125.89 0.504 0.627 0.956 0.990 0.681 0.262 -0.233 -0.495 -0.842 0.399 -0.534
6.25 158.49 0.256 0.384 0.722 0.760 0.453 0.051 -0.420 -0.673 -1.006 0.162 -0.779
6.25 199.53 -0.012 0.121 0.471 0.514 0.209 -0.170 -0.611 -0.854 -1.175 -0.094 -1.040
6.25 251.19 -0.306 -0.164 0.199 0.249 -0.053 -0.403 -0.807 -1.041 -1.348 -0.371 -1.321
6.25 316.23 -0.631 -0.480 -0.099 -0.039 -0.338 -0.653 -1.009 -1.233 -1.527 -0.675 -1.628
6.25 398.11 -0.995 -0.832 -0.429 -0.358 -0.653 -0.923 -1.219 -1.433 -1.714 -1.013 -1.966
6.25 501.19 -1.410 -1.231 -0.800 -0.714 -1.004 -1.217 -1.438 -1.643 -1.910 -1.395 -2.344
6.25 630.96 -1.886 -1.688 -1.222 -1.118 -1.402 -1.544 -1.670 -1.865 -2.118 -1.830 -2.771
6.25 794.33 -2.442 -2.219 -1.709 -1.582 -1.858 -1.909 -1.916 -2.102 -2.341 -2.333 -3.262
6.25 1000.00 -3.096 -2.842 -2.277 -2.122 -2.386 -2.325 -2.182 -2.357 -2.583 -2.921 -3.831
6.50 1.00 2.573 2.687 2.993 3.031 2.743 2.291 1.745 1.396 0.907 2.447 1.665
6.50 1.26 2.572 2.686 2.992 3.030 2.742 2.290 1.744 1.396 0.908 2.446 1.664
6.50 1.58 2.570 2.685 2.990 3.028 2.740 2.289 1.743 1.395 0.909 2.444 1.662
6.50 2.00 2.568 2.682 2.987 3.025 2.737 2.286 1.740 1.394 0.909 2.441 1.659
6.50 2.51 2.563 2.678 2.983 3.021 2.733 2.282 1.736 1.391 0.909 2.437 1.655
6.50 3.16 2.556 2.671 2.976 3.014 2.726 2.275 1.729 1.386 0.907 2.430 1.648
6.50 3.98 2.546 2.660 2.966 3.004 2.716 2.265 1.719 1.378 0.902 2.420 1.636
6.50 5.01 2.530 2.644 2.950 2.988 2.700 2.249 1.704 1.365 0.893 2.404 1.619
6.50 6.31 2.505 2.620 2.926 2.964 2.676 2.225 1.680 1.345 0.877 2.380 1.594
6.50 7.94 2.470 2.584 2.890 2.928 2.641 2.190 1.646 1.314 0.851 2.344 1.556
6.50 10.00 2.419 2.534 2.840 2.878 2.591 2.141 1.597 1.270 0.813 2.294 1.502
6.50 12.59 2.349 2.464 2.771 2.809 2.522 2.073 1.530 1.208 0.758 2.225 1.429
6.50 15.85 2.259 2.374 2.682 2.720 2.433 1.985 1.444 1.128 0.684 2.135 1.333
6.50 19.95 2.147 2.263 2.571 2.610 2.323 1.877 1.338 1.027 0.593 2.024 1.216
6.50 25.12 2.015 2.131 2.440 2.480 2.193 1.750 1.214 0.910 0.484 1.893 1.077
6.50 31.62 1.864 1.982 2.293 2.333 2.046 1.606 1.075 0.777 0.361 1.744 0.920
6.50 39.81 1.698 1.817 2.130 2.172 1.885 1.449 0.923 0.633 0.228 1.581 0.747
6.50 50.12 1.519 1.639 1.955 1.998 1.712 1.281 0.763 0.481 0.086 1.405 0.562
6.50 63.10 1.328 1.450 1.769 1.814 1.529 1.105 0.596 0.322 -0.061 1.218 0.365
6.50 79.43 1.125 1.250 1.573 1.620 1.336 0.921 0.423 0.158 -0.214 1.020 0.158
6.50 100.00 0.910 1.037 1.366 1.416 1.133 0.729 0.246 -0.011 -0.369 0.811 -0.059
6.50 125.89 0.681 0.812 1.148 1.201 0.919 0.529 0.065 -0.183 -0.529 0.590 -0.289
6.50 158.49 0.434 0.570 0.915 0.973 0.692 0.320 -0.120 -0.358 -0.692 0.354 -0.532
6.50 199.53 0.167 0.310 0.665 0.729 0.451 0.101 -0.309 -0.538 -0.859 0.101 -0.791
6.50 251.19 -0.125 0.025 0.395 0.466 0.190 -0.131 -0.504 -0.724 -1.031 -0.175 -1.071
6.50 316.23 -0.448 -0.289 0.098 0.178 -0.094 -0.380 -0.705 -0.915 -1.209 -0.478 -1.376
6.50 398.11 -0.812 -0.640 -0.231 -0.139 -0.408 -0.648 -0.914 -1.114 -1.394 -0.815 -1.713
6.50 501.19 -1.225 -1.038 -0.601 -0.495 -0.758 -0.942 -1.132 -1.323 -1.589 -1.195 -2.089
6.50 630.96 -1.700 -1.494 -1.022 -0.898 -1.154 -1.267 -1.363 -1.543 -1.796 -1.629 -2.516
6.50 794.33 -2.255 -2.024 -1.507 -1.361 -1.609 -1.632 -1.608 -1.779 -2.018 -2.131 -3.005
6.50 1000.00 -2.908 -2.646 -2.074 -1.899 -2.137 -2.046 -1.873 -2.034 -2.259 -2.719 -3.574
6.75 1.00 2.515 2.639 2.952 3.010 2.750 2.330 1.818 1.485 1.002 2.405 1.663
6.75 1.26 2.515 2.638 2.951 3.010 2.749 2.330 1.817 1.486 1.004 2.404 1.662
6.75 1.58 2.514 2.637 2.950 3.009 2.748 2.329 1.816 1.486 1.005 2.403 1.661
6.75 2.00 2.512 2.636 2.949 3.007 2.747 2.327 1.815 1.485 1.006 2.402 1.660
6.75 2.51 2.510 2.633 2.946 3.005 2.744 2.325 1.812 1.484 1.007 2.399 1.657
6.75 3.16 2.506 2.629 2.942 3.001 2.740 2.321 1.809 1.482 1.008 2.396 1.653
6.75 3.98 2.500 2.623 2.936 2.995 2.734 2.315 1.803 1.479 1.007 2.390 1.646
6.75 5.01 2.490 2.614 2.927 2.986 2.725 2.306 1.794 1.472 1.004 2.380 1.636
6.75 6.31 2.476 2.599 2.913 2.971 2.711 2.292 1.780 1.461 0.997 2.366 1.621
6.75 7.94 2.454 2.577 2.891 2.950 2.689 2.270 1.759 1.444 0.984 2.344 1.598
6.75 10.00 2.421 2.545 2.859 2.917 2.657 2.239 1.728 1.417 0.963 2.311 1.563
6.75 12.59 2.374 2.498 2.812 2.871 2.611 2.193 1.683 1.377 0.929 2.265 1.514
6.75 15.85 2.309 2.433 2.748 2.807 2.547 2.130 1.622 1.320 0.880 2.201 1.446
6.75 19.95 2.223 2.348 2.663 2.723 2.463 2.048 1.541 1.246 0.813 2.116 1.356
6.75 25.12 2.115 2.240 2.557 2.617 2.357 1.944 1.441 1.151 0.728 2.009 1.242
6.75 31.62 1.985 2.112 2.429 2.490 2.231 1.821 1.321 1.038 0.624 1.881 1.107
6.75 39.81 1.836 1.963 2.283 2.345 2.086 1.680 1.186 0.910 0.506 1.734 0.952
6.75 50.12 1.669 1.798 2.120 2.184 1.925 1.524 1.037 0.769 0.376 1.570 0.780
6.75 63.10 1.487 1.618 1.944 2.009 1.750 1.356 0.878 0.618 0.236 1.392 0.593
6.75 79.43 1.291 1.424 1.754 1.821 1.563 1.178 0.712 0.460 0.090 1.201 0.393
6.75 100.00 1.080 1.216 1.552 1.622 1.365 0.991 0.539 0.296 -0.062 0.997 0.180
6.75 125.89 0.854 0.994 1.336 1.410 1.155 0.795 0.361 0.127 -0.218 0.779 -0.046
6.75 158.49 0.611 0.755 1.106 1.184 0.931 0.588 0.178 -0.046 -0.379 0.545 -0.286
6.75 199.53 0.346 0.497 0.859 0.943 0.691 0.371 -0.009 -0.225 -0.544 0.294 -0.543
6.75 251.19 0.056 0.214 0.590 0.681 0.432 0.140 -0.202 -0.408 -0.715 0.020 -0.821
6.75 316.23 -0.267 -0.099 0.295 0.395 0.149 -0.107 -0.402 -0.598 -0.892 -0.282 -1.125
6.75 398.11 -0.629 -0.448 -0.033 0.079 -0.163 -0.374 -0.609 -0.796 -1.076 -0.618 -1.460
6.75 501.19 -1.041 -0.845 -0.401 -0.275 -0.512 -0.666 -0.827 -1.004 -1.270 -0.996 -1.836
6.75 630.96 -1.515 -1.300 -0.821 -0.677 -0.907 -0.990 -1.056 -1.223 -1.476 -1.429 -2.261
6.75 794.33 -2.068 -1.828 -1.306 -1.139 -1.361 -1.354 -1.300 -1.458 -1.697 -1.930 -2.749
6.75 1000.00 -2.721 -2.450 -1.872 -1.676 -1.888 -1.768 -1.564 -1.712 -1.937 -2.517 -3.316
7.00 1.00 2.456 2.589 2.910 2.989 2.755 2.369 1.891 1.575 1.098 2.362 1.660
7.00 1.26 2.455 2.588 2.909 2.989 2.755 2.369 1.891 1.576 1.099 2.362 1.659
7.00 1.58 2.455 2.588 2.909 2.988 2.755 2.368 1.890 1.576 1.101 2.361 1.659
7.00 2.00 2.454 2.587 2.908 2.988 2.754 2.367 1.890 1.576 1.103 2.360 1.658
7.00 2.51 2.452 2.585 2.907 2.986 2.752 2.366 1.888 1.576 1.104 2.359 1.656
7.00 3.16 2.450 2.583 2.904 2.984 2.750 2.364 1.886 1.576 1.106 2.357 1.654
7.00 3.98 2.447 2.580 2.901 2.981 2.747 2.360 1.883 1.575 1.107 2.353 1.650
7.00 5.01 2.441 2.574 2.896 2.975 2.741 2.355 1.878 1.572 1.108 2.348 1.645
7.00 6.31 2.433 2.566 2.887 2.967 2.733 2.347 1.870 1.566 1.106 2.339 1.636
7.00 7.94 2.420 2.553 2.874 2.954 2.720 2.334 1.857 1.557 1.102 2.326 1.622
7.00 10.00 2.399 2.533 2.854 2.934 2.700 2.315 1.839 1.542 1.092 2.306 1.601
7.00 12.59 2.370 2.503 2.825 2.905 2.671 2.286 1.811 1.519 1.074 2.277 1.569
7.00 15.85 2.326 2.460 2.782 2.862 2.629 2.244 1.770 1.483 1.045 2.234 1.524
7.00 19.95 2.265 2.399 2.722 2.803 2.569 2.186 1.714 1.432 1.002 2.174 1.460
7.00 25.12 2.183 2.318 2.642 2.723 2.489 2.109 1.638 1.363 0.941 2.093 1.375
7.00 31.62 2.079 2.214 2.539 2.621 2.388 2.010 1.543 1.274 0.862 1.990 1.266
7.00 39.81 1.952 2.088 2.415 2.498 2.265 1.890 1.428 1.166 0.764 1.865 1.134
7.00 50.12 1.803 1.940 2.270 2.354 2.121 1.752 1.296 1.042 0.650 1.719 0.981
7.00 63.10 1.634 1.774 2.106 2.192 1.960 1.597 1.150 0.904 0.523 1.554 0.808
7.00 79.43 1.448 1.590 1.926 2.014 1.783 1.428 0.993 0.755 0.385 1.373 0.618
7.00 100.00 1.245 1.389 1.731 1.822 1.592 1.248 0.827 0.597 0.240 1.176 0.413
7.00 125.89 1.024 1.172 1.521 1.615 1.386 1.056 0.654 0.433 0.088 0.963 0.193
7.00 158.49 0.784 0.937 1.295 1.393 1.166 0.854 0.475 0.263 -0.070 0.734 -0.043
7.00 199.53 0.522 0.682 1.050 1.154 0.929 0.639 0.290 0.087 -0.233 0.485 -0.297
7.00 251.19 0.234 0.401 0.784 0.895 0.672 0.411 0.099 -0.095 -0.401 0.213 -0.573
7.00 316.23 -0.086 0.091 0.490 0.611 0.392 0.165 -0.099 -0.283 -0.576 -0.086 -0.875
7.00 398.11 -0.447 -0.258 0.164 0.296 0.081 -0.100 -0.305 -0.480 -0.759 -0.421 -1.209
7.00 501.19 -0.857 -0.653 -0.203 -0.057 -0.267 -0.391 -0.521 -0.686 -0.952 -0.798 -1.582
7.00 630.96 -1.330 -1.106 -0.622 -0.457 -0.661 -0.714 -0.750 -0.905 -1.157 -1.230 -2.006
7.00 794.33 -1.882 -1.634 -1.105 -0.918 -1.113 -1.077 -0.993 -1.138 -1.377 -1.730 -2.493
7.00 1000.00 -2.533 -2.254 -1.670 -1.454 -1.639 -1.490 -1.256 -1.391 -1.616 -2.315 -3.060
7.25 1.00 2.393 2.536 2.866 2.967 2.760 2.407 1.966 1.666 1.194 2.317 1.655
7.25 1.26 2.393 2.536 2.865 2.966 2.759 2.407 1.966 1.666 1.195 2.317 1.654
7.25 1.58 2.392 2.535 2.865 2.966 2.759 2.407 1.966 1.667 1.197 2.316 1.654
7.25 2.00 2.392 2.535 2.865 2.966 2.759 2.406 1.965 1.667 1.199 2.316 1.654
7.25 2.51 2.391 2.534 2.864 2.965 2.758 2.405 1.964 1.668 1.201 2.315 1.653
7.25 3.16 2.390 2.533 2.862 2.964 2.757 2.404 1.963 1.668 1.203 2.314 1.651
7.25 3.98 2.388 2.531 2.861 2.962 2.755 2.402 1.961 1.668 1.206 2.312 1.649
7.25 5.01 2.385 2.528 2.857 2.959 2.752 2.399 1.959 1.667 1.208 2.309 1.646
7.25 6.31 2.380 2.523 2.853 2.954 2.747 2.395 1.954 1.665 1.209 2.304 1.641
7.25 7.94 2.372 2.515 2.845 2.946 2.739 2.387 1.947 1.661 1.210 2.296 1.633
7.25 10.00 2.360 2.503 2.833 2.934 2.728 2.376 1.936 1.654 1.207 2.284 1.620
7.25 12.59 2.342 2.485 2.815 2.917 2.710 2.359 1.919 1.641 1.200 2.266 1.601
7.25 15.85 2.314 2.457 2.788 2.890 2.683 2.332 1.894 1.620 1.186 2.239 1.572
7.25 19.95 2.274 2.417 2.748 2.850 2.644 2.294 1.857 1.589 1.161 2.199 1.530
7.25 25.12 2.216 2.360 2.692 2.795 2.588 2.240 1.805 1.542 1.123 2.143 1.471
7.25 31.62 2.139 2.283 2.616 2.719 2.513 2.167 1.735 1.479 1.068 2.066 1.390
7.25 39.81 2.037 2.183 2.517 2.621 2.415 2.073 1.645 1.395 0.995 1.967 1.286
7.25 50.12 1.912 2.059 2.395 2.500 2.295 1.957 1.535 1.293 0.902 1.844 1.157
7.25 63.10 1.763 1.911 2.251 2.357 2.152 1.820 1.407 1.172 0.792 1.698 1.004
7.25 79.43 1.591 1.742 2.086 2.194 1.990 1.666 1.263 1.037 0.668 1.532 0.830
7.25 100.00 1.399 1.553 1.902 2.013 1.809 1.496 1.107 0.889 0.533 1.346 0.637
7.25 125.89 1.187 1.344 1.699 1.814 1.612 1.312 0.941 0.732 0.388 1.141 0.425
7.25 158.49 0.953 1.115 1.479 1.598 1.397 1.115 0.767 0.567 0.235 0.917 0.195
7.25 199.53 0.695 0.863 1.238 1.363 1.165 0.905 0.586 0.395 0.076 0.673 -0.055
7.25 251.19 0.411 0.586 0.975 1.107 0.911 0.679 0.398 0.216 -0.090 0.404 -0.327
7.25 316.23 0.093 0.278 0.684 0.825 0.632 0.436 0.202 0.030 -0.263 0.107 -0.626
7.25 398.11 -0.266 -0.068 0.360 0.512 0.324 0.172 -0.002 -0.165 -0.444 -0.225 -0.958
7.25 501.19 -0.674 -0.461 -0.005 0.161 -0.022 -0.117 -0.217 -0.370 -0.636 -0.601 -1.330
7.25 630.96 -1.146 -0.914 -0.423 -0.238 -0.415 -0.439 -0.444 -0.587 -0.839 -1.031 -1.753
7.25 794.33 -1.697 -1.440 -0.905 -0.697 -0.866 -0.800 -0.686 -0.820 -1.058 -1.530 -2.238
7.25 1000.00 -2.347 -2.059 -1.468 -1.232 -1.391 -1.212 -0.947 -1.071 -1.296 -2.114 -2.803
7.50 1.00 2.326 2.479 2.818 2.941 2.761 2.444 2.042 1.756 1.290 2.268 1.647
7.50 1.26 2.326 2.479 2.818 2.941 2.761 2.444 2.042 1.756 1.291 2.268 1.647
7.50 1.58 2.325 2.479 2.818 2.941 2.761 2.444 2.042 1.757 1.293 2.267 1.646
7.50 2.00 2.325 2.478 2.817 2.940 2.760 2.444 2.041 1.758 1.295 2.267 1.646
7.50 2.51 2.325 2.478 2.817 2.940 2.760 2.443 2.041 1.758 1.297 2.267 1.646
7.50 3.16 2.324 2.477 2.816 2.939 2.759 2.443 2.040 1.759 1.299 2.266 1.645
7.50 3.98 2.323 2.476 2.815 2.938 2.758 2.442 2.039 1.760 1.302 2.265 1.644
7.50 5.01 2.321 2.474 2.813 2.936 2.756 2.440 2.038 1.760 1.305 2.263 1.642
7.50 6.31 2.318 2.471 2.810 2.933 2.754 2.437 2.035 1.760 1.309 2.260 1.639
7.50 7.94 2.314 2.467 2.806 2.929 2.749 2.433 2.031 1.759 1.311 2.256 1.634
7.50 10.00 2.307 2.460 2.799 2.922 2.742 2.426 2.025 1.755 1.313 2.249 1.627
7.50 12.59 2.296 2.449 2.788 2.912 2.732 2.416 2.015 1.749 1.312 2.238 1.615
7.50 15.85 2.279 2.432 2.772 2.895 2.716 2.400 2.000 1.739 1.307 2.221 1.598
7.50 19.95 2.253 2.407 2.747 2.871 2.691 2.377 1.977 1.721 1.297 2.196 1.572
7.50 25.12 2.215 2.369 2.710 2.834 2.655 2.341 1.944 1.693 1.276 2.159 1.533
7.50 31.62 2.161 2.316 2.658 2.782 2.603 2.291 1.896 1.651 1.243 2.106 1.477
7.50 39.81 2.087 2.242 2.585 2.710 2.531 2.222 1.831 1.593 1.194 2.033 1.400
7.50 50.12 1.988 2.144 2.489 2.615 2.437 2.132 1.746 1.515 1.126 1.937 1.299
7.50 63.10 1.864 2.021 2.369 2.497 2.318 2.019 1.640 1.417 1.039 1.816 1.172
7.50 79.43 1.713 1.873 2.225 2.354 2.176 1.885 1.516 1.301 0.933 1.670 1.020
7.50 100.00 1.538 1.700 2.057 2.189 2.012 1.731 1.375 1.168 0.812 1.500 0.844
7.50 125.89 1.338 1.504 1.867 2.002 1.827 1.558 1.220 1.022 0.678 1.308 0.645
7.50 158.49 1.113 1.284 1.655 1.795 1.621 1.370 1.054 0.865 0.533 1.093 0.425
7.50 199.53 0.862 1.039 1.421 1.566 1.395 1.165 0.879 0.698 0.380 0.855 0.182
7.50 251.19 0.582 0.767 1.163 1.315 1.146 0.944 0.694 0.523 0.218 0.591 -0.086
7.50 316.23 0.268 0.462 0.875 1.037 0.871 0.704 0.502 0.340 0.047 0.298 -0.381
7.50 398.11 -0.087 0.119 0.554 0.727 0.565 0.443 0.300 0.147 -0.132 -0.032 -0.710
7.50 501.19 -0.493 -0.272 0.191 0.378 0.221 0.156 0.087 -0.056 -0.321 -0.405 -1.080
7.50 630.96 -0.963 -0.722 -0.225 -0.020 -0.170 -0.164 -0.138 -0.271 -0.523 -0.834 -1.500
7.50 794.33 -1.512 -1.247 -0.705 -0.477 -0.620 -0.524 -0.379 -0.503 -0.741 -1.330 -1.984
7.50 1000.00 -2.161 -1.864 -1.267 -1.011 -1.143 -0.934 -0.640 -0.753 -0.978 -1.913 -2.547
7.75 1.00 2.252 2.415 2.765 2.910 2.758 2.479 2.118 1.846 1.386 2.213 1.634
7.75 1.26 2.252 2.415 2.765 2.910 2.758 2.479 2.118 1.846 1.387 2.213 1.634
7.75 1.58 2.251 2.415 2.765 2.910 2.758 2.479 2.118 1.847 1.388 2.213 1.633
7.75 2.00 2.251 2.415 2.765 2.910 2.758 2.479 2.118 1.848 1.390 2.213 1.633
7.75 2.51 2.251 2.415 2.764 2.910 2.757 2.479 2.118 1.848 1.392 2.212 1.633
7.75 3.16 2.251 2.414 2.764 2.909 2.757 2.478 2.117 1.849 1.395 2.212 1.633
7.75 3.98 2.250 2.414 2.763 2.909 2.756 2.478 2.117 1.850 1.398 2.211 1.632
7.75 5.01 2.249 2.413 2.762 2.908 2.755 2.477 2.116 1.851 1.401 2.210 1.631
7.75 6.31 2.247 2.411 2.761 2.906 2.754 2.475 2.114 1.852 1.405 2.209 1.629
7.75 7.94 2.245 2.408 2.758 2.904 2.751 2.473 2.112 1.852 1.409 2.206 1.626
7.75 10.00 2.240 2.404 2.754 2.900 2.747 2.469 2.108 1.851 1.413 2.202 1.622
7.75 12.59 2.234 2.398 2.748 2.893 2.741 2.463 2.103 1.849 1.416 2.196 1.615
7.75 15.85 2.224 2.388 2.738 2.884 2.731 2.454 2.094 1.845 1.417 2.186 1.605
7.75 19.95 2.208 2.372 2.723 2.869 2.716 2.439 2.081 1.836 1.415 2.170 1.589
7.75 25.12 2.184 2.349 2.700 2.846 2.693 2.417 2.060 1.821 1.407 2.147 1.565
7.75 31.62 2.149 2.314 2.665 2.812 2.660 2.385 2.030 1.796 1.390 2.113 1.528
7.75 39.81 2.097 2.263 2.616 2.763 2.611 2.338 1.986 1.759 1.362 2.062 1.476
7.75 50.12 2.025 2.192 2.546 2.694 2.542 2.273 1.925 1.705 1.318 1.992 1.403
7.75 63.10 1.928 2.096 2.453 2.602 2.451 2.187 1.845 1.632 1.255 1.898 1.305
7.75 79.43 1.804 1.974 2.334 2.485 2.334 2.077 1.744 1.539 1.173 1.778 1.180
7.75 100.00 1.651 1.824 2.188 2.341 2.192 1.944 1.624 1.427 1.072 1.631 1.027
7.75 125.89 1.470 1.645 2.016 2.172 2.024 1.788 1.485 1.296 0.954 1.456 0.847
7.75 158.49 1.259 1.439 1.818 1.979 1.832 1.613 1.331 1.151 0.821 1.255 0.641
7.75 199.53 1.019 1.205 1.595 1.760 1.615 1.418 1.164 0.993 0.675 1.028 0.408
7.75 251.19 0.747 0.941 1.343 1.516 1.374 1.203 0.986 0.825 0.520 0.772 0.149
7.75 316.23 0.439 0.642 1.062 1.244 1.104 0.969 0.798 0.646 0.354 0.484 -0.141
7.75 398.11 0.088 0.303 0.744 0.938 0.802 0.711 0.599 0.457 0.178 0.158 -0.465
7.75 501.19 -0.315 -0.085 0.384 0.592 0.461 0.426 0.389 0.256 -0.009 -0.212 -0.831
7.75 630.96 -0.783 -0.533 -0.029 0.197 0.073 0.109 0.166 0.042 -0.210 -0.638 -1.249
7.75 794.33 -1.330 -1.055 -0.507 -0.259 -0.375 -0.249 -0.073 -0.187 -0.426 -1.133 -1.731
7.75 1000.00 -1.976 -1.671 -1.068 -0.791 -0.896 -0.658 -0.332 -0.436 -0.661 -1.714 -2.293
8.00 1.00 2.167 2.343 2.704 2.873 2.748 2.510 2.194 1.935 1.480 2.150 1.613
8.00 1.26 2.167 2.343 2.704 2.873 2.748 2.510 2.194 1.935 1.481 2.150 1.613
8.00 1.58 2.167 2.343 2.704 2.873 2.748 2.510 2.194 1.936 1.483 2.150 1.613
8.00 2.00 2.167 2.343 2.704 2.873 2.748 2.510 2.194 1.936 1.484 2.150 1.613
8.00 2.51 2.167 2.343 2.704 2.873 2.748 2.510 2.194 1.937 1.486 2.150 1.613
8.00 3.16 2.167 2.342 2.704 2.872 2.747 2.510 2.194 1.938 1.489 2.150 1.613
8.00 3.98 2.166 2.342 2.703 2.872 2.747 2.509 2.194 1.939 1.492 2.149 1.612
8.00 5.01 2.166 2.341 2.703 2.871 2.746 2.509 2.193 1.940 1.495 2.149 1.612
8.00 6.31 2.165 2.340 2.702 2.870 2.746 2.508 2.192 1.941 1.499 2.148 1.611
8.00 7.94 2.163 2.339 2.700 2.869 2.744 2.506 2.191 1.942 1.504 2.146 1.609
8.00 10.00 2.161 2.336 2.698 2.867 2.742 2.504 2.189 1.943 1.509 2.144 1.607
8.00 12.59 2.157 2.333 2.694 2.863 2.738 2.501 2.186 1.943 1.514 2.140 1.603
8.00 15.85 2.151 2.327 2.688 2.857 2.732 2.495 2.181 1.942 1.518 2.134 1.597
8.00 19.95 2.141 2.317 2.679 2.848 2.723 2.487 2.173 1.939 1.521 2.125 1.587
8.00 25.12 2.127 2.303 2.665 2.834 2.709 2.474 2.161 1.932 1.521 2.110 1.572
8.00 31.62 2.104 2.280 2.644 2.813 2.688 2.454 2.142 1.919 1.515 2.089 1.549
8.00 39.81 2.070 2.247 2.611 2.781 2.656 2.424 2.115 1.897 1.503 2.056 1.515
8.00 50.12 2.021 2.198 2.564 2.734 2.610 2.380 2.074 1.864 1.478 2.008 1.465
8.00 63.10 1.951 2.129 2.497 2.668 2.544 2.318 2.018 1.815 1.439 1.940 1.395
8.00 79.43 1.855 2.035 2.405 2.578 2.455 2.235 1.943 1.747 1.382 1.848 1.299
8.00 100.00 1.730 1.912 2.287 2.462 2.339 2.127 1.846 1.658 1.305 1.728 1.175
8.00 125.89 1.573 1.759 2.139 2.317 2.195 1.995 1.729 1.549 1.207 1.577 1.021
8.00 158.49 1.383 1.573 1.960 2.142 2.022 1.837 1.592 1.421 1.091 1.397 0.835
8.00 199.53 1.159 1.355 1.752 1.939 1.821 1.657 1.438 1.276 0.959 1.184 0.619
8.00 251.19 0.899 1.102 1.513 1.707 1.591 1.453 1.270 1.117 0.813 0.940 0.372
8.00 316.23 0.600 0.812 1.240 1.442 1.330 1.226 1.089 0.945 0.654 0.661 0.091
8.00 398.11 0.256 0.480 0.929 1.143 1.034 0.974 0.895 0.761 0.483 0.342 -0.226
8.00 501.19 -0.143 0.097 0.573 0.801 0.698 0.694 0.689 0.564 0.299 -0.024 -0.588
8.00 630.96 -0.606 -0.347 0.164 0.410 0.313 0.379 0.468 0.353 0.102 -0.446 -1.002
8.00 794.33 -1.150 -0.867 -0.312 -0.043 -0.132 0.024 0.231 0.126 -0.112 -0.938 -1.481
8.00 1000.00 -1.794 -1.480 -0.870 -0.573 -0.651 -0.383 -0.026 -0.122 -0.346 -1.516 -2.040
