AtkinsonBoore2003SSlabCascadia as implemented in OpenQuake, distance is rrup. Log10 hazard values in cgs units
          14 31 10 : nmag, ndist, nperiod
          0.040 0.100 0.200 0.400 1.000 2.000 3.000 5.000 10.000 PGA PGV
          0.576 0.645 0.645 0.645 0.668 0.691 0.691 0.691 0.691 0.622 PGVsig
4.75 1.00 3.288 3.283 3.388 3.163 2.676 2.083 1.392 0.830 0.219 3.013 1.664
4.75 1.26 3.240 3.234 3.340 3.115 2.628 2.034 1.344 0.784 0.174 2.964 1.612
4.75 1.58 3.173 3.168 3.274 3.048 2.562 1.968 1.278 0.719 0.113 2.898 1.541
4.75 2.00 3.087 3.081 3.187 2.962 2.475 1.882 1.192 0.636 0.032 2.811 1.449
4.75 2.51 2.979 2.974 3.080 2.855 2.368 1.775 1.085 0.532 -0.068 2.704 1.334
4.75 3.16 2.853 2.848 2.954 2.729 2.242 1.649 0.960 0.410 -0.186 2.578 1.199
4.75 3.98 2.711 2.705 2.812 2.587 2.100 1.508 0.819 0.272 -0.318 2.436 1.047
4.75 5.01 2.556 2.551 2.657 2.433 1.946 1.354 0.666 0.123 -0.461 2.281 0.882
4.75 6.31 2.391 2.386 2.493 2.269 1.782 1.191 0.503 -0.034 -0.611 2.117 0.707
4.75 7.94 2.220 2.215 2.323 2.098 1.612 1.021 0.335 -0.197 -0.767 1.946 0.525
4.75 10.00 2.043 2.039 2.147 1.923 1.436 0.847 0.162 -0.364 -0.925 1.770 0.337
4.75 12.59 1.863 1.859 1.968 1.744 1.257 0.670 -0.013 -0.533 -1.085 1.591 0.146
4.75 15.85 1.679 1.676 1.785 1.562 1.076 0.490 -0.191 -0.703 -1.246 1.408 -0.049
4.75 19.95 1.492 1.489 1.600 1.377 0.891 0.307 -0.370 -0.875 -1.407 1.222 -0.246
4.75 25.12 1.302 1.300 1.412 1.190 0.704 0.123 -0.550 -1.048 -1.569 1.034 -0.447
4.75 31.62 1.109 1.107 1.221 1.000 0.515 -0.063 -0.732 -1.221 -1.731 0.842 -0.650
4.75 39.81 0.911 0.911 1.027 0.807 0.322 -0.251 -0.914 -1.395 -1.893 0.647 -0.856
4.75 50.12 0.708 0.709 0.828 0.609 0.125 -0.442 -1.098 -1.569 -2.055 0.447 -1.067
4.75 63.10 0.498 0.502 0.624 0.407 -0.077 -0.637 -1.283 -1.745 -2.218 0.242 -1.283
4.75 79.43 0.281 0.287 0.414 0.199 -0.284 -0.835 -1.469 -1.923 -2.383 0.030 -1.505
4.75 100.00 0.053 0.063 0.195 -0.017 -0.499 -1.039 -1.658 -2.102 -2.549 -0.191 -1.735
4.75 125.89 -0.186 -0.173 -0.034 -0.242 -0.723 -1.248 -1.849 -2.283 -2.717 -0.422 -1.975
4.75 158.49 -0.442 -0.424 -0.276 -0.479 -0.958 -1.466 -2.042 -2.467 -2.888 -0.667 -2.228
4.75 199.53 -0.717 -0.693 -0.534 -0.732 -1.209 -1.694 -2.240 -2.655 -3.062 -0.929 -2.496
4.75 251.19 -1.017 -0.985 -0.812 -1.003 -1.477 -1.934 -2.443 -2.848 -3.241 -1.213 -2.785
4.75 316.23 -1.349 -1.307 -1.117 -1.298 -1.769 -2.190 -2.651 -3.047 -3.426 -1.524 -3.098
4.75 398.11 -1.720 -1.666 -1.453 -1.623 -2.090 -2.466 -2.867 -3.253 -3.619 -1.868 -3.443
4.75 501.19 -2.140 -2.071 -1.830 -1.986 -2.447 -2.767 -3.093 -3.469 -3.821 -2.256 -3.827
4.75 630.96 -2.623 -2.534 -2.259 -2.396 -2.851 -3.099 -3.331 -3.697 -4.035 -2.697 -4.262
4.75 794.33 -3.185 -3.071 -2.752 -2.866 -3.313 -3.471 -3.583 -3.940 -4.264 -3.207 -4.759
4.75 1000.00 -3.845 -3.701 -3.326 -3.411 -3.848 -3.893 -3.855 -4.202 -4.512 -3.801 -5.335
5.00 1.00 3.263 3.266 3.378 3.173 2.713 2.149 1.489 0.951 0.345 3.002 1.694
5.00 1.26 3.232 3.235 3.348 3.143 2.682 2.119 1.459 0.922 0.318 2.972 1.661
5.00 1.58 3.188 3.191 3.304 3.099 2.638 2.075 1.415 0.880 0.278 2.928 1.614
5.00 2.00 3.127 3.130 3.243 3.038 2.577 2.014 1.354 0.822 0.223 2.867 1.549
5.00 2.51 3.046 3.049 3.162 2.957 2.497 1.933 1.274 0.744 0.149 2.786 1.462
5.00 3.16 2.945 2.948 3.061 2.856 2.396 1.832 1.173 0.646 0.055 2.684 1.354
5.00 3.98 2.824 2.827 2.940 2.735 2.275 1.712 1.053 0.530 -0.056 2.564 1.225
5.00 5.01 2.686 2.689 2.802 2.598 2.137 1.575 0.917 0.398 -0.183 2.426 1.078
5.00 6.31 2.534 2.537 2.651 2.446 1.986 1.424 0.767 0.252 -0.322 2.274 0.916
5.00 7.94 2.371 2.375 2.489 2.285 1.825 1.264 0.608 0.098 -0.469 2.113 0.743
5.00 10.00 2.202 2.206 2.320 2.116 1.656 1.096 0.442 -0.062 -0.621 1.943 0.563
5.00 12.59 2.026 2.030 2.145 1.942 1.482 0.923 0.271 -0.227 -0.777 1.768 0.376
5.00 15.85 1.845 1.850 1.966 1.763 1.304 0.747 0.097 -0.394 -0.935 1.589 0.185
5.00 19.95 1.661 1.667 1.784 1.581 1.122 0.567 -0.080 -0.564 -1.095 1.406 -0.009
5.00 25.12 1.473 1.479 1.598 1.396 0.937 0.385 -0.258 -0.734 -1.255 1.219 -0.207
5.00 31.62 1.281 1.288 1.408 1.208 0.749 0.201 -0.438 -0.906 -1.415 1.029 -0.409
5.00 39.81 1.085 1.093 1.215 1.016 0.557 0.014 -0.619 -1.079 -1.576 0.836 -0.614
5.00 50.12 0.883 0.893 1.018 0.820 0.362 -0.176 -0.802 -1.252 -1.737 0.637 -0.823
5.00 63.10 0.675 0.687 0.815 0.619 0.161 -0.369 -0.985 -1.427 -1.900 0.433 -1.037
5.00 79.43 0.458 0.473 0.606 0.412 -0.045 -0.567 -1.171 -1.603 -2.063 0.222 -1.258
5.00 100.00 0.232 0.250 0.388 0.197 -0.259 -0.769 -1.358 -1.782 -2.228 0.002 -1.487
5.00 125.89 -0.007 0.015 0.160 -0.027 -0.481 -0.978 -1.548 -1.962 -2.395 -0.228 -1.726
5.00 158.49 -0.261 -0.235 -0.080 -0.263 -0.716 -1.194 -1.741 -2.145 -2.565 -0.472 -1.978
5.00 199.53 -0.535 -0.503 -0.337 -0.515 -0.965 -1.421 -1.937 -2.332 -2.739 -0.733 -2.245
5.00 251.19 -0.834 -0.794 -0.615 -0.785 -1.233 -1.660 -2.139 -2.524 -2.917 -1.016 -2.533
5.00 316.23 -1.165 -1.115 -0.918 -1.079 -1.524 -1.915 -2.346 -2.722 -3.101 -1.325 -2.845
5.00 398.11 -1.535 -1.472 -1.253 -1.403 -1.843 -2.190 -2.561 -2.927 -3.292 -1.669 -3.189
5.00 501.19 -1.954 -1.876 -1.629 -1.765 -2.200 -2.490 -2.786 -3.142 -3.493 -2.055 -3.572
5.00 630.96 -2.436 -2.339 -2.057 -2.174 -2.603 -2.821 -3.023 -3.368 -3.706 -2.496 -4.005
5.00 794.33 -2.996 -2.875 -2.549 -2.643 -3.064 -3.192 -3.274 -3.610 -3.934 -3.004 -4.501
5.00 1000.00 -3.656 -3.503 -3.122 -3.187 -3.598 -3.613 -3.545 -3.871 -4.181 -3.598 -5.076
5.25 1.00 3.224 3.235 3.354 3.169 2.736 2.201 1.572 1.058 0.457 2.978 1.709
5.25 1.26 3.205 3.217 3.336 3.151 2.717 2.183 1.554 1.041 0.441 2.959 1.689
5.25 1.58 3.178 3.189 3.308 3.124 2.690 2.156 1.527 1.015 0.418 2.932 1.660
5.25 2.00 3.138 3.149 3.268 3.084 2.650 2.116 1.487 0.977 0.383 2.892 1.617
5.25 2.51 3.081 3.093 3.212 3.028 2.594 2.060 1.431 0.924 0.333 2.836 1.557
5.25 3.16 3.006 3.018 3.137 2.953 2.519 1.985 1.357 0.852 0.265 2.761 1.477
5.25 3.98 2.910 2.922 3.042 2.857 2.424 1.890 1.262 0.761 0.178 2.665 1.375
5.25 5.01 2.795 2.807 2.926 2.742 2.308 1.775 1.148 0.650 0.073 2.549 1.251
5.25 6.31 2.661 2.673 2.793 2.609 2.175 1.643 1.016 0.523 -0.048 2.416 1.109
5.25 7.94 2.512 2.525 2.645 2.461 2.027 1.496 0.870 0.382 -0.182 2.268 0.951
5.25 10.00 2.352 2.365 2.486 2.302 1.869 1.338 0.714 0.231 -0.326 2.108 0.781
5.25 12.59 2.184 2.197 2.318 2.135 1.701 1.172 0.550 0.073 -0.475 1.941 0.602
5.25 15.85 2.008 2.022 2.144 1.961 1.528 1.001 0.381 -0.090 -0.629 1.766 0.416
5.25 19.95 1.828 1.842 1.965 1.783 1.350 0.825 0.208 -0.256 -0.785 1.587 0.226
5.25 25.12 1.642 1.657 1.782 1.600 1.168 0.646 0.032 -0.424 -0.942 1.403 0.031
5.25 31.62 1.452 1.468 1.595 1.414 0.982 0.463 -0.146 -0.593 -1.101 1.216 -0.168
5.25 39.81 1.258 1.275 1.403 1.224 0.792 0.278 -0.325 -0.764 -1.261 1.023 -0.372
5.25 50.12 1.057 1.076 1.207 1.029 0.598 0.089 -0.506 -0.937 -1.421 0.826 -0.579
5.25 63.10 0.851 0.871 1.006 0.830 0.399 -0.102 -0.688 -1.110 -1.582 0.624 -0.793
5.25 79.43 0.636 0.659 0.798 0.624 0.194 -0.298 -0.872 -1.285 -1.745 0.414 -1.012
5.25 100.00 0.410 0.437 0.581 0.410 -0.019 -0.500 -1.059 -1.462 -1.909 0.195 -1.240
5.25 125.89 0.173 0.203 0.355 0.187 -0.240 -0.707 -1.247 -1.642 -2.075 -0.034 -1.478
5.25 158.49 -0.081 -0.046 0.115 -0.048 -0.474 -0.923 -1.439 -1.824 -2.244 -0.277 -1.728
5.25 199.53 -0.354 -0.313 -0.141 -0.298 -0.722 -1.148 -1.635 -2.010 -2.416 -0.537 -1.994
5.25 251.19 -0.652 -0.603 -0.417 -0.567 -0.989 -1.387 -1.835 -2.201 -2.594 -0.818 -2.281
5.25 316.23 -0.981 -0.923 -0.719 -0.860 -1.278 -1.640 -2.041 -2.398 -2.777 -1.127 -2.592
5.25 398.11 -1.350 -1.279 -1.054 -1.183 -1.597 -1.914 -2.256 -2.602 -2.967 -1.470 -2.934
5.25 501.19 -1.768 -1.682 -1.429 -1.544 -1.953 -2.213 -2.479 -2.816 -3.167 -1.855 -3.317
5.25 630.96 -2.249 -2.143 -1.855 -1.952 -2.354 -2.543 -2.715 -3.041 -3.379 -2.294 -3.749
5.25 794.33 -2.809 -2.678 -2.346 -2.420 -2.814 -2.913 -2.965 -3.282 -3.606 -2.802 -4.244
5.25 1000.00 -3.467 -3.306 -2.918 -2.963 -3.347 -3.333 -3.235 -3.542 -3.852 -3.394 -4.817
5.50 1.00 3.176 3.196 3.321 3.157 2.750 2.246 1.647 1.155 0.559 2.945 1.715
5.50 1.26 3.165 3.185 3.311 3.146 2.739 2.235 1.637 1.145 0.552 2.934 1.703
5.50 1.58 3.149 3.169 3.294 3.130 2.723 2.219 1.620 1.131 0.539 2.918 1.686
5.50 2.00 3.124 3.144 3.270 3.105 2.698 2.194 1.596 1.108 0.519 2.893 1.659
5.50 2.51 3.088 3.108 3.233 3.069 2.662 2.158 1.560 1.074 0.488 2.857 1.621
5.50 3.16 3.036 3.057 3.182 3.018 2.611 2.107 1.509 1.026 0.443 2.805 1.566
5.50 3.98 2.966 2.987 3.113 2.948 2.541 2.038 1.441 0.960 0.382 2.736 1.491
5.50 5.01 2.876 2.897 3.023 2.859 2.452 1.949 1.352 0.875 0.301 2.646 1.395
5.50 6.31 2.765 2.786 2.912 2.749 2.342 1.839 1.243 0.770 0.202 2.535 1.278
5.50 7.94 2.636 2.657 2.784 2.620 2.213 1.711 1.116 0.648 0.087 2.406 1.140
5.50 10.00 2.491 2.512 2.639 2.476 2.069 1.568 0.974 0.512 -0.042 2.262 0.986
5.50 12.59 2.333 2.355 2.482 2.319 1.913 1.413 0.821 0.364 -0.182 2.105 0.819
5.50 15.85 2.166 2.188 2.316 2.154 1.747 1.249 0.660 0.209 -0.328 1.938 0.641
5.50 19.95 1.991 2.013 2.143 1.981 1.574 1.079 0.492 0.048 -0.479 1.765 0.457
5.50 25.12 1.809 1.833 1.964 1.802 1.396 0.904 0.320 -0.116 -0.633 1.585 0.266
5.50 31.62 1.622 1.647 1.779 1.619 1.213 0.724 0.146 -0.283 -0.790 1.400 0.070
5.50 39.81 1.430 1.455 1.590 1.431 1.026 0.541 -0.031 -0.452 -0.947 1.210 -0.131
5.50 50.12 1.231 1.259 1.396 1.238 0.834 0.354 -0.211 -0.623 -1.106 1.015 -0.337
5.50 63.10 1.026 1.055 1.196 1.040 0.636 0.164 -0.391 -0.795 -1.266 0.814 -0.548
5.50 79.43 0.812 0.844 0.990 0.836 0.432 -0.031 -0.574 -0.969 -1.427 0.605 -0.766
5.50 100.00 0.589 0.623 0.774 0.623 0.221 -0.231 -0.759 -1.145 -1.590 0.388 -0.993
5.50 125.89 0.352 0.391 0.549 0.401 0.000 -0.437 -0.947 -1.323 -1.756 0.160 -1.230
5.50 158.49 0.100 0.143 0.310 0.167 -0.232 -0.652 -1.138 -1.504 -1.924 -0.082 -1.479
5.50 199.53 -0.172 -0.123 0.055 -0.082 -0.479 -0.876 -1.332 -1.689 -2.095 -0.341 -1.744
5.50 251.19 -0.469 -0.412 -0.220 -0.350 -0.745 -1.113 -1.531 -1.879 -2.271 -0.621 -2.029
5.50 316.23 -0.798 -0.730 -0.521 -0.642 -1.033 -1.366 -1.737 -2.075 -2.453 -0.929 -2.339
5.50 398.11 -1.165 -1.086 -0.854 -0.964 -1.351 -1.639 -1.950 -2.278 -2.643 -1.270 -2.680
5.50 501.19 -1.583 -1.488 -1.228 -1.323 -1.706 -1.937 -2.172 -2.491 -2.842 -1.655 -3.061
5.50 630.96 -2.063 -1.948 -1.654 -1.730 -2.106 -2.266 -2.407 -2.715 -3.053 -2.093 -3.492
5.50 794.33 -2.621 -2.482 -2.144 -2.197 -2.565 -2.635 -2.657 -2.955 -3.279 -2.599 -3.986
5.50 1000.00 -3.278 -3.109 -2.715 -2.740 -3.097 -3.054 -2.925 -3.214 -3.524 -3.191 -4.559
5.75 1.00 3.123 3.152 3.284 3.141 2.760 2.286 1.719 1.247 0.657 2.907 1.716
5.75 1.26 3.117 3.146 3.278 3.134 2.754 2.280 1.713 1.242 0.654 2.901 1.709
5.75 1.58 3.108 3.137 3.269 3.125 2.744 2.270 1.703 1.234 0.648 2.892 1.699
5.75 2.00 3.093 3.122 3.254 3.110 2.730 2.256 1.689 1.222 0.637 2.877 1.684
5.75 2.51 3.071 3.100 3.232 3.088 2.708 2.234 1.667 1.202 0.620 2.855 1.660
5.75 3.16 3.038 3.067 3.199 3.055 2.675 2.201 1.635 1.172 0.593 2.822 1.625
5.75 3.98 2.991 3.020 3.152 3.009 2.628 2.155 1.588 1.128 0.554 2.775 1.575
5.75 5.01 2.926 2.955 3.088 2.944 2.564 2.091 1.525 1.068 0.498 2.711 1.506
5.75 6.31 2.841 2.871 3.004 2.860 2.480 2.007 1.442 0.989 0.425 2.626 1.416
5.75 7.94 2.736 2.766 2.899 2.755 2.375 1.903 1.339 0.890 0.332 2.521 1.304
5.75 10.00 2.611 2.641 2.774 2.631 2.251 1.780 1.217 0.774 0.222 2.397 1.171
5.75 12.59 2.469 2.499 2.634 2.491 2.111 1.641 1.080 0.642 0.098 2.256 1.021
5.75 15.85 2.314 2.344 2.479 2.337 1.957 1.489 0.930 0.498 -0.037 2.101 0.857
5.75 19.95 2.147 2.178 2.314 2.173 1.793 1.327 0.770 0.345 -0.181 1.936 0.681
5.75 25.12 1.972 2.004 2.141 2.000 1.621 1.157 0.605 0.187 -0.329 1.762 0.497
5.75 31.62 1.789 1.822 1.961 1.821 1.442 0.982 0.434 0.024 -0.482 1.582 0.305
5.75 39.81 1.600 1.634 1.776 1.636 1.258 0.802 0.260 -0.142 -0.636 1.395 0.108
5.75 50.12 1.404 1.440 1.584 1.446 1.068 0.618 0.083 -0.311 -0.793 1.202 -0.095
5.75 63.10 1.201 1.238 1.386 1.250 0.872 0.430 -0.096 -0.481 -0.952 1.003 -0.305
5.75 79.43 0.989 1.029 1.181 1.047 0.670 0.237 -0.277 -0.654 -1.112 0.796 -0.521
5.75 100.00 0.766 0.809 0.967 0.836 0.460 0.038 -0.460 -0.828 -1.273 0.580 -0.746
5.75 125.89 0.531 0.578 0.742 0.615 0.241 -0.167 -0.647 -1.005 -1.438 0.353 -0.982
5.75 158.49 0.280 0.332 0.505 0.383 0.010 -0.380 -0.836 -1.185 -1.605 0.113 -1.229
5.75 199.53 0.009 0.067 0.251 0.135 -0.236 -0.604 -1.030 -1.369 -1.775 -0.145 -1.493
5.75 251.19 -0.287 -0.221 -0.023 -0.132 -0.501 -0.840 -1.228 -1.558 -1.950 -0.425 -1.777
5.75 316.23 -0.614 -0.539 -0.323 -0.423 -0.788 -1.092 -1.432 -1.753 -2.131 -0.731 -2.086
5.75 398.11 -0.981 -0.893 -0.655 -0.744 -1.105 -1.363 -1.644 -1.955 -2.320 -1.072 -2.426
5.75 501.19 -1.397 -1.294 -1.028 -1.103 -1.459 -1.660 -1.866 -2.167 -2.518 -1.455 -2.806
5.75 630.96 -1.876 -1.753 -1.453 -1.509 -1.858 -1.989 -2.100 -2.390 -2.728 -1.892 -3.236
5.75 794.33 -2.434 -2.286 -1.941 -1.975 -2.316 -2.356 -2.348 -2.629 -2.953 -2.397 -3.729
5.75 1000.00 -3.090 -2.912 -2.511 -2.516 -2.847 -2.774 -2.616 -2.887 -3.197 -2.988 -4.301
6.00 1.00 3.069 3.106 3.245 3.122 2.768 2.324 1.789 1.338 0.753 2.868 1.715
6.00 1.26 3.065 3.103 3.242 3.118 2.764 2.321 1.785 1.335 0.752 2.864 1.711
6.00 1.58 3.060 3.097 3.236 3.113 2.759 2.316 1.780 1.331 0.750 2.859 1.706
6.00 2.00 3.051 3.089 3.228 3.104 2.751 2.307 1.772 1.324 0.745 2.850 1.697
6.00 2.51 3.038 3.076 3.215 3.091 2.738 2.294 1.759 1.313 0.736 2.837 1.683
6.00 3.16 3.018 3.056 3.195 3.072 2.718 2.274 1.739 1.296 0.722 2.817 1.661
6.00 3.98 2.988 3.026 3.165 3.042 2.688 2.245 1.710 1.269 0.699 2.788 1.630
6.00 5.01 2.945 2.983 3.123 2.999 2.646 2.203 1.668 1.231 0.665 2.745 1.584
6.00 6.31 2.886 2.924 3.063 2.940 2.586 2.144 1.610 1.176 0.615 2.685 1.521
6.00 7.94 2.806 2.845 2.984 2.861 2.508 2.066 1.533 1.103 0.548 2.606 1.437
6.00 10.00 2.706 2.744 2.885 2.762 2.408 1.967 1.435 1.010 0.462 2.507 1.330
6.00 12.59 2.585 2.624 2.765 2.643 2.289 1.849 1.319 0.899 0.358 2.387 1.203
6.00 15.85 2.447 2.486 2.628 2.506 2.152 1.714 1.185 0.771 0.239 2.249 1.056
6.00 19.95 2.293 2.333 2.475 2.354 2.001 1.565 1.039 0.631 0.108 2.097 0.894
6.00 25.12 2.127 2.168 2.312 2.191 1.838 1.404 0.882 0.482 -0.033 1.932 0.720
6.00 31.62 1.952 1.993 2.139 2.019 1.666 1.236 0.718 0.325 -0.179 1.758 0.536
6.00 39.81 1.767 1.810 1.957 1.839 1.486 1.061 0.549 0.163 -0.329 1.577 0.343
6.00 50.12 1.575 1.619 1.769 1.652 1.300 0.880 0.376 -0.002 -0.483 1.387 0.144
6.00 63.10 1.374 1.420 1.574 1.458 1.107 0.694 0.199 -0.170 -0.639 1.191 -0.063
6.00 79.43 1.164 1.212 1.371 1.257 0.907 0.503 0.020 -0.340 -0.798 0.986 -0.277
6.00 100.00 0.943 0.995 1.159 1.048 0.699 0.306 -0.162 -0.513 -0.958 0.772 -0.500
6.00 125.89 0.709 0.765 0.936 0.829 0.481 0.102 -0.347 -0.689 -1.121 0.546 -0.734
6.00 158.49 0.460 0.520 0.700 0.597 0.251 -0.110 -0.535 -0.868 -1.287 0.307 -0.981
6.00 199.53 0.190 0.256 0.447 0.351 0.006 -0.332 -0.728 -1.051 -1.456 0.050 -1.243
6.00 251.19 -0.105 -0.031 0.174 0.085 -0.257 -0.567 -0.925 -1.238 -1.631 -0.228 -1.526
6.00 316.23 -0.431 -0.347 -0.125 -0.205 -0.544 -0.818 -1.128 -1.432 -1.811 -0.533 -1.834
6.00 398.11 -0.797 -0.700 -0.456 -0.525 -0.859 -1.088 -1.339 -1.633 -1.998 -0.873 -2.173
6.00 501.19 -1.212 -1.100 -0.828 -0.883 -1.212 -1.384 -1.560 -1.844 -2.195 -1.255 -2.552
6.00 630.96 -1.690 -1.559 -1.251 -1.288 -1.610 -1.711 -1.792 -2.067 -2.404 -1.691 -2.981
6.00 794.33 -2.246 -2.090 -1.739 -1.753 -2.067 -2.078 -2.040 -2.304 -2.628 -2.196 -3.472
6.00 1000.00 -2.902 -2.715 -2.308 -2.293 -2.597 -2.495 -2.307 -2.561 -2.871 -2.785 -4.043
6.25 1.00 3.013 3.059 3.205 3.102 2.775 2.362 1.859 1.427 0.848 2.827 1.713
6.25 1.26 3.011 3.057 3.203 3.100 2.773 2.360 1.857 1.426 0.848 2.825 1.711
6.25 1.58 3.007 3.054 3.200 3.097 2.770 2.357 1.854 1.424 0.848 2.822 1.708
6.25 2.00 3.003 3.049 3.195 3.092 2.765 2.353 1.849 1.421 0.847 2.817 1.703
6.25 2.51 2.995 3.042 3.188 3.085 2.758 2.345 1.842 1.415 0.843 2.810 1.695
6.25 3.16 2.983 3.030 3.176 3.073 2.746 2.334 1.830 1.406 0.837 2.798 1.682
6.25 3.98 2.965 3.012 3.158 3.055 2.728 2.316 1.813 1.391 0.825 2.780 1.663
6.25 5.01 2.938 2.985 3.131 3.029 2.702 2.290 1.787 1.368 0.806 2.753 1.635
6.25 6.31 2.899 2.946 3.093 2.990 2.663 2.251 1.749 1.333 0.776 2.714 1.593
6.25 7.94 2.844 2.891 3.038 2.935 2.608 2.197 1.695 1.283 0.732 2.659 1.535
6.25 10.00 2.770 2.817 2.964 2.862 2.535 2.124 1.624 1.216 0.671 2.586 1.456
6.25 12.59 2.675 2.722 2.870 2.768 2.441 2.031 1.532 1.129 0.591 2.491 1.356
6.25 15.85 2.558 2.606 2.755 2.653 2.326 1.918 1.421 1.024 0.493 2.376 1.233
6.25 19.95 2.423 2.472 2.621 2.520 2.193 1.787 1.292 0.901 0.379 2.241 1.090
6.25 25.12 2.271 2.320 2.471 2.370 2.044 1.640 1.149 0.765 0.252 2.091 0.931
6.25 31.62 2.106 2.156 2.308 2.208 1.882 1.482 0.995 0.618 0.116 1.927 0.758
6.25 39.81 1.929 1.980 2.134 2.035 1.710 1.314 0.833 0.463 -0.028 1.753 0.573
6.25 50.12 1.741 1.794 1.951 1.854 1.529 1.138 0.664 0.303 -0.177 1.569 0.379
6.25 63.10 1.544 1.599 1.759 1.664 1.340 0.956 0.491 0.139 -0.330 1.376 0.176
6.25 79.43 1.337 1.394 1.559 1.466 1.142 0.768 0.315 -0.029 -0.486 1.174 -0.035
6.25 100.00 1.119 1.179 1.349 1.259 0.936 0.573 0.135 -0.200 -0.644 0.962 -0.256
6.25 125.89 0.887 0.951 1.128 1.041 0.720 0.371 -0.048 -0.374 -0.806 0.738 -0.487
6.25 158.49 0.639 0.708 0.893 0.811 0.492 0.160 -0.235 -0.552 -0.970 0.501 -0.732
6.25 199.53 0.370 0.445 0.642 0.566 0.248 -0.061 -0.426 -0.734 -1.139 0.245 -0.994
6.25 251.19 0.077 0.160 0.370 0.301 -0.014 -0.294 -0.622 -0.920 -1.312 -0.032 -1.275
6.25 316.23 -0.248 -0.156 0.073 0.013 -0.299 -0.544 -0.824 -1.113 -1.491 -0.336 -1.581
6.25 398.11 -0.613 -0.508 -0.257 -0.306 -0.614 -0.813 -1.034 -1.313 -1.678 -0.674 -1.920
6.25 501.19 -1.027 -0.907 -0.628 -0.662 -0.965 -1.108 -1.254 -1.522 -1.874 -1.056 -2.297
6.25 630.96 -1.504 -1.364 -1.051 -1.067 -1.363 -1.434 -1.485 -1.744 -2.082 -1.491 -2.725
6.25 794.33 -2.059 -1.895 -1.537 -1.530 -1.819 -1.800 -1.732 -1.981 -2.305 -1.994 -3.215
6.25 1000.00 -2.714 -2.518 -2.105 -2.070 -2.347 -2.216 -1.997 -2.237 -2.547 -2.582 -3.785
6.50 1.00 2.956 3.011 3.165 3.083 2.782 2.401 1.930 1.516 0.943 2.786 1.712
6.50 1.26 2.955 3.010 3.163 3.081 2.781 2.400 1.929 1.516 0.944 2.785 1.710
6.50 1.58 2.953 3.009 3.162 3.080 2.779 2.398 1.927 1.516 0.945 2.783 1.708
6.50 2.00 2.950 3.006 3.159 3.077 2.776 2.395 1.924 1.514 0.945 2.780 1.706
6.50 2.51 2.946 3.002 3.155 3.073 2.772 2.391 1.920 1.512 0.945 2.776 1.701
6.50 3.16 2.939 2.995 3.148 3.066 2.765 2.384 1.914 1.507 0.943 2.769 1.694
6.50 3.98 2.928 2.984 3.138 3.056 2.755 2.374 1.904 1.499 0.938 2.759 1.683
6.50 5.01 2.912 2.968 3.121 3.040 2.739 2.358 1.888 1.486 0.929 2.743 1.666
6.50 6.31 2.888 2.944 3.097 3.016 2.715 2.334 1.865 1.466 0.913 2.719 1.640
6.50 7.94 2.852 2.908 3.062 2.980 2.680 2.300 1.830 1.435 0.887 2.683 1.602
6.50 10.00 2.801 2.858 3.012 2.930 2.630 2.250 1.781 1.391 0.849 2.633 1.548
6.50 12.59 2.732 2.788 2.943 2.861 2.561 2.182 1.715 1.329 0.794 2.564 1.475
6.50 15.85 2.641 2.698 2.853 2.772 2.472 2.095 1.629 1.248 0.720 2.474 1.380
6.50 19.95 2.529 2.587 2.743 2.662 2.362 1.986 1.523 1.148 0.629 2.363 1.262
6.50 25.12 2.397 2.455 2.612 2.532 2.232 1.859 1.399 1.030 0.520 2.232 1.123
6.50 31.62 2.247 2.306 2.464 2.385 2.085 1.715 1.259 0.898 0.397 2.083 0.966
6.50 39.81 2.081 2.141 2.302 2.223 1.924 1.558 1.108 0.754 0.264 1.920 0.793
6.50 50.12 1.902 1.963 2.127 2.050 1.751 1.391 0.947 0.601 0.122 1.744 0.608
6.50 63.10 1.711 1.774 1.941 1.866 1.568 1.214 0.780 0.442 -0.025 1.557 0.411
6.50 79.43 1.508 1.574 1.745 1.672 1.375 1.030 0.608 0.278 -0.178 1.359 0.205
6.50 100.00 1.293 1.361 1.538 1.468 1.172 0.838 0.431 0.110 -0.333 1.150 -0.013
6.50 125.89 1.063 1.136 1.319 1.253 0.958 0.638 0.250 -0.062 -0.493 0.929 -0.242
6.50 158.49 0.817 0.894 1.086 1.025 0.731 0.430 0.065 -0.238 -0.656 0.693 -0.485
6.50 199.53 0.550 0.634 0.837 0.781 0.490 0.210 -0.125 -0.418 -0.823 0.440 -0.745
6.50 251.19 0.258 0.349 0.566 0.518 0.229 -0.022 -0.320 -0.603 -0.995 0.164 -1.025
6.50 316.23 -0.066 0.035 0.270 0.230 -0.055 -0.270 -0.521 -0.794 -1.173 -0.139 -1.330
6.50 398.11 -0.429 -0.316 -0.059 -0.087 -0.369 -0.539 -0.729 -0.993 -1.358 -0.476 -1.667
6.50 501.19 -0.842 -0.714 -0.429 -0.443 -0.719 -0.832 -0.948 -1.202 -1.553 -0.856 -2.043
6.50 630.96 -1.318 -1.170 -0.850 -0.846 -1.115 -1.158 -1.178 -1.423 -1.760 -1.290 -2.470
6.50 794.33 -1.872 -1.700 -1.336 -1.309 -1.570 -1.522 -1.424 -1.659 -1.982 -1.792 -2.959
6.50 1000.00 -2.526 -2.322 -1.903 -1.847 -2.098 -1.937 -1.688 -1.913 -2.223 -2.380 -3.527
6.75 1.00 2.898 2.963 3.123 3.062 2.789 2.439 2.002 1.606 1.038 2.744 1.709
6.75 1.26 2.897 2.962 3.123 3.062 2.788 2.439 2.002 1.606 1.039 2.743 1.708
6.75 1.58 2.896 2.961 3.122 3.061 2.787 2.438 2.001 1.606 1.041 2.742 1.707
6.75 2.00 2.895 2.960 3.120 3.059 2.786 2.436 1.999 1.606 1.042 2.741 1.706
6.75 2.51 2.892 2.957 3.118 3.057 2.783 2.434 1.997 1.605 1.043 2.738 1.703
6.75 3.16 2.888 2.953 3.114 3.053 2.779 2.430 1.993 1.603 1.044 2.735 1.699
6.75 3.98 2.882 2.947 3.108 3.047 2.773 2.424 1.987 1.599 1.043 2.729 1.693
6.75 5.01 2.873 2.938 3.099 3.038 2.764 2.415 1.978 1.593 1.040 2.719 1.683
6.75 6.31 2.858 2.923 3.084 3.023 2.750 2.401 1.964 1.582 1.033 2.705 1.667
6.75 7.94 2.836 2.901 3.062 3.002 2.728 2.379 1.943 1.564 1.020 2.683 1.644
6.75 10.00 2.803 2.869 3.030 2.969 2.696 2.348 1.912 1.537 0.999 2.650 1.610
6.75 12.59 2.756 2.822 2.984 2.923 2.650 2.302 1.868 1.497 0.965 2.604 1.560
6.75 15.85 2.691 2.757 2.920 2.859 2.586 2.240 1.807 1.441 0.916 2.540 1.492
6.75 19.95 2.606 2.672 2.835 2.775 2.502 2.157 1.726 1.366 0.849 2.455 1.402
6.75 25.12 2.498 2.564 2.728 2.669 2.396 2.053 1.625 1.272 0.764 2.348 1.289
6.75 31.62 2.368 2.436 2.601 2.542 2.270 1.930 1.506 1.159 0.660 2.220 1.153
6.75 39.81 2.219 2.287 2.455 2.397 2.125 1.789 1.370 1.031 0.542 2.073 0.998
6.75 50.12 2.052 2.122 2.292 2.236 1.964 1.633 1.221 0.890 0.412 1.909 0.826
6.75 63.10 1.870 1.942 2.115 2.061 1.789 1.466 1.063 0.739 0.272 1.731 0.639
6.75 79.43 1.673 1.748 1.925 1.873 1.602 1.288 0.896 0.581 0.126 1.540 0.439
6.75 100.00 1.463 1.540 1.723 1.674 1.404 1.100 0.723 0.417 -0.026 1.336 0.226
6.75 125.89 1.237 1.318 1.508 1.462 1.194 0.904 0.546 0.248 -0.182 1.118 0.001
6.75 158.49 0.993 1.079 1.278 1.236 0.970 0.698 0.363 0.074 -0.343 0.884 -0.240
6.75 199.53 0.728 0.821 1.030 0.994 0.730 0.480 0.175 -0.104 -0.508 0.633 -0.497
6.75 251.19 0.438 0.538 0.761 0.733 0.471 0.250 -0.018 -0.288 -0.679 0.359 -0.775
6.75 316.23 0.116 0.225 0.466 0.447 0.188 0.003 -0.217 -0.478 -0.856 0.057 -1.079
6.75 398.11 -0.246 -0.124 0.139 0.131 -0.124 -0.265 -0.425 -0.676 -1.040 -0.279 -1.414
6.75 501.19 -0.658 -0.521 -0.230 -0.223 -0.473 -0.557 -0.642 -0.883 -1.234 -0.657 -1.789
6.75 630.96 -1.133 -0.976 -0.650 -0.625 -0.868 -0.881 -0.871 -1.103 -1.440 -1.090 -2.215
6.75 794.33 -1.686 -1.504 -1.134 -1.087 -1.322 -1.245 -1.116 -1.337 -1.661 -1.591 -2.703
6.75 1000.00 -2.338 -2.126 -1.700 -1.624 -1.849 -1.659 -1.380 -1.591 -1.901 -2.178 -3.270
7.00 1.00 2.838 2.913 3.081 3.041 2.794 2.478 2.076 1.696 1.134 2.701 1.706
7.00 1.26 2.838 2.912 3.081 3.041 2.794 2.478 2.075 1.697 1.135 2.701 1.706
7.00 1.58 2.837 2.912 3.080 3.040 2.794 2.477 2.075 1.697 1.137 2.700 1.705
7.00 2.00 2.836 2.911 3.080 3.040 2.793 2.476 2.074 1.697 1.139 2.699 1.704
7.00 2.51 2.835 2.909 3.078 3.038 2.791 2.475 2.073 1.697 1.140 2.698 1.703
7.00 3.16 2.833 2.907 3.076 3.036 2.789 2.473 2.071 1.697 1.142 2.696 1.700
7.00 3.98 2.829 2.904 3.073 3.033 2.786 2.469 2.067 1.695 1.143 2.692 1.697
7.00 5.01 2.824 2.898 3.067 3.027 2.780 2.464 2.062 1.692 1.144 2.687 1.691
7.00 6.31 2.815 2.890 3.059 3.019 2.772 2.456 2.054 1.687 1.142 2.678 1.682
7.00 7.94 2.802 2.877 3.046 3.006 2.759 2.443 2.042 1.678 1.138 2.665 1.668
7.00 10.00 2.782 2.857 3.026 2.986 2.739 2.424 2.023 1.663 1.128 2.645 1.647
7.00 12.59 2.752 2.827 2.996 2.957 2.710 2.395 1.995 1.639 1.110 2.616 1.616
7.00 15.85 2.709 2.784 2.954 2.914 2.668 2.354 1.955 1.604 1.081 2.573 1.570
7.00 19.95 2.648 2.723 2.894 2.855 2.608 2.295 1.898 1.553 1.038 2.513 1.506
7.00 25.12 2.566 2.642 2.813 2.775 2.528 2.218 1.823 1.483 0.977 2.432 1.421
7.00 31.62 2.461 2.538 2.711 2.673 2.427 2.119 1.728 1.395 0.898 2.329 1.312
7.00 39.81 2.334 2.412 2.586 2.550 2.304 1.999 1.613 1.287 0.800 2.204 1.180
7.00 50.12 2.185 2.264 2.441 2.406 2.160 1.861 1.481 1.162 0.686 2.058 1.027
7.00 63.10 2.017 2.098 2.278 2.244 1.999 1.706 1.335 1.024 0.559 1.893 0.854
7.00 79.43 1.831 1.914 2.098 2.066 1.822 1.538 1.178 0.875 0.421 1.712 0.665
7.00 100.00 1.627 1.713 1.903 1.874 1.631 1.357 1.012 0.718 0.276 1.515 0.460
7.00 125.89 1.406 1.496 1.693 1.667 1.425 1.166 0.838 0.553 0.124 1.302 0.239
7.00 158.49 1.167 1.261 1.466 1.445 1.205 0.963 0.659 0.383 -0.034 1.073 0.003
7.00 199.53 0.905 1.006 1.222 1.206 0.968 0.748 0.474 0.208 -0.197 0.824 -0.251
7.00 251.19 0.617 0.725 0.955 0.947 0.711 0.520 0.283 0.026 -0.365 0.552 -0.527
7.00 316.23 0.296 0.415 0.662 0.663 0.431 0.275 0.085 -0.163 -0.540 0.253 -0.829
7.00 398.11 -0.064 0.066 0.336 0.348 0.120 0.009 -0.121 -0.359 -0.723 -0.082 -1.162
7.00 501.19 -0.474 -0.329 -0.031 -0.005 -0.228 -0.282 -0.337 -0.565 -0.916 -0.459 -1.536
7.00 630.96 -0.948 -0.782 -0.450 -0.405 -0.622 -0.605 -0.565 -0.784 -1.121 -0.891 -1.960
7.00 794.33 -1.500 -1.310 -0.934 -0.866 -1.074 -0.968 -0.808 -1.018 -1.341 -1.391 -2.447
7.00 1000.00 -2.151 -1.930 -1.498 -1.402 -1.600 -1.380 -1.071 -1.270 -1.580 -1.976 -3.013
7.25 1.00 2.776 2.860 3.037 3.019 2.799 2.516 2.151 1.786 1.230 2.656 1.701
7.25 1.26 2.775 2.860 3.037 3.018 2.798 2.516 2.150 1.787 1.231 2.656 1.701
7.25 1.58 2.775 2.859 3.037 3.018 2.798 2.516 2.150 1.787 1.233 2.655 1.700
7.25 2.00 2.774 2.859 3.036 3.018 2.798 2.515 2.150 1.788 1.235 2.655 1.700
7.25 2.51 2.774 2.858 3.035 3.017 2.797 2.515 2.149 1.788 1.237 2.654 1.699
7.25 3.16 2.772 2.857 3.034 3.015 2.796 2.513 2.148 1.789 1.239 2.653 1.698
7.25 3.98 2.770 2.855 3.032 3.014 2.794 2.512 2.146 1.789 1.242 2.651 1.696
7.25 5.01 2.767 2.852 3.029 3.010 2.791 2.509 2.143 1.788 1.244 2.648 1.692
7.25 6.31 2.762 2.847 3.024 3.006 2.786 2.504 2.138 1.786 1.245 2.643 1.687
7.25 7.94 2.755 2.839 3.017 2.998 2.778 2.497 2.131 1.782 1.245 2.635 1.679
7.25 10.00 2.743 2.827 3.005 2.986 2.767 2.485 2.120 1.774 1.243 2.623 1.667
7.25 12.59 2.724 2.809 2.987 2.968 2.749 2.468 2.104 1.761 1.236 2.605 1.647
7.25 15.85 2.697 2.781 2.960 2.942 2.722 2.442 2.078 1.741 1.222 2.578 1.619
7.25 19.95 2.656 2.741 2.920 2.902 2.683 2.403 2.041 1.709 1.197 2.538 1.577
7.25 25.12 2.599 2.684 2.864 2.847 2.627 2.349 1.990 1.663 1.159 2.482 1.517
7.25 31.62 2.521 2.607 2.788 2.771 2.552 2.276 1.919 1.599 1.104 2.405 1.436
7.25 39.81 2.420 2.507 2.689 2.673 2.454 2.182 1.829 1.516 1.031 2.306 1.332
7.25 50.12 2.294 2.383 2.567 2.552 2.334 2.066 1.719 1.413 0.938 2.183 1.203
7.25 63.10 2.145 2.235 2.423 2.409 2.191 1.930 1.591 1.293 0.828 2.037 1.050
7.25 79.43 1.974 2.066 2.257 2.246 2.029 1.775 1.448 1.157 0.704 1.871 0.876
7.25 100.00 1.782 1.877 2.073 2.065 1.848 1.605 1.292 1.010 0.569 1.685 0.683
7.25 125.89 1.569 1.668 1.871 1.866 1.651 1.422 1.126 0.853 0.424 1.480 0.471
7.25 158.49 1.335 1.439 1.651 1.650 1.436 1.224 0.952 0.688 0.271 1.256 0.241
7.25 199.53 1.078 1.187 1.410 1.415 1.204 1.014 0.771 0.516 0.112 1.012 -0.009
7.25 251.19 0.793 0.910 1.147 1.159 0.950 0.788 0.582 0.337 -0.054 0.743 -0.281
7.25 316.23 0.475 0.602 0.856 0.877 0.671 0.545 0.387 0.150 -0.227 0.446 -0.580
7.25 398.11 0.117 0.256 0.532 0.564 0.363 0.281 0.182 -0.044 -0.408 0.114 -0.912
7.25 501.19 -0.292 -0.137 0.166 0.213 0.017 -0.008 -0.032 -0.249 -0.600 -0.262 -1.284
7.25 630.96 -0.764 -0.590 -0.251 -0.186 -0.376 -0.330 -0.259 -0.466 -0.803 -0.692 -1.706
7.25 794.33 -1.314 -1.116 -0.733 -0.645 -0.827 -0.691 -0.501 -0.699 -1.022 -1.191 -2.192
7.25 1000.00 -1.964 -1.735 -1.297 -1.180 -1.352 -1.102 -0.763 -0.951 -1.260 -1.775 -2.757
7.50 1.00 2.708 2.803 2.990 2.993 2.800 2.554 2.226 1.877 1.326 2.607 1.693
7.50 1.26 2.708 2.803 2.989 2.993 2.800 2.553 2.226 1.877 1.327 2.607 1.693
7.50 1.58 2.708 2.803 2.989 2.992 2.800 2.553 2.226 1.878 1.329 2.606 1.693
7.50 2.00 2.708 2.802 2.989 2.992 2.799 2.553 2.226 1.878 1.331 2.606 1.692
7.50 2.51 2.707 2.802 2.989 2.992 2.799 2.553 2.225 1.879 1.333 2.606 1.692
7.50 3.16 2.706 2.801 2.988 2.991 2.798 2.552 2.225 1.880 1.335 2.605 1.691
7.50 3.98 2.705 2.800 2.987 2.990 2.797 2.551 2.224 1.880 1.338 2.604 1.690
7.50 5.01 2.703 2.798 2.985 2.988 2.795 2.549 2.222 1.881 1.341 2.602 1.688
7.50 6.31 2.701 2.795 2.982 2.985 2.793 2.546 2.220 1.880 1.344 2.599 1.685
7.50 7.94 2.696 2.791 2.978 2.981 2.788 2.542 2.216 1.879 1.347 2.595 1.680
7.50 10.00 2.689 2.784 2.971 2.974 2.781 2.536 2.209 1.876 1.349 2.588 1.673
7.50 12.59 2.678 2.773 2.960 2.963 2.771 2.525 2.199 1.870 1.348 2.577 1.662
7.50 15.85 2.661 2.756 2.944 2.947 2.755 2.510 2.184 1.859 1.343 2.560 1.644
7.50 19.95 2.636 2.731 2.919 2.922 2.730 2.486 2.162 1.842 1.333 2.535 1.618
7.50 25.12 2.598 2.693 2.882 2.886 2.694 2.451 2.128 1.814 1.312 2.498 1.579
7.50 31.62 2.544 2.640 2.829 2.834 2.642 2.400 2.080 1.772 1.279 2.445 1.523
7.50 39.81 2.469 2.566 2.757 2.762 2.570 2.332 2.015 1.713 1.230 2.372 1.446
7.50 50.12 2.370 2.468 2.661 2.667 2.476 2.241 1.930 1.636 1.162 2.276 1.345
7.50 63.10 2.246 2.345 2.541 2.549 2.357 2.129 1.825 1.538 1.075 2.155 1.219
7.50 79.43 2.096 2.197 2.396 2.406 2.215 1.994 1.700 1.421 0.969 2.009 1.067
7.50 100.00 1.920 2.024 2.228 2.241 2.051 1.840 1.559 1.289 0.848 1.839 0.890
7.50 125.89 1.720 1.828 2.038 2.054 1.866 1.668 1.405 1.142 0.714 1.647 0.691
7.50 158.49 1.495 1.608 1.827 1.847 1.660 1.479 1.239 0.985 0.569 1.432 0.471
7.50 199.53 1.245 1.363 1.593 1.618 1.434 1.274 1.063 0.819 0.416 1.194 0.228
7.50 251.19 0.965 1.091 1.334 1.367 1.185 1.053 0.879 0.644 0.254 0.930 -0.039
7.50 316.23 0.651 0.786 1.047 1.089 0.910 0.814 0.686 0.460 0.083 0.637 -0.335
7.50 398.11 0.295 0.443 0.726 0.779 0.604 0.552 0.484 0.268 -0.096 0.307 -0.664
7.50 501.19 -0.111 0.052 0.362 0.430 0.260 0.265 0.271 0.065 -0.285 -0.066 -1.033
7.50 630.96 -0.581 -0.398 -0.053 0.032 -0.131 -0.055 0.046 -0.151 -0.487 -0.495 -1.454
7.50 794.33 -1.130 -0.923 -0.534 -0.425 -0.581 -0.415 -0.195 -0.382 -0.705 -0.991 -1.938
7.50 1000.00 -1.778 -1.540 -1.096 -0.959 -1.104 -0.825 -0.455 -0.632 -0.942 -1.574 -2.501
7.75 1.00 2.634 2.739 2.937 2.962 2.797 2.588 2.303 1.966 1.421 2.552 1.680
7.75 1.26 2.634 2.739 2.937 2.962 2.797 2.588 2.303 1.967 1.423 2.552 1.680
7.75 1.58 2.634 2.739 2.937 2.962 2.797 2.588 2.303 1.968 1.424 2.552 1.680
7.75 2.00 2.634 2.739 2.936 2.962 2.797 2.588 2.302 1.968 1.426 2.552 1.680
7.75 2.51 2.633 2.739 2.936 2.962 2.796 2.588 2.302 1.969 1.428 2.551 1.679
7.75 3.16 2.633 2.738 2.936 2.961 2.796 2.587 2.302 1.970 1.431 2.551 1.679
7.75 3.98 2.632 2.738 2.935 2.961 2.795 2.587 2.301 1.971 1.434 2.550 1.678
7.75 5.01 2.631 2.737 2.934 2.960 2.794 2.586 2.300 1.972 1.437 2.549 1.677
7.75 6.31 2.630 2.735 2.932 2.958 2.793 2.584 2.299 1.972 1.441 2.548 1.675
7.75 7.94 2.627 2.732 2.930 2.956 2.790 2.582 2.297 1.973 1.445 2.545 1.673
7.75 10.00 2.623 2.728 2.926 2.952 2.786 2.578 2.293 1.972 1.449 2.541 1.668
7.75 12.59 2.616 2.722 2.919 2.945 2.780 2.572 2.287 1.970 1.452 2.535 1.662
7.75 15.85 2.606 2.712 2.910 2.935 2.770 2.563 2.279 1.965 1.453 2.525 1.651
7.75 19.95 2.590 2.696 2.894 2.920 2.755 2.548 2.265 1.957 1.451 2.509 1.635
7.75 25.12 2.567 2.673 2.871 2.898 2.732 2.527 2.245 1.941 1.443 2.486 1.611
7.75 31.62 2.531 2.638 2.837 2.864 2.699 2.494 2.214 1.917 1.426 2.452 1.575
7.75 39.81 2.480 2.587 2.787 2.814 2.650 2.448 2.170 1.879 1.398 2.401 1.522
7.75 50.12 2.408 2.516 2.718 2.746 2.581 2.383 2.110 1.826 1.354 2.331 1.449
7.75 63.10 2.311 2.420 2.625 2.654 2.490 2.296 2.030 1.753 1.291 2.237 1.351
7.75 79.43 2.187 2.298 2.506 2.537 2.373 2.186 1.929 1.660 1.209 2.117 1.226
7.75 100.00 2.034 2.148 2.360 2.393 2.231 2.053 1.808 1.547 1.108 1.970 1.073
7.75 125.89 1.852 1.969 2.188 2.224 2.063 1.898 1.669 1.417 0.990 1.795 0.893
7.75 158.49 1.642 1.763 1.990 2.031 1.871 1.722 1.515 1.272 0.857 1.594 0.687
7.75 199.53 1.402 1.529 1.766 1.812 1.654 1.527 1.349 1.114 0.711 1.367 0.455
7.75 251.19 1.130 1.265 1.515 1.568 1.413 1.313 1.171 0.945 0.556 1.111 0.195
7.75 316.23 0.821 0.966 1.233 1.295 1.143 1.078 0.982 0.766 0.390 0.823 -0.094
7.75 398.11 0.470 0.627 0.916 0.989 0.841 0.820 0.784 0.577 0.214 0.497 -0.419
7.75 501.19 0.067 0.239 0.556 0.644 0.500 0.536 0.574 0.377 0.027 0.127 -0.785
7.75 630.96 -0.400 -0.209 0.143 0.249 0.112 0.218 0.350 0.163 -0.174 -0.299 -1.203
7.75 794.33 -0.947 -0.731 -0.336 -0.207 -0.336 -0.140 0.111 -0.067 -0.390 -0.794 -1.685
7.75 1000.00 -1.594 -1.347 -0.896 -0.739 -0.857 -0.549 -0.148 -0.316 -0.625 -1.375 -2.247
8.00 1.00 2.550 2.667 2.876 2.925 2.787 2.619 2.379 2.055 1.516 2.489 1.660
8.00 1.26 2.550 2.667 2.876 2.925 2.787 2.619 2.379 2.056 1.517 2.489 1.660
8.00 1.58 2.550 2.667 2.876 2.925 2.787 2.619 2.379 2.056 1.519 2.489 1.659
8.00 2.00 2.550 2.667 2.876 2.925 2.787 2.619 2.379 2.057 1.520 2.489 1.659
8.00 2.51 2.550 2.667 2.876 2.924 2.787 2.619 2.379 2.058 1.522 2.489 1.659
8.00 3.16 2.549 2.666 2.875 2.924 2.786 2.619 2.378 2.059 1.525 2.489 1.659
8.00 3.98 2.549 2.666 2.875 2.924 2.786 2.618 2.378 2.060 1.528 2.488 1.659
8.00 5.01 2.548 2.665 2.874 2.923 2.785 2.618 2.378 2.061 1.531 2.488 1.658
8.00 6.31 2.547 2.664 2.874 2.922 2.785 2.617 2.377 2.062 1.535 2.487 1.657
8.00 7.94 2.546 2.663 2.872 2.921 2.783 2.616 2.375 2.063 1.540 2.485 1.655
8.00 10.00 2.543 2.660 2.870 2.918 2.781 2.613 2.373 2.064 1.545 2.483 1.653
8.00 12.59 2.539 2.657 2.866 2.915 2.777 2.610 2.370 2.064 1.550 2.479 1.649
8.00 15.85 2.533 2.651 2.860 2.909 2.771 2.604 2.365 2.063 1.554 2.473 1.643
8.00 19.95 2.524 2.641 2.851 2.900 2.762 2.596 2.357 2.060 1.557 2.464 1.633
8.00 25.12 2.509 2.627 2.837 2.886 2.748 2.583 2.345 2.052 1.556 2.449 1.618
8.00 31.62 2.487 2.604 2.815 2.865 2.727 2.563 2.327 2.039 1.551 2.428 1.596
8.00 39.81 2.453 2.571 2.783 2.833 2.695 2.533 2.299 2.018 1.539 2.395 1.561
8.00 50.12 2.403 2.522 2.735 2.786 2.649 2.489 2.259 1.984 1.514 2.347 1.512
8.00 63.10 2.333 2.453 2.668 2.720 2.583 2.427 2.203 1.935 1.475 2.279 1.441
8.00 79.43 2.237 2.359 2.577 2.630 2.494 2.344 2.127 1.867 1.418 2.187 1.346
8.00 100.00 2.112 2.236 2.458 2.514 2.378 2.236 2.031 1.779 1.341 2.067 1.221
8.00 125.89 1.955 2.083 2.310 2.368 2.234 2.104 1.913 1.670 1.243 1.916 1.067
8.00 158.49 1.766 1.897 2.132 2.194 2.061 1.947 1.776 1.542 1.127 1.736 0.881
8.00 199.53 1.542 1.679 1.924 1.991 1.860 1.766 1.623 1.397 0.995 1.523 0.665
8.00 251.19 1.282 1.426 1.684 1.758 1.630 1.562 1.455 1.238 0.849 1.279 0.418
8.00 316.23 0.982 1.136 1.411 1.494 1.369 1.335 1.273 1.066 0.690 1.000 0.138
8.00 398.11 0.638 0.804 1.100 1.194 1.073 1.083 1.080 0.882 0.519 0.681 -0.180
8.00 501.19 0.240 0.421 0.745 0.853 0.737 0.803 0.873 0.685 0.335 0.315 -0.542
8.00 630.96 -0.223 -0.023 0.336 0.462 0.352 0.489 0.653 0.474 0.138 -0.107 -0.956
8.00 794.33 -0.767 -0.543 -0.140 0.009 -0.093 0.133 0.416 0.246 -0.076 -0.599 -1.435
8.00 1000.00 -1.411 -1.156 -0.698 -0.521 -0.612 -0.273 0.158 -0.001 -0.310 -1.177 -1.994
