AtkinsonBoore2003SSlabCascadia as implemented in OpenQuake, distance is rrup. Log10 hazard values in cgs units
          14 31 10 : nmag, ndist, nperiod
          10.000 5.000 3.000 2.000 1.000 0.400 0.200 0.100 0.040 PGA PGV
          0.691 0.691 0.691 0.691 0.668 0.645 0.645 0.645 0.576 0.622 0.576
4.75 1.00 0.311 0.961 1.553 2.219 2.789 3.181 3.446 3.391 3.416 3.126 2.284
4.75 1.26 0.266 0.915 1.505 2.171 2.741 3.132 3.397 3.342 3.367 3.077 2.232
4.75 1.58 0.205 0.850 1.439 2.104 2.675 3.066 3.331 3.276 3.301 3.011 2.161
4.75 2.00 0.124 0.767 1.353 2.018 2.588 2.979 3.244 3.189 3.214 2.924 2.068
4.75 2.51 0.024 0.663 1.247 1.911 2.481 2.872 3.137 3.082 3.107 2.817 1.953
4.75 3.16 -0.094 0.541 1.121 1.786 2.355 2.749 3.015 2.959 2.984 2.695 1.822
4.75 3.98 -0.226 0.403 0.980 1.644 2.213 2.652 2.924 2.868 2.893 2.618 1.725
4.75 5.01 -0.369 0.255 0.827 1.490 2.059 2.532 2.809 2.753 2.778 2.514 1.601
4.75 6.31 -0.520 0.097 0.665 1.327 1.895 2.393 2.674 2.618 2.643 2.387 1.457
4.75 7.94 -0.675 -0.066 0.497 1.158 1.725 2.241 2.524 2.468 2.492 2.242 1.295
4.75 10.00 -0.833 -0.233 0.324 0.983 1.549 2.070 2.354 2.297 2.321 2.073 1.112
4.75 12.59 -0.993 -0.402 0.148 0.806 1.370 1.891 2.175 2.117 2.140 1.894 0.919
4.75 15.85 -1.154 -0.572 -0.029 0.626 1.189 1.709 1.992 1.934 1.957 1.711 0.723
4.75 19.95 -1.316 -0.744 -0.209 0.444 1.004 1.525 1.807 1.747 1.770 1.525 0.523
4.75 25.12 -1.477 -0.917 -0.389 0.260 0.817 1.337 1.619 1.558 1.580 1.337 0.319
4.75 31.62 -1.639 -1.090 -0.570 0.074 0.628 1.147 1.428 1.365 1.386 1.145 0.112
4.75 39.81 -1.801 -1.264 -0.753 -0.115 0.435 0.954 1.234 1.169 1.188 0.950 -0.100
4.75 50.12 -1.963 -1.438 -0.936 -0.306 0.238 0.757 1.035 0.967 0.985 0.750 -0.317
4.75 63.10 -2.126 -1.614 -1.121 -0.500 0.036 0.555 0.831 0.760 0.776 0.545 -0.541
4.75 79.43 -2.291 -1.792 -1.308 -0.699 -0.171 0.346 0.621 0.545 0.558 0.333 -0.774
4.75 100.00 -2.457 -1.971 -1.496 -0.902 -0.386 0.131 0.402 0.321 0.331 0.112 -1.017
4.75 125.89 -2.625 -2.152 -1.687 -1.112 -0.610 -0.095 0.173 0.085 0.091 -0.119 -1.273
4.75 158.49 -2.796 -2.336 -1.881 -1.330 -0.845 -0.332 -0.069 -0.166 -0.164 -0.364 -1.547
4.75 199.53 -2.970 -2.524 -2.079 -1.557 -1.096 -0.584 -0.327 -0.435 -0.440 -0.626 -1.841
4.75 251.19 -3.149 -2.717 -2.281 -1.798 -1.364 -0.855 -0.605 -0.727 -0.740 -0.910 -2.162
4.75 316.23 -3.334 -2.916 -2.490 -2.054 -1.656 -1.150 -0.909 -1.049 -1.071 -1.221 -2.517
4.75 398.11 -3.527 -3.122 -2.706 -2.329 -1.977 -1.475 -1.246 -1.408 -1.442 -1.565 -2.914
4.75 501.19 -3.729 -3.338 -2.931 -2.630 -2.334 -1.838 -1.623 -1.813 -1.863 -1.953 -3.364
4.75 630.96 -3.943 -3.566 -3.169 -2.963 -2.738 -2.248 -2.051 -2.276 -2.345 -2.394 -3.881
4.75 794.33 -4.172 -3.809 -3.422 -3.335 -3.200 -2.719 -2.544 -2.813 -2.907 -2.904 -4.481
4.75 1000.00 -4.420 -4.070 -3.694 -3.757 -3.735 -3.264 -3.118 -3.443 -3.568 -3.498 -5.188
5.00 1.00 0.437 1.082 1.650 2.285 2.826 3.191 3.436 3.374 3.391 3.115 2.257
5.00 1.26 0.410 1.053 1.620 2.255 2.795 3.160 3.405 3.343 3.360 3.085 2.224
5.00 1.58 0.370 1.011 1.576 2.211 2.751 3.116 3.361 3.299 3.316 3.041 2.177
5.00 2.00 0.315 0.953 1.516 2.150 2.690 3.055 3.300 3.238 3.255 2.980 2.112
5.00 2.51 0.240 0.875 1.435 2.070 2.610 2.974 3.219 3.157 3.174 2.899 2.025
5.00 3.16 0.147 0.777 1.335 1.969 2.509 2.873 3.118 3.056 3.072 2.797 1.916
5.00 3.98 0.035 0.661 1.215 1.848 2.388 2.761 3.006 2.944 2.961 2.688 1.797
5.00 5.01 -0.092 0.529 1.078 1.711 2.250 2.665 2.917 2.855 2.871 2.612 1.701
5.00 6.31 -0.230 0.384 0.929 1.561 2.099 2.547 2.804 2.741 2.757 2.509 1.579
5.00 7.94 -0.377 0.229 0.770 1.400 1.938 2.410 2.671 2.608 2.623 2.383 1.436
5.00 10.00 -0.530 0.069 0.603 1.233 1.769 2.259 2.522 2.458 2.474 2.240 1.276
5.00 12.59 -0.686 -0.096 0.432 1.060 1.595 2.089 2.352 2.288 2.303 2.071 1.094
5.00 15.85 -0.844 -0.263 0.258 0.883 1.417 1.911 2.173 2.108 2.123 1.892 0.901
5.00 19.95 -1.003 -0.433 0.081 0.704 1.235 1.728 1.991 1.925 1.939 1.709 0.703
5.00 25.12 -1.163 -0.603 -0.097 0.522 1.050 1.543 1.805 1.737 1.750 1.522 0.502
5.00 31.62 -1.323 -0.775 -0.277 0.337 0.862 1.355 1.616 1.546 1.558 1.332 0.297
5.00 39.81 -1.484 -0.948 -0.458 0.150 0.670 1.163 1.423 1.351 1.362 1.139 0.086
5.00 50.12 -1.645 -1.121 -0.640 -0.040 0.475 0.967 1.225 1.151 1.160 0.940 -0.129
5.00 63.10 -1.808 -1.296 -0.824 -0.233 0.274 0.766 1.022 0.945 0.952 0.736 -0.352
5.00 79.43 -1.971 -1.472 -1.009 -0.430 0.068 0.559 0.813 0.731 0.736 0.525 -0.584
5.00 100.00 -2.136 -1.650 -1.197 -0.633 -0.146 0.344 0.595 0.508 0.510 0.305 -0.826
5.00 125.89 -2.303 -1.831 -1.386 -0.841 -0.368 0.120 0.368 0.273 0.271 0.075 -1.081
5.00 158.49 -2.473 -2.014 -1.579 -1.058 -0.603 -0.116 0.127 0.023 0.016 -0.169 -1.353
5.00 199.53 -2.647 -2.201 -1.776 -1.285 -0.852 -0.367 -0.130 -0.245 -0.258 -0.430 -1.647
5.00 251.19 -2.825 -2.393 -1.977 -1.524 -1.120 -0.638 -0.408 -0.536 -0.557 -0.713 -1.967
5.00 316.23 -3.009 -2.591 -2.185 -1.779 -1.411 -0.932 -0.711 -0.857 -0.887 -1.022 -2.320
5.00 398.11 -3.201 -2.796 -2.400 -2.054 -1.730 -1.256 -1.046 -1.214 -1.257 -1.366 -2.716
5.00 501.19 -3.402 -3.011 -2.624 -2.353 -2.087 -1.617 -1.422 -1.618 -1.677 -1.752 -3.165
5.00 630.96 -3.614 -3.237 -2.861 -2.685 -2.490 -2.026 -1.850 -2.081 -2.158 -2.193 -3.680
5.00 794.33 -3.842 -3.479 -3.113 -3.056 -2.951 -2.496 -2.342 -2.617 -2.719 -2.701 -4.280
5.00 1000.00 -4.089 -3.740 -3.384 -3.477 -3.485 -3.040 -2.915 -3.245 -3.378 -3.295 -4.986
5.25 1.00 0.548 1.189 1.734 2.338 2.849 3.187 3.411 3.343 3.351 3.091 2.215
5.25 1.26 0.533 1.172 1.715 2.320 2.830 3.168 3.393 3.325 3.333 3.072 2.195
5.25 1.58 0.510 1.146 1.688 2.292 2.803 3.141 3.365 3.297 3.305 3.045 2.166
5.25 2.00 0.475 1.108 1.648 2.252 2.763 3.101 3.325 3.257 3.265 3.005 2.123
5.25 2.51 0.425 1.055 1.593 2.196 2.707 3.045 3.269 3.201 3.209 2.949 2.063
5.25 3.16 0.357 0.983 1.518 2.122 2.632 2.970 3.194 3.126 3.134 2.874 1.982
5.25 3.98 0.270 0.892 1.424 2.027 2.537 2.875 3.099 3.030 3.038 2.778 1.880
5.25 5.01 0.165 0.781 1.309 1.912 2.421 2.772 2.998 2.930 2.937 2.682 1.772
5.25 6.31 0.043 0.654 1.178 1.779 2.288 2.679 2.911 2.842 2.849 2.606 1.677
5.25 7.94 -0.091 0.513 1.032 1.632 2.140 2.563 2.799 2.730 2.737 2.504 1.558
5.25 10.00 -0.234 0.362 0.876 1.475 1.982 2.428 2.668 2.598 2.605 2.380 1.416
5.25 12.59 -0.383 0.204 0.712 1.309 1.814 2.278 2.520 2.450 2.456 2.237 1.257
5.25 15.85 -0.537 0.041 0.542 1.137 1.641 2.109 2.351 2.280 2.286 2.069 1.075
5.25 19.95 -0.693 -0.124 0.369 0.961 1.463 1.930 2.172 2.100 2.105 1.890 0.882
5.25 25.12 -0.851 -0.293 0.194 0.782 1.281 1.748 1.989 1.915 1.920 1.706 0.683
5.25 31.62 -1.009 -0.462 0.016 0.600 1.095 1.561 1.802 1.726 1.730 1.519 0.480
5.25 39.81 -1.169 -0.633 -0.163 0.414 0.905 1.371 1.611 1.533 1.535 1.326 0.272
5.25 50.12 -1.329 -0.806 -0.344 0.226 0.711 1.177 1.415 1.334 1.335 1.129 0.057
5.25 63.10 -1.490 -0.979 -0.527 0.034 0.512 0.977 1.213 1.129 1.128 0.927 -0.164
5.25 79.43 -1.653 -1.154 -0.711 -0.162 0.307 0.771 1.005 0.917 0.913 0.717 -0.394
5.25 100.00 -1.817 -1.331 -0.897 -0.363 0.094 0.558 0.789 0.695 0.688 0.498 -0.635
5.25 125.89 -1.983 -1.511 -1.086 -0.571 -0.127 0.335 0.562 0.461 0.450 0.269 -0.889
5.25 158.49 -2.152 -1.693 -1.278 -0.786 -0.361 0.099 0.322 0.212 0.197 0.026 -1.160
5.25 199.53 -2.325 -1.879 -1.473 -1.012 -0.609 -0.151 0.066 -0.055 -0.076 -0.234 -1.452
5.25 251.19 -2.502 -2.070 -1.674 -1.250 -0.876 -0.420 -0.210 -0.345 -0.374 -0.515 -1.771
5.25 316.23 -2.685 -2.266 -1.880 -1.504 -1.165 -0.713 -0.512 -0.665 -0.704 -0.824 -2.124
5.25 398.11 -2.875 -2.471 -2.094 -1.778 -1.484 -1.036 -0.847 -1.021 -1.072 -1.167 -2.518
5.25 501.19 -3.075 -2.685 -2.318 -2.077 -1.840 -1.396 -1.222 -1.424 -1.491 -1.552 -2.966
5.25 630.96 -3.287 -2.910 -2.553 -2.407 -2.241 -1.805 -1.648 -1.885 -1.972 -1.991 -3.481
5.25 794.33 -3.514 -3.151 -2.804 -2.777 -2.701 -2.273 -2.139 -2.420 -2.531 -2.499 -4.079
5.25 1000.00 -3.760 -3.411 -3.074 -3.197 -3.234 -2.816 -2.711 -3.048 -3.190 -3.091 -4.784
5.50 1.00 0.651 1.286 1.809 2.382 2.863 3.174 3.379 3.304 3.303 3.058 2.164
5.50 1.26 0.643 1.277 1.798 2.371 2.852 3.164 3.368 3.293 3.293 3.047 2.152
5.50 1.58 0.631 1.262 1.782 2.355 2.836 3.147 3.351 3.277 3.276 3.031 2.134
5.50 2.00 0.610 1.239 1.757 2.331 2.811 3.123 3.327 3.252 3.251 3.006 2.108
5.50 2.51 0.580 1.205 1.722 2.295 2.775 3.086 3.291 3.216 3.215 2.970 2.069
5.50 3.16 0.535 1.157 1.671 2.244 2.724 3.035 3.239 3.165 3.164 2.918 2.014
5.50 3.98 0.474 1.091 1.602 2.174 2.654 2.966 3.170 3.095 3.094 2.849 1.939
5.50 5.01 0.393 1.006 1.513 2.085 2.565 2.876 3.080 3.005 3.004 2.759 1.843
5.50 6.31 0.294 0.901 1.404 1.976 2.455 2.784 2.990 2.915 2.914 2.674 1.747
5.50 7.94 0.179 0.779 1.278 1.848 2.326 2.692 2.904 2.829 2.827 2.600 1.654
5.50 10.00 0.049 0.643 1.136 1.705 2.182 2.579 2.795 2.719 2.717 2.500 1.536
5.50 12.59 -0.090 0.495 0.983 1.550 2.026 2.446 2.665 2.588 2.586 2.377 1.396
5.50 15.85 -0.236 0.340 0.821 1.386 1.860 2.297 2.519 2.441 2.438 2.235 1.238
5.50 19.95 -0.387 0.179 0.654 1.215 1.687 2.128 2.350 2.271 2.268 2.068 1.056
5.50 25.12 -0.542 0.015 0.482 1.040 1.509 1.950 2.171 2.091 2.087 1.888 0.862
5.50 31.62 -0.698 -0.152 0.307 0.860 1.326 1.766 1.987 1.905 1.900 1.703 0.662
5.50 39.81 -0.855 -0.321 0.130 0.677 1.139 1.578 1.798 1.713 1.707 1.513 0.456
5.50 50.12 -1.014 -0.492 -0.049 0.491 0.947 1.386 1.603 1.517 1.509 1.318 0.244
5.50 63.10 -1.174 -0.664 -0.230 0.301 0.749 1.188 1.404 1.313 1.304 1.117 0.024
5.50 79.43 -1.335 -0.838 -0.413 0.106 0.545 0.983 1.197 1.102 1.090 0.908 -0.205
5.50 100.00 -1.499 -1.014 -0.598 -0.094 0.334 0.771 0.982 0.881 0.866 0.691 -0.444
5.50 125.89 -1.664 -1.192 -0.785 -0.301 0.113 0.549 0.756 0.649 0.630 0.463 -0.697
5.50 158.49 -1.832 -1.373 -0.976 -0.515 -0.119 0.315 0.517 0.401 0.377 0.221 -0.967
5.50 199.53 -2.003 -1.558 -1.171 -0.740 -0.366 0.066 0.263 0.135 0.105 -0.038 -1.258
5.50 251.19 -2.180 -1.748 -1.370 -0.977 -0.632 -0.202 -0.013 -0.154 -0.192 -0.318 -1.576
5.50 316.23 -2.362 -1.944 -1.575 -1.230 -0.920 -0.494 -0.314 -0.472 -0.520 -0.626 -1.927
5.50 398.11 -2.551 -2.147 -1.788 -1.502 -1.238 -0.816 -0.647 -0.828 -0.888 -0.967 -2.321
5.50 501.19 -2.750 -2.359 -2.011 -1.800 -1.593 -1.176 -1.021 -1.230 -1.305 -1.352 -2.767
5.50 630.96 -2.961 -2.584 -2.246 -2.130 -1.993 -1.583 -1.447 -1.690 -1.785 -1.790 -3.281
5.50 794.33 -3.187 -2.824 -2.495 -2.498 -2.452 -2.050 -1.936 -2.224 -2.343 -2.296 -3.878
5.50 1000.00 -3.432 -3.083 -2.764 -2.917 -2.984 -2.592 -2.508 -2.851 -3.001 -2.888 -4.582
5.75 1.00 0.749 1.378 1.880 2.422 2.873 3.158 3.342 3.260 3.251 3.020 2.107
5.75 1.26 0.746 1.374 1.874 2.416 2.867 3.152 3.335 3.254 3.245 3.014 2.101
5.75 1.58 0.739 1.365 1.865 2.407 2.857 3.142 3.326 3.245 3.235 3.005 2.091
5.75 2.00 0.729 1.353 1.850 2.392 2.843 3.128 3.311 3.230 3.220 2.990 2.075
5.75 2.51 0.712 1.333 1.828 2.370 2.821 3.105 3.289 3.208 3.198 2.968 2.051
5.75 3.16 0.685 1.303 1.796 2.338 2.788 3.073 3.256 3.175 3.165 2.935 2.016
5.75 3.98 0.646 1.259 1.750 2.291 2.741 3.026 3.209 3.128 3.118 2.888 1.966
5.75 5.01 0.590 1.199 1.686 2.227 2.677 2.962 3.145 3.063 3.054 2.824 1.896
5.75 6.31 0.516 1.120 1.603 2.144 2.593 2.877 3.061 2.979 2.969 2.739 1.806
5.75 7.94 0.424 1.021 1.500 2.040 2.488 2.795 2.982 2.900 2.890 2.667 1.721
5.75 10.00 0.314 0.905 1.379 1.917 2.364 2.706 2.898 2.815 2.805 2.594 1.630
5.75 12.59 0.190 0.773 1.241 1.777 2.224 2.595 2.791 2.707 2.697 2.495 1.514
5.75 15.85 0.055 0.629 1.091 1.625 2.070 2.463 2.663 2.578 2.567 2.374 1.376
5.75 19.95 -0.089 0.476 0.932 1.463 1.906 2.316 2.517 2.432 2.420 2.233 1.219
5.75 25.12 -0.237 0.318 0.766 1.294 1.734 2.147 2.348 2.262 2.249 2.065 1.036
5.75 31.62 -0.390 0.155 0.596 1.119 1.555 1.968 2.169 2.080 2.067 1.885 0.841
5.75 39.81 -0.545 -0.011 0.422 0.939 1.371 1.784 1.983 1.892 1.878 1.698 0.638
5.75 50.12 -0.701 -0.180 0.245 0.755 1.181 1.593 1.791 1.698 1.682 1.505 0.428
5.75 63.10 -0.860 -0.350 0.066 0.566 0.985 1.397 1.593 1.496 1.478 1.306 0.211
5.75 79.43 -1.020 -0.523 -0.115 0.373 0.783 1.194 1.388 1.287 1.266 1.099 -0.016
5.75 100.00 -1.182 -0.697 -0.299 0.174 0.573 0.983 1.174 1.067 1.044 0.883 -0.254
5.75 125.89 -1.346 -0.874 -0.485 -0.031 0.354 0.763 0.950 0.836 0.809 0.656 -0.506
5.75 158.49 -1.513 -1.054 -0.675 -0.244 0.123 0.530 0.712 0.590 0.557 0.416 -0.774
5.75 199.53 -1.683 -1.238 -0.868 -0.467 -0.123 0.282 0.459 0.325 0.286 0.158 -1.064
5.75 251.19 -1.859 -1.427 -1.067 -0.703 -0.388 0.015 0.184 0.037 -0.009 -0.122 -1.381
5.75 316.23 -2.040 -1.622 -1.271 -0.955 -0.675 -0.276 -0.116 -0.281 -0.337 -0.428 -1.731
5.75 398.11 -2.228 -1.824 -1.483 -1.227 -0.992 -0.597 -0.448 -0.635 -0.703 -0.769 -2.124
5.75 501.19 -2.426 -2.036 -1.704 -1.524 -1.346 -0.955 -0.821 -1.036 -1.120 -1.152 -2.569
5.75 630.96 -2.636 -2.259 -1.938 -1.852 -1.745 -1.362 -1.245 -1.495 -1.599 -1.589 -3.081
5.75 794.33 -2.861 -2.498 -2.187 -2.220 -2.203 -1.828 -1.734 -2.028 -2.156 -2.094 -3.678
5.75 1000.00 -3.105 -2.756 -2.454 -2.638 -2.734 -2.369 -2.304 -2.654 -2.812 -2.685 -4.380
6.00 1.00 0.845 1.469 1.950 2.461 2.881 3.139 3.302 3.214 3.196 2.981 2.049
6.00 1.26 0.844 1.466 1.947 2.457 2.877 3.136 3.299 3.211 3.193 2.977 2.045
6.00 1.58 0.841 1.462 1.941 2.452 2.872 3.130 3.293 3.205 3.187 2.972 2.039
6.00 2.00 0.837 1.455 1.933 2.443 2.864 3.122 3.285 3.197 3.179 2.963 2.030
6.00 2.51 0.828 1.444 1.920 2.431 2.851 3.109 3.272 3.184 3.165 2.950 2.016
6.00 3.16 0.814 1.427 1.901 2.411 2.831 3.089 3.252 3.164 3.145 2.930 1.995
6.00 3.98 0.791 1.400 1.872 2.381 2.801 3.059 3.222 3.134 3.116 2.901 1.963
6.00 5.01 0.757 1.362 1.830 2.339 2.759 3.017 3.180 3.091 3.073 2.858 1.917
6.00 6.31 0.707 1.307 1.771 2.280 2.699 2.957 3.120 3.032 3.013 2.798 1.853
6.00 7.94 0.640 1.234 1.694 2.202 2.621 2.879 3.041 2.953 2.934 2.719 1.768
6.00 10.00 0.554 1.141 1.597 2.104 2.521 2.806 2.973 2.884 2.865 2.659 1.694
6.00 12.59 0.450 1.030 1.480 1.986 2.402 2.720 2.891 2.801 2.782 2.587 1.606
6.00 15.85 0.331 0.902 1.347 1.850 2.265 2.611 2.786 2.695 2.676 2.490 1.492
6.00 19.95 0.199 0.762 1.200 1.701 2.114 2.481 2.659 2.568 2.547 2.370 1.355
6.00 25.12 0.059 0.613 1.044 1.541 1.951 2.335 2.515 2.422 2.401 2.230 1.198
6.00 31.62 -0.087 0.456 0.880 1.372 1.779 2.166 2.346 2.251 2.229 2.061 1.014
6.00 39.81 -0.238 0.294 0.710 1.197 1.599 1.986 2.165 2.068 2.045 1.880 0.817
6.00 50.12 -0.391 0.129 0.537 1.016 1.413 1.799 1.976 1.877 1.852 1.690 0.611
6.00 63.10 -0.547 -0.039 0.361 0.831 1.220 1.606 1.781 1.678 1.651 1.494 0.396
6.00 79.43 -0.706 -0.209 0.181 0.639 1.020 1.405 1.578 1.470 1.441 1.289 0.171
6.00 100.00 -0.866 -0.382 -0.001 0.442 0.812 1.195 1.366 1.253 1.221 1.075 -0.065
6.00 125.89 -1.029 -0.558 -0.186 0.239 0.594 0.976 1.143 1.023 0.987 0.849 -0.315
6.00 158.49 -1.195 -0.737 -0.374 0.027 0.364 0.745 0.907 0.778 0.737 0.610 -0.582
6.00 199.53 -1.364 -0.920 -0.566 -0.196 0.119 0.498 0.654 0.514 0.467 0.353 -0.871
6.00 251.19 -1.539 -1.107 -0.763 -0.430 -0.144 0.232 0.381 0.227 0.173 0.075 -1.186
6.00 316.23 -1.719 -1.301 -0.967 -0.681 -0.431 -0.058 0.082 -0.089 -0.154 -0.230 -1.535
6.00 398.11 -1.906 -1.502 -1.178 -0.952 -0.746 -0.378 -0.249 -0.442 -0.519 -0.570 -1.927
6.00 501.19 -2.103 -1.713 -1.398 -1.248 -1.099 -0.735 -0.621 -0.842 -0.935 -0.952 -2.371
6.00 630.96 -2.312 -1.936 -1.631 -1.575 -1.497 -1.140 -1.044 -1.301 -1.412 -1.388 -2.882
6.00 794.33 -2.536 -2.173 -1.878 -1.942 -1.954 -1.605 -1.532 -1.832 -1.969 -1.893 -3.477
6.00 1000.00 -2.779 -2.430 -2.145 -2.359 -2.484 -2.146 -2.101 -2.457 -2.624 -2.482 -4.179
6.25 1.00 0.940 1.558 2.020 2.499 2.888 3.120 3.262 3.167 3.140 2.940 1.989
6.25 1.26 0.940 1.557 2.018 2.497 2.886 3.118 3.260 3.165 3.138 2.938 1.987
6.25 1.58 0.940 1.555 2.015 2.494 2.883 3.115 3.257 3.162 3.135 2.935 1.983
6.25 2.00 0.938 1.552 2.011 2.489 2.878 3.110 3.252 3.157 3.130 2.930 1.978
6.25 2.51 0.935 1.546 2.003 2.482 2.871 3.102 3.245 3.150 3.122 2.923 1.970
6.25 3.16 0.929 1.537 1.992 2.470 2.859 3.091 3.233 3.138 3.111 2.911 1.958
6.25 3.98 0.917 1.522 1.974 2.452 2.841 3.073 3.215 3.120 3.093 2.893 1.938
6.25 5.01 0.898 1.499 1.948 2.426 2.815 3.046 3.189 3.093 3.066 2.866 1.910
6.25 6.31 0.868 1.464 1.910 2.387 2.776 3.007 3.150 3.054 3.027 2.827 1.868
6.25 7.94 0.824 1.414 1.857 2.333 2.721 2.953 3.095 2.999 2.972 2.772 1.809
6.25 10.00 0.763 1.347 1.785 2.261 2.648 2.879 3.021 2.925 2.898 2.699 1.729
6.25 12.59 0.683 1.260 1.693 2.168 2.554 2.817 2.964 2.867 2.839 2.651 1.667
6.25 15.85 0.585 1.155 1.582 2.054 2.439 2.733 2.884 2.786 2.758 2.580 1.580
6.25 19.95 0.471 1.032 1.453 1.923 2.306 2.626 2.781 2.682 2.653 2.484 1.468
6.25 25.12 0.344 0.896 1.310 1.777 2.157 2.498 2.655 2.556 2.526 2.366 1.332
6.25 31.62 0.208 0.749 1.156 1.618 1.995 2.352 2.511 2.410 2.379 2.226 1.175
6.25 39.81 0.064 0.594 0.994 1.450 1.823 2.183 2.341 2.238 2.206 2.056 0.990
6.25 50.12 -0.085 0.434 0.826 1.275 1.642 2.001 2.158 2.052 2.019 1.872 0.789
6.25 63.10 -0.238 0.270 0.653 1.093 1.453 1.811 1.967 1.857 1.822 1.679 0.579
6.25 79.43 -0.394 0.102 0.476 0.904 1.255 1.613 1.766 1.652 1.615 1.477 0.357
6.25 100.00 -0.553 -0.069 0.296 0.709 1.049 1.406 1.556 1.437 1.396 1.265 0.123
6.25 125.89 -0.714 -0.243 0.113 0.507 0.833 1.189 1.335 1.209 1.164 1.041 -0.125
6.25 158.49 -0.879 -0.421 -0.074 0.297 0.605 0.959 1.101 0.966 0.916 0.804 -0.391
6.25 199.53 -1.047 -0.603 -0.265 0.076 0.361 0.713 0.849 0.703 0.648 0.548 -0.678
6.25 251.19 -1.220 -0.789 -0.461 -0.158 0.099 0.449 0.578 0.418 0.354 0.271 -0.992
6.25 316.23 -1.399 -0.982 -0.663 -0.407 -0.186 0.160 0.280 0.102 0.029 -0.033 -1.340
6.25 398.11 -1.586 -1.182 -0.873 -0.677 -0.501 -0.159 -0.050 -0.250 -0.335 -0.371 -1.730
6.25 501.19 -1.782 -1.391 -1.092 -0.972 -0.852 -0.515 -0.421 -0.649 -0.750 -0.753 -2.173
6.25 630.96 -1.990 -1.613 -1.324 -1.298 -1.250 -0.919 -0.843 -1.106 -1.226 -1.188 -2.683
6.25 794.33 -2.213 -1.850 -1.570 -1.664 -1.706 -1.383 -1.330 -1.637 -1.782 -1.691 -3.277
6.25 1000.00 -2.455 -2.106 -1.836 -2.080 -2.234 -1.922 -1.898 -2.260 -2.436 -2.279 -3.977
6.50 1.00 1.035 1.648 2.091 2.537 2.895 3.100 3.222 3.119 3.083 2.899 1.928
6.50 1.26 1.036 1.647 2.090 2.536 2.894 3.099 3.221 3.118 3.082 2.898 1.927
6.50 1.58 1.037 1.647 2.089 2.534 2.892 3.097 3.219 3.117 3.080 2.896 1.925
6.50 2.00 1.037 1.645 2.086 2.532 2.889 3.094 3.216 3.114 3.078 2.893 1.922
6.50 2.51 1.036 1.643 2.082 2.527 2.885 3.090 3.212 3.110 3.073 2.889 1.917
6.50 3.16 1.034 1.638 2.075 2.521 2.878 3.083 3.205 3.103 3.066 2.882 1.910
6.50 3.98 1.030 1.630 2.065 2.510 2.868 3.073 3.195 3.092 3.056 2.872 1.899
6.50 5.01 1.021 1.617 2.050 2.495 2.852 3.057 3.179 3.076 3.040 2.856 1.882
6.50 6.31 1.005 1.597 2.026 2.471 2.828 3.033 3.155 3.052 3.015 2.832 1.856
6.50 7.94 0.979 1.566 1.992 2.436 2.793 2.997 3.119 3.016 2.980 2.796 1.817
6.50 10.00 0.940 1.522 1.943 2.386 2.743 2.947 3.069 2.966 2.929 2.746 1.763
6.50 12.59 0.885 1.460 1.876 2.319 2.674 2.887 3.009 2.906 2.869 2.689 1.699
6.50 15.85 0.812 1.379 1.790 2.231 2.585 2.826 2.953 2.849 2.812 2.641 1.637
6.50 19.95 0.721 1.279 1.684 2.123 2.475 2.745 2.875 2.770 2.732 2.571 1.553
6.50 25.12 0.612 1.162 1.560 1.995 2.345 2.640 2.774 2.668 2.629 2.477 1.442
6.50 31.62 0.489 1.029 1.421 1.852 2.198 2.514 2.650 2.542 2.503 2.359 1.307
6.50 39.81 0.356 0.885 1.269 1.695 2.037 2.368 2.506 2.396 2.355 2.219 1.149
6.50 50.12 0.214 0.732 1.109 1.527 1.864 2.197 2.334 2.221 2.179 2.047 0.961
6.50 63.10 0.066 0.573 0.942 1.351 1.681 2.013 2.148 2.032 1.988 1.860 0.757
6.50 79.43 -0.086 0.409 0.769 1.166 1.488 1.819 1.952 1.832 1.785 1.662 0.539
6.50 100.00 -0.242 0.241 0.592 0.974 1.285 1.615 1.745 1.619 1.570 1.453 0.309
6.50 125.89 -0.401 0.069 0.411 0.775 1.071 1.400 1.526 1.394 1.341 1.232 0.063
6.50 158.49 -0.564 -0.107 0.226 0.566 0.844 1.172 1.294 1.152 1.094 0.996 -0.200
6.50 199.53 -0.731 -0.287 0.037 0.347 0.603 0.928 1.044 0.892 0.827 0.743 -0.486
6.50 251.19 -0.903 -0.472 -0.158 0.114 0.342 0.665 0.774 0.607 0.535 0.467 -0.798
6.50 316.23 -1.081 -0.663 -0.359 -0.134 0.058 0.377 0.477 0.293 0.212 0.164 -1.145
6.50 398.11 -1.266 -0.862 -0.568 -0.402 -0.256 0.060 0.148 -0.058 -0.152 -0.173 -1.533
6.50 501.19 -1.461 -1.071 -0.786 -0.696 -0.606 -0.295 -0.222 -0.456 -0.565 -0.553 -1.975
6.50 630.96 -1.668 -1.292 -1.017 -1.021 -1.002 -0.698 -0.643 -0.912 -1.040 -0.987 -2.484
6.50 794.33 -1.890 -1.528 -1.262 -1.386 -1.457 -1.161 -1.129 -1.442 -1.595 -1.489 -3.077
6.50 1000.00 -2.131 -1.782 -1.527 -1.801 -1.985 -1.700 -1.696 -2.064 -2.248 -2.077 -3.776
6.75 1.00 1.130 1.737 2.164 2.576 2.902 3.080 3.181 3.071 3.025 2.857 1.866
6.75 1.26 1.131 1.737 2.163 2.575 2.901 3.079 3.180 3.070 3.025 2.856 1.865
6.75 1.58 1.133 1.737 2.162 2.574 2.900 3.078 3.179 3.069 3.024 2.855 1.864
6.75 2.00 1.134 1.737 2.161 2.573 2.899 3.077 3.178 3.068 3.022 2.854 1.863
6.75 2.51 1.135 1.736 2.158 2.570 2.896 3.074 3.175 3.065 3.020 2.851 1.860
6.75 3.16 1.135 1.734 2.155 2.566 2.892 3.070 3.171 3.061 3.016 2.848 1.856
6.75 3.98 1.135 1.730 2.149 2.561 2.886 3.064 3.165 3.055 3.010 2.842 1.849
6.75 5.01 1.132 1.724 2.140 2.551 2.877 3.055 3.156 3.046 3.000 2.832 1.839
6.75 6.31 1.125 1.713 2.126 2.537 2.863 3.041 3.141 3.031 2.986 2.818 1.824
6.75 7.94 1.112 1.695 2.105 2.516 2.841 3.019 3.120 3.009 2.964 2.796 1.800
6.75 10.00 1.091 1.668 2.074 2.484 2.809 2.987 3.087 2.977 2.931 2.763 1.765
6.75 12.59 1.057 1.628 2.029 2.439 2.763 2.940 3.041 2.930 2.884 2.717 1.715
6.75 15.85 1.008 1.572 1.968 2.376 2.699 2.893 2.996 2.884 2.838 2.677 1.666
6.75 19.95 0.941 1.497 1.887 2.293 2.615 2.835 2.941 2.829 2.782 2.630 1.606
6.75 25.12 0.855 1.403 1.787 2.190 2.509 2.755 2.865 2.752 2.704 2.561 1.523
6.75 31.62 0.752 1.290 1.667 2.066 2.383 2.652 2.765 2.650 2.602 2.468 1.413
6.75 39.81 0.634 1.162 1.532 1.925 2.238 2.527 2.642 2.525 2.476 2.350 1.278
6.75 50.12 0.503 1.021 1.383 1.770 2.077 2.381 2.497 2.378 2.327 2.210 1.119
6.75 63.10 0.364 0.870 1.224 1.602 1.902 2.208 2.322 2.200 2.147 2.034 0.927
6.75 79.43 0.218 0.712 1.058 1.424 1.715 2.020 2.133 2.006 1.951 1.843 0.717
6.75 100.00 0.066 0.548 0.885 1.237 1.517 1.821 1.930 1.798 1.740 1.639 0.491
6.75 125.89 -0.091 0.379 0.707 1.040 1.307 1.609 1.715 1.576 1.514 1.421 0.249
6.75 158.49 -0.251 0.205 0.524 0.834 1.083 1.384 1.485 1.337 1.271 1.187 -0.011
6.75 199.53 -0.417 0.027 0.337 0.617 0.843 1.142 1.237 1.079 1.006 0.936 -0.295
6.75 251.19 -0.587 -0.157 0.144 0.386 0.584 0.880 0.969 0.796 0.716 0.662 -0.605
6.75 316.23 -0.764 -0.347 -0.056 0.139 0.301 0.594 0.674 0.483 0.393 0.360 -0.950
6.75 398.11 -0.948 -0.545 -0.263 -0.128 -0.011 0.278 0.346 0.134 0.031 0.024 -1.337
6.75 501.19 -1.142 -0.752 -0.481 -0.421 -0.360 -0.076 -0.023 -0.263 -0.381 -0.354 -1.778
6.75 630.96 -1.348 -0.972 -0.710 -0.745 -0.755 -0.478 -0.443 -0.718 -0.855 -0.787 -2.286
6.75 794.33 -1.569 -1.206 -0.954 -1.108 -1.209 -0.940 -0.927 -1.246 -1.408 -1.288 -2.878
6.75 1000.00 -1.809 -1.460 -1.218 -1.522 -1.736 -1.477 -1.493 -1.868 -2.061 -1.875 -3.576
7.00 1.00 1.226 1.827 2.237 2.614 2.907 3.059 3.139 3.021 2.966 2.814 1.802
7.00 1.26 1.227 1.828 2.237 2.614 2.907 3.058 3.138 3.020 2.965 2.814 1.802
7.00 1.58 1.229 1.828 2.236 2.614 2.907 3.058 3.138 3.020 2.965 2.813 1.801
7.00 2.00 1.230 1.828 2.236 2.613 2.906 3.057 3.137 3.019 2.964 2.812 1.800
7.00 2.51 1.232 1.828 2.234 2.611 2.904 3.055 3.135 3.017 2.962 2.811 1.799
7.00 3.16 1.234 1.828 2.232 2.609 2.902 3.053 3.133 3.015 2.960 2.809 1.796
7.00 3.98 1.235 1.826 2.229 2.606 2.899 3.050 3.130 3.012 2.957 2.805 1.793
7.00 5.01 1.236 1.823 2.224 2.601 2.893 3.044 3.124 3.006 2.951 2.800 1.787
7.00 6.31 1.234 1.818 2.216 2.592 2.885 3.036 3.116 2.998 2.943 2.791 1.778
7.00 7.94 1.230 1.809 2.203 2.580 2.872 3.023 3.103 2.985 2.930 2.778 1.764
7.00 10.00 1.220 1.794 2.185 2.560 2.852 3.003 3.083 2.965 2.909 2.758 1.742
7.00 12.59 1.202 1.770 2.157 2.532 2.823 2.974 3.054 2.935 2.880 2.729 1.710
7.00 15.85 1.173 1.735 2.116 2.490 2.781 2.936 3.016 2.897 2.842 2.693 1.670
7.00 19.95 1.130 1.684 2.060 2.432 2.721 2.897 2.980 2.860 2.804 2.663 1.630
7.00 25.12 1.069 1.614 1.984 2.354 2.641 2.841 2.927 2.806 2.749 2.616 1.571
7.00 31.62 0.989 1.526 1.889 2.255 2.540 2.763 2.852 2.730 2.673 2.548 1.489
7.00 39.81 0.892 1.418 1.774 2.136 2.417 2.662 2.753 2.630 2.571 2.456 1.380
7.00 50.12 0.778 1.293 1.642 1.997 2.273 2.537 2.631 2.504 2.445 2.338 1.245
7.00 63.10 0.650 1.155 1.496 1.843 2.112 2.391 2.485 2.355 2.294 2.196 1.084
7.00 79.43 0.513 1.006 1.339 1.674 1.935 2.213 2.305 2.172 2.108 2.015 0.885
7.00 100.00 0.368 0.849 1.173 1.494 1.744 2.021 2.110 1.971 1.905 1.818 0.667
7.00 125.89 0.216 0.684 1.000 1.302 1.538 1.814 1.900 1.754 1.684 1.605 0.431
7.00 158.49 0.058 0.514 0.821 1.099 1.318 1.593 1.674 1.519 1.444 1.376 0.174
7.00 199.53 -0.105 0.339 0.636 0.885 1.081 1.354 1.429 1.264 1.182 1.127 -0.106
7.00 251.19 -0.273 0.157 0.445 0.656 0.824 1.094 1.162 0.983 0.894 0.855 -0.414
7.00 316.23 -0.448 -0.032 0.247 0.411 0.544 0.810 0.869 0.673 0.574 0.556 -0.757
7.00 398.11 -0.632 -0.228 0.041 0.145 0.233 0.495 0.543 0.324 0.213 0.221 -1.143
7.00 501.19 -0.824 -0.434 -0.175 -0.146 -0.115 0.143 0.176 -0.071 -0.197 -0.156 -1.582
7.00 630.96 -1.029 -0.653 -0.404 -0.469 -0.509 -0.258 -0.243 -0.524 -0.670 -0.588 -2.088
7.00 794.33 -1.249 -0.886 -0.647 -0.831 -0.961 -0.719 -0.726 -1.052 -1.222 -1.088 -2.679
7.00 1000.00 -1.488 -1.139 -0.910 -1.244 -1.487 -1.255 -1.291 -1.672 -1.873 -1.673 -3.375
7.25 1.00 1.322 1.917 2.312 2.653 2.912 3.036 3.094 2.968 2.903 2.769 1.735
7.25 1.26 1.323 1.918 2.312 2.653 2.911 3.036 3.094 2.968 2.903 2.769 1.735
7.25 1.58 1.325 1.918 2.312 2.652 2.911 3.035 3.094 2.967 2.902 2.768 1.735
7.25 2.00 1.327 1.919 2.311 2.652 2.911 3.035 3.093 2.967 2.902 2.768 1.734
7.25 2.51 1.329 1.919 2.310 2.651 2.910 3.034 3.093 2.966 2.901 2.767 1.733
7.25 3.16 1.331 1.920 2.309 2.650 2.909 3.033 3.091 2.965 2.900 2.766 1.732
7.25 3.98 1.333 1.920 2.307 2.648 2.907 3.031 3.089 2.963 2.898 2.764 1.730
7.25 5.01 1.336 1.919 2.305 2.645 2.904 3.028 3.086 2.960 2.895 2.761 1.726
7.25 6.31 1.337 1.917 2.300 2.640 2.899 3.023 3.081 2.955 2.890 2.756 1.721
7.25 7.94 1.337 1.913 2.293 2.633 2.891 3.015 3.074 2.947 2.882 2.748 1.713
7.25 10.00 1.335 1.905 2.282 2.622 2.880 3.004 3.062 2.935 2.870 2.736 1.700
7.25 12.59 1.328 1.892 2.265 2.604 2.862 2.986 3.044 2.917 2.852 2.718 1.680
7.25 15.85 1.314 1.872 2.240 2.578 2.835 2.962 3.020 2.893 2.828 2.695 1.655
7.25 19.95 1.289 1.840 2.203 2.540 2.796 2.936 2.997 2.869 2.803 2.676 1.629
7.25 25.12 1.251 1.794 2.151 2.486 2.740 2.899 2.961 2.832 2.766 2.645 1.589
7.25 31.62 1.196 1.730 2.081 2.413 2.665 2.844 2.909 2.779 2.712 2.599 1.531
7.25 39.81 1.122 1.647 1.991 2.318 2.567 2.768 2.835 2.704 2.636 2.532 1.450
7.25 50.12 1.030 1.544 1.881 2.202 2.447 2.668 2.738 2.604 2.535 2.440 1.342
7.25 63.10 0.920 1.424 1.753 2.066 2.304 2.543 2.614 2.478 2.407 2.321 1.205
7.25 79.43 0.796 1.288 1.609 1.912 2.142 2.393 2.465 2.324 2.251 2.174 1.038
7.25 100.00 0.661 1.141 1.453 1.742 1.961 2.212 2.281 2.135 2.059 1.988 0.832
7.25 125.89 0.516 0.984 1.287 1.558 1.764 2.013 2.078 1.926 1.847 1.783 0.605
7.25 158.49 0.363 0.819 1.113 1.361 1.549 1.797 1.858 1.697 1.613 1.559 0.355
7.25 199.53 0.204 0.647 0.932 1.150 1.317 1.562 1.617 1.445 1.355 1.315 0.079
7.25 251.19 0.038 0.468 0.744 0.925 1.063 1.306 1.354 1.168 1.071 1.046 -0.225
7.25 316.23 -0.135 0.281 0.548 0.682 0.784 1.024 1.063 0.860 0.753 0.749 -0.566
7.25 398.11 -0.317 0.087 0.344 0.418 0.476 0.712 0.739 0.514 0.394 0.417 -0.949
7.25 501.19 -0.508 -0.118 0.129 0.128 0.130 0.361 0.373 0.121 -0.014 0.041 -1.386
7.25 630.96 -0.712 -0.335 -0.098 -0.193 -0.263 -0.039 -0.044 -0.332 -0.486 -0.389 -1.891
7.25 794.33 -0.930 -0.568 -0.340 -0.554 -0.714 -0.498 -0.526 -0.858 -1.037 -0.888 -2.480
7.25 1000.00 -1.168 -0.820 -0.601 -0.966 -1.239 -1.033 -1.090 -1.477 -1.687 -1.472 -3.176
7.50 1.00 1.418 2.008 2.388 2.690 2.913 3.010 3.047 2.911 2.836 2.720 1.663
7.50 1.26 1.419 2.008 2.388 2.690 2.913 3.010 3.047 2.911 2.836 2.720 1.663
7.50 1.58 1.421 2.009 2.388 2.690 2.913 3.010 3.046 2.911 2.835 2.719 1.663
7.50 2.00 1.422 2.009 2.387 2.689 2.912 3.009 3.046 2.910 2.835 2.719 1.663
7.50 2.51 1.425 2.010 2.387 2.689 2.912 3.009 3.046 2.910 2.835 2.719 1.662
7.50 3.16 1.427 2.011 2.386 2.688 2.911 3.008 3.045 2.909 2.834 2.718 1.661
7.50 3.98 1.430 2.011 2.385 2.687 2.910 3.007 3.044 2.908 2.833 2.717 1.660
7.50 5.01 1.433 2.012 2.384 2.686 2.908 3.005 3.042 2.906 2.831 2.715 1.658
7.50 6.31 1.436 2.011 2.381 2.683 2.906 3.003 3.039 2.903 2.828 2.712 1.655
7.50 7.94 1.439 2.010 2.377 2.679 2.901 2.998 3.035 2.899 2.824 2.708 1.650
7.50 10.00 1.441 2.007 2.371 2.672 2.894 2.991 3.028 2.892 2.817 2.701 1.643
7.50 12.59 1.440 2.001 2.361 2.662 2.884 2.984 3.021 2.885 2.809 2.695 1.635
7.50 15.85 1.435 1.990 2.346 2.646 2.868 2.974 3.011 2.875 2.799 2.687 1.624
7.50 19.95 1.424 1.973 2.323 2.622 2.843 2.958 2.996 2.859 2.784 2.675 1.608
7.50 25.12 1.404 1.945 2.290 2.587 2.807 2.933 2.973 2.836 2.760 2.655 1.582
7.50 31.62 1.371 1.903 2.242 2.537 2.755 2.896 2.938 2.800 2.723 2.624 1.543
7.50 39.81 1.322 1.845 2.177 2.468 2.683 2.842 2.887 2.747 2.669 2.578 1.485
7.50 50.12 1.254 1.767 2.092 2.378 2.589 2.768 2.814 2.672 2.594 2.510 1.404
7.50 63.10 1.167 1.669 1.986 2.265 2.470 2.668 2.716 2.571 2.492 2.417 1.295
7.50 79.43 1.061 1.552 1.862 2.131 2.328 2.543 2.591 2.443 2.361 2.296 1.155
7.50 100.00 0.940 1.420 1.721 1.976 2.164 2.388 2.436 2.282 2.198 2.142 0.981
7.50 125.89 0.806 1.273 1.566 1.804 1.979 2.201 2.246 2.086 1.998 1.950 0.766
7.50 158.49 0.661 1.116 1.400 1.615 1.773 1.994 2.034 1.866 1.773 1.735 0.526
7.50 199.53 0.507 0.950 1.225 1.411 1.547 1.766 1.800 1.621 1.522 1.497 0.258
7.50 251.19 0.345 0.775 1.040 1.190 1.298 1.514 1.541 1.349 1.242 1.233 -0.041
7.50 316.23 0.175 0.591 0.848 0.950 1.023 1.236 1.254 1.044 0.928 0.940 -0.378
7.50 398.11 -0.004 0.399 0.646 0.689 0.717 0.926 0.933 0.701 0.573 0.610 -0.758
7.50 501.19 -0.194 0.196 0.433 0.401 0.373 0.577 0.570 0.310 0.167 0.237 -1.193
7.50 630.96 -0.396 -0.020 0.208 0.081 -0.018 0.180 0.154 -0.140 -0.303 -0.192 -1.695
7.50 794.33 -0.613 -0.251 -0.033 -0.278 -0.468 -0.278 -0.326 -0.665 -0.852 -0.688 -2.283
7.50 1000.00 -0.850 -0.501 -0.294 -0.689 -0.991 -0.812 -0.889 -1.282 -1.501 -1.271 -2.977
7.75 1.00 1.513 2.098 2.464 2.725 2.910 2.992 3.008 2.862 2.776 2.683 1.599
7.75 1.26 1.515 2.098 2.464 2.725 2.910 2.992 3.008 2.862 2.776 2.683 1.599
7.75 1.58 1.516 2.099 2.464 2.725 2.910 2.992 3.008 2.861 2.776 2.683 1.599
7.75 2.00 1.518 2.099 2.464 2.724 2.910 2.992 3.008 2.861 2.775 2.683 1.599
7.75 2.51 1.520 2.100 2.464 2.724 2.909 2.991 3.008 2.861 2.775 2.683 1.599
7.75 3.16 1.523 2.101 2.463 2.724 2.909 2.991 3.007 2.861 2.775 2.682 1.598
7.75 3.98 1.526 2.102 2.463 2.723 2.908 2.991 3.007 2.861 2.775 2.682 1.598
7.75 5.01 1.529 2.103 2.462 2.722 2.907 2.990 3.006 2.860 2.774 2.682 1.597
7.75 6.31 1.533 2.103 2.460 2.721 2.906 2.989 3.005 2.859 2.773 2.681 1.596
7.75 7.94 1.537 2.104 2.458 2.718 2.903 2.987 3.004 2.857 2.771 2.679 1.594
7.75 10.00 1.541 2.103 2.454 2.714 2.899 2.985 3.001 2.855 2.769 2.677 1.592
7.75 12.59 1.544 2.101 2.449 2.708 2.893 2.981 2.998 2.851 2.765 2.674 1.587
7.75 15.85 1.545 2.096 2.440 2.699 2.883 2.974 2.991 2.844 2.758 2.669 1.580
7.75 19.95 1.542 2.088 2.427 2.685 2.868 2.964 2.982 2.835 2.748 2.661 1.570
7.75 25.12 1.535 2.072 2.406 2.663 2.845 2.948 2.967 2.819 2.733 2.648 1.553
7.75 31.62 1.518 2.048 2.376 2.631 2.812 2.924 2.944 2.796 2.709 2.628 1.527
7.75 39.81 1.490 2.011 2.332 2.584 2.763 2.888 2.909 2.760 2.672 2.597 1.488
7.75 50.12 1.446 1.957 2.271 2.519 2.694 2.835 2.858 2.707 2.618 2.550 1.431
7.75 63.10 1.383 1.884 2.191 2.432 2.603 2.761 2.785 2.632 2.542 2.481 1.349
7.75 79.43 1.301 1.791 2.090 2.323 2.486 2.661 2.687 2.530 2.438 2.387 1.238
7.75 100.00 1.200 1.678 1.970 2.189 2.344 2.534 2.559 2.398 2.303 2.263 1.094
7.75 125.89 1.081 1.548 1.831 2.034 2.176 2.372 2.395 2.227 2.130 2.098 0.908
7.75 158.49 0.948 1.403 1.677 1.858 1.984 2.178 2.197 2.021 1.919 1.897 0.683
7.75 199.53 0.803 1.245 1.510 1.663 1.767 1.960 1.973 1.787 1.679 1.670 0.426
7.75 251.19 0.647 1.076 1.332 1.449 1.526 1.715 1.722 1.523 1.407 1.414 0.135
7.75 316.23 0.482 0.897 1.144 1.214 1.256 1.443 1.441 1.224 1.099 1.126 -0.195
7.75 398.11 0.306 0.708 0.945 0.957 0.954 1.137 1.123 0.885 0.748 0.800 -0.571
7.75 501.19 0.118 0.508 0.735 0.672 0.613 0.791 0.763 0.497 0.345 0.430 -1.002
7.75 630.96 -0.082 0.294 0.512 0.355 0.225 0.396 0.350 0.049 -0.123 0.004 -1.502
7.75 794.33 -0.298 0.064 0.273 -0.004 -0.223 -0.060 -0.128 -0.473 -0.670 -0.491 -2.087
7.75 1000.00 -0.533 -0.185 0.014 -0.412 -0.744 -0.592 -0.689 -1.089 -1.316 -1.072 -2.779
8.00 1.00 1.608 2.186 2.540 2.756 2.900 2.975 2.971 2.812 2.715 2.650 1.534
8.00 1.26 1.609 2.187 2.540 2.756 2.900 2.975 2.971 2.812 2.715 2.650 1.534
8.00 1.58 1.610 2.187 2.540 2.756 2.900 2.974 2.971 2.812 2.715 2.650 1.534
8.00 2.00 1.612 2.188 2.540 2.756 2.900 2.974 2.971 2.812 2.715 2.649 1.534
8.00 2.51 1.614 2.189 2.540 2.755 2.900 2.974 2.970 2.812 2.715 2.649 1.534
8.00 3.16 1.617 2.190 2.540 2.755 2.899 2.974 2.970 2.812 2.714 2.649 1.534
8.00 3.98 1.620 2.191 2.540 2.755 2.899 2.974 2.970 2.812 2.714 2.649 1.533
8.00 5.01 1.623 2.192 2.539 2.754 2.898 2.973 2.970 2.811 2.714 2.649 1.533
8.00 6.31 1.627 2.193 2.538 2.753 2.898 2.973 2.969 2.811 2.713 2.648 1.532
8.00 7.94 1.632 2.194 2.537 2.752 2.896 2.972 2.968 2.810 2.712 2.647 1.531
8.00 10.00 1.637 2.195 2.535 2.750 2.894 2.970 2.967 2.808 2.710 2.646 1.529
8.00 12.59 1.641 2.195 2.532 2.746 2.890 2.968 2.964 2.805 2.708 2.644 1.526
8.00 15.85 1.646 2.194 2.527 2.741 2.884 2.964 2.960 2.801 2.704 2.640 1.522
8.00 19.95 1.648 2.191 2.519 2.732 2.875 2.957 2.954 2.795 2.697 2.635 1.515
8.00 25.12 1.648 2.183 2.507 2.719 2.861 2.947 2.945 2.785 2.687 2.627 1.504
8.00 31.62 1.643 2.171 2.488 2.699 2.840 2.932 2.930 2.770 2.671 2.613 1.487
8.00 39.81 1.630 2.149 2.461 2.669 2.808 2.908 2.907 2.746 2.647 2.592 1.461
8.00 50.12 1.606 2.116 2.420 2.625 2.762 2.872 2.872 2.710 2.610 2.561 1.422
8.00 63.10 1.567 2.066 2.364 2.564 2.696 2.820 2.820 2.656 2.556 2.512 1.364
8.00 79.43 1.510 1.998 2.289 2.480 2.607 2.745 2.747 2.580 2.478 2.443 1.280
8.00 100.00 1.433 1.910 2.192 2.373 2.491 2.644 2.646 2.475 2.371 2.345 1.166
8.00 125.89 1.335 1.801 2.075 2.240 2.347 2.513 2.515 2.338 2.230 2.216 1.016
8.00 158.49 1.219 1.673 1.938 2.083 2.174 2.342 2.339 2.155 2.043 2.039 0.815
8.00 199.53 1.087 1.528 1.784 1.902 1.973 2.138 2.131 1.937 1.819 1.826 0.575
8.00 251.19 0.941 1.369 1.616 1.699 1.743 1.906 1.891 1.684 1.559 1.582 0.297
8.00 316.23 0.782 1.197 1.435 1.472 1.482 1.641 1.618 1.394 1.260 1.303 -0.023
8.00 398.11 0.610 1.013 1.241 1.220 1.186 1.342 1.308 1.062 0.916 0.984 -0.391
8.00 501.19 0.427 0.816 1.035 0.939 0.850 1.000 0.952 0.679 0.517 0.618 -0.817
8.00 630.96 0.229 0.605 0.814 0.625 0.465 0.609 0.543 0.235 0.054 0.196 -1.313
8.00 794.33 0.015 0.377 0.577 0.270 0.020 0.156 0.067 -0.285 -0.490 -0.296 -1.895
8.00 1000.00 -0.218 0.130 0.320 -0.137 -0.499 -0.373 -0.491 -0.898 -1.134 -0.874 -2.584
