AtkinsonBoore2003SSlabCascadia as implemented in OpenQuake, distance is rrup. Log10 hazard values in cgs units
          14 31 10 : nmag, ndist, nperiod
          10.000 5.000 3.000 2.000 1.000 0.400 0.200 0.100 0.040 PGA PGV
          0.691 0.691 0.691 0.691 0.668 0.645 0.645 0.645 0.576 0.622 0.576
4.75 1.00 0.432 1.158 1.813 2.519 3.239 3.181 3.446 3.391 3.416 3.126 2.284
4.75 1.26 0.387 1.111 1.765 2.471 3.191 3.132 3.397 3.342 3.367 3.077 2.232
4.75 1.58 0.326 1.047 1.699 2.404 3.125 3.066 3.331 3.276 3.301 3.011 2.161
4.75 2.00 0.245 0.964 1.613 2.318 3.038 2.979 3.244 3.189 3.214 2.924 2.068
4.75 2.51 0.145 0.860 1.507 2.211 2.931 2.872 3.137 3.082 3.107 2.817 1.953
4.75 3.16 0.028 0.738 1.381 2.086 2.805 2.755 3.017 2.960 2.985 2.698 1.823
4.75 3.98 -0.104 0.600 1.240 1.944 2.663 2.743 2.960 2.887 2.911 2.655 1.744
4.75 5.01 -0.248 0.451 1.087 1.790 2.509 2.689 2.872 2.785 2.809 2.577 1.635
4.75 6.31 -0.398 0.294 0.925 1.627 2.345 2.600 2.757 2.659 2.684 2.469 1.501
4.75 7.94 -0.554 0.131 0.757 1.458 2.175 2.482 2.621 2.516 2.540 2.339 1.347
4.75 10.00 -0.712 -0.036 0.584 1.283 1.999 2.320 2.454 2.347 2.371 2.173 1.166
4.75 12.59 -0.872 -0.205 0.408 1.106 1.820 2.141 2.275 2.167 2.190 1.994 0.973
4.75 15.85 -1.033 -0.376 0.231 0.926 1.639 1.959 2.092 1.984 2.007 1.811 0.776
4.75 19.95 -1.194 -0.547 0.051 0.744 1.454 1.775 1.907 1.797 1.820 1.625 0.576
4.75 25.12 -1.356 -0.720 -0.129 0.560 1.267 1.587 1.719 1.608 1.630 1.437 0.373
4.75 31.62 -1.517 -0.893 -0.310 0.374 1.078 1.397 1.528 1.415 1.436 1.245 0.166
4.75 39.81 -1.679 -1.067 -0.493 0.185 0.885 1.204 1.334 1.219 1.238 1.050 -0.046
4.75 50.12 -1.842 -1.242 -0.676 -0.006 0.688 1.007 1.135 1.017 1.035 0.850 -0.263
4.75 63.10 -2.005 -1.417 -0.861 -0.200 0.486 0.805 0.931 0.810 0.826 0.645 -0.488
4.75 79.43 -2.169 -1.595 -1.048 -0.399 0.279 0.596 0.721 0.595 0.608 0.433 -0.720
4.75 100.00 -2.335 -1.774 -1.236 -0.602 0.064 0.381 0.502 0.371 0.381 0.212 -0.963
4.75 125.89 -2.503 -1.955 -1.427 -0.812 -0.160 0.155 0.273 0.135 0.141 -0.019 -1.220
4.75 158.49 -2.674 -2.140 -1.621 -1.030 -0.395 -0.082 0.031 -0.116 -0.114 -0.264 -1.493
4.75 199.53 -2.849 -2.328 -1.819 -1.257 -0.646 -0.334 -0.227 -0.385 -0.390 -0.526 -1.788
4.75 251.19 -3.028 -2.520 -2.021 -1.498 -0.914 -0.605 -0.505 -0.677 -0.690 -0.810 -2.109
4.75 316.23 -3.213 -2.719 -2.230 -1.754 -1.206 -0.900 -0.809 -0.999 -1.021 -1.121 -2.464
4.75 398.11 -3.406 -2.925 -2.446 -2.029 -1.527 -1.225 -1.146 -1.358 -1.392 -1.465 -2.860
4.75 501.19 -3.608 -3.141 -2.671 -2.330 -1.884 -1.588 -1.523 -1.763 -1.813 -1.853 -3.310
4.75 630.96 -3.821 -3.369 -2.909 -2.663 -2.288 -1.998 -1.951 -2.226 -2.295 -2.294 -3.827
4.75 794.33 -4.050 -3.612 -3.162 -3.035 -2.750 -2.469 -2.444 -2.763 -2.857 -2.804 -4.428
4.75 1000.00 -4.298 -3.874 -3.434 -3.457 -3.285 -3.014 -3.018 -3.393 -3.518 -3.398 -5.135
5.00 1.00 0.558 1.279 1.910 2.585 3.276 3.191 3.436 3.374 3.391 3.115 2.257
5.00 1.26 0.531 1.250 1.880 2.555 3.245 3.160 3.405 3.343 3.360 3.085 2.224
5.00 1.58 0.492 1.208 1.836 2.511 3.201 3.116 3.361 3.299 3.316 3.041 2.177
5.00 2.00 0.436 1.150 1.776 2.450 3.140 3.055 3.300 3.238 3.255 2.980 2.112
5.00 2.51 0.362 1.072 1.695 2.370 3.060 2.974 3.219 3.157 3.174 2.899 2.025
5.00 3.16 0.268 0.974 1.595 2.269 2.959 2.873 3.118 3.056 3.072 2.797 1.916
5.00 3.98 0.157 0.858 1.475 2.148 2.838 2.776 3.013 2.948 2.964 2.695 1.800
5.00 5.01 0.030 0.725 1.338 2.011 2.700 2.761 2.956 2.874 2.890 2.651 1.722
5.00 6.31 -0.109 0.580 1.189 1.861 2.549 2.707 2.868 2.773 2.789 2.573 1.614
5.00 7.94 -0.256 0.426 1.030 1.700 2.388 2.618 2.754 2.649 2.665 2.466 1.481
5.00 10.00 -0.408 0.266 0.863 1.533 2.219 2.500 2.619 2.507 2.522 2.336 1.328
5.00 12.59 -0.564 0.101 0.692 1.360 2.045 2.339 2.452 2.338 2.353 2.171 1.147
5.00 15.85 -0.722 -0.067 0.518 1.183 1.867 2.161 2.273 2.158 2.173 1.992 0.954
5.00 19.95 -0.881 -0.236 0.341 1.004 1.685 1.978 2.091 1.975 1.989 1.809 0.757
5.00 25.12 -1.041 -0.407 0.163 0.822 1.500 1.793 1.905 1.787 1.800 1.622 0.556
5.00 31.62 -1.202 -0.578 -0.017 0.637 1.312 1.605 1.716 1.596 1.608 1.432 0.350
5.00 39.81 -1.363 -0.751 -0.198 0.450 1.120 1.413 1.523 1.401 1.412 1.239 0.140
5.00 50.12 -1.524 -0.925 -0.380 0.260 0.925 1.217 1.325 1.201 1.210 1.040 -0.076
5.00 63.10 -1.686 -1.099 -0.564 0.067 0.724 1.016 1.122 0.995 1.002 0.836 -0.299
5.00 79.43 -1.850 -1.276 -0.749 -0.130 0.518 0.809 0.913 0.781 0.786 0.625 -0.530
5.00 100.00 -2.015 -1.454 -0.937 -0.333 0.304 0.594 0.695 0.558 0.560 0.405 -0.772
5.00 125.89 -2.182 -1.634 -1.126 -0.541 0.082 0.370 0.468 0.323 0.321 0.175 -1.028
5.00 158.49 -2.352 -1.817 -1.319 -0.758 -0.153 0.134 0.227 0.073 0.066 -0.069 -1.300
5.00 199.53 -2.525 -2.004 -1.516 -0.985 -0.402 -0.117 -0.030 -0.195 -0.208 -0.330 -1.593
5.00 251.19 -2.704 -2.196 -1.717 -1.224 -0.670 -0.388 -0.308 -0.486 -0.507 -0.613 -1.913
5.00 316.23 -2.888 -2.394 -1.925 -1.479 -0.961 -0.682 -0.611 -0.807 -0.837 -0.922 -2.267
5.00 398.11 -3.079 -2.599 -2.140 -1.754 -1.280 -1.006 -0.946 -1.164 -1.207 -1.266 -2.663
5.00 501.19 -3.280 -2.814 -2.364 -2.053 -1.637 -1.367 -1.322 -1.568 -1.627 -1.652 -3.111
5.00 630.96 -3.493 -3.041 -2.601 -2.385 -2.040 -1.776 -1.750 -2.031 -2.108 -2.093 -3.627
5.00 794.33 -3.721 -3.282 -2.853 -2.756 -2.501 -2.246 -2.242 -2.567 -2.669 -2.601 -4.227
5.00 1000.00 -3.968 -3.543 -3.124 -3.177 -3.035 -2.790 -2.815 -3.195 -3.328 -3.195 -4.932
5.25 1.00 0.670 1.385 1.994 2.638 3.299 3.187 3.411 3.343 3.351 3.091 2.215
5.25 1.26 0.655 1.368 1.975 2.620 3.280 3.168 3.393 3.325 3.333 3.072 2.195
5.25 1.58 0.631 1.343 1.948 2.592 3.253 3.141 3.365 3.297 3.305 3.045 2.166
5.25 2.00 0.596 1.305 1.908 2.552 3.213 3.101 3.325 3.257 3.265 3.005 2.123
5.25 2.51 0.546 1.252 1.853 2.496 3.157 3.045 3.269 3.201 3.209 2.949 2.063
5.25 3.16 0.478 1.180 1.778 2.422 3.082 2.970 3.194 3.126 3.134 2.874 1.982
5.25 3.98 0.391 1.089 1.684 2.327 2.987 2.875 3.099 3.030 3.038 2.778 1.880
5.25 5.01 0.286 0.978 1.569 2.212 2.871 2.797 3.008 2.935 2.942 2.692 1.777
5.25 6.31 0.165 0.851 1.438 2.079 2.738 2.780 2.951 2.862 2.869 2.646 1.699
5.25 7.94 0.031 0.710 1.292 1.932 2.590 2.725 2.864 2.762 2.770 2.569 1.592
5.25 10.00 -0.112 0.559 1.136 1.775 2.432 2.636 2.751 2.640 2.646 2.463 1.461
5.25 12.59 -0.262 0.401 0.972 1.609 2.264 2.520 2.617 2.498 2.505 2.334 1.309
5.25 15.85 -0.416 0.238 0.802 1.437 2.091 2.359 2.451 2.330 2.336 2.169 1.128
5.25 19.95 -0.572 0.072 0.629 1.261 1.913 2.180 2.272 2.150 2.155 1.990 0.935
5.25 25.12 -0.729 -0.096 0.454 1.082 1.731 1.998 2.089 1.965 1.970 1.806 0.737
5.25 31.62 -0.888 -0.266 0.276 0.900 1.545 1.811 1.902 1.776 1.780 1.619 0.534
5.25 39.81 -1.047 -0.437 0.097 0.714 1.355 1.621 1.711 1.583 1.585 1.426 0.325
5.25 50.12 -1.208 -0.609 -0.084 0.526 1.161 1.427 1.515 1.384 1.385 1.229 0.111
5.25 63.10 -1.369 -0.782 -0.267 0.334 0.962 1.227 1.313 1.179 1.178 1.027 -0.110
5.25 79.43 -1.531 -0.958 -0.451 0.138 0.757 1.021 1.105 0.967 0.963 0.817 -0.340
5.25 100.00 -1.695 -1.135 -0.637 -0.063 0.544 0.808 0.889 0.745 0.738 0.598 -0.581
5.25 125.89 -1.862 -1.314 -0.826 -0.271 0.323 0.585 0.662 0.511 0.500 0.369 -0.836
5.25 158.49 -2.031 -1.496 -1.018 -0.486 0.089 0.349 0.422 0.262 0.247 0.126 -1.107
5.25 199.53 -2.203 -1.682 -1.213 -0.712 -0.159 0.099 0.166 -0.005 -0.026 -0.134 -1.399
5.25 251.19 -2.380 -1.873 -1.414 -0.950 -0.426 -0.170 -0.110 -0.295 -0.324 -0.415 -1.718
5.25 316.23 -2.563 -2.070 -1.620 -1.204 -0.715 -0.463 -0.412 -0.615 -0.654 -0.724 -2.070
5.25 398.11 -2.754 -2.274 -1.834 -1.478 -1.034 -0.786 -0.747 -0.971 -1.022 -1.067 -2.465
5.25 501.19 -2.954 -2.488 -2.058 -1.777 -1.390 -1.146 -1.122 -1.374 -1.441 -1.452 -2.913
5.25 630.96 -3.166 -2.713 -2.293 -2.107 -1.791 -1.555 -1.548 -1.835 -1.922 -1.891 -3.427
5.25 794.33 -3.393 -2.954 -2.544 -2.477 -2.251 -2.023 -2.039 -2.370 -2.481 -2.399 -4.026
5.25 1000.00 -3.639 -3.214 -2.814 -2.897 -2.784 -2.566 -2.611 -2.998 -3.140 -2.991 -4.730
5.50 1.00 0.773 1.483 2.069 2.682 3.313 3.174 3.379 3.304 3.303 3.058 2.164
5.50 1.26 0.765 1.473 2.058 2.671 3.302 3.164 3.368 3.293 3.293 3.047 2.152
5.50 1.58 0.752 1.459 2.042 2.655 3.286 3.147 3.351 3.277 3.276 3.031 2.134
5.50 2.00 0.732 1.436 2.017 2.631 3.261 3.123 3.327 3.252 3.251 3.006 2.108
5.50 2.51 0.701 1.402 1.982 2.595 3.225 3.086 3.291 3.216 3.215 2.970 2.069
5.50 3.16 0.657 1.354 1.931 2.544 3.174 3.035 3.239 3.165 3.164 2.918 2.014
5.50 3.98 0.595 1.288 1.862 2.474 3.104 2.966 3.170 3.095 3.094 2.849 1.939
5.50 5.01 0.515 1.203 1.773 2.385 3.015 2.876 3.080 3.005 3.004 2.759 1.843
5.50 6.31 0.416 1.098 1.664 2.276 2.905 2.818 3.004 2.922 2.920 2.688 1.754
5.50 7.94 0.300 0.976 1.538 2.148 2.776 2.798 2.947 2.850 2.848 2.642 1.677
5.50 10.00 0.171 0.840 1.396 2.005 2.632 2.743 2.861 2.752 2.750 2.565 1.571
5.50 12.59 0.031 0.692 1.243 1.850 2.476 2.655 2.749 2.630 2.628 2.461 1.441
5.50 15.85 -0.115 0.537 1.081 1.686 2.310 2.539 2.616 2.489 2.487 2.332 1.290
5.50 19.95 -0.266 0.376 0.914 1.515 2.137 2.378 2.450 2.321 2.318 2.168 1.109
5.50 25.12 -0.420 0.212 0.742 1.340 1.959 2.200 2.271 2.141 2.137 1.988 0.915
5.50 31.62 -0.576 0.045 0.567 1.160 1.776 2.016 2.087 1.955 1.950 1.803 0.715
5.50 39.81 -0.734 -0.124 0.390 0.977 1.589 1.828 1.898 1.763 1.757 1.613 0.509
5.50 50.12 -0.893 -0.295 0.211 0.791 1.397 1.636 1.703 1.567 1.559 1.418 0.297
5.50 63.10 -1.053 -0.467 0.030 0.601 1.199 1.438 1.504 1.363 1.354 1.217 0.077
5.50 79.43 -1.214 -0.641 -0.153 0.406 0.995 1.233 1.297 1.152 1.140 1.008 -0.151
5.50 100.00 -1.377 -0.817 -0.338 0.206 0.784 1.021 1.082 0.931 0.916 0.791 -0.391
5.50 125.89 -1.542 -0.995 -0.525 -0.001 0.563 0.799 0.856 0.699 0.680 0.563 -0.644
5.50 158.49 -1.710 -1.176 -0.716 -0.215 0.331 0.565 0.617 0.451 0.427 0.321 -0.914
5.50 199.53 -1.882 -1.361 -0.911 -0.440 0.084 0.316 0.363 0.185 0.155 0.062 -1.205
5.50 251.19 -2.058 -1.551 -1.110 -0.677 -0.182 0.048 0.087 -0.104 -0.142 -0.218 -1.523
5.50 316.23 -2.240 -1.747 -1.315 -0.930 -0.470 -0.244 -0.214 -0.422 -0.470 -0.526 -1.874
5.50 398.11 -2.430 -1.950 -1.528 -1.202 -0.788 -0.566 -0.547 -0.778 -0.838 -0.867 -2.267
5.50 501.19 -2.629 -2.163 -1.751 -1.500 -1.143 -0.926 -0.921 -1.180 -1.255 -1.252 -2.714
5.50 630.96 -2.840 -2.387 -1.986 -1.830 -1.543 -1.333 -1.347 -1.640 -1.735 -1.690 -3.227
5.50 794.33 -3.066 -2.627 -2.235 -2.198 -2.002 -1.800 -1.836 -2.174 -2.293 -2.196 -3.825
5.50 1000.00 -3.311 -2.886 -2.504 -2.617 -2.534 -2.342 -2.408 -2.801 -2.951 -2.788 -4.528
5.75 1.00 0.870 1.575 2.140 2.722 3.323 3.158 3.342 3.260 3.251 3.020 2.107
5.75 1.26 0.867 1.570 2.134 2.716 3.317 3.152 3.335 3.254 3.245 3.014 2.101
5.75 1.58 0.861 1.562 2.125 2.707 3.307 3.142 3.326 3.245 3.235 3.005 2.091
5.75 2.00 0.850 1.549 2.110 2.692 3.293 3.128 3.311 3.230 3.220 2.990 2.075
5.75 2.51 0.833 1.530 2.088 2.670 3.271 3.105 3.289 3.208 3.198 2.968 2.051
5.75 3.16 0.807 1.500 2.056 2.638 3.238 3.073 3.256 3.175 3.165 2.935 2.016
5.75 3.98 0.767 1.456 2.010 2.591 3.191 3.026 3.209 3.128 3.118 2.888 1.966
5.75 5.01 0.712 1.396 1.946 2.527 3.127 2.962 3.145 3.063 3.054 2.824 1.896
5.75 6.31 0.638 1.317 1.863 2.444 3.043 2.877 3.061 2.979 2.969 2.739 1.806
5.75 7.94 0.545 1.218 1.760 2.340 2.938 2.839 2.999 2.908 2.898 2.684 1.730
5.75 10.00 0.436 1.101 1.639 2.217 2.814 2.816 2.942 2.837 2.827 2.638 1.654
5.75 12.59 0.311 0.969 1.501 2.077 2.674 2.761 2.857 2.741 2.730 2.562 1.550
5.75 15.85 0.176 0.826 1.351 1.925 2.520 2.674 2.747 2.620 2.609 2.458 1.421
5.75 19.95 0.033 0.673 1.192 1.763 2.356 2.559 2.614 2.480 2.469 2.330 1.271
5.75 25.12 -0.116 0.514 1.026 1.594 2.184 2.397 2.448 2.312 2.299 2.165 1.089
5.75 31.62 -0.268 0.351 0.856 1.419 2.005 2.218 2.269 2.130 2.117 1.985 0.894
5.75 39.81 -0.423 0.185 0.682 1.239 1.821 2.034 2.083 1.942 1.928 1.798 0.692
5.75 50.12 -0.580 0.017 0.505 1.055 1.631 1.843 1.891 1.748 1.732 1.605 0.482
5.75 63.10 -0.738 -0.153 0.326 0.866 1.435 1.647 1.693 1.546 1.528 1.406 0.264
5.75 79.43 -0.898 -0.326 0.145 0.673 1.233 1.444 1.488 1.337 1.316 1.199 0.037
5.75 100.00 -1.060 -0.500 -0.039 0.474 1.023 1.233 1.274 1.117 1.094 0.983 -0.201
5.75 125.89 -1.224 -0.677 -0.225 0.269 0.804 1.013 1.050 0.886 0.859 0.756 -0.452
5.75 158.49 -1.391 -0.858 -0.415 0.056 0.573 0.780 0.812 0.640 0.607 0.516 -0.721
5.75 199.53 -1.562 -1.041 -0.608 -0.167 0.327 0.532 0.559 0.375 0.336 0.258 -1.011
5.75 251.19 -1.737 -1.230 -0.807 -0.403 0.062 0.265 0.284 0.087 0.041 -0.022 -1.328
5.75 316.23 -1.918 -1.425 -1.011 -0.655 -0.225 -0.026 -0.016 -0.231 -0.287 -0.328 -1.678
5.75 398.11 -2.107 -1.627 -1.223 -0.927 -0.542 -0.347 -0.348 -0.585 -0.653 -0.669 -2.070
5.75 501.19 -2.305 -1.839 -1.444 -1.224 -0.896 -0.705 -0.721 -0.986 -1.070 -1.052 -2.516
5.75 630.96 -2.515 -2.062 -1.678 -1.552 -1.295 -1.112 -1.145 -1.445 -1.549 -1.489 -3.028
5.75 794.33 -2.740 -2.301 -1.927 -1.920 -1.753 -1.578 -1.634 -1.978 -2.106 -1.994 -3.624
5.75 1000.00 -2.984 -2.559 -2.194 -2.338 -2.284 -2.119 -2.204 -2.604 -2.762 -2.585 -4.327
6.00 1.00 0.966 1.666 2.210 2.761 3.331 3.139 3.302 3.214 3.196 2.981 2.049
6.00 1.26 0.965 1.663 2.207 2.757 3.327 3.136 3.299 3.211 3.193 2.977 2.045
6.00 1.58 0.963 1.659 2.201 2.752 3.322 3.130 3.293 3.205 3.187 2.972 2.039
6.00 2.00 0.958 1.652 2.193 2.743 3.314 3.122 3.285 3.197 3.179 2.963 2.030
6.00 2.51 0.950 1.641 2.180 2.731 3.301 3.109 3.272 3.184 3.165 2.950 2.016
6.00 3.16 0.935 1.624 2.161 2.711 3.281 3.089 3.252 3.164 3.145 2.930 1.995
6.00 3.98 0.913 1.597 2.132 2.681 3.251 3.059 3.222 3.134 3.116 2.901 1.963
6.00 5.01 0.878 1.558 2.090 2.639 3.209 3.017 3.180 3.091 3.073 2.858 1.917
6.00 6.31 0.828 1.504 2.031 2.580 3.149 2.957 3.120 3.032 3.013 2.798 1.853
6.00 7.94 0.761 1.431 1.954 2.502 3.071 2.879 3.041 2.953 2.934 2.719 1.768
6.00 10.00 0.675 1.338 1.857 2.404 2.971 2.859 2.994 2.894 2.875 2.680 1.706
6.00 12.59 0.571 1.227 1.740 2.286 2.852 2.835 2.937 2.824 2.805 2.633 1.630
6.00 15.85 0.452 1.099 1.607 2.150 2.715 2.779 2.853 2.729 2.709 2.558 1.528
6.00 19.95 0.321 0.959 1.460 2.001 2.564 2.692 2.744 2.610 2.590 2.455 1.400
6.00 25.12 0.181 0.809 1.304 1.841 2.401 2.578 2.612 2.470 2.449 2.327 1.250
6.00 31.62 0.034 0.653 1.140 1.672 2.229 2.416 2.446 2.301 2.279 2.161 1.068
6.00 39.81 -0.116 0.491 0.970 1.497 2.049 2.236 2.265 2.118 2.095 1.980 0.870
6.00 50.12 -0.270 0.326 0.797 1.316 1.863 2.049 2.076 1.927 1.902 1.790 0.664
6.00 63.10 -0.426 0.158 0.621 1.131 1.670 1.856 1.881 1.728 1.701 1.594 0.449
6.00 79.43 -0.584 -0.012 0.441 0.939 1.470 1.655 1.678 1.520 1.491 1.389 0.225
6.00 100.00 -0.745 -0.185 0.259 0.742 1.262 1.445 1.466 1.303 1.271 1.175 -0.011
6.00 125.89 -0.908 -0.361 0.074 0.539 1.044 1.226 1.243 1.073 1.037 0.949 -0.261
6.00 158.49 -1.073 -0.540 -0.114 0.327 0.814 0.995 1.007 0.828 0.787 0.710 -0.529
6.00 199.53 -1.243 -0.723 -0.306 0.104 0.569 0.748 0.754 0.564 0.517 0.453 -0.817
6.00 251.19 -1.417 -0.910 -0.503 -0.130 0.306 0.482 0.481 0.277 0.223 0.175 -1.133
6.00 316.23 -1.597 -1.104 -0.707 -0.381 0.019 0.192 0.182 -0.039 -0.104 -0.130 -1.482
6.00 398.11 -1.785 -1.305 -0.918 -0.652 -0.296 -0.128 -0.149 -0.392 -0.469 -0.470 -1.873
6.00 501.19 -1.982 -1.516 -1.138 -0.948 -0.649 -0.485 -0.521 -0.792 -0.885 -0.852 -2.317
6.00 630.96 -2.191 -1.739 -1.371 -1.275 -1.047 -0.890 -0.944 -1.251 -1.362 -1.288 -2.829
6.00 794.33 -2.415 -1.977 -1.618 -1.642 -1.504 -1.355 -1.432 -1.782 -1.919 -1.793 -3.424
6.00 1000.00 -2.658 -2.233 -1.885 -2.059 -2.034 -1.896 -2.001 -2.407 -2.574 -2.382 -4.125
6.25 1.00 1.061 1.755 2.280 2.799 3.338 3.120 3.262 3.167 3.140 2.940 1.989
6.25 1.26 1.062 1.754 2.278 2.797 3.336 3.118 3.260 3.165 3.138 2.938 1.987
6.25 1.58 1.061 1.752 2.275 2.794 3.333 3.115 3.257 3.162 3.135 2.935 1.983
6.25 2.00 1.060 1.749 2.271 2.789 3.328 3.110 3.252 3.157 3.130 2.930 1.978
6.25 2.51 1.056 1.743 2.263 2.782 3.321 3.102 3.245 3.150 3.122 2.923 1.970
6.25 3.16 1.050 1.734 2.252 2.770 3.309 3.091 3.233 3.138 3.111 2.911 1.958
6.25 3.98 1.038 1.719 2.234 2.752 3.291 3.073 3.215 3.120 3.093 2.893 1.938
6.25 5.01 1.019 1.695 2.208 2.726 3.265 3.046 3.189 3.093 3.066 2.866 1.910
6.25 6.31 0.989 1.661 2.170 2.687 3.226 3.007 3.150 3.054 3.027 2.827 1.868
6.25 7.94 0.945 1.611 2.117 2.633 3.171 2.953 3.095 2.999 2.972 2.772 1.809
6.25 10.00 0.884 1.544 2.045 2.561 3.098 2.880 3.022 2.925 2.898 2.699 1.729
6.25 12.59 0.804 1.457 1.953 2.468 3.004 2.878 2.988 2.879 2.851 2.675 1.680
6.25 15.85 0.707 1.352 1.842 2.354 2.889 2.853 2.932 2.810 2.782 2.628 1.606
6.25 19.95 0.593 1.229 1.713 2.223 2.756 2.797 2.849 2.717 2.687 2.553 1.505
6.25 25.12 0.466 1.093 1.570 2.077 2.607 2.711 2.740 2.598 2.569 2.451 1.378
6.25 31.62 0.329 0.946 1.416 1.918 2.445 2.596 2.609 2.459 2.428 2.323 1.227
6.25 39.81 0.185 0.791 1.254 1.750 2.273 2.433 2.441 2.288 2.256 2.156 1.043
6.25 50.12 0.036 0.631 1.086 1.575 2.092 2.251 2.258 2.102 2.069 1.972 0.843
6.25 63.10 -0.117 0.466 0.913 1.393 1.903 2.061 2.067 1.907 1.872 1.779 0.632
6.25 79.43 -0.273 0.299 0.736 1.204 1.705 1.863 1.866 1.702 1.665 1.577 0.410
6.25 100.00 -0.431 0.128 0.556 1.009 1.499 1.656 1.656 1.487 1.446 1.365 0.177
6.25 125.89 -0.593 -0.047 0.373 0.807 1.283 1.439 1.435 1.259 1.214 1.141 -0.071
6.25 158.49 -0.757 -0.224 0.186 0.597 1.055 1.209 1.201 1.016 0.966 0.904 -0.337
6.25 199.53 -0.926 -0.406 -0.005 0.376 0.811 0.963 0.949 0.753 0.698 0.648 -0.624
6.25 251.19 -1.099 -0.592 -0.201 0.142 0.549 0.699 0.678 0.468 0.404 0.371 -0.938
6.25 316.23 -1.278 -0.785 -0.403 -0.107 0.264 0.410 0.380 0.152 0.079 0.067 -1.286
6.25 398.11 -1.464 -0.985 -0.613 -0.377 -0.051 0.091 0.050 -0.200 -0.285 -0.271 -1.676
6.25 501.19 -1.660 -1.195 -0.832 -0.672 -0.402 -0.265 -0.321 -0.599 -0.700 -0.653 -2.119
6.25 630.96 -1.868 -1.416 -1.064 -0.998 -0.800 -0.669 -0.743 -1.056 -1.176 -1.088 -2.630
6.25 794.33 -2.091 -1.653 -1.310 -1.364 -1.256 -1.133 -1.230 -1.587 -1.732 -1.591 -3.224
6.25 1000.00 -2.333 -1.909 -1.576 -1.780 -1.784 -1.672 -1.798 -2.210 -2.386 -2.179 -3.924
6.50 1.00 1.156 1.844 2.351 2.837 3.345 3.100 3.222 3.119 3.083 2.899 1.928
6.50 1.26 1.157 1.844 2.350 2.836 3.344 3.099 3.221 3.118 3.082 2.898 1.927
6.50 1.58 1.158 1.843 2.349 2.834 3.342 3.097 3.219 3.117 3.080 2.896 1.925
6.50 2.00 1.158 1.842 2.346 2.832 3.339 3.094 3.216 3.114 3.078 2.893 1.922
6.50 2.51 1.158 1.839 2.342 2.827 3.335 3.090 3.212 3.110 3.073 2.889 1.917
6.50 3.16 1.156 1.835 2.335 2.821 3.328 3.083 3.205 3.103 3.066 2.882 1.910
6.50 3.98 1.151 1.827 2.325 2.810 3.318 3.073 3.195 3.092 3.056 2.872 1.899
6.50 5.01 1.142 1.814 2.310 2.795 3.302 3.057 3.179 3.076 3.040 2.856 1.882
6.50 6.31 1.126 1.794 2.286 2.771 3.278 3.033 3.155 3.052 3.015 2.832 1.856
6.50 7.94 1.101 1.763 2.252 2.736 3.243 2.997 3.119 3.016 2.980 2.796 1.817
6.50 10.00 1.062 1.718 2.203 2.686 3.193 2.947 3.069 2.966 2.929 2.746 1.763
6.50 12.59 1.007 1.657 2.136 2.619 3.124 2.903 3.016 2.909 2.872 2.695 1.702
6.50 15.85 0.934 1.576 2.050 2.531 3.035 2.898 2.982 2.863 2.826 2.669 1.653
6.50 19.95 0.842 1.476 1.944 2.423 2.925 2.870 2.925 2.795 2.757 2.622 1.579
6.50 25.12 0.733 1.358 1.820 2.295 2.795 2.814 2.843 2.702 2.664 2.547 1.479
6.50 31.62 0.611 1.226 1.681 2.152 2.648 2.728 2.736 2.585 2.546 2.445 1.353
6.50 39.81 0.477 1.082 1.529 1.995 2.487 2.613 2.604 2.445 2.404 2.317 1.202
6.50 50.12 0.335 0.929 1.369 1.827 2.314 2.447 2.434 2.271 2.229 2.147 1.014
6.50 63.10 0.188 0.770 1.202 1.651 2.131 2.263 2.248 2.082 2.038 1.960 0.810
6.50 79.43 0.036 0.606 1.029 1.466 1.938 2.069 2.052 1.882 1.835 1.762 0.593
6.50 100.00 -0.120 0.438 0.852 1.274 1.735 1.865 1.845 1.669 1.620 1.553 0.363
6.50 125.89 -0.280 0.266 0.671 1.075 1.521 1.650 1.626 1.444 1.391 1.332 0.117
6.50 158.49 -0.442 0.090 0.486 0.866 1.294 1.422 1.394 1.202 1.144 1.096 -0.147
6.50 199.53 -0.609 -0.090 0.297 0.647 1.053 1.178 1.144 0.942 0.877 0.843 -0.432
6.50 251.19 -0.781 -0.275 0.102 0.414 0.792 0.915 0.874 0.657 0.585 0.567 -0.745
6.50 316.23 -0.959 -0.467 -0.099 0.166 0.508 0.627 0.577 0.343 0.262 0.264 -1.091
6.50 398.11 -1.145 -0.666 -0.308 -0.102 0.194 0.310 0.248 -0.008 -0.102 -0.073 -1.480
6.50 501.19 -1.340 -0.874 -0.526 -0.396 -0.156 -0.045 -0.122 -0.406 -0.515 -0.453 -1.922
6.50 630.96 -1.547 -1.095 -0.757 -0.721 -0.552 -0.448 -0.543 -0.862 -0.990 -0.887 -2.431
6.50 794.33 -1.769 -1.331 -1.002 -1.086 -1.007 -0.911 -1.029 -1.392 -1.545 -1.389 -3.024
6.50 1000.00 -2.010 -1.585 -1.267 -1.501 -1.535 -1.450 -1.596 -2.014 -2.198 -1.977 -3.723
6.75 1.00 1.251 1.934 2.424 2.876 3.352 3.080 3.181 3.071 3.025 2.857 1.866
6.75 1.26 1.253 1.934 2.423 2.875 3.351 3.079 3.180 3.070 3.025 2.856 1.865
6.75 1.58 1.254 1.934 2.422 2.874 3.350 3.078 3.179 3.069 3.024 2.855 1.864
6.75 2.00 1.255 1.934 2.421 2.873 3.349 3.077 3.178 3.068 3.022 2.854 1.863
6.75 2.51 1.256 1.933 2.418 2.870 3.346 3.074 3.175 3.065 3.020 2.851 1.860
6.75 3.16 1.257 1.931 2.415 2.866 3.342 3.070 3.171 3.061 3.016 2.848 1.856
6.75 3.98 1.256 1.927 2.409 2.861 3.336 3.064 3.165 3.055 3.010 2.842 1.849
6.75 5.01 1.253 1.921 2.400 2.851 3.327 3.055 3.156 3.046 3.000 2.832 1.839
6.75 6.31 1.246 1.910 2.386 2.837 3.313 3.041 3.141 3.031 2.986 2.818 1.824
6.75 7.94 1.234 1.892 2.365 2.816 3.291 3.019 3.120 3.009 2.964 2.796 1.800
6.75 10.00 1.212 1.865 2.334 2.784 3.259 2.987 3.087 2.977 2.931 2.763 1.765
6.75 12.59 1.178 1.825 2.289 2.739 3.213 2.940 3.041 2.930 2.884 2.717 1.715
6.75 15.85 1.129 1.769 2.228 2.676 3.149 2.925 3.008 2.891 2.844 2.689 1.672
6.75 19.95 1.062 1.694 2.147 2.593 3.065 2.916 2.974 2.845 2.798 2.662 1.623
6.75 25.12 0.977 1.600 2.047 2.490 2.959 2.887 2.918 2.778 2.731 2.614 1.551
6.75 31.62 0.874 1.487 1.927 2.366 2.833 2.830 2.836 2.686 2.638 2.539 1.452
6.75 39.81 0.755 1.359 1.792 2.225 2.688 2.744 2.729 2.569 2.519 2.437 1.325
6.75 50.12 0.625 1.217 1.643 2.070 2.527 2.628 2.596 2.427 2.377 2.308 1.172
6.75 63.10 0.485 1.067 1.484 1.902 2.352 2.458 2.422 2.250 2.197 2.134 0.980
6.75 79.43 0.339 0.909 1.318 1.724 2.165 2.270 2.233 2.056 2.001 1.943 0.770
6.75 100.00 0.187 0.745 1.145 1.537 1.967 2.071 2.030 1.848 1.790 1.739 0.545
6.75 125.89 0.031 0.576 0.967 1.340 1.757 1.859 1.815 1.626 1.564 1.521 0.303
6.75 158.49 -0.130 0.402 0.784 1.134 1.533 1.634 1.585 1.387 1.321 1.287 0.042
6.75 199.53 -0.295 0.224 0.597 0.917 1.293 1.392 1.337 1.129 1.056 1.036 -0.241
6.75 251.19 -0.466 0.040 0.404 0.686 1.034 1.130 1.069 0.846 0.766 0.762 -0.552
6.75 316.23 -0.642 -0.150 0.204 0.439 0.751 0.844 0.774 0.533 0.443 0.460 -0.897
6.75 398.11 -0.827 -0.348 -0.003 0.172 0.439 0.528 0.446 0.184 0.081 0.124 -1.284
6.75 501.19 -1.021 -0.555 -0.221 -0.121 0.090 0.174 0.077 -0.213 -0.331 -0.254 -1.725
6.75 630.96 -1.227 -0.775 -0.450 -0.445 -0.305 -0.228 -0.343 -0.668 -0.805 -0.687 -2.232
6.75 794.33 -1.448 -1.010 -0.694 -0.808 -0.759 -0.690 -0.827 -1.196 -1.358 -1.188 -2.824
6.75 1000.00 -1.688 -1.263 -0.958 -1.222 -1.286 -1.227 -1.393 -1.818 -2.011 -1.775 -3.522
7.00 1.00 1.347 2.024 2.497 2.914 3.357 3.059 3.139 3.021 2.966 2.814 1.802
7.00 1.26 1.349 2.024 2.497 2.914 3.357 3.058 3.138 3.020 2.965 2.814 1.802
7.00 1.58 1.350 2.025 2.496 2.914 3.357 3.058 3.138 3.020 2.965 2.813 1.801
7.00 2.00 1.352 2.025 2.496 2.913 3.356 3.057 3.137 3.019 2.964 2.812 1.800
7.00 2.51 1.354 2.025 2.494 2.911 3.354 3.055 3.135 3.017 2.962 2.811 1.799
7.00 3.16 1.355 2.024 2.492 2.909 3.352 3.053 3.133 3.015 2.960 2.809 1.796
7.00 3.98 1.357 2.023 2.489 2.906 3.349 3.050 3.130 3.012 2.957 2.805 1.793
7.00 5.01 1.357 2.020 2.484 2.901 3.343 3.044 3.124 3.006 2.951 2.800 1.787
7.00 6.31 1.356 2.015 2.476 2.892 3.335 3.036 3.116 2.998 2.943 2.791 1.778
7.00 7.94 1.351 2.006 2.463 2.880 3.322 3.023 3.103 2.985 2.930 2.778 1.764
7.00 10.00 1.341 1.991 2.445 2.860 3.302 3.003 3.083 2.965 2.909 2.758 1.742
7.00 12.59 1.324 1.967 2.417 2.832 3.273 2.974 3.054 2.935 2.880 2.729 1.710
7.00 15.85 1.295 1.932 2.376 2.790 3.231 2.946 3.020 2.899 2.843 2.697 1.672
7.00 19.95 1.251 1.880 2.320 2.732 3.171 2.946 2.999 2.870 2.814 2.682 1.640
7.00 25.12 1.190 1.811 2.244 2.654 3.091 2.934 2.964 2.825 2.768 2.653 1.591
7.00 31.62 1.111 1.722 2.149 2.555 2.990 2.902 2.908 2.758 2.701 2.604 1.519
7.00 39.81 1.013 1.615 2.034 2.436 2.867 2.845 2.827 2.666 2.608 2.529 1.420
7.00 50.12 0.899 1.490 1.902 2.297 2.723 2.757 2.718 2.548 2.489 2.426 1.292
7.00 63.10 0.772 1.352 1.756 2.143 2.562 2.640 2.584 2.405 2.344 2.295 1.137
7.00 79.43 0.634 1.203 1.599 1.974 2.385 2.463 2.405 2.222 2.158 2.115 0.938
7.00 100.00 0.489 1.046 1.433 1.794 2.194 2.271 2.210 2.021 1.955 1.918 0.721
7.00 125.89 0.337 0.881 1.260 1.602 1.988 2.064 2.000 1.804 1.734 1.705 0.484
7.00 158.49 0.180 0.711 1.081 1.399 1.768 1.843 1.774 1.569 1.494 1.476 0.228
7.00 199.53 0.017 0.535 0.896 1.185 1.531 1.604 1.529 1.314 1.232 1.227 -0.052
7.00 251.19 -0.152 0.354 0.705 0.956 1.274 1.344 1.262 1.033 0.944 0.955 -0.361
7.00 316.23 -0.327 0.165 0.507 0.711 0.994 1.060 0.969 0.723 0.624 0.656 -0.703
7.00 398.11 -0.510 -0.031 0.301 0.445 0.683 0.745 0.643 0.374 0.263 0.321 -1.089
7.00 501.19 -0.703 -0.238 0.085 0.154 0.335 0.393 0.276 -0.021 -0.147 -0.056 -1.528
7.00 630.96 -0.908 -0.456 -0.144 -0.169 -0.059 -0.008 -0.143 -0.474 -0.620 -0.488 -2.035
7.00 794.33 -1.128 -0.690 -0.387 -0.531 -0.511 -0.469 -0.626 -1.002 -1.172 -0.988 -2.625
7.00 1000.00 -1.367 -0.942 -0.650 -0.944 -1.037 -1.005 -1.191 -1.622 -1.823 -1.573 -3.322
7.25 1.00 1.443 2.114 2.572 2.953 3.362 3.036 3.094 2.968 2.903 2.769 1.735
7.25 1.26 1.444 2.115 2.572 2.953 3.361 3.036 3.094 2.968 2.903 2.769 1.735
7.25 1.58 1.446 2.115 2.572 2.952 3.361 3.035 3.094 2.967 2.902 2.768 1.735
7.25 2.00 1.448 2.116 2.571 2.952 3.361 3.035 3.093 2.967 2.902 2.768 1.734
7.25 2.51 1.450 2.116 2.570 2.951 3.360 3.034 3.093 2.966 2.901 2.767 1.733
7.25 3.16 1.452 2.117 2.569 2.950 3.359 3.033 3.091 2.965 2.900 2.766 1.732
7.25 3.98 1.455 2.116 2.567 2.948 3.357 3.031 3.089 2.963 2.898 2.764 1.730
7.25 5.01 1.457 2.116 2.565 2.945 3.354 3.028 3.086 2.960 2.895 2.761 1.726
7.25 6.31 1.459 2.114 2.560 2.940 3.349 3.023 3.081 2.955 2.890 2.756 1.721
7.25 7.94 1.459 2.110 2.553 2.933 3.341 3.015 3.074 2.947 2.882 2.748 1.713
7.25 10.00 1.456 2.102 2.542 2.922 3.330 3.004 3.062 2.935 2.870 2.736 1.700
7.25 12.59 1.449 2.089 2.525 2.904 3.312 2.986 3.044 2.917 2.852 2.718 1.680
7.25 15.85 1.435 2.069 2.500 2.878 3.285 2.968 3.023 2.894 2.829 2.698 1.656
7.25 19.95 1.411 2.037 2.463 2.840 3.246 2.969 3.010 2.875 2.810 2.689 1.636
7.25 25.12 1.372 1.991 2.411 2.786 3.190 2.965 2.988 2.846 2.780 2.672 1.603
7.25 31.62 1.317 1.927 2.341 2.713 3.115 2.950 2.951 2.800 2.734 2.642 1.554
7.25 39.81 1.244 1.844 2.251 2.618 3.017 2.916 2.895 2.734 2.666 2.591 1.482
7.25 50.12 1.151 1.741 2.141 2.502 2.897 2.857 2.813 2.642 2.573 2.515 1.382
7.25 63.10 1.042 1.621 2.013 2.366 2.754 2.767 2.704 2.522 2.452 2.410 1.253
7.25 79.43 0.918 1.485 1.869 2.212 2.592 2.643 2.565 2.374 2.301 2.274 1.092
7.25 100.00 0.782 1.338 1.713 2.042 2.411 2.462 2.381 2.185 2.109 2.088 0.886
7.25 125.89 0.637 1.181 1.547 1.858 2.214 2.263 2.178 1.976 1.897 1.883 0.658
7.25 158.49 0.485 1.016 1.373 1.661 1.999 2.047 1.958 1.747 1.663 1.659 0.408
7.25 199.53 0.325 0.844 1.192 1.450 1.767 1.812 1.717 1.495 1.405 1.415 0.133
7.25 251.19 0.159 0.665 1.004 1.225 1.513 1.556 1.454 1.218 1.121 1.146 -0.172
7.25 316.23 -0.014 0.478 0.808 0.982 1.234 1.274 1.163 0.910 0.803 0.849 -0.512
7.25 398.11 -0.195 0.283 0.604 0.718 0.926 0.962 0.839 0.564 0.444 0.517 -0.895
7.25 501.19 -0.387 0.079 0.389 0.428 0.580 0.611 0.473 0.171 0.036 0.141 -1.333
7.25 630.96 -0.590 -0.139 0.162 0.107 0.187 0.211 0.056 -0.282 -0.436 -0.289 -1.838
7.25 794.33 -0.809 -0.371 -0.080 -0.254 -0.264 -0.248 -0.426 -0.808 -0.987 -0.788 -2.427
7.25 1000.00 -1.047 -0.623 -0.341 -0.666 -0.789 -0.783 -0.990 -1.427 -1.637 -1.372 -3.122
7.50 1.00 1.539 2.205 2.648 2.990 3.363 3.010 3.047 2.911 2.836 2.720 1.663
7.50 1.26 1.540 2.205 2.648 2.990 3.363 3.010 3.047 2.911 2.836 2.720 1.663
7.50 1.58 1.542 2.206 2.648 2.990 3.363 3.010 3.046 2.911 2.835 2.719 1.663
7.50 2.00 1.544 2.206 2.647 2.989 3.362 3.009 3.046 2.910 2.835 2.719 1.663
7.50 2.51 1.546 2.207 2.647 2.989 3.362 3.009 3.046 2.910 2.835 2.719 1.662
7.50 3.16 1.549 2.208 2.646 2.988 3.361 3.008 3.045 2.909 2.834 2.718 1.661
7.50 3.98 1.552 2.208 2.645 2.987 3.360 3.007 3.044 2.908 2.833 2.717 1.660
7.50 5.01 1.555 2.209 2.644 2.986 3.358 3.005 3.042 2.906 2.831 2.715 1.658
7.50 6.31 1.558 2.208 2.641 2.983 3.356 3.003 3.039 2.903 2.828 2.712 1.655
7.50 7.94 1.560 2.207 2.637 2.979 3.351 2.998 3.035 2.899 2.824 2.708 1.650
7.50 10.00 1.562 2.204 2.631 2.972 3.344 2.991 3.028 2.892 2.817 2.701 1.643
7.50 12.59 1.561 2.198 2.621 2.962 3.334 2.990 3.024 2.886 2.811 2.697 1.636
7.50 15.85 1.557 2.187 2.606 2.946 3.318 2.992 3.019 2.878 2.803 2.694 1.628
7.50 19.95 1.546 2.170 2.583 2.922 3.293 2.992 3.010 2.866 2.791 2.688 1.615
7.50 25.12 1.526 2.142 2.550 2.887 3.257 2.990 2.996 2.847 2.771 2.678 1.594
7.50 31.62 1.493 2.100 2.502 2.837 3.205 2.982 2.973 2.817 2.740 2.659 1.561
7.50 39.81 1.443 2.041 2.437 2.768 3.133 2.964 2.935 2.771 2.694 2.626 1.511
7.50 50.12 1.375 1.963 2.352 2.678 3.039 2.927 2.878 2.704 2.626 2.574 1.438
7.50 63.10 1.288 1.866 2.246 2.565 2.920 2.865 2.795 2.611 2.531 2.496 1.337
7.50 79.43 1.183 1.749 2.122 2.431 2.778 2.772 2.683 2.489 2.407 2.388 1.205
7.50 100.00 1.061 1.616 1.981 2.276 2.614 2.638 2.536 2.332 2.248 2.242 1.034
7.50 125.89 0.927 1.470 1.826 2.104 2.429 2.451 2.346 2.136 2.048 2.050 0.820
7.50 158.49 0.783 1.313 1.660 1.915 2.223 2.244 2.134 1.916 1.823 1.835 0.580
7.50 199.53 0.629 1.147 1.485 1.711 1.997 2.016 1.900 1.671 1.572 1.597 0.311
7.50 251.19 0.467 0.972 1.300 1.490 1.748 1.764 1.641 1.399 1.292 1.333 0.012
7.50 316.23 0.297 0.788 1.108 1.250 1.473 1.486 1.354 1.094 0.978 1.040 -0.324
7.50 398.11 0.117 0.596 0.906 0.989 1.167 1.176 1.033 0.751 0.623 0.710 -0.704
7.50 501.19 -0.072 0.393 0.693 0.701 0.823 0.827 0.670 0.360 0.217 0.337 -1.139
7.50 630.96 -0.274 0.177 0.468 0.381 0.432 0.430 0.254 -0.090 -0.253 -0.092 -1.642
7.50 794.33 -0.492 -0.054 0.227 0.022 -0.018 -0.028 -0.226 -0.615 -0.802 -0.588 -2.229
7.50 1000.00 -0.728 -0.304 -0.034 -0.389 -0.541 -0.562 -0.789 -1.232 -1.451 -1.171 -2.923
7.75 1.00 1.635 2.294 2.724 3.025 3.360 3.015 3.017 2.866 2.780 2.692 1.604
7.75 1.26 1.636 2.295 2.724 3.025 3.360 3.015 3.017 2.866 2.780 2.692 1.604
7.75 1.58 1.637 2.295 2.724 3.025 3.360 3.015 3.017 2.866 2.780 2.692 1.604
7.75 2.00 1.639 2.296 2.724 3.024 3.360 3.015 3.017 2.866 2.780 2.692 1.604
7.75 2.51 1.641 2.297 2.724 3.024 3.359 3.015 3.017 2.866 2.780 2.692 1.604
7.75 3.16 1.644 2.298 2.723 3.024 3.359 3.015 3.017 2.866 2.780 2.692 1.604
7.75 3.98 1.647 2.299 2.723 3.023 3.358 3.015 3.017 2.865 2.780 2.692 1.603
7.75 5.01 1.650 2.300 2.722 3.022 3.357 3.015 3.016 2.865 2.779 2.692 1.603
7.75 6.31 1.654 2.300 2.720 3.021 3.356 3.015 3.016 2.864 2.778 2.691 1.602
7.75 7.94 1.658 2.301 2.718 3.018 3.353 3.015 3.015 2.863 2.777 2.691 1.600
7.75 10.00 1.662 2.300 2.714 3.014 3.349 3.015 3.014 2.861 2.775 2.690 1.598
7.75 12.59 1.665 2.298 2.709 3.008 3.343 3.015 3.011 2.858 2.772 2.688 1.595
7.75 15.85 1.666 2.293 2.700 2.999 3.333 3.015 3.008 2.853 2.766 2.685 1.589
7.75 19.95 1.664 2.284 2.687 2.985 3.318 3.014 3.002 2.845 2.758 2.681 1.581
7.75 25.12 1.656 2.269 2.666 2.963 3.295 3.012 2.993 2.832 2.745 2.674 1.567
7.75 31.62 1.640 2.245 2.636 2.931 3.262 3.007 2.977 2.812 2.725 2.661 1.545
7.75 39.81 1.611 2.207 2.592 2.884 3.213 2.996 2.953 2.781 2.694 2.640 1.511
7.75 50.12 1.567 2.154 2.531 2.819 3.144 2.974 2.913 2.735 2.646 2.605 1.460
7.75 63.10 1.505 2.081 2.451 2.732 3.053 2.933 2.854 2.666 2.576 2.550 1.386
7.75 79.43 1.422 1.988 2.350 2.623 2.936 2.868 2.769 2.571 2.479 2.469 1.282
7.75 100.00 1.321 1.875 2.230 2.489 2.794 2.771 2.654 2.445 2.351 2.357 1.144
7.75 125.89 1.203 1.745 2.091 2.334 2.626 2.622 2.495 2.277 2.180 2.198 0.961
7.75 158.49 1.070 1.600 1.937 2.158 2.434 2.428 2.297 2.071 1.969 1.997 0.736
7.75 199.53 0.925 1.442 1.770 1.963 2.217 2.210 2.073 1.837 1.729 1.770 0.479
7.75 251.19 0.769 1.273 1.592 1.749 1.976 1.965 1.822 1.573 1.457 1.514 0.188
7.75 316.23 0.603 1.094 1.404 1.514 1.706 1.693 1.541 1.274 1.149 1.226 -0.142
7.75 398.11 0.427 0.905 1.205 1.257 1.404 1.387 1.223 0.935 0.798 0.900 -0.517
7.75 501.19 0.240 0.705 0.995 0.972 1.063 1.041 0.863 0.547 0.395 0.530 -0.949
7.75 630.96 0.040 0.491 0.772 0.655 0.675 0.646 0.450 0.099 -0.073 0.104 -1.449
7.75 794.33 -0.176 0.261 0.533 0.296 0.227 0.190 -0.028 -0.423 -0.620 -0.391 -2.034
7.75 1000.00 -0.412 0.012 0.274 -0.112 -0.294 -0.342 -0.589 -1.039 -1.266 -0.972 -2.726
8.00 1.00 1.729 2.383 2.800 3.056 3.350 3.037 2.996 2.825 2.727 2.675 1.547
8.00 1.26 1.730 2.384 2.800 3.056 3.350 3.037 2.996 2.825 2.727 2.675 1.547
8.00 1.58 1.732 2.384 2.800 3.056 3.350 3.037 2.996 2.825 2.727 2.675 1.547
8.00 2.00 1.734 2.385 2.800 3.056 3.350 3.037 2.996 2.825 2.727 2.675 1.547
8.00 2.51 1.736 2.386 2.800 3.055 3.350 3.037 2.996 2.825 2.727 2.674 1.547
8.00 3.16 1.738 2.386 2.800 3.055 3.349 3.037 2.995 2.825 2.727 2.674 1.547
8.00 3.98 1.741 2.388 2.800 3.055 3.349 3.037 2.995 2.824 2.727 2.674 1.547
8.00 5.01 1.745 2.389 2.799 3.054 3.348 3.037 2.995 2.824 2.726 2.674 1.546
8.00 6.31 1.749 2.390 2.798 3.053 3.348 3.037 2.995 2.823 2.726 2.674 1.546
8.00 7.94 1.753 2.391 2.797 3.052 3.346 3.037 2.994 2.823 2.725 2.673 1.545
8.00 10.00 1.758 2.392 2.795 3.050 3.344 3.036 2.993 2.821 2.724 2.672 1.543
8.00 12.59 1.763 2.392 2.792 3.046 3.340 3.036 2.991 2.819 2.721 2.671 1.541
8.00 15.85 1.767 2.391 2.787 3.041 3.334 3.035 2.989 2.816 2.718 2.669 1.537
8.00 19.95 1.770 2.387 2.779 3.032 3.325 3.034 2.985 2.810 2.713 2.666 1.532
8.00 25.12 1.770 2.380 2.767 3.019 3.311 3.031 2.978 2.802 2.704 2.660 1.522
8.00 31.62 1.765 2.367 2.748 2.999 3.290 3.027 2.968 2.789 2.690 2.651 1.508
8.00 39.81 1.752 2.346 2.721 2.969 3.258 3.019 2.951 2.768 2.669 2.637 1.485
8.00 50.12 1.728 2.312 2.680 2.925 3.212 3.004 2.925 2.736 2.637 2.613 1.450
8.00 63.10 1.688 2.263 2.624 2.864 3.146 2.978 2.884 2.688 2.587 2.576 1.397
8.00 79.43 1.631 2.195 2.549 2.780 3.057 2.933 2.822 2.617 2.515 2.518 1.320
8.00 100.00 1.554 2.107 2.452 2.673 2.941 2.862 2.733 2.519 2.414 2.432 1.212
8.00 125.89 1.457 1.998 2.335 2.540 2.797 2.759 2.613 2.387 2.279 2.314 1.068
8.00 158.49 1.341 1.870 2.198 2.383 2.624 2.592 2.439 2.205 2.093 2.139 0.869
8.00 199.53 1.208 1.725 2.044 2.202 2.423 2.388 2.231 1.987 1.869 1.926 0.629
8.00 251.19 1.062 1.566 1.876 1.999 2.193 2.156 1.991 1.734 1.609 1.682 0.351
8.00 316.23 0.903 1.394 1.695 1.772 1.932 1.891 1.718 1.444 1.310 1.403 0.031
8.00 398.11 0.732 1.210 1.501 1.520 1.636 1.592 1.408 1.112 0.966 1.084 -0.338
8.00 501.19 0.548 1.013 1.295 1.239 1.300 1.250 1.052 0.729 0.567 0.718 -0.764
8.00 630.96 0.351 0.802 1.074 0.925 0.915 0.859 0.643 0.285 0.104 0.296 -1.259
8.00 794.33 0.137 0.574 0.837 0.570 0.470 0.406 0.167 -0.235 -0.440 -0.196 -1.841
8.00 1000.00 -0.097 0.327 0.580 0.163 -0.049 -0.123 -0.391 -0.848 -1.084 -0.774 -2.531
