AtkinsonBoore2003SSlabCascadia as implemented in OpenQuake, distance is rrup. Log10 hazard values in cgs units
          14 31 10 : nmag, ndist, nperiod
          0.040 0.100 0.200 0.400 1.000 2.000 3.000 5.000 10.000 PGA PGV
          0.576 0.645 0.645 0.645 0.668 0.691 0.691 0.691 0.691 0.622 0.650
4.75 1.00 3.416 3.391 3.446 3.181 2.789 2.219 1.553 0.944 0.272 3.126 1.930
4.75 1.26 3.367 3.342 3.397 3.132 2.741 2.171 1.505 0.897 0.228 3.077 1.878
4.75 1.58 3.301 3.276 3.331 3.066 2.675 2.104 1.439 0.833 0.166 3.011 1.807
4.75 2.00 3.214 3.189 3.244 2.979 2.588 2.018 1.353 0.749 0.085 2.924 1.715
4.75 2.51 3.107 3.082 3.137 2.872 2.481 1.911 1.247 0.645 -0.015 2.817 1.600
4.75 3.16 2.984 2.959 3.015 2.749 2.355 1.786 1.121 0.523 -0.132 2.695 1.468
4.75 3.98 2.893 2.868 2.924 2.652 2.213 1.644 0.980 0.386 -0.264 2.618 1.352
4.75 5.01 2.778 2.753 2.809 2.532 2.059 1.490 0.827 0.237 -0.407 2.514 1.215
4.75 6.31 2.643 2.618 2.674 2.393 1.895 1.327 0.665 0.080 -0.558 2.387 1.060
4.75 7.94 2.492 2.468 2.524 2.241 1.725 1.158 0.497 -0.083 -0.713 2.242 0.892
4.75 10.00 2.321 2.297 2.354 2.070 1.549 0.983 0.324 -0.250 -0.872 2.073 0.708
4.75 12.59 2.140 2.117 2.175 1.891 1.370 0.806 0.148 -0.419 -1.032 1.894 0.517
4.75 15.85 1.957 1.934 1.992 1.709 1.189 0.626 -0.029 -0.590 -1.193 1.711 0.322
4.75 19.95 1.770 1.747 1.807 1.525 1.004 0.444 -0.209 -0.762 -1.354 1.525 0.125
4.75 25.12 1.580 1.558 1.619 1.337 0.817 0.260 -0.389 -0.934 -1.516 1.337 -0.075
4.75 31.62 1.386 1.365 1.428 1.147 0.628 0.074 -0.570 -1.107 -1.677 1.145 -0.279
4.75 39.81 1.188 1.169 1.234 0.954 0.435 -0.115 -0.753 -1.281 -1.839 0.950 -0.485
4.75 50.12 0.985 0.967 1.035 0.757 0.238 -0.306 -0.936 -1.456 -2.002 0.750 -0.696
4.75 63.10 0.776 0.760 0.831 0.555 0.036 -0.500 -1.121 -1.632 -2.165 0.545 -0.913
4.75 79.43 0.558 0.545 0.621 0.346 -0.171 -0.699 -1.308 -1.809 -2.329 0.333 -1.135
4.75 100.00 0.331 0.321 0.402 0.131 -0.386 -0.902 -1.496 -1.988 -2.495 0.112 -1.366
4.75 125.89 0.091 0.085 0.173 -0.095 -0.610 -1.112 -1.687 -2.170 -2.663 -0.119 -1.606
4.75 158.49 -0.164 -0.166 -0.069 -0.332 -0.845 -1.330 -1.881 -2.354 -2.834 -0.364 -1.860
4.75 199.53 -0.440 -0.435 -0.327 -0.584 -1.096 -1.557 -2.079 -2.542 -3.009 -0.626 -2.129
4.75 251.19 -0.740 -0.727 -0.605 -0.855 -1.364 -1.798 -2.281 -2.735 -3.188 -0.910 -2.419
4.75 316.23 -1.071 -1.049 -0.909 -1.150 -1.656 -2.054 -2.490 -2.933 -3.373 -1.221 -2.734
4.75 398.11 -1.442 -1.408 -1.246 -1.475 -1.977 -2.329 -2.706 -3.140 -3.565 -1.565 -3.080
4.75 501.19 -1.863 -1.813 -1.623 -1.838 -2.334 -2.630 -2.931 -3.356 -3.767 -1.953 -3.467
4.75 630.96 -2.345 -2.276 -2.051 -2.248 -2.738 -2.963 -3.169 -3.583 -3.981 -2.394 -3.904
4.75 794.33 -2.907 -2.813 -2.544 -2.719 -3.200 -3.335 -3.422 -3.826 -4.210 -2.904 -4.405
4.75 1000.00 -3.568 -3.443 -3.118 -3.264 -3.735 -3.757 -3.694 -4.088 -4.458 -3.498 -4.986
5.00 1.00 3.391 3.374 3.436 3.191 2.826 2.285 1.650 1.065 0.398 3.115 1.948
5.00 1.26 3.360 3.343 3.405 3.160 2.795 2.255 1.620 1.036 0.371 3.085 1.915
5.00 1.58 3.316 3.299 3.361 3.116 2.751 2.211 1.576 0.994 0.332 3.041 1.868
5.00 2.00 3.255 3.238 3.300 3.055 2.690 2.150 1.516 0.935 0.276 2.980 1.803
5.00 2.51 3.174 3.157 3.219 2.974 2.610 2.070 1.435 0.857 0.202 2.899 1.717
5.00 3.16 3.072 3.056 3.118 2.873 2.509 1.969 1.335 0.760 0.108 2.797 1.608
5.00 3.98 2.961 2.944 3.006 2.761 2.388 1.848 1.215 0.643 -0.003 2.688 1.486
5.00 5.01 2.871 2.855 2.917 2.665 2.250 1.711 1.078 0.511 -0.130 2.612 1.373
5.00 6.31 2.757 2.741 2.804 2.547 2.099 1.561 0.929 0.366 -0.269 2.509 1.238
5.00 7.94 2.623 2.608 2.671 2.410 1.938 1.400 0.770 0.212 -0.416 2.383 1.085
5.00 10.00 2.474 2.458 2.522 2.259 1.769 1.233 0.603 0.051 -0.568 2.240 0.919
5.00 12.59 2.303 2.288 2.352 2.089 1.595 1.060 0.432 -0.113 -0.724 2.071 0.736
5.00 15.85 2.123 2.108 2.173 1.911 1.417 0.883 0.258 -0.281 -0.882 1.892 0.545
5.00 19.95 1.939 1.925 1.991 1.728 1.235 0.704 0.081 -0.450 -1.041 1.709 0.350
5.00 25.12 1.750 1.737 1.805 1.543 1.050 0.522 -0.097 -0.621 -1.201 1.522 0.152
5.00 31.62 1.558 1.546 1.616 1.355 0.862 0.337 -0.277 -0.793 -1.362 1.332 -0.050
5.00 39.81 1.362 1.351 1.423 1.163 0.670 0.150 -0.458 -0.965 -1.522 1.139 -0.255
5.00 50.12 1.160 1.151 1.225 0.967 0.475 -0.040 -0.640 -1.139 -1.684 0.940 -0.465
5.00 63.10 0.952 0.945 1.022 0.766 0.274 -0.233 -0.824 -1.314 -1.846 0.736 -0.679
5.00 79.43 0.736 0.731 0.813 0.559 0.068 -0.430 -1.009 -1.490 -2.010 0.525 -0.901
5.00 100.00 0.510 0.508 0.595 0.344 -0.146 -0.633 -1.197 -1.668 -2.175 0.305 -1.130
5.00 125.89 0.271 0.273 0.368 0.120 -0.368 -0.841 -1.386 -1.848 -2.342 0.075 -1.370
5.00 158.49 0.016 0.023 0.127 -0.116 -0.603 -1.058 -1.579 -2.032 -2.512 -0.169 -1.622
5.00 199.53 -0.258 -0.245 -0.130 -0.367 -0.852 -1.285 -1.776 -2.219 -2.685 -0.430 -1.890
5.00 251.19 -0.557 -0.536 -0.408 -0.638 -1.120 -1.524 -1.977 -2.410 -2.863 -0.713 -2.179
5.00 316.23 -0.887 -0.857 -0.711 -0.932 -1.411 -1.779 -2.185 -2.608 -3.048 -1.022 -2.493
5.00 398.11 -1.257 -1.214 -1.046 -1.256 -1.730 -2.054 -2.400 -2.813 -3.239 -1.366 -2.838
5.00 501.19 -1.677 -1.618 -1.422 -1.617 -2.087 -2.353 -2.624 -3.028 -3.440 -1.752 -3.224
5.00 630.96 -2.158 -2.081 -1.850 -2.026 -2.490 -2.685 -2.861 -3.255 -3.653 -2.193 -3.660
5.00 794.33 -2.719 -2.617 -2.342 -2.496 -2.951 -3.056 -3.113 -3.497 -3.881 -2.701 -4.160
5.00 1000.00 -3.378 -3.245 -2.915 -3.040 -3.485 -3.477 -3.384 -3.758 -4.128 -3.295 -4.739
5.25 1.00 3.351 3.343 3.411 3.187 2.849 2.338 1.734 1.171 0.510 3.091 1.951
5.25 1.26 3.333 3.325 3.393 3.168 2.830 2.320 1.715 1.154 0.495 3.072 1.931
5.25 1.58 3.305 3.297 3.365 3.141 2.803 2.292 1.688 1.128 0.471 3.045 1.902
5.25 2.00 3.265 3.257 3.325 3.101 2.763 2.252 1.648 1.091 0.436 3.005 1.859
5.25 2.51 3.209 3.201 3.269 3.045 2.707 2.196 1.593 1.037 0.386 2.949 1.799
5.25 3.16 3.134 3.126 3.194 2.970 2.632 2.122 1.518 0.966 0.318 2.874 1.719
5.25 3.98 3.038 3.030 3.099 2.875 2.537 2.027 1.424 0.874 0.232 2.778 1.617
5.25 5.01 2.937 2.930 2.998 2.772 2.421 1.912 1.309 0.764 0.126 2.682 1.504
5.25 6.31 2.849 2.842 2.911 2.679 2.288 1.779 1.178 0.636 0.005 2.606 1.393
5.25 7.94 2.737 2.730 2.799 2.563 2.140 1.632 1.032 0.495 -0.129 2.504 1.261
5.25 10.00 2.605 2.598 2.668 2.428 1.982 1.475 0.876 0.345 -0.272 2.380 1.110
5.25 12.59 2.456 2.450 2.520 2.278 1.814 1.309 0.712 0.187 -0.422 2.237 0.946
5.25 15.85 2.286 2.280 2.351 2.109 1.641 1.137 0.542 0.024 -0.575 2.069 0.763
5.25 19.95 2.105 2.100 2.172 1.930 1.463 0.961 0.369 -0.142 -0.731 1.890 0.573
5.25 25.12 1.920 1.915 1.989 1.748 1.281 0.782 0.194 -0.310 -0.889 1.706 0.377
5.25 31.62 1.730 1.726 1.802 1.561 1.095 0.600 0.016 -0.480 -1.048 1.519 0.178
5.25 39.81 1.535 1.533 1.611 1.371 0.905 0.414 -0.163 -0.651 -1.207 1.326 -0.025
5.25 50.12 1.335 1.334 1.415 1.177 0.711 0.226 -0.344 -0.823 -1.367 1.129 -0.233
5.25 63.10 1.128 1.129 1.213 0.977 0.512 0.034 -0.527 -0.997 -1.529 0.927 -0.447
5.25 79.43 0.913 0.917 1.005 0.771 0.307 -0.162 -0.711 -1.172 -1.691 0.717 -0.667
5.25 100.00 0.688 0.695 0.789 0.558 0.094 -0.363 -0.897 -1.349 -1.855 0.498 -0.895
5.25 125.89 0.450 0.461 0.562 0.335 -0.127 -0.571 -1.086 -1.528 -2.021 0.269 -1.133
5.25 158.49 0.197 0.212 0.322 0.099 -0.361 -0.786 -1.278 -1.711 -2.190 0.026 -1.385
5.25 199.53 -0.076 -0.055 0.066 -0.151 -0.609 -1.012 -1.473 -1.897 -2.363 -0.234 -1.652
5.25 251.19 -0.374 -0.345 -0.210 -0.420 -0.876 -1.250 -1.674 -2.087 -2.540 -0.515 -1.939
5.25 316.23 -0.704 -0.665 -0.512 -0.713 -1.165 -1.504 -1.880 -2.284 -2.723 -0.824 -2.252
5.25 398.11 -1.072 -1.021 -0.847 -1.036 -1.484 -1.778 -2.094 -2.488 -2.914 -1.167 -2.596
5.25 501.19 -1.491 -1.424 -1.222 -1.396 -1.840 -2.077 -2.318 -2.702 -3.114 -1.552 -2.981
5.25 630.96 -1.972 -1.885 -1.648 -1.805 -2.241 -2.407 -2.553 -2.928 -3.326 -1.991 -3.416
5.25 794.33 -2.531 -2.420 -2.139 -2.273 -2.701 -2.777 -2.804 -3.169 -3.553 -2.499 -3.914
5.25 1000.00 -3.190 -3.048 -2.711 -2.816 -3.234 -3.197 -3.074 -3.428 -3.799 -3.091 -4.493
5.50 1.00 3.303 3.304 3.379 3.174 2.863 2.382 1.809 1.268 0.613 3.058 1.945
5.50 1.26 3.293 3.293 3.368 3.164 2.852 2.371 1.798 1.259 0.605 3.047 1.933
5.50 1.58 3.276 3.277 3.351 3.147 2.836 2.355 1.782 1.244 0.592 3.031 1.916
5.50 2.00 3.251 3.252 3.327 3.123 2.811 2.331 1.757 1.221 0.572 3.006 1.889
5.50 2.51 3.215 3.216 3.291 3.086 2.775 2.295 1.722 1.188 0.541 2.970 1.850
5.50 3.16 3.164 3.165 3.239 3.035 2.724 2.244 1.671 1.140 0.497 2.918 1.796
5.50 3.98 3.094 3.095 3.170 2.966 2.654 2.174 1.602 1.074 0.435 2.849 1.721
5.50 5.01 3.004 3.005 3.080 2.876 2.565 2.085 1.513 0.989 0.355 2.759 1.625
5.50 6.31 2.914 2.915 2.990 2.784 2.455 1.976 1.404 0.884 0.256 2.674 1.522
5.50 7.94 2.827 2.829 2.904 2.692 2.326 1.848 1.278 0.762 0.140 2.600 1.414
5.50 10.00 2.717 2.719 2.795 2.579 2.182 1.705 1.136 0.625 0.011 2.500 1.285
5.50 12.59 2.586 2.588 2.665 2.446 2.026 1.550 0.983 0.478 -0.128 2.377 1.136
5.50 15.85 2.438 2.441 2.519 2.297 1.860 1.386 0.821 0.322 -0.275 2.235 0.973
5.50 19.95 2.268 2.271 2.350 2.128 1.687 1.215 0.654 0.162 -0.426 2.068 0.791
5.50 25.12 2.087 2.091 2.171 1.950 1.509 1.040 0.482 -0.003 -0.580 1.888 0.600
5.50 31.62 1.900 1.905 1.987 1.766 1.326 0.860 0.307 -0.170 -0.736 1.703 0.404
5.50 39.81 1.707 1.713 1.798 1.578 1.139 0.677 0.130 -0.339 -0.894 1.513 0.203
5.50 50.12 1.509 1.517 1.603 1.386 0.947 0.491 -0.049 -0.509 -1.053 1.318 -0.003
5.50 63.10 1.304 1.313 1.404 1.188 0.749 0.301 -0.230 -0.681 -1.213 1.117 -0.214
5.50 79.43 1.090 1.102 1.197 0.983 0.545 0.106 -0.413 -0.855 -1.374 0.908 -0.433
5.50 100.00 0.866 0.881 0.982 0.771 0.334 -0.094 -0.598 -1.031 -1.537 0.691 -0.660
5.50 125.89 0.630 0.649 0.756 0.549 0.113 -0.301 -0.785 -1.209 -1.702 0.463 -0.897
5.50 158.49 0.377 0.401 0.517 0.315 -0.119 -0.515 -0.976 -1.391 -1.870 0.221 -1.147
5.50 199.53 0.105 0.135 0.263 0.066 -0.366 -0.740 -1.171 -1.576 -2.042 -0.038 -1.413
5.50 251.19 -0.192 -0.154 -0.013 -0.202 -0.632 -0.977 -1.370 -1.765 -2.218 -0.318 -1.699
5.50 316.23 -0.520 -0.472 -0.314 -0.494 -0.920 -1.230 -1.575 -1.961 -2.400 -0.626 -2.011
5.50 398.11 -0.888 -0.828 -0.647 -0.816 -1.238 -1.502 -1.788 -2.164 -2.590 -0.967 -2.354
5.50 501.19 -1.305 -1.230 -1.021 -1.176 -1.593 -1.800 -2.011 -2.377 -2.789 -1.352 -2.738
5.50 630.96 -1.785 -1.690 -1.447 -1.583 -1.993 -2.130 -2.246 -2.602 -3.000 -1.790 -3.172
5.50 794.33 -2.343 -2.224 -1.936 -2.050 -2.452 -2.498 -2.495 -2.842 -3.226 -2.296 -3.669
5.50 1000.00 -3.001 -2.851 -2.508 -2.592 -2.984 -2.917 -2.764 -3.100 -3.471 -2.888 -4.247
5.75 1.00 3.251 3.260 3.342 3.158 2.873 2.422 1.880 1.361 0.711 3.020 1.934
5.75 1.26 3.245 3.254 3.335 3.152 2.867 2.416 1.874 1.356 0.707 3.014 1.927
5.75 1.58 3.235 3.245 3.326 3.142 2.857 2.407 1.865 1.348 0.701 3.005 1.917
5.75 2.00 3.220 3.230 3.311 3.128 2.843 2.392 1.850 1.335 0.690 2.990 1.901
5.75 2.51 3.198 3.208 3.289 3.105 2.821 2.370 1.828 1.315 0.673 2.968 1.878
5.75 3.16 3.165 3.175 3.256 3.073 2.788 2.338 1.796 1.285 0.647 2.935 1.843
5.75 3.98 3.118 3.128 3.209 3.026 2.741 2.291 1.750 1.242 0.607 2.888 1.793
5.75 5.01 3.054 3.063 3.145 2.962 2.677 2.227 1.686 1.182 0.552 2.824 1.724
5.75 6.31 2.969 2.979 3.061 2.877 2.593 2.144 1.603 1.103 0.478 2.739 1.634
5.75 7.94 2.890 2.900 2.982 2.795 2.488 2.040 1.500 1.004 0.385 2.667 1.540
5.75 10.00 2.805 2.815 2.898 2.706 2.364 1.917 1.379 0.887 0.276 2.594 1.436
5.75 12.59 2.697 2.707 2.791 2.595 2.224 1.777 1.241 0.755 0.151 2.495 1.309
5.75 15.85 2.567 2.578 2.663 2.463 2.070 1.625 1.091 0.611 0.016 2.374 1.162
5.75 19.95 2.420 2.432 2.517 2.316 1.906 1.463 0.932 0.459 -0.127 2.233 1.000
5.75 25.12 2.249 2.262 2.348 2.147 1.734 1.294 0.766 0.300 -0.276 2.065 0.819
5.75 31.62 2.067 2.080 2.169 1.968 1.555 1.119 0.596 0.137 -0.428 1.885 0.628
5.75 39.81 1.878 1.892 1.983 1.784 1.371 0.939 0.422 -0.029 -0.583 1.698 0.430
5.75 50.12 1.682 1.698 1.791 1.593 1.181 0.755 0.245 -0.197 -0.740 1.505 0.227
5.75 63.10 1.478 1.496 1.593 1.397 0.985 0.566 0.066 -0.368 -0.898 1.306 0.017
5.75 79.43 1.266 1.287 1.388 1.194 0.783 0.373 -0.115 -0.540 -1.058 1.099 -0.200
5.75 100.00 1.044 1.067 1.174 0.983 0.573 0.174 -0.299 -0.715 -1.220 0.883 -0.426
5.75 125.89 0.809 0.836 0.950 0.763 0.354 -0.031 -0.485 -0.892 -1.384 0.656 -0.661
5.75 158.49 0.557 0.590 0.712 0.530 0.123 -0.244 -0.675 -1.072 -1.551 0.416 -0.910
5.75 199.53 0.286 0.325 0.459 0.282 -0.123 -0.467 -0.868 -1.256 -1.722 0.158 -1.175
5.75 251.19 -0.009 0.037 0.184 0.015 -0.388 -0.703 -1.067 -1.445 -1.897 -0.122 -1.460
5.75 316.23 -0.337 -0.281 -0.116 -0.276 -0.675 -0.955 -1.271 -1.639 -2.078 -0.428 -1.770
5.75 398.11 -0.703 -0.635 -0.448 -0.597 -0.992 -1.227 -1.483 -1.841 -2.267 -0.769 -2.113
5.75 501.19 -1.120 -1.036 -0.821 -0.955 -1.346 -1.524 -1.704 -2.053 -2.465 -1.152 -2.495
5.75 630.96 -1.599 -1.495 -1.245 -1.362 -1.745 -1.852 -1.938 -2.277 -2.675 -1.589 -2.928
5.75 794.33 -2.156 -2.028 -1.734 -1.828 -2.203 -2.220 -2.187 -2.516 -2.900 -2.094 -3.424
5.75 1000.00 -2.812 -2.654 -2.304 -2.369 -2.734 -2.638 -2.454 -2.774 -3.144 -2.685 -4.001
6.00 1.00 3.196 3.214 3.302 3.139 2.881 2.461 1.950 1.451 0.806 2.981 1.921
6.00 1.26 3.193 3.211 3.299 3.136 2.877 2.457 1.947 1.449 0.805 2.977 1.917
6.00 1.58 3.187 3.205 3.293 3.130 2.872 2.452 1.941 1.445 0.803 2.972 1.911
6.00 2.00 3.179 3.197 3.285 3.122 2.864 2.443 1.933 1.438 0.798 2.963 1.902
6.00 2.51 3.165 3.184 3.272 3.109 2.851 2.431 1.920 1.427 0.790 2.950 1.888
6.00 3.16 3.145 3.164 3.252 3.089 2.831 2.411 1.901 1.409 0.776 2.930 1.867
6.00 3.98 3.116 3.134 3.222 3.059 2.801 2.381 1.872 1.383 0.753 2.901 1.835
6.00 5.01 3.073 3.091 3.180 3.017 2.759 2.339 1.830 1.344 0.718 2.858 1.790
6.00 6.31 3.013 3.032 3.120 2.957 2.699 2.280 1.771 1.289 0.669 2.798 1.726
6.00 7.94 2.934 2.953 3.041 2.879 2.621 2.202 1.694 1.216 0.601 2.719 1.642
6.00 10.00 2.865 2.884 2.973 2.806 2.521 2.104 1.597 1.124 0.515 2.659 1.558
6.00 12.59 2.782 2.801 2.891 2.720 2.402 1.986 1.480 1.012 0.411 2.587 1.456
6.00 15.85 2.676 2.695 2.786 2.611 2.265 1.850 1.347 0.885 0.292 2.490 1.332
6.00 19.95 2.547 2.568 2.659 2.481 2.114 1.701 1.200 0.745 0.161 2.370 1.188
6.00 25.12 2.401 2.422 2.515 2.335 1.951 1.541 1.044 0.595 0.021 2.230 1.027
6.00 31.62 2.229 2.251 2.346 2.166 1.779 1.372 0.880 0.438 -0.125 2.061 0.846
6.00 39.81 2.045 2.068 2.165 1.986 1.599 1.197 0.710 0.277 -0.276 1.880 0.653
6.00 50.12 1.852 1.877 1.976 1.799 1.413 1.016 0.537 0.112 -0.430 1.690 0.454
6.00 63.10 1.651 1.678 1.781 1.606 1.220 0.831 0.361 -0.056 -0.586 1.494 0.247
6.00 79.43 1.441 1.470 1.578 1.405 1.020 0.639 0.181 -0.227 -0.744 1.289 0.032
6.00 100.00 1.221 1.253 1.366 1.195 0.812 0.442 -0.001 -0.400 -0.905 1.075 -0.192
6.00 125.89 0.987 1.023 1.143 0.976 0.594 0.239 -0.186 -0.576 -1.067 0.849 -0.426
6.00 158.49 0.737 0.778 0.907 0.745 0.364 0.027 -0.374 -0.754 -1.233 0.610 -0.673
6.00 199.53 0.467 0.514 0.654 0.498 0.119 -0.196 -0.566 -0.937 -1.403 0.353 -0.937
6.00 251.19 0.173 0.227 0.381 0.232 -0.144 -0.430 -0.763 -1.125 -1.577 0.075 -1.221
6.00 316.23 -0.154 -0.089 0.082 -0.058 -0.431 -0.681 -0.967 -1.319 -1.757 -0.230 -1.530
6.00 398.11 -0.519 -0.442 -0.249 -0.378 -0.746 -0.952 -1.178 -1.520 -1.945 -0.570 -1.871
6.00 501.19 -0.935 -0.842 -0.621 -0.735 -1.099 -1.248 -1.398 -1.730 -2.142 -0.952 -2.252
6.00 630.96 -1.412 -1.301 -1.044 -1.140 -1.497 -1.575 -1.631 -1.953 -2.351 -1.388 -2.684
6.00 794.33 -1.969 -1.832 -1.532 -1.605 -1.954 -1.942 -1.878 -2.191 -2.575 -1.893 -3.179
6.00 1000.00 -2.624 -2.457 -2.101 -2.146 -2.484 -2.359 -2.145 -2.448 -2.818 -2.482 -3.755
6.25 1.00 3.140 3.167 3.262 3.120 2.888 2.499 2.020 1.541 0.901 2.940 1.907
6.25 1.26 3.138 3.165 3.260 3.118 2.886 2.497 2.018 1.540 0.902 2.938 1.905
6.25 1.58 3.135 3.162 3.257 3.115 2.883 2.494 2.015 1.538 0.901 2.935 1.901
6.25 2.00 3.130 3.157 3.252 3.110 2.878 2.489 2.011 1.534 0.900 2.930 1.896
6.25 2.51 3.122 3.150 3.245 3.102 2.871 2.482 2.003 1.529 0.897 2.923 1.888
6.25 3.16 3.111 3.138 3.233 3.091 2.859 2.470 1.992 1.519 0.890 2.911 1.876
6.25 3.98 3.093 3.120 3.215 3.073 2.841 2.452 1.974 1.504 0.878 2.893 1.857
6.25 5.01 3.066 3.093 3.189 3.046 2.815 2.426 1.948 1.481 0.859 2.866 1.828
6.25 6.31 3.027 3.054 3.150 3.007 2.776 2.387 1.910 1.446 0.829 2.827 1.787
6.25 7.94 2.972 2.999 3.095 2.953 2.721 2.333 1.857 1.397 0.785 2.772 1.728
6.25 10.00 2.898 2.925 3.021 2.879 2.648 2.261 1.785 1.330 0.724 2.699 1.650
6.25 12.59 2.839 2.867 2.964 2.817 2.554 2.168 1.693 1.243 0.645 2.651 1.575
6.25 15.85 2.758 2.786 2.884 2.733 2.439 2.054 1.582 1.137 0.547 2.580 1.477
6.25 19.95 2.653 2.682 2.781 2.626 2.306 1.923 1.453 1.015 0.433 2.484 1.355
6.25 25.12 2.526 2.556 2.655 2.498 2.157 1.777 1.310 0.878 0.306 2.366 1.213
6.25 31.62 2.379 2.410 2.511 2.352 1.995 1.618 1.156 0.731 0.169 2.226 1.053
6.25 39.81 2.206 2.238 2.341 2.183 1.823 1.450 0.994 0.577 0.025 2.056 0.871
6.25 50.12 2.019 2.052 2.158 2.001 1.642 1.275 0.826 0.417 -0.124 1.872 0.677
6.25 63.10 1.822 1.857 1.967 1.811 1.453 1.093 0.653 0.252 -0.277 1.679 0.474
6.25 79.43 1.615 1.652 1.766 1.613 1.255 0.904 0.476 0.084 -0.433 1.477 0.262
6.25 100.00 1.396 1.437 1.556 1.406 1.049 0.709 0.296 -0.087 -0.591 1.265 0.041
6.25 125.89 1.164 1.209 1.335 1.189 0.833 0.507 0.113 -0.261 -0.752 1.041 -0.192
6.25 158.49 0.916 0.966 1.101 0.959 0.605 0.297 -0.074 -0.438 -0.917 0.804 -0.437
6.25 199.53 0.648 0.703 0.849 0.713 0.361 0.076 -0.265 -0.620 -1.085 0.548 -0.699
6.25 251.19 0.354 0.418 0.578 0.449 0.099 -0.158 -0.461 -0.807 -1.259 0.271 -0.982
6.25 316.23 0.029 0.102 0.280 0.160 -0.186 -0.407 -0.663 -0.999 -1.438 -0.033 -1.290
6.25 398.11 -0.335 -0.250 -0.050 -0.159 -0.501 -0.677 -0.873 -1.199 -1.624 -0.371 -1.630
6.25 501.19 -0.750 -0.649 -0.421 -0.515 -0.852 -0.972 -1.092 -1.409 -1.820 -0.753 -2.010
6.25 630.96 -1.226 -1.106 -0.843 -0.919 -1.250 -1.298 -1.324 -1.631 -2.028 -1.188 -2.441
6.25 794.33 -1.782 -1.637 -1.330 -1.383 -1.706 -1.664 -1.570 -1.867 -2.251 -1.691 -2.935
6.25 1000.00 -2.436 -2.260 -1.898 -1.922 -2.234 -2.080 -1.836 -2.123 -2.493 -2.279 -3.509
6.50 1.00 3.083 3.119 3.222 3.100 2.895 2.537 2.091 1.630 0.996 2.899 1.893
6.50 1.26 3.082 3.118 3.221 3.099 2.894 2.536 2.090 1.630 0.997 2.898 1.891
6.50 1.58 3.080 3.117 3.219 3.097 2.892 2.534 2.089 1.629 0.998 2.896 1.890
6.50 2.00 3.078 3.114 3.216 3.094 2.889 2.532 2.086 1.628 0.998 2.893 1.887
6.50 2.51 3.073 3.110 3.212 3.090 2.885 2.527 2.082 1.625 0.998 2.889 1.882
6.50 3.16 3.066 3.103 3.205 3.083 2.878 2.521 2.075 1.620 0.996 2.882 1.875
6.50 3.98 3.056 3.092 3.195 3.073 2.868 2.510 2.065 1.612 0.991 2.872 1.864
6.50 5.01 3.040 3.076 3.179 3.057 2.852 2.495 2.050 1.600 0.982 2.856 1.847
6.50 6.31 3.015 3.052 3.155 3.033 2.828 2.471 2.026 1.579 0.966 2.832 1.821
6.50 7.94 2.980 3.016 3.119 2.997 2.793 2.436 1.992 1.549 0.941 2.796 1.783
6.50 10.00 2.929 2.966 3.069 2.947 2.743 2.386 1.943 1.504 0.902 2.746 1.729
6.50 12.59 2.869 2.906 3.009 2.887 2.674 2.319 1.876 1.442 0.847 2.689 1.663
6.50 15.85 2.812 2.849 2.953 2.826 2.585 2.231 1.790 1.362 0.774 2.641 1.590
6.50 19.95 2.732 2.770 2.875 2.745 2.475 2.123 1.684 1.262 0.682 2.571 1.496
6.50 25.12 2.629 2.668 2.774 2.640 2.345 1.995 1.560 1.144 0.573 2.477 1.377
6.50 31.62 2.503 2.542 2.650 2.514 2.198 1.852 1.421 1.012 0.451 2.359 1.237
6.50 39.81 2.355 2.396 2.506 2.368 2.037 1.695 1.269 0.868 0.317 2.219 1.077
6.50 50.12 2.179 2.221 2.334 2.197 1.864 1.527 1.109 0.715 0.176 2.047 0.893
6.50 63.10 1.988 2.032 2.148 2.013 1.681 1.351 0.942 0.556 0.028 1.860 0.697
6.50 79.43 1.785 1.832 1.952 1.819 1.488 1.166 0.769 0.392 -0.124 1.662 0.489
6.50 100.00 1.570 1.619 1.745 1.615 1.285 0.974 0.592 0.224 -0.280 1.453 0.271
6.50 125.89 1.341 1.394 1.526 1.400 1.071 0.775 0.411 0.052 -0.439 1.232 0.041
6.50 158.49 1.094 1.152 1.294 1.172 0.844 0.566 0.226 -0.124 -0.602 0.996 -0.202
6.50 199.53 0.827 0.892 1.044 0.928 0.603 0.347 0.037 -0.304 -0.769 0.743 -0.463
6.50 251.19 0.535 0.607 0.774 0.665 0.342 0.114 -0.158 -0.490 -0.941 0.467 -0.744
6.50 316.23 0.212 0.293 0.477 0.377 0.058 -0.134 -0.359 -0.681 -1.119 0.164 -1.050
6.50 398.11 -0.152 -0.058 0.148 0.060 -0.256 -0.402 -0.568 -0.880 -1.305 -0.173 -1.389
6.50 501.19 -0.565 -0.456 -0.222 -0.295 -0.606 -0.696 -0.786 -1.089 -1.500 -0.553 -1.768
6.50 630.96 -1.040 -0.912 -0.643 -0.698 -1.002 -1.021 -1.017 -1.309 -1.707 -0.987 -2.197
6.50 794.33 -1.595 -1.442 -1.129 -1.161 -1.457 -1.386 -1.262 -1.545 -1.929 -1.489 -2.691
6.50 1000.00 -2.248 -2.064 -1.696 -1.700 -1.985 -1.801 -1.527 -1.800 -2.170 -2.077 -3.264
6.75 1.00 3.025 3.071 3.181 3.080 2.902 2.576 2.164 1.720 1.092 2.857 1.878
6.75 1.26 3.025 3.070 3.180 3.079 2.901 2.575 2.163 1.720 1.093 2.856 1.877
6.75 1.58 3.024 3.069 3.179 3.078 2.900 2.574 2.162 1.720 1.094 2.855 1.876
6.75 2.00 3.022 3.068 3.178 3.077 2.899 2.573 2.161 1.719 1.095 2.854 1.875
6.75 2.51 3.020 3.065 3.175 3.074 2.896 2.570 2.158 1.719 1.097 2.851 1.872
6.75 3.16 3.016 3.061 3.171 3.070 2.892 2.566 2.155 1.717 1.097 2.848 1.868
6.75 3.98 3.010 3.055 3.165 3.064 2.886 2.561 2.149 1.713 1.096 2.842 1.861
6.75 5.01 3.000 3.046 3.156 3.055 2.877 2.551 2.140 1.706 1.093 2.832 1.851
6.75 6.31 2.986 3.031 3.141 3.041 2.863 2.537 2.126 1.695 1.086 2.818 1.836
6.75 7.94 2.964 3.009 3.120 3.019 2.841 2.516 2.105 1.678 1.074 2.796 1.813
6.75 10.00 2.931 2.977 3.087 2.987 2.809 2.484 2.074 1.651 1.052 2.763 1.778
6.75 12.59 2.884 2.930 3.041 2.940 2.763 2.439 2.029 1.611 1.019 2.717 1.729
6.75 15.85 2.838 2.884 2.996 2.893 2.699 2.376 1.968 1.555 0.969 2.677 1.674
6.75 19.95 2.782 2.829 2.941 2.835 2.615 2.293 1.887 1.480 0.903 2.630 1.605
6.75 25.12 2.704 2.752 2.865 2.755 2.509 2.190 1.787 1.385 0.817 2.561 1.513
6.75 31.62 2.602 2.650 2.765 2.652 2.383 2.066 1.667 1.273 0.714 2.468 1.397
6.75 39.81 2.476 2.525 2.642 2.527 2.238 1.925 1.532 1.144 0.595 2.350 1.258
6.75 50.12 2.327 2.378 2.497 2.381 2.077 1.770 1.383 1.003 0.465 2.210 1.098
6.75 63.10 2.147 2.200 2.322 2.208 1.902 1.602 1.224 0.852 0.326 2.034 0.912
6.75 79.43 1.951 2.006 2.133 2.020 1.715 1.424 1.058 0.694 0.179 1.843 0.711
6.75 100.00 1.740 1.798 1.930 1.821 1.517 1.237 0.885 0.530 0.027 1.639 0.498
6.75 125.89 1.514 1.576 1.715 1.609 1.307 1.040 0.707 0.361 -0.129 1.421 0.272
6.75 158.49 1.271 1.337 1.485 1.384 1.083 0.834 0.524 0.188 -0.290 1.187 0.031
6.75 199.53 1.006 1.079 1.237 1.142 0.843 0.617 0.337 0.010 -0.455 0.936 -0.227
6.75 251.19 0.716 0.796 0.969 0.880 0.584 0.386 0.144 -0.174 -0.626 0.662 -0.506
6.75 316.23 0.393 0.483 0.674 0.594 0.301 0.139 -0.056 -0.364 -0.802 0.360 -0.811
6.75 398.11 0.031 0.134 0.346 0.278 -0.011 -0.128 -0.263 -0.562 -0.987 0.024 -1.149
6.75 501.19 -0.381 -0.263 -0.023 -0.076 -0.360 -0.421 -0.481 -0.770 -1.181 -0.354 -1.526
6.75 630.96 -0.855 -0.718 -0.443 -0.478 -0.755 -0.745 -0.710 -0.989 -1.386 -0.787 -1.955
6.75 794.33 -1.408 -1.246 -0.927 -0.940 -1.209 -1.108 -0.954 -1.224 -1.607 -1.288 -2.447
6.75 1000.00 -2.061 -1.868 -1.493 -1.477 -1.736 -1.522 -1.218 -1.478 -1.848 -1.875 -3.019
7.00 1.00 2.966 3.021 3.139 3.059 2.907 2.614 2.237 1.810 1.187 2.814 1.862
7.00 1.26 2.965 3.020 3.138 3.058 2.907 2.614 2.237 1.810 1.189 2.814 1.862
7.00 1.58 2.965 3.020 3.138 3.058 2.907 2.614 2.236 1.810 1.190 2.813 1.861
7.00 2.00 2.964 3.019 3.137 3.057 2.906 2.613 2.236 1.811 1.192 2.812 1.860
7.00 2.51 2.962 3.017 3.135 3.055 2.904 2.611 2.234 1.811 1.194 2.811 1.859
7.00 3.16 2.960 3.015 3.133 3.053 2.902 2.609 2.232 1.810 1.195 2.809 1.857
7.00 3.98 2.957 3.012 3.130 3.050 2.899 2.606 2.229 1.809 1.197 2.805 1.853
7.00 5.01 2.951 3.006 3.124 3.044 2.893 2.601 2.224 1.806 1.197 2.800 1.847
7.00 6.31 2.943 2.998 3.116 3.036 2.885 2.592 2.216 1.801 1.196 2.791 1.838
7.00 7.94 2.930 2.985 3.103 3.023 2.872 2.580 2.203 1.792 1.191 2.778 1.824
7.00 10.00 2.909 2.965 3.083 3.003 2.852 2.560 2.185 1.776 1.181 2.758 1.803
7.00 12.59 2.880 2.935 3.054 2.974 2.823 2.532 2.157 1.753 1.164 2.729 1.772
7.00 15.85 2.842 2.897 3.016 2.936 2.781 2.490 2.116 1.717 1.135 2.693 1.730
7.00 19.95 2.804 2.860 2.980 2.897 2.721 2.432 2.060 1.666 1.091 2.663 1.683
7.00 25.12 2.749 2.806 2.927 2.841 2.641 2.354 1.984 1.597 1.031 2.616 1.617
7.00 31.62 2.673 2.730 2.852 2.763 2.540 2.255 1.889 1.508 0.951 2.548 1.527
7.00 39.81 2.571 2.630 2.753 2.662 2.417 2.136 1.774 1.400 0.853 2.456 1.413
7.00 50.12 2.445 2.504 2.631 2.537 2.273 1.997 1.642 1.276 0.739 2.338 1.275
7.00 63.10 2.294 2.355 2.485 2.391 2.112 1.843 1.496 1.138 0.612 2.196 1.115
7.00 79.43 2.108 2.172 2.305 2.213 1.935 1.674 1.339 0.989 0.475 2.015 0.925
7.00 100.00 1.905 1.971 2.110 2.021 1.744 1.494 1.173 0.831 0.329 1.818 0.719
7.00 125.89 1.684 1.754 1.900 1.814 1.538 1.302 1.000 0.667 0.177 1.605 0.499
7.00 158.49 1.444 1.519 1.674 1.593 1.318 1.099 0.821 0.497 0.020 1.376 0.262
7.00 199.53 1.182 1.264 1.429 1.354 1.081 0.885 0.636 0.321 -0.143 1.127 0.006
7.00 251.19 0.894 0.983 1.162 1.094 0.824 0.656 0.445 0.139 -0.312 0.855 -0.270
7.00 316.23 0.574 0.673 0.869 0.810 0.544 0.411 0.247 -0.049 -0.487 0.556 -0.574
7.00 398.11 0.213 0.324 0.543 0.495 0.233 0.145 0.041 -0.246 -0.670 0.221 -0.909
7.00 501.19 -0.197 -0.071 0.176 0.143 -0.115 -0.146 -0.175 -0.452 -0.863 -0.156 -1.285
7.00 630.96 -0.670 -0.524 -0.243 -0.258 -0.509 -0.469 -0.404 -0.670 -1.068 -0.588 -1.712
7.00 794.33 -1.222 -1.052 -0.726 -0.719 -0.961 -0.831 -0.647 -0.904 -1.287 -1.088 -2.203
7.00 1000.00 -1.873 -1.672 -1.291 -1.255 -1.487 -1.244 -0.910 -1.157 -1.526 -1.673 -2.774
7.25 1.00 2.903 2.968 3.094 3.036 2.912 2.653 2.312 1.900 1.283 2.769 1.845
7.25 1.26 2.903 2.968 3.094 3.036 2.911 2.653 2.312 1.900 1.285 2.769 1.845
7.25 1.58 2.902 2.967 3.094 3.035 2.911 2.652 2.312 1.901 1.286 2.768 1.845
7.25 2.00 2.902 2.967 3.093 3.035 2.911 2.652 2.311 1.901 1.288 2.768 1.844
7.25 2.51 2.901 2.966 3.093 3.034 2.910 2.651 2.310 1.902 1.290 2.767 1.843
7.25 3.16 2.900 2.965 3.091 3.033 2.909 2.650 2.309 1.902 1.293 2.766 1.842
7.25 3.98 2.898 2.963 3.089 3.031 2.907 2.648 2.307 1.902 1.295 2.764 1.840
7.25 5.01 2.895 2.960 3.086 3.028 2.904 2.645 2.305 1.901 1.297 2.761 1.836
7.25 6.31 2.890 2.955 3.081 3.023 2.899 2.640 2.300 1.899 1.299 2.756 1.831
7.25 7.94 2.882 2.947 3.074 3.015 2.891 2.633 2.293 1.895 1.299 2.748 1.823
7.25 10.00 2.870 2.935 3.062 3.004 2.880 2.622 2.282 1.888 1.296 2.736 1.811
7.25 12.59 2.852 2.917 3.044 2.986 2.862 2.604 2.265 1.875 1.289 2.718 1.792
7.25 15.85 2.828 2.893 3.020 2.962 2.835 2.578 2.240 1.854 1.275 2.695 1.765
7.25 19.95 2.803 2.869 2.997 2.936 2.796 2.540 2.203 1.823 1.251 2.676 1.734
7.25 25.12 2.766 2.832 2.961 2.899 2.740 2.486 2.151 1.777 1.213 2.645 1.689
7.25 31.62 2.712 2.779 2.909 2.844 2.665 2.413 2.081 1.713 1.158 2.599 1.625
7.25 39.81 2.636 2.704 2.835 2.768 2.567 2.318 1.991 1.629 1.084 2.532 1.538
7.25 50.12 2.535 2.604 2.738 2.668 2.447 2.202 1.881 1.527 0.991 2.440 1.426
7.25 63.10 2.407 2.478 2.614 2.543 2.304 2.066 1.753 1.406 0.882 2.321 1.288
7.25 79.43 2.251 2.324 2.465 2.393 2.142 1.912 1.609 1.271 0.758 2.174 1.125
7.25 100.00 2.059 2.135 2.281 2.212 1.961 1.742 1.453 1.123 0.622 1.988 0.931
7.25 125.89 1.847 1.926 2.078 2.013 1.764 1.558 1.287 0.966 0.477 1.783 0.718
7.25 158.49 1.613 1.697 1.858 1.797 1.549 1.361 1.113 0.801 0.325 1.559 0.487
7.25 199.53 1.355 1.445 1.617 1.562 1.317 1.150 0.932 0.629 0.165 1.315 0.237
7.25 251.19 1.071 1.168 1.354 1.306 1.063 0.925 0.744 0.450 -0.001 1.046 -0.037
7.25 316.23 0.753 0.860 1.063 1.024 0.784 0.682 0.548 0.264 -0.174 0.749 -0.337
7.25 398.11 0.394 0.514 0.739 0.712 0.476 0.418 0.344 0.069 -0.355 0.417 -0.671
7.25 501.19 -0.014 0.121 0.373 0.361 0.130 0.128 0.129 -0.136 -0.546 0.041 -1.045
7.25 630.96 -0.486 -0.332 -0.044 -0.039 -0.263 -0.193 -0.098 -0.353 -0.750 -0.389 -1.471
7.25 794.33 -1.037 -0.858 -0.526 -0.498 -0.714 -0.554 -0.340 -0.585 -0.969 -0.888 -1.960
7.25 1000.00 -1.687 -1.477 -1.090 -1.033 -1.239 -0.966 -0.601 -0.837 -1.207 -1.472 -2.530
7.50 1.00 2.836 2.911 3.047 3.010 2.913 2.690 2.388 1.990 1.379 2.720 1.825
7.50 1.26 2.836 2.911 3.047 3.010 2.913 2.690 2.388 1.991 1.381 2.720 1.824
7.50 1.58 2.835 2.911 3.046 3.010 2.913 2.690 2.388 1.991 1.382 2.719 1.824
7.50 2.00 2.835 2.910 3.046 3.009 2.912 2.689 2.387 1.992 1.384 2.719 1.824
7.50 2.51 2.835 2.910 3.046 3.009 2.912 2.689 2.387 1.993 1.386 2.719 1.823
7.50 3.16 2.834 2.909 3.045 3.008 2.911 2.688 2.386 1.993 1.389 2.718 1.823
7.50 3.98 2.833 2.908 3.044 3.007 2.910 2.687 2.385 1.994 1.392 2.717 1.822
7.50 5.01 2.831 2.906 3.042 3.005 2.908 2.686 2.384 1.994 1.395 2.715 1.820
7.50 6.31 2.828 2.903 3.039 3.003 2.906 2.683 2.381 1.994 1.398 2.712 1.817
7.50 7.94 2.824 2.899 3.035 2.998 2.901 2.679 2.377 1.993 1.401 2.708 1.812
7.50 10.00 2.817 2.892 3.028 2.991 2.894 2.672 2.371 1.990 1.402 2.701 1.805
7.50 12.59 2.809 2.885 3.021 2.984 2.884 2.662 2.361 1.984 1.401 2.695 1.796
7.50 15.85 2.799 2.875 3.011 2.974 2.868 2.646 2.346 1.973 1.397 2.687 1.783
7.50 19.95 2.784 2.859 2.996 2.958 2.843 2.622 2.323 1.955 1.386 2.675 1.764
7.50 25.12 2.760 2.836 2.973 2.933 2.807 2.587 2.290 1.927 1.366 2.655 1.734
7.50 31.62 2.723 2.800 2.938 2.896 2.755 2.537 2.242 1.886 1.333 2.624 1.691
7.50 39.81 2.669 2.747 2.887 2.842 2.683 2.468 2.177 1.827 1.283 2.578 1.629
7.50 50.12 2.594 2.672 2.814 2.768 2.589 2.378 2.092 1.749 1.215 2.510 1.544
7.50 63.10 2.492 2.571 2.716 2.668 2.470 2.265 1.986 1.651 1.128 2.417 1.432
7.50 79.43 2.361 2.443 2.591 2.543 2.328 2.131 1.862 1.535 1.023 2.296 1.294
7.50 100.00 2.198 2.282 2.436 2.388 2.164 1.976 1.721 1.402 0.902 2.142 1.126
7.50 125.89 1.998 2.086 2.246 2.201 1.979 1.804 1.566 1.256 0.768 1.950 0.926
7.50 158.49 1.773 1.866 2.034 1.994 1.773 1.615 1.400 1.099 0.623 1.735 0.705
7.50 199.53 1.522 1.621 1.800 1.766 1.547 1.411 1.225 0.932 0.469 1.497 0.461
7.50 251.19 1.242 1.349 1.541 1.514 1.298 1.190 1.040 0.757 0.307 1.233 0.193
7.50 316.23 0.928 1.044 1.254 1.236 1.023 0.950 0.848 0.574 0.137 0.940 -0.104
7.50 398.11 0.573 0.701 0.933 0.926 0.717 0.689 0.646 0.381 -0.042 0.610 -0.435
7.50 501.19 0.167 0.310 0.570 0.577 0.373 0.401 0.433 0.178 -0.232 0.237 -0.807
7.50 630.96 -0.303 -0.140 0.154 0.180 -0.018 0.081 0.208 -0.037 -0.434 -0.192 -1.230
7.50 794.33 -0.852 -0.665 -0.326 -0.278 -0.468 -0.278 -0.033 -0.268 -0.652 -0.688 -1.718
7.50 1000.00 -1.501 -1.282 -0.889 -0.812 -0.991 -0.689 -0.294 -0.519 -0.888 -1.271 -2.286
7.75 1.00 2.776 2.862 3.008 2.992 2.910 2.725 2.464 2.080 1.475 2.683 1.809
7.75 1.26 2.776 2.862 3.008 2.992 2.910 2.725 2.464 2.080 1.476 2.683 1.809
7.75 1.58 2.776 2.861 3.008 2.992 2.910 2.725 2.464 2.081 1.478 2.683 1.809
7.75 2.00 2.775 2.861 3.008 2.992 2.910 2.724 2.464 2.082 1.479 2.683 1.809
7.75 2.51 2.775 2.861 3.008 2.991 2.909 2.724 2.464 2.082 1.482 2.683 1.809
7.75 3.16 2.775 2.861 3.007 2.991 2.909 2.724 2.463 2.083 1.484 2.682 1.808
7.75 3.98 2.775 2.861 3.007 2.991 2.908 2.723 2.463 2.084 1.487 2.682 1.808
7.75 5.01 2.774 2.860 3.006 2.990 2.907 2.722 2.462 2.085 1.491 2.682 1.807
7.75 6.31 2.773 2.859 3.005 2.989 2.906 2.721 2.460 2.086 1.494 2.681 1.806
7.75 7.94 2.771 2.857 3.004 2.987 2.903 2.718 2.458 2.086 1.498 2.679 1.804
7.75 10.00 2.769 2.855 3.001 2.985 2.899 2.714 2.454 2.086 1.502 2.677 1.800
7.75 12.59 2.765 2.851 2.998 2.981 2.893 2.708 2.449 2.084 1.505 2.674 1.795
7.75 15.85 2.758 2.844 2.991 2.974 2.883 2.699 2.440 2.079 1.506 2.669 1.788
7.75 19.95 2.748 2.835 2.982 2.964 2.868 2.685 2.427 2.070 1.504 2.661 1.776
7.75 25.12 2.733 2.819 2.967 2.948 2.845 2.663 2.406 2.055 1.496 2.648 1.757
7.75 31.62 2.709 2.796 2.944 2.924 2.812 2.631 2.376 2.030 1.480 2.628 1.729
7.75 39.81 2.672 2.760 2.909 2.888 2.763 2.584 2.332 1.993 1.451 2.597 1.687
7.75 50.12 2.618 2.707 2.858 2.835 2.694 2.519 2.271 1.939 1.407 2.550 1.626
7.75 63.10 2.542 2.632 2.785 2.761 2.603 2.432 2.191 1.866 1.345 2.481 1.542
7.75 79.43 2.438 2.530 2.687 2.661 2.486 2.323 2.090 1.773 1.263 2.387 1.431
7.75 100.00 2.303 2.398 2.559 2.534 2.344 2.189 1.970 1.661 1.161 2.263 1.291
7.75 125.89 2.130 2.227 2.395 2.372 2.176 2.034 1.831 1.531 1.043 2.098 1.116
7.75 158.49 1.919 2.021 2.197 2.178 1.984 1.858 1.677 1.385 0.910 1.897 0.909
7.75 199.53 1.679 1.787 1.973 1.960 1.767 1.663 1.510 1.228 0.765 1.670 0.676
7.75 251.19 1.407 1.523 1.722 1.715 1.526 1.449 1.332 1.059 0.609 1.414 0.415
7.75 316.23 1.099 1.224 1.441 1.443 1.256 1.214 1.144 0.880 0.443 1.126 0.124
7.75 398.11 0.748 0.885 1.123 1.137 0.954 0.957 0.945 0.691 0.267 0.800 -0.202
7.75 501.19 0.345 0.497 0.763 0.791 0.613 0.672 0.735 0.490 0.080 0.430 -0.571
7.75 630.96 -0.123 0.049 0.350 0.396 0.225 0.355 0.512 0.276 -0.120 0.004 -0.992
7.75 794.33 -0.670 -0.473 -0.128 -0.060 -0.223 -0.004 0.273 0.047 -0.336 -0.491 -1.477
7.75 1000.00 -1.316 -1.089 -0.689 -0.592 -0.744 -0.412 0.014 -0.202 -0.572 -1.072 -2.044
8.00 1.00 2.715 2.812 2.971 2.975 2.900 2.756 2.540 2.169 1.569 2.650 1.792
8.00 1.26 2.715 2.812 2.971 2.975 2.900 2.756 2.540 2.169 1.571 2.650 1.792
8.00 1.58 2.715 2.812 2.971 2.974 2.900 2.756 2.540 2.170 1.572 2.650 1.792
8.00 2.00 2.715 2.812 2.971 2.974 2.900 2.756 2.540 2.170 1.574 2.649 1.792
8.00 2.51 2.715 2.812 2.970 2.974 2.900 2.755 2.540 2.171 1.576 2.649 1.792
8.00 3.16 2.714 2.812 2.970 2.974 2.899 2.755 2.540 2.172 1.578 2.649 1.792
8.00 3.98 2.714 2.812 2.970 2.974 2.899 2.755 2.540 2.173 1.581 2.649 1.792
8.00 5.01 2.714 2.811 2.970 2.973 2.898 2.754 2.539 2.174 1.585 2.649 1.791
8.00 6.31 2.713 2.811 2.969 2.973 2.898 2.753 2.538 2.176 1.589 2.648 1.790
8.00 7.94 2.712 2.810 2.968 2.972 2.896 2.752 2.537 2.177 1.593 2.647 1.789
8.00 10.00 2.710 2.808 2.967 2.970 2.894 2.750 2.535 2.177 1.598 2.646 1.787
8.00 12.59 2.708 2.805 2.964 2.968 2.890 2.746 2.532 2.178 1.603 2.644 1.784
8.00 15.85 2.704 2.801 2.960 2.964 2.884 2.741 2.527 2.176 1.607 2.640 1.779
8.00 19.95 2.697 2.795 2.954 2.957 2.875 2.732 2.519 2.173 1.610 2.635 1.772
8.00 25.12 2.687 2.785 2.945 2.947 2.861 2.719 2.507 2.166 1.610 2.627 1.760
8.00 31.62 2.671 2.770 2.930 2.932 2.840 2.699 2.488 2.153 1.605 2.613 1.742
8.00 39.81 2.647 2.746 2.907 2.908 2.808 2.669 2.461 2.132 1.592 2.592 1.715
8.00 50.12 2.610 2.710 2.872 2.872 2.762 2.625 2.420 2.098 1.568 2.561 1.674
8.00 63.10 2.556 2.656 2.820 2.820 2.696 2.564 2.364 2.049 1.529 2.512 1.614
8.00 79.43 2.478 2.580 2.747 2.745 2.607 2.480 2.289 1.981 1.471 2.443 1.530
8.00 100.00 2.371 2.475 2.646 2.644 2.491 2.373 2.192 1.892 1.394 2.345 1.419
8.00 125.89 2.230 2.338 2.515 2.513 2.347 2.240 2.075 1.783 1.297 2.216 1.275
8.00 158.49 2.043 2.155 2.339 2.342 2.174 2.083 1.938 1.655 1.181 2.039 1.091
8.00 199.53 1.819 1.937 2.131 2.138 1.973 1.902 1.784 1.511 1.048 1.826 0.874
8.00 251.19 1.559 1.684 1.891 1.906 1.743 1.699 1.616 1.352 0.902 1.582 0.626
8.00 316.23 1.260 1.394 1.618 1.641 1.482 1.472 1.435 1.180 0.743 1.303 0.344
8.00 398.11 0.916 1.062 1.308 1.342 1.186 1.220 1.241 0.995 0.572 0.984 0.024
8.00 501.19 0.517 0.679 0.952 1.000 0.850 0.939 1.035 0.798 0.388 0.618 -0.340
8.00 630.96 0.054 0.235 0.543 0.609 0.465 0.625 0.814 0.587 0.191 0.196 -0.757
8.00 794.33 -0.490 -0.285 0.067 0.156 0.020 0.270 0.577 0.360 -0.023 -0.296 -1.239
8.00 1000.00 -1.134 -0.898 -0.491 -0.373 -0.499 -0.137 0.320 0.113 -0.257 -0.874 -1.803
