GarciaEtAl2005SSlab as implemented in OpenQuake, distance is rhypo. Log10 hazard values in cgs units
          14 31 18 : nmag, ndist, nperiod
          10.000 5.000 4.000 3.000 2.000 1.500 1.000 0.750 0.500 0.400 0.300 0.200 0.100 0.070 0.050 0.040 PGA PGV
          0.567 0.567 0.583 0.605 0.607 0.645 0.638 0.631 0.609 0.626 0.637 0.644 0.770 0.775 0.773 0.733 0.657 0.593
4.75 1.00 0.125 0.823 1.125 1.499 1.889 1.950 2.032 2.110 2.357 2.432 2.579 2.664 2.791 2.727 2.612 2.589 2.540 1.088
4.75 1.26 0.102 0.797 1.099 1.474 1.866 1.934 2.024 2.106 2.354 2.430 2.577 2.661 2.786 2.720 2.606 2.582 2.532 1.079
4.75 1.58 0.069 0.762 1.064 1.439 1.834 1.911 2.013 2.100 2.349 2.427 2.574 2.657 2.778 2.711 2.598 2.573 2.521 1.067
4.75 2.00 0.026 0.716 1.017 1.393 1.792 1.882 1.997 2.092 2.342 2.422 2.569 2.652 2.767 2.698 2.587 2.561 2.505 1.050
4.75 2.51 -0.028 0.658 0.960 1.336 1.739 1.844 1.977 2.081 2.332 2.415 2.562 2.643 2.752 2.681 2.571 2.544 2.484 1.028
4.75 3.16 -0.093 0.589 0.891 1.268 1.676 1.799 1.952 2.065 2.318 2.405 2.552 2.631 2.733 2.659 2.551 2.523 2.458 1.001
4.75 3.98 -0.165 0.511 0.814 1.191 1.604 1.747 1.922 2.045 2.299 2.390 2.537 2.615 2.708 2.631 2.525 2.496 2.426 0.967
4.75 5.01 -0.244 0.426 0.729 1.107 1.525 1.688 1.886 2.020 2.276 2.371 2.517 2.593 2.678 2.598 2.494 2.463 2.388 0.928
4.75 6.31 -0.328 0.336 0.638 1.017 1.441 1.624 1.844 1.989 2.246 2.345 2.491 2.565 2.641 2.557 2.456 2.424 2.343 0.883
4.75 7.94 -0.415 0.242 0.544 0.923 1.353 1.554 1.797 1.952 2.210 2.312 2.457 2.529 2.597 2.510 2.410 2.377 2.292 0.832
4.75 10.00 -0.503 0.145 0.447 0.827 1.261 1.480 1.743 1.908 2.167 2.272 2.416 2.486 2.545 2.456 2.358 2.323 2.234 0.775
4.75 12.59 -0.593 0.046 0.348 0.728 1.166 1.402 1.683 1.856 2.116 2.223 2.366 2.434 2.485 2.393 2.297 2.261 2.168 0.712
4.75 15.85 -0.684 -0.055 0.248 0.628 1.069 1.319 1.617 1.797 2.057 2.166 2.308 2.373 2.417 2.322 2.227 2.191 2.094 0.641
4.75 19.95 -0.775 -0.157 0.146 0.526 0.969 1.232 1.544 1.730 1.990 2.100 2.240 2.302 2.339 2.242 2.148 2.111 2.012 0.564
4.75 25.12 -0.868 -0.260 0.042 0.422 0.868 1.141 1.464 1.656 1.914 2.025 2.162 2.222 2.251 2.151 2.059 2.021 1.921 0.480
4.75 31.62 -0.960 -0.364 -0.062 0.317 0.763 1.045 1.378 1.573 1.829 1.940 2.074 2.130 2.153 2.051 1.959 1.920 1.820 0.388
4.75 39.81 -1.054 -0.470 -0.168 0.210 0.656 0.944 1.285 1.482 1.735 1.844 1.974 2.027 2.042 1.938 1.847 1.808 1.708 0.288
4.75 50.12 -1.149 -0.577 -0.276 0.101 0.546 0.839 1.184 1.381 1.631 1.738 1.862 1.911 1.919 1.812 1.721 1.682 1.585 0.180
4.75 63.10 -1.246 -0.687 -0.386 -0.010 0.432 0.727 1.076 1.272 1.516 1.619 1.737 1.780 1.781 1.671 1.580 1.541 1.447 0.062
4.75 79.43 -1.345 -0.799 -0.499 -0.125 0.313 0.609 0.959 1.153 1.389 1.488 1.597 1.634 1.625 1.512 1.421 1.383 1.293 -0.066
4.75 100.00 -1.447 -0.914 -0.615 -0.244 0.189 0.484 0.832 1.022 1.249 1.341 1.440 1.469 1.449 1.333 1.241 1.203 1.120 -0.207
4.75 125.89 -1.553 -1.033 -0.736 -0.368 0.058 0.350 0.695 0.877 1.094 1.176 1.262 1.281 1.249 1.128 1.036 0.998 0.924 -0.362
4.75 158.49 -1.664 -1.157 -0.861 -0.498 -0.081 0.205 0.544 0.718 0.920 0.990 1.060 1.066 1.019 0.893 0.799 0.762 0.699 -0.535
4.75 199.53 -1.781 -1.287 -0.994 -0.635 -0.231 0.047 0.378 0.540 0.723 0.779 0.828 0.818 0.752 0.620 0.525 0.489 0.440 -0.729
4.75 251.19 -1.905 -1.426 -1.134 -0.783 -0.395 -0.126 0.192 0.340 0.500 0.537 0.559 0.529 0.440 0.300 0.203 0.169 0.138 -0.949
4.75 316.23 -2.040 -1.574 -1.286 -0.943 -0.575 -0.319 -0.016 0.112 0.243 0.256 0.245 0.191 0.072 -0.078 -0.178 -0.210 -0.217 -1.201
4.75 398.11 -2.186 -1.734 -1.451 -1.118 -0.775 -0.537 -0.253 -0.150 -0.055 -0.073 -0.126 -0.211 -0.367 -0.529 -0.632 -0.662 -0.639 -1.492
4.75 501.19 -2.349 -1.911 -1.632 -1.313 -1.002 -0.785 -0.526 -0.454 -0.406 -0.461 -0.567 -0.691 -0.893 -1.071 -1.178 -1.205 -1.145 -1.835
4.75 630.96 -2.531 -2.107 -1.834 -1.532 -1.262 -1.072 -0.844 -0.810 -0.821 -0.924 -1.096 -1.270 -1.531 -1.728 -1.840 -1.863 -1.756 -2.239
4.75 794.33 -2.738 -2.328 -2.064 -1.782 -1.562 -1.407 -1.218 -1.234 -1.318 -1.482 -1.737 -1.973 -2.307 -2.528 -2.647 -2.665 -2.500 -2.723
4.75 1000.00 -2.976 -2.580 -2.326 -2.072 -1.915 -1.803 -1.664 -1.741 -1.918 -2.158 -2.518 -2.832 -3.258 -3.511 -3.638 -3.649 -3.410 -3.307
5.00 1.00 0.267 0.960 1.253 1.616 1.991 2.031 2.087 2.147 2.385 2.449 2.592 2.667 2.789 2.732 2.618 2.597 2.552 1.132
5.00 1.26 0.253 0.943 1.237 1.600 1.977 2.021 2.082 2.145 2.383 2.448 2.591 2.666 2.786 2.728 2.615 2.594 2.547 1.127
5.00 1.58 0.232 0.920 1.214 1.577 1.955 2.006 2.075 2.142 2.380 2.447 2.590 2.664 2.781 2.722 2.610 2.588 2.540 1.119
5.00 2.00 0.202 0.887 1.181 1.545 1.926 1.986 2.065 2.137 2.376 2.444 2.587 2.660 2.774 2.713 2.603 2.580 2.530 1.108
5.00 2.51 0.162 0.844 1.138 1.502 1.886 1.958 2.051 2.130 2.370 2.441 2.584 2.656 2.765 2.702 2.592 2.569 2.515 1.093
5.00 3.16 0.111 0.789 1.083 1.448 1.836 1.923 2.033 2.120 2.361 2.435 2.578 2.648 2.751 2.686 2.578 2.554 2.496 1.072
5.00 3.98 0.050 0.723 1.017 1.382 1.776 1.880 2.010 2.106 2.349 2.426 2.569 2.638 2.733 2.665 2.559 2.534 2.471 1.047
5.00 5.01 -0.020 0.647 0.942 1.307 1.706 1.830 1.982 2.088 2.332 2.414 2.556 2.623 2.710 2.639 2.535 2.508 2.441 1.015
5.00 6.31 -0.097 0.564 0.858 1.225 1.629 1.773 1.948 2.065 2.311 2.396 2.538 2.603 2.681 2.607 2.505 2.477 2.404 0.978
5.00 7.94 -0.179 0.475 0.769 1.136 1.545 1.710 1.909 2.037 2.284 2.373 2.514 2.577 2.646 2.569 2.469 2.439 2.361 0.935
5.00 10.00 -0.265 0.381 0.675 1.043 1.457 1.642 1.863 2.002 2.250 2.342 2.483 2.543 2.603 2.523 2.425 2.394 2.311 0.886
5.00 12.59 -0.353 0.284 0.578 0.946 1.366 1.569 1.812 1.960 2.209 2.304 2.444 2.502 2.553 2.469 2.373 2.341 2.254 0.831
5.00 15.85 -0.443 0.185 0.479 0.847 1.271 1.492 1.754 1.911 2.160 2.258 2.396 2.452 2.494 2.407 2.313 2.280 2.189 0.768
5.00 19.95 -0.533 0.084 0.378 0.746 1.174 1.409 1.689 1.854 2.103 2.203 2.338 2.391 2.425 2.336 2.243 2.209 2.115 0.699
5.00 25.12 -0.625 -0.018 0.276 0.643 1.073 1.322 1.617 1.789 2.036 2.137 2.270 2.321 2.346 2.254 2.162 2.127 2.031 0.622
5.00 31.62 -0.718 -0.122 0.171 0.539 0.970 1.231 1.538 1.714 1.960 2.061 2.191 2.238 2.256 2.161 2.070 2.035 1.937 0.537
5.00 39.81 -0.811 -0.228 0.066 0.432 0.864 1.133 1.451 1.631 1.874 1.974 2.100 2.143 2.153 2.055 1.965 1.929 1.832 0.443
5.00 50.12 -0.906 -0.335 -0.042 0.324 0.755 1.031 1.356 1.537 1.777 1.875 1.996 2.034 2.036 1.935 1.846 1.809 1.714 0.340
5.00 63.10 -1.003 -0.445 -0.152 0.212 0.642 0.922 1.252 1.434 1.668 1.763 1.877 1.910 1.903 1.799 1.710 1.674 1.581 0.227
5.00 79.43 -1.103 -0.557 -0.265 0.098 0.524 0.806 1.139 1.319 1.546 1.636 1.742 1.769 1.752 1.645 1.556 1.519 1.430 0.102
5.00 100.00 -1.205 -0.672 -0.381 -0.021 0.400 0.682 1.015 1.191 1.410 1.494 1.589 1.607 1.579 1.468 1.379 1.343 1.260 -0.036
5.00 125.89 -1.311 -0.791 -0.501 -0.145 0.269 0.550 0.879 1.050 1.257 1.332 1.414 1.422 1.382 1.266 1.176 1.141 1.066 -0.189
5.00 158.49 -1.421 -0.915 -0.627 -0.275 0.130 0.406 0.730 0.892 1.085 1.148 1.214 1.209 1.153 1.032 0.942 0.907 0.844 -0.360
5.00 199.53 -1.538 -1.045 -0.759 -0.412 -0.020 0.249 0.565 0.716 0.890 0.938 0.983 0.963 0.888 0.761 0.668 0.634 0.586 -0.553
5.00 251.19 -1.663 -1.183 -0.900 -0.560 -0.183 0.075 0.381 0.516 0.668 0.697 0.715 0.675 0.576 0.441 0.347 0.315 0.284 -0.772
5.00 316.23 -1.797 -1.332 -1.051 -0.719 -0.363 -0.118 0.173 0.289 0.411 0.416 0.402 0.337 0.209 0.064 -0.033 -0.063 -0.070 -1.024
5.00 398.11 -1.944 -1.492 -1.216 -0.895 -0.564 -0.335 -0.064 0.027 0.113 0.088 0.031 -0.064 -0.230 -0.387 -0.487 -0.515 -0.492 -1.316
5.00 501.19 -2.106 -1.668 -1.398 -1.090 -0.791 -0.583 -0.337 -0.276 -0.237 -0.300 -0.409 -0.544 -0.756 -0.929 -1.033 -1.058 -0.998 -1.658
5.00 630.96 -2.289 -1.864 -1.600 -1.309 -1.050 -0.870 -0.655 -0.633 -0.652 -0.763 -0.939 -1.123 -1.393 -1.585 -1.695 -1.716 -1.610 -2.063
5.00 794.33 -2.496 -2.085 -1.829 -1.559 -1.351 -1.205 -1.030 -1.057 -1.149 -1.321 -1.579 -1.826 -2.170 -2.386 -2.502 -2.518 -2.353 -2.546
5.00 1000.00 -2.734 -2.337 -2.092 -1.848 -1.704 -1.602 -1.475 -1.564 -1.749 -1.997 -2.360 -2.685 -3.121 -3.368 -3.493 -3.502 -3.263 -3.130
5.25 1.00 0.400 1.088 1.373 1.725 2.085 2.107 2.140 2.184 2.411 2.466 2.605 2.669 2.785 2.734 2.622 2.604 2.561 1.174
5.25 1.26 0.392 1.078 1.363 1.715 2.076 2.101 2.137 2.183 2.410 2.465 2.604 2.668 2.784 2.731 2.620 2.602 2.558 1.170
5.25 1.58 0.380 1.063 1.349 1.701 2.063 2.092 2.133 2.181 2.409 2.465 2.604 2.667 2.781 2.728 2.617 2.598 2.554 1.166
5.25 2.00 0.361 1.042 1.328 1.679 2.044 2.078 2.127 2.178 2.406 2.464 2.602 2.666 2.776 2.723 2.613 2.593 2.547 1.159
5.25 2.51 0.335 1.012 1.298 1.650 2.016 2.060 2.118 2.174 2.403 2.462 2.600 2.663 2.770 2.715 2.606 2.586 2.538 1.149
5.25 3.16 0.298 0.972 1.257 1.610 1.980 2.034 2.105 2.167 2.398 2.459 2.597 2.659 2.761 2.704 2.597 2.576 2.524 1.135
5.25 3.98 0.251 0.920 1.205 1.558 1.932 2.001 2.089 2.159 2.390 2.454 2.592 2.653 2.749 2.690 2.584 2.562 2.507 1.116
5.25 5.01 0.193 0.856 1.142 1.496 1.874 1.961 2.068 2.147 2.379 2.447 2.585 2.643 2.732 2.671 2.566 2.543 2.483 1.092
5.25 6.31 0.125 0.783 1.069 1.423 1.807 1.912 2.041 2.131 2.365 2.436 2.574 2.630 2.711 2.646 2.544 2.519 2.455 1.063
5.25 7.94 0.050 0.701 0.987 1.342 1.731 1.857 2.010 2.110 2.346 2.420 2.558 2.612 2.683 2.615 2.515 2.489 2.420 1.028
5.25 10.00 -0.031 0.613 0.899 1.254 1.649 1.796 1.972 2.084 2.321 2.399 2.536 2.588 2.650 2.578 2.480 2.453 2.378 0.986
5.25 12.59 -0.115 0.519 0.806 1.161 1.562 1.729 1.929 2.052 2.289 2.371 2.507 2.556 2.608 2.534 2.438 2.409 2.329 0.939
5.25 15.85 -0.203 0.423 0.709 1.065 1.470 1.658 1.880 2.013 2.251 2.336 2.469 2.516 2.559 2.481 2.387 2.357 2.272 0.885
5.25 19.95 -0.292 0.323 0.610 0.966 1.375 1.581 1.823 1.966 2.204 2.291 2.423 2.467 2.500 2.418 2.326 2.295 2.207 0.824
5.25 25.12 -0.383 0.222 0.508 0.864 1.277 1.499 1.760 1.910 2.148 2.237 2.366 2.407 2.431 2.346 2.255 2.223 2.132 0.755
5.25 31.62 -0.475 0.119 0.405 0.760 1.176 1.412 1.689 1.846 2.082 2.172 2.298 2.335 2.350 2.261 2.172 2.139 2.046 0.678
5.25 39.81 -0.569 0.014 0.299 0.654 1.071 1.319 1.609 1.771 2.005 2.095 2.217 2.250 2.255 2.164 2.076 2.042 1.948 0.591
5.25 50.12 -0.664 -0.093 0.192 0.546 0.963 1.220 1.521 1.686 1.916 2.005 2.122 2.150 2.146 2.052 1.964 1.930 1.837 0.495
5.25 63.10 -0.761 -0.203 0.082 0.435 0.850 1.114 1.423 1.590 1.815 1.901 2.011 2.034 2.020 1.922 1.835 1.801 1.710 0.387
5.25 79.43 -0.860 -0.314 -0.031 0.320 0.733 1.001 1.315 1.481 1.699 1.781 1.883 1.899 1.875 1.773 1.687 1.652 1.565 0.267
5.25 100.00 -0.962 -0.429 -0.147 0.202 0.610 0.880 1.195 1.358 1.568 1.643 1.735 1.742 1.707 1.601 1.514 1.480 1.399 0.133
5.25 125.89 -1.068 -0.549 -0.267 0.078 0.480 0.748 1.063 1.220 1.419 1.485 1.564 1.561 1.512 1.402 1.315 1.281 1.208 -0.017
5.25 158.49 -1.179 -0.673 -0.393 -0.051 0.341 0.606 0.916 1.065 1.250 1.305 1.367 1.352 1.287 1.171 1.083 1.050 0.987 -0.187
5.25 199.53 -1.296 -0.803 -0.525 -0.189 0.191 0.449 0.752 0.891 1.057 1.097 1.138 1.107 1.023 0.901 0.811 0.779 0.731 -0.378
5.25 251.19 -1.420 -0.941 -0.666 -0.337 0.028 0.277 0.569 0.692 0.835 0.857 0.871 0.821 0.713 0.583 0.491 0.461 0.430 -0.596
5.25 316.23 -1.555 -1.089 -0.817 -0.496 -0.152 0.084 0.361 0.466 0.579 0.577 0.558 0.483 0.345 0.206 0.112 0.083 0.076 -0.847
5.25 398.11 -1.702 -1.250 -0.982 -0.672 -0.352 -0.133 0.124 0.205 0.282 0.249 0.189 0.082 -0.093 -0.245 -0.342 -0.368 -0.346 -1.139
5.25 501.19 -1.864 -1.426 -1.163 -0.866 -0.579 -0.381 -0.148 -0.099 -0.068 -0.139 -0.252 -0.398 -0.619 -0.786 -0.888 -0.911 -0.852 -1.481
5.25 630.96 -2.046 -1.622 -1.366 -1.086 -0.839 -0.668 -0.466 -0.456 -0.484 -0.602 -0.781 -0.976 -1.256 -1.443 -1.550 -1.569 -1.463 -1.886
5.25 794.33 -2.253 -1.843 -1.595 -1.336 -1.140 -1.004 -0.841 -0.879 -0.980 -1.160 -1.422 -1.679 -2.032 -2.244 -2.357 -2.371 -2.206 -2.370
5.25 1000.00 -2.492 -2.095 -1.857 -1.625 -1.493 -1.400 -1.286 -1.386 -1.580 -1.836 -2.203 -2.538 -2.984 -3.226 -3.347 -3.355 -3.117 -2.953
5.50 1.00 0.528 1.210 1.487 1.827 2.174 2.179 2.191 2.220 2.437 2.482 2.617 2.671 2.780 2.734 2.625 2.608 2.568 1.213
5.50 1.26 0.524 1.204 1.482 1.822 2.169 2.175 2.190 2.219 2.436 2.482 2.617 2.670 2.779 2.733 2.624 2.607 2.566 1.211
5.50 1.58 0.517 1.196 1.473 1.813 2.161 2.170 2.187 2.218 2.436 2.482 2.616 2.670 2.777 2.731 2.622 2.605 2.564 1.208
5.50 2.00 0.507 1.182 1.460 1.800 2.149 2.162 2.183 2.216 2.434 2.481 2.616 2.669 2.775 2.728 2.619 2.602 2.560 1.204
5.50 2.51 0.490 1.163 1.441 1.781 2.131 2.150 2.178 2.214 2.432 2.481 2.615 2.668 2.771 2.723 2.615 2.598 2.554 1.198
5.50 3.16 0.466 1.135 1.413 1.754 2.106 2.133 2.170 2.210 2.430 2.479 2.613 2.665 2.765 2.716 2.609 2.591 2.545 1.189
5.50 3.98 0.433 1.098 1.375 1.716 2.072 2.110 2.159 2.205 2.425 2.477 2.611 2.662 2.757 2.706 2.600 2.582 2.533 1.176
5.50 5.01 0.389 1.049 1.327 1.668 2.027 2.079 2.144 2.198 2.419 2.473 2.607 2.657 2.746 2.693 2.588 2.569 2.516 1.159
5.50 6.31 0.334 0.988 1.266 1.608 1.972 2.040 2.125 2.187 2.410 2.467 2.601 2.648 2.730 2.675 2.572 2.551 2.494 1.137
5.50 7.94 0.269 0.917 1.195 1.537 1.907 1.994 2.100 2.173 2.397 2.458 2.591 2.637 2.710 2.651 2.551 2.529 2.467 1.109
5.50 10.00 0.197 0.837 1.115 1.458 1.833 1.941 2.071 2.155 2.380 2.444 2.576 2.620 2.684 2.622 2.524 2.500 2.433 1.076
5.50 12.59 0.117 0.750 1.028 1.371 1.751 1.881 2.036 2.131 2.357 2.425 2.556 2.598 2.652 2.586 2.490 2.465 2.393 1.037
5.50 15.85 0.034 0.657 0.935 1.279 1.665 1.816 1.994 2.101 2.328 2.400 2.529 2.568 2.611 2.542 2.448 2.422 2.345 0.991
5.50 19.95 -0.053 0.561 0.839 1.183 1.573 1.745 1.947 2.064 2.291 2.366 2.494 2.529 2.562 2.489 2.397 2.370 2.288 0.938
5.50 25.12 -0.143 0.461 0.739 1.083 1.478 1.669 1.892 2.019 2.246 2.323 2.449 2.480 2.503 2.426 2.336 2.308 2.222 0.878
5.50 31.62 -0.234 0.359 0.637 0.980 1.379 1.587 1.830 1.965 2.191 2.270 2.392 2.420 2.432 2.352 2.263 2.234 2.145 0.809
5.50 39.81 -0.327 0.255 0.532 0.875 1.276 1.499 1.759 1.901 2.125 2.204 2.322 2.346 2.348 2.264 2.177 2.146 2.056 0.731
5.50 50.12 -0.422 0.148 0.425 0.768 1.169 1.405 1.679 1.826 2.046 2.125 2.238 2.256 2.248 2.160 2.074 2.043 1.953 0.642
5.50 63.10 -0.518 0.039 0.316 0.657 1.058 1.303 1.589 1.738 1.954 2.030 2.137 2.150 2.130 2.039 1.954 1.922 1.833 0.542
5.50 79.43 -0.617 -0.072 0.203 0.543 0.942 1.194 1.487 1.637 1.847 1.919 2.017 2.023 1.992 1.897 1.812 1.780 1.694 0.428
5.50 100.00 -0.720 -0.187 0.087 0.424 0.820 1.075 1.372 1.521 1.722 1.788 1.876 1.874 1.830 1.731 1.646 1.614 1.533 0.299
5.50 125.89 -0.825 -0.306 -0.033 0.301 0.690 0.946 1.244 1.388 1.578 1.636 1.711 1.698 1.641 1.536 1.451 1.420 1.347 0.152
5.50 158.49 -0.936 -0.430 -0.158 0.171 0.551 0.805 1.100 1.237 1.413 1.460 1.518 1.492 1.418 1.308 1.223 1.192 1.129 -0.014
5.50 199.53 -1.053 -0.561 -0.291 0.034 0.402 0.650 0.938 1.065 1.222 1.254 1.292 1.250 1.157 1.040 0.953 0.923 0.875 -0.204
5.50 251.19 -1.178 -0.699 -0.431 -0.113 0.239 0.478 0.756 0.868 1.002 1.016 1.027 0.966 0.848 0.724 0.635 0.606 0.576 -0.421
5.50 316.23 -1.312 -0.847 -0.583 -0.273 0.059 0.286 0.549 0.642 0.747 0.737 0.715 0.629 0.482 0.347 0.256 0.229 0.222 -0.671
5.50 398.11 -1.459 -1.007 -0.747 -0.449 -0.141 0.068 0.313 0.382 0.450 0.410 0.346 0.228 0.045 -0.102 -0.197 -0.221 -0.199 -0.962
5.50 501.19 -1.622 -1.184 -0.929 -0.643 -0.368 -0.180 0.040 0.078 0.100 0.022 -0.095 -0.251 -0.482 -0.644 -0.743 -0.764 -0.705 -1.304
5.50 630.96 -1.804 -1.380 -1.131 -0.863 -0.627 -0.466 -0.277 -0.279 -0.315 -0.441 -0.624 -0.830 -1.119 -1.301 -1.405 -1.422 -1.316 -1.709
5.50 794.33 -2.011 -1.601 -1.360 -1.113 -0.928 -0.802 -0.652 -0.702 -0.812 -0.999 -1.265 -1.533 -1.895 -2.101 -2.212 -2.224 -2.060 -2.193
5.50 1000.00 -2.249 -1.853 -1.623 -1.402 -1.281 -1.198 -1.097 -1.209 -1.412 -1.675 -2.046 -2.391 -2.846 -3.084 -3.202 -3.209 -2.970 -2.776
5.75 1.00 0.652 1.329 1.598 1.926 2.259 2.249 2.242 2.255 2.463 2.499 2.629 2.672 2.773 2.733 2.626 2.612 2.573 1.251
5.75 1.26 0.650 1.325 1.595 1.923 2.256 2.247 2.241 2.255 2.463 2.499 2.629 2.672 2.773 2.732 2.625 2.611 2.572 1.250
5.75 1.58 0.647 1.320 1.590 1.918 2.252 2.244 2.240 2.255 2.462 2.499 2.629 2.672 2.772 2.731 2.624 2.610 2.571 1.249
5.75 2.00 0.642 1.313 1.582 1.910 2.244 2.239 2.238 2.254 2.462 2.499 2.629 2.671 2.770 2.729 2.623 2.608 2.568 1.246
5.75 2.51 0.633 1.301 1.570 1.899 2.234 2.232 2.234 2.252 2.461 2.498 2.628 2.670 2.768 2.727 2.620 2.606 2.565 1.243
5.75 3.16 0.618 1.283 1.553 1.881 2.218 2.221 2.230 2.250 2.459 2.498 2.627 2.669 2.765 2.722 2.616 2.602 2.559 1.237
5.75 3.98 0.597 1.258 1.527 1.856 2.195 2.206 2.223 2.248 2.457 2.497 2.626 2.667 2.760 2.716 2.611 2.596 2.552 1.229
5.75 5.01 0.567 1.223 1.493 1.822 2.163 2.184 2.213 2.243 2.453 2.495 2.624 2.664 2.752 2.707 2.603 2.587 2.540 1.217
5.75 6.31 0.526 1.177 1.447 1.776 2.121 2.156 2.199 2.237 2.448 2.492 2.621 2.660 2.742 2.695 2.592 2.575 2.525 1.202
5.75 7.94 0.475 1.119 1.389 1.719 2.068 2.119 2.182 2.228 2.440 2.487 2.616 2.653 2.727 2.678 2.577 2.559 2.504 1.181
5.75 10.00 0.413 1.051 1.320 1.651 2.005 2.075 2.159 2.216 2.429 2.480 2.607 2.642 2.708 2.655 2.556 2.537 2.478 1.155
5.75 12.59 0.342 0.972 1.242 1.573 1.933 2.024 2.132 2.199 2.413 2.468 2.595 2.627 2.683 2.627 2.530 2.509 2.445 1.124
5.75 15.85 0.265 0.886 1.156 1.487 1.853 1.966 2.099 2.178 2.393 2.451 2.576 2.606 2.652 2.592 2.497 2.475 2.406 1.086
5.75 19.95 0.182 0.794 1.064 1.396 1.767 1.902 2.060 2.150 2.366 2.427 2.551 2.577 2.612 2.548 2.456 2.432 2.358 1.042
5.75 25.12 0.095 0.698 0.967 1.299 1.675 1.832 2.014 2.116 2.331 2.396 2.517 2.540 2.563 2.495 2.405 2.380 2.301 0.990
5.75 31.62 0.006 0.597 0.867 1.199 1.579 1.756 1.961 2.073 2.287 2.354 2.472 2.491 2.503 2.430 2.342 2.316 2.234 0.931
5.75 39.81 -0.086 0.494 0.764 1.095 1.479 1.674 1.900 2.020 2.233 2.301 2.415 2.429 2.429 2.353 2.267 2.239 2.154 0.862
5.75 50.12 -0.180 0.389 0.658 0.988 1.374 1.585 1.829 1.956 2.166 2.233 2.343 2.352 2.340 2.259 2.175 2.146 2.060 0.782
5.75 63.10 -0.276 0.280 0.549 0.878 1.264 1.488 1.747 1.879 2.084 2.151 2.253 2.256 2.232 2.148 2.064 2.035 1.949 0.689
5.75 79.43 -0.375 0.169 0.437 0.765 1.150 1.383 1.653 1.787 1.987 2.050 2.144 2.140 2.103 2.014 1.931 1.902 1.818 0.583
5.75 100.00 -0.477 0.054 0.321 0.647 1.028 1.268 1.545 1.679 1.870 1.928 2.012 1.999 1.949 1.855 1.773 1.743 1.664 0.460
5.75 125.89 -0.583 -0.064 0.201 0.524 0.900 1.142 1.422 1.553 1.733 1.783 1.854 1.831 1.766 1.667 1.584 1.555 1.483 0.319
5.75 158.49 -0.694 -0.188 0.076 0.394 0.762 1.003 1.282 1.406 1.573 1.612 1.666 1.630 1.548 1.444 1.360 1.331 1.269 0.157
5.75 199.53 -0.811 -0.318 -0.056 0.257 0.613 0.850 1.124 1.237 1.386 1.410 1.444 1.392 1.290 1.179 1.094 1.066 1.018 -0.030
5.75 251.19 -0.935 -0.457 -0.197 0.110 0.450 0.679 0.943 1.043 1.168 1.174 1.182 1.110 0.983 0.864 0.778 0.751 0.721 -0.246
5.75 316.23 -1.070 -0.605 -0.349 -0.050 0.271 0.487 0.737 0.818 0.915 0.897 0.871 0.774 0.618 0.489 0.400 0.375 0.368 -0.495
5.75 398.11 -1.217 -0.765 -0.513 -0.225 0.070 0.270 0.502 0.558 0.618 0.570 0.502 0.375 0.181 0.040 -0.052 -0.075 -0.053 -0.786
5.75 501.19 -1.379 -0.941 -0.695 -0.420 -0.156 0.022 0.229 0.255 0.269 0.182 0.062 -0.105 -0.344 -0.502 -0.598 -0.617 -0.558 -1.127
5.75 630.96 -1.562 -1.137 -0.897 -0.640 -0.416 -0.265 -0.089 -0.101 -0.146 -0.281 -0.467 -0.683 -0.981 -1.158 -1.259 -1.275 -1.169 -1.532
5.75 794.33 -1.769 -1.358 -1.126 -0.890 -0.717 -0.600 -0.463 -0.525 -0.643 -0.838 -1.108 -1.386 -1.758 -1.959 -2.067 -2.077 -1.913 -2.016
5.75 1000.00 -2.007 -1.611 -1.389 -1.179 -1.070 -0.996 -0.908 -1.032 -1.243 -1.514 -1.888 -2.245 -2.709 -2.941 -3.057 -3.062 -2.823 -2.599
6.00 1.00 0.774 1.445 1.706 2.023 2.342 2.318 2.293 2.292 2.489 2.516 2.641 2.673 2.766 2.731 2.626 2.614 2.577 1.289
6.00 1.26 0.774 1.443 1.705 2.021 2.341 2.317 2.292 2.292 2.489 2.516 2.641 2.673 2.766 2.731 2.626 2.614 2.577 1.289
6.00 1.58 0.773 1.440 1.702 2.018 2.338 2.315 2.291 2.291 2.489 2.516 2.641 2.673 2.765 2.730 2.625 2.613 2.576 1.288
6.00 2.00 0.770 1.436 1.697 2.014 2.334 2.313 2.290 2.291 2.489 2.516 2.641 2.673 2.764 2.729 2.624 2.612 2.575 1.287
6.00 2.51 0.766 1.429 1.690 2.007 2.327 2.308 2.289 2.290 2.488 2.516 2.641 2.672 2.763 2.727 2.623 2.611 2.572 1.284
6.00 3.16 0.758 1.418 1.680 1.996 2.318 2.302 2.286 2.289 2.487 2.516 2.641 2.672 2.761 2.725 2.620 2.608 2.569 1.281
6.00 3.98 0.746 1.402 1.664 1.981 2.303 2.292 2.282 2.288 2.486 2.515 2.640 2.671 2.758 2.721 2.617 2.605 2.564 1.276
6.00 5.01 0.727 1.379 1.641 1.958 2.282 2.278 2.275 2.285 2.484 2.515 2.639 2.669 2.753 2.715 2.612 2.599 2.557 1.269
6.00 6.31 0.700 1.347 1.608 1.926 2.253 2.259 2.267 2.282 2.481 2.514 2.638 2.667 2.746 2.707 2.605 2.591 2.547 1.258
6.00 7.94 0.663 1.304 1.565 1.883 2.214 2.232 2.255 2.276 2.477 2.511 2.635 2.663 2.737 2.695 2.594 2.580 2.532 1.244
6.00 10.00 0.614 1.249 1.511 1.829 2.164 2.198 2.239 2.269 2.470 2.508 2.631 2.657 2.723 2.679 2.580 2.564 2.513 1.225
6.00 12.59 0.555 1.183 1.444 1.763 2.103 2.156 2.218 2.258 2.460 2.501 2.624 2.647 2.705 2.658 2.560 2.544 2.487 1.201
6.00 15.85 0.487 1.106 1.368 1.687 2.032 2.106 2.193 2.244 2.447 2.491 2.612 2.633 2.681 2.630 2.535 2.517 2.456 1.171
6.00 19.95 0.411 1.021 1.283 1.602 1.953 2.050 2.162 2.225 2.428 2.476 2.596 2.613 2.650 2.595 2.502 2.483 2.416 1.135
6.00 25.12 0.329 0.930 1.191 1.511 1.867 1.987 2.125 2.200 2.404 2.454 2.572 2.586 2.610 2.551 2.461 2.440 2.369 1.092
6.00 31.62 0.243 0.833 1.095 1.414 1.775 1.917 2.081 2.167 2.371 2.424 2.538 2.548 2.561 2.497 2.409 2.386 2.311 1.041
6.00 39.81 0.153 0.732 0.994 1.313 1.678 1.842 2.030 2.126 2.328 2.383 2.493 2.499 2.498 2.430 2.344 2.320 2.241 0.982
6.00 50.12 0.060 0.628 0.889 1.208 1.576 1.759 1.969 2.074 2.273 2.329 2.434 2.434 2.420 2.348 2.264 2.238 2.157 0.912
6.00 63.10 -0.035 0.521 0.781 1.099 1.469 1.668 1.897 2.009 2.204 2.259 2.358 2.351 2.324 2.247 2.164 2.138 2.056 0.829
6.00 79.43 -0.133 0.410 0.670 0.986 1.356 1.568 1.812 1.928 2.118 2.171 2.261 2.247 2.206 2.124 2.042 2.015 1.935 0.731
6.00 100.00 -0.235 0.296 0.555 0.869 1.236 1.458 1.713 1.830 2.012 2.060 2.141 2.118 2.062 1.974 1.893 1.866 1.789 0.617
6.00 125.89 -0.341 0.177 0.435 0.746 1.109 1.336 1.597 1.713 1.884 1.925 1.992 1.958 1.886 1.793 1.713 1.686 1.615 0.482
6.00 158.49 -0.451 0.054 0.310 0.617 0.972 1.200 1.462 1.573 1.730 1.761 1.811 1.765 1.675 1.576 1.495 1.468 1.407 0.325
6.00 199.53 -0.568 -0.076 0.178 0.480 0.823 1.049 1.307 1.409 1.548 1.565 1.594 1.532 1.421 1.315 1.233 1.207 1.159 0.142
6.00 251.19 -0.693 -0.214 0.037 0.332 0.661 0.879 1.129 1.217 1.334 1.332 1.335 1.253 1.118 1.003 0.920 0.895 0.865 -0.071
6.00 316.23 -0.827 -0.362 -0.114 0.173 0.482 0.688 0.925 0.994 1.082 1.056 1.027 0.919 0.754 0.630 0.544 0.521 0.513 -0.319
6.00 398.11 -0.974 -0.523 -0.279 -0.002 0.282 0.472 0.690 0.735 0.786 0.730 0.659 0.521 0.318 0.181 0.092 0.072 0.093 -0.609
6.00 501.19 -1.137 -0.699 -0.460 -0.197 0.055 0.224 0.418 0.432 0.437 0.343 0.219 0.042 -0.207 -0.360 -0.453 -0.470 -0.412 -0.951
6.00 630.96 -1.319 -0.895 -0.663 -0.416 -0.205 -0.063 0.100 0.076 0.022 -0.120 -0.310 -0.537 -0.844 -1.016 -1.115 -1.128 -1.023 -1.355
6.00 794.33 -1.526 -1.116 -0.892 -0.667 -0.506 -0.398 -0.274 -0.347 -0.475 -0.677 -0.950 -1.239 -1.620 -1.817 -1.922 -1.930 -1.766 -1.839
6.00 1000.00 -1.765 -1.368 -1.154 -0.956 -0.858 -0.794 -0.720 -0.855 -1.074 -1.353 -1.731 -2.098 -2.572 -2.799 -2.912 -2.915 -2.676 -2.422
6.25 1.00 0.895 1.560 1.813 2.118 2.424 2.387 2.344 2.329 2.516 2.534 2.654 2.674 2.758 2.728 2.625 2.615 2.580 1.327
6.25 1.26 0.895 1.559 1.812 2.117 2.423 2.386 2.344 2.329 2.516 2.534 2.654 2.674 2.757 2.728 2.625 2.615 2.580 1.327
6.25 1.58 0.895 1.557 1.811 2.116 2.421 2.385 2.343 2.329 2.516 2.534 2.654 2.674 2.757 2.727 2.624 2.615 2.579 1.326
6.25 2.00 0.894 1.555 1.808 2.113 2.419 2.383 2.343 2.328 2.516 2.534 2.654 2.674 2.757 2.727 2.624 2.614 2.579 1.326
6.25 2.51 0.892 1.551 1.804 2.109 2.415 2.381 2.342 2.328 2.516 2.534 2.654 2.674 2.756 2.726 2.623 2.613 2.577 1.324
6.25 3.16 0.889 1.545 1.798 2.103 2.410 2.377 2.340 2.328 2.515 2.534 2.654 2.674 2.755 2.724 2.622 2.612 2.576 1.322
6.25 3.98 0.883 1.535 1.788 2.093 2.401 2.372 2.338 2.327 2.515 2.534 2.653 2.673 2.753 2.722 2.620 2.610 2.573 1.320
6.25 5.01 0.873 1.521 1.774 2.079 2.388 2.363 2.334 2.326 2.514 2.534 2.653 2.672 2.750 2.718 2.617 2.606 2.568 1.315
6.25 6.31 0.856 1.500 1.753 2.058 2.369 2.350 2.329 2.324 2.512 2.533 2.652 2.671 2.746 2.713 2.612 2.601 2.561 1.309
6.25 7.94 0.832 1.470 1.723 2.029 2.342 2.332 2.321 2.321 2.510 2.532 2.651 2.669 2.740 2.705 2.605 2.594 2.552 1.299
6.25 10.00 0.798 1.429 1.683 1.989 2.305 2.308 2.310 2.317 2.506 2.531 2.649 2.665 2.730 2.694 2.595 2.583 2.538 1.286
6.25 12.59 0.753 1.377 1.631 1.937 2.257 2.275 2.296 2.311 2.501 2.528 2.646 2.660 2.718 2.679 2.582 2.568 2.520 1.269
6.25 15.85 0.697 1.313 1.567 1.873 2.198 2.235 2.277 2.302 2.493 2.523 2.640 2.651 2.700 2.658 2.563 2.548 2.495 1.246
6.25 19.95 0.631 1.239 1.492 1.799 2.130 2.188 2.254 2.289 2.481 2.515 2.630 2.638 2.677 2.631 2.538 2.522 2.464 1.218
6.25 25.12 0.556 1.155 1.408 1.716 2.052 2.133 2.225 2.273 2.464 2.501 2.614 2.619 2.646 2.596 2.505 2.488 2.425 1.183
6.25 31.62 0.475 1.064 1.317 1.625 1.966 2.071 2.191 2.250 2.441 2.481 2.591 2.592 2.606 2.551 2.463 2.444 2.376 1.141
6.25 39.81 0.389 0.967 1.220 1.527 1.874 2.002 2.149 2.219 2.410 2.452 2.558 2.554 2.554 2.495 2.409 2.388 2.316 1.091
6.25 50.12 0.299 0.866 1.118 1.425 1.775 1.926 2.098 2.179 2.368 2.411 2.512 2.503 2.488 2.424 2.340 2.318 2.243 1.031
6.25 63.10 0.205 0.760 1.012 1.318 1.671 1.842 2.037 2.127 2.312 2.355 2.450 2.434 2.405 2.335 2.253 2.230 2.153 0.959
6.25 79.43 0.108 0.651 0.902 1.207 1.560 1.749 1.963 2.059 2.239 2.281 2.367 2.344 2.299 2.223 2.143 2.119 2.043 0.871
6.25 100.00 0.006 0.537 0.788 1.090 1.443 1.644 1.873 1.973 2.145 2.184 2.260 2.227 2.166 2.085 2.006 1.981 1.907 0.766
6.25 125.89 -0.099 0.419 0.668 0.968 1.317 1.527 1.766 1.866 2.028 2.060 2.123 2.079 2.001 1.914 1.835 1.810 1.742 0.640
6.25 158.49 -0.209 0.295 0.543 0.839 1.181 1.395 1.639 1.735 1.883 1.905 1.952 1.895 1.798 1.704 1.626 1.601 1.541 0.490
6.25 199.53 -0.326 0.166 0.412 0.702 1.033 1.247 1.489 1.577 1.708 1.716 1.742 1.669 1.550 1.449 1.370 1.346 1.299 0.312
6.25 251.19 -0.451 0.028 0.271 0.555 0.872 1.079 1.314 1.390 1.498 1.488 1.487 1.394 1.250 1.141 1.060 1.037 1.007 0.102
6.25 316.23 -0.585 -0.120 0.120 0.396 0.693 0.889 1.112 1.169 1.248 1.215 1.182 1.064 0.889 0.770 0.687 0.666 0.658 -0.144
6.25 398.11 -0.732 -0.281 -0.045 0.221 0.493 0.673 0.878 0.912 0.954 0.890 0.815 0.666 0.454 0.323 0.236 0.218 0.239 -0.433
6.25 501.19 -0.895 -0.457 -0.226 0.026 0.266 0.426 0.606 0.609 0.605 0.504 0.376 0.188 -0.071 -0.218 -0.308 -0.324 -0.265 -0.774
6.25 630.96 -1.077 -0.653 -0.428 -0.193 0.007 0.139 0.289 0.253 0.191 0.041 -0.153 -0.390 -0.707 -0.874 -0.970 -0.981 -0.876 -1.178
6.25 794.33 -1.284 -0.874 -0.657 -0.444 -0.294 -0.196 -0.085 -0.170 -0.306 -0.516 -0.793 -1.093 -1.483 -1.674 -1.777 -1.784 -1.619 -1.662
6.25 1000.00 -1.522 -1.126 -0.920 -0.733 -0.647 -0.592 -0.531 -0.677 -0.906 -1.192 -1.574 -1.952 -2.435 -2.657 -2.767 -2.768 -2.530 -2.245
6.50 1.00 1.014 1.674 1.919 2.212 2.504 2.455 2.396 2.367 2.544 2.552 2.667 2.675 2.748 2.723 2.623 2.615 2.582 1.365
6.50 1.26 1.014 1.673 1.918 2.211 2.504 2.454 2.396 2.367 2.544 2.552 2.667 2.675 2.748 2.723 2.623 2.615 2.582 1.365
6.50 1.58 1.015 1.672 1.917 2.210 2.503 2.454 2.396 2.367 2.544 2.552 2.667 2.675 2.748 2.723 2.623 2.615 2.581 1.365
6.50 2.00 1.015 1.671 1.916 2.209 2.501 2.453 2.396 2.367 2.544 2.552 2.667 2.675 2.748 2.723 2.622 2.615 2.581 1.364
6.50 2.51 1.015 1.668 1.913 2.207 2.499 2.452 2.395 2.367 2.544 2.553 2.667 2.675 2.747 2.722 2.622 2.614 2.580 1.364
6.50 3.16 1.014 1.665 1.910 2.203 2.496 2.449 2.394 2.367 2.544 2.553 2.667 2.675 2.747 2.721 2.621 2.613 2.579 1.362
6.50 3.98 1.012 1.659 1.904 2.197 2.491 2.446 2.393 2.366 2.543 2.553 2.667 2.675 2.746 2.720 2.620 2.612 2.577 1.361
6.50 5.01 1.007 1.651 1.896 2.189 2.483 2.441 2.391 2.366 2.543 2.553 2.667 2.674 2.744 2.718 2.618 2.610 2.575 1.358
6.50 6.31 0.998 1.638 1.883 2.176 2.471 2.433 2.388 2.365 2.542 2.553 2.666 2.674 2.741 2.714 2.615 2.607 2.571 1.354
6.50 7.94 0.984 1.618 1.863 2.157 2.454 2.422 2.383 2.364 2.541 2.553 2.666 2.672 2.737 2.709 2.611 2.602 2.564 1.349
6.50 10.00 0.963 1.591 1.836 2.130 2.429 2.405 2.376 2.361 2.539 2.552 2.665 2.671 2.732 2.702 2.604 2.595 2.555 1.340
6.50 12.59 0.932 1.553 1.798 2.092 2.394 2.383 2.367 2.358 2.537 2.551 2.664 2.668 2.723 2.691 2.595 2.585 2.542 1.328
6.50 15.85 0.890 1.504 1.749 2.043 2.349 2.353 2.354 2.353 2.532 2.549 2.661 2.663 2.711 2.677 2.582 2.571 2.525 1.312
6.50 19.95 0.837 1.443 1.688 1.982 2.293 2.315 2.338 2.346 2.526 2.546 2.655 2.655 2.693 2.656 2.563 2.551 2.501 1.291
6.50 25.12 0.773 1.370 1.615 1.910 2.225 2.269 2.316 2.336 2.516 2.539 2.646 2.642 2.670 2.629 2.538 2.524 2.470 1.264
6.50 31.62 0.700 1.287 1.532 1.827 2.148 2.215 2.290 2.321 2.501 2.527 2.632 2.624 2.639 2.593 2.505 2.490 2.430 1.231
6.50 39.81 0.620 1.197 1.442 1.736 2.063 2.154 2.257 2.301 2.479 2.508 2.609 2.596 2.598 2.547 2.461 2.444 2.380 1.190
6.50 50.12 0.534 1.100 1.344 1.638 1.969 2.086 2.216 2.272 2.449 2.479 2.576 2.557 2.543 2.487 2.404 2.385 2.317 1.140
6.50 63.10 0.443 0.997 1.241 1.535 1.869 2.009 2.166 2.232 2.406 2.437 2.528 2.502 2.472 2.410 2.329 2.309 2.239 1.078
6.50 79.43 0.347 0.889 1.133 1.425 1.762 1.923 2.104 2.178 2.347 2.378 2.460 2.427 2.380 2.312 2.233 2.212 2.140 1.002
6.50 100.00 0.247 0.777 1.020 1.310 1.647 1.825 2.026 2.106 2.268 2.296 2.368 2.326 2.260 2.186 2.109 2.087 2.016 0.908
6.50 125.89 0.142 0.660 0.901 1.189 1.523 1.714 1.929 2.012 2.164 2.186 2.246 2.192 2.108 2.027 1.950 1.928 1.862 0.792
6.50 158.49 0.032 0.537 0.777 1.061 1.389 1.587 1.811 1.892 2.031 2.044 2.087 2.019 1.915 1.828 1.751 1.729 1.670 0.650
6.50 199.53 -0.084 0.407 0.645 0.925 1.243 1.443 1.668 1.742 1.864 1.864 1.886 1.802 1.675 1.580 1.503 1.481 1.435 0.479
6.50 251.19 -0.209 0.269 0.505 0.778 1.082 1.278 1.498 1.560 1.659 1.641 1.637 1.534 1.381 1.277 1.199 1.178 1.148 0.274
6.50 316.23 -0.343 0.122 0.354 0.618 0.904 1.089 1.298 1.344 1.414 1.372 1.335 1.207 1.023 0.909 0.828 0.809 0.802 0.030
6.50 398.11 -0.490 -0.039 0.190 0.443 0.704 0.874 1.066 1.087 1.121 1.050 0.971 0.811 0.590 0.464 0.380 0.363 0.385 -0.258
6.50 501.19 -0.652 -0.215 0.008 0.249 0.477 0.627 0.795 0.786 0.773 0.664 0.533 0.334 0.066 -0.076 -0.164 -0.178 -0.119 -0.598
6.50 630.96 -0.834 -0.411 -0.194 0.030 0.218 0.341 0.478 0.430 0.359 0.202 0.004 -0.244 -0.570 -0.732 -0.825 -0.835 -0.730 -1.002
6.50 794.33 -1.042 -0.632 -0.423 -0.221 -0.083 0.006 0.103 0.007 -0.138 -0.355 -0.636 -0.946 -1.346 -1.532 -1.632 -1.637 -1.473 -1.485
6.50 1000.00 -1.280 -0.884 -0.686 -0.510 -0.436 -0.390 -0.342 -0.500 -0.737 -1.031 -1.417 -1.805 -2.297 -2.514 -2.622 -2.621 -2.383 -2.069
6.75 1.00 1.132 1.786 2.023 2.304 2.583 2.523 2.450 2.408 2.574 2.572 2.681 2.677 2.738 2.717 2.619 2.614 2.582 1.403
6.75 1.26 1.132 1.786 2.022 2.304 2.583 2.523 2.450 2.408 2.574 2.572 2.681 2.677 2.738 2.717 2.619 2.614 2.582 1.403
6.75 1.58 1.133 1.785 2.022 2.303 2.582 2.522 2.450 2.408 2.574 2.572 2.681 2.676 2.738 2.717 2.619 2.614 2.582 1.403
6.75 2.00 1.134 1.784 2.021 2.302 2.581 2.522 2.449 2.408 2.574 2.572 2.681 2.676 2.738 2.717 2.619 2.614 2.582 1.403
6.75 2.51 1.135 1.783 2.020 2.301 2.580 2.521 2.449 2.408 2.573 2.572 2.681 2.676 2.737 2.717 2.619 2.613 2.581 1.402
6.75 3.16 1.135 1.781 2.018 2.299 2.578 2.520 2.449 2.408 2.573 2.573 2.681 2.676 2.737 2.716 2.618 2.613 2.581 1.402
6.75 3.98 1.135 1.778 2.014 2.296 2.575 2.518 2.448 2.407 2.573 2.573 2.680 2.676 2.736 2.715 2.618 2.612 2.580 1.401
6.75 5.01 1.133 1.773 2.009 2.291 2.571 2.515 2.447 2.407 2.573 2.573 2.680 2.676 2.735 2.714 2.616 2.611 2.578 1.400
6.75 6.31 1.130 1.765 2.002 2.283 2.564 2.510 2.445 2.407 2.573 2.573 2.680 2.676 2.734 2.712 2.615 2.609 2.575 1.397
6.75 7.94 1.123 1.753 1.990 2.271 2.553 2.504 2.443 2.406 2.572 2.573 2.680 2.675 2.731 2.709 2.612 2.606 2.572 1.394
6.75 10.00 1.111 1.736 1.972 2.254 2.537 2.493 2.439 2.405 2.572 2.573 2.680 2.674 2.728 2.704 2.608 2.601 2.566 1.389
6.75 12.59 1.092 1.710 1.947 2.229 2.514 2.478 2.433 2.404 2.570 2.573 2.680 2.672 2.722 2.697 2.602 2.595 2.557 1.381
6.75 15.85 1.064 1.675 1.912 2.194 2.482 2.457 2.425 2.402 2.568 2.573 2.678 2.670 2.714 2.687 2.592 2.585 2.545 1.370
6.75 19.95 1.025 1.629 1.865 2.147 2.439 2.429 2.414 2.398 2.565 2.572 2.676 2.665 2.702 2.672 2.579 2.571 2.527 1.356
6.75 25.12 0.975 1.570 1.806 2.089 2.385 2.393 2.399 2.393 2.560 2.569 2.671 2.658 2.685 2.652 2.561 2.551 2.504 1.336
6.75 31.62 0.914 1.499 1.736 2.018 2.319 2.349 2.380 2.384 2.551 2.563 2.663 2.646 2.661 2.624 2.535 2.524 2.472 1.310
6.75 39.81 0.842 1.418 1.654 1.936 2.242 2.297 2.355 2.372 2.538 2.553 2.649 2.627 2.629 2.587 2.501 2.488 2.432 1.278
6.75 50.12 0.763 1.327 1.563 1.846 2.157 2.237 2.324 2.353 2.518 2.535 2.627 2.599 2.585 2.538 2.454 2.440 2.379 1.237
6.75 63.10 0.676 1.229 1.465 1.747 2.062 2.168 2.284 2.325 2.488 2.506 2.592 2.557 2.527 2.473 2.392 2.376 2.312 1.186
6.75 79.43 0.584 1.125 1.360 1.641 1.959 2.090 2.234 2.285 2.443 2.461 2.539 2.497 2.448 2.388 2.309 2.292 2.226 1.122
6.75 100.00 0.486 1.015 1.249 1.528 1.848 2.000 2.169 2.228 2.379 2.396 2.464 2.411 2.343 2.276 2.199 2.181 2.115 1.040
6.75 125.89 0.382 0.899 1.133 1.409 1.727 1.896 2.084 2.149 2.291 2.302 2.357 2.294 2.205 2.131 2.055 2.036 1.973 0.936
6.75 158.49 0.273 0.777 1.009 1.282 1.595 1.776 1.977 2.042 2.171 2.174 2.213 2.136 2.025 1.944 1.869 1.849 1.793 0.805
6.75 199.53 0.157 0.648 0.878 1.146 1.451 1.636 1.843 1.903 2.015 2.006 2.024 1.930 1.796 1.706 1.631 1.612 1.567 0.642
6.75 251.19 0.033 0.511 0.738 1.000 1.291 1.475 1.679 1.729 1.819 1.792 1.784 1.670 1.509 1.411 1.334 1.316 1.287 0.443
6.75 316.23 -0.101 0.363 0.588 0.841 1.114 1.289 1.484 1.516 1.578 1.528 1.487 1.348 1.156 1.047 0.969 0.951 0.945 0.203
6.75 398.11 -0.248 0.203 0.423 0.666 0.914 1.075 1.253 1.263 1.287 1.208 1.126 0.955 0.725 0.604 0.522 0.507 0.529 -0.083
6.75 501.19 -0.410 0.027 0.242 0.472 0.688 0.828 0.983 0.962 0.941 0.824 0.689 0.479 0.202 0.065 -0.020 -0.032 0.026 -0.422
6.75 630.96 -0.592 -0.169 0.040 0.253 0.429 0.542 0.666 0.607 0.527 0.362 0.161 -0.098 -0.434 -0.590 -0.681 -0.689 -0.583 -0.825
6.75 794.33 -0.799 -0.389 -0.189 0.002 0.128 0.207 0.292 0.184 0.031 -0.195 -0.479 -0.800 -1.209 -1.390 -1.487 -1.490 -1.327 -1.309
6.75 1000.00 -1.038 -0.641 -0.451 -0.287 -0.225 -0.189 -0.153 -0.323 -0.569 -0.870 -1.260 -1.659 -2.160 -2.372 -2.478 -2.475 -2.237 -1.892
7.00 1.00 1.248 1.897 2.125 2.395 2.660 2.591 2.505 2.451 2.605 2.594 2.695 2.678 2.726 2.709 2.614 2.611 2.580 1.442
7.00 1.26 1.249 1.897 2.125 2.394 2.660 2.591 2.505 2.451 2.605 2.594 2.695 2.678 2.726 2.709 2.614 2.610 2.580 1.442
7.00 1.58 1.250 1.896 2.125 2.394 2.660 2.591 2.505 2.451 2.605 2.594 2.695 2.678 2.726 2.709 2.614 2.610 2.580 1.442
7.00 2.00 1.251 1.896 2.124 2.394 2.659 2.590 2.505 2.451 2.605 2.594 2.695 2.678 2.726 2.709 2.614 2.610 2.580 1.442
7.00 2.51 1.252 1.895 2.124 2.393 2.659 2.590 2.505 2.451 2.605 2.594 2.695 2.678 2.726 2.709 2.614 2.610 2.580 1.442
7.00 3.16 1.253 1.894 2.122 2.392 2.658 2.589 2.505 2.451 2.605 2.594 2.695 2.678 2.726 2.709 2.613 2.610 2.580 1.441
7.00 3.98 1.254 1.892 2.121 2.390 2.656 2.588 2.504 2.451 2.605 2.594 2.695 2.678 2.725 2.708 2.613 2.609 2.579 1.441
7.00 5.01 1.254 1.889 2.118 2.387 2.653 2.587 2.504 2.451 2.605 2.594 2.695 2.677 2.725 2.707 2.612 2.609 2.578 1.440
7.00 6.31 1.254 1.885 2.113 2.382 2.649 2.584 2.503 2.450 2.605 2.595 2.695 2.677 2.724 2.706 2.611 2.607 2.576 1.439
7.00 7.94 1.251 1.878 2.106 2.376 2.643 2.580 2.502 2.450 2.605 2.595 2.695 2.677 2.722 2.704 2.609 2.606 2.574 1.437
7.00 10.00 1.246 1.867 2.096 2.365 2.633 2.574 2.499 2.450 2.604 2.595 2.695 2.676 2.720 2.701 2.607 2.603 2.570 1.434
7.00 12.59 1.236 1.851 2.080 2.349 2.618 2.564 2.496 2.449 2.604 2.595 2.695 2.675 2.716 2.697 2.603 2.598 2.565 1.429
7.00 15.85 1.219 1.828 2.056 2.326 2.597 2.551 2.491 2.449 2.603 2.596 2.695 2.674 2.711 2.690 2.597 2.592 2.557 1.422
7.00 19.95 1.194 1.795 2.023 2.293 2.567 2.531 2.484 2.447 2.602 2.596 2.694 2.671 2.703 2.679 2.588 2.582 2.544 1.413
7.00 25.12 1.158 1.751 1.979 2.249 2.526 2.505 2.475 2.445 2.600 2.596 2.692 2.667 2.691 2.665 2.574 2.568 2.527 1.399
7.00 31.62 1.111 1.695 1.923 2.193 2.474 2.471 2.462 2.441 2.596 2.594 2.688 2.660 2.673 2.644 2.555 2.548 2.503 1.380
7.00 39.81 1.052 1.626 1.854 2.124 2.410 2.429 2.444 2.435 2.589 2.589 2.680 2.648 2.649 2.615 2.529 2.519 2.471 1.356
7.00 50.12 0.982 1.545 1.773 2.043 2.334 2.378 2.422 2.424 2.577 2.580 2.666 2.628 2.615 2.576 2.492 2.481 2.429 1.324
7.00 63.10 0.903 1.455 1.683 1.952 2.247 2.318 2.392 2.407 2.557 2.562 2.642 2.598 2.567 2.522 2.441 2.429 2.373 1.284
7.00 79.43 0.816 1.356 1.583 1.851 2.151 2.249 2.353 2.380 2.526 2.531 2.604 2.552 2.502 2.450 2.372 2.358 2.299 1.231
7.00 100.00 0.721 1.250 1.476 1.743 2.045 2.168 2.301 2.338 2.478 2.482 2.545 2.483 2.413 2.354 2.277 2.262 2.202 1.161
7.00 125.89 0.620 1.136 1.362 1.626 1.928 2.072 2.230 2.274 2.405 2.406 2.456 2.383 2.290 2.223 2.149 2.132 2.074 1.071
7.00 158.49 0.513 1.016 1.240 1.501 1.799 1.960 2.136 2.183 2.302 2.295 2.330 2.242 2.126 2.051 1.978 1.960 1.907 0.952
7.00 199.53 0.398 0.888 1.110 1.367 1.658 1.827 2.013 2.057 2.160 2.141 2.156 2.051 1.910 1.826 1.753 1.736 1.693 0.800
7.00 251.19 0.274 0.752 0.971 1.221 1.500 1.670 1.857 1.893 1.974 1.939 1.927 1.802 1.633 1.540 1.466 1.449 1.421 0.609
7.00 316.23 0.141 0.605 0.821 1.063 1.323 1.487 1.667 1.687 1.739 1.682 1.637 1.487 1.286 1.182 1.106 1.091 1.085 0.374
7.00 398.11 -0.006 0.445 0.657 0.888 1.125 1.275 1.439 1.437 1.453 1.366 1.279 1.098 0.859 0.742 0.663 0.651 0.672 0.092
7.00 501.19 -0.168 0.269 0.476 0.694 0.899 1.029 1.171 1.138 1.108 0.983 0.844 0.624 0.337 0.205 0.123 0.113 0.171 -0.246
7.00 630.96 -0.350 0.073 0.274 0.475 0.640 0.744 0.854 0.783 0.695 0.522 0.317 0.047 -0.298 -0.449 -0.537 -0.543 -0.438 -0.649
7.00 794.33 -0.557 -0.147 0.045 0.225 0.339 0.409 0.481 0.361 0.199 -0.034 -0.323 -0.654 -1.073 -1.249 -1.343 -1.344 -1.181 -1.133
7.00 1000.00 -0.795 -0.399 -0.217 -0.064 -0.013 0.013 0.035 -0.146 -0.401 -0.710 -1.103 -1.513 -2.024 -2.231 -2.333 -2.328 -2.091 -1.716
7.25 1.00 1.363 2.006 2.226 2.483 2.735 2.659 2.563 2.497 2.639 2.618 2.711 2.679 2.712 2.699 2.606 2.604 2.576 1.482
7.25 1.26 1.364 2.006 2.226 2.483 2.735 2.659 2.563 2.497 2.639 2.618 2.711 2.679 2.712 2.699 2.606 2.604 2.576 1.482
7.25 1.58 1.365 2.006 2.226 2.483 2.735 2.659 2.563 2.497 2.639 2.618 2.711 2.679 2.712 2.698 2.606 2.604 2.576 1.482
7.25 2.00 1.366 2.005 2.225 2.482 2.735 2.659 2.563 2.497 2.639 2.618 2.711 2.679 2.712 2.698 2.606 2.604 2.576 1.482
7.25 2.51 1.367 2.005 2.225 2.482 2.735 2.659 2.563 2.497 2.639 2.618 2.711 2.679 2.712 2.698 2.606 2.604 2.576 1.482
7.25 3.16 1.368 2.004 2.224 2.481 2.734 2.658 2.563 2.497 2.639 2.618 2.711 2.679 2.712 2.698 2.606 2.604 2.576 1.481
7.25 3.98 1.370 2.003 2.223 2.480 2.733 2.658 2.563 2.497 2.639 2.618 2.711 2.679 2.712 2.698 2.605 2.604 2.575 1.481
7.25 5.01 1.371 2.002 2.222 2.479 2.731 2.657 2.563 2.497 2.639 2.618 2.711 2.679 2.711 2.697 2.605 2.603 2.575 1.481
7.25 6.31 1.372 1.999 2.219 2.476 2.729 2.655 2.562 2.497 2.639 2.618 2.711 2.679 2.711 2.697 2.604 2.602 2.574 1.480
7.25 7.94 1.372 1.995 2.215 2.472 2.725 2.653 2.562 2.497 2.639 2.619 2.711 2.679 2.710 2.695 2.603 2.601 2.572 1.479
7.25 10.00 1.371 1.989 2.209 2.466 2.719 2.649 2.560 2.497 2.639 2.619 2.711 2.678 2.708 2.693 2.602 2.600 2.570 1.477
7.25 12.59 1.367 1.979 2.199 2.456 2.711 2.644 2.559 2.497 2.639 2.619 2.711 2.678 2.706 2.690 2.599 2.597 2.567 1.474
7.25 15.85 1.359 1.964 2.184 2.441 2.697 2.635 2.556 2.497 2.639 2.620 2.711 2.677 2.703 2.686 2.595 2.592 2.561 1.470
7.25 19.95 1.345 1.943 2.163 2.420 2.677 2.623 2.552 2.497 2.639 2.621 2.711 2.675 2.697 2.679 2.589 2.586 2.553 1.464
7.25 25.12 1.322 1.912 2.132 2.389 2.649 2.605 2.546 2.496 2.638 2.621 2.710 2.673 2.689 2.669 2.579 2.576 2.541 1.455
7.25 31.62 1.289 1.871 2.091 2.348 2.611 2.581 2.538 2.495 2.636 2.621 2.708 2.668 2.676 2.654 2.566 2.561 2.524 1.443
7.25 39.81 1.245 1.816 2.036 2.293 2.560 2.549 2.527 2.493 2.634 2.620 2.704 2.661 2.658 2.632 2.546 2.540 2.499 1.425
7.25 50.12 1.188 1.749 1.969 2.226 2.497 2.508 2.511 2.488 2.628 2.616 2.697 2.648 2.632 2.601 2.517 2.510 2.466 1.402
7.25 63.10 1.119 1.670 1.889 2.146 2.421 2.458 2.491 2.479 2.617 2.607 2.682 2.627 2.595 2.558 2.477 2.468 2.420 1.370
7.25 79.43 1.040 1.579 1.798 2.054 2.334 2.398 2.462 2.463 2.597 2.588 2.656 2.593 2.542 2.499 2.420 2.410 2.358 1.328
7.25 100.00 0.951 1.479 1.697 1.951 2.235 2.326 2.422 2.435 2.563 2.554 2.612 2.540 2.467 2.416 2.340 2.328 2.275 1.271
7.25 125.89 0.854 1.370 1.587 1.839 2.124 2.241 2.365 2.388 2.507 2.496 2.542 2.458 2.362 2.302 2.229 2.215 2.162 1.194
7.25 158.49 0.750 1.253 1.468 1.717 2.000 2.138 2.285 2.313 2.422 2.404 2.434 2.336 2.215 2.147 2.074 2.060 2.011 1.090
7.25 199.53 0.637 1.127 1.340 1.585 1.862 2.013 2.176 2.204 2.296 2.268 2.278 2.163 2.015 1.937 1.866 1.851 1.811 0.951
7.25 251.19 0.514 0.991 1.203 1.441 1.706 1.862 2.031 2.052 2.123 2.079 2.063 1.928 1.750 1.663 1.591 1.577 1.550 0.770
7.25 316.23 0.381 0.845 1.053 1.284 1.532 1.684 1.848 1.855 1.898 1.832 1.783 1.622 1.412 1.313 1.240 1.227 1.221 0.543
7.25 398.11 0.235 0.686 0.890 1.110 1.334 1.474 1.624 1.609 1.616 1.521 1.431 1.239 0.990 0.878 0.802 0.791 0.814 0.264
7.25 501.19 0.074 0.511 0.710 0.916 1.109 1.230 1.357 1.313 1.274 1.141 0.998 0.767 0.471 0.344 0.264 0.256 0.315 -0.072
7.25 630.96 -0.108 0.315 0.508 0.698 0.851 0.945 1.042 0.959 0.862 0.682 0.472 0.192 -0.163 -0.309 -0.394 -0.398 -0.293 -0.474
7.25 794.33 -0.315 0.095 0.279 0.448 0.550 0.610 0.669 0.537 0.366 0.126 -0.167 -0.509 -0.937 -1.108 -1.200 -1.199 -1.035 -0.957
7.25 1000.00 -0.553 -0.157 0.017 0.159 0.198 0.214 0.224 0.030 -0.233 -0.549 -0.947 -1.367 -1.888 -2.090 -2.190 -2.183 -1.945 -1.539
7.50 1.00 1.475 2.113 2.324 2.569 2.808 2.728 2.625 2.548 2.676 2.645 2.728 2.681 2.696 2.684 2.595 2.595 2.568 1.522
7.50 1.26 1.476 2.113 2.324 2.569 2.808 2.728 2.625 2.548 2.676 2.645 2.728 2.681 2.696 2.684 2.595 2.595 2.568 1.522
7.50 1.58 1.477 2.112 2.324 2.569 2.808 2.728 2.625 2.548 2.676 2.645 2.728 2.681 2.696 2.684 2.595 2.595 2.568 1.522
7.50 2.00 1.478 2.112 2.324 2.568 2.808 2.727 2.625 2.548 2.676 2.645 2.728 2.681 2.696 2.684 2.595 2.595 2.568 1.522
7.50 2.51 1.480 2.112 2.324 2.568 2.807 2.727 2.625 2.548 2.676 2.645 2.728 2.680 2.696 2.684 2.594 2.595 2.568 1.522
7.50 3.16 1.481 2.112 2.323 2.568 2.807 2.727 2.625 2.548 2.676 2.645 2.728 2.680 2.696 2.684 2.594 2.594 2.568 1.522
7.50 3.98 1.483 2.111 2.323 2.567 2.807 2.727 2.625 2.548 2.676 2.645 2.728 2.680 2.695 2.684 2.594 2.594 2.568 1.522
7.50 5.01 1.485 2.110 2.322 2.566 2.806 2.726 2.625 2.548 2.676 2.645 2.728 2.680 2.695 2.683 2.594 2.594 2.567 1.522
7.50 6.31 1.486 2.109 2.320 2.565 2.804 2.725 2.624 2.548 2.676 2.645 2.728 2.680 2.695 2.683 2.593 2.593 2.567 1.521
7.50 7.94 1.488 2.106 2.318 2.562 2.802 2.724 2.624 2.548 2.677 2.645 2.728 2.680 2.694 2.682 2.593 2.593 2.566 1.521
7.50 10.00 1.489 2.103 2.314 2.559 2.799 2.722 2.623 2.548 2.677 2.646 2.728 2.680 2.693 2.681 2.592 2.592 2.565 1.520
7.50 12.59 1.488 2.097 2.308 2.553 2.793 2.719 2.623 2.548 2.677 2.646 2.728 2.680 2.692 2.679 2.590 2.590 2.562 1.518
7.50 15.85 1.486 2.088 2.300 2.544 2.785 2.714 2.621 2.548 2.677 2.647 2.728 2.679 2.689 2.676 2.587 2.587 2.559 1.516
7.50 19.95 1.479 2.075 2.286 2.531 2.773 2.706 2.619 2.549 2.677 2.647 2.728 2.678 2.686 2.671 2.583 2.582 2.554 1.512
7.50 25.12 1.467 2.055 2.266 2.511 2.754 2.695 2.616 2.549 2.677 2.648 2.728 2.676 2.680 2.664 2.577 2.575 2.545 1.507
7.50 31.62 1.447 2.026 2.238 2.482 2.728 2.679 2.611 2.549 2.677 2.649 2.727 2.674 2.671 2.653 2.567 2.565 2.533 1.498
7.50 39.81 1.417 1.987 2.198 2.443 2.691 2.656 2.605 2.549 2.676 2.650 2.726 2.669 2.658 2.637 2.552 2.550 2.515 1.487
7.50 50.12 1.375 1.935 2.146 2.390 2.642 2.625 2.595 2.549 2.674 2.649 2.722 2.661 2.639 2.614 2.531 2.527 2.490 1.470
7.50 63.10 1.320 1.869 2.080 2.324 2.580 2.586 2.581 2.545 2.669 2.645 2.713 2.647 2.610 2.580 2.499 2.494 2.453 1.446
7.50 79.43 1.252 1.790 2.001 2.244 2.504 2.536 2.561 2.538 2.658 2.635 2.696 2.622 2.568 2.532 2.454 2.447 2.403 1.414
7.50 100.00 1.173 1.699 1.909 2.151 2.415 2.475 2.532 2.521 2.636 2.613 2.665 2.582 2.507 2.463 2.388 2.379 2.333 1.369
7.50 125.89 1.082 1.597 1.806 2.046 2.312 2.400 2.489 2.489 2.596 2.572 2.612 2.517 2.418 2.366 2.292 2.282 2.236 1.306
7.50 158.49 0.982 1.484 1.692 1.929 2.194 2.307 2.425 2.432 2.529 2.499 2.524 2.415 2.289 2.228 2.157 2.145 2.101 1.217
7.50 199.53 0.872 1.362 1.568 1.800 2.061 2.192 2.330 2.340 2.422 2.383 2.388 2.262 2.108 2.036 1.966 1.954 1.917 1.093
7.50 251.19 0.752 1.229 1.432 1.659 1.910 2.050 2.198 2.204 2.265 2.212 2.191 2.044 1.859 1.777 1.708 1.696 1.671 0.925
7.50 316.23 0.621 1.084 1.284 1.503 1.738 1.877 2.025 2.018 2.051 1.977 1.923 1.751 1.532 1.439 1.368 1.357 1.353 0.707
7.50 398.11 0.476 0.926 1.122 1.331 1.542 1.671 1.807 1.779 1.777 1.674 1.579 1.375 1.117 1.011 0.937 0.928 0.951 0.434
7.50 501.19 0.315 0.751 0.942 1.138 1.318 1.429 1.543 1.486 1.438 1.297 1.150 0.908 0.602 0.480 0.403 0.397 0.456 0.101
7.50 630.96 0.133 0.556 0.741 0.920 1.060 1.145 1.229 1.134 1.028 0.840 0.626 0.335 -0.029 -0.171 -0.253 -0.256 -0.150 -0.300
7.50 794.33 -0.073 0.336 0.513 0.670 0.760 0.811 0.856 0.713 0.533 0.285 -0.012 -0.365 -0.803 -0.969 -1.058 -1.055 -0.892 -0.782
7.50 1000.00 -0.311 0.084 0.251 0.381 0.408 0.415 0.411 0.207 -0.066 -0.390 -0.791 -1.223 -1.753 -1.950 -2.047 -2.038 -1.800 -1.364
7.75 1.00 1.585 2.216 2.419 2.651 2.877 2.796 2.691 2.604 2.718 2.676 2.747 2.682 2.675 2.664 2.578 2.580 2.556 1.564
7.75 1.26 1.586 2.216 2.419 2.651 2.877 2.796 2.691 2.604 2.718 2.676 2.747 2.682 2.675 2.664 2.578 2.580 2.556 1.564
7.75 1.58 1.587 2.216 2.419 2.651 2.877 2.796 2.691 2.604 2.718 2.676 2.747 2.682 2.675 2.664 2.578 2.580 2.556 1.564
7.75 2.00 1.588 2.216 2.419 2.651 2.877 2.796 2.691 2.604 2.718 2.676 2.747 2.682 2.675 2.664 2.578 2.580 2.556 1.564
7.75 2.51 1.589 2.216 2.419 2.651 2.877 2.796 2.691 2.604 2.718 2.676 2.747 2.682 2.675 2.664 2.578 2.580 2.556 1.564
7.75 3.16 1.590 2.216 2.419 2.650 2.876 2.796 2.691 2.604 2.718 2.676 2.747 2.682 2.675 2.664 2.578 2.580 2.555 1.564
7.75 3.98 1.592 2.215 2.418 2.650 2.876 2.796 2.691 2.604 2.718 2.676 2.747 2.681 2.675 2.664 2.578 2.579 2.555 1.564
7.75 5.01 1.594 2.215 2.418 2.649 2.876 2.795 2.691 2.604 2.718 2.676 2.747 2.681 2.675 2.664 2.578 2.579 2.555 1.564
7.75 6.31 1.596 2.214 2.417 2.649 2.875 2.795 2.691 2.604 2.718 2.676 2.747 2.681 2.675 2.663 2.577 2.579 2.555 1.563
7.75 7.94 1.599 2.213 2.416 2.647 2.874 2.794 2.690 2.604 2.718 2.676 2.747 2.681 2.674 2.663 2.577 2.578 2.554 1.563
7.75 10.00 1.601 2.211 2.413 2.645 2.872 2.793 2.690 2.604 2.718 2.676 2.747 2.681 2.674 2.662 2.576 2.578 2.553 1.562
7.75 12.59 1.602 2.207 2.410 2.642 2.868 2.791 2.690 2.605 2.718 2.676 2.747 2.681 2.672 2.661 2.575 2.576 2.552 1.561
7.75 15.85 1.603 2.202 2.405 2.636 2.864 2.788 2.689 2.605 2.718 2.677 2.747 2.680 2.671 2.659 2.573 2.574 2.550 1.560
7.75 19.95 1.601 2.194 2.397 2.628 2.856 2.784 2.688 2.605 2.719 2.677 2.747 2.680 2.668 2.656 2.570 2.571 2.546 1.558
7.75 25.12 1.596 2.182 2.384 2.616 2.845 2.777 2.686 2.606 2.719 2.678 2.747 2.679 2.664 2.651 2.566 2.567 2.540 1.555
7.75 31.62 1.586 2.163 2.366 2.597 2.827 2.767 2.684 2.607 2.719 2.679 2.746 2.677 2.658 2.643 2.559 2.559 2.532 1.549
7.75 39.81 1.568 2.136 2.339 2.570 2.802 2.751 2.680 2.608 2.720 2.680 2.746 2.674 2.649 2.632 2.548 2.548 2.519 1.542
7.75 50.12 1.541 2.099 2.302 2.533 2.767 2.730 2.675 2.609 2.720 2.681 2.743 2.668 2.635 2.614 2.532 2.531 2.500 1.530
7.75 63.10 1.501 2.049 2.251 2.482 2.719 2.701 2.666 2.609 2.718 2.680 2.738 2.658 2.613 2.588 2.508 2.506 2.472 1.514
7.75 79.43 1.448 1.985 2.186 2.416 2.658 2.662 2.653 2.607 2.712 2.675 2.728 2.641 2.580 2.550 2.472 2.468 2.432 1.490
7.75 100.00 1.380 1.906 2.107 2.336 2.581 2.612 2.634 2.598 2.700 2.663 2.707 2.612 2.531 2.493 2.418 2.413 2.375 1.456
7.75 125.89 1.300 1.814 2.014 2.241 2.489 2.548 2.602 2.579 2.673 2.635 2.667 2.561 2.457 2.411 2.339 2.332 2.292 1.405
7.75 158.49 1.207 1.709 1.908 2.133 2.380 2.467 2.552 2.538 2.622 2.580 2.598 2.478 2.347 2.292 2.221 2.213 2.175 1.331
7.75 199.53 1.103 1.592 1.789 2.010 2.254 2.364 2.474 2.465 2.535 2.485 2.483 2.346 2.185 2.120 2.051 2.042 2.010 1.224
7.75 251.19 0.987 1.463 1.658 1.873 2.109 2.232 2.358 2.347 2.397 2.333 2.306 2.149 1.955 1.879 1.811 1.802 1.781 1.071
7.75 316.23 0.858 1.321 1.513 1.720 1.941 2.067 2.196 2.175 2.198 2.114 2.055 1.872 1.644 1.556 1.487 1.478 1.475 0.865
7.75 398.11 0.714 1.164 1.352 1.549 1.748 1.865 1.985 1.945 1.933 1.821 1.721 1.506 1.238 1.137 1.066 1.059 1.083 0.599
7.75 501.19 0.554 0.991 1.174 1.358 1.526 1.626 1.726 1.657 1.599 1.450 1.298 1.045 0.729 0.612 0.537 0.533 0.593 0.271
7.75 630.96 0.374 0.797 0.973 1.140 1.269 1.343 1.414 1.307 1.191 0.995 0.778 0.475 0.101 -0.036 -0.116 -0.116 -0.010 -0.127
7.75 794.33 0.168 0.577 0.745 0.892 0.970 1.010 1.042 0.887 0.698 0.442 0.141 -0.223 -0.671 -0.832 -0.918 -0.914 -0.750 -0.608
7.75 1000.00 -0.070 0.326 0.484 0.603 0.618 0.616 0.598 0.382 0.100 -0.232 -0.637 -1.080 -1.619 -1.812 -1.906 -1.895 -1.657 -1.190
8.00 1.00 1.690 2.316 2.510 2.728 2.941 2.865 2.762 2.667 2.764 2.710 2.767 2.681 2.649 2.637 2.554 2.557 2.536 1.606
8.00 1.26 1.691 2.316 2.510 2.728 2.941 2.865 2.762 2.667 2.764 2.710 2.767 2.681 2.649 2.637 2.554 2.557 2.536 1.606
8.00 1.58 1.692 2.316 2.510 2.728 2.941 2.865 2.762 2.667 2.764 2.710 2.767 2.681 2.649 2.637 2.554 2.557 2.536 1.606
8.00 2.00 1.693 2.316 2.510 2.728 2.941 2.865 2.762 2.667 2.764 2.710 2.767 2.681 2.649 2.637 2.554 2.557 2.536 1.606
8.00 2.51 1.694 2.316 2.510 2.728 2.941 2.864 2.762 2.667 2.764 2.710 2.767 2.681 2.649 2.637 2.554 2.557 2.536 1.606
8.00 3.16 1.695 2.316 2.510 2.728 2.941 2.864 2.762 2.667 2.764 2.710 2.767 2.681 2.648 2.637 2.554 2.557 2.536 1.606
8.00 3.98 1.697 2.315 2.510 2.728 2.941 2.864 2.762 2.667 2.764 2.710 2.767 2.681 2.648 2.637 2.554 2.557 2.536 1.606
8.00 5.01 1.699 2.315 2.509 2.727 2.940 2.864 2.762 2.667 2.764 2.710 2.767 2.681 2.648 2.636 2.554 2.557 2.535 1.606
8.00 6.31 1.702 2.315 2.509 2.727 2.940 2.864 2.762 2.667 2.764 2.710 2.767 2.681 2.648 2.636 2.554 2.557 2.535 1.606
8.00 7.94 1.704 2.314 2.508 2.726 2.939 2.863 2.762 2.667 2.764 2.710 2.767 2.681 2.648 2.636 2.554 2.556 2.535 1.606
8.00 10.00 1.707 2.313 2.507 2.725 2.938 2.863 2.762 2.667 2.764 2.711 2.767 2.681 2.647 2.635 2.553 2.556 2.534 1.605
8.00 12.59 1.710 2.311 2.505 2.723 2.936 2.862 2.761 2.667 2.765 2.711 2.767 2.681 2.647 2.634 2.552 2.555 2.533 1.605
8.00 15.85 1.712 2.308 2.502 2.720 2.933 2.860 2.761 2.668 2.765 2.711 2.767 2.680 2.646 2.633 2.551 2.554 2.532 1.604
8.00 19.95 1.713 2.303 2.497 2.715 2.929 2.857 2.761 2.668 2.765 2.711 2.767 2.680 2.644 2.631 2.549 2.552 2.529 1.603
8.00 25.12 1.713 2.295 2.489 2.707 2.922 2.853 2.760 2.669 2.765 2.712 2.766 2.679 2.641 2.627 2.546 2.548 2.526 1.601
8.00 31.62 1.709 2.284 2.478 2.696 2.911 2.847 2.759 2.670 2.766 2.712 2.766 2.678 2.637 2.622 2.541 2.543 2.520 1.598
8.00 39.81 1.701 2.267 2.461 2.678 2.895 2.837 2.757 2.671 2.766 2.713 2.765 2.675 2.630 2.614 2.533 2.535 2.511 1.593
8.00 50.12 1.685 2.242 2.435 2.653 2.871 2.823 2.754 2.672 2.767 2.714 2.764 2.671 2.619 2.601 2.521 2.522 2.497 1.585
8.00 63.10 1.659 2.206 2.399 2.617 2.837 2.803 2.749 2.674 2.766 2.714 2.761 2.664 2.603 2.581 2.503 2.503 2.476 1.574
8.00 79.43 1.622 2.157 2.350 2.567 2.790 2.774 2.741 2.674 2.764 2.712 2.753 2.651 2.577 2.550 2.474 2.473 2.444 1.557
8.00 100.00 1.570 2.094 2.287 2.502 2.728 2.735 2.728 2.671 2.757 2.705 2.739 2.629 2.537 2.505 2.431 2.429 2.398 1.531
8.00 125.89 1.503 2.016 2.207 2.421 2.650 2.683 2.706 2.660 2.740 2.687 2.710 2.590 2.477 2.437 2.365 2.361 2.329 1.491
8.00 158.49 1.421 1.922 2.112 2.324 2.553 2.615 2.669 2.633 2.703 2.647 2.656 2.523 2.384 2.335 2.265 2.260 2.229 1.432
8.00 199.53 1.325 1.813 2.002 2.210 2.437 2.524 2.606 2.577 2.634 2.571 2.561 2.412 2.243 2.183 2.116 2.109 2.083 1.340
8.00 251.19 1.215 1.690 1.877 2.080 2.300 2.404 2.506 2.478 2.515 2.440 2.407 2.236 2.034 1.964 1.897 1.890 1.874 1.205
8.00 316.23 1.090 1.553 1.737 1.932 2.138 2.249 2.359 2.322 2.334 2.240 2.174 1.979 1.741 1.658 1.591 1.585 1.585 1.013
8.00 398.11 0.950 1.399 1.579 1.765 1.950 2.055 2.159 2.104 2.081 1.960 1.854 1.628 1.350 1.253 1.184 1.179 1.205 0.758
8.00 501.19 0.792 1.228 1.403 1.575 1.730 1.820 1.905 1.823 1.755 1.598 1.440 1.175 0.849 0.736 0.664 0.662 0.723 0.436
8.00 630.96 0.612 1.035 1.204 1.359 1.476 1.540 1.596 1.477 1.352 1.147 0.924 0.610 0.225 0.093 0.016 0.018 0.124 0.041
8.00 794.33 0.407 0.817 0.977 1.112 1.178 1.208 1.227 1.059 0.861 0.596 0.291 -0.085 -0.543 -0.700 -0.783 -0.777 -0.612 -0.437
8.00 1000.00 0.171 0.566 0.716 0.824 0.827 0.814 0.784 0.555 0.264 -0.076 -0.486 -0.940 -1.489 -1.677 -1.769 -1.756 -1.518 -1.017
