GarciaEtAl2005SSlab as implemented in OpenQuake, distance is rhypo. Log10 hazard values in cgs units
          14 31 18 : nmag, ndist, nperiod
          0.040 0.050 0.070 0.100 0.200 0.300 0.400 0.500 0.750 1.000 1.500 2.000 3.000 4.000 5.000 10.000 PGA PGV
          0.733 0.773 0.775 0.770 0.644 0.637 0.626 0.609 0.631 0.638 0.645 0.607 0.605 0.583 0.567 0.567 0.657 0.593
4.75 1.00 2.757 2.794 2.860 2.942 2.828 2.743 2.561 2.445 2.147 1.939 1.607 1.308 0.884 0.524 0.247 -0.312 2.558 1.048
4.75 1.26 2.733 2.769 2.836 2.919 2.805 2.719 2.537 2.421 2.122 1.914 1.582 1.283 0.858 0.499 0.221 -0.335 2.533 1.023
4.75 1.58 2.699 2.736 2.803 2.886 2.772 2.686 2.504 2.388 2.088 1.880 1.548 1.248 0.823 0.463 0.186 -0.368 2.499 0.989
4.75 2.00 2.654 2.692 2.759 2.843 2.729 2.642 2.460 2.343 2.043 1.835 1.502 1.202 0.777 0.417 0.139 -0.411 2.454 0.943
4.75 2.51 2.598 2.636 2.704 2.789 2.675 2.587 2.405 2.288 1.988 1.778 1.445 1.145 0.719 0.359 0.082 -0.465 2.398 0.887
4.75 3.16 2.531 2.570 2.639 2.724 2.610 2.522 2.339 2.222 1.921 1.711 1.377 1.077 0.651 0.290 0.013 -0.530 2.331 0.819
4.75 3.98 2.455 2.494 2.564 2.650 2.536 2.448 2.264 2.147 1.845 1.635 1.301 0.999 0.573 0.213 -0.065 -0.602 2.254 0.742
4.75 5.01 2.370 2.410 2.481 2.567 2.454 2.365 2.182 2.064 1.762 1.551 1.217 0.915 0.488 0.128 -0.150 -0.681 2.170 0.658
4.75 6.31 2.279 2.320 2.392 2.479 2.366 2.277 2.094 1.975 1.673 1.462 1.127 0.825 0.398 0.037 -0.240 -0.765 2.079 0.568
4.75 7.94 2.183 2.224 2.297 2.385 2.272 2.183 2.000 1.882 1.580 1.368 1.033 0.730 0.303 -0.057 -0.335 -0.852 1.982 0.473
4.75 10.00 2.082 2.124 2.197 2.286 2.174 2.085 1.903 1.785 1.483 1.271 0.936 0.633 0.206 -0.154 -0.432 -0.940 1.882 0.374
4.75 12.59 1.977 2.019 2.093 2.183 2.072 1.984 1.802 1.684 1.383 1.171 0.836 0.534 0.107 -0.253 -0.531 -1.030 1.777 0.273
4.75 15.85 1.867 1.910 1.985 2.075 1.966 1.878 1.698 1.581 1.280 1.069 0.734 0.432 0.006 -0.354 -0.631 -1.121 1.669 0.168
4.75 19.95 1.753 1.796 1.871 1.963 1.856 1.769 1.590 1.474 1.175 0.965 0.630 0.329 -0.097 -0.456 -0.733 -1.213 1.556 0.061
4.75 25.12 1.634 1.677 1.752 1.845 1.740 1.655 1.478 1.364 1.067 0.858 0.524 0.223 -0.200 -0.559 -0.836 -1.305 1.438 -0.049
4.75 31.62 1.508 1.551 1.627 1.721 1.619 1.536 1.362 1.250 0.956 0.748 0.416 0.116 -0.306 -0.664 -0.940 -1.397 1.314 -0.163
4.75 39.81 1.374 1.418 1.494 1.590 1.491 1.411 1.241 1.132 0.841 0.636 0.305 0.007 -0.413 -0.770 -1.046 -1.491 1.183 -0.281
4.75 50.12 1.231 1.274 1.351 1.449 1.355 1.278 1.114 1.008 0.721 0.519 0.191 -0.105 -0.522 -0.878 -1.154 -1.586 1.044 -0.405
4.75 63.10 1.076 1.119 1.197 1.296 1.208 1.136 0.978 0.878 0.597 0.398 0.072 -0.221 -0.634 -0.988 -1.263 -1.683 0.893 -0.535
4.75 79.43 0.907 0.949 1.028 1.130 1.049 0.983 0.833 0.739 0.465 0.271 -0.051 -0.341 -0.749 -1.101 -1.375 -1.782 0.730 -0.673
4.75 100.00 0.719 0.761 0.840 0.945 0.874 0.816 0.676 0.589 0.324 0.137 -0.180 -0.466 -0.868 -1.217 -1.490 -1.884 0.549 -0.821
4.75 125.89 0.508 0.549 0.630 0.739 0.679 0.630 0.504 0.426 0.173 -0.007 -0.317 -0.598 -0.991 -1.338 -1.609 -1.990 0.347 -0.981
4.75 158.49 0.268 0.308 0.390 0.504 0.459 0.423 0.313 0.248 0.009 -0.161 -0.464 -0.738 -1.121 -1.463 -1.733 -2.101 0.119 -1.158
4.75 199.53 -0.009 0.031 0.114 0.235 0.208 0.187 0.099 0.048 -0.172 -0.330 -0.623 -0.888 -1.259 -1.596 -1.864 -2.218 -0.142 -1.354
4.75 251.19 -0.331 -0.293 -0.207 -0.079 -0.083 -0.084 -0.146 -0.177 -0.374 -0.517 -0.797 -1.052 -1.407 -1.737 -2.002 -2.342 -0.446 -1.576
4.75 316.23 -0.710 -0.674 -0.586 -0.448 -0.423 -0.399 -0.428 -0.435 -0.603 -0.726 -0.991 -1.232 -1.566 -1.888 -2.150 -2.477 -0.802 -1.828
4.75 398.11 -1.162 -1.129 -1.037 -0.887 -0.825 -0.770 -0.757 -0.734 -0.865 -0.964 -1.209 -1.432 -1.742 -2.053 -2.311 -2.624 -1.224 -2.121
4.75 501.19 -1.705 -1.675 -1.579 -1.414 -1.305 -1.211 -1.146 -1.085 -1.169 -1.237 -1.457 -1.659 -1.937 -2.234 -2.487 -2.786 -1.731 -2.463
4.75 630.96 -2.363 -2.337 -2.236 -2.051 -1.884 -1.740 -1.609 -1.500 -1.526 -1.555 -1.744 -1.919 -2.156 -2.437 -2.683 -2.968 -2.342 -2.868
4.75 794.33 -3.166 -3.144 -3.037 -2.828 -2.587 -2.381 -2.167 -1.997 -1.950 -1.929 -2.080 -2.220 -2.406 -2.666 -2.904 -3.175 -3.086 -3.352
4.75 1000.00 -4.150 -4.135 -4.019 -3.779 -3.446 -3.162 -2.842 -2.597 -2.457 -2.375 -2.476 -2.573 -2.696 -2.928 -3.156 -3.413 -3.996 -3.935
5.00 1.00 2.794 2.828 2.891 2.968 2.864 2.790 2.613 2.505 2.216 2.020 1.702 1.413 1.001 0.653 0.383 -0.170 2.595 1.117
5.00 1.26 2.779 2.813 2.876 2.953 2.849 2.775 2.597 2.490 2.200 2.004 1.686 1.397 0.985 0.637 0.367 -0.184 2.579 1.102
5.00 1.58 2.756 2.790 2.854 2.932 2.827 2.753 2.575 2.468 2.178 1.982 1.663 1.374 0.962 0.613 0.344 -0.205 2.557 1.079
5.00 2.00 2.725 2.759 2.824 2.901 2.797 2.722 2.544 2.436 2.146 1.950 1.631 1.342 0.929 0.581 0.311 -0.235 2.525 1.047
5.00 2.51 2.683 2.718 2.782 2.861 2.757 2.681 2.503 2.395 2.105 1.908 1.589 1.299 0.886 0.537 0.268 -0.275 2.483 1.004
5.00 3.16 2.629 2.665 2.730 2.809 2.705 2.629 2.451 2.342 2.051 1.854 1.535 1.244 0.831 0.482 0.213 -0.326 2.429 0.950
5.00 3.98 2.564 2.601 2.667 2.746 2.643 2.566 2.388 2.279 1.987 1.790 1.470 1.179 0.765 0.416 0.147 -0.387 2.364 0.885
5.00 5.01 2.489 2.527 2.593 2.674 2.570 2.493 2.315 2.205 1.914 1.715 1.395 1.104 0.690 0.341 0.071 -0.457 2.289 0.810
5.00 6.31 2.406 2.444 2.511 2.593 2.489 2.412 2.234 2.124 1.832 1.633 1.312 1.020 0.606 0.257 -0.012 -0.534 2.206 0.727
5.00 7.94 2.315 2.353 2.422 2.504 2.401 2.324 2.146 2.036 1.744 1.544 1.223 0.931 0.517 0.168 -0.102 -0.616 2.115 0.637
5.00 10.00 2.218 2.257 2.327 2.410 2.308 2.230 2.052 1.943 1.650 1.451 1.129 0.837 0.423 0.074 -0.195 -0.702 2.018 0.542
5.00 12.59 2.116 2.155 2.226 2.310 2.209 2.132 1.954 1.845 1.553 1.354 1.032 0.740 0.326 -0.023 -0.292 -0.790 1.916 0.443
5.00 15.85 2.008 2.048 2.119 2.205 2.105 2.028 1.852 1.743 1.452 1.253 0.932 0.640 0.226 -0.122 -0.391 -0.880 1.810 0.341
5.00 19.95 1.895 1.936 2.008 2.094 1.996 1.921 1.746 1.638 1.349 1.150 0.829 0.538 0.125 -0.223 -0.492 -0.970 1.698 0.235
5.00 25.12 1.777 1.818 1.890 1.978 1.882 1.808 1.635 1.529 1.241 1.044 0.724 0.433 0.022 -0.326 -0.595 -1.062 1.581 0.125
5.00 31.62 1.652 1.693 1.766 1.855 1.762 1.690 1.520 1.416 1.131 0.935 0.616 0.327 -0.083 -0.430 -0.699 -1.155 1.458 0.012
5.00 39.81 1.519 1.560 1.634 1.724 1.635 1.566 1.400 1.299 1.017 0.823 0.506 0.217 -0.190 -0.536 -0.804 -1.248 1.328 -0.106
5.00 50.12 1.376 1.418 1.492 1.584 1.499 1.434 1.273 1.175 0.898 0.707 0.392 0.105 -0.299 -0.644 -0.912 -1.344 1.189 -0.229
5.00 63.10 1.222 1.263 1.338 1.432 1.353 1.292 1.138 1.045 0.773 0.586 0.274 -0.010 -0.411 -0.754 -1.021 -1.440 1.039 -0.359
5.00 79.43 1.053 1.094 1.169 1.266 1.194 1.140 0.994 0.906 0.641 0.459 0.151 -0.130 -0.526 -0.867 -1.133 -1.540 0.876 -0.496
5.00 100.00 0.865 0.905 0.982 1.082 1.020 0.972 0.837 0.757 0.501 0.325 0.022 -0.255 -0.645 -0.983 -1.248 -1.642 0.696 -0.644
5.00 125.89 0.654 0.694 0.772 0.876 0.825 0.787 0.665 0.595 0.351 0.182 -0.116 -0.387 -0.768 -1.103 -1.367 -1.748 0.494 -0.805
5.00 158.49 0.415 0.453 0.532 0.641 0.605 0.580 0.474 0.416 0.186 0.027 -0.262 -0.527 -0.898 -1.229 -1.491 -1.858 0.266 -0.981
5.00 199.53 0.138 0.176 0.257 0.372 0.354 0.345 0.260 0.217 0.005 -0.141 -0.421 -0.677 -1.036 -1.361 -1.622 -1.975 0.004 -1.177
5.00 251.19 -0.184 -0.148 -0.065 0.058 0.064 0.074 0.015 -0.009 -0.197 -0.328 -0.596 -0.840 -1.184 -1.502 -1.760 -2.100 -0.299 -1.399
5.00 316.23 -0.563 -0.529 -0.444 -0.311 -0.276 -0.241 -0.267 -0.267 -0.426 -0.537 -0.789 -1.020 -1.343 -1.654 -1.908 -2.234 -0.655 -1.651
5.00 398.11 -1.015 -0.984 -0.895 -0.750 -0.678 -0.612 -0.596 -0.566 -0.688 -0.775 -1.007 -1.221 -1.519 -1.818 -2.068 -2.381 -1.078 -1.944
5.00 501.19 -1.558 -1.530 -1.437 -1.277 -1.159 -1.054 -0.985 -0.916 -0.992 -1.048 -1.256 -1.448 -1.714 -2.000 -2.245 -2.544 -1.584 -2.286
5.00 630.96 -2.216 -2.192 -2.094 -1.914 -1.737 -1.583 -1.448 -1.332 -1.349 -1.366 -1.542 -1.707 -1.933 -2.202 -2.441 -2.726 -2.195 -2.691
5.00 794.33 -3.019 -2.999 -2.895 -2.690 -2.440 -2.224 -2.006 -1.829 -1.772 -1.740 -1.878 -2.008 -2.183 -2.431 -2.662 -2.933 -2.939 -3.175
5.00 1000.00 -4.003 -3.990 -3.877 -3.642 -3.299 -3.005 -2.681 -2.428 -2.279 -2.186 -2.274 -2.361 -2.472 -2.694 -2.914 -3.171 -3.849 -3.758
5.25 1.00 2.822 2.854 2.914 2.986 2.891 2.828 2.655 2.556 2.276 2.093 1.788 1.509 1.110 0.773 0.511 -0.037 2.623 1.178
5.25 1.26 2.813 2.844 2.905 2.977 2.882 2.819 2.646 2.547 2.267 2.083 1.779 1.500 1.100 0.763 0.502 -0.045 2.614 1.168
5.25 1.58 2.799 2.830 2.891 2.963 2.869 2.805 2.632 2.533 2.253 2.069 1.765 1.485 1.086 0.748 0.487 -0.057 2.600 1.154
5.25 2.00 2.778 2.810 2.871 2.943 2.849 2.785 2.612 2.513 2.232 2.049 1.744 1.464 1.064 0.727 0.466 -0.076 2.579 1.133
5.25 2.51 2.749 2.781 2.842 2.915 2.821 2.757 2.584 2.484 2.203 2.019 1.714 1.435 1.034 0.697 0.436 -0.102 2.550 1.103
5.25 3.16 2.709 2.742 2.804 2.877 2.783 2.719 2.545 2.445 2.164 1.980 1.674 1.394 0.994 0.657 0.395 -0.139 2.510 1.064
5.25 3.98 2.658 2.692 2.754 2.828 2.734 2.669 2.496 2.395 2.114 1.929 1.623 1.343 0.942 0.605 0.343 -0.186 2.459 1.012
5.25 5.01 2.596 2.630 2.693 2.767 2.673 2.609 2.435 2.334 2.053 1.867 1.561 1.280 0.879 0.541 0.280 -0.244 2.396 0.950
5.25 6.31 2.522 2.557 2.621 2.696 2.603 2.538 2.364 2.263 1.981 1.795 1.488 1.207 0.805 0.468 0.207 -0.312 2.323 0.877
5.25 7.94 2.439 2.475 2.540 2.616 2.523 2.457 2.284 2.182 1.900 1.714 1.407 1.125 0.724 0.386 0.125 -0.387 2.240 0.795
5.25 10.00 2.348 2.385 2.450 2.527 2.435 2.369 2.196 2.095 1.813 1.626 1.319 1.037 0.635 0.298 0.036 -0.468 2.149 0.705
5.25 12.59 2.250 2.287 2.354 2.432 2.341 2.275 2.102 2.002 1.720 1.533 1.225 0.943 0.542 0.204 -0.057 -0.552 2.051 0.610
5.25 15.85 2.146 2.184 2.251 2.330 2.240 2.175 2.003 1.903 1.622 1.435 1.128 0.846 0.445 0.108 -0.154 -0.640 1.948 0.511
5.25 19.95 2.036 2.074 2.142 2.223 2.134 2.070 1.900 1.800 1.520 1.334 1.027 0.745 0.345 0.008 -0.253 -0.729 1.839 0.407
5.25 25.12 1.919 1.958 2.026 2.108 2.022 1.959 1.791 1.693 1.415 1.230 0.923 0.642 0.243 -0.094 -0.354 -0.820 1.723 0.299
5.25 31.62 1.795 1.834 1.904 1.987 1.904 1.843 1.677 1.581 1.305 1.122 0.816 0.536 0.138 -0.197 -0.458 -0.912 1.602 0.186
5.25 39.81 1.663 1.702 1.773 1.858 1.778 1.720 1.558 1.465 1.192 1.010 0.706 0.428 0.032 -0.303 -0.563 -1.006 1.472 0.069
5.25 50.12 1.521 1.561 1.632 1.718 1.643 1.589 1.432 1.342 1.073 0.895 0.593 0.316 -0.077 -0.410 -0.670 -1.101 1.334 -0.053
5.25 63.10 1.368 1.407 1.479 1.568 1.498 1.448 1.298 1.212 0.949 0.774 0.475 0.201 -0.188 -0.520 -0.779 -1.198 1.185 -0.183
5.25 79.43 1.199 1.237 1.310 1.402 1.340 1.296 1.154 1.074 0.818 0.647 0.352 0.081 -0.303 -0.633 -0.891 -1.297 1.022 -0.320
5.25 100.00 1.011 1.050 1.124 1.218 1.165 1.129 0.997 0.925 0.678 0.514 0.223 -0.044 -0.422 -0.749 -1.006 -1.399 0.842 -0.468
5.25 125.89 0.801 0.838 0.914 1.012 0.971 0.944 0.826 0.763 0.527 0.371 0.086 -0.175 -0.545 -0.869 -1.125 -1.505 0.640 -0.628
5.25 158.49 0.561 0.598 0.674 0.778 0.751 0.737 0.635 0.584 0.363 0.216 -0.061 -0.315 -0.675 -0.995 -1.249 -1.616 0.412 -0.804
5.25 199.53 0.285 0.321 0.399 0.509 0.501 0.502 0.420 0.385 0.182 0.047 -0.219 -0.466 -0.813 -1.127 -1.379 -1.733 0.151 -1.001
5.25 251.19 -0.037 -0.003 0.078 0.195 0.210 0.231 0.176 0.160 -0.020 -0.139 -0.394 -0.629 -0.960 -1.268 -1.517 -1.857 -0.152 -1.222
5.25 316.23 -0.416 -0.384 -0.301 -0.174 -0.130 -0.084 -0.106 -0.098 -0.248 -0.348 -0.587 -0.809 -1.120 -1.419 -1.666 -1.992 -0.508 -1.475
5.25 398.11 -0.868 -0.839 -0.752 -0.613 -0.532 -0.455 -0.435 -0.397 -0.510 -0.586 -0.805 -1.010 -1.296 -1.584 -1.826 -2.139 -0.931 -1.767
5.25 501.19 -1.412 -1.385 -1.295 -1.139 -1.012 -0.896 -0.824 -0.748 -0.815 -0.859 -1.054 -1.236 -1.490 -1.765 -2.002 -2.301 -1.437 -2.109
5.25 630.96 -2.070 -2.047 -1.951 -1.777 -1.591 -1.426 -1.287 -1.163 -1.171 -1.177 -1.341 -1.496 -1.710 -1.968 -2.198 -2.483 -2.048 -2.514
5.25 794.33 -2.872 -2.854 -2.752 -2.553 -2.294 -2.067 -1.845 -1.660 -1.595 -1.552 -1.676 -1.797 -1.960 -2.197 -2.419 -2.690 -2.792 -2.998
5.25 1000.00 -3.856 -3.845 -3.735 -3.504 -3.153 -2.847 -2.520 -2.260 -2.102 -1.997 -2.072 -2.150 -2.249 -2.459 -2.671 -2.929 -3.702 -3.581
5.50 1.00 2.844 2.873 2.930 2.997 2.912 2.861 2.692 2.602 2.331 2.160 1.869 1.600 1.213 0.887 0.634 0.091 2.645 1.232
5.50 1.26 2.838 2.868 2.925 2.992 2.907 2.855 2.687 2.596 2.326 2.154 1.863 1.594 1.207 0.881 0.628 0.087 2.640 1.226
5.50 1.58 2.830 2.859 2.917 2.983 2.899 2.847 2.679 2.588 2.317 2.146 1.855 1.586 1.198 0.873 0.619 0.080 2.631 1.218
5.50 2.00 2.817 2.847 2.904 2.971 2.887 2.835 2.666 2.575 2.305 2.133 1.842 1.573 1.185 0.860 0.606 0.070 2.618 1.205
5.50 2.51 2.798 2.828 2.886 2.953 2.868 2.816 2.648 2.557 2.286 2.114 1.823 1.553 1.166 0.840 0.587 0.053 2.599 1.186
5.50 3.16 2.771 2.801 2.859 2.927 2.843 2.790 2.622 2.530 2.259 2.087 1.796 1.526 1.138 0.813 0.559 0.029 2.572 1.159
5.50 3.98 2.734 2.764 2.823 2.891 2.807 2.754 2.586 2.494 2.223 2.051 1.759 1.489 1.101 0.775 0.522 -0.004 2.535 1.121
5.50 5.01 2.685 2.716 2.776 2.844 2.760 2.708 2.539 2.447 2.175 2.003 1.710 1.440 1.052 0.726 0.473 -0.048 2.486 1.073
5.50 6.31 2.625 2.656 2.717 2.786 2.702 2.649 2.480 2.388 2.116 1.943 1.651 1.380 0.991 0.666 0.412 -0.103 2.426 1.013
5.50 7.94 2.553 2.585 2.646 2.716 2.633 2.580 2.411 2.318 2.046 1.873 1.580 1.309 0.920 0.594 0.341 -0.168 2.354 0.941
5.50 10.00 2.470 2.503 2.565 2.637 2.554 2.500 2.332 2.239 1.967 1.794 1.500 1.229 0.840 0.514 0.261 -0.240 2.271 0.861
5.50 12.59 2.379 2.413 2.475 2.548 2.466 2.413 2.244 2.152 1.880 1.706 1.413 1.141 0.753 0.427 0.174 -0.320 2.180 0.772
5.50 15.85 2.279 2.314 2.378 2.451 2.371 2.318 2.150 2.059 1.787 1.613 1.320 1.048 0.660 0.334 0.081 -0.403 2.082 0.677
5.50 19.95 2.172 2.208 2.272 2.347 2.268 2.216 2.050 1.959 1.689 1.515 1.222 0.951 0.563 0.237 -0.016 -0.490 1.976 0.576
5.50 25.12 2.058 2.094 2.160 2.236 2.159 2.108 1.944 1.855 1.586 1.413 1.120 0.849 0.462 0.137 -0.115 -0.580 1.863 0.470
5.50 31.62 1.936 1.973 2.039 2.117 2.043 1.994 1.833 1.745 1.478 1.307 1.015 0.745 0.359 0.035 -0.217 -0.671 1.743 0.359
5.50 39.81 1.806 1.843 1.910 1.989 1.919 1.872 1.715 1.629 1.366 1.196 0.906 0.637 0.254 -0.070 -0.322 -0.764 1.615 0.243
5.50 50.12 1.665 1.702 1.770 1.852 1.786 1.742 1.590 1.508 1.248 1.081 0.793 0.526 0.145 -0.177 -0.428 -0.859 1.478 0.122
5.50 63.10 1.512 1.549 1.618 1.702 1.642 1.603 1.456 1.379 1.125 0.961 0.676 0.411 0.034 -0.286 -0.537 -0.955 1.330 -0.007
5.50 79.43 1.344 1.381 1.451 1.537 1.484 1.451 1.313 1.241 0.994 0.835 0.553 0.292 -0.080 -0.399 -0.649 -1.055 1.167 -0.144
5.50 100.00 1.157 1.194 1.265 1.354 1.311 1.285 1.157 1.093 0.855 0.702 0.424 0.167 -0.199 -0.515 -0.764 -1.157 0.988 -0.292
5.50 125.89 0.947 0.983 1.055 1.149 1.117 1.101 0.986 0.931 0.704 0.559 0.288 0.036 -0.322 -0.635 -0.883 -1.263 0.787 -0.452
5.50 158.49 0.708 0.743 0.816 0.915 0.898 0.894 0.795 0.753 0.540 0.405 0.141 -0.104 -0.452 -0.760 -1.007 -1.373 0.559 -0.628
5.50 199.53 0.432 0.466 0.541 0.646 0.647 0.659 0.581 0.553 0.359 0.236 -0.018 -0.254 -0.590 -0.893 -1.137 -1.490 0.298 -0.824
5.50 251.19 0.110 0.142 0.220 0.332 0.357 0.388 0.337 0.328 0.157 0.050 -0.192 -0.418 -0.737 -1.034 -1.275 -1.615 -0.006 -1.045
5.50 316.23 -0.269 -0.239 -0.159 -0.037 0.017 0.073 0.055 0.070 -0.071 -0.160 -0.386 -0.598 -0.897 -1.185 -1.423 -1.749 -0.362 -1.298
5.50 398.11 -0.721 -0.694 -0.610 -0.475 -0.385 -0.298 -0.274 -0.229 -0.333 -0.397 -0.603 -0.798 -1.072 -1.350 -1.584 -1.896 -0.784 -1.590
5.50 501.19 -1.265 -1.240 -1.152 -1.002 -0.865 -0.739 -0.663 -0.579 -0.637 -0.670 -0.852 -1.025 -1.267 -1.531 -1.760 -2.059 -1.290 -1.932
5.50 630.96 -1.923 -1.902 -1.809 -1.639 -1.444 -1.269 -1.126 -0.994 -0.994 -0.988 -1.139 -1.285 -1.487 -1.733 -1.956 -2.241 -1.902 -2.337
5.50 794.33 -2.725 -2.709 -2.610 -2.416 -2.147 -1.909 -1.684 -1.491 -1.418 -1.363 -1.474 -1.586 -1.737 -1.962 -2.177 -2.448 -2.645 -2.821
5.50 1000.00 -3.709 -3.700 -3.592 -3.367 -3.006 -2.690 -2.359 -2.091 -1.925 -1.808 -1.870 -1.939 -2.026 -2.225 -2.429 -2.686 -3.556 -3.405
5.75 1.00 2.861 2.888 2.942 3.004 2.929 2.889 2.725 2.643 2.382 2.223 1.946 1.687 1.312 0.998 0.753 0.215 2.662 1.282
5.75 1.26 2.857 2.885 2.939 3.001 2.926 2.886 2.722 2.640 2.379 2.220 1.943 1.684 1.309 0.995 0.749 0.213 2.659 1.279
5.75 1.58 2.852 2.880 2.934 2.996 2.921 2.881 2.718 2.635 2.374 2.215 1.938 1.679 1.304 0.989 0.744 0.210 2.654 1.274
5.75 2.00 2.845 2.872 2.927 2.988 2.914 2.874 2.710 2.627 2.366 2.207 1.930 1.671 1.296 0.982 0.736 0.205 2.646 1.266
5.75 2.51 2.833 2.860 2.915 2.977 2.903 2.862 2.699 2.616 2.355 2.196 1.918 1.659 1.284 0.970 0.725 0.196 2.635 1.255
5.75 3.16 2.816 2.843 2.898 2.961 2.886 2.846 2.682 2.599 2.338 2.179 1.901 1.642 1.266 0.952 0.707 0.181 2.617 1.237
5.75 3.98 2.790 2.819 2.874 2.936 2.862 2.822 2.658 2.575 2.314 2.154 1.876 1.617 1.241 0.927 0.682 0.160 2.592 1.212
5.75 5.01 2.756 2.784 2.840 2.903 2.829 2.788 2.624 2.541 2.280 2.120 1.842 1.582 1.206 0.892 0.647 0.130 2.557 1.177
5.75 6.31 2.709 2.738 2.795 2.858 2.785 2.744 2.580 2.496 2.235 2.075 1.796 1.536 1.160 0.846 0.601 0.089 2.511 1.132
5.75 7.94 2.651 2.680 2.737 2.802 2.729 2.687 2.523 2.440 2.178 2.018 1.739 1.479 1.103 0.788 0.543 0.038 2.453 1.074
5.75 10.00 2.580 2.610 2.668 2.734 2.661 2.619 2.456 2.372 2.110 1.950 1.671 1.410 1.034 0.720 0.474 -0.024 2.382 1.004
5.75 12.59 2.498 2.529 2.588 2.654 2.582 2.541 2.378 2.294 2.033 1.872 1.592 1.331 0.955 0.641 0.396 -0.095 2.300 0.925
5.75 15.85 2.405 2.437 2.497 2.565 2.494 2.453 2.291 2.208 1.946 1.785 1.506 1.245 0.869 0.555 0.310 -0.172 2.208 0.836
5.75 19.95 2.304 2.337 2.398 2.467 2.398 2.357 2.196 2.113 1.853 1.692 1.413 1.152 0.776 0.463 0.218 -0.255 2.108 0.740
5.75 25.12 2.194 2.227 2.289 2.360 2.293 2.253 2.094 2.013 1.753 1.593 1.314 1.054 0.679 0.366 0.121 -0.342 1.999 0.638
5.75 31.62 2.075 2.109 2.172 2.244 2.180 2.142 1.985 1.905 1.648 1.489 1.211 0.951 0.578 0.266 0.021 -0.431 1.882 0.530
5.75 39.81 1.947 1.981 2.045 2.119 2.058 2.022 1.869 1.792 1.538 1.381 1.104 0.845 0.474 0.162 -0.082 -0.523 1.756 0.416
5.75 50.12 1.808 1.842 1.907 1.983 1.927 1.894 1.746 1.672 1.422 1.267 0.992 0.735 0.367 0.056 -0.187 -0.617 1.621 0.295
5.75 63.10 1.656 1.691 1.757 1.835 1.784 1.756 1.614 1.545 1.299 1.148 0.876 0.621 0.256 -0.053 -0.296 -0.713 1.473 0.168
5.75 79.43 1.489 1.523 1.590 1.671 1.628 1.606 1.472 1.408 1.170 1.023 0.754 0.502 0.142 -0.165 -0.407 -0.812 1.312 0.031
5.75 100.00 1.303 1.337 1.405 1.489 1.455 1.441 1.316 1.260 1.031 0.890 0.626 0.378 0.024 -0.281 -0.522 -0.914 1.133 -0.116
5.75 125.89 1.093 1.127 1.196 1.285 1.262 1.257 1.146 1.099 0.881 0.747 0.489 0.247 -0.100 -0.401 -0.641 -1.020 0.932 -0.275
5.75 158.49 0.854 0.887 0.958 1.051 1.043 1.050 0.956 0.921 0.717 0.593 0.343 0.107 -0.229 -0.526 -0.765 -1.131 0.705 -0.451
5.75 199.53 0.578 0.610 0.683 0.783 0.793 0.815 0.742 0.722 0.536 0.425 0.184 -0.043 -0.367 -0.659 -0.895 -1.248 0.444 -0.647
5.75 251.19 0.257 0.287 0.362 0.469 0.503 0.545 0.498 0.497 0.335 0.238 0.010 -0.206 -0.514 -0.799 -1.033 -1.372 0.141 -0.868
5.75 316.23 -0.123 -0.094 -0.017 0.101 0.163 0.230 0.216 0.239 0.106 0.029 -0.184 -0.386 -0.674 -0.951 -1.181 -1.507 -0.215 -1.121
5.75 398.11 -0.575 -0.549 -0.468 -0.338 -0.238 -0.141 -0.113 -0.060 -0.156 -0.208 -0.402 -0.587 -0.849 -1.115 -1.342 -1.654 -0.637 -1.413
5.75 501.19 -1.118 -1.095 -1.010 -0.865 -0.719 -0.582 -0.502 -0.410 -0.460 -0.481 -0.650 -0.814 -1.044 -1.297 -1.518 -1.816 -1.144 -1.756
5.75 630.96 -1.776 -1.757 -1.667 -1.502 -1.297 -1.111 -0.965 -0.826 -0.817 -0.799 -0.937 -1.073 -1.264 -1.499 -1.714 -1.999 -1.755 -2.160
5.75 794.33 -2.578 -2.564 -2.467 -2.278 -2.000 -1.752 -1.523 -1.323 -1.240 -1.174 -1.272 -1.374 -1.514 -1.728 -1.935 -2.206 -2.498 -2.644
5.75 1000.00 -3.563 -3.555 -3.450 -3.230 -2.859 -2.533 -2.198 -1.922 -1.748 -1.619 -1.668 -1.727 -1.803 -1.991 -2.187 -2.444 -3.409 -3.228
6.00 1.00 2.873 2.899 2.950 3.007 2.943 2.914 2.755 2.681 2.430 2.284 2.020 1.771 1.409 1.106 0.869 0.337 2.676 1.329
6.00 1.26 2.872 2.897 2.948 3.005 2.941 2.912 2.754 2.680 2.429 2.282 2.018 1.769 1.407 1.104 0.867 0.337 2.674 1.328
6.00 1.58 2.869 2.894 2.945 3.002 2.938 2.910 2.751 2.677 2.426 2.279 2.015 1.766 1.404 1.102 0.864 0.336 2.671 1.325
6.00 2.00 2.864 2.889 2.941 2.998 2.934 2.905 2.746 2.672 2.421 2.275 2.011 1.762 1.400 1.097 0.860 0.333 2.667 1.320
6.00 2.51 2.857 2.882 2.934 2.991 2.927 2.898 2.740 2.666 2.415 2.268 2.004 1.755 1.393 1.090 0.853 0.329 2.660 1.313
6.00 3.16 2.846 2.872 2.924 2.981 2.917 2.888 2.729 2.655 2.404 2.257 1.994 1.744 1.382 1.079 0.842 0.321 2.649 1.303
6.00 3.98 2.830 2.856 2.908 2.966 2.902 2.873 2.714 2.640 2.389 2.242 1.978 1.729 1.366 1.063 0.826 0.309 2.633 1.287
6.00 5.01 2.807 2.833 2.886 2.943 2.879 2.851 2.692 2.617 2.366 2.219 1.955 1.706 1.343 1.040 0.803 0.290 2.610 1.264
6.00 6.31 2.774 2.801 2.854 2.912 2.848 2.819 2.660 2.586 2.335 2.187 1.923 1.674 1.311 1.008 0.771 0.263 2.577 1.231
6.00 7.94 2.730 2.757 2.810 2.869 2.806 2.777 2.618 2.544 2.292 2.145 1.880 1.630 1.267 0.965 0.728 0.226 2.533 1.188
6.00 10.00 2.673 2.701 2.755 2.815 2.752 2.723 2.564 2.490 2.238 2.090 1.826 1.576 1.213 0.910 0.673 0.177 2.476 1.133
6.00 12.59 2.604 2.632 2.687 2.747 2.686 2.656 2.498 2.424 2.172 2.024 1.759 1.509 1.146 0.844 0.607 0.118 2.407 1.065
6.00 15.85 2.521 2.550 2.606 2.668 2.607 2.578 2.421 2.347 2.096 1.948 1.683 1.432 1.069 0.767 0.530 0.050 2.325 0.986
6.00 19.95 2.428 2.458 2.515 2.578 2.519 2.490 2.334 2.260 2.010 1.862 1.597 1.347 0.984 0.682 0.445 -0.026 2.232 0.898
6.00 25.12 2.324 2.354 2.412 2.477 2.420 2.392 2.238 2.165 1.916 1.769 1.504 1.254 0.892 0.590 0.354 -0.108 2.130 0.801
6.00 31.62 2.209 2.240 2.300 2.366 2.312 2.285 2.133 2.062 1.815 1.669 1.404 1.155 0.794 0.493 0.257 -0.194 2.017 0.697
6.00 39.81 2.084 2.116 2.177 2.245 2.194 2.169 2.021 1.952 1.708 1.563 1.300 1.051 0.693 0.392 0.156 -0.284 1.894 0.586
6.00 50.12 1.948 1.980 2.042 2.112 2.065 2.044 1.900 1.835 1.594 1.451 1.190 0.943 0.587 0.288 0.052 -0.377 1.761 0.467
6.00 63.10 1.798 1.830 1.893 1.966 1.925 1.908 1.770 1.709 1.473 1.334 1.075 0.830 0.477 0.180 -0.055 -0.472 1.615 0.341
6.00 79.43 1.632 1.664 1.728 1.804 1.770 1.759 1.629 1.573 1.344 1.209 0.954 0.712 0.364 0.068 -0.166 -0.570 1.455 0.206
6.00 100.00 1.447 1.479 1.544 1.624 1.599 1.595 1.475 1.426 1.206 1.077 0.826 0.588 0.246 -0.047 -0.280 -0.672 1.277 0.060
6.00 125.89 1.238 1.270 1.336 1.420 1.407 1.412 1.305 1.266 1.057 0.935 0.690 0.457 0.123 -0.167 -0.399 -0.778 1.078 -0.100
6.00 158.49 1.000 1.031 1.099 1.187 1.189 1.206 1.116 1.088 0.894 0.781 0.544 0.318 -0.007 -0.292 -0.523 -0.889 0.851 -0.275
6.00 199.53 0.725 0.754 0.824 0.919 0.939 0.972 0.902 0.890 0.713 0.613 0.385 0.168 -0.144 -0.424 -0.653 -1.005 0.590 -0.471
6.00 251.19 0.403 0.432 0.504 0.606 0.649 0.702 0.658 0.665 0.512 0.427 0.211 0.005 -0.291 -0.565 -0.791 -1.130 0.287 -0.692
6.00 316.23 0.024 0.050 0.125 0.238 0.310 0.387 0.377 0.407 0.283 0.218 0.018 -0.175 -0.451 -0.716 -0.939 -1.265 -0.069 -0.944
6.00 398.11 -0.428 -0.404 -0.326 -0.201 -0.092 0.016 0.048 0.108 0.021 -0.020 -0.200 -0.376 -0.626 -0.881 -1.099 -1.411 -0.491 -1.237
6.00 501.19 -0.971 -0.950 -0.868 -0.728 -0.572 -0.425 -0.341 -0.242 -0.283 -0.293 -0.448 -0.602 -0.821 -1.062 -1.276 -1.574 -0.997 -1.579
6.00 630.96 -1.629 -1.612 -1.524 -1.365 -1.151 -0.954 -0.804 -0.657 -0.640 -0.611 -0.735 -0.862 -1.040 -1.265 -1.472 -1.756 -1.608 -1.984
6.00 794.33 -2.431 -2.419 -2.325 -2.141 -1.854 -1.595 -1.362 -1.154 -1.063 -0.985 -1.070 -1.163 -1.291 -1.494 -1.692 -1.963 -2.352 -2.467
6.00 1000.00 -3.416 -3.410 -3.307 -3.093 -2.713 -2.375 -2.037 -1.754 -1.570 -1.430 -1.466 -1.516 -1.580 -1.756 -1.945 -2.202 -3.262 -3.051
6.25 1.00 2.882 2.905 2.954 3.006 2.953 2.936 2.782 2.717 2.476 2.342 2.092 1.854 1.504 1.213 0.984 0.458 2.686 1.374
6.25 1.26 2.881 2.904 2.953 3.005 2.952 2.935 2.781 2.716 2.475 2.341 2.091 1.853 1.503 1.212 0.983 0.458 2.685 1.373
6.25 1.58 2.880 2.903 2.952 3.004 2.950 2.933 2.780 2.715 2.474 2.340 2.090 1.851 1.501 1.210 0.981 0.458 2.683 1.371
6.25 2.00 2.877 2.900 2.949 3.001 2.948 2.931 2.777 2.712 2.471 2.337 2.087 1.848 1.499 1.208 0.979 0.457 2.681 1.369
6.25 2.51 2.873 2.896 2.945 2.997 2.944 2.927 2.773 2.708 2.467 2.333 2.083 1.844 1.495 1.204 0.975 0.455 2.676 1.365
6.25 3.16 2.866 2.890 2.939 2.991 2.938 2.921 2.767 2.702 2.461 2.327 2.077 1.838 1.488 1.197 0.968 0.452 2.670 1.358
6.25 3.98 2.857 2.880 2.929 2.982 2.928 2.911 2.758 2.693 2.452 2.317 2.068 1.829 1.479 1.188 0.959 0.446 2.660 1.349
6.25 5.01 2.842 2.865 2.915 2.967 2.914 2.897 2.744 2.679 2.438 2.303 2.053 1.814 1.464 1.173 0.944 0.436 2.645 1.334
6.25 6.31 2.820 2.844 2.894 2.947 2.894 2.877 2.723 2.658 2.417 2.282 2.032 1.793 1.443 1.152 0.923 0.419 2.624 1.313
6.25 7.94 2.789 2.813 2.863 2.917 2.864 2.847 2.694 2.629 2.387 2.253 2.003 1.763 1.414 1.123 0.894 0.395 2.593 1.283
6.25 10.00 2.747 2.771 2.822 2.876 2.824 2.807 2.654 2.589 2.348 2.213 1.962 1.723 1.373 1.082 0.853 0.361 2.551 1.242
6.25 12.59 2.692 2.717 2.768 2.823 2.772 2.755 2.602 2.537 2.296 2.161 1.910 1.671 1.321 1.030 0.801 0.316 2.496 1.189
6.25 15.85 2.623 2.649 2.701 2.757 2.706 2.690 2.538 2.473 2.232 2.097 1.846 1.607 1.257 0.966 0.737 0.260 2.427 1.123
6.25 19.95 2.540 2.567 2.620 2.677 2.628 2.612 2.461 2.397 2.156 2.022 1.771 1.531 1.182 0.891 0.663 0.194 2.346 1.045
6.25 25.12 2.445 2.472 2.527 2.585 2.538 2.523 2.373 2.310 2.071 1.936 1.686 1.446 1.098 0.808 0.579 0.119 2.251 0.957
6.25 31.62 2.337 2.365 2.421 2.481 2.437 2.422 2.275 2.213 1.976 1.842 1.592 1.354 1.006 0.716 0.488 0.038 2.145 0.858
6.25 39.81 2.217 2.246 2.303 2.365 2.324 2.312 2.168 2.108 1.873 1.741 1.492 1.254 0.908 0.619 0.391 -0.048 2.028 0.752
6.25 50.12 2.084 2.114 2.172 2.237 2.200 2.190 2.051 1.994 1.762 1.633 1.385 1.148 0.805 0.517 0.289 -0.138 1.898 0.636
6.25 63.10 1.937 1.967 2.026 2.094 2.062 2.057 1.923 1.870 1.644 1.517 1.272 1.037 0.697 0.411 0.184 -0.232 1.755 0.512
6.25 79.43 1.773 1.804 1.864 1.935 1.910 1.910 1.785 1.737 1.517 1.394 1.153 0.921 0.585 0.301 0.074 -0.330 1.597 0.379
6.25 100.00 1.590 1.620 1.682 1.756 1.741 1.748 1.632 1.592 1.380 1.263 1.026 0.798 0.468 0.186 -0.039 -0.431 1.420 0.234
6.25 125.89 1.382 1.412 1.476 1.554 1.550 1.567 1.464 1.432 1.232 1.122 0.890 0.668 0.345 0.067 -0.157 -0.536 1.222 0.075
6.25 158.49 1.145 1.174 1.239 1.322 1.333 1.362 1.275 1.255 1.070 0.969 0.745 0.529 0.216 -0.058 -0.281 -0.646 0.996 -0.100
6.25 199.53 0.870 0.898 0.965 1.055 1.084 1.128 1.062 1.057 0.890 0.801 0.587 0.379 0.079 -0.190 -0.411 -0.763 0.736 -0.295
6.25 251.19 0.549 0.576 0.645 0.743 0.795 0.858 0.819 0.833 0.688 0.615 0.413 0.216 -0.069 -0.331 -0.549 -0.888 0.433 -0.515
6.25 316.23 0.170 0.195 0.267 0.374 0.456 0.544 0.537 0.575 0.460 0.406 0.220 0.036 -0.228 -0.482 -0.697 -1.022 0.078 -0.768
6.25 398.11 -0.281 -0.259 -0.184 -0.064 0.054 0.173 0.208 0.277 0.198 0.169 0.002 -0.164 -0.403 -0.647 -0.857 -1.169 -0.344 -1.060
6.25 501.19 -0.824 -0.805 -0.726 -0.591 -0.426 -0.267 -0.180 -0.073 -0.106 -0.104 -0.246 -0.391 -0.598 -0.828 -1.033 -1.332 -0.850 -1.402
6.25 630.96 -1.482 -1.467 -1.382 -1.228 -1.004 -0.797 -0.643 -0.489 -0.462 -0.422 -0.533 -0.651 -0.817 -1.030 -1.229 -1.514 -1.461 -1.807
6.25 794.33 -2.284 -2.274 -2.183 -2.004 -1.707 -1.437 -1.201 -0.986 -0.886 -0.796 -0.868 -0.951 -1.068 -1.259 -1.450 -1.721 -2.205 -2.291
6.25 1000.00 -3.269 -3.265 -3.165 -2.955 -2.566 -2.218 -1.876 -1.585 -1.393 -1.242 -1.264 -1.304 -1.357 -1.522 -1.702 -1.959 -3.115 -2.874
6.50 1.00 2.887 2.908 2.954 3.002 2.959 2.954 2.807 2.750 2.520 2.399 2.163 1.934 1.598 1.319 1.098 0.577 2.692 1.416
6.50 1.26 2.886 2.907 2.954 3.001 2.958 2.954 2.806 2.750 2.519 2.398 2.162 1.934 1.597 1.318 1.097 0.577 2.691 1.415
6.50 1.58 2.885 2.906 2.953 3.000 2.957 2.953 2.805 2.749 2.518 2.397 2.161 1.933 1.596 1.317 1.096 0.578 2.690 1.414
6.50 2.00 2.884 2.905 2.951 2.999 2.956 2.951 2.804 2.747 2.517 2.396 2.160 1.931 1.595 1.316 1.095 0.578 2.689 1.413
6.50 2.51 2.881 2.902 2.949 2.996 2.954 2.949 2.801 2.745 2.515 2.393 2.158 1.929 1.592 1.313 1.092 0.578 2.686 1.411
6.50 3.16 2.878 2.899 2.945 2.993 2.950 2.946 2.798 2.742 2.511 2.390 2.154 1.926 1.589 1.310 1.089 0.577 2.682 1.407
6.50 3.98 2.872 2.893 2.939 2.987 2.945 2.940 2.792 2.736 2.506 2.384 2.148 1.920 1.583 1.304 1.083 0.575 2.676 1.401
6.50 5.01 2.863 2.884 2.930 2.978 2.936 2.931 2.784 2.727 2.497 2.376 2.140 1.911 1.574 1.295 1.074 0.570 2.667 1.392
6.50 6.31 2.849 2.870 2.917 2.965 2.923 2.918 2.771 2.715 2.484 2.363 2.127 1.898 1.561 1.282 1.061 0.561 2.654 1.379
6.50 7.94 2.828 2.850 2.897 2.946 2.904 2.899 2.752 2.696 2.465 2.344 2.108 1.879 1.542 1.263 1.042 0.547 2.633 1.360
6.50 10.00 2.799 2.821 2.869 2.917 2.876 2.871 2.724 2.668 2.438 2.316 2.080 1.851 1.515 1.236 1.015 0.526 2.604 1.331
6.50 12.59 2.758 2.781 2.829 2.878 2.838 2.833 2.686 2.630 2.400 2.279 2.042 1.814 1.477 1.198 0.977 0.495 2.564 1.293
6.50 15.85 2.704 2.727 2.776 2.827 2.787 2.782 2.636 2.580 2.351 2.229 1.993 1.764 1.427 1.149 0.928 0.453 2.510 1.241
6.50 19.95 2.636 2.660 2.709 2.761 2.722 2.718 2.573 2.518 2.288 2.167 1.931 1.702 1.366 1.087 0.866 0.400 2.442 1.177
6.50 25.12 2.552 2.577 2.628 2.681 2.644 2.641 2.497 2.442 2.214 2.093 1.857 1.628 1.293 1.014 0.794 0.336 2.360 1.100
6.50 31.62 2.454 2.480 2.532 2.586 2.552 2.550 2.408 2.355 2.128 2.008 1.772 1.544 1.209 0.931 0.711 0.263 2.264 1.011
6.50 39.81 2.342 2.368 2.421 2.478 2.447 2.446 2.308 2.257 2.032 1.913 1.678 1.451 1.118 0.840 0.621 0.183 2.153 0.911
6.50 50.12 2.215 2.242 2.296 2.355 2.328 2.331 2.196 2.148 1.927 1.809 1.576 1.350 1.019 0.743 0.523 0.097 2.029 0.801
6.50 63.10 2.072 2.099 2.155 2.217 2.196 2.202 2.073 2.028 1.812 1.698 1.466 1.242 0.914 0.639 0.421 0.006 1.890 0.680
6.50 79.43 1.912 1.939 1.997 2.062 2.047 2.059 1.937 1.898 1.688 1.577 1.349 1.128 0.804 0.531 0.313 -0.090 1.735 0.549
6.50 100.00 1.731 1.758 1.817 1.886 1.880 1.899 1.787 1.755 1.553 1.448 1.224 1.006 0.688 0.418 0.201 -0.190 1.561 0.406
6.50 125.89 1.525 1.552 1.613 1.686 1.692 1.719 1.620 1.597 1.406 1.308 1.090 0.877 0.566 0.299 0.083 -0.295 1.364 0.249
6.50 158.49 1.289 1.316 1.378 1.456 1.477 1.516 1.433 1.421 1.245 1.156 0.945 0.739 0.438 0.175 -0.040 -0.405 1.140 0.075
6.50 199.53 1.015 1.041 1.105 1.190 1.229 1.283 1.221 1.224 1.066 0.989 0.788 0.589 0.301 0.043 -0.169 -0.521 0.881 -0.119
6.50 251.19 0.695 0.719 0.786 0.878 0.940 1.014 0.978 1.000 0.865 0.803 0.614 0.427 0.154 -0.097 -0.307 -0.646 0.579 -0.339
6.50 316.23 0.316 0.339 0.408 0.511 0.602 0.700 0.697 0.743 0.637 0.595 0.421 0.247 -0.005 -0.248 -0.455 -0.780 0.224 -0.592
6.50 398.11 -0.135 -0.115 -0.042 0.072 0.200 0.330 0.369 0.445 0.375 0.358 0.204 0.047 -0.180 -0.413 -0.615 -0.927 -0.198 -0.883
6.50 501.19 -0.678 -0.660 -0.584 -0.454 -0.279 -0.111 -0.019 0.095 0.071 0.085 -0.045 -0.180 -0.375 -0.594 -0.791 -1.089 -0.704 -1.225
6.50 630.96 -1.335 -1.322 -1.240 -1.091 -0.858 -0.640 -0.483 -0.320 -0.285 -0.233 -0.331 -0.439 -0.594 -0.796 -0.987 -1.272 -1.315 -1.630
6.50 794.33 -2.138 -2.129 -2.041 -1.867 -1.561 -1.280 -1.040 -0.817 -0.709 -0.607 -0.667 -0.740 -0.845 -1.025 -1.208 -1.479 -2.058 -2.114
6.50 1000.00 -3.122 -3.120 -3.023 -2.818 -2.419 -2.061 -1.716 -1.417 -1.216 -1.053 -1.063 -1.093 -1.134 -1.288 -1.460 -1.717 -2.969 -2.697
6.75 1.00 2.886 2.905 2.949 2.992 2.961 2.969 2.827 2.780 2.561 2.453 2.231 2.013 1.690 1.423 1.210 0.695 2.692 1.455
6.75 1.26 2.886 2.905 2.948 2.991 2.960 2.968 2.827 2.780 2.561 2.452 2.231 2.013 1.690 1.422 1.210 0.695 2.692 1.454
6.75 1.58 2.885 2.904 2.948 2.991 2.960 2.968 2.826 2.780 2.560 2.452 2.230 2.012 1.689 1.422 1.209 0.696 2.691 1.454
6.75 2.00 2.884 2.903 2.947 2.990 2.959 2.967 2.826 2.779 2.559 2.451 2.230 2.012 1.688 1.421 1.208 0.697 2.691 1.453
6.75 2.51 2.883 2.902 2.946 2.989 2.958 2.966 2.824 2.777 2.558 2.450 2.228 2.010 1.687 1.420 1.207 0.698 2.689 1.452
6.75 3.16 2.881 2.900 2.943 2.987 2.956 2.964 2.822 2.775 2.556 2.448 2.226 2.008 1.685 1.418 1.205 0.698 2.687 1.450
6.75 3.98 2.877 2.896 2.940 2.983 2.952 2.960 2.819 2.772 2.553 2.444 2.223 2.005 1.682 1.414 1.202 0.698 2.683 1.446
6.75 5.01 2.872 2.891 2.935 2.978 2.947 2.955 2.814 2.767 2.548 2.439 2.218 2.000 1.676 1.409 1.196 0.696 2.678 1.441
6.75 6.31 2.863 2.882 2.926 2.970 2.939 2.947 2.806 2.759 2.540 2.432 2.210 1.992 1.669 1.401 1.189 0.693 2.670 1.433
6.75 7.94 2.850 2.870 2.914 2.958 2.927 2.935 2.794 2.747 2.528 2.420 2.198 1.980 1.657 1.390 1.177 0.686 2.657 1.421
6.75 10.00 2.831 2.850 2.895 2.939 2.909 2.917 2.776 2.730 2.510 2.402 2.181 1.963 1.639 1.372 1.159 0.674 2.638 1.403
6.75 12.59 2.803 2.823 2.868 2.912 2.883 2.891 2.750 2.704 2.485 2.377 2.155 1.937 1.614 1.347 1.134 0.655 2.610 1.376
6.75 15.85 2.763 2.784 2.829 2.875 2.846 2.854 2.714 2.668 2.449 2.341 2.120 1.902 1.579 1.312 1.099 0.627 2.571 1.339
6.75 19.95 2.710 2.731 2.777 2.824 2.796 2.805 2.666 2.620 2.402 2.294 2.072 1.854 1.532 1.265 1.052 0.588 2.518 1.290
6.75 25.12 2.642 2.663 2.710 2.758 2.732 2.741 2.604 2.559 2.341 2.234 2.012 1.795 1.472 1.206 0.994 0.538 2.451 1.227
6.75 31.62 2.557 2.579 2.627 2.676 2.653 2.663 2.527 2.484 2.268 2.161 1.940 1.722 1.401 1.135 0.923 0.477 2.367 1.150
6.75 39.81 2.455 2.478 2.528 2.579 2.558 2.570 2.437 2.395 2.181 2.076 1.855 1.639 1.319 1.053 0.841 0.405 2.267 1.060
6.75 50.12 2.336 2.360 2.411 2.465 2.448 2.463 2.333 2.294 2.083 1.979 1.760 1.545 1.227 0.962 0.751 0.326 2.152 0.958
6.75 63.10 2.200 2.225 2.277 2.333 2.322 2.340 2.216 2.181 1.974 1.873 1.656 1.442 1.127 0.864 0.653 0.239 2.019 0.843
6.75 79.43 2.045 2.070 2.124 2.183 2.179 2.202 2.086 2.055 1.854 1.757 1.542 1.331 1.020 0.759 0.549 0.147 1.869 0.716
6.75 100.00 1.868 1.893 1.949 2.012 2.016 2.046 1.939 1.915 1.723 1.630 1.420 1.212 0.907 0.648 0.439 0.049 1.699 0.576
6.75 125.89 1.665 1.690 1.748 1.815 1.831 1.870 1.775 1.760 1.578 1.493 1.288 1.085 0.787 0.531 0.323 -0.055 1.505 0.421
6.75 158.49 1.431 1.455 1.515 1.588 1.618 1.669 1.590 1.586 1.418 1.342 1.144 0.948 0.659 0.407 0.201 -0.164 1.282 0.249
6.75 199.53 1.159 1.183 1.244 1.323 1.372 1.437 1.379 1.390 1.241 1.176 0.988 0.799 0.523 0.276 0.072 -0.280 1.024 0.055
6.75 251.19 0.839 0.862 0.926 1.013 1.084 1.170 1.137 1.167 1.040 0.991 0.815 0.637 0.376 0.136 -0.065 -0.404 0.723 -0.164
6.75 316.23 0.462 0.482 0.549 0.646 0.747 0.856 0.857 0.911 0.813 0.783 0.622 0.458 0.217 -0.014 -0.213 -0.538 0.369 -0.416
6.75 398.11 0.011 0.029 0.099 0.209 0.346 0.486 0.529 0.613 0.552 0.546 0.405 0.258 0.042 -0.179 -0.373 -0.685 -0.053 -0.707
6.75 501.19 -0.532 -0.516 -0.442 -0.317 -0.134 0.046 0.141 0.263 0.248 0.273 0.157 0.031 -0.152 -0.360 -0.549 -0.847 -0.558 -1.049
6.75 630.96 -1.189 -1.178 -1.098 -0.954 -0.712 -0.483 -0.322 -0.152 -0.108 -0.045 -0.130 -0.228 -0.371 -0.562 -0.745 -1.029 -1.169 -1.454
6.75 794.33 -1.991 -1.985 -1.899 -1.730 -1.414 -1.123 -0.879 -0.649 -0.532 -0.419 -0.465 -0.529 -0.622 -0.791 -0.966 -1.236 -1.912 -1.937
6.75 1000.00 -2.975 -2.975 -2.881 -2.681 -2.273 -1.904 -1.555 -1.248 -1.039 -0.864 -0.861 -0.882 -0.911 -1.053 -1.218 -1.475 -2.822 -2.521
7.00 1.00 2.878 2.895 2.936 2.975 2.957 2.978 2.843 2.807 2.599 2.504 2.297 2.090 1.780 1.525 1.321 0.811 2.687 1.490
7.00 1.26 2.878 2.895 2.936 2.975 2.957 2.978 2.843 2.806 2.599 2.504 2.297 2.090 1.780 1.525 1.320 0.812 2.686 1.489
7.00 1.58 2.877 2.894 2.936 2.975 2.956 2.977 2.843 2.806 2.598 2.504 2.297 2.090 1.780 1.525 1.320 0.813 2.686 1.489
7.00 2.00 2.877 2.894 2.935 2.974 2.956 2.977 2.842 2.806 2.598 2.503 2.296 2.089 1.779 1.524 1.320 0.814 2.686 1.489
7.00 2.51 2.876 2.893 2.934 2.974 2.955 2.976 2.842 2.805 2.597 2.502 2.295 2.088 1.779 1.523 1.319 0.815 2.685 1.488
7.00 3.16 2.875 2.892 2.933 2.972 2.954 2.975 2.840 2.804 2.596 2.501 2.294 2.087 1.777 1.522 1.318 0.816 2.683 1.487
7.00 3.98 2.873 2.890 2.931 2.970 2.952 2.973 2.839 2.802 2.594 2.499 2.292 2.085 1.776 1.520 1.316 0.817 2.681 1.485
7.00 5.01 2.869 2.886 2.928 2.967 2.949 2.970 2.836 2.799 2.591 2.496 2.289 2.082 1.773 1.518 1.313 0.817 2.678 1.482
7.00 6.31 2.864 2.881 2.923 2.962 2.944 2.965 2.831 2.794 2.586 2.492 2.285 2.078 1.768 1.513 1.309 0.817 2.673 1.477
7.00 7.94 2.856 2.873 2.915 2.955 2.936 2.958 2.824 2.787 2.579 2.485 2.278 2.071 1.761 1.506 1.302 0.814 2.665 1.469
7.00 10.00 2.844 2.861 2.903 2.943 2.925 2.946 2.812 2.776 2.568 2.474 2.267 2.060 1.750 1.495 1.291 0.809 2.653 1.458
7.00 12.59 2.826 2.843 2.885 2.925 2.908 2.929 2.796 2.759 2.552 2.458 2.251 2.044 1.734 1.479 1.275 0.799 2.635 1.441
7.00 15.85 2.799 2.816 2.859 2.900 2.883 2.904 2.771 2.735 2.528 2.434 2.227 2.020 1.711 1.456 1.252 0.782 2.608 1.416
7.00 19.95 2.760 2.778 2.821 2.863 2.847 2.869 2.737 2.701 2.495 2.400 2.194 1.987 1.678 1.423 1.219 0.757 2.570 1.381
7.00 25.12 2.707 2.726 2.770 2.813 2.798 2.821 2.690 2.655 2.449 2.355 2.148 1.942 1.633 1.379 1.175 0.721 2.518 1.334
7.00 31.62 2.638 2.658 2.702 2.746 2.734 2.757 2.628 2.594 2.390 2.296 2.090 1.884 1.576 1.322 1.118 0.674 2.450 1.272
7.00 39.81 2.551 2.571 2.617 2.663 2.653 2.678 2.551 2.519 2.316 2.224 2.019 1.813 1.506 1.253 1.049 0.615 2.365 1.195
7.00 50.12 2.444 2.465 2.512 2.560 2.554 2.582 2.459 2.429 2.229 2.138 1.934 1.729 1.425 1.172 0.969 0.545 2.261 1.103
7.00 63.10 2.318 2.339 2.388 2.439 2.438 2.469 2.351 2.324 2.129 2.040 1.838 1.635 1.333 1.081 0.879 0.466 2.138 0.997
7.00 79.43 2.170 2.192 2.243 2.297 2.302 2.338 2.227 2.205 2.015 1.930 1.730 1.529 1.231 0.982 0.780 0.379 1.995 0.876
7.00 100.00 1.998 2.021 2.074 2.131 2.146 2.188 2.086 2.070 1.888 1.808 1.612 1.415 1.122 0.875 0.673 0.284 1.830 0.741
7.00 125.89 1.800 1.823 1.877 1.940 1.965 2.016 1.926 1.919 1.747 1.674 1.483 1.290 1.004 0.760 0.560 0.183 1.640 0.590
7.00 158.49 1.569 1.592 1.648 1.716 1.756 1.818 1.744 1.748 1.590 1.526 1.342 1.155 0.878 0.638 0.440 0.076 1.421 0.420
7.00 199.53 1.300 1.321 1.380 1.454 1.512 1.589 1.535 1.554 1.414 1.361 1.186 1.008 0.743 0.508 0.312 -0.039 1.165 0.228
7.00 251.19 0.982 1.003 1.064 1.146 1.227 1.323 1.295 1.333 1.215 1.177 1.015 0.846 0.598 0.369 0.175 -0.163 0.866 0.010
7.00 316.23 0.606 0.624 0.688 0.780 0.891 1.011 1.016 1.077 0.989 0.970 0.823 0.668 0.439 0.219 0.028 -0.296 0.513 -0.241
7.00 398.11 0.156 0.172 0.239 0.344 0.491 0.642 0.688 0.780 0.728 0.734 0.606 0.468 0.265 0.055 -0.131 -0.443 0.092 -0.532
7.00 501.19 -0.386 -0.373 -0.302 -0.182 0.012 0.202 0.301 0.430 0.425 0.461 0.358 0.242 0.070 -0.126 -0.307 -0.605 -0.413 -0.873
7.00 630.96 -1.043 -1.034 -0.957 -0.818 -0.566 -0.327 -0.162 0.016 0.068 0.144 0.072 -0.017 -0.149 -0.328 -0.503 -0.787 -1.023 -1.278
7.00 794.33 -1.845 -1.841 -1.757 -1.594 -1.269 -0.967 -0.719 -0.481 -0.355 -0.230 -0.263 -0.318 -0.399 -0.557 -0.724 -0.994 -1.766 -1.761
7.00 1000.00 -2.829 -2.831 -2.739 -2.545 -2.127 -1.747 -1.394 -1.080 -0.862 -0.676 -0.659 -0.671 -0.688 -0.819 -0.976 -1.232 -2.676 -2.344
7.25 1.00 2.861 2.876 2.915 2.950 2.945 2.980 2.854 2.828 2.632 2.552 2.360 2.164 1.869 1.626 1.430 0.926 2.672 1.519
7.25 1.26 2.861 2.876 2.915 2.950 2.945 2.980 2.854 2.828 2.632 2.552 2.360 2.164 1.869 1.626 1.430 0.927 2.672 1.519
7.25 1.58 2.860 2.875 2.915 2.950 2.945 2.980 2.854 2.827 2.632 2.552 2.360 2.164 1.868 1.626 1.429 0.928 2.672 1.519
7.25 2.00 2.860 2.875 2.914 2.950 2.945 2.980 2.853 2.827 2.632 2.551 2.359 2.163 1.868 1.625 1.429 0.929 2.672 1.519
7.25 2.51 2.860 2.875 2.914 2.949 2.944 2.979 2.853 2.827 2.631 2.551 2.359 2.163 1.868 1.625 1.429 0.930 2.671 1.518
7.25 3.16 2.859 2.874 2.913 2.949 2.943 2.978 2.852 2.826 2.631 2.550 2.358 2.162 1.867 1.624 1.428 0.931 2.670 1.517
7.25 3.98 2.857 2.873 2.912 2.947 2.942 2.977 2.851 2.825 2.630 2.549 2.357 2.161 1.866 1.623 1.427 0.933 2.669 1.516
7.25 5.01 2.855 2.871 2.910 2.945 2.940 2.975 2.849 2.823 2.628 2.547 2.355 2.160 1.864 1.621 1.425 0.934 2.667 1.515
7.25 6.31 2.852 2.867 2.907 2.943 2.937 2.973 2.846 2.820 2.625 2.545 2.353 2.157 1.862 1.619 1.423 0.935 2.664 1.512
7.25 7.94 2.847 2.863 2.902 2.938 2.933 2.968 2.842 2.816 2.621 2.540 2.348 2.153 1.858 1.615 1.419 0.935 2.659 1.507
7.25 10.00 2.840 2.855 2.895 2.931 2.926 2.961 2.835 2.809 2.614 2.534 2.342 2.146 1.851 1.608 1.412 0.934 2.652 1.500
7.25 12.59 2.828 2.843 2.883 2.919 2.915 2.950 2.825 2.799 2.604 2.524 2.332 2.136 1.841 1.599 1.403 0.930 2.640 1.490
7.25 15.85 2.810 2.826 2.866 2.902 2.899 2.934 2.809 2.784 2.589 2.509 2.317 2.121 1.827 1.584 1.388 0.922 2.623 1.474
7.25 19.95 2.784 2.800 2.840 2.877 2.874 2.910 2.786 2.761 2.567 2.487 2.295 2.099 1.805 1.562 1.367 0.908 2.597 1.450
7.25 25.12 2.746 2.762 2.803 2.841 2.839 2.876 2.752 2.728 2.534 2.455 2.263 2.068 1.774 1.532 1.336 0.885 2.560 1.417
7.25 31.62 2.693 2.710 2.752 2.791 2.790 2.828 2.706 2.683 2.490 2.411 2.220 2.025 1.732 1.490 1.294 0.852 2.508 1.370
7.25 39.81 2.622 2.640 2.682 2.723 2.725 2.764 2.644 2.623 2.432 2.354 2.163 1.969 1.677 1.436 1.240 0.808 2.439 1.309
7.25 50.12 2.531 2.549 2.593 2.636 2.642 2.683 2.566 2.547 2.359 2.282 2.093 1.899 1.609 1.368 1.173 0.751 2.350 1.232
7.25 63.10 2.418 2.437 2.483 2.528 2.538 2.582 2.471 2.454 2.270 2.195 2.008 1.816 1.527 1.288 1.094 0.682 2.240 1.137
7.25 79.43 2.282 2.301 2.348 2.397 2.414 2.462 2.357 2.345 2.166 2.094 1.909 1.719 1.435 1.197 1.003 0.603 2.108 1.027
7.25 100.00 2.119 2.139 2.188 2.241 2.266 2.320 2.224 2.218 2.046 1.979 1.798 1.611 1.331 1.096 0.903 0.514 1.952 0.899
7.25 125.89 1.928 1.948 1.999 2.056 2.092 2.155 2.070 2.072 1.911 1.850 1.673 1.491 1.218 0.985 0.794 0.417 1.769 0.753
7.25 158.49 1.702 1.722 1.776 1.838 1.888 1.962 1.893 1.906 1.758 1.706 1.536 1.359 1.095 0.867 0.676 0.313 1.554 0.587
7.25 199.53 1.436 1.456 1.512 1.581 1.649 1.737 1.688 1.715 1.585 1.544 1.383 1.214 0.962 0.739 0.550 0.199 1.303 0.398
7.25 251.19 1.122 1.140 1.199 1.276 1.367 1.474 1.450 1.496 1.388 1.362 1.213 1.054 0.818 0.601 0.415 0.077 1.006 0.182
7.25 316.23 0.747 0.764 0.825 0.912 1.032 1.164 1.173 1.242 1.163 1.156 1.022 0.877 0.660 0.451 0.269 -0.056 0.655 -0.067
7.25 398.11 0.299 0.313 0.378 0.477 0.634 0.796 0.847 0.946 0.903 0.921 0.806 0.678 0.486 0.288 0.110 -0.202 0.235 -0.357
7.25 501.19 -0.242 -0.231 -0.162 -0.047 0.156 0.357 0.460 0.597 0.600 0.649 0.559 0.452 0.292 0.108 -0.066 -0.364 -0.269 -0.698
7.25 630.96 -0.899 -0.891 -0.817 -0.683 -0.422 -0.171 -0.002 0.183 0.244 0.332 0.273 0.193 0.074 -0.094 -0.261 -0.545 -0.878 -1.102
7.25 794.33 -1.700 -1.697 -1.617 -1.458 -1.123 -0.811 -0.559 -0.313 -0.178 -0.042 -0.062 -0.107 -0.176 -0.323 -0.482 -0.752 -1.621 -1.585
7.25 1000.00 -2.684 -2.687 -2.598 -2.409 -1.982 -1.591 -1.234 -0.912 -0.685 -0.487 -0.458 -0.460 -0.465 -0.585 -0.734 -0.990 -2.531 -2.168
7.50 1.00 2.831 2.844 2.881 2.914 2.923 2.973 2.856 2.842 2.660 2.595 2.418 2.234 1.954 1.724 1.536 1.039 2.646 1.542
7.50 1.26 2.831 2.844 2.881 2.914 2.923 2.973 2.856 2.842 2.660 2.595 2.418 2.234 1.954 1.724 1.536 1.039 2.646 1.542
7.50 1.58 2.831 2.844 2.881 2.914 2.923 2.973 2.856 2.842 2.660 2.595 2.418 2.234 1.954 1.724 1.536 1.040 2.646 1.542
7.50 2.00 2.831 2.844 2.881 2.914 2.923 2.973 2.856 2.842 2.660 2.594 2.418 2.234 1.954 1.724 1.536 1.041 2.646 1.542
7.50 2.51 2.830 2.843 2.881 2.913 2.923 2.973 2.856 2.842 2.660 2.594 2.418 2.234 1.954 1.723 1.536 1.043 2.646 1.541
7.50 3.16 2.830 2.843 2.880 2.913 2.922 2.972 2.855 2.841 2.660 2.594 2.417 2.233 1.953 1.723 1.536 1.044 2.645 1.541
7.50 3.98 2.829 2.842 2.879 2.912 2.922 2.971 2.855 2.840 2.659 2.593 2.417 2.233 1.953 1.722 1.535 1.046 2.645 1.540
7.50 5.01 2.828 2.841 2.878 2.911 2.920 2.970 2.854 2.839 2.658 2.592 2.416 2.232 1.952 1.722 1.534 1.048 2.643 1.539
7.50 6.31 2.826 2.839 2.876 2.909 2.919 2.969 2.852 2.838 2.656 2.591 2.414 2.230 1.950 1.720 1.532 1.049 2.641 1.538
7.50 7.94 2.823 2.836 2.873 2.906 2.916 2.966 2.849 2.835 2.654 2.588 2.412 2.228 1.948 1.718 1.530 1.051 2.638 1.535
7.50 10.00 2.818 2.831 2.869 2.902 2.912 2.962 2.845 2.831 2.650 2.584 2.408 2.224 1.944 1.714 1.526 1.052 2.634 1.531
7.50 12.59 2.811 2.824 2.862 2.895 2.905 2.955 2.839 2.825 2.644 2.578 2.402 2.218 1.938 1.708 1.521 1.051 2.627 1.524
7.50 15.85 2.799 2.813 2.850 2.884 2.894 2.945 2.829 2.815 2.634 2.569 2.393 2.209 1.929 1.699 1.512 1.049 2.615 1.514
7.50 19.95 2.782 2.795 2.833 2.867 2.878 2.929 2.814 2.800 2.620 2.555 2.379 2.195 1.916 1.686 1.498 1.042 2.598 1.499
7.50 25.12 2.756 2.770 2.808 2.842 2.854 2.906 2.791 2.779 2.599 2.534 2.358 2.175 1.895 1.666 1.479 1.030 2.573 1.477
7.50 31.62 2.718 2.732 2.771 2.806 2.820 2.872 2.759 2.747 2.568 2.503 2.328 2.145 1.867 1.637 1.450 1.010 2.536 1.444
7.50 39.81 2.664 2.679 2.719 2.755 2.771 2.824 2.713 2.702 2.525 2.461 2.286 2.104 1.826 1.598 1.411 0.980 2.484 1.399
7.50 50.12 2.591 2.606 2.647 2.685 2.704 2.759 2.651 2.642 2.467 2.405 2.231 2.049 1.773 1.545 1.359 0.938 2.413 1.337
7.50 63.10 2.495 2.511 2.553 2.594 2.617 2.675 2.571 2.565 2.393 2.333 2.160 1.980 1.706 1.479 1.293 0.883 2.320 1.259
7.50 79.43 2.374 2.390 2.434 2.478 2.507 2.568 2.471 2.469 2.302 2.245 2.074 1.896 1.625 1.400 1.214 0.815 2.203 1.161
7.50 100.00 2.224 2.241 2.287 2.335 2.371 2.439 2.349 2.353 2.193 2.140 1.973 1.797 1.531 1.308 1.123 0.736 2.059 1.044
7.50 125.89 2.043 2.060 2.108 2.161 2.208 2.283 2.205 2.216 2.066 2.019 1.856 1.685 1.425 1.204 1.021 0.645 1.886 0.907
7.50 158.49 1.825 1.843 1.894 1.951 2.012 2.098 2.034 2.057 1.919 1.880 1.724 1.558 1.307 1.090 0.908 0.545 1.679 0.747
7.50 199.53 1.566 1.583 1.636 1.700 1.779 1.879 1.835 1.871 1.751 1.723 1.575 1.417 1.178 0.966 0.786 0.435 1.433 0.563
7.50 251.19 1.256 1.273 1.328 1.400 1.501 1.620 1.601 1.656 1.557 1.544 1.408 1.260 1.036 0.830 0.653 0.315 1.141 0.350
7.50 316.23 0.885 0.900 0.958 1.040 1.170 1.313 1.327 1.405 1.334 1.340 1.219 1.084 0.880 0.682 0.508 0.184 0.793 0.103
7.50 398.11 0.439 0.451 0.513 0.608 0.774 0.948 1.003 1.110 1.076 1.106 1.005 0.886 0.707 0.520 0.350 0.039 0.376 -0.185
7.50 501.19 -0.100 -0.091 -0.025 0.085 0.298 0.510 0.617 0.763 0.775 0.835 0.758 0.661 0.514 0.340 0.175 -0.123 -0.127 -0.524
7.50 630.96 -0.756 -0.750 -0.679 -0.549 -0.278 -0.017 0.156 0.349 0.420 0.519 0.473 0.403 0.296 0.139 -0.020 -0.304 -0.735 -0.928
7.50 794.33 -1.556 -1.555 -1.477 -1.323 -0.979 -0.656 -0.400 -0.146 -0.003 0.145 0.139 0.103 0.046 -0.089 -0.240 -0.511 -1.477 -1.410
7.50 1000.00 -2.539 -2.544 -2.458 -2.273 -1.837 -1.436 -1.075 -0.745 -0.509 -0.299 -0.257 -0.249 -0.243 -0.351 -0.492 -0.749 -2.386 -1.992
7.75 1.00 2.785 2.796 2.832 2.862 2.888 2.954 2.849 2.848 2.681 2.631 2.471 2.300 2.036 1.819 1.640 1.148 2.605 1.556
7.75 1.26 2.784 2.796 2.832 2.862 2.888 2.954 2.849 2.848 2.681 2.631 2.471 2.300 2.036 1.819 1.640 1.149 2.605 1.556
7.75 1.58 2.784 2.796 2.831 2.862 2.888 2.954 2.849 2.847 2.681 2.631 2.471 2.300 2.036 1.819 1.640 1.150 2.605 1.556
7.75 2.00 2.784 2.796 2.831 2.862 2.888 2.954 2.848 2.847 2.681 2.631 2.471 2.300 2.036 1.819 1.640 1.151 2.605 1.556
7.75 2.51 2.784 2.795 2.831 2.862 2.888 2.954 2.848 2.847 2.681 2.631 2.471 2.300 2.036 1.819 1.640 1.152 2.605 1.555
7.75 3.16 2.784 2.795 2.831 2.861 2.887 2.953 2.848 2.847 2.681 2.631 2.471 2.299 2.035 1.818 1.640 1.153 2.605 1.555
7.75 3.98 2.783 2.795 2.830 2.861 2.887 2.953 2.848 2.847 2.680 2.630 2.470 2.299 2.035 1.818 1.639 1.155 2.604 1.555
7.75 5.01 2.783 2.794 2.830 2.860 2.886 2.952 2.847 2.846 2.680 2.630 2.470 2.298 2.034 1.818 1.639 1.157 2.603 1.554
7.75 6.31 2.781 2.793 2.828 2.859 2.885 2.951 2.846 2.845 2.679 2.629 2.469 2.297 2.034 1.817 1.638 1.159 2.602 1.553
7.75 7.94 2.779 2.791 2.827 2.857 2.883 2.950 2.844 2.843 2.677 2.627 2.467 2.296 2.032 1.815 1.637 1.162 2.600 1.552
7.75 10.00 2.776 2.788 2.824 2.854 2.881 2.947 2.842 2.841 2.675 2.625 2.465 2.294 2.030 1.813 1.634 1.164 2.598 1.549
7.75 12.59 2.772 2.783 2.819 2.850 2.876 2.943 2.838 2.837 2.671 2.622 2.462 2.290 2.027 1.810 1.631 1.165 2.593 1.545
7.75 15.85 2.764 2.776 2.812 2.843 2.870 2.936 2.832 2.831 2.665 2.616 2.456 2.285 2.021 1.804 1.626 1.166 2.586 1.539
7.75 19.95 2.753 2.765 2.801 2.832 2.859 2.926 2.822 2.822 2.656 2.607 2.447 2.276 2.013 1.796 1.618 1.164 2.575 1.530
7.75 25.12 2.736 2.747 2.784 2.816 2.844 2.911 2.808 2.808 2.643 2.594 2.434 2.263 2.000 1.784 1.605 1.159 2.558 1.515
7.75 31.62 2.710 2.721 2.758 2.791 2.820 2.888 2.786 2.786 2.622 2.574 2.415 2.244 1.982 1.765 1.587 1.149 2.533 1.493
7.75 39.81 2.671 2.683 2.721 2.754 2.785 2.854 2.753 2.755 2.592 2.545 2.386 2.216 1.954 1.739 1.560 1.131 2.495 1.461
7.75 50.12 2.615 2.628 2.667 2.701 2.735 2.805 2.707 2.711 2.550 2.504 2.346 2.176 1.916 1.701 1.523 1.104 2.441 1.416
7.75 63.10 2.539 2.552 2.592 2.628 2.665 2.739 2.644 2.650 2.493 2.448 2.291 2.123 1.865 1.650 1.473 1.064 2.367 1.354
7.75 79.43 2.436 2.450 2.491 2.531 2.573 2.650 2.561 2.570 2.417 2.375 2.220 2.054 1.799 1.586 1.408 1.010 2.269 1.273
7.75 100.00 2.304 2.319 2.362 2.405 2.454 2.536 2.455 2.469 2.322 2.284 2.132 1.968 1.717 1.506 1.330 0.943 2.142 1.171
7.75 125.89 2.138 2.153 2.198 2.245 2.305 2.394 2.323 2.345 2.207 2.174 2.027 1.867 1.622 1.413 1.238 0.863 1.983 1.046
7.75 158.49 1.933 1.948 1.996 2.049 2.121 2.221 2.164 2.196 2.070 2.045 1.903 1.748 1.512 1.307 1.133 0.770 1.788 0.896
7.75 199.53 1.683 1.699 1.748 1.808 1.898 2.011 1.973 2.018 1.909 1.894 1.761 1.614 1.388 1.188 1.016 0.666 1.552 0.720
7.75 251.19 1.381 1.395 1.448 1.516 1.628 1.759 1.746 1.809 1.721 1.720 1.599 1.461 1.250 1.056 0.886 0.549 1.267 0.513
7.75 316.23 1.016 1.028 1.084 1.162 1.302 1.457 1.476 1.562 1.502 1.520 1.413 1.288 1.097 0.911 0.744 0.420 0.924 0.270
7.75 398.11 0.573 0.584 0.643 0.733 0.910 1.095 1.155 1.271 1.247 1.289 1.201 1.093 0.926 0.750 0.588 0.277 0.511 -0.016
7.75 501.19 0.037 0.045 0.108 0.214 0.436 0.660 0.772 0.925 0.947 1.019 0.956 0.869 0.734 0.572 0.414 0.117 0.012 -0.353
7.75 630.96 -0.616 -0.612 -0.543 -0.419 -0.138 0.135 0.312 0.513 0.593 0.704 0.672 0.612 0.516 0.371 0.220 -0.064 -0.595 -0.755
7.75 794.33 -1.415 -1.415 -1.340 -1.191 -0.837 -0.503 -0.243 0.019 0.172 0.332 0.338 0.313 0.268 0.143 0.001 -0.270 -1.335 -1.236
7.75 1000.00 -2.396 -2.403 -2.320 -2.140 -1.694 -1.282 -0.917 -0.579 -0.334 -0.112 -0.057 -0.039 -0.021 -0.118 -0.251 -0.507 -2.243 -1.818
8.00 1.00 2.716 2.725 2.760 2.789 2.834 2.918 2.827 2.841 2.692 2.660 2.517 2.359 2.113 1.910 1.740 1.253 2.544 1.557
8.00 1.26 2.716 2.725 2.760 2.789 2.834 2.918 2.827 2.841 2.692 2.659 2.517 2.359 2.113 1.910 1.740 1.254 2.544 1.557
8.00 1.58 2.716 2.725 2.760 2.789 2.834 2.918 2.827 2.841 2.692 2.659 2.517 2.359 2.113 1.910 1.740 1.255 2.544 1.557
8.00 2.00 2.716 2.725 2.760 2.789 2.834 2.918 2.827 2.841 2.692 2.659 2.517 2.359 2.113 1.910 1.740 1.256 2.544 1.557
8.00 2.51 2.716 2.725 2.760 2.789 2.834 2.918 2.827 2.841 2.692 2.659 2.517 2.359 2.113 1.909 1.740 1.257 2.544 1.557
8.00 3.16 2.715 2.725 2.760 2.789 2.834 2.918 2.827 2.840 2.692 2.659 2.517 2.359 2.112 1.909 1.739 1.258 2.543 1.557
8.00 3.98 2.715 2.725 2.759 2.789 2.833 2.918 2.826 2.840 2.692 2.659 2.516 2.358 2.112 1.909 1.739 1.260 2.543 1.557
8.00 5.01 2.715 2.724 2.759 2.788 2.833 2.917 2.826 2.840 2.691 2.659 2.516 2.358 2.112 1.909 1.739 1.262 2.543 1.556
8.00 6.31 2.714 2.723 2.758 2.787 2.832 2.917 2.825 2.839 2.691 2.658 2.516 2.357 2.111 1.908 1.738 1.265 2.542 1.556
8.00 7.94 2.713 2.722 2.757 2.786 2.831 2.915 2.824 2.838 2.690 2.657 2.515 2.357 2.111 1.907 1.738 1.267 2.541 1.555
8.00 10.00 2.711 2.720 2.755 2.784 2.830 2.914 2.823 2.837 2.688 2.656 2.513 2.355 2.109 1.906 1.736 1.270 2.539 1.553
8.00 12.59 2.708 2.717 2.752 2.782 2.827 2.911 2.820 2.834 2.686 2.654 2.511 2.353 2.107 1.904 1.734 1.273 2.536 1.551
8.00 15.85 2.703 2.713 2.747 2.777 2.823 2.907 2.817 2.831 2.682 2.650 2.508 2.350 2.104 1.901 1.731 1.275 2.531 1.547
8.00 19.95 2.696 2.705 2.740 2.770 2.816 2.901 2.810 2.825 2.677 2.645 2.503 2.345 2.099 1.896 1.727 1.276 2.524 1.541
8.00 25.12 2.684 2.694 2.729 2.759 2.806 2.891 2.801 2.816 2.668 2.636 2.494 2.337 2.091 1.889 1.719 1.276 2.513 1.532
8.00 31.62 2.666 2.676 2.712 2.742 2.790 2.875 2.787 2.802 2.655 2.624 2.482 2.325 2.080 1.877 1.708 1.272 2.496 1.518
8.00 39.81 2.640 2.650 2.686 2.717 2.766 2.852 2.765 2.781 2.635 2.604 2.463 2.306 2.062 1.860 1.691 1.264 2.470 1.496
8.00 50.12 2.600 2.610 2.647 2.679 2.730 2.818 2.732 2.750 2.606 2.576 2.436 2.279 2.036 1.835 1.665 1.248 2.432 1.465
8.00 63.10 2.542 2.552 2.590 2.624 2.678 2.768 2.685 2.705 2.564 2.536 2.396 2.241 2.000 1.799 1.630 1.222 2.376 1.419
8.00 79.43 2.460 2.471 2.510 2.546 2.605 2.698 2.620 2.643 2.506 2.480 2.342 2.188 1.949 1.750 1.581 1.184 2.298 1.356
8.00 100.00 2.349 2.361 2.401 2.440 2.505 2.603 2.532 2.560 2.428 2.405 2.270 2.119 1.884 1.686 1.518 1.133 2.191 1.272
8.00 125.89 2.203 2.215 2.257 2.301 2.375 2.479 2.418 2.452 2.328 2.311 2.179 2.031 1.802 1.606 1.439 1.066 2.052 1.163
8.00 158.49 2.015 2.028 2.073 2.122 2.208 2.322 2.274 2.317 2.204 2.194 2.068 1.925 1.703 1.511 1.346 0.984 1.874 1.028
8.00 199.53 1.781 1.793 1.840 1.896 1.998 2.125 2.095 2.151 2.054 2.054 1.936 1.800 1.588 1.401 1.237 0.888 1.652 0.863
8.00 251.19 1.490 1.502 1.552 1.616 1.740 1.884 1.878 1.951 1.875 1.888 1.781 1.654 1.457 1.275 1.114 0.777 1.379 0.664
8.00 316.23 1.134 1.145 1.198 1.271 1.423 1.590 1.615 1.711 1.662 1.694 1.601 1.487 1.308 1.135 0.976 0.653 1.044 0.428
8.00 398.11 0.699 0.708 0.764 0.849 1.037 1.234 1.300 1.425 1.412 1.466 1.393 1.295 1.141 0.977 0.823 0.513 0.638 0.147
8.00 501.19 0.168 0.174 0.234 0.335 0.568 0.804 0.921 1.083 1.115 1.200 1.151 1.074 0.951 0.801 0.652 0.355 0.143 -0.187
8.00 630.96 -0.481 -0.479 -0.414 -0.294 -0.002 0.282 0.464 0.674 0.764 0.887 0.868 0.818 0.736 0.602 0.459 0.175 -0.460 -0.586
8.00 794.33 -1.277 -1.280 -1.208 -1.064 -0.699 -0.354 -0.088 0.181 0.344 0.516 0.536 0.520 0.488 0.375 0.240 -0.030 -1.197 -1.065
8.00 1000.00 -2.257 -2.266 -2.185 -2.010 -1.554 -1.130 -0.761 -0.415 -0.161 0.073 0.142 0.170 0.200 0.114 -0.010 -0.267 -2.103 -1.646
