GarciaEtAl2005SSlab as implemented in OpenQuake, distance is rhypo. Log10 hazard values in cgs units
          14 31 18 : nmag, ndist, nperiod
          10.000 5.000 4.000 3.000 2.000 1.500 1.000 0.750 0.500 0.400 0.300 0.200 0.100 0.070 0.050 0.040 PGA PGV
          0.567 0.567 0.583 0.605 0.607 0.645 0.638 0.631 0.609 0.626 0.637 0.644 0.770 0.775 0.773 0.733 0.657 0.593
4.75 1.00 -0.450 0.172 0.407 0.716 1.113 1.396 1.760 2.009 2.318 2.488 2.696 2.889 3.100 3.042 2.944 2.875 2.650 0.932
4.75 1.26 -0.474 0.147 0.382 0.691 1.087 1.370 1.734 1.983 2.292 2.462 2.670 2.863 3.074 3.016 2.918 2.849 2.624 0.906
4.75 1.58 -0.506 0.111 0.346 0.655 1.051 1.335 1.698 1.948 2.256 2.426 2.634 2.828 3.038 2.980 2.882 2.813 2.588 0.871
4.75 2.00 -0.550 0.065 0.300 0.609 1.005 1.288 1.652 1.901 2.209 2.379 2.587 2.780 2.990 2.932 2.835 2.765 2.541 0.824
4.75 2.51 -0.604 0.007 0.242 0.551 0.947 1.230 1.594 1.843 2.151 2.320 2.528 2.721 2.931 2.873 2.775 2.706 2.482 0.765
4.75 3.16 -0.668 -0.062 0.173 0.482 0.878 1.161 1.524 1.774 2.081 2.251 2.458 2.651 2.861 2.802 2.705 2.635 2.412 0.696
4.75 3.98 -0.740 -0.139 0.096 0.404 0.800 1.083 1.446 1.695 2.002 2.171 2.378 2.571 2.780 2.722 2.625 2.555 2.331 0.617
4.75 5.01 -0.820 -0.224 0.011 0.319 0.714 0.997 1.360 1.609 1.916 2.084 2.291 2.483 2.692 2.634 2.536 2.467 2.243 0.530
4.75 6.31 -0.903 -0.315 -0.080 0.228 0.623 0.906 1.268 1.517 1.823 1.991 2.197 2.389 2.598 2.539 2.441 2.372 2.149 0.438
4.75 7.94 -0.990 -0.409 -0.174 0.134 0.528 0.810 1.173 1.420 1.726 1.894 2.099 2.290 2.498 2.439 2.341 2.272 2.050 0.341
4.75 10.00 -1.079 -0.506 -0.271 0.037 0.430 0.712 1.074 1.321 1.626 1.793 1.997 2.187 2.394 2.335 2.237 2.168 1.946 0.241
4.75 12.59 -1.169 -0.605 -0.370 -0.063 0.330 0.611 0.972 1.219 1.523 1.688 1.891 2.081 2.286 2.227 2.129 2.060 1.839 0.138
4.75 15.85 -1.259 -0.706 -0.471 -0.164 0.228 0.508 0.869 1.114 1.417 1.581 1.782 1.971 2.175 2.115 2.017 1.948 1.728 0.032
4.75 19.95 -1.351 -0.807 -0.573 -0.267 0.124 0.404 0.763 1.007 1.308 1.471 1.670 1.857 2.059 1.998 1.900 1.831 1.613 -0.077
4.75 25.12 -1.443 -0.911 -0.677 -0.371 0.018 0.297 0.655 0.898 1.196 1.357 1.554 1.739 1.939 1.877 1.779 1.710 1.494 -0.188
4.75 31.62 -1.536 -1.015 -0.781 -0.476 -0.089 0.188 0.545 0.785 1.081 1.240 1.432 1.615 1.812 1.750 1.651 1.582 1.369 -0.303
4.75 39.81 -1.629 -1.121 -0.887 -0.583 -0.199 0.077 0.431 0.670 0.961 1.117 1.306 1.485 1.679 1.615 1.516 1.448 1.237 -0.422
4.75 50.12 -1.725 -1.228 -0.995 -0.693 -0.311 -0.038 0.314 0.549 0.836 0.988 1.172 1.348 1.536 1.471 1.372 1.304 1.096 -0.546
4.75 63.10 -1.821 -1.338 -1.106 -0.804 -0.427 -0.157 0.193 0.424 0.705 0.852 1.029 1.200 1.383 1.315 1.216 1.148 0.945 -0.676
4.75 79.43 -1.921 -1.450 -1.218 -0.919 -0.547 -0.280 0.065 0.292 0.565 0.707 0.875 1.040 1.215 1.145 1.045 0.978 0.781 -0.814
4.75 100.00 -2.023 -1.565 -1.335 -1.038 -0.672 -0.410 -0.069 0.151 0.415 0.549 0.707 0.864 1.030 0.957 0.856 0.789 0.600 -0.963
4.75 125.89 -2.128 -1.684 -1.455 -1.162 -0.804 -0.547 -0.213 -0.000 0.253 0.377 0.521 0.668 0.823 0.746 0.644 0.578 0.398 -1.123
4.75 158.49 -2.239 -1.808 -1.581 -1.292 -0.944 -0.694 -0.368 -0.165 0.073 0.185 0.313 0.448 0.588 0.506 0.403 0.338 0.170 -1.300
4.75 199.53 -2.356 -1.938 -1.713 -1.430 -1.095 -0.853 -0.536 -0.346 -0.126 -0.030 0.078 0.197 0.318 0.230 0.125 0.061 -0.092 -1.496
4.75 251.19 -2.481 -2.077 -1.854 -1.577 -1.258 -1.027 -0.723 -0.548 -0.352 -0.274 -0.193 -0.094 0.004 -0.091 -0.199 -0.261 -0.395 -1.718
4.75 316.23 -2.615 -2.225 -2.005 -1.737 -1.438 -1.221 -0.933 -0.777 -0.610 -0.556 -0.509 -0.434 -0.365 -0.470 -0.580 -0.640 -0.752 -1.971
4.75 398.11 -2.762 -2.385 -2.170 -1.912 -1.639 -1.439 -1.170 -1.039 -0.909 -0.886 -0.880 -0.836 -0.804 -0.921 -1.035 -1.092 -1.174 -2.263
4.75 501.19 -2.924 -2.562 -2.351 -2.107 -1.866 -1.687 -1.443 -1.343 -1.259 -1.274 -1.321 -1.317 -1.331 -1.464 -1.581 -1.636 -1.680 -2.605
4.75 630.96 -3.106 -2.758 -2.554 -2.327 -2.125 -1.974 -1.761 -1.700 -1.675 -1.738 -1.850 -1.895 -1.968 -2.120 -2.243 -2.294 -2.292 -3.010
4.75 794.33 -3.313 -2.978 -2.783 -2.577 -2.426 -2.309 -2.136 -2.124 -2.172 -2.295 -2.491 -2.598 -2.744 -2.921 -3.050 -3.096 -3.035 -3.494
4.75 1000.00 -3.552 -3.231 -3.045 -2.866 -2.779 -2.706 -2.581 -2.631 -2.771 -2.971 -3.272 -3.457 -3.696 -3.904 -4.041 -4.081 -3.946 -4.077
5.00 1.00 -0.308 0.309 0.536 0.834 1.218 1.492 1.842 2.080 2.380 2.542 2.746 2.929 3.129 3.076 2.982 2.914 2.690 1.002
5.00 1.26 -0.322 0.293 0.520 0.818 1.202 1.476 1.826 2.064 2.363 2.525 2.729 2.912 3.113 3.060 2.965 2.897 2.673 0.986
5.00 1.58 -0.343 0.269 0.497 0.794 1.178 1.452 1.803 2.040 2.340 2.502 2.705 2.888 3.089 3.036 2.941 2.873 2.649 0.962
5.00 2.00 -0.373 0.237 0.464 0.761 1.146 1.419 1.770 2.007 2.307 2.469 2.672 2.855 3.056 3.002 2.908 2.840 2.616 0.929
5.00 2.51 -0.413 0.193 0.420 0.718 1.102 1.376 1.726 1.964 2.263 2.424 2.628 2.811 3.011 2.958 2.863 2.795 2.571 0.885
5.00 3.16 -0.464 0.139 0.366 0.663 1.047 1.320 1.671 1.908 2.207 2.369 2.572 2.754 2.955 2.901 2.806 2.739 2.515 0.830
5.00 3.98 -0.525 0.073 0.300 0.597 0.981 1.254 1.604 1.841 2.140 2.301 2.504 2.686 2.886 2.833 2.738 2.670 2.447 0.763
5.00 5.01 -0.595 -0.003 0.224 0.521 0.904 1.178 1.527 1.764 2.063 2.224 2.426 2.608 2.808 2.754 2.659 2.592 2.368 0.685
5.00 6.31 -0.672 -0.087 0.140 0.437 0.820 1.093 1.443 1.679 1.977 2.138 2.340 2.521 2.720 2.666 2.571 2.504 2.281 0.600
5.00 7.94 -0.754 -0.176 0.051 0.348 0.730 1.003 1.352 1.588 1.885 2.045 2.246 2.427 2.625 2.571 2.476 2.409 2.187 0.508
5.00 10.00 -0.840 -0.270 -0.043 0.254 0.635 0.908 1.256 1.492 1.788 1.947 2.147 2.328 2.525 2.471 2.376 2.308 2.087 0.411
5.00 12.59 -0.928 -0.367 -0.140 0.156 0.537 0.809 1.157 1.392 1.687 1.845 2.044 2.223 2.419 2.365 2.270 2.202 1.982 0.310
5.00 15.85 -1.018 -0.466 -0.239 0.057 0.437 0.708 1.055 1.289 1.583 1.740 1.937 2.115 2.309 2.254 2.159 2.092 1.872 0.206
5.00 19.95 -1.109 -0.567 -0.341 -0.045 0.334 0.604 0.950 1.183 1.475 1.630 1.825 2.002 2.195 2.139 2.044 1.976 1.758 0.099
5.00 25.12 -1.200 -0.669 -0.443 -0.149 0.229 0.498 0.843 1.074 1.364 1.517 1.710 1.884 2.075 2.018 1.923 1.856 1.639 -0.012
5.00 31.62 -1.293 -0.773 -0.548 -0.254 0.122 0.389 0.733 0.962 1.249 1.400 1.589 1.761 1.949 1.891 1.795 1.729 1.515 -0.127
5.00 39.81 -1.387 -0.879 -0.653 -0.361 0.012 0.278 0.620 0.846 1.129 1.278 1.463 1.631 1.815 1.757 1.661 1.594 1.383 -0.245
5.00 50.12 -1.482 -0.986 -0.761 -0.470 -0.100 0.164 0.503 0.726 1.005 1.149 1.329 1.494 1.673 1.613 1.516 1.450 1.243 -0.369
5.00 63.10 -1.579 -1.095 -0.871 -0.582 -0.216 0.045 0.381 0.601 0.873 1.013 1.186 1.346 1.520 1.458 1.360 1.295 1.092 -0.499
5.00 79.43 -1.678 -1.207 -0.984 -0.696 -0.336 -0.078 0.254 0.469 0.734 0.867 1.032 1.186 1.352 1.288 1.190 1.125 0.928 -0.638
5.00 100.00 -1.780 -1.322 -1.100 -0.815 -0.461 -0.208 0.119 0.328 0.584 0.710 0.864 1.010 1.167 1.100 1.001 0.936 0.747 -0.786
5.00 125.89 -1.886 -1.442 -1.221 -0.939 -0.593 -0.345 -0.024 0.177 0.421 0.537 0.679 0.815 0.960 0.889 0.789 0.725 0.545 -0.947
5.00 158.49 -1.997 -1.566 -1.346 -1.069 -0.733 -0.492 -0.179 0.012 0.242 0.346 0.471 0.595 0.725 0.649 0.548 0.485 0.317 -1.123
5.00 199.53 -2.113 -1.696 -1.479 -1.207 -0.883 -0.651 -0.348 -0.169 0.042 0.131 0.235 0.343 0.455 0.373 0.270 0.208 0.055 -1.320
5.00 251.19 -2.238 -1.834 -1.620 -1.354 -1.047 -0.825 -0.534 -0.371 -0.183 -0.113 -0.036 0.053 0.142 0.051 -0.054 -0.114 -0.249 -1.541
5.00 316.23 -2.372 -1.982 -1.771 -1.514 -1.227 -1.019 -0.744 -0.600 -0.441 -0.395 -0.351 -0.287 -0.228 -0.328 -0.435 -0.493 -0.605 -1.794
5.00 398.11 -2.519 -2.143 -1.936 -1.689 -1.428 -1.237 -0.981 -0.862 -0.740 -0.725 -0.722 -0.689 -0.667 -0.779 -0.890 -0.945 -1.027 -2.086
5.00 501.19 -2.682 -2.319 -2.117 -1.884 -1.654 -1.485 -1.254 -1.166 -1.091 -1.113 -1.163 -1.170 -1.193 -1.321 -1.436 -1.489 -1.534 -2.428
5.00 630.96 -2.864 -2.515 -2.320 -2.104 -1.914 -1.772 -1.572 -1.523 -1.506 -1.577 -1.693 -1.749 -1.831 -1.978 -2.098 -2.147 -2.145 -2.833
5.00 794.33 -3.071 -2.736 -2.549 -2.354 -2.215 -2.107 -1.947 -1.946 -2.003 -2.134 -2.334 -2.452 -2.607 -2.779 -2.905 -2.949 -2.889 -3.317
5.00 1000.00 -3.309 -2.988 -2.811 -2.643 -2.568 -2.504 -2.392 -2.454 -2.603 -2.810 -3.115 -3.310 -3.558 -3.761 -3.896 -3.934 -3.799 -3.901
5.25 1.00 -0.175 0.437 0.656 0.942 1.315 1.579 1.916 2.142 2.433 2.587 2.787 2.959 3.150 3.101 3.009 2.944 2.719 1.064
5.25 1.26 -0.183 0.427 0.646 0.933 1.305 1.569 1.906 2.132 2.423 2.577 2.777 2.949 3.140 3.091 2.999 2.934 2.709 1.054
5.25 1.58 -0.195 0.413 0.632 0.918 1.290 1.554 1.892 2.118 2.408 2.562 2.762 2.934 3.125 3.076 2.984 2.919 2.694 1.039
5.25 2.00 -0.214 0.391 0.610 0.897 1.269 1.533 1.870 2.096 2.386 2.540 2.740 2.912 3.103 3.054 2.962 2.897 2.673 1.017
5.25 2.51 -0.241 0.361 0.580 0.867 1.239 1.503 1.840 2.066 2.356 2.510 2.709 2.881 3.072 3.023 2.931 2.866 2.642 0.987
5.25 3.16 -0.277 0.321 0.540 0.826 1.198 1.462 1.799 2.025 2.315 2.468 2.668 2.839 3.030 2.981 2.889 2.824 2.600 0.946
5.25 3.98 -0.325 0.269 0.488 0.774 1.146 1.409 1.746 1.972 2.262 2.415 2.614 2.786 2.976 2.927 2.835 2.770 2.546 0.893
5.25 5.01 -0.383 0.206 0.425 0.711 1.082 1.346 1.682 1.908 2.197 2.350 2.549 2.720 2.910 2.861 2.769 2.703 2.480 0.828
5.25 6.31 -0.450 0.132 0.351 0.637 1.008 1.271 1.608 1.833 2.122 2.274 2.472 2.643 2.833 2.784 2.692 2.626 2.403 0.753
5.25 7.94 -0.525 0.050 0.269 0.555 0.925 1.188 1.525 1.749 2.037 2.190 2.387 2.557 2.746 2.697 2.604 2.539 2.316 0.669
5.25 10.00 -0.606 -0.038 0.181 0.466 0.836 1.099 1.434 1.658 1.946 2.097 2.293 2.463 2.651 2.602 2.509 2.444 2.222 0.577
5.25 12.59 -0.691 -0.131 0.087 0.372 0.742 1.004 1.339 1.562 1.848 1.999 2.194 2.362 2.549 2.500 2.407 2.342 2.121 0.480
5.25 15.85 -0.778 -0.228 -0.010 0.275 0.643 0.905 1.239 1.462 1.746 1.896 2.089 2.256 2.442 2.392 2.299 2.234 2.014 0.378
5.25 19.95 -0.868 -0.327 -0.109 0.175 0.542 0.803 1.136 1.357 1.640 1.788 1.979 2.145 2.329 2.278 2.185 2.120 1.902 0.272
5.25 25.12 -0.959 -0.429 -0.211 0.073 0.438 0.698 1.030 1.249 1.530 1.676 1.865 2.029 2.210 2.158 2.066 2.000 1.784 0.163
5.25 31.62 -1.051 -0.532 -0.314 -0.032 0.332 0.590 0.921 1.138 1.416 1.560 1.745 1.906 2.085 2.032 1.939 1.874 1.660 0.049
5.25 39.81 -1.144 -0.637 -0.420 -0.138 0.223 0.479 0.808 1.023 1.297 1.438 1.619 1.777 1.952 1.898 1.805 1.740 1.529 -0.069
5.25 50.12 -1.239 -0.744 -0.527 -0.247 0.111 0.365 0.691 0.903 1.173 1.309 1.486 1.640 1.810 1.755 1.661 1.596 1.389 -0.193
5.25 63.10 -1.336 -0.853 -0.637 -0.359 -0.005 0.247 0.570 0.778 1.042 1.174 1.343 1.492 1.657 1.600 1.505 1.441 1.238 -0.323
5.25 79.43 -1.435 -0.965 -0.750 -0.473 -0.125 0.123 0.443 0.646 0.902 1.028 1.189 1.332 1.489 1.430 1.335 1.271 1.074 -0.461
5.25 100.00 -1.537 -1.080 -0.866 -0.592 -0.250 -0.006 0.308 0.505 0.752 0.871 1.021 1.157 1.304 1.242 1.146 1.083 0.893 -0.609
5.25 125.89 -1.643 -1.199 -0.986 -0.716 -0.382 -0.143 0.165 0.354 0.590 0.698 0.836 0.961 1.097 1.031 0.934 0.872 0.692 -0.770
5.25 158.49 -1.754 -1.323 -1.112 -0.846 -0.522 -0.290 0.010 0.190 0.410 0.507 0.628 0.741 0.862 0.791 0.693 0.632 0.463 -0.946
5.25 199.53 -1.871 -1.454 -1.244 -0.984 -0.672 -0.449 -0.159 0.008 0.211 0.292 0.392 0.490 0.593 0.515 0.415 0.355 0.202 -1.143
5.25 251.19 -1.996 -1.592 -1.385 -1.131 -0.836 -0.624 -0.346 -0.194 -0.015 0.048 0.121 0.199 0.279 0.193 0.092 0.033 -0.102 -1.364
5.25 316.23 -2.130 -1.740 -1.537 -1.291 -1.016 -0.817 -0.555 -0.423 -0.273 -0.234 -0.194 -0.141 -0.090 -0.185 -0.290 -0.346 -0.458 -1.617
5.25 398.11 -2.277 -1.901 -1.701 -1.466 -1.216 -1.035 -0.792 -0.685 -0.572 -0.564 -0.565 -0.543 -0.529 -0.637 -0.745 -0.798 -0.881 -1.909
5.25 501.19 -2.439 -2.077 -1.883 -1.661 -1.443 -1.283 -1.065 -0.989 -0.922 -0.952 -1.006 -1.023 -1.056 -1.179 -1.291 -1.342 -1.387 -2.251
5.25 630.96 -2.622 -2.273 -2.085 -1.880 -1.703 -1.570 -1.383 -1.346 -1.337 -1.416 -1.536 -1.602 -1.693 -1.836 -1.953 -2.000 -1.998 -2.656
5.25 794.33 -2.829 -2.494 -2.314 -2.131 -2.004 -1.906 -1.758 -1.769 -1.834 -1.973 -2.176 -2.305 -2.470 -2.636 -2.760 -2.802 -2.742 -3.140
5.25 1000.00 -3.067 -2.746 -2.577 -2.420 -2.357 -2.302 -2.203 -2.276 -2.434 -2.649 -2.957 -3.164 -3.421 -3.619 -3.751 -3.787 -3.652 -3.724
5.50 1.00 -0.047 0.559 0.770 1.045 1.405 1.660 1.984 2.198 2.479 2.625 2.821 2.982 3.163 3.120 3.030 2.967 2.743 1.119
5.50 1.26 -0.051 0.554 0.765 1.040 1.400 1.654 1.978 2.192 2.474 2.620 2.815 2.976 3.157 3.114 3.025 2.961 2.737 1.113
5.50 1.58 -0.058 0.545 0.756 1.031 1.391 1.645 1.969 2.183 2.465 2.611 2.806 2.967 3.148 3.105 3.016 2.952 2.728 1.104
5.50 2.00 -0.069 0.532 0.743 1.018 1.378 1.632 1.956 2.170 2.451 2.597 2.793 2.954 3.135 3.091 3.002 2.938 2.714 1.091
5.50 2.51 -0.085 0.512 0.723 0.998 1.358 1.613 1.937 2.150 2.432 2.577 2.773 2.934 3.114 3.071 2.982 2.918 2.694 1.071
5.50 3.16 -0.109 0.485 0.696 0.971 1.331 1.585 1.909 2.123 2.404 2.549 2.744 2.905 3.086 3.042 2.953 2.889 2.665 1.043
5.50 3.98 -0.142 0.447 0.658 0.933 1.293 1.547 1.871 2.084 2.365 2.511 2.705 2.866 3.046 3.003 2.913 2.850 2.626 1.004
5.50 5.01 -0.186 0.398 0.609 0.884 1.243 1.497 1.821 2.034 2.315 2.460 2.655 2.815 2.995 2.951 2.862 2.798 2.575 0.954
5.50 6.31 -0.241 0.338 0.549 0.823 1.182 1.436 1.759 1.973 2.253 2.397 2.591 2.751 2.931 2.887 2.798 2.734 2.511 0.892
5.50 7.94 -0.306 0.267 0.477 0.752 1.111 1.364 1.687 1.900 2.179 2.323 2.517 2.676 2.855 2.811 2.722 2.658 2.436 0.819
5.50 10.00 -0.379 0.186 0.397 0.671 1.029 1.282 1.605 1.817 2.096 2.240 2.432 2.591 2.769 2.725 2.635 2.571 2.350 0.736
5.50 12.59 -0.458 0.099 0.310 0.584 0.941 1.194 1.516 1.727 2.005 2.147 2.338 2.496 2.673 2.629 2.539 2.475 2.255 0.644
5.50 15.85 -0.542 0.007 0.217 0.490 0.847 1.099 1.420 1.631 1.907 2.048 2.238 2.394 2.570 2.525 2.435 2.372 2.152 0.547
5.50 19.95 -0.629 -0.090 0.120 0.393 0.748 0.999 1.320 1.529 1.803 1.944 2.131 2.286 2.460 2.415 2.324 2.261 2.043 0.444
5.50 25.12 -0.718 -0.190 0.020 0.293 0.646 0.896 1.215 1.423 1.695 1.834 2.018 2.172 2.343 2.297 2.207 2.143 1.927 0.336
5.50 31.62 -0.809 -0.292 -0.082 0.189 0.541 0.790 1.107 1.313 1.582 1.718 1.900 2.050 2.219 2.172 2.082 2.018 1.804 0.224
5.50 39.81 -0.902 -0.396 -0.187 0.083 0.433 0.680 0.995 1.199 1.464 1.597 1.775 1.922 2.087 2.039 1.948 1.885 1.674 0.106
5.50 50.12 -0.997 -0.503 -0.294 -0.025 0.321 0.566 0.879 1.079 1.340 1.469 1.642 1.785 1.946 1.896 1.805 1.742 1.535 -0.017
5.50 63.10 -1.094 -0.612 -0.403 -0.136 0.206 0.448 0.758 0.955 1.210 1.334 1.500 1.638 1.793 1.741 1.649 1.587 1.384 -0.147
5.50 79.43 -1.193 -0.723 -0.516 -0.251 0.086 0.325 0.631 0.823 1.070 1.189 1.346 1.479 1.626 1.572 1.479 1.418 1.220 -0.284
5.50 100.00 -1.295 -0.838 -0.632 -0.369 -0.039 0.196 0.497 0.682 0.921 1.031 1.178 1.303 1.441 1.384 1.291 1.230 1.040 -0.432
5.50 125.89 -1.401 -0.957 -0.752 -0.493 -0.170 0.058 0.353 0.531 0.758 0.859 0.993 1.108 1.234 1.173 1.079 1.018 0.838 -0.593
5.50 158.49 -1.512 -1.081 -0.878 -0.623 -0.310 -0.088 0.199 0.367 0.579 0.668 0.785 0.888 1.000 0.933 0.838 0.778 0.610 -0.770
5.50 199.53 -1.628 -1.211 -1.010 -0.761 -0.461 -0.247 0.030 0.186 0.379 0.453 0.549 0.636 0.730 0.657 0.560 0.502 0.348 -0.966
5.50 251.19 -1.753 -1.350 -1.151 -0.908 -0.624 -0.422 -0.157 -0.017 0.154 0.209 0.279 0.346 0.416 0.336 0.237 0.180 0.045 -1.187
5.50 316.23 -1.888 -1.498 -1.302 -1.068 -0.804 -0.615 -0.366 -0.245 -0.104 -0.073 -0.037 0.006 0.047 -0.043 -0.145 -0.200 -0.311 -1.440
5.50 398.11 -2.035 -1.658 -1.467 -1.243 -1.005 -0.833 -0.603 -0.507 -0.403 -0.403 -0.408 -0.396 -0.392 -0.494 -0.600 -0.652 -0.734 -1.732
5.50 501.19 -2.197 -1.835 -1.648 -1.438 -1.232 -1.082 -0.877 -0.811 -0.754 -0.791 -0.849 -0.877 -0.919 -1.037 -1.146 -1.195 -1.240 -2.075
5.50 630.96 -2.379 -2.031 -1.851 -1.657 -1.491 -1.368 -1.195 -1.168 -1.169 -1.255 -1.378 -1.455 -1.556 -1.693 -1.808 -1.853 -1.851 -2.480
5.50 794.33 -2.586 -2.251 -2.080 -1.908 -1.792 -1.704 -1.569 -1.592 -1.666 -1.812 -2.019 -2.158 -2.332 -2.494 -2.615 -2.655 -2.595 -2.963
5.50 1000.00 -2.825 -2.504 -2.342 -2.197 -2.145 -2.100 -2.015 -2.099 -2.266 -2.488 -2.800 -3.017 -3.284 -3.476 -3.606 -3.640 -3.505 -3.547
5.75 1.00 0.077 0.678 0.881 1.145 1.493 1.737 2.048 2.250 2.522 2.660 2.851 3.001 3.172 3.133 3.047 2.985 2.761 1.170
5.75 1.26 0.075 0.675 0.878 1.141 1.489 1.734 2.045 2.247 2.519 2.656 2.847 2.997 3.168 3.130 3.043 2.981 2.758 1.166
5.75 1.58 0.072 0.670 0.873 1.136 1.484 1.729 2.039 2.241 2.513 2.651 2.842 2.992 3.163 3.125 3.038 2.976 2.752 1.161
5.75 2.00 0.067 0.662 0.865 1.128 1.476 1.721 2.032 2.233 2.505 2.643 2.834 2.984 3.155 3.116 3.030 2.968 2.744 1.153
5.75 2.51 0.058 0.650 0.853 1.117 1.464 1.709 2.020 2.221 2.493 2.631 2.822 2.971 3.142 3.104 3.017 2.955 2.732 1.141
5.75 3.16 0.043 0.633 0.836 1.099 1.447 1.691 2.002 2.204 2.475 2.613 2.804 2.953 3.124 3.085 2.999 2.937 2.713 1.123
5.75 3.98 0.022 0.607 0.810 1.074 1.421 1.666 1.976 2.178 2.449 2.587 2.777 2.927 3.097 3.059 2.972 2.910 2.687 1.097
5.75 5.01 -0.008 0.572 0.775 1.039 1.386 1.630 1.941 2.142 2.413 2.551 2.741 2.890 3.060 3.022 2.935 2.873 2.650 1.061
5.75 6.31 -0.049 0.526 0.729 0.993 1.340 1.584 1.894 2.095 2.366 2.503 2.693 2.841 3.011 2.972 2.886 2.824 2.601 1.014
5.75 7.94 -0.101 0.469 0.672 0.935 1.281 1.525 1.835 2.036 2.306 2.443 2.632 2.780 2.949 2.910 2.823 2.762 2.539 0.954
5.75 10.00 -0.162 0.400 0.603 0.865 1.212 1.455 1.765 1.965 2.234 2.370 2.559 2.706 2.875 2.836 2.749 2.687 2.465 0.882
5.75 12.59 -0.233 0.322 0.524 0.787 1.132 1.375 1.684 1.884 2.152 2.287 2.474 2.621 2.789 2.749 2.662 2.600 2.380 0.800
5.75 15.85 -0.311 0.235 0.438 0.700 1.045 1.287 1.595 1.794 2.061 2.195 2.381 2.526 2.693 2.652 2.565 2.504 2.284 0.710
5.75 19.95 -0.393 0.143 0.346 0.607 0.951 1.192 1.499 1.697 1.963 2.095 2.279 2.423 2.587 2.547 2.459 2.398 2.179 0.611
5.75 25.12 -0.480 0.047 0.249 0.510 0.852 1.092 1.398 1.594 1.858 1.988 2.169 2.311 2.474 2.432 2.345 2.283 2.067 0.507
5.75 31.62 -0.569 -0.053 0.148 0.409 0.749 0.988 1.292 1.486 1.747 1.875 2.053 2.193 2.352 2.310 2.222 2.161 1.946 0.396
5.75 39.81 -0.661 -0.156 0.045 0.304 0.642 0.879 1.181 1.373 1.630 1.755 1.929 2.066 2.222 2.178 2.090 2.029 1.818 0.280
5.75 50.12 -0.755 -0.262 -0.061 0.197 0.531 0.766 1.066 1.255 1.507 1.629 1.797 1.930 2.081 2.036 1.948 1.887 1.679 0.158
5.75 63.10 -0.852 -0.370 -0.170 0.086 0.416 0.649 0.946 1.131 1.377 1.494 1.656 1.784 1.929 1.882 1.793 1.733 1.530 0.029
5.75 79.43 -0.950 -0.482 -0.282 -0.028 0.297 0.526 0.819 0.999 1.238 1.349 1.502 1.624 1.762 1.713 1.623 1.564 1.366 -0.108
5.75 100.00 -1.052 -0.596 -0.398 -0.147 0.172 0.397 0.685 0.859 1.089 1.192 1.335 1.449 1.578 1.525 1.435 1.376 1.186 -0.256
5.75 125.89 -1.158 -0.715 -0.518 -0.270 0.041 0.260 0.542 0.708 0.926 1.020 1.150 1.254 1.371 1.315 1.223 1.165 0.984 -0.417
5.75 158.49 -1.269 -0.839 -0.644 -0.400 -0.099 0.113 0.388 0.544 0.747 0.829 0.942 1.034 1.137 1.075 0.982 0.925 0.756 -0.593
5.75 199.53 -1.386 -0.969 -0.776 -0.538 -0.249 -0.046 0.219 0.363 0.548 0.614 0.707 0.783 0.867 0.799 0.705 0.649 0.495 -0.789
5.75 251.19 -1.511 -1.107 -0.917 -0.685 -0.413 -0.220 0.032 0.161 0.322 0.370 0.436 0.492 0.553 0.478 0.381 0.327 0.191 -1.010
5.75 316.23 -1.645 -1.255 -1.068 -0.845 -0.593 -0.413 -0.177 -0.068 0.064 0.088 0.120 0.152 0.184 0.099 -0.000 -0.053 -0.165 -1.263
5.75 398.11 -1.792 -1.416 -1.233 -1.020 -0.794 -0.631 -0.415 -0.330 -0.234 -0.242 -0.250 -0.250 -0.255 -0.352 -0.455 -0.505 -0.587 -1.556
5.75 501.19 -1.955 -1.592 -1.414 -1.215 -1.020 -0.880 -0.688 -0.634 -0.585 -0.630 -0.692 -0.730 -0.782 -0.894 -1.001 -1.048 -1.093 -1.898
5.75 630.96 -2.137 -1.788 -1.616 -1.434 -1.280 -1.167 -1.006 -0.991 -1.000 -1.094 -1.221 -1.309 -1.419 -1.551 -1.663 -1.706 -1.705 -2.303
5.75 794.33 -2.344 -2.009 -1.846 -1.684 -1.581 -1.502 -1.380 -1.415 -1.497 -1.651 -1.862 -2.012 -2.195 -2.352 -2.470 -2.508 -2.448 -2.787
5.75 1000.00 -2.582 -2.261 -2.108 -1.974 -1.934 -1.898 -1.826 -1.922 -2.097 -2.327 -2.643 -2.870 -3.146 -3.334 -3.461 -3.493 -3.359 -3.370
6.00 1.00 0.199 0.795 0.990 1.242 1.577 1.812 2.109 2.299 2.561 2.691 2.877 3.015 3.176 3.143 3.058 2.998 2.775 1.217
6.00 1.26 0.199 0.793 0.988 1.240 1.575 1.810 2.107 2.297 2.559 2.689 2.875 3.013 3.174 3.141 3.056 2.996 2.773 1.215
6.00 1.58 0.197 0.790 0.985 1.237 1.572 1.807 2.104 2.294 2.556 2.686 2.872 3.010 3.171 3.137 3.053 2.993 2.770 1.212
6.00 2.00 0.195 0.785 0.980 1.232 1.568 1.802 2.100 2.289 2.552 2.681 2.867 3.006 3.166 3.133 3.049 2.988 2.765 1.208
6.00 2.51 0.191 0.778 0.973 1.225 1.561 1.795 2.092 2.282 2.544 2.674 2.860 2.998 3.159 3.125 3.041 2.981 2.758 1.200
6.00 3.16 0.183 0.768 0.963 1.215 1.550 1.784 2.082 2.271 2.533 2.663 2.849 2.987 3.148 3.114 3.030 2.970 2.747 1.189
6.00 3.98 0.171 0.752 0.947 1.199 1.534 1.768 2.065 2.255 2.517 2.646 2.832 2.970 3.131 3.097 3.013 2.953 2.730 1.173
6.00 5.01 0.152 0.729 0.924 1.175 1.511 1.745 2.042 2.231 2.493 2.622 2.808 2.946 3.106 3.072 2.988 2.928 2.705 1.149
6.00 6.31 0.125 0.696 0.891 1.143 1.478 1.712 2.009 2.198 2.460 2.588 2.774 2.911 3.071 3.037 2.953 2.893 2.671 1.116
6.00 7.94 0.087 0.653 0.848 1.100 1.434 1.668 1.965 2.154 2.415 2.543 2.728 2.865 3.024 2.990 2.906 2.846 2.624 1.071
6.00 10.00 0.039 0.598 0.793 1.045 1.379 1.612 1.908 2.097 2.357 2.485 2.669 2.806 2.964 2.930 2.846 2.786 2.564 1.014
6.00 12.59 -0.020 0.532 0.727 0.978 1.311 1.545 1.840 2.028 2.287 2.414 2.597 2.733 2.891 2.856 2.772 2.712 2.491 0.944
6.00 15.85 -0.088 0.456 0.650 0.901 1.233 1.466 1.761 1.948 2.206 2.332 2.513 2.648 2.805 2.770 2.685 2.625 2.406 0.863
6.00 19.95 -0.164 0.371 0.565 0.815 1.147 1.379 1.673 1.858 2.115 2.239 2.419 2.552 2.707 2.671 2.587 2.527 2.309 0.772
6.00 25.12 -0.246 0.279 0.473 0.723 1.053 1.284 1.576 1.761 2.015 2.138 2.315 2.446 2.599 2.563 2.478 2.418 2.202 0.673
6.00 31.62 -0.332 0.182 0.376 0.625 0.953 1.183 1.474 1.657 1.908 2.028 2.202 2.331 2.481 2.444 2.359 2.300 2.085 0.566
6.00 39.81 -0.422 0.082 0.275 0.523 0.848 1.076 1.366 1.546 1.794 1.911 2.081 2.207 2.353 2.315 2.229 2.170 1.959 0.452
6.00 50.12 -0.515 -0.022 0.170 0.417 0.739 0.965 1.252 1.429 1.672 1.786 1.951 2.073 2.215 2.175 2.089 2.030 1.822 0.332
6.00 63.10 -0.610 -0.130 0.062 0.307 0.626 0.849 1.133 1.306 1.543 1.652 1.810 1.928 2.064 2.022 1.935 1.877 1.674 0.204
6.00 79.43 -0.709 -0.240 -0.049 0.194 0.507 0.727 1.007 1.175 1.405 1.508 1.658 1.769 1.898 1.854 1.767 1.709 1.511 0.067
6.00 100.00 -0.810 -0.355 -0.164 0.076 0.383 0.598 0.873 1.035 1.256 1.352 1.491 1.595 1.714 1.667 1.579 1.521 1.332 -0.080
6.00 125.89 -0.916 -0.473 -0.284 -0.048 0.252 0.461 0.730 0.885 1.094 1.180 1.306 1.400 1.508 1.456 1.367 1.311 1.130 -0.240
6.00 158.49 -1.027 -0.597 -0.410 -0.177 0.112 0.315 0.576 0.721 0.915 0.989 1.099 1.180 1.273 1.217 1.127 1.071 0.902 -0.417
6.00 199.53 -1.144 -0.727 -0.542 -0.315 -0.038 0.156 0.407 0.540 0.716 0.775 0.863 0.929 1.004 0.941 0.850 0.795 0.641 -0.613
6.00 251.19 -1.268 -0.865 -0.682 -0.462 -0.202 -0.018 0.221 0.338 0.491 0.530 0.593 0.639 0.690 0.620 0.526 0.473 0.338 -0.834
6.00 316.23 -1.403 -1.013 -0.834 -0.622 -0.382 -0.212 0.012 0.109 0.233 0.248 0.278 0.299 0.321 0.241 0.145 0.094 -0.018 -1.087
6.00 398.11 -1.550 -1.174 -0.998 -0.797 -0.582 -0.430 -0.226 -0.153 -0.066 -0.081 -0.093 -0.103 -0.118 -0.210 -0.310 -0.358 -0.441 -1.379
6.00 501.19 -1.712 -1.350 -1.180 -0.992 -0.809 -0.678 -0.499 -0.457 -0.416 -0.469 -0.534 -0.583 -0.644 -0.752 -0.856 -0.901 -0.947 -1.721
6.00 630.96 -1.894 -1.546 -1.382 -1.211 -1.069 -0.965 -0.817 -0.814 -0.832 -0.933 -1.064 -1.162 -1.281 -1.409 -1.518 -1.559 -1.558 -2.126
6.00 794.33 -2.102 -1.767 -1.611 -1.461 -1.369 -1.300 -1.191 -1.237 -1.329 -1.490 -1.705 -1.865 -2.058 -2.209 -2.325 -2.361 -2.301 -2.610
6.00 1000.00 -2.340 -2.019 -1.874 -1.751 -1.722 -1.696 -1.637 -1.745 -1.928 -2.166 -2.485 -2.724 -3.009 -3.192 -3.315 -3.346 -3.212 -3.193
6.25 1.00 0.319 0.910 1.096 1.337 1.660 1.884 2.168 2.345 2.598 2.719 2.900 3.026 3.177 3.148 3.066 3.008 2.786 1.262
6.25 1.26 0.320 0.908 1.095 1.336 1.659 1.883 2.167 2.344 2.597 2.718 2.899 3.025 3.176 3.146 3.065 3.007 2.785 1.261
6.25 1.58 0.320 0.907 1.094 1.334 1.657 1.882 2.165 2.343 2.595 2.716 2.897 3.024 3.174 3.145 3.063 3.005 2.783 1.259
6.25 2.00 0.319 0.904 1.091 1.332 1.654 1.879 2.162 2.340 2.592 2.713 2.894 3.021 3.171 3.142 3.060 3.002 2.780 1.257
6.25 2.51 0.317 0.900 1.087 1.327 1.650 1.875 2.158 2.336 2.588 2.709 2.890 3.016 3.167 3.137 3.056 2.998 2.776 1.253
6.25 3.16 0.314 0.894 1.081 1.321 1.644 1.868 2.152 2.329 2.582 2.702 2.883 3.010 3.160 3.131 3.049 2.991 2.769 1.246
6.25 3.98 0.308 0.884 1.071 1.312 1.634 1.859 2.142 2.319 2.572 2.692 2.873 2.999 3.149 3.120 3.039 2.981 2.759 1.236
6.25 5.01 0.297 0.870 1.057 1.297 1.620 1.844 2.127 2.304 2.556 2.677 2.858 2.984 3.134 3.104 3.023 2.965 2.743 1.221
6.25 6.31 0.281 0.849 1.036 1.276 1.598 1.823 2.106 2.283 2.534 2.655 2.835 2.961 3.111 3.081 3.000 2.942 2.720 1.199
6.25 7.94 0.257 0.819 1.006 1.246 1.568 1.792 2.075 2.252 2.503 2.623 2.803 2.929 3.078 3.048 2.967 2.909 2.687 1.168
6.25 10.00 0.223 0.779 0.965 1.205 1.527 1.751 2.034 2.210 2.461 2.580 2.759 2.884 3.033 3.003 2.922 2.864 2.643 1.125
6.25 12.59 0.178 0.727 0.913 1.153 1.474 1.698 1.980 2.155 2.405 2.524 2.702 2.827 2.975 2.945 2.863 2.805 2.585 1.070
6.25 15.85 0.122 0.663 0.849 1.089 1.409 1.632 1.913 2.088 2.337 2.455 2.632 2.756 2.902 2.872 2.790 2.732 2.513 1.002
6.25 19.95 0.056 0.588 0.775 1.013 1.333 1.555 1.836 2.009 2.257 2.373 2.548 2.671 2.816 2.785 2.703 2.645 2.427 0.922
6.25 25.12 -0.019 0.505 0.691 0.929 1.247 1.468 1.747 1.920 2.165 2.280 2.453 2.573 2.716 2.685 2.602 2.545 2.329 0.831
6.25 31.62 -0.100 0.413 0.599 0.837 1.153 1.373 1.651 1.821 2.064 2.176 2.346 2.464 2.605 2.572 2.490 2.432 2.218 0.730
6.25 39.81 -0.186 0.317 0.502 0.738 1.052 1.270 1.547 1.715 1.954 2.063 2.229 2.344 2.481 2.447 2.365 2.308 2.096 0.621
6.25 50.12 -0.276 0.215 0.400 0.635 0.946 1.162 1.436 1.601 1.835 1.941 2.102 2.213 2.345 2.310 2.227 2.170 1.963 0.503
6.25 63.10 -0.370 0.109 0.294 0.527 0.834 1.047 1.318 1.479 1.708 1.809 1.964 2.070 2.197 2.159 2.076 2.019 1.816 0.377
6.25 79.43 -0.468 -0.000 0.183 0.415 0.716 0.926 1.193 1.350 1.571 1.667 1.813 1.913 2.032 1.993 1.908 1.852 1.655 0.241
6.25 100.00 -0.569 -0.114 0.069 0.297 0.593 0.798 1.060 1.211 1.423 1.511 1.646 1.739 1.849 1.807 1.722 1.666 1.476 0.095
6.25 125.89 -0.674 -0.232 -0.051 0.175 0.462 0.662 0.918 1.061 1.262 1.340 1.462 1.545 1.643 1.597 1.511 1.456 1.276 -0.065
6.25 158.49 -0.785 -0.355 -0.176 0.045 0.323 0.516 0.764 0.897 1.083 1.149 1.255 1.326 1.409 1.358 1.271 1.217 1.048 -0.240
6.25 199.53 -0.901 -0.485 -0.308 -0.092 0.173 0.357 0.596 0.717 0.884 0.935 1.020 1.075 1.140 1.083 0.994 0.941 0.787 -0.436
6.25 251.19 -1.026 -0.623 -0.448 -0.239 0.009 0.183 0.409 0.515 0.659 0.691 0.749 0.785 0.827 0.762 0.671 0.620 0.484 -0.657
6.25 316.23 -1.160 -0.771 -0.599 -0.399 -0.170 -0.010 0.200 0.286 0.401 0.409 0.435 0.445 0.458 0.383 0.289 0.240 0.128 -0.910
6.25 398.11 -1.307 -0.932 -0.764 -0.574 -0.371 -0.228 -0.037 0.024 0.102 0.080 0.064 0.043 0.019 -0.068 -0.165 -0.211 -0.294 -1.202
6.25 501.19 -1.470 -1.108 -0.945 -0.769 -0.598 -0.476 -0.310 -0.280 -0.248 -0.308 -0.377 -0.437 -0.507 -0.610 -0.711 -0.754 -0.800 -1.544
6.25 630.96 -1.652 -1.304 -1.148 -0.988 -0.857 -0.763 -0.628 -0.637 -0.663 -0.772 -0.907 -1.016 -1.144 -1.266 -1.373 -1.412 -1.411 -1.949
6.25 794.33 -1.859 -1.525 -1.377 -1.238 -1.158 -1.098 -1.003 -1.060 -1.160 -1.329 -1.547 -1.718 -1.921 -2.067 -2.180 -2.215 -2.155 -2.433
6.25 1000.00 -2.098 -1.777 -1.639 -1.527 -1.511 -1.494 -1.448 -1.567 -1.760 -2.005 -2.328 -2.577 -2.872 -3.049 -3.171 -3.199 -3.065 -3.016
6.50 1.00 0.439 1.023 1.202 1.431 1.741 1.955 2.224 2.389 2.631 2.743 2.919 3.033 3.173 3.148 3.069 3.013 2.792 1.304
6.50 1.26 0.439 1.023 1.201 1.430 1.740 1.954 2.224 2.389 2.631 2.743 2.918 3.033 3.172 3.147 3.068 3.012 2.791 1.304
6.50 1.58 0.440 1.022 1.200 1.429 1.739 1.953 2.223 2.388 2.630 2.742 2.917 3.032 3.171 3.146 3.067 3.011 2.790 1.303
6.50 2.00 0.440 1.020 1.199 1.428 1.738 1.952 2.221 2.386 2.628 2.740 2.916 3.030 3.169 3.145 3.066 3.010 2.789 1.301
6.50 2.51 0.440 1.018 1.197 1.425 1.735 1.949 2.219 2.384 2.626 2.738 2.913 3.028 3.167 3.142 3.063 3.007 2.786 1.299
6.50 3.16 0.439 1.014 1.193 1.422 1.732 1.946 2.215 2.380 2.622 2.734 2.909 3.024 3.163 3.138 3.059 3.003 2.782 1.295
6.50 3.98 0.436 1.009 1.187 1.416 1.726 1.940 2.210 2.374 2.616 2.728 2.903 3.017 3.156 3.132 3.053 2.997 2.776 1.289
6.50 5.01 0.432 1.000 1.179 1.407 1.717 1.931 2.201 2.365 2.607 2.718 2.894 3.008 3.147 3.122 3.043 2.987 2.766 1.280
6.50 6.31 0.423 0.987 1.166 1.394 1.704 1.918 2.187 2.352 2.593 2.704 2.879 2.994 3.132 3.107 3.028 2.972 2.752 1.266
6.50 7.94 0.409 0.968 1.146 1.375 1.684 1.898 2.167 2.331 2.573 2.684 2.858 2.972 3.111 3.086 3.007 2.951 2.730 1.246
6.50 10.00 0.387 0.940 1.119 1.347 1.656 1.870 2.139 2.303 2.543 2.654 2.828 2.942 3.080 3.054 2.975 2.919 2.699 1.217
6.50 12.59 0.356 0.903 1.081 1.309 1.618 1.831 2.100 2.263 2.503 2.613 2.786 2.899 3.037 3.011 2.932 2.876 2.657 1.176
6.50 15.85 0.315 0.853 1.032 1.260 1.568 1.780 2.048 2.211 2.450 2.559 2.731 2.843 2.980 2.954 2.875 2.819 2.600 1.124
6.50 19.95 0.262 0.792 0.970 1.198 1.505 1.717 1.984 2.146 2.383 2.491 2.662 2.773 2.907 2.881 2.802 2.746 2.529 1.057
6.50 25.12 0.198 0.719 0.897 1.124 1.430 1.641 1.907 2.068 2.303 2.410 2.578 2.687 2.820 2.793 2.714 2.658 2.442 0.978
6.50 31.62 0.125 0.637 0.815 1.041 1.344 1.554 1.819 1.978 2.211 2.316 2.481 2.588 2.718 2.690 2.611 2.555 2.341 0.886
6.50 39.81 0.045 0.546 0.723 0.949 1.250 1.458 1.721 1.878 2.108 2.209 2.371 2.475 2.602 2.573 2.493 2.438 2.226 0.783
6.50 50.12 -0.041 0.449 0.626 0.849 1.148 1.354 1.615 1.769 1.994 2.092 2.248 2.349 2.471 2.441 2.360 2.305 2.098 0.670
6.50 63.10 -0.133 0.346 0.522 0.744 1.039 1.243 1.500 1.650 1.870 1.963 2.113 2.209 2.326 2.294 2.213 2.158 1.955 0.547
6.50 79.43 -0.228 0.238 0.414 0.634 0.924 1.124 1.378 1.523 1.735 1.823 1.965 2.054 2.164 2.129 2.048 1.993 1.796 0.414
6.50 100.00 -0.328 0.126 0.301 0.518 0.801 0.997 1.246 1.385 1.589 1.669 1.800 1.882 1.982 1.945 1.862 1.809 1.619 0.269
6.50 125.89 -0.433 0.009 0.182 0.396 0.672 0.862 1.105 1.236 1.428 1.498 1.617 1.689 1.778 1.736 1.653 1.600 1.420 0.110
6.50 158.49 -0.543 -0.114 0.058 0.267 0.533 0.717 0.952 1.073 1.250 1.309 1.411 1.470 1.545 1.498 1.414 1.362 1.193 -0.065
6.50 199.53 -0.659 -0.244 -0.074 0.130 0.383 0.558 0.784 0.893 1.052 1.095 1.176 1.220 1.276 1.224 1.137 1.087 0.932 -0.261
6.50 251.19 -0.784 -0.381 -0.214 -0.016 0.220 0.385 0.597 0.691 0.827 0.851 0.906 0.930 0.963 0.903 0.815 0.766 0.630 -0.481
6.50 316.23 -0.918 -0.529 -0.365 -0.176 0.041 0.191 0.389 0.463 0.569 0.569 0.591 0.591 0.595 0.525 0.434 0.387 0.274 -0.734
6.50 398.11 -1.065 -0.689 -0.530 -0.351 -0.160 -0.026 0.151 0.201 0.271 0.241 0.221 0.189 0.156 0.074 -0.020 -0.065 -0.148 -1.026
6.50 501.19 -1.228 -0.866 -0.711 -0.546 -0.386 -0.274 -0.122 -0.103 -0.080 -0.148 -0.220 -0.291 -0.370 -0.468 -0.566 -0.608 -0.654 -1.368
6.50 630.96 -1.410 -1.062 -0.914 -0.765 -0.646 -0.561 -0.439 -0.460 -0.495 -0.611 -0.750 -0.869 -1.007 -1.124 -1.228 -1.266 -1.265 -1.772
6.50 794.33 -1.617 -1.282 -1.143 -1.015 -0.947 -0.896 -0.814 -0.883 -0.992 -1.168 -1.390 -1.572 -1.784 -1.925 -2.035 -2.068 -2.008 -2.256
6.50 1000.00 -1.855 -1.534 -1.405 -1.304 -1.300 -1.292 -1.259 -1.390 -1.591 -1.844 -2.171 -2.431 -2.735 -2.907 -3.026 -3.052 -2.918 -2.839
6.75 1.00 0.557 1.135 1.306 1.523 1.820 2.023 2.279 2.430 2.662 2.764 2.933 3.035 3.163 3.143 3.066 3.012 2.793 1.343
6.75 1.26 0.557 1.135 1.306 1.522 1.819 2.023 2.278 2.430 2.661 2.764 2.933 3.035 3.163 3.142 3.066 3.012 2.792 1.343
6.75 1.58 0.558 1.135 1.305 1.522 1.819 2.022 2.278 2.429 2.661 2.763 2.932 3.034 3.162 3.142 3.065 3.011 2.792 1.342
6.75 2.00 0.559 1.134 1.304 1.521 1.818 2.021 2.277 2.429 2.660 2.762 2.931 3.033 3.161 3.141 3.064 3.010 2.791 1.341
6.75 2.51 0.560 1.132 1.303 1.520 1.817 2.020 2.276 2.427 2.658 2.761 2.930 3.032 3.159 3.139 3.063 3.009 2.789 1.340
6.75 3.16 0.560 1.130 1.301 1.518 1.814 2.018 2.273 2.425 2.656 2.758 2.928 3.030 3.157 3.137 3.060 3.006 2.787 1.338
6.75 3.98 0.560 1.127 1.298 1.514 1.811 2.015 2.270 2.422 2.653 2.755 2.924 3.026 3.153 3.133 3.057 3.002 2.783 1.334
6.75 5.01 0.558 1.122 1.293 1.509 1.806 2.009 2.265 2.416 2.647 2.749 2.918 3.020 3.148 3.127 3.051 2.997 2.777 1.329
6.75 6.31 0.554 1.114 1.285 1.501 1.798 2.001 2.257 2.408 2.639 2.741 2.910 3.011 3.139 3.118 3.042 2.988 2.769 1.321
6.75 7.94 0.547 1.103 1.273 1.490 1.786 1.989 2.244 2.396 2.626 2.728 2.896 2.998 3.125 3.104 3.028 2.974 2.755 1.308
6.75 10.00 0.536 1.085 1.255 1.472 1.768 1.971 2.226 2.377 2.607 2.709 2.877 2.978 3.105 3.084 3.007 2.953 2.735 1.289
6.75 12.59 0.517 1.060 1.230 1.446 1.742 1.945 2.200 2.350 2.580 2.681 2.848 2.949 3.075 3.054 2.977 2.923 2.705 1.262
6.75 15.85 0.489 1.025 1.195 1.411 1.706 1.909 2.163 2.313 2.541 2.642 2.808 2.908 3.033 3.012 2.936 2.882 2.664 1.223
6.75 19.95 0.450 0.978 1.148 1.364 1.658 1.860 2.113 2.263 2.490 2.589 2.755 2.853 2.977 2.956 2.879 2.825 2.609 1.172
6.75 25.12 0.400 0.919 1.089 1.304 1.597 1.798 2.051 2.199 2.425 2.523 2.686 2.783 2.905 2.883 2.806 2.753 2.538 1.107
6.75 31.62 0.338 0.848 1.018 1.233 1.524 1.724 1.975 2.122 2.345 2.441 2.601 2.697 2.816 2.794 2.716 2.663 2.450 1.028
6.75 39.81 0.267 0.767 0.936 1.150 1.439 1.638 1.887 2.031 2.251 2.345 2.501 2.594 2.711 2.687 2.609 2.556 2.345 0.935
6.75 50.12 0.188 0.676 0.845 1.058 1.344 1.540 1.788 1.929 2.145 2.235 2.387 2.476 2.588 2.563 2.485 2.432 2.225 0.829
6.75 63.10 0.101 0.579 0.747 0.958 1.240 1.434 1.678 1.816 2.026 2.112 2.257 2.342 2.449 2.421 2.343 2.290 2.088 0.712
6.75 79.43 0.008 0.474 0.642 0.850 1.128 1.319 1.559 1.692 1.896 1.975 2.113 2.191 2.291 2.261 2.182 2.130 1.933 0.582
6.75 100.00 -0.090 0.364 0.531 0.737 1.008 1.194 1.430 1.557 1.752 1.824 1.951 2.022 2.113 2.080 2.000 1.949 1.759 0.440
6.75 125.89 -0.193 0.248 0.414 0.616 0.880 1.061 1.290 1.410 1.593 1.655 1.770 1.831 1.910 1.874 1.793 1.742 1.561 0.283
6.75 158.49 -0.302 0.126 0.290 0.489 0.742 0.916 1.138 1.248 1.416 1.467 1.565 1.614 1.678 1.637 1.555 1.505 1.336 0.109
6.75 199.53 -0.418 -0.003 0.159 0.352 0.593 0.759 0.971 1.068 1.218 1.254 1.331 1.364 1.411 1.363 1.280 1.231 1.077 -0.086
6.75 251.19 -0.542 -0.140 0.019 0.206 0.431 0.585 0.785 0.867 0.994 1.011 1.061 1.075 1.098 1.043 0.958 0.911 0.775 -0.306
6.75 316.23 -0.676 -0.287 -0.132 0.047 0.251 0.393 0.577 0.639 0.737 0.729 0.747 0.736 0.730 0.666 0.577 0.532 0.420 -0.558
6.75 398.11 -0.823 -0.448 -0.296 -0.128 0.051 0.175 0.340 0.378 0.438 0.401 0.377 0.335 0.292 0.215 0.124 0.081 -0.002 -0.850
6.75 501.19 -0.985 -0.624 -0.477 -0.323 -0.175 -0.073 0.067 0.074 0.088 0.013 -0.064 -0.145 -0.234 -0.326 -0.422 -0.462 -0.508 -1.191
6.75 630.96 -1.168 -0.819 -0.679 -0.542 -0.435 -0.360 -0.251 -0.283 -0.327 -0.450 -0.593 -0.723 -0.871 -0.983 -1.084 -1.119 -1.119 -1.596
6.75 794.33 -1.375 -1.040 -0.908 -0.792 -0.736 -0.695 -0.625 -0.706 -0.823 -1.008 -1.233 -1.426 -1.647 -1.783 -1.891 -1.921 -1.862 -2.080
6.75 1000.00 -1.613 -1.292 -1.171 -1.081 -1.088 -1.091 -1.071 -1.213 -1.423 -1.683 -2.014 -2.284 -2.598 -2.765 -2.881 -2.906 -2.772 -2.663
7.00 1.00 0.673 1.246 1.409 1.613 1.896 2.089 2.330 2.468 2.687 2.780 2.942 3.031 3.146 3.130 3.056 3.004 2.787 1.378
7.00 1.26 0.674 1.246 1.408 1.613 1.896 2.089 2.330 2.468 2.687 2.779 2.942 3.030 3.146 3.129 3.055 3.003 2.786 1.378
7.00 1.58 0.675 1.246 1.408 1.613 1.896 2.088 2.329 2.467 2.687 2.779 2.941 3.030 3.145 3.129 3.055 3.003 2.786 1.377
7.00 2.00 0.676 1.245 1.408 1.612 1.895 2.088 2.329 2.467 2.686 2.779 2.941 3.030 3.145 3.129 3.055 3.003 2.785 1.377
7.00 2.51 0.677 1.245 1.407 1.612 1.895 2.087 2.328 2.466 2.685 2.778 2.940 3.029 3.144 3.128 3.054 3.002 2.785 1.376
7.00 3.16 0.678 1.243 1.406 1.610 1.893 2.086 2.327 2.465 2.684 2.776 2.939 3.027 3.143 3.126 3.052 3.000 2.783 1.375
7.00 3.98 0.679 1.242 1.404 1.608 1.891 2.084 2.325 2.463 2.682 2.774 2.936 3.025 3.140 3.124 3.050 2.998 2.781 1.373
7.00 5.01 0.679 1.239 1.401 1.606 1.888 2.081 2.322 2.460 2.679 2.771 2.933 3.022 3.137 3.120 3.046 2.994 2.777 1.369
7.00 6.31 0.678 1.234 1.396 1.601 1.884 2.076 2.317 2.455 2.674 2.766 2.928 3.016 3.131 3.115 3.041 2.989 2.772 1.364
7.00 7.94 0.676 1.227 1.389 1.594 1.877 2.069 2.310 2.447 2.666 2.758 2.920 3.008 3.123 3.106 3.032 2.980 2.764 1.357
7.00 10.00 0.670 1.216 1.379 1.583 1.866 2.058 2.298 2.436 2.654 2.746 2.907 2.996 3.110 3.093 3.019 2.967 2.751 1.345
7.00 12.59 0.661 1.200 1.363 1.567 1.849 2.041 2.281 2.419 2.637 2.728 2.889 2.977 3.091 3.074 3.000 2.948 2.732 1.327
7.00 15.85 0.644 1.177 1.339 1.543 1.825 2.017 2.257 2.393 2.611 2.702 2.862 2.949 3.062 3.045 2.971 2.919 2.704 1.302
7.00 19.95 0.619 1.144 1.306 1.510 1.791 1.982 2.222 2.358 2.574 2.664 2.823 2.909 3.022 3.004 2.930 2.878 2.663 1.265
7.00 25.12 0.583 1.100 1.262 1.466 1.745 1.936 2.174 2.310 2.525 2.613 2.770 2.855 2.966 2.948 2.874 2.822 2.609 1.216
7.00 31.62 0.536 1.044 1.205 1.408 1.687 1.876 2.114 2.247 2.460 2.547 2.702 2.785 2.894 2.875 2.801 2.749 2.537 1.152
7.00 39.81 0.477 0.975 1.136 1.338 1.615 1.803 2.038 2.170 2.380 2.465 2.616 2.697 2.802 2.783 2.708 2.657 2.447 1.072
7.00 50.12 0.407 0.895 1.055 1.256 1.530 1.716 1.950 2.079 2.285 2.366 2.513 2.590 2.692 2.671 2.596 2.545 2.338 0.978
7.00 63.10 0.328 0.804 0.964 1.164 1.434 1.618 1.848 1.974 2.175 2.251 2.392 2.465 2.562 2.539 2.463 2.413 2.211 0.868
7.00 79.43 0.240 0.705 0.865 1.062 1.327 1.508 1.735 1.856 2.050 2.121 2.254 2.321 2.411 2.386 2.309 2.259 2.063 0.745
7.00 100.00 0.146 0.599 0.757 0.952 1.211 1.388 1.610 1.725 1.910 1.974 2.097 2.157 2.237 2.209 2.132 2.083 1.893 0.607
7.00 125.89 0.045 0.486 0.643 0.834 1.086 1.257 1.473 1.581 1.754 1.809 1.919 1.969 2.038 2.007 1.929 1.880 1.699 0.453
7.00 158.49 -0.063 0.365 0.521 0.708 0.950 1.114 1.323 1.421 1.580 1.622 1.716 1.754 1.809 1.773 1.693 1.645 1.476 0.281
7.00 199.53 -0.178 0.238 0.391 0.573 0.802 0.958 1.157 1.242 1.383 1.411 1.484 1.507 1.543 1.501 1.420 1.373 1.219 0.088
7.00 251.19 -0.301 0.101 0.252 0.427 0.640 0.785 0.972 1.042 1.160 1.169 1.216 1.219 1.232 1.182 1.099 1.054 0.918 -0.131
7.00 316.23 -0.435 -0.046 0.102 0.269 0.461 0.593 0.764 0.815 0.904 0.888 0.902 0.881 0.865 0.805 0.720 0.676 0.564 -0.383
7.00 398.11 -0.581 -0.206 -0.062 0.094 0.262 0.376 0.527 0.554 0.606 0.560 0.533 0.480 0.428 0.355 0.267 0.226 0.143 -0.674
7.00 501.19 -0.743 -0.382 -0.243 -0.100 0.035 0.128 0.255 0.250 0.256 0.173 0.092 0.001 -0.098 -0.186 -0.279 -0.316 -0.362 -1.015
7.00 630.96 -0.925 -0.577 -0.445 -0.319 -0.224 -0.158 -0.063 -0.106 -0.159 -0.290 -0.437 -0.578 -0.735 -0.842 -0.940 -0.974 -0.973 -1.420
7.00 794.33 -1.132 -0.798 -0.674 -0.569 -0.525 -0.493 -0.437 -0.529 -0.655 -0.847 -1.077 -1.280 -1.510 -1.642 -1.746 -1.775 -1.716 -1.903
7.00 1000.00 -1.371 -1.050 -0.937 -0.858 -0.877 -0.889 -0.882 -1.036 -1.255 -1.523 -1.857 -2.138 -2.461 -2.624 -2.737 -2.759 -2.626 -2.486
7.25 1.00 0.788 1.355 1.509 1.701 1.970 2.151 2.377 2.501 2.707 2.789 2.943 3.018 3.119 3.107 3.035 2.985 2.771 1.407
7.25 1.26 0.789 1.355 1.509 1.701 1.970 2.151 2.377 2.501 2.707 2.789 2.943 3.017 3.119 3.107 3.035 2.985 2.771 1.407
7.25 1.58 0.790 1.355 1.509 1.701 1.970 2.151 2.377 2.500 2.707 2.789 2.942 3.017 3.119 3.107 3.035 2.985 2.771 1.407
7.25 2.00 0.791 1.355 1.509 1.701 1.969 2.151 2.376 2.500 2.707 2.788 2.942 3.017 3.119 3.106 3.035 2.985 2.771 1.406
7.25 2.51 0.792 1.354 1.508 1.700 1.969 2.150 2.376 2.500 2.706 2.788 2.942 3.016 3.118 3.106 3.034 2.984 2.770 1.406
7.25 3.16 0.793 1.354 1.508 1.700 1.968 2.150 2.375 2.499 2.706 2.787 2.941 3.016 3.117 3.105 3.033 2.983 2.769 1.405
7.25 3.98 0.795 1.353 1.506 1.699 1.967 2.148 2.374 2.498 2.704 2.786 2.940 3.014 3.116 3.103 3.032 2.982 2.768 1.404
7.25 5.01 0.796 1.351 1.505 1.697 1.965 2.147 2.372 2.496 2.703 2.784 2.938 3.012 3.114 3.101 3.030 2.980 2.766 1.402
7.25 6.31 0.797 1.348 1.502 1.694 1.963 2.144 2.369 2.493 2.700 2.781 2.934 3.009 3.111 3.098 3.026 2.977 2.763 1.399
7.25 7.94 0.797 1.344 1.498 1.690 1.959 2.140 2.365 2.489 2.695 2.776 2.930 3.004 3.105 3.093 3.021 2.971 2.758 1.395
7.25 10.00 0.796 1.338 1.492 1.684 1.952 2.133 2.358 2.482 2.688 2.769 2.922 2.996 3.097 3.085 3.013 2.963 2.750 1.387
7.25 12.59 0.792 1.328 1.482 1.674 1.942 2.123 2.348 2.471 2.677 2.757 2.910 2.984 3.085 3.072 3.000 2.951 2.737 1.376
7.25 15.85 0.784 1.314 1.467 1.659 1.927 2.107 2.332 2.455 2.660 2.740 2.892 2.966 3.066 3.053 2.982 2.932 2.719 1.360
7.25 19.95 0.769 1.292 1.446 1.637 1.904 2.084 2.309 2.431 2.636 2.715 2.866 2.939 3.039 3.025 2.953 2.904 2.692 1.335
7.25 25.12 0.747 1.262 1.415 1.606 1.872 2.052 2.276 2.397 2.600 2.679 2.829 2.900 2.999 2.985 2.913 2.863 2.652 1.300
7.25 31.62 0.714 1.220 1.373 1.564 1.829 2.008 2.230 2.350 2.552 2.629 2.777 2.847 2.943 2.929 2.857 2.807 2.598 1.252
7.25 39.81 0.669 1.166 1.319 1.509 1.772 1.949 2.171 2.289 2.488 2.563 2.707 2.776 2.869 2.854 2.782 2.732 2.525 1.189
7.25 50.12 0.612 1.099 1.251 1.440 1.701 1.877 2.096 2.212 2.407 2.479 2.620 2.685 2.775 2.758 2.686 2.637 2.432 1.109
7.25 63.10 0.544 1.019 1.171 1.359 1.616 1.789 2.006 2.119 2.309 2.377 2.512 2.573 2.658 2.640 2.567 2.518 2.317 1.011
7.25 79.43 0.465 0.929 1.080 1.265 1.518 1.689 1.902 2.010 2.194 2.256 2.384 2.439 2.518 2.497 2.424 2.375 2.180 0.897
7.25 100.00 0.376 0.828 0.979 1.162 1.408 1.575 1.784 1.886 2.061 2.116 2.234 2.282 2.352 2.329 2.255 2.207 2.018 0.766
7.25 125.89 0.279 0.719 0.868 1.048 1.287 1.448 1.651 1.746 1.910 1.957 2.062 2.100 2.159 2.133 2.057 2.010 1.830 0.617
7.25 158.49 0.174 0.602 0.749 0.925 1.154 1.309 1.504 1.590 1.740 1.774 1.863 1.890 1.935 1.903 1.826 1.780 1.612 0.449
7.25 199.53 0.061 0.476 0.621 0.792 1.009 1.155 1.340 1.414 1.546 1.565 1.634 1.645 1.672 1.634 1.556 1.511 1.357 0.258
7.25 251.19 -0.061 0.341 0.484 0.647 0.848 0.984 1.157 1.215 1.324 1.325 1.367 1.359 1.363 1.318 1.237 1.194 1.059 0.041
7.25 316.23 -0.194 0.194 0.334 0.490 0.671 0.793 0.950 0.989 1.069 1.046 1.055 1.023 0.998 0.943 0.860 0.818 0.706 -0.209
7.25 398.11 -0.340 0.035 0.171 0.316 0.471 0.576 0.714 0.729 0.772 0.719 0.687 0.623 0.561 0.494 0.408 0.369 0.286 -0.499
7.25 501.19 -0.502 -0.140 -0.010 0.122 0.246 0.329 0.442 0.426 0.423 0.332 0.247 0.145 0.036 -0.046 -0.136 -0.172 -0.218 -0.840
7.25 630.96 -0.684 -0.336 -0.212 -0.097 -0.013 0.043 0.125 0.070 0.009 -0.131 -0.281 -0.433 -0.599 -0.701 -0.797 -0.829 -0.828 -1.244
7.25 794.33 -0.890 -0.556 -0.440 -0.347 -0.314 -0.292 -0.249 -0.353 -0.488 -0.687 -0.921 -1.135 -1.375 -1.501 -1.603 -1.630 -1.571 -1.727
7.25 1000.00 -1.129 -0.808 -0.703 -0.636 -0.666 -0.688 -0.694 -0.859 -1.087 -1.363 -1.701 -1.993 -2.325 -2.483 -2.593 -2.614 -2.480 -2.310
7.50 1.00 0.900 1.462 1.607 1.787 2.040 2.209 2.419 2.527 2.720 2.790 2.934 2.993 3.080 3.071 3.002 2.954 2.744 1.429
7.50 1.26 0.901 1.462 1.607 1.787 2.040 2.209 2.419 2.527 2.720 2.789 2.933 2.993 3.080 3.071 3.001 2.954 2.744 1.429
7.50 1.58 0.902 1.462 1.607 1.787 2.040 2.209 2.419 2.527 2.720 2.789 2.933 2.993 3.080 3.071 3.001 2.954 2.744 1.429
7.50 2.00 0.903 1.462 1.607 1.787 2.040 2.209 2.419 2.527 2.720 2.789 2.933 2.993 3.080 3.071 3.001 2.953 2.744 1.429
7.50 2.51 0.904 1.461 1.607 1.786 2.039 2.209 2.418 2.527 2.720 2.789 2.933 2.992 3.080 3.070 3.001 2.953 2.743 1.428
7.50 3.16 0.906 1.461 1.606 1.786 2.039 2.208 2.418 2.526 2.719 2.788 2.932 2.992 3.079 3.070 3.000 2.953 2.743 1.428
7.50 3.98 0.908 1.461 1.606 1.785 2.038 2.208 2.417 2.526 2.718 2.788 2.932 2.991 3.078 3.069 2.999 2.952 2.742 1.427
7.50 5.01 0.909 1.460 1.605 1.784 2.037 2.206 2.416 2.525 2.717 2.787 2.930 2.990 3.077 3.068 2.998 2.951 2.741 1.426
7.50 6.31 0.911 1.458 1.603 1.783 2.036 2.205 2.415 2.523 2.716 2.785 2.929 2.988 3.075 3.066 2.996 2.948 2.739 1.424
7.50 7.94 0.913 1.456 1.601 1.780 2.033 2.202 2.412 2.520 2.713 2.782 2.926 2.985 3.072 3.062 2.993 2.945 2.736 1.421
7.50 10.00 0.914 1.452 1.597 1.777 2.029 2.198 2.408 2.516 2.708 2.777 2.921 2.980 3.067 3.057 2.988 2.940 2.731 1.417
7.50 12.59 0.913 1.446 1.591 1.771 2.023 2.192 2.402 2.510 2.702 2.770 2.914 2.973 3.059 3.049 2.980 2.932 2.723 1.410
7.50 15.85 0.910 1.437 1.583 1.762 2.014 2.183 2.392 2.500 2.691 2.760 2.902 2.961 3.047 3.037 2.968 2.920 2.711 1.400
7.50 19.95 0.904 1.424 1.569 1.748 2.000 2.168 2.377 2.485 2.675 2.743 2.885 2.943 3.029 3.019 2.949 2.902 2.693 1.384
7.50 25.12 0.892 1.404 1.549 1.728 1.979 2.147 2.355 2.462 2.652 2.719 2.860 2.917 3.001 2.991 2.921 2.874 2.666 1.361
7.50 31.62 0.872 1.376 1.521 1.699 1.949 2.116 2.324 2.429 2.618 2.684 2.823 2.879 2.961 2.951 2.881 2.834 2.627 1.327
7.50 39.81 0.842 1.336 1.481 1.658 1.907 2.073 2.280 2.384 2.570 2.634 2.771 2.825 2.905 2.894 2.824 2.777 2.572 1.280
7.50 50.12 0.800 1.284 1.428 1.605 1.852 2.016 2.221 2.323 2.506 2.567 2.700 2.752 2.829 2.817 2.747 2.699 2.497 1.216
7.50 63.10 0.745 1.219 1.362 1.538 1.781 1.944 2.146 2.245 2.424 2.481 2.609 2.657 2.730 2.716 2.645 2.599 2.400 1.135
7.50 79.43 0.677 1.140 1.283 1.457 1.696 1.855 2.054 2.149 2.322 2.375 2.496 2.538 2.605 2.589 2.518 2.471 2.278 1.034
7.50 100.00 0.597 1.049 1.191 1.362 1.596 1.752 1.946 2.036 2.200 2.246 2.358 2.393 2.452 2.433 2.361 2.316 2.129 0.914
7.50 125.89 0.507 0.946 1.087 1.255 1.482 1.633 1.821 1.904 2.057 2.095 2.194 2.221 2.269 2.246 2.174 2.129 1.950 0.773
7.50 158.49 0.407 0.834 0.973 1.137 1.354 1.498 1.680 1.753 1.893 1.918 2.002 2.017 2.051 2.024 1.950 1.906 1.738 0.611
7.50 199.53 0.297 0.711 0.849 1.008 1.212 1.348 1.520 1.581 1.703 1.714 1.778 1.778 1.794 1.761 1.685 1.642 1.489 0.424
7.50 251.19 0.177 0.578 0.713 0.865 1.054 1.180 1.339 1.386 1.485 1.477 1.515 1.495 1.489 1.448 1.371 1.329 1.194 0.210
7.50 316.23 0.045 0.433 0.565 0.709 0.878 0.990 1.134 1.161 1.232 1.200 1.205 1.162 1.126 1.076 0.996 0.956 0.844 -0.038
7.50 398.11 -0.100 0.275 0.403 0.536 0.680 0.775 0.900 0.902 0.936 0.875 0.839 0.764 0.692 0.630 0.546 0.509 0.426 -0.327
7.50 501.19 -0.261 0.100 0.223 0.343 0.455 0.528 0.629 0.601 0.588 0.489 0.400 0.287 0.169 0.091 0.004 -0.030 -0.076 -0.667
7.50 630.96 -0.442 -0.095 0.022 0.125 0.197 0.243 0.312 0.245 0.175 0.028 -0.127 -0.290 -0.466 -0.563 -0.656 -0.686 -0.685 -1.070
7.50 794.33 -0.649 -0.315 -0.207 -0.125 -0.103 -0.091 -0.061 -0.177 -0.321 -0.528 -0.766 -0.991 -1.240 -1.362 -1.461 -1.486 -1.427 -1.552
7.50 1000.00 -0.887 -0.566 -0.469 -0.413 -0.456 -0.487 -0.506 -0.683 -0.920 -1.203 -1.545 -1.848 -2.190 -2.342 -2.450 -2.469 -2.336 -2.135
7.75 1.00 1.010 1.566 1.702 1.868 2.105 2.261 2.454 2.546 2.723 2.779 2.911 2.954 3.024 3.017 2.950 2.905 2.701 1.441
7.75 1.26 1.010 1.566 1.702 1.868 2.105 2.261 2.454 2.546 2.723 2.779 2.911 2.954 3.024 3.017 2.950 2.905 2.701 1.441
7.75 1.58 1.011 1.566 1.702 1.868 2.105 2.261 2.454 2.546 2.723 2.779 2.911 2.954 3.024 3.017 2.950 2.905 2.700 1.441
7.75 2.00 1.012 1.566 1.702 1.868 2.105 2.261 2.454 2.546 2.723 2.778 2.911 2.953 3.024 3.017 2.950 2.905 2.700 1.441
7.75 2.51 1.014 1.565 1.702 1.868 2.104 2.261 2.454 2.546 2.723 2.778 2.910 2.953 3.024 3.017 2.950 2.904 2.700 1.441
7.75 3.16 1.015 1.565 1.702 1.868 2.104 2.261 2.453 2.546 2.722 2.778 2.910 2.953 3.023 3.017 2.949 2.904 2.700 1.441
7.75 3.98 1.017 1.565 1.701 1.868 2.104 2.260 2.453 2.545 2.722 2.778 2.910 2.952 3.023 3.016 2.949 2.904 2.699 1.440
7.75 5.01 1.019 1.564 1.701 1.867 2.103 2.260 2.452 2.545 2.721 2.777 2.909 2.952 3.022 3.015 2.948 2.903 2.699 1.439
7.75 6.31 1.021 1.563 1.700 1.866 2.102 2.259 2.451 2.543 2.720 2.776 2.908 2.950 3.021 3.014 2.947 2.901 2.697 1.438
7.75 7.94 1.023 1.562 1.699 1.865 2.101 2.257 2.450 2.542 2.718 2.774 2.906 2.949 3.019 3.012 2.945 2.899 2.695 1.437
7.75 10.00 1.026 1.560 1.696 1.863 2.099 2.255 2.447 2.539 2.716 2.771 2.903 2.946 3.016 3.009 2.942 2.896 2.692 1.434
7.75 12.59 1.027 1.557 1.693 1.859 2.095 2.251 2.444 2.535 2.712 2.767 2.898 2.941 3.011 3.004 2.937 2.891 2.688 1.430
7.75 15.85 1.028 1.551 1.688 1.854 2.089 2.245 2.438 2.529 2.705 2.760 2.891 2.934 3.003 2.996 2.929 2.884 2.680 1.424
7.75 19.95 1.026 1.543 1.680 1.845 2.081 2.236 2.429 2.520 2.695 2.750 2.880 2.922 2.991 2.984 2.917 2.871 2.668 1.414
7.75 25.12 1.021 1.531 1.667 1.833 2.068 2.223 2.415 2.505 2.680 2.734 2.864 2.905 2.973 2.966 2.898 2.853 2.651 1.399
7.75 31.62 1.011 1.512 1.649 1.814 2.048 2.203 2.394 2.484 2.657 2.710 2.839 2.879 2.946 2.938 2.870 2.825 2.624 1.376
7.75 39.81 0.993 1.486 1.622 1.786 2.019 2.173 2.363 2.452 2.624 2.675 2.802 2.840 2.905 2.897 2.829 2.784 2.584 1.343
7.75 50.12 0.965 1.448 1.584 1.748 1.979 2.132 2.320 2.407 2.576 2.626 2.749 2.785 2.848 2.839 2.771 2.726 2.528 1.296
7.75 63.10 0.926 1.398 1.533 1.696 1.925 2.075 2.262 2.346 2.512 2.558 2.677 2.710 2.768 2.758 2.689 2.645 2.450 1.232
7.75 79.43 0.872 1.334 1.469 1.630 1.854 2.003 2.186 2.267 2.427 2.468 2.581 2.610 2.663 2.650 2.582 2.537 2.347 1.148
7.75 100.00 0.805 1.255 1.389 1.548 1.768 1.913 2.092 2.168 2.320 2.355 2.460 2.482 2.527 2.513 2.443 2.399 2.215 1.043
7.75 125.89 0.725 1.163 1.296 1.452 1.664 1.805 1.979 2.048 2.190 2.217 2.310 2.323 2.359 2.340 2.270 2.227 2.051 0.914
7.75 158.49 0.632 1.058 1.190 1.342 1.545 1.679 1.846 1.906 2.035 2.051 2.128 2.130 2.153 2.130 2.058 2.016 1.850 0.761
7.75 199.53 0.528 0.941 1.070 1.218 1.409 1.535 1.692 1.741 1.852 1.854 1.912 1.899 1.904 1.876 1.802 1.762 1.610 0.582
7.75 251.19 0.411 0.812 0.939 1.079 1.255 1.371 1.517 1.550 1.639 1.622 1.655 1.623 1.606 1.570 1.495 1.455 1.321 0.373
7.75 316.23 0.282 0.670 0.794 0.926 1.082 1.184 1.315 1.329 1.390 1.350 1.350 1.294 1.248 1.203 1.125 1.087 0.976 0.129
7.75 398.11 0.139 0.513 0.633 0.755 0.886 0.971 1.083 1.073 1.097 1.027 0.986 0.900 0.818 0.760 0.679 0.644 0.562 -0.158
7.75 501.19 -0.021 0.340 0.454 0.563 0.663 0.726 0.813 0.773 0.751 0.643 0.550 0.425 0.297 0.224 0.139 0.107 0.062 -0.495
7.75 630.96 -0.202 0.146 0.254 0.346 0.405 0.442 0.498 0.419 0.339 0.184 0.025 -0.149 -0.335 -0.428 -0.518 -0.546 -0.545 -0.897
7.75 794.33 -0.408 -0.074 0.026 0.097 0.106 0.108 0.125 -0.002 -0.156 -0.371 -0.613 -0.849 -1.108 -1.225 -1.321 -1.345 -1.285 -1.379
7.75 1000.00 -0.645 -0.325 -0.235 -0.191 -0.246 -0.287 -0.319 -0.508 -0.754 -1.045 -1.391 -1.705 -2.057 -2.204 -2.309 -2.326 -2.193 -1.960
8.00 1.00 1.115 1.665 1.793 1.945 2.163 2.305 2.480 2.554 2.712 2.753 2.870 2.894 2.945 2.941 2.875 2.832 2.636 1.441
8.00 1.26 1.116 1.665 1.793 1.945 2.163 2.305 2.480 2.554 2.712 2.753 2.870 2.894 2.945 2.940 2.875 2.832 2.636 1.441
8.00 1.58 1.117 1.665 1.793 1.945 2.163 2.305 2.480 2.554 2.712 2.752 2.870 2.894 2.945 2.940 2.875 2.832 2.636 1.441
8.00 2.00 1.118 1.665 1.793 1.945 2.163 2.305 2.480 2.554 2.712 2.752 2.870 2.894 2.945 2.940 2.875 2.832 2.635 1.440
8.00 2.51 1.119 1.665 1.793 1.945 2.163 2.305 2.480 2.554 2.712 2.752 2.870 2.894 2.945 2.940 2.875 2.832 2.635 1.440
8.00 3.16 1.120 1.665 1.793 1.945 2.163 2.305 2.480 2.554 2.712 2.752 2.869 2.893 2.945 2.940 2.875 2.832 2.635 1.440
8.00 3.98 1.122 1.665 1.792 1.944 2.162 2.305 2.479 2.553 2.712 2.752 2.869 2.893 2.945 2.940 2.874 2.831 2.635 1.440
8.00 5.01 1.124 1.665 1.792 1.944 2.162 2.304 2.479 2.553 2.711 2.751 2.869 2.893 2.944 2.939 2.874 2.831 2.634 1.440
8.00 6.31 1.126 1.664 1.792 1.944 2.161 2.304 2.478 2.552 2.711 2.751 2.868 2.892 2.943 2.938 2.873 2.830 2.634 1.439
8.00 7.94 1.129 1.663 1.791 1.943 2.161 2.303 2.477 2.551 2.710 2.750 2.867 2.891 2.942 2.937 2.872 2.829 2.632 1.438
8.00 10.00 1.132 1.662 1.789 1.942 2.159 2.301 2.476 2.550 2.708 2.748 2.865 2.889 2.940 2.935 2.870 2.827 2.630 1.436
8.00 12.59 1.134 1.660 1.787 1.939 2.157 2.299 2.474 2.548 2.705 2.745 2.862 2.886 2.937 2.932 2.866 2.824 2.627 1.434
8.00 15.85 1.137 1.657 1.784 1.936 2.154 2.296 2.470 2.544 2.701 2.741 2.858 2.881 2.932 2.927 2.861 2.819 2.623 1.430
8.00 19.95 1.138 1.652 1.780 1.931 2.149 2.290 2.464 2.538 2.695 2.735 2.851 2.874 2.924 2.919 2.854 2.811 2.615 1.424
8.00 25.12 1.138 1.645 1.772 1.924 2.140 2.282 2.456 2.529 2.686 2.724 2.840 2.863 2.912 2.907 2.841 2.799 2.603 1.414
8.00 31.62 1.134 1.633 1.760 1.912 2.128 2.269 2.442 2.515 2.671 2.709 2.823 2.845 2.894 2.888 2.823 2.780 2.585 1.399
8.00 39.81 1.126 1.616 1.743 1.894 2.109 2.250 2.422 2.494 2.648 2.685 2.798 2.819 2.866 2.860 2.794 2.752 2.558 1.377
8.00 50.12 1.110 1.591 1.718 1.868 2.082 2.221 2.393 2.463 2.615 2.650 2.760 2.779 2.825 2.818 2.752 2.709 2.518 1.344
8.00 63.10 1.084 1.555 1.682 1.831 2.043 2.181 2.350 2.418 2.567 2.600 2.706 2.723 2.765 2.757 2.690 2.648 2.459 1.297
8.00 79.43 1.046 1.507 1.633 1.781 1.989 2.125 2.292 2.357 2.501 2.530 2.631 2.643 2.681 2.671 2.604 2.562 2.377 1.232
8.00 100.00 0.994 1.444 1.569 1.715 1.918 2.051 2.215 2.275 2.413 2.436 2.530 2.536 2.567 2.555 2.488 2.446 2.266 1.145
8.00 125.89 0.927 1.365 1.489 1.633 1.830 1.958 2.117 2.171 2.299 2.315 2.398 2.397 2.418 2.403 2.335 2.294 2.122 1.033
8.00 158.49 0.846 1.271 1.394 1.534 1.722 1.845 1.997 2.042 2.158 2.163 2.232 2.220 2.229 2.210 2.141 2.101 1.938 0.894
8.00 199.53 0.750 1.163 1.283 1.418 1.596 1.710 1.853 1.888 1.987 1.978 2.029 2.003 1.995 1.970 1.900 1.861 1.711 0.726
8.00 251.19 0.639 1.040 1.158 1.287 1.449 1.553 1.685 1.705 1.782 1.756 1.782 1.737 1.708 1.676 1.603 1.566 1.434 0.525
8.00 316.23 0.515 0.902 1.017 1.138 1.281 1.372 1.489 1.490 1.540 1.490 1.484 1.416 1.358 1.317 1.242 1.207 1.097 0.287
8.00 398.11 0.374 0.749 0.860 0.970 1.088 1.163 1.261 1.238 1.252 1.173 1.126 1.028 0.934 0.881 0.803 0.770 0.689 0.006
8.00 501.19 0.216 0.577 0.684 0.781 0.867 0.921 0.994 0.941 0.909 0.793 0.694 0.558 0.419 0.350 0.268 0.238 0.194 -0.329
8.00 630.96 0.037 0.384 0.484 0.565 0.612 0.638 0.681 0.589 0.500 0.336 0.172 -0.013 -0.210 -0.298 -0.385 -0.412 -0.410 -0.728
8.00 794.33 -0.168 0.166 0.258 0.317 0.314 0.306 0.310 0.170 0.007 -0.217 -0.463 -0.711 -0.980 -1.092 -1.186 -1.208 -1.147 -1.208
8.00 1000.00 -0.405 -0.085 -0.003 0.030 -0.037 -0.088 -0.133 -0.335 -0.590 -0.889 -1.240 -1.565 -1.927 -2.069 -2.172 -2.187 -2.053 -1.788
