GhofraniAtkinson2014Cascadia as implemented in OpenQuake, distance is rrup. Log10 hazard values in cgs units
          14 31 10 : nmag, ndist, nperiod
          10.000 5.000 2.000 1.000 0.500 0.300 0.200 0.100 PGA PGV
          0.538 0.631 0.711 0.632 0.743 0.843 0.856 0.907 0.795 0.550
4.75 1.00 -0.934 -0.147 0.916 1.225 1.721 2.028 2.112 2.051 1.556 0.297
4.75 1.26 -0.933 -0.147 0.916 1.225 1.721 2.028 2.112 2.050 1.555 0.296
4.75 1.58 -0.933 -0.147 0.916 1.224 1.720 2.027 2.111 2.050 1.555 0.296
4.75 2.00 -0.933 -0.148 0.915 1.223 1.719 2.026 2.110 2.048 1.554 0.296
4.75 2.51 -0.932 -0.148 0.915 1.222 1.718 2.024 2.108 2.047 1.552 0.295
4.75 3.16 -0.932 -0.148 0.914 1.221 1.716 2.023 2.107 2.045 1.551 0.295
4.75 3.98 -0.931 -0.148 0.913 1.219 1.714 2.020 2.104 2.043 1.549 0.294
4.75 5.01 -0.931 -0.149 0.912 1.217 1.711 2.017 2.101 2.040 1.546 0.292
4.75 6.31 -0.931 -0.150 0.910 1.214 1.707 2.014 2.097 2.036 1.542 0.291
4.75 7.94 -0.931 -0.151 0.907 1.210 1.703 2.008 2.092 2.030 1.537 0.288
4.75 10.00 -0.932 -0.154 0.903 1.205 1.696 2.001 2.085 2.023 1.530 0.284
4.75 12.59 -0.935 -0.157 0.898 1.197 1.687 1.992 2.076 2.013 1.521 0.279
4.75 15.85 -0.938 -0.162 0.890 1.187 1.675 1.979 2.063 2.000 1.509 0.272
4.75 19.95 -0.945 -0.171 0.878 1.172 1.658 1.962 2.045 1.982 1.492 0.261
4.75 25.12 -0.956 -0.183 0.862 1.152 1.634 1.937 2.021 1.957 1.468 0.245
4.75 31.62 -0.972 -0.201 0.838 1.123 1.602 1.904 1.987 1.923 1.436 0.222
4.75 39.81 -0.997 -0.228 0.806 1.084 1.558 1.859 1.942 1.877 1.392 0.190
4.75 50.12 -1.031 -0.264 0.761 1.032 1.500 1.799 1.882 1.816 1.334 0.147
4.75 63.10 -1.076 -0.311 0.704 0.965 1.426 1.722 1.805 1.738 1.258 0.091
4.75 79.43 -1.132 -0.370 0.633 0.880 1.332 1.626 1.708 1.639 1.164 0.022
4.75 100.00 -1.199 -0.439 0.547 0.779 1.219 1.510 1.591 1.520 1.051 -0.061
4.75 125.89 -1.275 -0.518 0.448 0.660 1.086 1.372 1.452 1.379 0.916 -0.157
4.75 158.49 -1.357 -0.603 0.337 0.524 0.931 1.212 1.291 1.215 0.760 -0.265
4.75 199.53 -1.445 -0.694 0.214 0.369 0.752 1.027 1.105 1.025 0.581 -0.383
4.75 251.19 -1.536 -0.789 0.079 0.193 0.548 0.814 0.890 0.805 0.374 -0.512
4.75 316.23 -1.630 -0.887 -0.070 -0.006 0.312 0.567 0.642 0.551 0.136 -0.654
4.75 398.11 -1.725 -0.987 -0.234 -0.234 0.038 0.280 0.352 0.253 -0.140 -0.808
4.75 501.19 -1.822 -1.088 -0.416 -0.496 -0.283 -0.057 0.012 -0.097 -0.464 -0.978
4.75 630.96 -1.918 -1.191 -0.620 -0.801 -0.662 -0.458 -0.392 -0.513 -0.847 -1.168
4.75 794.33 -2.016 -1.295 -0.852 -1.160 -1.113 -0.936 -0.875 -1.012 -1.304 -1.382
4.75 1000.00 -2.113 -1.401 -1.119 -1.587 -1.657 -1.513 -1.458 -1.614 -1.854 -1.625
5.00 1.00 -0.817 -0.057 0.988 1.289 1.778 2.076 2.155 2.093 1.604 0.366
5.00 1.26 -0.817 -0.057 0.988 1.289 1.778 2.075 2.154 2.092 1.603 0.366
5.00 1.58 -0.816 -0.057 0.988 1.288 1.777 2.074 2.153 2.092 1.602 0.366
5.00 2.00 -0.816 -0.057 0.987 1.287 1.776 2.073 2.152 2.091 1.601 0.366
5.00 2.51 -0.816 -0.057 0.987 1.286 1.775 2.072 2.151 2.089 1.600 0.365
5.00 3.16 -0.815 -0.057 0.986 1.285 1.773 2.070 2.149 2.087 1.598 0.364
5.00 3.98 -0.815 -0.058 0.985 1.283 1.771 2.068 2.147 2.085 1.596 0.363
5.00 5.01 -0.815 -0.058 0.984 1.281 1.768 2.065 2.144 2.082 1.594 0.362
5.00 6.31 -0.815 -0.059 0.982 1.278 1.765 2.061 2.140 2.078 1.590 0.360
5.00 7.94 -0.815 -0.061 0.979 1.274 1.760 2.056 2.135 2.072 1.585 0.358
5.00 10.00 -0.816 -0.063 0.975 1.269 1.753 2.049 2.128 2.065 1.578 0.354
5.00 12.59 -0.818 -0.066 0.970 1.261 1.744 2.040 2.118 2.056 1.569 0.349
5.00 15.85 -0.822 -0.072 0.962 1.251 1.732 2.027 2.105 2.042 1.557 0.341
5.00 19.95 -0.829 -0.080 0.950 1.236 1.715 2.009 2.088 2.024 1.540 0.330
5.00 25.12 -0.840 -0.093 0.934 1.216 1.691 1.985 2.063 1.999 1.516 0.315
5.00 31.62 -0.856 -0.111 0.910 1.187 1.659 1.951 2.030 1.965 1.484 0.292
5.00 39.81 -0.880 -0.137 0.878 1.148 1.616 1.906 1.985 1.919 1.440 0.260
5.00 50.12 -0.914 -0.173 0.833 1.096 1.558 1.847 1.925 1.858 1.381 0.217
5.00 63.10 -0.959 -0.220 0.776 1.029 1.483 1.770 1.847 1.780 1.306 0.161
5.00 79.43 -1.016 -0.279 0.705 0.944 1.389 1.674 1.751 1.682 1.212 0.092
5.00 100.00 -1.083 -0.349 0.619 0.843 1.276 1.557 1.634 1.563 1.098 0.009
5.00 125.89 -1.158 -0.427 0.520 0.724 1.143 1.420 1.495 1.422 0.964 -0.087
5.00 158.49 -1.241 -0.513 0.409 0.588 0.988 1.259 1.334 1.257 0.808 -0.195
5.00 199.53 -1.329 -0.604 0.286 0.432 0.810 1.074 1.148 1.067 0.628 -0.313
5.00 251.19 -1.420 -0.699 0.151 0.257 0.605 0.861 0.933 0.848 0.422 -0.443
5.00 316.23 -1.514 -0.796 0.002 0.058 0.369 0.615 0.685 0.593 0.184 -0.584
5.00 398.11 -1.609 -0.896 -0.162 -0.170 0.095 0.327 0.395 0.295 -0.093 -0.738
5.00 501.19 -1.706 -0.998 -0.344 -0.432 -0.226 -0.010 0.055 -0.055 -0.417 -0.909
5.00 630.96 -1.802 -1.100 -0.548 -0.737 -0.604 -0.410 -0.349 -0.471 -0.800 -1.098
5.00 794.33 -1.900 -1.205 -0.781 -1.096 -1.056 -0.889 -0.832 -0.970 -1.257 -1.312
5.00 1000.00 -1.997 -1.311 -1.047 -1.523 -1.600 -1.465 -1.415 -1.572 -1.807 -1.555
5.25 1.00 -0.700 0.034 1.060 1.353 1.836 2.123 2.198 2.135 1.651 0.436
5.25 1.26 -0.700 0.034 1.060 1.353 1.835 2.123 2.197 2.135 1.651 0.436
5.25 1.58 -0.700 0.034 1.060 1.352 1.834 2.122 2.196 2.134 1.650 0.436
5.25 2.00 -0.699 0.034 1.059 1.351 1.833 2.121 2.195 2.133 1.649 0.435
5.25 2.51 -0.699 0.033 1.059 1.350 1.832 2.119 2.194 2.131 1.648 0.435
5.25 3.16 -0.699 0.033 1.058 1.349 1.830 2.118 2.192 2.129 1.646 0.434
5.25 3.98 -0.698 0.033 1.057 1.347 1.828 2.115 2.190 2.127 1.644 0.433
5.25 5.01 -0.698 0.032 1.056 1.345 1.825 2.112 2.187 2.124 1.641 0.432
5.25 6.31 -0.698 0.031 1.054 1.342 1.822 2.109 2.183 2.120 1.637 0.430
5.25 7.94 -0.699 0.030 1.051 1.338 1.817 2.103 2.178 2.115 1.633 0.428
5.25 10.00 -0.700 0.028 1.047 1.333 1.810 2.096 2.171 2.107 1.626 0.424
5.25 12.59 -0.702 0.024 1.042 1.325 1.801 2.087 2.161 2.098 1.617 0.419
5.25 15.85 -0.706 0.019 1.034 1.315 1.789 2.074 2.148 2.084 1.604 0.411
5.25 19.95 -0.713 0.010 1.022 1.300 1.772 2.056 2.130 2.066 1.587 0.400
5.25 25.12 -0.723 -0.002 1.006 1.280 1.749 2.032 2.106 2.041 1.564 0.384
5.25 31.62 -0.740 -0.020 0.982 1.251 1.716 1.999 2.073 2.007 1.531 0.362
5.25 39.81 -0.764 -0.047 0.950 1.212 1.673 1.954 2.027 1.961 1.487 0.330
5.25 50.12 -0.798 -0.083 0.905 1.160 1.615 1.894 1.967 1.900 1.429 0.287
5.25 63.10 -0.843 -0.130 0.848 1.093 1.540 1.817 1.890 1.822 1.354 0.231
5.25 79.43 -0.900 -0.189 0.777 1.008 1.447 1.721 1.794 1.724 1.260 0.162
5.25 100.00 -0.967 -0.258 0.691 0.907 1.333 1.605 1.676 1.605 1.146 0.078
5.25 125.89 -1.042 -0.336 0.592 0.788 1.200 1.467 1.538 1.464 1.012 -0.017
5.25 158.49 -1.125 -0.422 0.481 0.651 1.045 1.307 1.377 1.299 0.856 -0.125
5.25 199.53 -1.213 -0.513 0.358 0.496 0.867 1.122 1.191 1.109 0.676 -0.243
5.25 251.19 -1.304 -0.608 0.223 0.321 0.662 0.909 0.976 0.890 0.470 -0.373
5.25 316.23 -1.398 -0.706 0.074 0.122 0.426 0.662 0.727 0.635 0.232 -0.514
5.25 398.11 -1.493 -0.806 -0.090 -0.106 0.152 0.375 0.438 0.338 -0.045 -0.668
5.25 501.19 -1.589 -0.907 -0.272 -0.368 -0.168 0.037 0.097 -0.013 -0.369 -0.839
5.25 630.96 -1.686 -1.010 -0.476 -0.673 -0.547 -0.363 -0.306 -0.429 -0.752 -1.028
5.25 794.33 -1.784 -1.114 -0.709 -1.032 -0.999 -0.841 -0.790 -0.928 -1.209 -1.242
5.25 1000.00 -1.881 -1.220 -0.975 -1.459 -1.542 -1.418 -1.373 -1.530 -1.759 -1.486
5.50 1.00 -0.583 0.124 1.132 1.417 1.893 2.171 2.240 2.177 1.699 0.506
5.50 1.26 -0.583 0.124 1.132 1.416 1.892 2.170 2.240 2.177 1.699 0.506
5.50 1.58 -0.583 0.124 1.132 1.416 1.891 2.169 2.239 2.176 1.698 0.506
5.50 2.00 -0.583 0.124 1.131 1.415 1.890 2.168 2.238 2.175 1.697 0.505
5.50 2.51 -0.582 0.124 1.131 1.414 1.889 2.167 2.237 2.173 1.696 0.505
5.50 3.16 -0.582 0.124 1.130 1.413 1.888 2.165 2.235 2.172 1.694 0.504
5.50 3.98 -0.582 0.123 1.129 1.411 1.885 2.163 2.233 2.169 1.692 0.503
5.50 5.01 -0.582 0.123 1.128 1.409 1.883 2.160 2.230 2.166 1.689 0.502
5.50 6.31 -0.582 0.122 1.126 1.406 1.879 2.156 2.226 2.162 1.685 0.500
5.50 7.94 -0.582 0.120 1.123 1.402 1.874 2.151 2.220 2.157 1.680 0.498
5.50 10.00 -0.583 0.118 1.119 1.397 1.867 2.144 2.213 2.149 1.674 0.494
5.50 12.59 -0.586 0.115 1.114 1.389 1.858 2.134 2.204 2.140 1.664 0.489
5.50 15.85 -0.590 0.109 1.106 1.379 1.846 2.122 2.191 2.126 1.652 0.481
5.50 19.95 -0.596 0.101 1.094 1.364 1.829 2.104 2.173 2.108 1.635 0.470
5.50 25.12 -0.607 0.088 1.078 1.344 1.806 2.080 2.149 2.083 1.611 0.454
5.50 31.62 -0.624 0.070 1.054 1.315 1.774 2.046 2.115 2.049 1.579 0.432
5.50 39.81 -0.648 0.044 1.021 1.276 1.730 2.001 2.070 2.003 1.535 0.400
5.50 50.12 -0.682 0.008 0.977 1.224 1.672 1.942 2.010 1.942 1.477 0.357
5.50 63.10 -0.727 -0.039 0.920 1.156 1.597 1.865 1.933 1.864 1.401 0.301
5.50 79.43 -0.784 -0.098 0.849 1.072 1.504 1.769 1.836 1.766 1.308 0.231
5.50 100.00 -0.851 -0.167 0.763 0.971 1.391 1.652 1.719 1.647 1.194 0.148
5.50 125.89 -0.926 -0.246 0.664 0.852 1.257 1.515 1.581 1.506 1.059 0.053
5.50 158.49 -1.009 -0.332 0.553 0.715 1.102 1.354 1.419 1.341 0.903 -0.055
5.50 199.53 -1.097 -0.423 0.430 0.560 0.924 1.169 1.233 1.151 0.724 -0.173
5.50 251.19 -1.188 -0.517 0.295 0.385 0.719 0.956 1.019 0.932 0.517 -0.303
5.50 316.23 -1.282 -0.615 0.146 0.186 0.483 0.710 0.770 0.677 0.279 -0.444
5.50 398.11 -1.377 -0.715 -0.018 -0.042 0.209 0.422 0.481 0.380 0.003 -0.598
5.50 501.19 -1.473 -0.816 -0.200 -0.304 -0.111 0.085 0.140 0.029 -0.321 -0.769
5.50 630.96 -1.570 -0.919 -0.404 -0.609 -0.490 -0.315 -0.264 -0.387 -0.704 -0.959
5.50 794.33 -1.668 -1.024 -0.637 -0.968 -0.942 -0.794 -0.747 -0.886 -1.161 -1.172
5.50 1000.00 -1.765 -1.130 -0.904 -1.395 -1.485 -1.370 -1.330 -1.488 -1.711 -1.416
5.75 1.00 -0.466 0.215 1.204 1.481 1.950 2.218 2.283 2.219 1.747 0.576
5.75 1.26 -0.466 0.215 1.204 1.480 1.949 2.218 2.282 2.219 1.746 0.576
5.75 1.58 -0.466 0.215 1.204 1.480 1.949 2.217 2.282 2.218 1.745 0.576
5.75 2.00 -0.466 0.215 1.203 1.479 1.948 2.216 2.281 2.217 1.744 0.575
5.75 2.51 -0.466 0.214 1.203 1.478 1.946 2.214 2.279 2.215 1.743 0.575
5.75 3.16 -0.465 0.214 1.202 1.477 1.945 2.213 2.278 2.214 1.742 0.574
5.75 3.98 -0.465 0.214 1.201 1.475 1.943 2.210 2.275 2.211 1.739 0.573
5.75 5.01 -0.465 0.213 1.200 1.473 1.940 2.207 2.272 2.208 1.737 0.572
5.75 6.31 -0.465 0.212 1.198 1.470 1.936 2.203 2.268 2.204 1.733 0.570
5.75 7.94 -0.466 0.211 1.195 1.466 1.931 2.198 2.263 2.199 1.728 0.567
5.75 10.00 -0.467 0.209 1.191 1.461 1.925 2.191 2.256 2.192 1.721 0.564
5.75 12.59 -0.469 0.205 1.185 1.453 1.916 2.182 2.247 2.182 1.712 0.559
5.75 15.85 -0.473 0.200 1.178 1.443 1.903 2.169 2.234 2.169 1.700 0.551
5.75 19.95 -0.480 0.191 1.166 1.428 1.886 2.151 2.216 2.150 1.683 0.540
5.75 25.12 -0.491 0.179 1.150 1.408 1.863 2.127 2.191 2.125 1.659 0.524
5.75 31.62 -0.508 0.161 1.126 1.379 1.831 2.094 2.158 2.091 1.627 0.501
5.75 39.81 -0.532 0.134 1.093 1.340 1.787 2.049 2.113 2.045 1.583 0.470
5.75 50.12 -0.566 0.098 1.049 1.288 1.729 1.989 2.053 1.984 1.524 0.427
5.75 63.10 -0.611 0.051 0.992 1.220 1.654 1.912 1.976 1.906 1.449 0.371
5.75 79.43 -0.667 -0.008 0.921 1.136 1.561 1.816 1.879 1.808 1.355 0.301
5.75 100.00 -0.734 -0.077 0.835 1.035 1.448 1.700 1.762 1.689 1.241 0.218
5.75 125.89 -0.810 -0.155 0.736 0.916 1.314 1.562 1.623 1.548 1.107 0.122
5.75 158.49 -0.893 -0.241 0.625 0.779 1.159 1.402 1.462 1.383 0.951 0.015
5.75 199.53 -0.981 -0.332 0.502 0.624 0.981 1.217 1.276 1.193 0.771 -0.103
5.75 251.19 -1.072 -0.427 0.367 0.449 0.776 1.004 1.061 0.974 0.565 -0.233
5.75 316.23 -1.166 -0.525 0.218 0.250 0.540 0.757 0.813 0.719 0.327 -0.374
5.75 398.11 -1.261 -0.624 0.054 0.022 0.266 0.470 0.523 0.422 0.051 -0.529
5.75 501.19 -1.357 -0.726 -0.128 -0.240 -0.054 0.132 0.183 0.071 -0.273 -0.699
5.75 630.96 -1.454 -0.829 -0.332 -0.545 -0.433 -0.268 -0.221 -0.345 -0.657 -0.889
5.75 794.33 -1.552 -0.933 -0.565 -0.904 -0.885 -0.746 -0.704 -0.843 -1.114 -1.102
5.75 1000.00 -1.649 -1.039 -0.832 -1.331 -1.428 -1.323 -1.287 -1.446 -1.664 -1.346
6.00 1.00 -0.350 0.305 1.276 1.545 2.007 2.266 2.326 2.262 1.795 0.646
6.00 1.26 -0.350 0.305 1.276 1.544 2.007 2.265 2.325 2.261 1.794 0.646
6.00 1.58 -0.349 0.305 1.276 1.544 2.006 2.264 2.324 2.260 1.793 0.645
6.00 2.00 -0.349 0.305 1.275 1.543 2.005 2.263 2.323 2.259 1.792 0.645
6.00 2.51 -0.349 0.305 1.275 1.542 2.004 2.262 2.322 2.258 1.791 0.645
6.00 3.16 -0.349 0.305 1.274 1.541 2.002 2.260 2.320 2.256 1.789 0.644
6.00 3.98 -0.348 0.304 1.273 1.539 2.000 2.258 2.318 2.253 1.787 0.643
6.00 5.01 -0.348 0.304 1.271 1.537 1.997 2.255 2.315 2.250 1.784 0.642
6.00 6.31 -0.349 0.303 1.270 1.534 1.993 2.251 2.311 2.246 1.781 0.640
6.00 7.94 -0.349 0.301 1.267 1.530 1.988 2.246 2.306 2.241 1.776 0.637
6.00 10.00 -0.350 0.299 1.263 1.525 1.982 2.239 2.299 2.234 1.769 0.634
6.00 12.59 -0.353 0.296 1.257 1.517 1.973 2.229 2.289 2.224 1.760 0.629
6.00 15.85 -0.357 0.290 1.250 1.507 1.960 2.217 2.276 2.211 1.747 0.621
6.00 19.95 -0.364 0.282 1.238 1.492 1.943 2.199 2.259 2.192 1.730 0.610
6.00 25.12 -0.375 0.270 1.222 1.472 1.920 2.175 2.234 2.168 1.707 0.594
6.00 31.62 -0.391 0.251 1.198 1.443 1.888 2.141 2.201 2.133 1.674 0.571
6.00 39.81 -0.416 0.225 1.165 1.404 1.844 2.096 2.156 2.087 1.630 0.540
6.00 50.12 -0.450 0.189 1.121 1.352 1.786 2.037 2.096 2.027 1.572 0.497
6.00 63.10 -0.495 0.142 1.064 1.284 1.711 1.960 2.018 1.948 1.497 0.441
6.00 79.43 -0.551 0.083 0.993 1.200 1.618 1.864 1.922 1.850 1.403 0.371
6.00 100.00 -0.618 0.014 0.907 1.099 1.505 1.747 1.805 1.731 1.289 0.288
6.00 125.89 -0.694 -0.065 0.808 0.980 1.371 1.610 1.666 1.590 1.155 0.192
6.00 158.49 -0.777 -0.151 0.697 0.843 1.216 1.449 1.505 1.426 0.999 0.085
6.00 199.53 -0.865 -0.242 0.574 0.688 1.038 1.264 1.319 1.235 0.819 -0.034
6.00 251.19 -0.956 -0.336 0.439 0.513 0.833 1.051 1.104 1.016 0.613 -0.163
6.00 316.23 -1.050 -0.434 0.290 0.314 0.598 0.805 0.856 0.761 0.375 -0.304
6.00 398.11 -1.145 -0.534 0.126 0.086 0.324 0.517 0.566 0.464 0.098 -0.459
6.00 501.19 -1.241 -0.635 -0.056 -0.176 0.003 0.180 0.226 0.114 -0.226 -0.629
6.00 630.96 -1.338 -0.738 -0.260 -0.481 -0.376 -0.220 -0.178 -0.303 -0.609 -0.819
6.00 794.33 -1.436 -0.843 -0.493 -0.841 -0.828 -0.699 -0.661 -0.801 -1.066 -1.032
6.00 1000.00 -1.533 -0.949 -0.760 -1.267 -1.371 -1.275 -1.244 -1.404 -1.616 -1.276
6.25 1.00 -0.233 0.396 1.348 1.609 2.064 2.313 2.369 2.304 1.842 0.716
6.25 1.26 -0.233 0.396 1.348 1.608 2.064 2.312 2.368 2.303 1.842 0.716
6.25 1.58 -0.233 0.396 1.348 1.608 2.063 2.312 2.367 2.302 1.841 0.715
6.25 2.00 -0.232 0.396 1.347 1.607 2.062 2.311 2.366 2.301 1.840 0.715
6.25 2.51 -0.232 0.395 1.347 1.606 2.061 2.309 2.365 2.300 1.839 0.714
6.25 3.16 -0.232 0.395 1.346 1.605 2.059 2.308 2.363 2.298 1.837 0.714
6.25 3.98 -0.232 0.395 1.345 1.603 2.057 2.305 2.361 2.295 1.835 0.713
6.25 5.01 -0.232 0.394 1.343 1.601 2.054 2.302 2.358 2.292 1.832 0.712
6.25 6.31 -0.232 0.393 1.342 1.598 2.050 2.298 2.354 2.288 1.828 0.710
6.25 7.94 -0.233 0.392 1.339 1.594 2.046 2.293 2.349 2.283 1.823 0.707
6.25 10.00 -0.234 0.390 1.335 1.589 2.039 2.286 2.342 2.276 1.817 0.704
6.25 12.59 -0.236 0.386 1.329 1.581 2.030 2.277 2.332 2.266 1.808 0.698
6.25 15.85 -0.241 0.381 1.321 1.571 2.018 2.264 2.319 2.253 1.795 0.691
6.25 19.95 -0.247 0.373 1.310 1.556 2.001 2.246 2.301 2.235 1.778 0.680
6.25 25.12 -0.258 0.360 1.294 1.536 1.977 2.222 2.277 2.210 1.754 0.664
6.25 31.62 -0.275 0.342 1.270 1.507 1.945 2.189 2.243 2.176 1.722 0.641
6.25 39.81 -0.300 0.315 1.237 1.468 1.901 2.144 2.198 2.130 1.678 0.609
6.25 50.12 -0.334 0.279 1.193 1.416 1.843 2.084 2.138 2.069 1.620 0.567
6.25 63.10 -0.379 0.232 1.136 1.348 1.769 2.007 2.061 1.990 1.545 0.511
6.25 79.43 -0.435 0.174 1.065 1.264 1.675 1.911 1.964 1.892 1.451 0.441
6.25 100.00 -0.502 0.104 0.979 1.163 1.562 1.795 1.847 1.773 1.337 0.358
6.25 125.89 -0.578 0.026 0.880 1.044 1.429 1.657 1.709 1.632 1.202 0.262
6.25 158.49 -0.661 -0.060 0.769 0.907 1.274 1.497 1.548 1.468 1.046 0.155
6.25 199.53 -0.749 -0.151 0.646 0.752 1.095 1.312 1.361 1.278 0.867 0.036
6.25 251.19 -0.840 -0.246 0.511 0.577 0.891 1.099 1.147 1.058 0.660 -0.093
6.25 316.23 -0.934 -0.344 0.362 0.378 0.655 0.852 0.898 0.803 0.422 -0.234
6.25 398.11 -1.029 -0.443 0.198 0.150 0.381 0.565 0.609 0.506 0.146 -0.389
6.25 501.19 -1.125 -0.545 0.016 -0.112 0.060 0.227 0.268 0.156 -0.178 -0.559
6.25 630.96 -1.222 -0.648 -0.188 -0.417 -0.319 -0.173 -0.136 -0.261 -0.561 -0.749
6.25 794.33 -1.320 -0.752 -0.421 -0.777 -0.770 -0.651 -0.619 -0.759 -1.018 -0.963
6.25 1000.00 -1.417 -0.858 -0.688 -1.203 -1.314 -1.228 -1.202 -1.362 -1.568 -1.206
6.50 1.00 -0.116 0.486 1.420 1.673 2.121 2.361 2.411 2.346 1.890 0.786
6.50 1.26 -0.116 0.486 1.420 1.672 2.121 2.360 2.411 2.345 1.889 0.785
6.50 1.58 -0.116 0.486 1.420 1.672 2.120 2.359 2.410 2.344 1.889 0.785
6.50 2.00 -0.116 0.486 1.419 1.671 2.119 2.358 2.409 2.343 1.888 0.785
6.50 2.51 -0.115 0.486 1.419 1.670 2.118 2.357 2.407 2.342 1.886 0.784
6.50 3.16 -0.115 0.486 1.418 1.669 2.116 2.355 2.406 2.340 1.885 0.784
6.50 3.98 -0.115 0.485 1.417 1.667 2.114 2.353 2.403 2.338 1.883 0.783
6.50 5.01 -0.115 0.485 1.415 1.665 2.111 2.350 2.400 2.334 1.880 0.781
6.50 6.31 -0.115 0.484 1.413 1.662 2.108 2.346 2.397 2.330 1.876 0.780
6.50 7.94 -0.116 0.482 1.411 1.658 2.103 2.341 2.391 2.325 1.871 0.777
6.50 10.00 -0.117 0.480 1.407 1.653 2.096 2.334 2.384 2.318 1.864 0.774
6.50 12.59 -0.120 0.477 1.401 1.645 2.087 2.324 2.375 2.308 1.855 0.768
6.50 15.85 -0.124 0.471 1.393 1.635 2.075 2.312 2.362 2.295 1.843 0.761
6.50 19.95 -0.131 0.463 1.382 1.620 2.058 2.294 2.344 2.277 1.826 0.750
6.50 25.12 -0.142 0.451 1.365 1.599 2.034 2.270 2.320 2.252 1.802 0.734
6.50 31.62 -0.159 0.432 1.342 1.571 2.002 2.236 2.286 2.218 1.770 0.711
6.50 39.81 -0.183 0.406 1.309 1.532 1.959 2.191 2.241 2.172 1.726 0.679
6.50 50.12 -0.218 0.370 1.265 1.480 1.901 2.132 2.181 2.111 1.667 0.636
6.50 63.10 -0.263 0.323 1.208 1.412 1.826 2.055 2.104 2.032 1.592 0.581
6.50 79.43 -0.319 0.264 1.136 1.328 1.732 1.959 2.007 1.934 1.498 0.511
6.50 100.00 -0.386 0.195 1.051 1.227 1.619 1.842 1.890 1.815 1.385 0.428
6.50 125.89 -0.462 0.116 0.952 1.108 1.486 1.704 1.752 1.674 1.250 0.332
6.50 158.49 -0.545 0.031 0.841 0.971 1.331 1.544 1.590 1.510 1.094 0.225
6.50 199.53 -0.633 -0.060 0.718 0.816 1.153 1.359 1.404 1.320 0.915 0.106
6.50 251.19 -0.724 -0.155 0.583 0.641 0.948 1.146 1.190 1.100 0.708 -0.023
6.50 316.23 -0.818 -0.253 0.434 0.442 0.712 0.899 0.941 0.845 0.470 -0.164
6.50 398.11 -0.913 -0.353 0.270 0.214 0.438 0.612 0.651 0.548 0.194 -0.319
6.50 501.19 -1.009 -0.454 0.088 -0.048 0.117 0.275 0.311 0.198 -0.130 -0.489
6.50 630.96 -1.106 -0.557 -0.116 -0.353 -0.261 -0.125 -0.093 -0.218 -0.513 -0.679
6.50 794.33 -1.204 -0.662 -0.349 -0.713 -0.713 -0.604 -0.576 -0.717 -0.970 -0.893
6.50 1000.00 -1.301 -0.768 -0.616 -1.139 -1.257 -1.181 -1.159 -1.320 -1.520 -1.136
6.75 1.00 0.001 0.577 1.492 1.737 2.179 2.408 2.454 2.388 1.938 0.856
6.75 1.26 0.001 0.577 1.492 1.736 2.178 2.407 2.453 2.387 1.937 0.855
6.75 1.58 0.001 0.577 1.492 1.736 2.177 2.407 2.453 2.386 1.936 0.855
6.75 2.00 0.001 0.577 1.491 1.735 2.176 2.406 2.452 2.385 1.935 0.855
6.75 2.51 0.001 0.577 1.491 1.734 2.175 2.404 2.450 2.384 1.934 0.854
6.75 3.16 0.001 0.576 1.490 1.733 2.173 2.402 2.448 2.382 1.932 0.854
6.75 3.98 0.002 0.576 1.489 1.731 2.171 2.400 2.446 2.380 1.930 0.853
6.75 5.01 0.001 0.575 1.487 1.729 2.168 2.397 2.443 2.377 1.927 0.851
6.75 6.31 0.001 0.574 1.485 1.726 2.165 2.393 2.439 2.372 1.924 0.850
6.75 7.94 0.000 0.573 1.483 1.722 2.160 2.388 2.434 2.367 1.919 0.847
6.75 10.00 -0.001 0.571 1.479 1.717 2.153 2.381 2.427 2.360 1.912 0.843
6.75 12.59 -0.003 0.567 1.473 1.709 2.144 2.372 2.418 2.350 1.903 0.838
6.75 15.85 -0.008 0.562 1.465 1.699 2.132 2.359 2.405 2.337 1.891 0.831
6.75 19.95 -0.015 0.554 1.454 1.684 2.115 2.341 2.387 2.319 1.873 0.820
6.75 25.12 -0.026 0.541 1.437 1.663 2.092 2.317 2.362 2.294 1.850 0.804
6.75 31.62 -0.043 0.523 1.414 1.635 2.059 2.284 2.329 2.260 1.817 0.781
6.75 39.81 -0.067 0.497 1.381 1.596 2.016 2.239 2.284 2.214 1.773 0.749
6.75 50.12 -0.101 0.460 1.337 1.544 1.958 2.179 2.224 2.153 1.715 0.706
6.75 63.10 -0.146 0.413 1.280 1.476 1.883 2.102 2.146 2.074 1.640 0.650
6.75 79.43 -0.203 0.355 1.208 1.392 1.790 2.006 2.050 1.976 1.546 0.581
6.75 100.00 -0.270 0.285 1.123 1.291 1.676 1.890 1.933 1.857 1.432 0.498
6.75 125.89 -0.346 0.207 1.024 1.172 1.543 1.752 1.794 1.716 1.298 0.402
6.75 158.49 -0.429 0.121 0.913 1.035 1.388 1.592 1.633 1.552 1.142 0.294
6.75 199.53 -0.517 0.030 0.790 0.880 1.210 1.407 1.447 1.362 0.962 0.176
6.75 251.19 -0.608 -0.065 0.655 0.705 1.005 1.194 1.232 1.142 0.756 0.047
6.75 316.23 -0.702 -0.163 0.506 0.506 0.769 0.947 0.984 0.888 0.518 -0.095
6.75 398.11 -0.797 -0.262 0.342 0.278 0.495 0.660 0.694 0.590 0.241 -0.249
6.75 501.19 -0.893 -0.364 0.160 0.016 0.175 0.322 0.354 0.240 -0.083 -0.419
6.75 630.96 -0.990 -0.467 -0.044 -0.289 -0.204 -0.078 -0.050 -0.176 -0.466 -0.609
6.75 794.33 -1.087 -0.571 -0.277 -0.649 -0.656 -0.556 -0.533 -0.675 -0.923 -0.823
6.75 1000.00 -1.185 -0.677 -0.544 -1.075 -1.199 -1.133 -1.116 -1.278 -1.473 -1.066
7.00 1.00 0.118 0.667 1.564 1.801 2.236 2.455 2.497 2.430 1.985 0.925
7.00 1.26 0.118 0.667 1.564 1.800 2.235 2.455 2.496 2.429 1.985 0.925
7.00 1.58 0.118 0.667 1.564 1.800 2.234 2.454 2.495 2.428 1.984 0.925
7.00 2.00 0.118 0.667 1.563 1.799 2.233 2.453 2.494 2.427 1.983 0.925
7.00 2.51 0.118 0.667 1.563 1.798 2.232 2.452 2.493 2.426 1.982 0.924
7.00 3.16 0.118 0.667 1.562 1.797 2.231 2.450 2.491 2.424 1.980 0.923
7.00 3.98 0.118 0.666 1.561 1.795 2.228 2.448 2.489 2.422 1.978 0.922
7.00 5.01 0.118 0.666 1.559 1.793 2.226 2.445 2.486 2.419 1.975 0.921
7.00 6.31 0.118 0.665 1.557 1.790 2.222 2.441 2.482 2.415 1.971 0.919
7.00 7.94 0.117 0.664 1.555 1.786 2.217 2.436 2.477 2.409 1.966 0.917
7.00 10.00 0.116 0.661 1.551 1.781 2.210 2.429 2.470 2.402 1.960 0.913
7.00 12.59 0.113 0.658 1.545 1.773 2.201 2.419 2.460 2.392 1.951 0.908
7.00 15.85 0.109 0.652 1.537 1.763 2.189 2.406 2.447 2.379 1.938 0.900
7.00 19.95 0.102 0.644 1.526 1.748 2.172 2.389 2.430 2.361 1.921 0.889
7.00 25.12 0.091 0.632 1.509 1.727 2.149 2.365 2.405 2.336 1.898 0.874
7.00 31.62 0.074 0.613 1.486 1.699 2.117 2.331 2.372 2.302 1.865 0.851
7.00 39.81 0.049 0.587 1.453 1.660 2.073 2.286 2.326 2.256 1.821 0.819
7.00 50.12 0.015 0.551 1.409 1.608 2.015 2.227 2.267 2.195 1.763 0.776
7.00 63.10 -0.030 0.504 1.352 1.540 1.940 2.150 2.189 2.116 1.688 0.720
7.00 79.43 -0.087 0.445 1.280 1.456 1.847 2.054 2.093 2.018 1.594 0.651
7.00 100.00 -0.154 0.376 1.195 1.355 1.734 1.937 1.976 1.899 1.480 0.568
7.00 125.89 -0.230 0.297 1.096 1.236 1.600 1.799 1.837 1.758 1.346 0.472
7.00 158.49 -0.313 0.212 0.985 1.099 1.445 1.639 1.676 1.594 1.190 0.364
7.00 199.53 -0.400 0.121 0.862 0.944 1.267 1.454 1.490 1.404 1.010 0.246
7.00 251.19 -0.492 0.026 0.727 0.769 1.062 1.241 1.275 1.184 0.804 0.116
7.00 316.23 -0.586 -0.072 0.578 0.570 0.826 0.994 1.027 0.930 0.566 -0.025
7.00 398.11 -0.681 -0.172 0.414 0.342 0.552 0.707 0.737 0.632 0.289 -0.179
7.00 501.19 -0.777 -0.273 0.232 0.080 0.232 0.370 0.396 0.282 -0.035 -0.350
7.00 630.96 -0.874 -0.376 0.028 -0.225 -0.147 -0.030 -0.007 -0.134 -0.418 -0.539
7.00 794.33 -0.971 -0.481 -0.205 -0.585 -0.599 -0.509 -0.491 -0.633 -0.875 -0.753
7.00 1000.00 -1.069 -0.587 -0.472 -1.011 -1.142 -1.086 -1.073 -1.235 -1.425 -0.996
7.25 1.00 0.234 0.758 1.636 1.865 2.293 2.503 2.540 2.472 2.033 0.995
7.25 1.26 0.235 0.758 1.636 1.864 2.292 2.502 2.539 2.471 2.032 0.995
7.25 1.58 0.235 0.758 1.635 1.864 2.292 2.502 2.538 2.470 2.032 0.995
7.25 2.00 0.235 0.758 1.635 1.863 2.291 2.500 2.537 2.469 2.031 0.994
7.25 2.51 0.235 0.758 1.635 1.862 2.289 2.499 2.536 2.468 2.029 0.994
7.25 3.16 0.235 0.757 1.634 1.861 2.288 2.497 2.534 2.466 2.028 0.993
7.25 3.98 0.235 0.757 1.633 1.859 2.286 2.495 2.532 2.464 2.026 0.992
7.25 5.01 0.235 0.756 1.631 1.857 2.283 2.492 2.529 2.461 2.023 0.991
7.25 6.31 0.234 0.755 1.629 1.854 2.279 2.488 2.525 2.457 2.019 0.989
7.25 7.94 0.234 0.754 1.627 1.850 2.274 2.483 2.520 2.451 2.014 0.987
7.25 10.00 0.232 0.752 1.623 1.845 2.268 2.476 2.513 2.444 2.007 0.983
7.25 12.59 0.230 0.748 1.617 1.837 2.259 2.467 2.503 2.434 1.998 0.978
7.25 15.85 0.225 0.743 1.609 1.827 2.246 2.454 2.490 2.421 1.986 0.970
7.25 19.95 0.218 0.735 1.598 1.812 2.229 2.436 2.472 2.403 1.969 0.959
7.25 25.12 0.207 0.722 1.581 1.791 2.206 2.412 2.448 2.378 1.945 0.943
7.25 31.62 0.190 0.704 1.558 1.763 2.174 2.379 2.414 2.344 1.913 0.921
7.25 39.81 0.165 0.678 1.525 1.724 2.130 2.334 2.369 2.298 1.869 0.889
7.25 50.12 0.131 0.642 1.481 1.672 2.072 2.274 2.309 2.237 1.811 0.846
7.25 63.10 0.086 0.594 1.424 1.604 1.997 2.197 2.232 2.158 1.735 0.790
7.25 79.43 0.029 0.536 1.352 1.520 1.904 2.101 2.135 2.060 1.641 0.721
7.25 100.00 -0.038 0.466 1.267 1.419 1.791 1.985 2.018 1.941 1.528 0.637
7.25 125.89 -0.114 0.388 1.168 1.300 1.657 1.847 1.880 1.800 1.393 0.542
7.25 158.49 -0.197 0.302 1.057 1.163 1.502 1.687 1.719 1.636 1.237 0.434
7.25 199.53 -0.284 0.211 0.934 1.008 1.324 1.502 1.532 1.446 1.058 0.316
7.25 251.19 -0.376 0.116 0.799 0.833 1.119 1.288 1.318 1.226 0.851 0.186
7.25 316.23 -0.470 0.019 0.650 0.634 0.883 1.042 1.069 0.972 0.613 0.045
7.25 398.11 -0.565 -0.081 0.486 0.406 0.609 0.755 0.780 0.674 0.337 -0.109
7.25 501.19 -0.661 -0.183 0.304 0.144 0.289 0.417 0.439 0.324 0.013 -0.280
7.25 630.96 -0.758 -0.286 0.100 -0.161 -0.090 0.017 0.035 -0.092 -0.370 -0.469
7.25 794.33 -0.855 -0.390 -0.133 -0.521 -0.542 -0.461 -0.448 -0.591 -0.827 -0.683
7.25 1000.00 -0.953 -0.496 -0.400 -0.947 -1.085 -1.038 -1.031 -1.193 -1.377 -0.927
7.50 1.00 0.351 0.849 1.708 1.929 2.350 2.550 2.582 2.514 2.081 1.065
7.50 1.26 0.351 0.848 1.708 1.928 2.350 2.550 2.582 2.513 2.080 1.065
7.50 1.58 0.351 0.848 1.707 1.928 2.349 2.549 2.581 2.513 2.079 1.065
7.50 2.00 0.352 0.848 1.707 1.927 2.348 2.548 2.580 2.511 2.078 1.064
7.50 2.51 0.352 0.848 1.706 1.926 2.347 2.547 2.578 2.510 2.077 1.064
7.50 3.16 0.352 0.848 1.706 1.925 2.345 2.545 2.577 2.508 2.075 1.063
7.50 3.98 0.352 0.848 1.705 1.923 2.343 2.543 2.574 2.506 2.073 1.062
7.50 5.01 0.351 0.847 1.703 1.921 2.340 2.540 2.571 2.503 2.071 1.061
7.50 6.31 0.351 0.846 1.701 1.918 2.336 2.536 2.567 2.499 2.067 1.059
7.50 7.94 0.350 0.845 1.699 1.914 2.331 2.531 2.562 2.493 2.062 1.057
7.50 10.00 0.349 0.842 1.695 1.909 2.325 2.524 2.555 2.486 2.055 1.053
7.50 12.59 0.346 0.839 1.689 1.901 2.316 2.514 2.546 2.476 2.046 1.048
7.50 15.85 0.342 0.833 1.681 1.891 2.303 2.501 2.533 2.463 2.034 1.040
7.50 19.95 0.335 0.825 1.670 1.876 2.286 2.484 2.515 2.445 2.017 1.029
7.50 25.12 0.323 0.813 1.653 1.855 2.263 2.459 2.491 2.420 1.993 1.013
7.50 31.62 0.306 0.794 1.630 1.827 2.231 2.426 2.457 2.386 1.961 0.991
7.50 39.81 0.282 0.768 1.597 1.788 2.187 2.381 2.412 2.340 1.917 0.959
7.50 50.12 0.247 0.732 1.553 1.736 2.129 2.322 2.352 2.279 1.858 0.916
7.50 63.10 0.202 0.685 1.496 1.668 2.054 2.245 2.275 2.201 1.783 0.860
7.50 79.43 0.146 0.626 1.424 1.584 1.961 2.149 2.178 2.102 1.689 0.790
7.50 100.00 0.078 0.557 1.339 1.483 1.848 2.032 2.061 1.983 1.575 0.707
7.50 125.89 0.002 0.478 1.240 1.364 1.714 1.894 1.923 1.842 1.441 0.612
7.50 158.49 -0.080 0.393 1.129 1.227 1.559 1.734 1.761 1.678 1.285 0.504
7.50 199.53 -0.168 0.302 1.006 1.072 1.381 1.549 1.575 1.488 1.105 0.386
7.50 251.19 -0.260 0.207 0.871 0.897 1.176 1.336 1.360 1.268 0.899 0.256
7.50 316.23 -0.353 0.109 0.722 0.698 0.941 1.089 1.112 1.014 0.661 0.115
7.50 398.11 -0.449 0.009 0.558 0.470 0.667 0.802 0.822 0.716 0.384 -0.039
7.50 501.19 -0.545 -0.092 0.376 0.208 0.346 0.465 0.482 0.366 0.060 -0.210
7.50 630.96 -0.642 -0.195 0.171 -0.097 -0.033 0.065 0.078 -0.050 -0.323 -0.400
7.50 794.33 -0.739 -0.300 -0.061 -0.457 -0.485 -0.414 -0.405 -0.549 -0.780 -0.613
7.50 1000.00 -0.837 -0.406 -0.328 -0.883 -1.028 -0.991 -0.988 -1.151 -1.330 -0.857
7.75 1.00 0.468 0.939 1.780 1.993 2.407 2.598 2.625 2.556 2.128 1.135
7.75 1.26 0.468 0.939 1.780 1.992 2.407 2.597 2.624 2.556 2.128 1.135
7.75 1.58 0.468 0.939 1.779 1.992 2.406 2.596 2.624 2.555 2.127 1.135
7.75 2.00 0.468 0.939 1.779 1.991 2.405 2.595 2.622 2.554 2.126 1.134
7.75 2.51 0.468 0.939 1.778 1.990 2.404 2.594 2.621 2.552 2.125 1.134
7.75 3.16 0.468 0.938 1.778 1.989 2.402 2.592 2.619 2.550 2.123 1.133
7.75 3.98 0.468 0.938 1.777 1.987 2.400 2.590 2.617 2.548 2.121 1.132
7.75 5.01 0.468 0.937 1.775 1.985 2.397 2.587 2.614 2.545 2.118 1.131
7.75 6.31 0.468 0.937 1.773 1.982 2.393 2.583 2.610 2.541 2.114 1.129
7.75 7.94 0.467 0.935 1.771 1.978 2.389 2.578 2.605 2.535 2.110 1.126
7.75 10.00 0.465 0.933 1.767 1.973 2.382 2.571 2.598 2.528 2.103 1.123
7.75 12.59 0.463 0.929 1.761 1.965 2.373 2.562 2.588 2.519 2.094 1.118
7.75 15.85 0.458 0.924 1.753 1.955 2.361 2.549 2.576 2.505 2.081 1.110
7.75 19.95 0.451 0.916 1.742 1.940 2.344 2.531 2.558 2.487 2.064 1.099
7.75 25.12 0.440 0.903 1.725 1.919 2.320 2.507 2.533 2.462 2.041 1.083
7.75 31.62 0.423 0.885 1.702 1.891 2.288 2.474 2.500 2.428 2.008 1.060
7.75 39.81 0.398 0.859 1.669 1.852 2.244 2.429 2.455 2.382 1.964 1.029
7.75 50.12 0.364 0.823 1.625 1.800 2.186 2.369 2.395 2.321 1.906 0.986
7.75 63.10 0.318 0.775 1.568 1.732 2.112 2.292 2.317 2.243 1.831 0.930
7.75 79.43 0.262 0.717 1.496 1.648 2.018 2.196 2.221 2.145 1.737 0.860
7.75 100.00 0.195 0.647 1.411 1.547 1.905 2.080 2.104 2.026 1.623 0.777
7.75 125.89 0.119 0.569 1.312 1.428 1.772 1.942 1.965 1.885 1.489 0.681
7.75 158.49 0.036 0.483 1.201 1.291 1.617 1.782 1.804 1.720 1.333 0.574
7.75 199.53 -0.052 0.392 1.078 1.136 1.438 1.597 1.618 1.530 1.153 0.456
7.75 251.19 -0.144 0.297 0.943 0.961 1.234 1.383 1.403 1.311 0.947 0.326
7.75 316.23 -0.237 0.200 0.794 0.762 0.998 1.137 1.155 1.056 0.709 0.185
7.75 398.11 -0.333 0.100 0.630 0.534 0.724 0.850 0.865 0.758 0.432 0.030
7.75 501.19 -0.429 -0.002 0.448 0.272 0.403 0.512 0.525 0.408 0.108 -0.140
7.75 630.96 -0.526 -0.105 0.243 -0.033 0.024 0.112 0.121 -0.008 -0.275 -0.330
7.75 794.33 -0.623 -0.209 0.011 -0.393 -0.427 -0.366 -0.362 -0.507 -0.732 -0.543
7.75 1000.00 -0.721 -0.315 -0.256 -0.819 -0.971 -0.943 -0.945 -1.109 -1.282 -0.787
8.00 1.00 0.585 1.030 1.852 2.057 2.464 2.645 2.668 2.598 2.176 1.205
8.00 1.26 0.585 1.030 1.852 2.056 2.464 2.645 2.667 2.598 2.176 1.205
8.00 1.58 0.585 1.029 1.851 2.056 2.463 2.644 2.666 2.597 2.175 1.204
8.00 2.00 0.585 1.029 1.851 2.055 2.462 2.643 2.665 2.596 2.174 1.204
8.00 2.51 0.585 1.029 1.850 2.054 2.461 2.642 2.664 2.594 2.173 1.204
8.00 3.16 0.585 1.029 1.850 2.053 2.459 2.640 2.662 2.592 2.171 1.203
8.00 3.98 0.585 1.029 1.849 2.051 2.457 2.638 2.660 2.590 2.169 1.202
8.00 5.01 0.585 1.028 1.847 2.049 2.454 2.635 2.657 2.587 2.166 1.201
8.00 6.31 0.584 1.027 1.845 2.046 2.451 2.631 2.653 2.583 2.162 1.199
8.00 7.94 0.584 1.026 1.843 2.042 2.446 2.626 2.648 2.578 2.157 1.196
8.00 10.00 0.582 1.023 1.839 2.037 2.439 2.619 2.641 2.570 2.151 1.193
8.00 12.59 0.579 1.020 1.833 2.029 2.430 2.609 2.631 2.561 2.141 1.188
8.00 15.85 0.575 1.015 1.825 2.019 2.418 2.596 2.618 2.547 2.129 1.180
8.00 19.95 0.567 1.006 1.814 2.004 2.401 2.579 2.600 2.529 2.112 1.169
8.00 25.12 0.556 0.994 1.797 1.983 2.377 2.554 2.576 2.504 2.088 1.153
8.00 31.62 0.539 0.975 1.774 1.955 2.345 2.521 2.543 2.470 2.056 1.130
8.00 39.81 0.514 0.949 1.741 1.916 2.302 2.476 2.497 2.424 2.012 1.099
8.00 50.12 0.480 0.913 1.697 1.864 2.244 2.417 2.437 2.363 1.954 1.056
8.00 63.10 0.435 0.866 1.640 1.796 2.169 2.340 2.360 2.285 1.878 1.000
8.00 79.43 0.378 0.807 1.568 1.712 2.075 2.244 2.264 2.187 1.785 0.930
8.00 100.00 0.311 0.738 1.483 1.611 1.962 2.127 2.147 2.068 1.671 0.847
8.00 125.89 0.235 0.659 1.384 1.492 1.829 1.989 2.008 1.927 1.536 0.751
8.00 158.49 0.152 0.574 1.273 1.355 1.674 1.829 1.847 1.762 1.380 0.644
8.00 199.53 0.064 0.483 1.150 1.200 1.496 1.644 1.661 1.572 1.201 0.525
8.00 251.19 -0.028 0.388 1.014 1.025 1.291 1.431 1.446 1.353 0.994 0.396
8.00 316.23 -0.121 0.290 0.866 0.826 1.055 1.184 1.197 1.098 0.756 0.255
8.00 398.11 -0.217 0.190 0.702 0.598 0.781 0.897 0.908 0.801 0.480 0.100
8.00 501.19 -0.313 0.089 0.520 0.336 0.460 0.560 0.567 0.450 0.156 -0.070
8.00 630.96 -0.410 -0.014 0.315 0.031 0.082 0.160 0.164 0.034 -0.227 -0.260
8.00 794.33 -0.507 -0.119 0.083 -0.329 -0.370 -0.319 -0.320 -0.465 -0.684 -0.473
8.00 1000.00 -0.605 -0.225 -0.184 -0.755 -0.914 -0.896 -0.902 -1.067 -1.234 -0.717
