GhofraniAtkinson2014Cascadia as implemented in OpenQuake, distance is rrup. Log10 hazard values in cgs units
          14 31 26 : nmag, ndist, nperiod
          0.070 0.090 0.110 0.140 0.180 0.220 0.270 0.340 0.420 0.530 0.650 0.810 1.010 1.250 1.560 1.920 2.440 3.030 3.700 4.550 5.880 7.140 9.090 10.000 PGA PGV
          0.874 0.906 0.909 0.892 0.861 0.852 0.852 0.833 0.785 0.729 0.682 0.648 0.632 0.652 0.682 0.713 0.702 0.685 0.662 0.642 0.611 0.575 0.538 0.538 0.795 0.550
4.75 1.00 1.916 2.007 2.133 2.277 2.360 2.429 2.496 2.506 2.467 2.364 2.262 2.142 2.009 1.918 1.761 1.586 1.318 1.070 0.842 0.614 0.299 0.056 -0.328 -0.415 1.824 0.674
4.75 1.26 1.916 2.006 2.133 2.276 2.359 2.428 2.496 2.505 2.466 2.363 2.261 2.142 2.008 1.918 1.760 1.586 1.318 1.070 0.842 0.614 0.299 0.056 -0.328 -0.415 1.823 0.674
4.75 1.58 1.915 2.005 2.132 2.276 2.359 2.427 2.495 2.504 2.466 2.363 2.261 2.141 2.008 1.917 1.760 1.586 1.318 1.069 0.842 0.614 0.299 0.056 -0.328 -0.415 1.822 0.674
4.75 2.00 1.914 2.004 2.131 2.274 2.358 2.426 2.494 2.503 2.465 2.362 2.260 2.140 2.007 1.916 1.759 1.585 1.318 1.069 0.842 0.613 0.299 0.056 -0.328 -0.414 1.821 0.673
4.75 2.51 1.912 2.003 2.129 2.273 2.356 2.425 2.493 2.502 2.463 2.361 2.259 2.139 2.006 1.916 1.759 1.585 1.317 1.069 0.841 0.613 0.299 0.056 -0.329 -0.414 1.820 0.673
4.75 3.16 1.911 2.001 2.127 2.271 2.354 2.423 2.491 2.500 2.462 2.359 2.257 2.138 2.005 1.915 1.758 1.584 1.317 1.068 0.841 0.613 0.299 0.055 -0.329 -0.414 1.819 0.672
4.75 3.98 1.908 1.999 2.125 2.269 2.352 2.421 2.489 2.498 2.459 2.357 2.255 2.136 2.003 1.913 1.756 1.583 1.316 1.068 0.841 0.613 0.298 0.055 -0.329 -0.413 1.816 0.671
4.75 5.01 1.905 1.996 2.122 2.266 2.349 2.418 2.486 2.495 2.457 2.354 2.252 2.133 2.001 1.911 1.755 1.581 1.315 1.067 0.840 0.612 0.298 0.055 -0.330 -0.413 1.814 0.670
4.75 6.31 1.902 1.992 2.118 2.262 2.345 2.414 2.482 2.491 2.453 2.350 2.249 2.130 1.998 1.909 1.752 1.579 1.313 1.065 0.839 0.611 0.297 0.054 -0.331 -0.413 1.810 0.668
4.75 7.94 1.896 1.986 2.112 2.257 2.340 2.409 2.476 2.486 2.448 2.346 2.244 2.126 1.994 1.905 1.749 1.577 1.311 1.063 0.837 0.610 0.295 0.052 -0.332 -0.413 1.805 0.666
4.75 10.00 1.889 1.979 2.105 2.250 2.333 2.402 2.469 2.479 2.441 2.339 2.238 2.120 1.989 1.900 1.745 1.573 1.307 1.060 0.834 0.607 0.293 0.050 -0.334 -0.414 1.798 0.662
4.75 12.59 1.880 1.969 2.096 2.240 2.324 2.392 2.460 2.469 2.432 2.330 2.229 2.112 1.981 1.893 1.738 1.567 1.302 1.056 0.830 0.604 0.290 0.047 -0.338 -0.416 1.789 0.657
4.75 15.85 1.867 1.956 2.082 2.227 2.311 2.379 2.447 2.457 2.419 2.318 2.218 2.100 1.971 1.884 1.729 1.559 1.295 1.049 0.824 0.598 0.285 0.041 -0.343 -0.420 1.777 0.649
4.75 19.95 1.849 1.938 2.064 2.209 2.293 2.361 2.429 2.439 2.402 2.301 2.201 2.085 1.956 1.870 1.717 1.547 1.285 1.040 0.815 0.590 0.276 0.033 -0.351 -0.427 1.760 0.638
4.75 25.12 1.824 1.913 2.039 2.184 2.268 2.337 2.405 2.415 2.378 2.278 2.179 2.063 1.936 1.851 1.699 1.531 1.269 1.025 0.802 0.577 0.264 0.021 -0.363 -0.437 1.736 0.622
4.75 31.62 1.791 1.879 2.005 2.150 2.235 2.304 2.372 2.382 2.345 2.246 2.148 2.033 1.907 1.824 1.673 1.507 1.247 1.005 0.782 0.559 0.246 0.003 -0.381 -0.454 1.704 0.600
4.75 39.81 1.746 1.833 1.959 2.105 2.190 2.258 2.327 2.337 2.301 2.202 2.105 1.992 1.868 1.787 1.638 1.474 1.216 0.976 0.754 0.533 0.220 -0.023 -0.407 -0.478 1.660 0.568
4.75 50.12 1.686 1.772 1.898 2.044 2.130 2.198 2.267 2.277 2.242 2.145 2.049 1.937 1.816 1.738 1.591 1.429 1.175 0.936 0.716 0.496 0.184 -0.059 -0.443 -0.512 1.601 0.525
4.75 63.10 1.608 1.694 1.819 1.966 2.053 2.121 2.190 2.200 2.166 2.070 1.976 1.867 1.749 1.674 1.529 1.371 1.120 0.884 0.666 0.449 0.138 -0.106 -0.490 -0.557 1.526 0.469
4.75 79.43 1.511 1.596 1.721 1.869 1.956 2.025 2.094 2.105 2.071 1.977 1.885 1.779 1.665 1.594 1.453 1.299 1.052 0.819 0.604 0.390 0.079 -0.164 -0.548 -0.614 1.432 0.399
4.75 100.00 1.394 1.477 1.602 1.751 1.839 1.907 1.977 1.988 1.957 1.865 1.775 1.672 1.564 1.498 1.361 1.213 0.971 0.743 0.531 0.320 0.011 -0.233 -0.617 -0.680 1.318 0.316
4.75 125.89 1.255 1.336 1.461 1.611 1.700 1.769 1.839 1.851 1.821 1.732 1.646 1.547 1.445 1.386 1.254 1.113 0.879 0.655 0.447 0.241 -0.067 -0.310 -0.694 -0.756 1.184 0.221
4.75 158.49 1.094 1.172 1.296 1.448 1.539 1.608 1.679 1.691 1.663 1.578 1.496 1.403 1.309 1.258 1.133 1.000 0.775 0.558 0.355 0.155 -0.152 -0.395 -0.779 -0.839 1.028 0.113
4.75 199.53 0.907 0.982 1.106 1.260 1.353 1.422 1.493 1.506 1.482 1.401 1.324 1.238 1.155 1.113 0.998 0.875 0.661 0.452 0.256 0.063 -0.241 -0.485 -0.869 -0.927 0.848 -0.005
4.75 251.19 0.692 0.763 0.886 1.043 1.138 1.207 1.280 1.294 1.273 1.197 1.128 1.051 0.980 0.951 0.846 0.737 0.537 0.338 0.151 -0.033 -0.335 -0.578 -0.962 -1.018 0.642 -0.135
4.75 316.23 0.443 0.508 0.631 0.791 0.890 0.958 1.032 1.048 1.031 0.963 0.902 0.836 0.781 0.769 0.678 0.586 0.403 0.217 0.040 -0.132 -0.430 -0.673 -1.058 -1.112 0.404 -0.276
4.75 398.11 0.153 0.211 0.334 0.497 0.600 0.669 0.744 0.762 0.751 0.692 0.641 0.589 0.555 0.563 0.489 0.418 0.257 0.088 -0.076 -0.233 -0.527 -0.771 -1.155 -1.207 0.127 -0.430
4.75 501.19 -0.189 -0.138 -0.017 0.152 0.260 0.328 0.406 0.425 0.422 0.374 0.337 0.302 0.294 0.328 0.275 0.231 0.098 -0.050 -0.198 -0.336 -0.626 -0.869 -1.253 -1.303 -0.196 -0.601
4.75 630.96 -0.594 -0.554 -0.434 -0.259 -0.144 -0.075 0.005 0.027 0.032 -0.001 -0.022 -0.034 -0.010 0.056 0.031 0.021 -0.077 -0.200 -0.327 -0.442 -0.725 -0.968 -1.352 -1.400 -0.580 -0.791
4.75 794.33 -1.079 -1.052 -0.933 -0.750 -0.627 -0.559 -0.475 -0.450 -0.433 -0.449 -0.448 -0.433 -0.368 -0.260 -0.251 -0.219 -0.273 -0.363 -0.463 -0.549 -0.824 -1.067 -1.451 -1.497 -1.037 -1.004
4.75 1000.00 -1.664 -1.653 -1.537 -1.343 -1.210 -1.142 -1.054 -1.025 -0.993 -0.986 -0.959 -0.909 -0.792 -0.633 -0.581 -0.495 -0.494 -0.542 -0.610 -0.659 -0.923 -1.167 -1.551 -1.595 -1.587 -1.248
5.00 1.00 1.960 2.049 2.175 2.317 2.401 2.473 2.542 2.555 2.521 2.422 2.323 2.205 2.073 1.983 1.829 1.658 1.394 1.150 0.926 0.701 0.395 0.159 -0.212 -0.299 1.872 0.744
5.00 1.26 1.960 2.049 2.174 2.316 2.401 2.472 2.542 2.554 2.520 2.422 2.322 2.205 2.072 1.983 1.828 1.657 1.394 1.150 0.926 0.701 0.395 0.159 -0.212 -0.298 1.871 0.744
5.00 1.58 1.959 2.048 2.173 2.316 2.400 2.471 2.541 2.553 2.519 2.421 2.322 2.204 2.072 1.982 1.828 1.657 1.393 1.149 0.926 0.701 0.395 0.159 -0.212 -0.298 1.870 0.744
5.00 2.00 1.958 2.047 2.172 2.315 2.399 2.470 2.540 2.552 2.518 2.420 2.321 2.203 2.071 1.981 1.828 1.657 1.393 1.149 0.926 0.701 0.395 0.159 -0.212 -0.298 1.869 0.743
5.00 2.51 1.956 2.045 2.171 2.313 2.397 2.469 2.538 2.551 2.517 2.419 2.319 2.202 2.070 1.981 1.827 1.656 1.393 1.149 0.925 0.701 0.395 0.159 -0.213 -0.297 1.868 0.743
5.00 3.16 1.955 2.044 2.169 2.311 2.396 2.467 2.537 2.549 2.515 2.417 2.318 2.201 2.069 1.980 1.826 1.655 1.392 1.148 0.925 0.700 0.395 0.158 -0.213 -0.297 1.866 0.742
5.00 3.98 1.952 2.041 2.167 2.309 2.393 2.465 2.534 2.547 2.513 2.415 2.316 2.199 2.067 1.978 1.825 1.654 1.391 1.148 0.925 0.700 0.394 0.158 -0.213 -0.297 1.864 0.741
5.00 5.01 1.949 2.038 2.164 2.306 2.390 2.462 2.532 2.544 2.510 2.412 2.313 2.196 2.065 1.976 1.823 1.653 1.390 1.147 0.924 0.699 0.394 0.158 -0.214 -0.296 1.861 0.740
5.00 6.31 1.945 2.034 2.160 2.302 2.387 2.458 2.528 2.540 2.507 2.409 2.310 2.193 2.062 1.974 1.821 1.651 1.388 1.145 0.923 0.699 0.393 0.157 -0.215 -0.296 1.858 0.738
5.00 7.94 1.940 2.029 2.154 2.297 2.381 2.453 2.522 2.535 2.502 2.404 2.305 2.189 2.058 1.970 1.817 1.648 1.386 1.143 0.921 0.697 0.391 0.155 -0.216 -0.297 1.853 0.735
5.00 10.00 1.933 2.022 2.147 2.290 2.374 2.446 2.515 2.528 2.495 2.397 2.299 2.183 2.053 1.965 1.813 1.644 1.383 1.140 0.918 0.695 0.389 0.153 -0.218 -0.298 1.846 0.732
5.00 12.59 1.924 2.012 2.137 2.280 2.365 2.436 2.506 2.519 2.486 2.388 2.290 2.175 2.045 1.958 1.807 1.638 1.378 1.136 0.914 0.691 0.386 0.150 -0.221 -0.300 1.837 0.727
5.00 15.85 1.911 1.999 2.124 2.267 2.352 2.423 2.493 2.506 2.473 2.376 2.279 2.163 2.035 1.949 1.798 1.630 1.370 1.129 0.908 0.686 0.380 0.144 -0.227 -0.304 1.824 0.719
5.00 19.95 1.893 1.980 2.106 2.249 2.334 2.405 2.475 2.488 2.456 2.359 2.262 2.148 2.020 1.935 1.785 1.619 1.360 1.120 0.899 0.677 0.372 0.136 -0.235 -0.311 1.807 0.708
5.00 25.12 1.868 1.956 2.081 2.224 2.310 2.381 2.451 2.464 2.432 2.336 2.240 2.126 2.000 1.916 1.767 1.602 1.345 1.105 0.886 0.665 0.360 0.124 -0.247 -0.321 1.784 0.692
5.00 31.62 1.835 1.922 2.047 2.190 2.276 2.348 2.418 2.431 2.399 2.304 2.208 2.096 1.971 1.889 1.741 1.578 1.323 1.085 0.866 0.646 0.342 0.106 -0.265 -0.338 1.751 0.669
5.00 39.81 1.790 1.876 2.001 2.145 2.231 2.302 2.373 2.386 2.355 2.261 2.166 2.055 1.932 1.852 1.706 1.545 1.292 1.055 0.838 0.620 0.316 0.080 -0.291 -0.362 1.707 0.638
5.00 50.12 1.730 1.815 1.940 2.084 2.171 2.242 2.313 2.326 2.296 2.203 2.110 2.000 1.880 1.803 1.659 1.501 1.250 1.016 0.800 0.584 0.280 0.044 -0.327 -0.396 1.649 0.595
5.00 63.10 1.652 1.736 1.861 2.006 2.094 2.165 2.236 2.250 2.220 2.128 2.037 1.930 1.813 1.739 1.598 1.443 1.196 0.964 0.750 0.536 0.233 -0.003 -0.374 -0.441 1.574 0.539
5.00 79.43 1.555 1.638 1.763 1.909 1.997 2.069 2.140 2.154 2.125 2.035 1.946 1.842 1.729 1.659 1.521 1.370 1.128 0.899 0.688 0.477 0.175 -0.061 -0.432 -0.497 1.480 0.469
5.00 100.00 1.438 1.519 1.644 1.791 1.880 1.952 2.023 2.038 2.010 1.923 1.836 1.736 1.628 1.563 1.429 1.284 1.047 0.823 0.615 0.408 0.107 -0.130 -0.501 -0.564 1.366 0.386
5.00 125.89 1.299 1.378 1.503 1.651 1.742 1.813 1.885 1.900 1.875 1.790 1.707 1.610 1.509 1.451 1.323 1.184 0.954 0.735 0.531 0.329 0.029 -0.207 -0.578 -0.640 1.232 0.290
5.00 158.49 1.138 1.214 1.338 1.488 1.580 1.652 1.725 1.740 1.717 1.636 1.557 1.466 1.373 1.323 1.202 1.071 0.850 0.637 0.439 0.242 -0.056 -0.292 -0.663 -0.723 1.076 0.183
5.00 199.53 0.951 1.024 1.148 1.300 1.394 1.466 1.539 1.556 1.536 1.459 1.385 1.301 1.219 1.178 1.066 0.946 0.736 0.532 0.340 0.151 -0.146 -0.382 -0.753 -0.811 0.896 0.064
5.00 251.19 0.736 0.805 0.928 1.083 1.180 1.251 1.326 1.343 1.327 1.256 1.189 1.114 1.044 1.016 0.915 0.809 0.612 0.418 0.235 0.055 -0.239 -0.475 -0.846 -0.902 0.690 -0.065
5.00 316.23 0.487 0.551 0.673 0.831 0.931 1.002 1.078 1.097 1.085 1.021 0.963 0.899 0.845 0.834 0.746 0.657 0.478 0.297 0.124 -0.044 -0.334 -0.570 -0.942 -0.996 0.452 -0.206
5.00 398.11 0.197 0.254 0.375 0.537 0.641 0.713 0.790 0.811 0.805 0.750 0.702 0.652 0.619 0.628 0.557 0.489 0.333 0.168 0.008 -0.145 -0.432 -0.668 -1.039 -1.091 0.175 -0.361
5.00 501.19 -0.145 -0.096 0.025 0.192 0.301 0.372 0.452 0.474 0.476 0.432 0.398 0.365 0.358 0.393 0.344 0.303 0.174 0.030 -0.114 -0.249 -0.530 -0.766 -1.137 -1.187 -0.149 -0.531
5.00 630.96 -0.550 -0.511 -0.392 -0.219 -0.103 -0.031 0.051 0.076 0.086 0.057 0.039 0.029 0.054 0.121 0.099 0.092 -0.002 -0.120 -0.243 -0.354 -0.629 -0.865 -1.236 -1.284 -0.532 -0.721
5.00 794.33 -1.035 -1.009 -0.892 -0.710 -0.586 -0.515 -0.429 -0.401 -0.379 -0.390 -0.387 -0.370 -0.304 -0.195 -0.183 -0.148 -0.197 -0.283 -0.379 -0.462 -0.728 -0.964 -1.335 -1.381 -0.989 -0.934
5.00 1000.00 -1.620 -1.611 -1.495 -1.303 -1.169 -1.097 -1.008 -0.975 -0.940 -0.928 -0.898 -0.845 -0.728 -0.568 -0.513 -0.424 -0.418 -0.462 -0.526 -0.571 -0.828 -1.064 -1.435 -1.479 -1.539 -1.178
5.25 1.00 2.004 2.092 2.217 2.357 2.443 2.517 2.588 2.604 2.575 2.481 2.384 2.268 2.137 2.048 1.897 1.729 1.469 1.230 1.010 0.789 0.491 0.262 -0.096 -0.182 1.919 0.814
5.25 1.26 2.004 2.091 2.216 2.357 2.442 2.516 2.588 2.603 2.574 2.480 2.383 2.268 2.136 2.048 1.897 1.729 1.469 1.230 1.010 0.789 0.491 0.262 -0.096 -0.182 1.919 0.814
5.25 1.58 2.003 2.090 2.215 2.356 2.441 2.515 2.587 2.603 2.573 2.479 2.382 2.267 2.136 2.047 1.896 1.728 1.469 1.229 1.010 0.788 0.491 0.262 -0.096 -0.181 1.918 0.813
5.25 2.00 2.002 2.089 2.214 2.355 2.440 2.514 2.586 2.602 2.572 2.478 2.382 2.266 2.135 2.046 1.896 1.728 1.468 1.229 1.010 0.788 0.491 0.262 -0.096 -0.181 1.917 0.813
5.25 2.51 2.000 2.088 2.213 2.353 2.439 2.513 2.584 2.600 2.571 2.477 2.380 2.265 2.134 2.046 1.895 1.727 1.468 1.229 1.009 0.788 0.491 0.262 -0.096 -0.181 1.916 0.813
5.25 3.16 1.999 2.086 2.211 2.352 2.437 2.511 2.583 2.599 2.569 2.475 2.379 2.264 2.133 2.045 1.894 1.727 1.467 1.228 1.009 0.788 0.490 0.261 -0.097 -0.180 1.914 0.812
5.25 3.98 1.996 2.084 2.208 2.349 2.435 2.509 2.580 2.596 2.567 2.473 2.377 2.262 2.131 2.043 1.893 1.725 1.467 1.228 1.009 0.788 0.490 0.261 -0.097 -0.180 1.912 0.811
5.25 5.01 1.993 2.081 2.205 2.346 2.432 2.506 2.578 2.593 2.564 2.471 2.374 2.259 2.129 2.041 1.891 1.724 1.465 1.227 1.008 0.787 0.489 0.261 -0.098 -0.180 1.909 0.810
5.25 6.31 1.989 2.077 2.201 2.342 2.428 2.502 2.574 2.589 2.560 2.467 2.371 2.256 2.126 2.039 1.889 1.722 1.464 1.225 1.007 0.786 0.489 0.260 -0.099 -0.180 1.905 0.808
5.25 7.94 1.984 2.071 2.196 2.337 2.423 2.497 2.568 2.584 2.555 2.462 2.366 2.252 2.122 2.035 1.886 1.719 1.461 1.223 1.005 0.784 0.487 0.258 -0.100 -0.180 1.900 0.805
5.25 10.00 1.977 2.064 2.189 2.330 2.416 2.490 2.561 2.577 2.549 2.456 2.360 2.246 2.117 2.030 1.881 1.715 1.458 1.220 1.002 0.782 0.485 0.256 -0.102 -0.181 1.894 0.802
5.25 12.59 1.968 2.054 2.179 2.320 2.406 2.480 2.552 2.568 2.539 2.447 2.351 2.238 2.109 2.023 1.875 1.710 1.453 1.216 0.998 0.779 0.482 0.253 -0.105 -0.184 1.885 0.797
5.25 15.85 1.955 2.041 2.166 2.307 2.393 2.467 2.539 2.555 2.527 2.434 2.339 2.227 2.099 2.014 1.866 1.702 1.446 1.209 0.992 0.773 0.476 0.247 -0.111 -0.188 1.872 0.789
5.25 19.95 1.937 2.023 2.148 2.289 2.375 2.450 2.521 2.538 2.509 2.418 2.323 2.211 2.084 2.000 1.853 1.690 1.435 1.200 0.983 0.765 0.468 0.239 -0.119 -0.194 1.855 0.778
5.25 25.12 1.912 1.998 2.123 2.264 2.351 2.425 2.497 2.513 2.486 2.394 2.300 2.189 2.064 1.981 1.835 1.673 1.420 1.185 0.970 0.752 0.456 0.227 -0.131 -0.205 1.831 0.762
5.25 31.62 1.879 1.964 2.088 2.231 2.317 2.392 2.464 2.480 2.453 2.362 2.269 2.159 2.035 1.954 1.810 1.649 1.398 1.165 0.950 0.734 0.438 0.209 -0.149 -0.222 1.799 0.739
5.25 39.81 1.834 1.918 2.042 2.185 2.272 2.346 2.419 2.435 2.409 2.319 2.227 2.118 1.996 1.917 1.774 1.616 1.367 1.135 0.922 0.707 0.412 0.183 -0.175 -0.246 1.755 0.708
5.25 50.12 1.774 1.857 1.981 2.124 2.212 2.287 2.359 2.376 2.350 2.261 2.171 2.064 1.944 1.868 1.727 1.572 1.325 1.096 0.884 0.671 0.376 0.147 -0.211 -0.280 1.697 0.665
5.25 63.10 1.696 1.779 1.903 2.047 2.135 2.209 2.282 2.299 2.274 2.187 2.098 1.993 1.877 1.804 1.666 1.514 1.271 1.044 0.834 0.624 0.329 0.100 -0.258 -0.325 1.622 0.609
5.25 79.43 1.599 1.681 1.805 1.949 2.038 2.113 2.186 2.203 2.179 2.094 2.007 1.905 1.793 1.724 1.589 1.442 1.203 0.979 0.772 0.565 0.271 0.042 -0.316 -0.381 1.528 0.539
5.25 100.00 1.482 1.562 1.686 1.831 1.921 1.996 2.069 2.087 2.064 1.981 1.897 1.799 1.692 1.628 1.498 1.355 1.122 0.902 0.699 0.495 0.202 -0.027 -0.385 -0.448 1.414 0.456
5.25 125.89 1.343 1.421 1.544 1.691 1.783 1.857 1.931 1.949 1.929 1.848 1.768 1.674 1.573 1.516 1.391 1.255 1.029 0.815 0.615 0.416 0.125 -0.104 -0.462 -0.524 1.279 0.360
5.25 158.49 1.182 1.257 1.380 1.528 1.622 1.696 1.770 1.789 1.771 1.694 1.618 1.529 1.437 1.388 1.270 1.143 0.925 0.717 0.523 0.330 0.040 -0.189 -0.547 -0.607 1.123 0.253
5.25 199.53 0.995 1.067 1.190 1.340 1.435 1.510 1.585 1.605 1.589 1.517 1.446 1.364 1.283 1.243 1.134 1.018 0.811 0.612 0.424 0.238 -0.050 -0.279 -0.637 -0.695 0.944 0.134
5.25 251.19 0.780 0.848 0.970 1.123 1.221 1.295 1.372 1.392 1.380 1.314 1.249 1.177 1.108 1.081 0.983 0.880 0.688 0.498 0.319 0.142 -0.143 -0.372 -0.730 -0.786 0.737 0.005
5.25 316.23 0.531 0.593 0.715 0.871 0.972 1.047 1.124 1.146 1.139 1.080 1.024 0.962 0.909 0.899 0.815 0.728 0.554 0.377 0.208 0.043 -0.239 -0.468 -0.826 -0.880 0.499 -0.136
5.25 398.11 0.240 0.296 0.417 0.578 0.683 0.757 0.836 0.860 0.858 0.808 0.763 0.715 0.683 0.693 0.626 0.561 0.408 0.248 0.092 -0.058 -0.336 -0.565 -0.923 -0.975 0.223 -0.291
5.25 501.19 -0.101 -0.053 0.066 0.232 0.342 0.417 0.498 0.524 0.529 0.490 0.458 0.428 0.422 0.458 0.412 0.374 0.249 0.110 -0.030 -0.161 -0.434 -0.663 -1.021 -1.071 -0.101 -0.461
5.25 630.96 -0.506 -0.469 -0.350 -0.178 -0.062 0.013 0.097 0.125 0.140 0.115 0.100 0.092 0.118 0.186 0.168 0.163 0.074 -0.040 -0.159 -0.267 -0.533 -0.762 -1.120 -1.168 -0.484 -0.651
5.25 794.33 -0.991 -0.967 -0.850 -0.670 -0.545 -0.471 -0.383 -0.352 -0.325 -0.332 -0.326 -0.307 -0.240 -0.130 -0.115 -0.076 -0.122 -0.203 -0.295 -0.374 -0.632 -0.861 -1.219 -1.265 -0.941 -0.864
5.25 1000.00 -1.576 -1.568 -1.453 -1.263 -1.128 -1.053 -0.962 -0.926 -0.886 -0.870 -0.837 -0.782 -0.664 -0.503 -0.444 -0.353 -0.343 -0.383 -0.442 -0.484 -0.732 -0.961 -1.319 -1.363 -1.491 -1.108
5.50 1.00 2.048 2.134 2.258 2.397 2.484 2.561 2.634 2.653 2.629 2.539 2.445 2.331 2.201 2.113 1.965 1.800 1.545 1.310 1.094 0.876 0.587 0.365 0.020 -0.065 1.967 0.884
5.50 1.26 2.048 2.134 2.258 2.397 2.483 2.560 2.634 2.653 2.628 2.538 2.444 2.331 2.200 2.113 1.965 1.800 1.544 1.309 1.094 0.876 0.587 0.365 0.020 -0.065 1.966 0.884
5.50 1.58 2.047 2.133 2.257 2.396 2.482 2.559 2.633 2.652 2.627 2.538 2.443 2.330 2.200 2.112 1.965 1.800 1.544 1.309 1.094 0.876 0.587 0.365 0.020 -0.065 1.966 0.883
5.50 2.00 2.046 2.132 2.256 2.395 2.481 2.558 2.632 2.651 2.626 2.537 2.442 2.329 2.199 2.111 1.964 1.799 1.544 1.309 1.094 0.876 0.587 0.365 0.020 -0.064 1.965 0.883
5.50 2.51 2.044 2.130 2.254 2.393 2.480 2.557 2.630 2.649 2.625 2.535 2.441 2.328 2.198 2.111 1.963 1.799 1.543 1.309 1.093 0.876 0.586 0.365 0.020 -0.064 1.963 0.882
5.50 3.16 2.043 2.129 2.253 2.392 2.478 2.555 2.629 2.648 2.623 2.534 2.440 2.327 2.197 2.109 1.962 1.798 1.543 1.308 1.093 0.875 0.586 0.364 0.019 -0.064 1.962 0.882
5.50 3.98 2.040 2.126 2.250 2.389 2.476 2.553 2.626 2.646 2.621 2.532 2.438 2.325 2.195 2.108 1.961 1.797 1.542 1.308 1.093 0.875 0.586 0.364 0.019 -0.063 1.959 0.881
5.50 5.01 2.037 2.123 2.247 2.386 2.473 2.550 2.623 2.643 2.618 2.529 2.435 2.323 2.193 2.106 1.959 1.795 1.541 1.307 1.092 0.874 0.585 0.363 0.018 -0.063 1.957 0.880
5.50 6.31 2.033 2.119 2.243 2.382 2.469 2.546 2.620 2.639 2.614 2.525 2.432 2.319 2.190 2.104 1.957 1.793 1.539 1.305 1.091 0.873 0.584 0.363 0.018 -0.063 1.953 0.878
5.50 7.94 2.028 2.114 2.238 2.377 2.464 2.541 2.614 2.634 2.609 2.520 2.427 2.315 2.186 2.100 1.954 1.791 1.537 1.303 1.089 0.872 0.583 0.361 0.016 -0.064 1.948 0.875
5.50 10.00 2.021 2.107 2.230 2.370 2.457 2.534 2.607 2.627 2.602 2.514 2.421 2.309 2.181 2.095 1.949 1.787 1.533 1.300 1.086 0.870 0.581 0.359 0.014 -0.065 1.941 0.872
5.50 12.59 2.012 2.097 2.221 2.360 2.447 2.524 2.598 2.617 2.593 2.505 2.412 2.301 2.173 2.088 1.943 1.781 1.528 1.296 1.082 0.866 0.578 0.356 0.011 -0.067 1.932 0.866
5.50 15.85 1.999 2.084 2.207 2.347 2.434 2.511 2.585 2.604 2.581 2.493 2.400 2.290 2.163 2.079 1.934 1.773 1.521 1.289 1.076 0.861 0.572 0.350 0.005 -0.071 1.920 0.859
5.50 19.95 1.981 2.065 2.189 2.329 2.417 2.494 2.567 2.587 2.563 2.476 2.384 2.274 2.148 2.065 1.921 1.761 1.511 1.279 1.067 0.852 0.564 0.342 -0.003 -0.078 1.903 0.848
5.50 25.12 1.956 2.041 2.164 2.304 2.392 2.469 2.543 2.563 2.539 2.453 2.361 2.252 2.128 2.046 1.903 1.744 1.495 1.265 1.054 0.840 0.552 0.330 -0.015 -0.089 1.879 0.832
5.50 31.62 1.923 2.007 2.130 2.271 2.359 2.436 2.510 2.529 2.507 2.421 2.330 2.222 2.099 2.019 1.878 1.721 1.473 1.244 1.034 0.821 0.534 0.312 -0.033 -0.105 1.847 0.809
5.50 39.81 1.878 1.961 2.084 2.225 2.313 2.391 2.465 2.484 2.462 2.377 2.288 2.181 2.060 1.982 1.843 1.688 1.443 1.215 1.006 0.795 0.508 0.286 -0.059 -0.130 1.803 0.777
5.50 50.12 1.818 1.900 2.023 2.165 2.254 2.331 2.405 2.425 2.404 2.319 2.231 2.127 2.008 1.933 1.795 1.643 1.401 1.176 0.968 0.759 0.472 0.250 -0.095 -0.164 1.744 0.735
5.50 63.10 1.740 1.821 1.945 2.087 2.176 2.253 2.328 2.348 2.328 2.245 2.159 2.056 1.941 1.869 1.734 1.585 1.346 1.124 0.918 0.711 0.425 0.203 -0.142 -0.209 1.669 0.679
5.50 79.43 1.643 1.723 1.846 1.989 2.080 2.157 2.232 2.252 2.233 2.152 2.068 1.968 1.857 1.789 1.658 1.513 1.278 1.059 0.856 0.652 0.367 0.145 -0.200 -0.265 1.575 0.609
5.50 100.00 1.526 1.604 1.727 1.871 1.963 2.040 2.115 2.136 2.118 2.039 1.958 1.862 1.756 1.693 1.566 1.427 1.198 0.982 0.783 0.582 0.298 0.076 -0.269 -0.332 1.462 0.526
5.50 125.89 1.387 1.463 1.586 1.731 1.824 1.901 1.977 1.999 1.983 1.907 1.829 1.737 1.637 1.581 1.459 1.327 1.105 0.895 0.699 0.503 0.221 -0.001 -0.346 -0.408 1.327 0.430
5.50 158.49 1.226 1.299 1.422 1.568 1.663 1.740 1.816 1.839 1.825 1.753 1.679 1.592 1.501 1.453 1.338 1.214 1.001 0.797 0.607 0.417 0.136 -0.086 -0.431 -0.491 1.171 0.323
5.50 199.53 1.039 1.109 1.231 1.380 1.477 1.554 1.631 1.654 1.643 1.575 1.507 1.427 1.347 1.308 1.202 1.089 0.887 0.692 0.508 0.325 0.046 -0.176 -0.521 -0.579 0.992 0.204
5.50 251.19 0.824 0.890 1.012 1.163 1.262 1.339 1.417 1.442 1.434 1.372 1.310 1.240 1.172 1.146 1.051 0.951 0.763 0.578 0.403 0.230 -0.047 -0.269 -0.614 -0.670 0.785 0.075
5.50 316.23 0.575 0.636 0.757 0.911 1.014 1.091 1.170 1.196 1.193 1.138 1.085 1.025 0.973 0.964 0.883 0.800 0.629 0.457 0.292 0.131 -0.143 -0.365 -0.710 -0.764 0.547 -0.066
5.50 398.11 0.284 0.339 0.459 0.618 0.724 0.801 0.882 0.909 0.912 0.866 0.824 0.778 0.747 0.758 0.694 0.632 0.484 0.328 0.176 0.029 -0.240 -0.462 -0.807 -0.859 0.271 -0.221
5.50 501.19 -0.057 -0.011 0.108 0.272 0.384 0.461 0.544 0.573 0.583 0.549 0.519 0.491 0.486 0.523 0.480 0.445 0.325 0.190 0.054 -0.074 -0.338 -0.560 -0.905 -0.955 -0.053 -0.391
5.50 630.96 -0.462 -0.426 -0.309 -0.138 -0.020 0.057 0.143 0.174 0.194 0.173 0.161 0.155 0.182 0.251 0.236 0.235 0.149 0.040 -0.074 -0.179 -0.437 -0.659 -1.004 -1.052 -0.436 -0.581
5.50 794.33 -0.947 -0.924 -0.808 -0.630 -0.503 -0.426 -0.337 -0.302 -0.272 -0.274 -0.265 -0.243 -0.176 -0.065 -0.046 -0.005 -0.047 -0.123 -0.211 -0.287 -0.536 -0.758 -1.103 -1.149 -0.894 -0.795
5.50 1000.00 -1.532 -1.526 -1.412 -1.223 -1.086 -1.009 -0.916 -0.877 -0.832 -0.812 -0.776 -0.719 -0.600 -0.438 -0.376 -0.282 -0.267 -0.303 -0.358 -0.397 -0.636 -0.858 -1.203 -1.247 -1.443 -1.038
5.75 1.00 2.092 2.177 2.300 2.437 2.525 2.605 2.680 2.703 2.682 2.597 2.505 2.394 2.265 2.178 2.034 1.871 1.620 1.390 1.178 0.963 0.683 0.468 0.136 0.052 2.015 0.954
5.75 1.26 2.092 2.176 2.299 2.437 2.524 2.604 2.680 2.702 2.682 2.597 2.505 2.394 2.264 2.177 2.033 1.871 1.620 1.389 1.178 0.963 0.683 0.468 0.136 0.052 2.014 0.953
5.75 1.58 2.091 2.175 2.299 2.436 2.524 2.604 2.679 2.701 2.681 2.596 2.504 2.393 2.264 2.177 2.033 1.871 1.620 1.389 1.178 0.963 0.683 0.468 0.136 0.052 2.013 0.953
5.75 2.00 2.090 2.174 2.297 2.435 2.523 2.602 2.678 2.700 2.680 2.595 2.503 2.392 2.263 2.176 2.032 1.870 1.619 1.389 1.178 0.963 0.683 0.468 0.136 0.052 2.012 0.953
5.75 2.51 2.088 2.173 2.296 2.433 2.521 2.601 2.676 2.699 2.679 2.594 2.502 2.391 2.262 2.176 2.032 1.870 1.619 1.389 1.178 0.963 0.682 0.468 0.136 0.053 2.011 0.952
5.75 3.16 2.087 2.171 2.294 2.432 2.519 2.599 2.675 2.697 2.677 2.592 2.501 2.390 2.261 2.174 2.031 1.869 1.618 1.388 1.177 0.963 0.682 0.467 0.135 0.053 2.009 0.952
5.75 3.98 2.084 2.169 2.292 2.429 2.517 2.597 2.672 2.695 2.675 2.590 2.499 2.388 2.259 2.173 2.029 1.868 1.617 1.387 1.177 0.962 0.682 0.467 0.135 0.053 2.007 0.951
5.75 5.01 2.081 2.166 2.289 2.426 2.514 2.594 2.669 2.692 2.672 2.587 2.496 2.386 2.257 2.171 2.028 1.867 1.616 1.387 1.176 0.962 0.681 0.466 0.134 0.053 2.004 0.949
5.75 6.31 2.077 2.162 2.285 2.422 2.510 2.590 2.666 2.688 2.668 2.584 2.492 2.382 2.254 2.168 2.025 1.865 1.614 1.385 1.175 0.961 0.680 0.466 0.134 0.053 2.001 0.948
5.75 7.94 2.072 2.156 2.279 2.417 2.505 2.585 2.660 2.683 2.663 2.579 2.488 2.378 2.250 2.165 2.022 1.862 1.612 1.383 1.173 0.959 0.679 0.464 0.132 0.053 1.996 0.945
5.75 10.00 2.065 2.149 2.272 2.410 2.498 2.578 2.653 2.676 2.656 2.572 2.482 2.372 2.245 2.160 2.018 1.858 1.609 1.380 1.170 0.957 0.677 0.462 0.130 0.051 1.989 0.941
5.75 12.59 2.056 2.139 2.262 2.400 2.489 2.568 2.644 2.666 2.647 2.563 2.473 2.364 2.237 2.153 2.011 1.852 1.604 1.376 1.166 0.954 0.673 0.459 0.127 0.049 1.980 0.936
5.75 15.85 2.043 2.126 2.249 2.387 2.476 2.555 2.631 2.654 2.635 2.551 2.461 2.353 2.227 2.144 2.002 1.844 1.597 1.369 1.160 0.948 0.668 0.453 0.121 0.045 1.967 0.929
5.75 19.95 2.025 2.108 2.231 2.369 2.458 2.538 2.613 2.636 2.617 2.534 2.445 2.337 2.212 2.130 1.990 1.832 1.586 1.359 1.151 0.940 0.660 0.445 0.113 0.038 1.950 0.918
5.75 25.12 2.000 2.083 2.206 2.345 2.433 2.513 2.589 2.612 2.593 2.511 2.422 2.315 2.192 2.111 1.972 1.816 1.571 1.345 1.138 0.927 0.648 0.433 0.101 0.027 1.927 0.902
5.75 31.62 1.967 2.049 2.172 2.311 2.400 2.480 2.556 2.579 2.561 2.479 2.391 2.285 2.163 2.084 1.946 1.792 1.549 1.324 1.118 0.909 0.630 0.415 0.083 0.011 1.894 0.879
5.75 39.81 1.922 2.003 2.126 2.265 2.355 2.435 2.511 2.534 2.516 2.435 2.349 2.244 2.124 2.047 1.911 1.759 1.518 1.295 1.090 0.882 0.604 0.389 0.057 -0.014 1.850 0.847
5.75 50.12 1.861 1.942 2.065 2.205 2.295 2.375 2.451 2.474 2.457 2.378 2.292 2.190 2.072 1.998 1.864 1.714 1.476 1.255 1.052 0.846 0.568 0.353 0.021 -0.048 1.792 0.804
5.75 63.10 1.784 1.864 1.986 2.127 2.218 2.297 2.374 2.397 2.382 2.303 2.220 2.119 2.005 1.934 1.802 1.656 1.422 1.204 1.002 0.799 0.521 0.306 -0.026 -0.093 1.717 0.749
5.75 79.43 1.687 1.766 1.888 2.029 2.121 2.201 2.278 2.302 2.287 2.210 2.129 2.031 1.921 1.854 1.726 1.584 1.354 1.139 0.940 0.740 0.463 0.248 -0.084 -0.149 1.623 0.679
5.75 100.00 1.570 1.647 1.769 1.911 2.004 2.084 2.161 2.185 2.172 2.098 2.019 1.925 1.820 1.758 1.634 1.498 1.273 1.062 0.867 0.670 0.394 0.179 -0.153 -0.216 1.509 0.596
5.75 125.89 1.431 1.506 1.628 1.771 1.865 1.945 2.023 2.048 2.036 1.965 1.889 1.800 1.701 1.646 1.527 1.398 1.180 0.975 0.783 0.591 0.316 0.102 -0.230 -0.292 1.375 0.500
5.75 158.49 1.270 1.342 1.463 1.609 1.704 1.784 1.862 1.888 1.879 1.811 1.740 1.655 1.565 1.518 1.406 1.285 1.076 0.877 0.691 0.505 0.232 0.017 -0.315 -0.375 1.219 0.393
5.75 199.53 1.083 1.152 1.273 1.420 1.518 1.598 1.677 1.703 1.697 1.634 1.568 1.491 1.411 1.373 1.271 1.160 0.962 0.772 0.592 0.413 0.142 -0.073 -0.405 -0.463 1.039 0.274
5.75 251.19 0.868 0.933 1.053 1.203 1.303 1.383 1.463 1.491 1.488 1.430 1.371 1.303 1.236 1.211 1.119 1.022 0.838 0.658 0.487 0.317 0.049 -0.166 -0.498 -0.554 0.833 0.145
5.75 316.23 0.619 0.678 0.798 0.951 1.055 1.135 1.216 1.245 1.247 1.196 1.146 1.088 1.037 1.029 0.951 0.871 0.704 0.537 0.376 0.218 -0.047 -0.262 -0.594 -0.648 0.595 0.004
5.75 398.11 0.328 0.381 0.501 0.658 0.765 0.845 0.928 0.959 0.966 0.925 0.885 0.841 0.811 0.823 0.762 0.703 0.559 0.408 0.260 0.117 -0.144 -0.359 -0.691 -0.743 0.318 -0.151
5.75 501.19 -0.013 0.032 0.150 0.312 0.425 0.505 0.590 0.622 0.637 0.607 0.580 0.554 0.550 0.588 0.548 0.516 0.400 0.270 0.138 0.014 -0.242 -0.457 -0.789 -0.839 -0.006 -0.321
5.75 630.96 -0.418 -0.384 -0.267 -0.098 0.021 0.101 0.189 0.224 0.248 0.232 0.222 0.218 0.246 0.316 0.304 0.306 0.225 0.120 0.010 -0.092 -0.341 -0.556 -0.888 -0.936 -0.389 -0.511
5.75 794.33 -0.903 -0.882 -0.767 -0.590 -0.462 -0.382 -0.291 -0.253 -0.218 -0.216 -0.204 -0.180 -0.112 -0.000 0.022 0.066 0.029 -0.043 -0.127 -0.199 -0.440 -0.655 -0.987 -1.033 -0.846 -0.725
5.75 1000.00 -1.488 -1.483 -1.370 -1.183 -1.045 -0.965 -0.870 -0.828 -0.778 -0.753 -0.715 -0.656 -0.536 -0.373 -0.308 -0.210 -0.192 -0.223 -0.274 -0.309 -0.540 -0.755 -1.087 -1.131 -1.396 -0.968
6.00 1.00 2.136 2.219 2.342 2.478 2.566 2.649 2.726 2.752 2.736 2.655 2.566 2.457 2.329 2.243 2.102 1.943 1.695 1.469 1.262 1.051 0.779 0.571 0.252 0.169 2.062 1.024
6.00 1.26 2.136 2.219 2.341 2.477 2.566 2.648 2.726 2.751 2.736 2.655 2.566 2.457 2.328 2.242 2.101 1.942 1.695 1.469 1.262 1.051 0.779 0.571 0.252 0.169 2.062 1.023
6.00 1.58 2.135 2.218 2.340 2.476 2.565 2.648 2.725 2.750 2.735 2.654 2.565 2.456 2.328 2.242 2.101 1.942 1.695 1.469 1.262 1.051 0.778 0.571 0.252 0.169 2.061 1.023
6.00 2.00 2.134 2.217 2.339 2.475 2.564 2.647 2.724 2.749 2.734 2.653 2.564 2.455 2.327 2.241 2.101 1.942 1.695 1.469 1.262 1.051 0.778 0.571 0.252 0.169 2.060 1.023
6.00 2.51 2.132 2.215 2.338 2.474 2.562 2.645 2.722 2.748 2.733 2.652 2.563 2.454 2.326 2.241 2.100 1.941 1.694 1.469 1.262 1.050 0.778 0.571 0.252 0.169 2.059 1.022
6.00 3.16 2.131 2.214 2.336 2.472 2.561 2.643 2.721 2.746 2.731 2.650 2.561 2.453 2.325 2.239 2.099 1.940 1.694 1.468 1.261 1.050 0.778 0.570 0.251 0.170 2.057 1.021
6.00 3.98 2.128 2.211 2.334 2.469 2.558 2.641 2.718 2.744 2.729 2.648 2.559 2.451 2.323 2.238 2.098 1.939 1.693 1.467 1.261 1.050 0.778 0.570 0.251 0.170 2.055 1.021
6.00 5.01 2.125 2.208 2.331 2.466 2.555 2.638 2.715 2.741 2.726 2.645 2.557 2.449 2.321 2.236 2.096 1.938 1.692 1.466 1.260 1.049 0.777 0.569 0.250 0.170 2.052 1.019
6.00 6.31 2.121 2.204 2.327 2.462 2.552 2.634 2.712 2.737 2.722 2.642 2.553 2.445 2.318 2.233 2.094 1.936 1.690 1.465 1.259 1.048 0.776 0.569 0.250 0.170 2.048 1.018
6.00 7.94 2.116 2.199 2.321 2.457 2.546 2.629 2.706 2.732 2.717 2.637 2.549 2.441 2.314 2.230 2.090 1.933 1.688 1.463 1.257 1.047 0.775 0.567 0.248 0.169 2.043 1.015
6.00 10.00 2.109 2.192 2.314 2.450 2.539 2.622 2.699 2.725 2.710 2.630 2.542 2.435 2.309 2.225 2.086 1.929 1.684 1.460 1.254 1.044 0.773 0.565 0.246 0.168 2.037 1.011
6.00 12.59 2.100 2.182 2.304 2.440 2.530 2.613 2.690 2.716 2.701 2.621 2.534 2.427 2.301 2.218 2.080 1.923 1.679 1.456 1.250 1.041 0.769 0.562 0.243 0.166 2.028 1.006
6.00 15.85 2.087 2.169 2.291 2.427 2.517 2.600 2.677 2.703 2.688 2.609 2.522 2.416 2.291 2.209 2.071 1.915 1.672 1.449 1.244 1.035 0.764 0.556 0.237 0.161 2.015 0.999
6.00 19.95 2.069 2.150 2.273 2.409 2.499 2.582 2.659 2.685 2.671 2.592 2.506 2.400 2.276 2.195 2.058 1.904 1.661 1.439 1.235 1.027 0.756 0.548 0.229 0.155 1.998 0.988
6.00 25.12 2.044 2.126 2.248 2.385 2.475 2.557 2.635 2.661 2.647 2.569 2.483 2.378 2.256 2.176 2.040 1.887 1.646 1.425 1.222 1.015 0.744 0.536 0.217 0.144 1.974 0.972
6.00 31.62 2.011 2.092 2.214 2.351 2.441 2.524 2.602 2.628 2.614 2.537 2.452 2.348 2.227 2.149 2.014 1.863 1.624 1.404 1.202 0.996 0.725 0.518 0.199 0.127 1.942 0.949
6.00 39.81 1.966 2.046 2.168 2.305 2.396 2.479 2.557 2.583 2.570 2.494 2.410 2.307 2.188 2.112 1.979 1.830 1.593 1.375 1.174 0.970 0.699 0.492 0.173 0.103 1.898 0.917
6.00 50.12 1.905 1.985 2.107 2.245 2.336 2.419 2.497 2.523 2.511 2.436 2.353 2.253 2.136 2.063 1.932 1.786 1.551 1.335 1.136 0.933 0.664 0.456 0.137 0.068 1.840 0.874
6.00 63.10 1.828 1.906 2.028 2.167 2.259 2.341 2.420 2.447 2.435 2.362 2.280 2.182 2.069 1.999 1.871 1.728 1.497 1.284 1.086 0.886 0.617 0.409 0.090 0.023 1.765 0.818
6.00 79.43 1.731 1.808 1.930 2.069 2.162 2.245 2.324 2.351 2.341 2.269 2.190 2.094 1.985 1.919 1.794 1.655 1.429 1.219 1.024 0.827 0.559 0.351 0.032 -0.033 1.671 0.749
6.00 100.00 1.614 1.689 1.811 1.951 2.045 2.128 2.207 2.235 2.226 2.156 2.080 1.988 1.884 1.823 1.702 1.569 1.348 1.142 0.951 0.757 0.490 0.282 -0.037 -0.100 1.557 0.666
6.00 125.89 1.475 1.548 1.670 1.812 1.907 1.989 2.069 2.097 2.090 2.023 1.950 1.863 1.765 1.711 1.596 1.469 1.255 1.054 0.867 0.678 0.412 0.205 -0.114 -0.176 1.423 0.570
6.00 158.49 1.314 1.384 1.505 1.649 1.745 1.828 1.908 1.937 1.933 1.869 1.800 1.718 1.629 1.583 1.475 1.356 1.152 0.957 0.775 0.592 0.328 0.120 -0.199 -0.259 1.267 0.462
6.00 199.53 1.127 1.194 1.315 1.460 1.559 1.642 1.723 1.753 1.751 1.692 1.629 1.554 1.475 1.438 1.339 1.231 1.038 0.851 0.676 0.500 0.238 0.030 -0.289 -0.346 1.087 0.344
6.00 251.19 0.912 0.975 1.095 1.243 1.345 1.427 1.509 1.540 1.542 1.489 1.432 1.366 1.300 1.276 1.188 1.094 0.914 0.738 0.571 0.404 0.145 -0.063 -0.382 -0.438 0.881 0.215
6.00 316.23 0.663 0.721 0.840 0.992 1.096 1.179 1.262 1.294 1.301 1.255 1.206 1.151 1.101 1.094 1.019 0.942 0.780 0.617 0.460 0.306 0.049 -0.159 -0.478 -0.532 0.642 0.073
6.00 398.11 0.372 0.424 0.542 0.698 0.806 0.889 0.974 1.008 1.020 0.983 0.945 0.904 0.875 0.888 0.830 0.775 0.634 0.488 0.344 0.204 -0.048 -0.256 -0.575 -0.627 0.366 -0.081
6.00 501.19 0.031 0.074 0.192 0.352 0.466 0.549 0.636 0.671 0.691 0.665 0.641 0.617 0.614 0.653 0.617 0.588 0.475 0.349 0.222 0.101 -0.146 -0.354 -0.673 -0.723 0.042 -0.251
6.00 630.96 -0.374 -0.341 -0.225 -0.058 0.062 0.145 0.235 0.273 0.301 0.290 0.283 0.281 0.310 0.381 0.372 0.377 0.300 0.200 0.094 -0.004 -0.245 -0.453 -0.772 -0.820 -0.341 -0.441
6.00 794.33 -0.859 -0.839 -0.725 -0.549 -0.421 -0.338 -0.245 -0.204 -0.164 -0.157 -0.143 -0.117 -0.048 0.065 0.090 0.137 0.104 0.037 -0.043 -0.112 -0.344 -0.552 -0.871 -0.917 -0.798 -0.655
6.00 1000.00 -1.444 -1.441 -1.328 -1.143 -1.004 -0.921 -0.824 -0.778 -0.724 -0.695 -0.654 -0.593 -0.472 -0.308 -0.240 -0.139 -0.117 -0.143 -0.190 -0.222 -0.444 -0.652 -0.971 -1.015 -1.348 -0.898
6.25 1.00 2.180 2.262 2.384 2.518 2.608 2.693 2.772 2.801 2.790 2.714 2.627 2.520 2.393 2.308 2.170 2.014 1.771 1.549 1.346 1.138 0.874 0.674 0.368 0.285 2.110 1.093
6.25 1.26 2.180 2.261 2.383 2.517 2.607 2.692 2.772 2.800 2.789 2.713 2.627 2.520 2.392 2.307 2.170 2.014 1.771 1.549 1.346 1.138 0.874 0.674 0.368 0.286 2.109 1.093
6.25 1.58 2.179 2.260 2.382 2.516 2.606 2.692 2.771 2.800 2.789 2.712 2.626 2.519 2.392 2.307 2.169 2.013 1.770 1.549 1.346 1.138 0.874 0.674 0.368 0.286 2.109 1.093
6.25 2.00 2.178 2.259 2.381 2.515 2.605 2.691 2.770 2.799 2.788 2.711 2.625 2.518 2.391 2.306 2.169 2.013 1.770 1.549 1.346 1.138 0.874 0.674 0.368 0.286 2.108 1.093
6.25 2.51 2.176 2.258 2.380 2.514 2.604 2.689 2.768 2.797 2.786 2.710 2.624 2.517 2.390 2.305 2.168 2.012 1.769 1.548 1.346 1.138 0.874 0.674 0.368 0.286 2.106 1.092
6.25 3.16 2.175 2.256 2.378 2.512 2.602 2.688 2.767 2.796 2.785 2.709 2.622 2.516 2.389 2.304 2.167 2.012 1.769 1.548 1.345 1.138 0.874 0.673 0.367 0.286 2.105 1.091
6.25 3.98 2.172 2.254 2.375 2.510 2.600 2.685 2.764 2.793 2.782 2.706 2.620 2.514 2.387 2.303 2.166 2.011 1.768 1.547 1.345 1.137 0.874 0.673 0.367 0.286 2.103 1.090
6.25 5.01 2.169 2.251 2.372 2.507 2.597 2.682 2.761 2.790 2.780 2.704 2.618 2.512 2.385 2.301 2.164 2.009 1.767 1.546 1.344 1.137 0.873 0.672 0.366 0.286 2.100 1.089
6.25 6.31 2.165 2.247 2.368 2.503 2.593 2.678 2.757 2.786 2.776 2.700 2.614 2.508 2.382 2.298 2.162 2.007 1.765 1.545 1.343 1.136 0.872 0.672 0.366 0.286 2.096 1.087
6.25 7.94 2.160 2.241 2.363 2.497 2.588 2.673 2.752 2.781 2.771 2.695 2.610 2.504 2.378 2.295 2.159 2.004 1.763 1.543 1.341 1.134 0.871 0.670 0.364 0.286 2.091 1.085
6.25 10.00 2.153 2.234 2.356 2.490 2.581 2.666 2.745 2.774 2.764 2.689 2.603 2.498 2.373 2.290 2.154 2.000 1.759 1.540 1.338 1.132 0.869 0.668 0.362 0.284 2.084 1.081
6.25 12.59 2.144 2.224 2.346 2.481 2.571 2.657 2.736 2.765 2.755 2.680 2.595 2.490 2.365 2.283 2.148 1.995 1.755 1.536 1.334 1.128 0.865 0.665 0.359 0.282 2.075 1.076
6.25 15.85 2.131 2.211 2.333 2.467 2.558 2.644 2.723 2.752 2.742 2.668 2.583 2.479 2.355 2.273 2.139 1.987 1.747 1.529 1.328 1.123 0.860 0.659 0.353 0.278 2.063 1.068
6.25 19.95 2.113 2.193 2.314 2.449 2.540 2.626 2.705 2.735 2.725 2.651 2.567 2.463 2.340 2.260 2.126 1.975 1.737 1.519 1.319 1.115 0.852 0.651 0.345 0.271 2.046 1.057
6.25 25.12 2.088 2.168 2.289 2.425 2.516 2.601 2.681 2.710 2.701 2.627 2.544 2.441 2.320 2.241 2.108 1.958 1.721 1.505 1.306 1.102 0.839 0.639 0.333 0.260 2.022 1.042
6.25 31.62 2.055 2.134 2.255 2.391 2.482 2.568 2.648 2.677 2.668 2.595 2.513 2.411 2.291 2.214 2.083 1.935 1.699 1.484 1.286 1.084 0.821 0.621 0.315 0.243 1.990 1.019
6.25 39.81 2.009 2.088 2.209 2.345 2.437 2.523 2.603 2.632 2.624 2.552 2.470 2.370 2.252 2.177 2.047 1.901 1.669 1.455 1.258 1.057 0.795 0.595 0.289 0.219 1.946 0.987
6.25 50.12 1.949 2.027 2.148 2.285 2.377 2.463 2.543 2.573 2.565 2.494 2.414 2.316 2.200 2.128 2.000 1.857 1.627 1.415 1.220 1.021 0.760 0.559 0.253 0.185 1.888 0.944
6.25 63.10 1.872 1.949 2.070 2.207 2.300 2.386 2.466 2.496 2.489 2.420 2.341 2.245 2.133 2.064 1.939 1.799 1.572 1.363 1.170 0.973 0.713 0.512 0.206 0.139 1.812 0.888
6.25 79.43 1.775 1.851 1.972 2.110 2.203 2.289 2.370 2.400 2.395 2.327 2.250 2.157 2.049 1.984 1.862 1.727 1.505 1.299 1.108 0.915 0.655 0.454 0.148 0.083 1.718 0.819
6.25 100.00 1.658 1.732 1.852 1.991 2.086 2.172 2.253 2.284 2.280 2.214 2.141 2.051 1.948 1.888 1.771 1.640 1.424 1.222 1.035 0.845 0.586 0.385 0.079 0.016 1.605 0.736
6.25 125.89 1.519 1.591 1.711 1.852 1.948 2.033 2.115 2.146 2.144 2.081 2.011 1.926 1.829 1.775 1.664 1.540 1.331 1.134 0.951 0.766 0.508 0.308 0.002 -0.060 1.470 0.640
6.25 158.49 1.358 1.427 1.547 1.689 1.787 1.872 1.954 1.986 1.986 1.927 1.861 1.781 1.693 1.647 1.543 1.428 1.227 1.037 0.859 0.680 0.424 0.223 -0.083 -0.143 1.314 0.532
6.25 199.53 1.171 1.237 1.357 1.501 1.600 1.686 1.769 1.802 1.805 1.750 1.690 1.617 1.539 1.503 1.407 1.303 1.113 0.931 0.760 0.588 0.334 0.133 -0.173 -0.230 1.135 0.414
6.25 251.19 0.956 1.018 1.137 1.283 1.386 1.471 1.555 1.589 1.596 1.547 1.493 1.429 1.364 1.341 1.256 1.165 0.989 0.818 0.655 0.492 0.241 0.040 -0.266 -0.322 0.928 0.284
6.25 316.23 0.707 0.763 0.882 1.032 1.137 1.223 1.308 1.343 1.354 1.313 1.267 1.214 1.165 1.159 1.088 1.013 0.855 0.697 0.544 0.393 0.145 -0.056 -0.362 -0.415 0.690 0.143
6.25 398.11 0.416 0.466 0.584 0.738 0.848 0.933 1.020 1.057 1.074 1.041 1.006 0.967 0.939 0.953 0.899 0.846 0.710 0.568 0.428 0.292 0.048 -0.153 -0.459 -0.511 0.414 -0.011
6.25 501.19 0.075 0.117 0.233 0.392 0.507 0.593 0.682 0.721 0.745 0.723 0.702 0.680 0.678 0.718 0.685 0.659 0.551 0.429 0.306 0.188 -0.050 -0.251 -0.557 -0.607 0.090 -0.182
6.25 630.96 -0.330 -0.299 -0.184 -0.018 0.103 0.189 0.281 0.322 0.355 0.348 0.344 0.344 0.374 0.446 0.441 0.449 0.375 0.280 0.178 0.083 -0.149 -0.350 -0.656 -0.704 -0.293 -0.371
6.25 794.33 -0.815 -0.797 -0.683 -0.509 -0.380 -0.294 -0.199 -0.155 -0.110 -0.099 -0.082 -0.054 0.016 0.130 0.158 0.209 0.180 0.117 0.041 -0.024 -0.249 -0.449 -0.755 -0.801 -0.750 -0.585
6.25 1000.00 -1.400 -1.398 -1.287 -1.103 -0.963 -0.877 -0.778 -0.729 -0.670 -0.637 -0.593 -0.530 -0.408 -0.243 -0.171 -0.068 -0.041 -0.063 -0.106 -0.134 -0.348 -0.549 -0.855 -0.899 -1.300 -0.828
6.50 1.00 2.224 2.304 2.425 2.558 2.649 2.737 2.818 2.850 2.844 2.772 2.688 2.584 2.457 2.373 2.238 2.085 1.846 1.629 1.430 1.226 0.970 0.777 0.484 0.402 2.158 1.163
6.50 1.26 2.224 2.304 2.425 2.557 2.648 2.737 2.818 2.850 2.843 2.771 2.688 2.583 2.456 2.372 2.238 2.085 1.846 1.629 1.430 1.226 0.970 0.777 0.484 0.402 2.157 1.163
6.50 1.58 2.223 2.303 2.424 2.556 2.647 2.736 2.817 2.849 2.843 2.771 2.687 2.582 2.456 2.372 2.238 2.085 1.846 1.629 1.430 1.226 0.970 0.777 0.484 0.403 2.156 1.163
6.50 2.00 2.222 2.302 2.423 2.555 2.646 2.735 2.816 2.848 2.841 2.770 2.686 2.582 2.455 2.371 2.237 2.084 1.845 1.629 1.430 1.225 0.970 0.777 0.484 0.403 2.155 1.162
6.50 2.51 2.220 2.300 2.421 2.554 2.645 2.733 2.814 2.846 2.840 2.768 2.685 2.580 2.454 2.370 2.236 2.084 1.845 1.628 1.430 1.225 0.970 0.777 0.484 0.403 2.154 1.162
6.50 3.16 2.219 2.299 2.419 2.552 2.643 2.732 2.813 2.845 2.839 2.767 2.683 2.579 2.453 2.369 2.235 2.083 1.844 1.628 1.429 1.225 0.970 0.776 0.483 0.403 2.152 1.161
6.50 3.98 2.216 2.296 2.417 2.550 2.641 2.729 2.810 2.843 2.836 2.765 2.681 2.577 2.451 2.368 2.234 2.082 1.843 1.627 1.429 1.225 0.969 0.776 0.483 0.403 2.150 1.160
6.50 5.01 2.213 2.293 2.414 2.547 2.638 2.726 2.807 2.840 2.833 2.762 2.679 2.575 2.449 2.366 2.232 2.080 1.842 1.626 1.428 1.224 0.969 0.775 0.482 0.403 2.147 1.159
6.50 6.31 2.209 2.289 2.410 2.543 2.634 2.722 2.803 2.836 2.830 2.758 2.675 2.571 2.446 2.363 2.230 2.078 1.841 1.625 1.427 1.223 0.968 0.775 0.482 0.403 2.144 1.157
6.50 7.94 2.204 2.284 2.405 2.537 2.629 2.717 2.798 2.831 2.825 2.753 2.670 2.567 2.442 2.360 2.227 2.076 1.838 1.623 1.425 1.222 0.967 0.773 0.480 0.402 2.139 1.155
6.50 10.00 2.197 2.277 2.397 2.530 2.622 2.710 2.791 2.824 2.818 2.747 2.664 2.561 2.437 2.355 2.222 2.072 1.835 1.620 1.422 1.219 0.964 0.771 0.478 0.401 2.132 1.151
6.50 12.59 2.188 2.267 2.388 2.521 2.612 2.701 2.782 2.814 2.809 2.738 2.656 2.553 2.429 2.348 2.216 2.066 1.830 1.615 1.418 1.216 0.961 0.768 0.475 0.398 2.123 1.146
6.50 15.85 2.175 2.254 2.374 2.508 2.599 2.688 2.769 2.801 2.796 2.726 2.644 2.542 2.419 2.338 2.207 2.058 1.823 1.609 1.412 1.210 0.956 0.762 0.469 0.394 2.111 1.138
6.50 19.95 2.157 2.235 2.356 2.490 2.582 2.670 2.751 2.784 2.779 2.709 2.627 2.526 2.404 2.325 2.194 2.046 1.812 1.599 1.403 1.202 0.948 0.754 0.461 0.387 2.093 1.127
6.50 25.12 2.132 2.211 2.331 2.465 2.557 2.646 2.727 2.760 2.755 2.686 2.605 2.504 2.384 2.306 2.176 2.030 1.797 1.585 1.390 1.189 0.935 0.742 0.449 0.376 2.070 1.111
6.50 31.62 2.099 2.177 2.297 2.431 2.524 2.612 2.694 2.726 2.722 2.654 2.574 2.474 2.355 2.279 2.151 2.006 1.775 1.564 1.370 1.171 0.917 0.724 0.431 0.359 2.037 1.089
6.50 39.81 2.053 2.131 2.251 2.385 2.478 2.567 2.649 2.681 2.678 2.610 2.531 2.433 2.316 2.242 2.116 1.973 1.744 1.535 1.342 1.145 0.891 0.698 0.405 0.335 1.994 1.057
6.50 50.12 1.993 2.070 2.190 2.325 2.419 2.507 2.589 2.622 2.619 2.552 2.475 2.379 2.264 2.193 2.068 1.928 1.702 1.495 1.304 1.108 0.855 0.662 0.369 0.301 1.935 1.014
6.50 63.10 1.916 1.991 2.111 2.247 2.341 2.430 2.512 2.545 2.543 2.478 2.402 2.308 2.197 2.129 2.007 1.870 1.648 1.443 1.254 1.061 0.809 0.615 0.322 0.256 1.860 0.958
6.50 79.43 1.819 1.893 2.013 2.150 2.245 2.333 2.416 2.449 2.448 2.385 2.311 2.220 2.113 2.049 1.931 1.798 1.580 1.379 1.192 1.002 0.750 0.557 0.264 0.199 1.766 0.889
6.50 100.00 1.702 1.774 1.894 2.032 2.128 2.216 2.299 2.333 2.334 2.273 2.201 2.114 2.012 1.953 1.839 1.712 1.499 1.302 1.119 0.932 0.682 0.488 0.195 0.132 1.652 0.805
6.50 125.89 1.563 1.633 1.753 1.892 1.989 2.077 2.161 2.196 2.198 2.140 2.072 1.989 1.893 1.840 1.732 1.612 1.406 1.214 1.035 0.853 0.604 0.411 0.118 0.056 1.518 0.710
6.50 158.49 1.402 1.469 1.589 1.729 1.828 1.916 2.000 2.036 2.040 1.986 1.922 1.844 1.757 1.712 1.611 1.499 1.302 1.117 0.943 0.767 0.519 0.326 0.033 -0.026 1.362 0.602
6.50 199.53 1.215 1.279 1.398 1.541 1.642 1.730 1.815 1.851 1.859 1.809 1.750 1.680 1.603 1.568 1.475 1.374 1.188 1.011 0.844 0.675 0.430 0.236 -0.057 -0.114 1.182 0.484
6.50 251.19 1.000 1.060 1.178 1.323 1.427 1.515 1.601 1.639 1.650 1.605 1.554 1.492 1.428 1.406 1.324 1.236 1.065 0.898 0.739 0.579 0.336 0.143 -0.150 -0.206 0.976 0.354
6.50 316.23 0.751 0.806 0.924 1.072 1.179 1.267 1.354 1.393 1.408 1.371 1.328 1.277 1.229 1.224 1.156 1.085 0.931 0.777 0.628 0.480 0.241 0.047 -0.246 -0.299 0.738 0.213
6.50 398.11 0.460 0.509 0.626 0.778 0.889 0.977 1.066 1.106 1.128 1.099 1.067 1.030 1.003 1.018 0.967 0.917 0.785 0.648 0.512 0.379 0.144 -0.050 -0.343 -0.395 0.461 0.059
6.50 501.19 0.119 0.159 0.275 0.432 0.549 0.637 0.728 0.770 0.799 0.782 0.763 0.743 0.742 0.783 0.753 0.730 0.626 0.509 0.390 0.276 0.045 -0.148 -0.441 -0.491 0.137 -0.112
6.50 630.96 -0.286 -0.256 -0.142 0.022 0.145 0.233 0.327 0.371 0.409 0.406 0.404 0.407 0.438 0.511 0.509 0.520 0.451 0.360 0.262 0.170 -0.053 -0.247 -0.540 -0.588 -0.246 -0.301
6.50 794.33 -0.771 -0.754 -0.641 -0.469 -0.338 -0.250 -0.153 -0.105 -0.056 -0.041 -0.022 0.009 0.080 0.195 0.227 0.280 0.255 0.197 0.125 0.063 -0.153 -0.346 -0.639 -0.685 -0.703 -0.515
6.50 1000.00 -1.356 -1.356 -1.245 -1.062 -0.921 -0.833 -0.732 -0.680 -0.616 -0.578 -0.533 -0.467 -0.344 -0.178 -0.103 0.004 0.034 0.017 -0.022 -0.047 -0.252 -0.446 -0.739 -0.783 -1.253 -0.759
6.75 1.00 2.268 2.347 2.467 2.598 2.690 2.781 2.864 2.900 2.898 2.830 2.749 2.647 2.521 2.438 2.307 2.157 1.921 1.709 1.514 1.313 1.066 0.880 0.600 0.519 2.205 1.233
6.75 1.26 2.268 2.346 2.466 2.597 2.689 2.781 2.864 2.899 2.897 2.830 2.748 2.646 2.521 2.437 2.306 2.156 1.921 1.709 1.514 1.313 1.066 0.880 0.600 0.519 2.205 1.233
6.75 1.58 2.267 2.345 2.465 2.596 2.689 2.780 2.863 2.898 2.896 2.829 2.748 2.645 2.520 2.437 2.306 2.156 1.921 1.709 1.514 1.313 1.066 0.880 0.600 0.519 2.204 1.233
6.75 2.00 2.266 2.344 2.464 2.595 2.688 2.779 2.862 2.897 2.895 2.828 2.747 2.645 2.519 2.436 2.305 2.156 1.921 1.709 1.514 1.313 1.066 0.880 0.600 0.519 2.203 1.232
6.75 2.51 2.264 2.343 2.463 2.594 2.686 2.777 2.860 2.896 2.894 2.827 2.746 2.644 2.518 2.435 2.305 2.155 1.920 1.708 1.514 1.313 1.066 0.879 0.600 0.520 2.202 1.232
6.75 3.16 2.263 2.341 2.461 2.592 2.684 2.776 2.859 2.894 2.892 2.825 2.744 2.642 2.517 2.434 2.304 2.154 1.920 1.708 1.513 1.312 1.066 0.879 0.599 0.520 2.200 1.231
6.75 3.98 2.260 2.339 2.459 2.590 2.682 2.773 2.856 2.892 2.890 2.823 2.742 2.640 2.515 2.433 2.302 2.153 1.919 1.707 1.513 1.312 1.065 0.879 0.599 0.520 2.198 1.230
6.75 5.01 2.257 2.336 2.456 2.587 2.679 2.770 2.853 2.889 2.887 2.820 2.739 2.638 2.513 2.431 2.301 2.152 1.918 1.706 1.512 1.311 1.065 0.878 0.599 0.520 2.195 1.229
6.75 6.31 2.253 2.332 2.452 2.583 2.675 2.766 2.849 2.885 2.884 2.817 2.736 2.635 2.510 2.428 2.298 2.150 1.916 1.705 1.511 1.311 1.064 0.877 0.598 0.519 2.191 1.227
6.75 7.94 2.248 2.326 2.446 2.577 2.670 2.761 2.844 2.880 2.878 2.812 2.731 2.630 2.506 2.425 2.295 2.147 1.914 1.703 1.509 1.309 1.062 0.876 0.596 0.519 2.186 1.225
6.75 10.00 2.241 2.319 2.439 2.570 2.663 2.754 2.837 2.873 2.872 2.805 2.725 2.624 2.501 2.420 2.291 2.143 1.910 1.700 1.506 1.307 1.060 0.874 0.594 0.517 2.180 1.221
6.75 12.59 2.232 2.309 2.429 2.561 2.654 2.745 2.828 2.863 2.863 2.796 2.716 2.616 2.493 2.413 2.284 2.137 1.905 1.695 1.502 1.303 1.057 0.871 0.591 0.515 2.171 1.216
6.75 15.85 2.219 2.296 2.416 2.548 2.641 2.732 2.815 2.851 2.850 2.784 2.705 2.605 2.483 2.403 2.275 2.129 1.898 1.689 1.496 1.298 1.052 0.865 0.585 0.511 2.158 1.208
6.75 19.95 2.201 2.278 2.398 2.530 2.623 2.714 2.797 2.833 2.833 2.767 2.688 2.589 2.468 2.390 2.263 2.118 1.888 1.679 1.487 1.289 1.043 0.857 0.577 0.504 2.141 1.197
6.75 25.12 2.176 2.253 2.373 2.505 2.598 2.690 2.773 2.809 2.809 2.744 2.666 2.567 2.448 2.371 2.245 2.101 1.872 1.665 1.474 1.277 1.031 0.845 0.565 0.493 2.118 1.181
6.75 31.62 2.143 2.219 2.339 2.471 2.565 2.656 2.740 2.776 2.776 2.712 2.635 2.537 2.419 2.344 2.219 2.077 1.850 1.644 1.454 1.258 1.013 0.827 0.547 0.476 2.085 1.159
6.75 39.81 2.097 2.173 2.293 2.426 2.520 2.611 2.695 2.731 2.732 2.668 2.592 2.496 2.380 2.307 2.184 2.044 1.819 1.615 1.426 1.232 0.987 0.801 0.521 0.451 2.041 1.127
6.75 50.12 2.037 2.112 2.232 2.365 2.460 2.551 2.635 2.671 2.673 2.611 2.536 2.442 2.328 2.258 2.137 1.999 1.778 1.575 1.388 1.196 0.951 0.765 0.485 0.417 1.983 1.084
6.75 63.10 1.960 2.034 2.153 2.287 2.383 2.474 2.558 2.594 2.597 2.536 2.463 2.371 2.261 2.194 2.075 1.942 1.723 1.523 1.338 1.148 0.905 0.718 0.438 0.372 1.908 1.028
6.75 79.43 1.863 1.936 2.055 2.190 2.286 2.377 2.462 2.499 2.502 2.443 2.372 2.283 2.177 2.114 1.999 1.869 1.655 1.459 1.276 1.089 0.846 0.660 0.380 0.315 1.814 0.958
6.75 100.00 1.746 1.817 1.936 2.072 2.169 2.260 2.345 2.382 2.387 2.331 2.262 2.177 2.076 2.018 1.907 1.783 1.574 1.382 1.203 1.020 0.778 0.591 0.311 0.248 1.700 0.875
6.75 125.89 1.607 1.676 1.795 1.932 2.030 2.122 2.207 2.245 2.252 2.198 2.133 2.052 1.957 1.905 1.800 1.683 1.482 1.294 1.119 0.941 0.700 0.514 0.234 0.172 1.566 0.780
6.75 158.49 1.446 1.512 1.630 1.769 1.869 1.960 2.046 2.085 2.094 2.044 1.983 1.908 1.821 1.777 1.679 1.570 1.378 1.197 1.027 0.854 0.615 0.429 0.149 0.090 1.410 0.672
6.75 199.53 1.259 1.322 1.440 1.581 1.683 1.774 1.861 1.900 1.912 1.867 1.811 1.743 1.667 1.633 1.544 1.445 1.264 1.091 0.928 0.763 0.526 0.339 0.059 0.002 1.230 0.554
6.75 251.19 1.044 1.103 1.220 1.364 1.468 1.559 1.647 1.688 1.703 1.664 1.615 1.555 1.492 1.471 1.392 1.308 1.140 0.978 0.823 0.667 0.432 0.246 -0.034 -0.090 1.024 0.424
6.75 316.23 0.795 0.848 0.965 1.112 1.220 1.311 1.400 1.442 1.462 1.429 1.389 1.340 1.293 1.289 1.224 1.156 1.006 0.857 0.712 0.568 0.337 0.150 -0.129 -0.183 0.786 0.283
6.75 398.11 0.504 0.551 0.667 0.818 0.930 1.021 1.112 1.156 1.182 1.158 1.128 1.093 1.067 1.083 1.035 0.988 0.860 0.728 0.596 0.467 0.240 0.053 -0.227 -0.279 0.509 0.129
6.75 501.19 0.163 0.202 0.317 0.473 0.590 0.681 0.774 0.819 0.852 0.840 0.824 0.806 0.806 0.848 0.821 0.802 0.701 0.589 0.474 0.363 0.141 -0.045 -0.325 -0.375 0.185 -0.042
6.75 630.96 -0.242 -0.214 -0.100 0.062 0.186 0.277 0.373 0.421 0.463 0.465 0.465 0.470 0.502 0.576 0.577 0.591 0.526 0.440 0.346 0.258 0.042 -0.144 -0.424 -0.472 -0.198 -0.232
6.75 794.33 -0.727 -0.712 -0.600 -0.429 -0.297 -0.206 -0.107 -0.056 -0.002 0.017 0.039 0.072 0.144 0.260 0.295 0.351 0.330 0.277 0.209 0.150 -0.057 -0.243 -0.523 -0.569 -0.655 -0.445
6.75 1000.00 -1.312 -1.313 -1.203 -1.022 -0.880 -0.789 -0.686 -0.631 -0.563 -0.520 -0.472 -0.404 -0.280 -0.113 -0.035 0.075 0.109 0.097 0.062 0.041 -0.156 -0.343 -0.623 -0.667 -1.205 -0.689
7.00 1.00 2.312 2.389 2.509 2.638 2.731 2.825 2.910 2.949 2.952 2.889 2.810 2.710 2.585 2.503 2.375 2.228 1.997 1.789 1.598 1.401 1.162 0.983 0.716 0.636 2.253 1.303
7.00 1.26 2.312 2.389 2.508 2.637 2.731 2.825 2.909 2.948 2.951 2.888 2.809 2.709 2.585 2.502 2.374 2.228 1.997 1.789 1.598 1.400 1.162 0.983 0.716 0.636 2.253 1.303
7.00 1.58 2.311 2.388 2.507 2.636 2.730 2.824 2.909 2.947 2.950 2.887 2.809 2.708 2.584 2.502 2.374 2.227 1.996 1.789 1.598 1.400 1.162 0.983 0.716 0.636 2.252 1.303
7.00 2.00 2.310 2.387 2.506 2.635 2.729 2.823 2.908 2.946 2.949 2.886 2.808 2.708 2.583 2.501 2.374 2.227 1.996 1.789 1.598 1.400 1.162 0.983 0.716 0.636 2.251 1.302
7.00 2.51 2.308 2.385 2.505 2.634 2.727 2.821 2.906 2.945 2.948 2.885 2.806 2.707 2.582 2.500 2.373 2.226 1.996 1.788 1.598 1.400 1.162 0.982 0.716 0.636 2.249 1.302
7.00 3.16 2.307 2.384 2.503 2.632 2.726 2.820 2.905 2.943 2.946 2.883 2.805 2.705 2.581 2.499 2.372 2.225 1.995 1.788 1.597 1.400 1.162 0.982 0.715 0.636 2.248 1.301
7.00 3.98 2.304 2.381 2.501 2.630 2.723 2.817 2.902 2.941 2.944 2.881 2.803 2.703 2.579 2.498 2.371 2.224 1.994 1.787 1.597 1.399 1.161 0.982 0.715 0.637 2.246 1.300
7.00 5.01 2.301 2.378 2.497 2.627 2.720 2.814 2.899 2.938 2.941 2.879 2.800 2.701 2.577 2.496 2.369 2.223 1.993 1.786 1.596 1.399 1.161 0.981 0.715 0.636 2.243 1.299
7.00 6.31 2.297 2.374 2.493 2.623 2.717 2.811 2.895 2.934 2.937 2.875 2.797 2.698 2.574 2.493 2.367 2.221 1.991 1.785 1.595 1.398 1.160 0.980 0.714 0.636 2.239 1.297
7.00 7.94 2.292 2.369 2.488 2.618 2.711 2.805 2.890 2.929 2.932 2.870 2.792 2.693 2.570 2.490 2.363 2.218 1.989 1.783 1.593 1.396 1.158 0.979 0.712 0.635 2.234 1.294
7.00 10.00 2.285 2.362 2.481 2.610 2.704 2.798 2.883 2.922 2.926 2.863 2.786 2.687 2.565 2.485 2.359 2.214 1.986 1.780 1.590 1.394 1.156 0.977 0.710 0.634 2.228 1.291
7.00 12.59 2.276 2.352 2.471 2.601 2.695 2.789 2.874 2.913 2.916 2.855 2.777 2.679 2.557 2.478 2.353 2.209 1.981 1.775 1.586 1.391 1.153 0.973 0.707 0.631 2.218 1.286
7.00 15.85 2.263 2.339 2.458 2.588 2.682 2.776 2.861 2.900 2.904 2.842 2.766 2.668 2.547 2.468 2.344 2.200 1.973 1.769 1.580 1.385 1.147 0.968 0.701 0.627 2.206 1.278
7.00 19.95 2.245 2.320 2.440 2.570 2.664 2.758 2.843 2.882 2.886 2.825 2.749 2.652 2.532 2.455 2.331 2.189 1.963 1.759 1.571 1.377 1.139 0.960 0.693 0.620 2.189 1.267
7.00 25.12 2.220 2.296 2.415 2.545 2.640 2.734 2.819 2.858 2.863 2.802 2.727 2.630 2.512 2.436 2.313 2.172 1.948 1.745 1.558 1.364 1.127 0.948 0.681 0.609 2.165 1.251
7.00 31.62 2.187 2.262 2.381 2.511 2.606 2.700 2.786 2.825 2.830 2.770 2.695 2.600 2.483 2.409 2.287 2.148 1.926 1.724 1.538 1.346 1.109 0.930 0.663 0.592 2.133 1.228
7.00 39.81 2.141 2.216 2.334 2.466 2.561 2.655 2.741 2.780 2.786 2.727 2.653 2.559 2.445 2.372 2.252 2.115 1.895 1.695 1.510 1.319 1.083 0.904 0.637 0.567 2.089 1.197
7.00 50.12 2.081 2.155 2.274 2.405 2.501 2.595 2.681 2.720 2.727 2.669 2.597 2.505 2.393 2.323 2.205 2.071 1.853 1.655 1.472 1.283 1.047 0.868 0.601 0.533 2.031 1.154
7.00 63.10 2.004 2.076 2.195 2.327 2.424 2.518 2.604 2.644 2.651 2.595 2.524 2.434 2.325 2.259 2.144 2.013 1.799 1.603 1.422 1.236 1.000 0.821 0.554 0.488 1.955 1.098
7.00 79.43 1.907 1.978 2.097 2.230 2.327 2.421 2.508 2.548 2.556 2.502 2.433 2.346 2.241 2.179 2.067 1.941 1.731 1.539 1.360 1.177 0.942 0.763 0.496 0.431 1.862 1.028
7.00 100.00 1.790 1.859 1.978 2.112 2.210 2.304 2.391 2.432 2.441 2.389 2.323 2.240 2.140 2.083 1.975 1.854 1.650 1.462 1.287 1.107 0.874 0.694 0.427 0.364 1.748 0.945
7.00 125.89 1.651 1.718 1.837 1.972 2.072 2.166 2.253 2.294 2.306 2.256 2.194 2.115 2.021 1.970 1.869 1.754 1.557 1.374 1.203 1.028 0.796 0.617 0.350 0.289 1.613 0.849
7.00 158.49 1.490 1.554 1.672 1.809 1.910 2.004 2.092 2.134 2.148 2.102 2.044 1.971 1.885 1.842 1.748 1.642 1.453 1.277 1.111 0.942 0.711 0.532 0.265 0.206 1.457 0.742
7.00 199.53 1.303 1.364 1.482 1.621 1.724 1.818 1.907 1.950 1.966 1.925 1.872 1.806 1.731 1.698 1.612 1.517 1.339 1.171 1.012 0.850 0.621 0.442 0.175 0.118 1.278 0.623
7.00 251.19 1.088 1.145 1.262 1.404 1.510 1.604 1.693 1.737 1.757 1.722 1.676 1.618 1.556 1.536 1.461 1.379 1.215 1.058 0.907 0.754 0.528 0.349 0.082 0.026 1.071 0.494
7.00 316.23 0.839 0.891 1.007 1.152 1.261 1.355 1.446 1.491 1.516 1.488 1.450 1.403 1.357 1.354 1.292 1.227 1.081 0.937 0.796 0.655 0.433 0.253 -0.013 -0.067 0.833 0.353
7.00 398.11 0.548 0.594 0.709 0.858 0.971 1.065 1.158 1.205 1.235 1.216 1.189 1.156 1.131 1.148 1.103 1.060 0.936 0.808 0.680 0.554 0.335 0.156 -0.111 -0.163 0.557 0.198
7.00 501.19 0.207 0.244 0.358 0.513 0.631 0.725 0.820 0.868 0.906 0.898 0.885 0.869 0.870 0.913 0.890 0.873 0.777 0.669 0.558 0.451 0.237 0.058 -0.209 -0.259 0.233 0.028
7.00 630.96 -0.198 -0.171 -0.058 0.102 0.227 0.321 0.419 0.470 0.517 0.523 0.526 0.533 0.566 0.641 0.645 0.662 0.601 0.520 0.430 0.345 0.138 -0.041 -0.308 -0.356 -0.150 -0.162
7.00 794.33 -0.683 -0.669 -0.558 -0.389 -0.256 -0.162 -0.061 -0.007 0.052 0.076 0.100 0.135 0.209 0.325 0.363 0.423 0.406 0.357 0.293 0.238 0.039 -0.140 -0.407 -0.453 -0.607 -0.375
7.00 1000.00 -1.268 -1.271 -1.161 -0.982 -0.839 -0.745 -0.640 -0.581 -0.509 -0.462 -0.411 -0.341 -0.216 -0.048 0.033 0.146 0.185 0.177 0.146 0.128 -0.061 -0.240 -0.507 -0.551 -1.157 -0.619
7.25 1.00 2.356 2.432 2.550 2.678 2.773 2.869 2.956 2.998 3.005 2.947 2.871 2.773 2.649 2.568 2.443 2.299 2.072 1.869 1.682 1.488 1.258 1.086 0.832 0.753 2.301 1.373
7.25 1.26 2.355 2.431 2.550 2.677 2.772 2.869 2.955 2.997 3.005 2.946 2.870 2.772 2.649 2.567 2.443 2.299 2.072 1.869 1.682 1.488 1.258 1.086 0.832 0.753 2.300 1.373
7.25 1.58 2.355 2.430 2.549 2.677 2.771 2.868 2.955 2.997 3.004 2.945 2.869 2.772 2.648 2.567 2.442 2.299 2.072 1.869 1.682 1.488 1.258 1.086 0.832 0.753 2.299 1.372
7.25 2.00 2.354 2.429 2.548 2.675 2.770 2.867 2.954 2.996 3.003 2.945 2.869 2.771 2.647 2.566 2.442 2.298 2.071 1.868 1.682 1.488 1.258 1.086 0.832 0.753 2.298 1.372
7.25 2.51 2.352 2.428 2.546 2.674 2.769 2.866 2.952 2.994 3.002 2.943 2.867 2.770 2.646 2.565 2.441 2.298 2.071 1.868 1.682 1.488 1.258 1.085 0.832 0.753 2.297 1.372
7.25 3.16 2.350 2.426 2.545 2.672 2.767 2.864 2.951 2.993 3.000 2.942 2.866 2.768 2.645 2.564 2.440 2.297 2.070 1.868 1.681 1.487 1.257 1.085 0.831 0.753 2.296 1.371
7.25 3.98 2.348 2.424 2.542 2.670 2.765 2.862 2.948 2.990 2.998 2.940 2.864 2.766 2.643 2.563 2.439 2.296 2.070 1.867 1.681 1.487 1.257 1.085 0.831 0.753 2.293 1.370
7.25 5.01 2.345 2.421 2.539 2.667 2.762 2.859 2.945 2.987 2.995 2.937 2.861 2.764 2.641 2.561 2.437 2.294 2.068 1.866 1.680 1.486 1.256 1.084 0.831 0.753 2.291 1.369
7.25 6.31 2.341 2.417 2.535 2.663 2.758 2.855 2.941 2.983 2.991 2.933 2.858 2.761 2.638 2.558 2.435 2.292 2.067 1.865 1.679 1.485 1.256 1.083 0.830 0.753 2.287 1.367
7.25 7.94 2.336 2.411 2.530 2.658 2.753 2.849 2.936 2.978 2.986 2.928 2.853 2.756 2.634 2.555 2.432 2.289 2.064 1.863 1.677 1.484 1.254 1.082 0.828 0.752 2.282 1.364
7.25 10.00 2.329 2.404 2.523 2.651 2.746 2.842 2.929 2.971 2.979 2.922 2.847 2.750 2.629 2.550 2.427 2.285 2.061 1.860 1.674 1.482 1.252 1.080 0.826 0.750 2.275 1.361
7.25 12.59 2.319 2.394 2.513 2.641 2.736 2.833 2.920 2.962 2.970 2.913 2.838 2.742 2.621 2.543 2.421 2.280 2.056 1.855 1.670 1.478 1.249 1.076 0.823 0.748 2.266 1.356
7.25 15.85 2.306 2.381 2.499 2.628 2.723 2.820 2.907 2.949 2.958 2.901 2.826 2.731 2.611 2.533 2.412 2.272 2.049 1.849 1.664 1.473 1.243 1.071 0.817 0.743 2.254 1.348
7.25 19.95 2.289 2.363 2.481 2.610 2.705 2.802 2.889 2.932 2.940 2.884 2.810 2.715 2.596 2.520 2.399 2.260 2.038 1.839 1.655 1.464 1.235 1.063 0.809 0.736 2.237 1.337
7.25 25.12 2.264 2.338 2.456 2.585 2.681 2.778 2.865 2.907 2.916 2.860 2.787 2.694 2.576 2.501 2.381 2.243 2.023 1.825 1.642 1.452 1.223 1.051 0.797 0.725 2.213 1.321
7.25 31.62 2.231 2.304 2.422 2.551 2.647 2.744 2.832 2.874 2.884 2.828 2.756 2.663 2.547 2.474 2.356 2.220 2.001 1.804 1.622 1.433 1.205 1.033 0.779 0.708 2.181 1.298
7.25 39.81 2.185 2.258 2.376 2.506 2.602 2.699 2.787 2.829 2.839 2.785 2.714 2.623 2.509 2.437 2.320 2.187 1.970 1.775 1.594 1.407 1.179 1.007 0.753 0.684 2.137 1.267
7.25 50.12 2.125 2.197 2.315 2.445 2.542 2.639 2.727 2.770 2.781 2.727 2.658 2.568 2.457 2.388 2.273 2.142 1.928 1.735 1.556 1.371 1.143 0.971 0.717 0.649 2.078 1.224
7.25 63.10 2.048 2.119 2.237 2.367 2.465 2.562 2.650 2.693 2.705 2.653 2.585 2.497 2.389 2.323 2.212 2.084 1.874 1.683 1.506 1.323 1.096 0.924 0.670 0.604 2.003 1.168
7.25 79.43 1.951 2.021 2.138 2.270 2.368 2.465 2.554 2.597 2.610 2.560 2.494 2.409 2.305 2.244 2.135 2.012 1.806 1.619 1.444 1.264 1.038 0.866 0.612 0.548 1.909 1.098
7.25 100.00 1.834 1.902 2.019 2.152 2.251 2.348 2.437 2.481 2.495 2.447 2.384 2.303 2.204 2.148 2.044 1.925 1.725 1.542 1.371 1.194 0.969 0.797 0.543 0.481 1.795 1.015
7.25 125.89 1.695 1.761 1.878 2.012 2.113 2.210 2.299 2.343 2.359 2.315 2.255 2.178 2.085 2.035 1.937 1.825 1.632 1.454 1.287 1.115 0.892 0.720 0.466 0.405 1.661 0.919
7.25 158.49 1.534 1.597 1.714 1.849 1.952 2.048 2.138 2.183 2.202 2.160 2.105 2.034 1.949 1.907 1.816 1.713 1.528 1.357 1.195 1.029 0.807 0.635 0.381 0.322 1.505 0.812
7.25 199.53 1.347 1.407 1.523 1.661 1.765 1.862 1.953 1.999 2.020 1.983 1.933 1.869 1.795 1.763 1.680 1.588 1.414 1.251 1.096 0.937 0.717 0.545 0.291 0.234 1.325 0.693
7.25 251.19 1.132 1.188 1.304 1.444 1.551 1.648 1.739 1.786 1.811 1.780 1.736 1.681 1.620 1.601 1.529 1.450 1.291 1.138 0.991 0.842 0.624 0.452 0.198 0.143 1.119 0.564
7.25 316.23 0.883 0.933 1.049 1.192 1.302 1.399 1.492 1.540 1.570 1.546 1.511 1.466 1.421 1.419 1.361 1.299 1.157 1.017 0.880 0.743 0.528 0.356 0.103 0.049 0.881 0.423
7.25 398.11 0.592 0.636 0.751 0.898 1.013 1.110 1.204 1.254 1.289 1.274 1.250 1.219 1.195 1.213 1.172 1.131 1.011 0.888 0.764 0.641 0.431 0.259 0.005 -0.047 0.604 0.268
7.25 501.19 0.251 0.287 0.400 0.553 0.672 0.769 0.866 0.918 0.960 0.957 0.945 0.932 0.934 0.978 0.958 0.944 0.852 0.749 0.642 0.538 0.333 0.161 -0.093 -0.143 0.281 0.098
7.25 630.96 -0.154 -0.129 -0.017 0.142 0.268 0.365 0.465 0.519 0.571 0.581 0.587 0.596 0.630 0.706 0.714 0.734 0.677 0.600 0.514 0.433 0.234 0.062 -0.192 -0.240 -0.103 -0.092
7.25 794.33 -0.639 -0.627 -0.516 -0.349 -0.215 -0.118 -0.015 0.042 0.105 0.134 0.161 0.198 0.273 0.390 0.431 0.494 0.481 0.437 0.377 0.325 0.135 -0.037 -0.291 -0.337 -0.560 -0.305
7.25 1000.00 -1.224 -1.228 -1.120 -0.942 -0.798 -0.701 -0.594 -0.532 -0.455 -0.404 -0.350 -0.278 -0.152 0.016 0.102 0.217 0.260 0.257 0.230 0.215 0.035 -0.137 -0.391 -0.435 -1.110 -0.549
7.50 1.00 2.400 2.474 2.592 2.718 2.814 2.914 3.002 3.047 3.059 3.005 2.932 2.836 2.713 2.633 2.511 2.370 2.148 1.949 1.766 1.575 1.354 1.189 0.948 0.870 2.349 1.443
7.50 1.26 2.399 2.474 2.592 2.717 2.813 2.913 3.001 3.047 3.059 3.005 2.931 2.835 2.713 2.632 2.511 2.370 2.147 1.949 1.766 1.575 1.354 1.189 0.948 0.870 2.348 1.443
7.50 1.58 2.399 2.473 2.591 2.717 2.812 2.912 3.001 3.046 3.058 3.004 2.930 2.835 2.712 2.632 2.511 2.370 2.147 1.949 1.766 1.575 1.354 1.189 0.948 0.870 2.347 1.442
7.50 2.00 2.398 2.472 2.590 2.716 2.811 2.911 3.000 3.045 3.057 3.003 2.929 2.834 2.711 2.631 2.510 2.369 2.147 1.948 1.766 1.575 1.354 1.189 0.948 0.870 2.346 1.442
7.50 2.51 2.396 2.470 2.588 2.714 2.810 2.910 2.998 3.043 3.056 3.002 2.928 2.833 2.710 2.630 2.509 2.369 2.146 1.948 1.766 1.575 1.353 1.188 0.948 0.870 2.345 1.441
7.50 3.16 2.394 2.469 2.586 2.712 2.808 2.908 2.996 3.042 3.054 3.000 2.927 2.831 2.709 2.629 2.508 2.368 2.146 1.948 1.765 1.575 1.353 1.188 0.948 0.870 2.343 1.441
7.50 3.98 2.392 2.466 2.584 2.710 2.806 2.906 2.994 3.040 3.052 2.998 2.925 2.829 2.707 2.628 2.507 2.367 2.145 1.947 1.765 1.574 1.353 1.188 0.947 0.870 2.341 1.440
7.50 5.01 2.389 2.463 2.581 2.707 2.803 2.903 2.991 3.037 3.049 2.995 2.922 2.827 2.705 2.626 2.505 2.365 2.144 1.946 1.764 1.574 1.352 1.187 0.947 0.870 2.338 1.439
7.50 6.31 2.385 2.459 2.577 2.703 2.799 2.899 2.987 3.033 3.045 2.991 2.919 2.824 2.702 2.623 2.503 2.364 2.142 1.945 1.763 1.573 1.351 1.186 0.946 0.869 2.335 1.437
7.50 7.94 2.380 2.454 2.571 2.698 2.794 2.893 2.982 3.028 3.040 2.987 2.914 2.819 2.698 2.620 2.500 2.361 2.140 1.943 1.761 1.571 1.350 1.185 0.944 0.869 2.330 1.434
7.50 10.00 2.373 2.447 2.564 2.691 2.787 2.886 2.975 3.021 3.033 2.980 2.908 2.813 2.693 2.615 2.495 2.357 2.136 1.940 1.758 1.569 1.348 1.183 0.942 0.867 2.323 1.431
7.50 12.59 2.363 2.437 2.554 2.681 2.777 2.877 2.966 3.011 3.024 2.971 2.899 2.805 2.685 2.608 2.489 2.351 2.131 1.935 1.754 1.565 1.345 1.179 0.939 0.864 2.314 1.425
7.50 15.85 2.350 2.424 2.541 2.668 2.764 2.864 2.953 2.998 3.011 2.959 2.887 2.794 2.675 2.598 2.480 2.343 2.124 1.929 1.748 1.560 1.339 1.174 0.933 0.860 2.301 1.418
7.50 19.95 2.333 2.405 2.523 2.650 2.747 2.846 2.935 2.981 2.994 2.942 2.871 2.778 2.660 2.585 2.467 2.331 2.114 1.919 1.739 1.552 1.331 1.166 0.925 0.853 2.284 1.407
7.50 25.12 2.308 2.381 2.498 2.625 2.722 2.822 2.911 2.957 2.970 2.919 2.848 2.757 2.640 2.566 2.449 2.315 2.098 1.905 1.726 1.539 1.319 1.154 0.913 0.842 2.261 1.391
7.50 31.62 2.275 2.347 2.464 2.591 2.689 2.788 2.878 2.923 2.938 2.887 2.817 2.727 2.611 2.539 2.424 2.291 2.076 1.884 1.706 1.521 1.301 1.136 0.895 0.825 2.228 1.368
7.50 39.81 2.229 2.301 2.418 2.546 2.643 2.743 2.832 2.878 2.893 2.843 2.775 2.686 2.573 2.502 2.389 2.258 2.046 1.855 1.678 1.494 1.275 1.110 0.869 0.800 2.184 1.336
7.50 50.12 2.169 2.240 2.357 2.485 2.584 2.683 2.773 2.819 2.834 2.786 2.718 2.631 2.521 2.452 2.341 2.213 2.004 1.815 1.640 1.458 1.239 1.074 0.833 0.766 2.126 1.294
7.50 63.10 2.092 2.161 2.278 2.407 2.506 2.606 2.696 2.742 2.759 2.711 2.646 2.560 2.453 2.388 2.280 2.155 1.949 1.763 1.590 1.411 1.192 1.027 0.786 0.720 2.051 1.238
7.50 79.43 1.995 2.063 2.180 2.310 2.410 2.509 2.600 2.646 2.664 2.618 2.555 2.472 2.369 2.309 2.204 2.083 1.881 1.699 1.528 1.352 1.134 0.969 0.728 0.664 1.957 1.168
7.50 100.00 1.878 1.944 2.061 2.192 2.293 2.392 2.483 2.530 2.549 2.506 2.445 2.366 2.268 2.212 2.112 1.997 1.801 1.622 1.455 1.282 1.065 0.900 0.659 0.597 1.843 1.085
7.50 125.89 1.739 1.803 1.920 2.052 2.154 2.254 2.345 2.393 2.413 2.373 2.316 2.241 2.149 2.100 2.005 1.897 1.708 1.534 1.371 1.203 0.988 0.822 0.582 0.521 1.709 0.989
7.50 158.49 1.578 1.639 1.755 1.889 1.993 2.093 2.184 2.233 2.256 2.219 2.166 2.097 2.013 1.972 1.884 1.784 1.604 1.437 1.279 1.117 0.903 0.738 0.497 0.438 1.553 0.882
7.50 199.53 1.391 1.449 1.565 1.701 1.807 1.906 1.999 2.048 2.074 2.042 1.994 1.932 1.859 1.828 1.748 1.659 1.490 1.331 1.180 1.025 0.813 0.648 0.407 0.350 1.373 0.763
7.50 251.19 1.176 1.230 1.345 1.484 1.592 1.692 1.785 1.836 1.865 1.838 1.797 1.744 1.684 1.666 1.597 1.521 1.366 1.218 1.075 0.929 0.720 0.555 0.314 0.259 1.167 0.634
7.50 316.23 0.927 0.976 1.090 1.232 1.344 1.443 1.538 1.590 1.624 1.604 1.572 1.529 1.486 1.484 1.429 1.370 1.232 1.097 0.964 0.830 0.624 0.459 0.219 0.165 0.929 0.493
7.50 398.11 0.636 0.679 0.793 0.938 1.054 1.154 1.250 1.303 1.343 1.333 1.311 1.282 1.259 1.278 1.240 1.202 1.087 0.967 0.848 0.729 0.527 0.362 0.121 0.070 0.652 0.338
7.50 501.19 0.295 0.329 0.442 0.593 0.714 0.813 0.912 0.967 1.014 1.015 1.006 0.996 0.998 1.043 1.026 1.015 0.928 0.829 0.726 0.625 0.429 0.264 0.023 -0.027 0.328 0.168
7.50 630.96 -0.110 -0.086 0.025 0.182 0.310 0.409 0.511 0.568 0.624 0.640 0.648 0.659 0.694 0.771 0.782 0.805 0.752 0.680 0.598 0.520 0.330 0.165 -0.076 -0.124 -0.055 -0.022
7.50 794.33 -0.595 -0.584 -0.474 -0.309 -0.173 -0.074 0.031 0.092 0.159 0.192 0.222 0.261 0.337 0.455 0.500 0.565 0.556 0.517 0.461 0.413 0.231 0.066 -0.175 -0.221 -0.512 -0.236
7.50 1000.00 -1.180 -1.186 -1.078 -0.902 -0.756 -0.657 -0.548 -0.483 -0.401 -0.345 -0.289 -0.215 -0.088 0.081 0.170 0.289 0.336 0.337 0.314 0.303 0.131 -0.034 -0.275 -0.319 -1.062 -0.479
7.75 1.00 2.444 2.517 2.634 2.758 2.855 2.958 3.048 3.097 3.113 3.063 2.992 2.899 2.777 2.698 2.580 2.442 2.223 2.029 1.850 1.663 1.450 1.292 1.064 0.986 2.396 1.513
7.75 1.26 2.443 2.516 2.633 2.758 2.854 2.957 3.047 3.096 3.113 3.063 2.992 2.898 2.777 2.697 2.579 2.441 2.223 2.029 1.850 1.663 1.450 1.292 1.064 0.987 2.396 1.512
7.75 1.58 2.443 2.515 2.632 2.757 2.854 2.956 3.047 3.095 3.112 3.062 2.991 2.898 2.776 2.697 2.579 2.441 2.223 2.029 1.850 1.663 1.450 1.292 1.064 0.987 2.395 1.512
7.75 2.00 2.442 2.514 2.631 2.756 2.853 2.955 3.046 3.094 3.111 3.061 2.990 2.897 2.775 2.696 2.578 2.441 2.222 2.028 1.850 1.663 1.450 1.292 1.064 0.987 2.394 1.512
7.75 2.51 2.440 2.513 2.630 2.754 2.851 2.954 3.044 3.093 3.109 3.060 2.989 2.896 2.774 2.695 2.578 2.440 2.222 2.028 1.850 1.662 1.449 1.291 1.064 0.987 2.393 1.511
7.75 3.16 2.438 2.511 2.628 2.753 2.849 2.952 3.042 3.091 3.108 3.058 2.988 2.894 2.773 2.694 2.577 2.439 2.221 2.028 1.849 1.662 1.449 1.291 1.064 0.987 2.391 1.511
7.75 3.98 2.436 2.509 2.626 2.750 2.847 2.950 3.040 3.089 3.106 3.056 2.986 2.892 2.771 2.693 2.575 2.438 2.220 2.027 1.849 1.662 1.449 1.291 1.063 0.987 2.389 1.510
7.75 5.01 2.433 2.506 2.623 2.747 2.844 2.947 3.037 3.086 3.103 3.053 2.983 2.890 2.769 2.691 2.574 2.437 2.219 2.026 1.848 1.661 1.448 1.290 1.063 0.987 2.386 1.508
7.75 6.31 2.429 2.502 2.619 2.743 2.840 2.943 3.033 3.082 3.099 3.050 2.979 2.887 2.766 2.688 2.571 2.435 2.217 2.025 1.847 1.660 1.447 1.289 1.062 0.986 2.382 1.507
7.75 7.94 2.424 2.496 2.613 2.738 2.835 2.938 3.028 3.077 3.094 3.045 2.975 2.882 2.762 2.685 2.568 2.432 2.215 2.022 1.845 1.659 1.446 1.288 1.060 0.985 2.377 1.504
7.75 10.00 2.417 2.489 2.606 2.731 2.828 2.931 3.021 3.070 3.087 3.038 2.969 2.876 2.757 2.680 2.564 2.428 2.212 2.020 1.842 1.656 1.444 1.286 1.058 0.984 2.371 1.500
7.75 12.59 2.407 2.479 2.596 2.721 2.819 2.921 3.012 3.060 3.078 3.029 2.960 2.868 2.749 2.673 2.557 2.422 2.207 2.015 1.838 1.653 1.440 1.282 1.055 0.981 2.362 1.495
7.75 15.85 2.394 2.466 2.583 2.708 2.806 2.908 2.999 3.048 3.065 3.017 2.948 2.857 2.739 2.663 2.548 2.414 2.200 2.009 1.832 1.647 1.435 1.277 1.049 0.976 2.349 1.488
7.75 19.95 2.377 2.448 2.565 2.690 2.788 2.890 2.981 3.030 3.048 3.000 2.932 2.841 2.724 2.650 2.536 2.403 2.189 1.999 1.823 1.639 1.427 1.269 1.041 0.969 2.332 1.477
7.75 25.12 2.352 2.423 2.540 2.665 2.763 2.866 2.957 3.006 3.024 2.977 2.909 2.820 2.704 2.631 2.518 2.386 2.174 1.985 1.810 1.627 1.415 1.257 1.029 0.958 2.308 1.461
7.75 31.62 2.319 2.389 2.506 2.632 2.730 2.832 2.924 2.973 2.991 2.945 2.878 2.790 2.676 2.604 2.492 2.362 2.152 1.964 1.790 1.608 1.397 1.239 1.011 0.941 2.276 1.438
7.75 39.81 2.273 2.343 2.460 2.586 2.685 2.787 2.878 2.928 2.947 2.902 2.836 2.749 2.637 2.567 2.457 2.329 2.121 1.935 1.762 1.582 1.371 1.213 0.985 0.916 2.232 1.406
7.75 50.12 2.213 2.282 2.399 2.525 2.625 2.727 2.819 2.868 2.888 2.844 2.779 2.694 2.585 2.517 2.410 2.285 2.079 1.895 1.724 1.545 1.335 1.177 0.949 0.882 2.174 1.363
7.75 63.10 2.136 2.204 2.320 2.448 2.548 2.650 2.742 2.791 2.812 2.769 2.707 2.624 2.517 2.453 2.348 2.227 2.025 1.843 1.674 1.498 1.288 1.130 0.902 0.837 2.099 1.308
7.75 79.43 2.039 2.106 2.222 2.350 2.451 2.553 2.645 2.696 2.718 2.676 2.616 2.535 2.433 2.374 2.272 2.154 1.957 1.779 1.613 1.439 1.230 1.072 0.844 0.780 2.005 1.238
7.75 100.00 1.922 1.987 2.103 2.232 2.334 2.436 2.529 2.579 2.603 2.564 2.506 2.429 2.332 2.277 2.180 2.068 1.876 1.702 1.539 1.369 1.161 1.003 0.776 0.713 1.891 1.155
7.75 125.89 1.783 1.846 1.962 2.092 2.195 2.298 2.391 2.442 2.467 2.431 2.376 2.304 2.213 2.165 2.073 1.968 1.783 1.614 1.455 1.290 1.083 0.925 0.698 0.637 1.756 1.059
7.75 158.49 1.622 1.682 1.797 1.929 2.034 2.137 2.230 2.282 2.310 2.277 2.227 2.160 2.077 2.037 1.952 1.855 1.679 1.517 1.363 1.204 0.999 0.841 0.613 0.554 1.600 0.952
7.75 199.53 1.435 1.492 1.607 1.741 1.848 1.950 2.045 2.097 2.128 2.100 2.055 1.995 1.923 1.893 1.817 1.730 1.565 1.411 1.264 1.112 0.909 0.751 0.523 0.466 1.421 0.833
7.75 251.19 1.220 1.273 1.387 1.524 1.633 1.736 1.831 1.885 1.919 1.897 1.858 1.807 1.748 1.731 1.665 1.593 1.441 1.298 1.159 1.016 0.816 0.658 0.430 0.375 1.214 0.704
7.75 316.23 0.971 1.018 1.132 1.272 1.385 1.487 1.584 1.639 1.678 1.662 1.633 1.592 1.550 1.549 1.497 1.441 1.307 1.177 1.048 0.918 0.720 0.562 0.335 0.281 0.976 0.563
7.75 398.11 0.680 0.721 0.834 0.979 1.095 1.198 1.296 1.353 1.397 1.391 1.372 1.345 1.323 1.343 1.308 1.273 1.162 1.047 0.932 0.816 0.623 0.465 0.237 0.186 0.700 0.408
7.75 501.19 0.339 0.372 0.484 0.633 0.755 0.857 0.958 1.016 1.068 1.073 1.067 1.059 1.062 1.108 1.094 1.087 1.003 0.909 0.810 0.713 0.525 0.367 0.139 0.089 0.376 0.238
7.75 630.96 -0.066 -0.044 0.067 0.223 0.351 0.453 0.557 0.618 0.678 0.698 0.709 0.722 0.758 0.836 0.850 0.876 0.828 0.759 0.682 0.608 0.426 0.268 0.040 -0.008 -0.007 0.048
7.75 794.33 -0.551 -0.542 -0.433 -0.269 -0.132 -0.030 0.077 0.141 0.213 0.251 0.283 0.324 0.401 0.520 0.568 0.636 0.632 0.596 0.545 0.500 0.327 0.169 -0.059 -0.105 -0.464 -0.166
7.75 1000.00 -1.136 -1.143 -1.036 -0.862 -0.715 -0.613 -0.502 -0.434 -0.347 -0.287 -0.228 -0.152 -0.024 0.146 0.238 0.360 0.411 0.417 0.398 0.390 0.227 0.069 -0.158 -0.203 -1.014 -0.409
8.00 1.00 2.488 2.559 2.676 2.798 2.896 3.002 3.094 3.146 3.167 3.122 3.053 2.962 2.841 2.763 2.648 2.513 2.298 2.109 1.934 1.750 1.546 1.395 1.180 1.103 2.444 1.583
8.00 1.26 2.487 2.559 2.675 2.798 2.896 3.001 3.093 3.145 3.166 3.121 3.053 2.961 2.841 2.762 2.647 2.513 2.298 2.109 1.934 1.750 1.546 1.395 1.180 1.103 2.443 1.582
8.00 1.58 2.487 2.558 2.674 2.797 2.895 3.000 3.093 3.144 3.166 3.120 3.052 2.961 2.840 2.762 2.647 2.512 2.298 2.109 1.934 1.750 1.545 1.395 1.180 1.103 2.443 1.582
8.00 2.00 2.486 2.557 2.673 2.796 2.894 2.999 3.092 3.143 3.165 3.119 3.051 2.960 2.839 2.761 2.647 2.512 2.298 2.108 1.934 1.750 1.545 1.395 1.180 1.103 2.442 1.582
8.00 2.51 2.484 2.555 2.672 2.794 2.892 2.998 3.090 3.142 3.163 3.118 3.050 2.959 2.838 2.760 2.646 2.511 2.297 2.108 1.934 1.750 1.545 1.394 1.180 1.104 2.440 1.581
8.00 3.16 2.482 2.554 2.670 2.793 2.891 2.996 3.088 3.140 3.162 3.117 3.048 2.957 2.837 2.759 2.645 2.511 2.297 2.107 1.933 1.750 1.545 1.394 1.180 1.104 2.439 1.580
8.00 3.98 2.480 2.551 2.667 2.790 2.888 2.994 3.086 3.138 3.159 3.114 3.046 2.955 2.835 2.758 2.644 2.509 2.296 2.107 1.933 1.749 1.545 1.394 1.179 1.103 2.436 1.580
8.00 5.01 2.477 2.548 2.664 2.787 2.885 2.991 3.083 3.135 3.157 3.112 3.044 2.953 2.833 2.756 2.642 2.508 2.295 2.106 1.932 1.749 1.544 1.393 1.179 1.103 2.434 1.578
8.00 6.31 2.473 2.544 2.660 2.783 2.882 2.987 3.079 3.131 3.153 3.108 3.040 2.950 2.830 2.753 2.640 2.506 2.293 2.104 1.931 1.748 1.543 1.392 1.178 1.103 2.430 1.577
8.00 7.94 2.468 2.539 2.655 2.778 2.876 2.982 3.074 3.126 3.148 3.103 3.036 2.945 2.826 2.750 2.636 2.503 2.291 2.102 1.929 1.746 1.542 1.391 1.176 1.102 2.425 1.574
8.00 10.00 2.461 2.532 2.648 2.771 2.869 2.975 3.067 3.119 3.141 3.097 3.029 2.939 2.821 2.745 2.632 2.499 2.287 2.099 1.926 1.744 1.540 1.389 1.174 1.100 2.418 1.570
8.00 12.59 2.451 2.522 2.638 2.761 2.860 2.965 3.058 3.110 3.132 3.088 3.021 2.931 2.813 2.738 2.626 2.494 2.282 2.095 1.922 1.740 1.536 1.385 1.171 1.098 2.409 1.565
8.00 15.85 2.438 2.509 2.625 2.748 2.847 2.952 3.045 3.097 3.119 3.075 3.009 2.920 2.803 2.728 2.617 2.486 2.275 2.088 1.916 1.735 1.531 1.380 1.166 1.093 2.397 1.558
8.00 19.95 2.421 2.490 2.606 2.730 2.829 2.934 3.027 3.079 3.102 3.059 2.993 2.904 2.788 2.715 2.604 2.474 2.264 2.079 1.907 1.727 1.523 1.372 1.157 1.086 2.380 1.547
8.00 25.12 2.396 2.466 2.582 2.705 2.805 2.910 3.003 3.055 3.078 3.035 2.970 2.883 2.768 2.696 2.586 2.457 2.249 2.064 1.894 1.714 1.511 1.360 1.145 1.074 2.356 1.531
8.00 31.62 2.363 2.432 2.547 2.672 2.771 2.877 2.970 3.022 3.045 3.003 2.939 2.853 2.740 2.669 2.560 2.433 2.227 2.044 1.874 1.696 1.492 1.342 1.127 1.057 2.324 1.508
8.00 39.81 2.317 2.386 2.501 2.626 2.726 2.831 2.924 2.977 3.001 2.960 2.897 2.812 2.701 2.632 2.525 2.400 2.196 2.015 1.846 1.669 1.466 1.316 1.101 1.033 2.280 1.476
8.00 50.12 2.257 2.325 2.440 2.566 2.666 2.771 2.865 2.917 2.942 2.902 2.840 2.757 2.649 2.582 2.478 2.356 2.154 1.975 1.808 1.633 1.431 1.280 1.065 0.998 2.221 1.433
8.00 63.10 2.180 2.246 2.362 2.488 2.589 2.694 2.788 2.841 2.866 2.828 2.767 2.687 2.581 2.518 2.417 2.298 2.100 1.923 1.758 1.585 1.384 1.233 1.018 0.953 2.146 1.377
8.00 79.43 2.083 2.148 2.264 2.390 2.492 2.598 2.691 2.745 2.772 2.735 2.677 2.598 2.497 2.439 2.340 2.226 2.032 1.858 1.697 1.526 1.326 1.175 0.960 0.896 2.052 1.308
8.00 100.00 1.966 2.029 2.145 2.272 2.375 2.480 2.575 2.629 2.657 2.622 2.567 2.492 2.396 2.342 2.248 2.139 1.951 1.782 1.623 1.457 1.257 1.106 0.892 0.829 1.939 1.225
8.00 125.89 1.827 1.888 2.003 2.132 2.237 2.342 2.437 2.491 2.521 2.489 2.437 2.367 2.278 2.230 2.142 2.039 1.858 1.694 1.539 1.378 1.179 1.028 0.814 0.753 1.804 1.129
8.00 158.49 1.666 1.724 1.839 1.969 2.075 2.181 2.276 2.331 2.363 2.335 2.287 2.223 2.141 2.102 2.021 1.927 1.755 1.597 1.447 1.291 1.095 0.944 0.729 0.670 1.648 1.021
8.00 199.53 1.479 1.534 1.649 1.781 1.889 1.995 2.091 2.147 2.182 2.158 2.116 2.058 1.987 1.958 1.885 1.802 1.641 1.491 1.348 1.200 1.005 0.854 0.640 0.582 1.469 0.903
8.00 251.19 1.264 1.315 1.429 1.564 1.675 1.780 1.877 1.934 1.973 1.955 1.919 1.870 1.812 1.796 1.734 1.664 1.517 1.377 1.243 1.104 0.912 0.761 0.546 0.491 1.262 0.774
8.00 316.23 1.015 1.061 1.174 1.312 1.426 1.531 1.630 1.688 1.731 1.721 1.693 1.656 1.614 1.614 1.565 1.512 1.383 1.256 1.132 1.005 0.816 0.665 0.451 0.397 1.024 0.632
8.00 398.11 0.724 0.764 0.876 1.019 1.136 1.242 1.342 1.402 1.451 1.449 1.432 1.408 1.387 1.408 1.376 1.345 1.237 1.127 1.016 0.904 0.719 0.568 0.353 0.302 0.748 0.478
8.00 501.19 0.383 0.414 0.525 0.673 0.796 0.901 1.004 1.065 1.122 1.131 1.128 1.122 1.126 1.173 1.163 1.158 1.078 0.989 0.894 0.800 0.621 0.470 0.255 0.205 0.424 0.308
8.00 630.96 -0.022 -0.001 0.108 0.263 0.392 0.498 0.602 0.667 0.732 0.756 0.770 0.785 0.822 0.901 0.918 0.947 0.903 0.839 0.766 0.695 0.522 0.371 0.156 0.108 0.041 0.118
8.00 794.33 -0.507 -0.499 -0.391 -0.229 -0.091 0.014 0.123 0.190 0.267 0.309 0.344 0.387 0.465 0.585 0.636 0.708 0.707 0.676 0.629 0.588 0.423 0.272 0.057 0.011 -0.417 -0.096
8.00 1000.00 -1.092 -1.101 -0.994 -0.822 -0.674 -0.569 -0.456 -0.384 -0.293 -0.229 -0.167 -0.089 0.040 0.211 0.306 0.431 0.486 0.497 0.482 0.478 0.323 0.172 -0.042 -0.087 -0.966 -0.339
