GhofraniAtkinson2014Cascadia as implemented in OpenQuake, distance is rrup. Log10 hazard values in cgs units
          19 31 10 : nmag, ndist, nperiod
          10.000 5.000 2.000 1.000 0.500 0.300 0.200 0.100 PGA PGV
          0.538 0.631 0.711 0.632 0.743 0.843 0.856 0.907 0.795 0.550
4.75 1.00 -0.307 -0.357 0.713 0.999 1.529 1.890 2.022 2.014 1.467 0.189
4.75 1.26 -0.305 -0.357 0.713 0.998 1.529 1.890 2.021 2.013 1.466 0.189
4.75 1.58 -0.303 -0.357 0.713 0.998 1.528 1.889 2.020 2.012 1.465 0.189
4.75 2.00 -0.301 -0.357 0.712 0.997 1.527 1.888 2.019 2.011 1.464 0.188
4.75 2.51 -0.298 -0.357 0.712 0.996 1.526 1.886 2.018 2.010 1.463 0.188
4.75 3.16 -0.295 -0.357 0.711 0.995 1.524 1.885 2.016 2.008 1.461 0.187
4.75 3.98 -0.291 -0.358 0.710 0.993 1.522 1.882 2.014 2.005 1.459 0.186
4.75 5.01 -0.286 -0.358 0.709 0.991 1.519 1.879 2.011 2.002 1.456 0.185
4.75 6.31 -0.282 -0.359 0.707 0.988 1.516 1.876 2.007 1.998 1.453 0.183
4.75 7.94 -0.277 -0.360 0.704 0.984 1.511 1.870 2.002 1.993 1.448 0.180
4.75 10.00 -0.272 -0.363 0.700 0.978 1.504 1.863 1.995 1.986 1.441 0.177
4.75 12.59 -0.268 -0.366 0.695 0.971 1.495 1.854 1.985 1.976 1.432 0.172
4.75 15.85 -0.264 -0.372 0.687 0.960 1.483 1.841 1.972 1.963 1.420 0.164
4.75 19.95 -0.263 -0.380 0.675 0.946 1.466 1.823 1.954 1.945 1.402 0.153
4.75 25.12 -0.265 -0.392 0.659 0.925 1.442 1.799 1.930 1.920 1.379 0.137
4.75 31.62 -0.273 -0.411 0.635 0.897 1.410 1.766 1.897 1.886 1.346 0.114
4.75 39.81 -0.287 -0.437 0.603 0.858 1.367 1.721 1.851 1.840 1.303 0.083
4.75 50.12 -0.311 -0.473 0.558 0.806 1.309 1.661 1.791 1.779 1.244 0.040
4.75 63.10 -0.345 -0.520 0.501 0.738 1.234 1.584 1.714 1.700 1.169 -0.016
4.75 79.43 -0.389 -0.579 0.430 0.654 1.140 1.488 1.618 1.602 1.075 -0.086
4.75 100.00 -0.444 -0.648 0.344 0.553 1.027 1.372 1.500 1.483 0.961 -0.169
4.75 125.89 -0.507 -0.727 0.245 0.434 0.894 1.234 1.362 1.342 0.827 -0.265
4.75 158.49 -0.576 -0.812 0.134 0.297 0.739 1.074 1.201 1.178 0.671 -0.372
4.75 199.53 -0.649 -0.903 0.011 0.142 0.561 0.889 1.015 0.988 0.491 -0.491
4.75 251.19 -0.726 -0.998 -0.124 -0.033 0.356 0.676 0.800 0.768 0.285 -0.620
4.75 316.23 -0.804 -1.096 -0.273 -0.232 0.120 0.429 0.551 0.513 0.047 -0.761
4.75 398.11 -0.882 -1.196 -0.437 -0.460 -0.154 0.142 0.262 0.216 -0.230 -0.916
4.75 501.19 -0.961 -1.297 -0.619 -0.722 -0.475 -0.196 -0.079 -0.134 -0.554 -1.086
4.75 630.96 -1.039 -1.400 -0.823 -1.028 -0.853 -0.596 -0.482 -0.551 -0.937 -1.276
4.75 794.33 -1.117 -1.505 -1.055 -1.387 -1.305 -1.074 -0.966 -1.049 -1.394 -1.489
4.75 1000.00 -1.194 -1.611 -1.322 -1.814 -1.848 -1.651 -1.549 -1.652 -1.944 -1.733
5.00 1.00 -0.187 -0.266 0.785 1.063 1.587 1.938 2.064 2.056 1.514 0.259
5.00 1.26 -0.185 -0.266 0.785 1.062 1.586 1.937 2.064 2.055 1.514 0.259
5.00 1.58 -0.183 -0.266 0.785 1.062 1.585 1.936 2.063 2.054 1.513 0.258
5.00 2.00 -0.181 -0.266 0.784 1.061 1.584 1.935 2.062 2.053 1.512 0.258
5.00 2.51 -0.178 -0.266 0.784 1.060 1.583 1.934 2.061 2.052 1.511 0.258
5.00 3.16 -0.175 -0.267 0.783 1.059 1.581 1.932 2.059 2.050 1.509 0.257
5.00 3.98 -0.172 -0.267 0.782 1.057 1.579 1.930 2.057 2.047 1.507 0.256
5.00 5.01 -0.168 -0.268 0.781 1.055 1.577 1.927 2.054 2.044 1.504 0.255
5.00 6.31 -0.163 -0.268 0.779 1.052 1.573 1.923 2.050 2.040 1.500 0.253
5.00 7.94 -0.159 -0.270 0.776 1.048 1.568 1.918 2.044 2.035 1.495 0.250
5.00 10.00 -0.154 -0.272 0.772 1.042 1.561 1.911 2.037 2.028 1.489 0.247
5.00 12.59 -0.150 -0.276 0.767 1.035 1.552 1.901 2.028 2.018 1.480 0.241
5.00 15.85 -0.147 -0.281 0.759 1.024 1.540 1.889 2.015 2.005 1.467 0.234
5.00 19.95 -0.146 -0.289 0.747 1.010 1.523 1.871 1.997 1.987 1.450 0.223
5.00 25.12 -0.148 -0.302 0.731 0.989 1.500 1.847 1.973 1.962 1.427 0.207
5.00 31.62 -0.156 -0.320 0.707 0.961 1.467 1.813 1.939 1.928 1.394 0.184
5.00 39.81 -0.170 -0.346 0.675 0.922 1.424 1.768 1.894 1.882 1.350 0.153
5.00 50.12 -0.194 -0.382 0.630 0.870 1.366 1.709 1.834 1.821 1.292 0.110
5.00 63.10 -0.228 -0.430 0.573 0.802 1.291 1.632 1.757 1.742 1.217 0.054
5.00 79.43 -0.273 -0.488 0.502 0.718 1.198 1.536 1.660 1.644 1.123 -0.016
5.00 100.00 -0.328 -0.558 0.416 0.617 1.084 1.419 1.543 1.525 1.009 -0.099
5.00 125.89 -0.391 -0.636 0.317 0.498 0.951 1.282 1.405 1.384 0.875 -0.195
5.00 158.49 -0.460 -0.722 0.206 0.361 0.796 1.121 1.243 1.220 0.719 -0.302
5.00 199.53 -0.533 -0.813 0.083 0.206 0.618 0.936 1.057 1.030 0.539 -0.421
5.00 251.19 -0.610 -0.908 -0.052 0.031 0.413 0.723 0.843 0.810 0.333 -0.550
5.00 316.23 -0.687 -1.005 -0.201 -0.168 0.177 0.477 0.594 0.555 0.095 -0.691
5.00 398.11 -0.766 -1.105 -0.365 -0.396 -0.097 0.189 0.305 0.258 -0.182 -0.846
5.00 501.19 -0.845 -1.207 -0.547 -0.658 -0.417 -0.148 -0.036 -0.092 -0.506 -1.016
5.00 630.96 -0.923 -1.310 -0.751 -0.964 -0.796 -0.548 -0.440 -0.508 -0.889 -1.206
5.00 794.33 -1.001 -1.414 -0.983 -1.323 -1.248 -1.027 -0.923 -1.007 -1.346 -1.419
5.00 1000.00 -1.078 -1.520 -1.250 -1.750 -1.791 -1.603 -1.506 -1.610 -1.896 -1.663
5.25 1.00 -0.066 -0.175 0.857 1.127 1.644 1.985 2.107 2.098 1.562 0.329
5.25 1.26 -0.065 -0.175 0.857 1.126 1.643 1.984 2.106 2.097 1.562 0.329
5.25 1.58 -0.063 -0.176 0.857 1.126 1.642 1.984 2.106 2.096 1.561 0.328
5.25 2.00 -0.061 -0.176 0.856 1.125 1.641 1.983 2.105 2.095 1.560 0.328
5.25 2.51 -0.059 -0.176 0.856 1.124 1.640 1.981 2.103 2.094 1.558 0.327
5.25 3.16 -0.056 -0.176 0.855 1.123 1.639 1.980 2.102 2.092 1.557 0.327
5.25 3.98 -0.052 -0.176 0.854 1.121 1.636 1.977 2.099 2.090 1.555 0.326
5.25 5.01 -0.049 -0.177 0.853 1.119 1.634 1.974 2.096 2.086 1.552 0.325
5.25 6.31 -0.045 -0.178 0.851 1.116 1.630 1.970 2.092 2.082 1.548 0.323
5.25 7.94 -0.040 -0.179 0.848 1.112 1.625 1.965 2.087 2.077 1.543 0.320
5.25 10.00 -0.036 -0.182 0.844 1.106 1.619 1.958 2.080 2.070 1.537 0.317
5.25 12.59 -0.032 -0.185 0.839 1.099 1.610 1.949 2.071 2.060 1.527 0.311
5.25 15.85 -0.029 -0.191 0.831 1.088 1.597 1.936 2.058 2.047 1.515 0.304
5.25 19.95 -0.028 -0.199 0.819 1.074 1.580 1.918 2.040 2.029 1.498 0.293
5.25 25.12 -0.031 -0.211 0.803 1.053 1.557 1.894 2.015 2.004 1.474 0.277
5.25 31.62 -0.039 -0.230 0.779 1.025 1.525 1.861 1.982 1.970 1.442 0.254
5.25 39.81 -0.054 -0.256 0.747 0.986 1.481 1.816 1.937 1.924 1.398 0.222
5.25 50.12 -0.077 -0.292 0.702 0.934 1.423 1.756 1.877 1.863 1.340 0.179
5.25 63.10 -0.112 -0.339 0.645 0.866 1.348 1.679 1.800 1.784 1.264 0.124
5.25 79.43 -0.156 -0.398 0.574 0.782 1.255 1.583 1.703 1.686 1.171 0.054
5.25 100.00 -0.211 -0.467 0.488 0.681 1.142 1.467 1.586 1.567 1.057 -0.029
5.25 125.89 -0.274 -0.546 0.389 0.562 1.008 1.329 1.447 1.426 0.922 -0.125
5.25 158.49 -0.343 -0.631 0.278 0.425 0.853 1.169 1.286 1.262 0.766 -0.232
5.25 199.53 -0.417 -0.722 0.155 0.270 0.675 0.984 1.100 1.072 0.587 -0.351
5.25 251.19 -0.493 -0.817 0.020 0.095 0.470 0.771 0.885 0.852 0.380 -0.480
5.25 316.23 -0.571 -0.915 -0.129 -0.104 0.234 0.524 0.637 0.597 0.142 -0.621
5.25 398.11 -0.650 -1.015 -0.293 -0.332 -0.040 0.237 0.347 0.300 -0.134 -0.776
5.25 501.19 -0.729 -1.116 -0.475 -0.594 -0.360 -0.101 0.007 -0.050 -0.458 -0.946
5.25 630.96 -0.807 -1.219 -0.679 -0.900 -0.739 -0.501 -0.397 -0.466 -0.841 -1.136
5.25 794.33 -0.885 -1.324 -0.912 -1.259 -1.191 -0.979 -0.880 -0.965 -1.298 -1.350
5.25 1000.00 -0.962 -1.430 -1.178 -1.686 -1.734 -1.556 -1.463 -1.568 -1.848 -1.593
5.50 1.00 0.054 -0.085 0.929 1.191 1.701 2.033 2.150 2.140 1.610 0.399
5.50 1.26 0.055 -0.085 0.929 1.190 1.700 2.032 2.149 2.139 1.609 0.398
5.50 1.58 0.057 -0.085 0.929 1.190 1.700 2.031 2.148 2.138 1.608 0.398
5.50 2.00 0.059 -0.085 0.928 1.189 1.699 2.030 2.147 2.137 1.607 0.398
5.50 2.51 0.061 -0.085 0.928 1.188 1.697 2.029 2.146 2.136 1.606 0.397
5.50 3.16 0.064 -0.086 0.927 1.187 1.696 2.027 2.144 2.134 1.605 0.397
5.50 3.98 0.067 -0.086 0.926 1.185 1.694 2.025 2.142 2.132 1.602 0.396
5.50 5.01 0.070 -0.086 0.925 1.183 1.691 2.022 2.139 2.129 1.600 0.394
5.50 6.31 0.074 -0.087 0.923 1.180 1.687 2.018 2.135 2.125 1.596 0.393
5.50 7.94 0.078 -0.089 0.920 1.176 1.682 2.013 2.130 2.119 1.591 0.390
5.50 10.00 0.082 -0.091 0.916 1.170 1.676 2.006 2.123 2.112 1.584 0.386
5.50 12.59 0.086 -0.095 0.911 1.163 1.667 1.996 2.113 2.102 1.575 0.381
5.50 15.85 0.089 -0.100 0.903 1.152 1.654 1.984 2.100 2.089 1.563 0.374
5.50 19.95 0.089 -0.108 0.891 1.138 1.637 1.966 2.083 2.071 1.546 0.363
5.50 25.12 0.086 -0.121 0.875 1.117 1.614 1.942 2.058 2.046 1.522 0.347
5.50 31.62 0.078 -0.139 0.851 1.089 1.582 1.908 2.025 2.012 1.490 0.324
5.50 39.81 0.063 -0.165 0.819 1.050 1.538 1.863 1.980 1.966 1.446 0.292
5.50 50.12 0.039 -0.201 0.774 0.998 1.480 1.804 1.920 1.905 1.387 0.249
5.50 63.10 0.005 -0.249 0.717 0.930 1.405 1.727 1.842 1.826 1.312 0.194
5.50 79.43 -0.040 -0.307 0.646 0.846 1.312 1.631 1.746 1.728 1.218 0.124
5.50 100.00 -0.095 -0.377 0.560 0.745 1.199 1.514 1.629 1.609 1.104 0.041
5.50 125.89 -0.158 -0.455 0.461 0.626 1.065 1.377 1.490 1.468 0.970 -0.055
5.50 158.49 -0.227 -0.541 0.350 0.489 0.910 1.216 1.329 1.304 0.814 -0.162
5.50 199.53 -0.301 -0.632 0.227 0.334 0.732 1.031 1.143 1.114 0.634 -0.281
5.50 251.19 -0.377 -0.727 0.092 0.159 0.527 0.818 0.928 0.894 0.428 -0.410
5.50 316.23 -0.455 -0.824 -0.057 -0.040 0.291 0.572 0.680 0.640 0.190 -0.551
5.50 398.11 -0.534 -0.924 -0.221 -0.268 0.018 0.284 0.390 0.342 -0.087 -0.706
5.50 501.19 -0.612 -1.026 -0.403 -0.530 -0.303 -0.053 0.050 -0.008 -0.410 -0.876
5.50 630.96 -0.691 -1.129 -0.607 -0.836 -0.682 -0.453 -0.354 -0.424 -0.794 -1.066
5.50 794.33 -0.769 -1.233 -0.840 -1.195 -1.134 -0.932 -0.837 -0.923 -1.251 -1.280
5.50 1000.00 -0.845 -1.339 -1.106 -1.622 -1.677 -1.509 -1.420 -1.526 -1.801 -1.523
5.75 1.00 0.174 0.006 1.001 1.255 1.758 2.080 2.193 2.182 1.658 0.469
5.75 1.26 0.175 0.006 1.001 1.254 1.758 2.079 2.192 2.181 1.657 0.468
5.75 1.58 0.177 0.006 1.001 1.254 1.757 2.079 2.191 2.180 1.656 0.468
5.75 2.00 0.179 0.005 1.000 1.253 1.756 2.078 2.190 2.179 1.655 0.468
5.75 2.51 0.181 0.005 1.000 1.252 1.755 2.076 2.189 2.178 1.654 0.467
5.75 3.16 0.183 0.005 0.999 1.251 1.753 2.075 2.187 2.176 1.652 0.466
5.75 3.98 0.186 0.005 0.998 1.249 1.751 2.072 2.185 2.174 1.650 0.466
5.75 5.01 0.190 0.004 0.997 1.247 1.748 2.069 2.182 2.171 1.647 0.464
5.75 6.31 0.193 0.003 0.995 1.244 1.744 2.065 2.178 2.167 1.644 0.462
5.75 7.94 0.197 0.002 0.992 1.240 1.739 2.060 2.173 2.161 1.639 0.460
5.75 10.00 0.201 -0.001 0.988 1.234 1.733 2.053 2.166 2.154 1.632 0.456
5.75 12.59 0.204 -0.004 0.983 1.227 1.724 2.044 2.156 2.144 1.623 0.451
5.75 15.85 0.207 -0.009 0.975 1.216 1.712 2.031 2.143 2.131 1.610 0.444
5.75 19.95 0.207 -0.018 0.963 1.202 1.695 2.013 2.125 2.113 1.593 0.433
5.75 25.12 0.204 -0.030 0.947 1.181 1.671 1.989 2.101 2.088 1.570 0.417
5.75 31.62 0.196 -0.049 0.923 1.153 1.639 1.956 2.067 2.054 1.537 0.394
5.75 39.81 0.181 -0.075 0.890 1.114 1.595 1.911 2.022 2.008 1.493 0.362
5.75 50.12 0.156 -0.111 0.846 1.062 1.537 1.851 1.962 1.947 1.435 0.319
5.75 63.10 0.122 -0.158 0.789 0.994 1.463 1.774 1.885 1.868 1.360 0.263
5.75 79.43 0.077 -0.217 0.718 0.910 1.369 1.678 1.788 1.770 1.266 0.194
5.75 100.00 0.022 -0.286 0.632 0.809 1.256 1.562 1.671 1.651 1.152 0.111
5.75 125.89 -0.041 -0.365 0.533 0.690 1.122 1.424 1.533 1.510 1.018 0.015
5.75 158.49 -0.111 -0.450 0.422 0.553 0.967 1.264 1.372 1.346 0.862 -0.093
5.75 199.53 -0.184 -0.541 0.299 0.398 0.789 1.079 1.185 1.156 0.682 -0.211
5.75 251.19 -0.261 -0.636 0.164 0.223 0.585 0.866 0.971 0.936 0.476 -0.340
5.75 316.23 -0.339 -0.734 0.015 0.024 0.349 0.619 0.722 0.682 0.238 -0.482
5.75 398.11 -0.417 -0.834 -0.149 -0.204 0.075 0.332 0.433 0.384 -0.039 -0.636
5.75 501.19 -0.496 -0.935 -0.331 -0.466 -0.246 -0.006 0.092 0.034 -0.363 -0.807
5.75 630.96 -0.575 -1.038 -0.535 -0.772 -0.625 -0.406 -0.312 -0.382 -0.746 -0.996
5.75 794.33 -0.652 -1.142 -0.768 -1.131 -1.077 -0.884 -0.795 -0.881 -1.203 -1.210
5.75 1000.00 -0.729 -1.249 -1.035 -1.558 -1.620 -1.461 -1.378 -1.483 -1.753 -1.453
6.00 1.00 0.295 0.096 1.073 1.319 1.815 2.128 2.235 2.224 1.705 0.538
6.00 1.26 0.296 0.096 1.073 1.318 1.815 2.127 2.235 2.223 1.705 0.538
6.00 1.58 0.297 0.096 1.073 1.318 1.814 2.126 2.234 2.223 1.704 0.538
6.00 2.00 0.299 0.096 1.072 1.317 1.813 2.125 2.233 2.221 1.703 0.538
6.00 2.51 0.301 0.096 1.072 1.316 1.812 2.124 2.231 2.220 1.702 0.537
6.00 3.16 0.303 0.096 1.071 1.315 1.810 2.122 2.230 2.218 1.700 0.536
6.00 3.98 0.306 0.095 1.070 1.313 1.808 2.120 2.227 2.216 1.698 0.535
6.00 5.01 0.309 0.095 1.069 1.311 1.805 2.117 2.224 2.213 1.695 0.534
6.00 6.31 0.312 0.094 1.067 1.308 1.802 2.113 2.221 2.209 1.691 0.532
6.00 7.94 0.316 0.092 1.064 1.304 1.797 2.108 2.215 2.203 1.686 0.530
6.00 10.00 0.320 0.090 1.060 1.298 1.790 2.101 2.208 2.196 1.680 0.526
6.00 12.59 0.323 0.086 1.054 1.291 1.781 2.091 2.199 2.186 1.671 0.521
6.00 15.85 0.325 0.081 1.047 1.280 1.769 2.078 2.186 2.173 1.658 0.513
6.00 19.95 0.325 0.073 1.035 1.266 1.752 2.061 2.168 2.155 1.641 0.502
6.00 25.12 0.321 0.060 1.019 1.245 1.728 2.037 2.144 2.130 1.617 0.486
6.00 31.62 0.313 0.042 0.995 1.217 1.696 2.003 2.110 2.096 1.585 0.464
6.00 39.81 0.298 0.016 0.962 1.178 1.652 1.958 2.065 2.050 1.541 0.432
6.00 50.12 0.273 -0.020 0.918 1.126 1.594 1.899 2.005 1.989 1.483 0.389
6.00 63.10 0.239 -0.067 0.861 1.058 1.520 1.822 1.928 1.911 1.408 0.333
6.00 79.43 0.194 -0.126 0.790 0.974 1.426 1.726 1.831 1.812 1.314 0.264
6.00 100.00 0.138 -0.196 0.704 0.872 1.313 1.609 1.714 1.693 1.200 0.181
6.00 125.89 0.075 -0.274 0.605 0.754 1.180 1.471 1.576 1.552 1.065 0.085
6.00 158.49 0.006 -0.360 0.494 0.617 1.025 1.311 1.414 1.388 0.909 -0.023
6.00 199.53 -0.068 -0.451 0.371 0.462 0.846 1.126 1.228 1.198 0.730 -0.141
6.00 251.19 -0.144 -0.546 0.236 0.287 0.642 0.913 1.014 0.978 0.523 -0.271
6.00 316.23 -0.222 -0.643 0.087 0.087 0.406 0.666 0.765 0.724 0.285 -0.412
6.00 398.11 -0.301 -0.743 -0.077 -0.140 0.132 0.379 0.475 0.426 0.009 -0.566
6.00 501.19 -0.380 -0.845 -0.259 -0.402 -0.189 0.042 0.135 0.076 -0.315 -0.737
6.00 630.96 -0.458 -0.948 -0.463 -0.708 -0.568 -0.358 -0.269 -0.340 -0.698 -0.926
6.00 794.33 -0.536 -1.052 -0.696 -1.067 -1.019 -0.837 -0.752 -0.839 -1.155 -1.140
6.00 1000.00 -0.613 -1.158 -0.963 -1.494 -1.563 -1.414 -1.335 -1.441 -1.705 -1.383
6.25 1.00 0.415 0.187 1.145 1.383 1.872 2.175 2.278 2.266 1.753 0.608
6.25 1.26 0.416 0.187 1.145 1.382 1.872 2.174 2.277 2.265 1.752 0.608
6.25 1.58 0.418 0.187 1.145 1.382 1.871 2.174 2.277 2.265 1.752 0.608
6.25 2.00 0.419 0.186 1.144 1.381 1.870 2.173 2.276 2.264 1.751 0.607
6.25 2.51 0.421 0.186 1.144 1.380 1.869 2.171 2.274 2.262 1.749 0.607
6.25 3.16 0.423 0.186 1.143 1.379 1.867 2.169 2.272 2.260 1.748 0.606
6.25 3.98 0.426 0.186 1.142 1.377 1.865 2.167 2.270 2.258 1.745 0.605
6.25 5.01 0.429 0.185 1.140 1.375 1.862 2.164 2.267 2.255 1.743 0.604
6.25 6.31 0.432 0.184 1.139 1.372 1.859 2.160 2.263 2.251 1.739 0.602
6.25 7.94 0.435 0.183 1.136 1.368 1.854 2.155 2.258 2.245 1.734 0.600
6.25 10.00 0.438 0.181 1.132 1.362 1.847 2.148 2.251 2.238 1.727 0.596
6.25 12.59 0.441 0.177 1.126 1.355 1.838 2.139 2.242 2.228 1.718 0.591
6.25 15.85 0.443 0.172 1.119 1.344 1.826 2.126 2.229 2.215 1.706 0.583
6.25 19.95 0.443 0.163 1.107 1.330 1.809 2.108 2.211 2.197 1.689 0.572
6.25 25.12 0.439 0.151 1.091 1.309 1.785 2.084 2.186 2.172 1.665 0.556
6.25 31.62 0.431 0.133 1.067 1.281 1.753 2.051 2.153 2.138 1.633 0.534
6.25 39.81 0.415 0.106 1.034 1.242 1.710 2.006 2.108 2.092 1.589 0.502
6.25 50.12 0.390 0.070 0.990 1.190 1.652 1.946 2.048 2.031 1.530 0.459
6.25 63.10 0.356 0.023 0.933 1.122 1.577 1.869 1.970 1.953 1.455 0.403
6.25 79.43 0.310 -0.036 0.862 1.038 1.483 1.773 1.874 1.855 1.361 0.334
6.25 100.00 0.255 -0.105 0.776 0.936 1.370 1.657 1.757 1.735 1.248 0.250
6.25 125.89 0.192 -0.184 0.677 0.818 1.237 1.519 1.618 1.595 1.113 0.155
6.25 158.49 0.122 -0.269 0.566 0.681 1.082 1.359 1.457 1.430 0.957 0.047
6.25 199.53 0.048 -0.360 0.443 0.526 0.904 1.174 1.271 1.240 0.778 -0.071
6.25 251.19 -0.028 -0.455 0.308 0.351 0.699 0.961 1.056 1.021 0.571 -0.201
6.25 316.23 -0.106 -0.553 0.159 0.151 0.463 0.714 0.808 0.766 0.333 -0.342
6.25 398.11 -0.185 -0.653 -0.005 -0.076 0.189 0.427 0.518 0.468 0.057 -0.496
6.25 501.19 -0.264 -0.754 -0.187 -0.338 -0.132 0.089 0.178 0.118 -0.267 -0.667
6.25 630.96 -0.342 -0.857 -0.391 -0.644 -0.510 -0.311 -0.226 -0.298 -0.650 -0.856
6.25 794.33 -0.420 -0.961 -0.624 -1.003 -0.962 -0.789 -0.709 -0.797 -1.108 -1.070
6.25 1000.00 -0.497 -1.067 -0.891 -1.430 -1.505 -1.366 -1.292 -1.399 -1.657 -1.314
6.50 1.00 0.536 0.277 1.217 1.447 1.930 2.222 2.321 2.308 1.801 0.678
6.50 1.26 0.537 0.277 1.217 1.446 1.929 2.222 2.320 2.308 1.800 0.678
6.50 1.58 0.538 0.277 1.217 1.446 1.928 2.221 2.319 2.307 1.799 0.678
6.50 2.00 0.539 0.277 1.216 1.445 1.927 2.220 2.318 2.306 1.798 0.677
6.50 2.51 0.541 0.277 1.216 1.444 1.926 2.219 2.317 2.304 1.797 0.677
6.50 3.16 0.543 0.277 1.215 1.443 1.924 2.217 2.315 2.302 1.795 0.676
6.50 3.98 0.546 0.276 1.214 1.441 1.922 2.215 2.313 2.300 1.793 0.675
6.50 5.01 0.548 0.276 1.212 1.439 1.920 2.212 2.310 2.297 1.790 0.674
6.50 6.31 0.551 0.275 1.211 1.436 1.916 2.208 2.306 2.293 1.787 0.672
6.50 7.94 0.554 0.273 1.208 1.432 1.911 2.203 2.301 2.288 1.782 0.670
6.50 10.00 0.557 0.271 1.204 1.426 1.904 2.196 2.294 2.280 1.775 0.666
6.50 12.59 0.560 0.268 1.198 1.419 1.895 2.186 2.284 2.271 1.766 0.661
6.50 15.85 0.561 0.262 1.190 1.408 1.883 2.173 2.271 2.257 1.753 0.653
6.50 19.95 0.561 0.254 1.179 1.394 1.866 2.156 2.254 2.239 1.736 0.642
6.50 25.12 0.557 0.241 1.163 1.373 1.843 2.132 2.229 2.214 1.713 0.626
6.50 31.62 0.548 0.223 1.139 1.345 1.810 2.098 2.196 2.180 1.680 0.604
6.50 39.81 0.532 0.197 1.106 1.306 1.767 2.053 2.150 2.134 1.636 0.572
6.50 50.12 0.508 0.161 1.062 1.254 1.709 1.994 2.090 2.073 1.578 0.529
6.50 63.10 0.473 0.114 1.005 1.186 1.634 1.917 2.013 1.995 1.503 0.473
6.50 79.43 0.427 0.055 0.934 1.102 1.541 1.821 1.917 1.897 1.409 0.403
6.50 100.00 0.372 -0.014 0.848 1.000 1.427 1.704 1.800 1.778 1.295 0.320
6.50 125.89 0.308 -0.093 0.749 0.882 1.294 1.566 1.661 1.637 1.161 0.224
6.50 158.49 0.239 -0.179 0.638 0.745 1.139 1.406 1.500 1.472 1.005 0.117
6.50 199.53 0.165 -0.270 0.515 0.590 0.961 1.221 1.314 1.282 0.825 -0.001
6.50 251.19 0.088 -0.365 0.380 0.415 0.756 1.008 1.099 1.063 0.619 -0.131
6.50 316.23 0.010 -0.462 0.231 0.215 0.520 0.761 0.851 0.808 0.381 -0.272
6.50 398.11 -0.069 -0.562 0.067 -0.012 0.246 0.474 0.561 0.511 0.104 -0.427
6.50 501.19 -0.148 -0.663 -0.115 -0.274 -0.074 0.137 0.220 0.160 -0.220 -0.597
6.50 630.96 -0.226 -0.766 -0.319 -0.580 -0.453 -0.263 -0.183 -0.256 -0.603 -0.787
6.50 794.33 -0.304 -0.871 -0.552 -0.939 -0.905 -0.742 -0.667 -0.755 -1.060 -1.000
6.50 1000.00 -0.381 -0.977 -0.819 -1.366 -1.448 -1.319 -1.249 -1.357 -1.610 -1.244
6.75 1.00 0.657 0.368 1.289 1.511 1.987 2.270 2.364 2.350 1.848 0.748
6.75 1.26 0.658 0.368 1.289 1.510 1.986 2.269 2.363 2.350 1.848 0.748
6.75 1.58 0.659 0.368 1.289 1.510 1.985 2.269 2.362 2.349 1.847 0.748
6.75 2.00 0.660 0.368 1.288 1.509 1.984 2.267 2.361 2.348 1.846 0.747
6.75 2.51 0.662 0.367 1.288 1.508 1.983 2.266 2.360 2.346 1.845 0.747
6.75 3.16 0.663 0.367 1.287 1.507 1.982 2.264 2.358 2.344 1.843 0.746
6.75 3.98 0.666 0.367 1.286 1.505 1.979 2.262 2.356 2.342 1.841 0.745
6.75 5.01 0.668 0.366 1.284 1.503 1.977 2.259 2.353 2.339 1.838 0.744
6.75 6.31 0.671 0.365 1.282 1.500 1.973 2.255 2.349 2.335 1.834 0.742
6.75 7.94 0.674 0.364 1.280 1.496 1.968 2.250 2.344 2.330 1.829 0.739
6.75 10.00 0.676 0.362 1.276 1.490 1.962 2.243 2.336 2.322 1.823 0.736
6.75 12.59 0.679 0.358 1.270 1.483 1.953 2.234 2.327 2.313 1.814 0.731
6.75 15.85 0.680 0.353 1.262 1.472 1.940 2.221 2.314 2.299 1.801 0.723
6.75 19.95 0.679 0.344 1.251 1.458 1.923 2.203 2.296 2.281 1.784 0.712
6.75 25.12 0.675 0.332 1.234 1.437 1.900 2.179 2.272 2.256 1.760 0.696
6.75 31.62 0.666 0.314 1.211 1.409 1.868 2.146 2.238 2.222 1.728 0.673
6.75 39.81 0.650 0.287 1.178 1.370 1.824 2.101 2.193 2.176 1.684 0.642
6.75 50.12 0.625 0.251 1.134 1.317 1.766 2.041 2.133 2.115 1.626 0.599
6.75 63.10 0.590 0.204 1.077 1.250 1.691 1.964 2.056 2.037 1.551 0.543
6.75 79.43 0.544 0.145 1.005 1.166 1.598 1.868 1.959 1.939 1.457 0.473
6.75 100.00 0.489 0.076 0.920 1.064 1.485 1.752 1.842 1.820 1.343 0.390
6.75 125.89 0.425 -0.002 0.821 0.946 1.351 1.614 1.704 1.679 1.209 0.294
6.75 158.49 0.355 -0.088 0.710 0.809 1.196 1.454 1.543 1.514 1.053 0.187
6.75 199.53 0.281 -0.179 0.587 0.654 1.018 1.269 1.356 1.324 0.873 0.068
6.75 251.19 0.205 -0.274 0.452 0.479 0.813 1.055 1.142 1.105 0.667 -0.061
6.75 316.23 0.126 -0.372 0.303 0.279 0.577 0.809 0.893 0.850 0.428 -0.202
6.75 398.11 0.048 -0.471 0.139 0.052 0.303 0.522 0.604 0.553 0.152 -0.357
6.75 501.19 -0.031 -0.573 -0.043 -0.210 -0.017 0.184 0.263 0.202 -0.172 -0.527
6.75 630.96 -0.110 -0.676 -0.247 -0.516 -0.396 -0.216 -0.141 -0.214 -0.555 -0.717
6.75 794.33 -0.188 -0.780 -0.480 -0.875 -0.848 -0.694 -0.624 -0.713 -1.012 -0.930
6.75 1000.00 -0.265 -0.886 -0.747 -1.302 -1.391 -1.271 -1.207 -1.315 -1.562 -1.174
7.00 1.00 0.778 0.458 1.361 1.575 2.044 2.317 2.406 2.392 1.896 0.818
7.00 1.26 0.778 0.458 1.361 1.574 2.043 2.317 2.406 2.392 1.895 0.818
7.00 1.58 0.779 0.458 1.361 1.573 2.043 2.316 2.405 2.391 1.895 0.817
7.00 2.00 0.781 0.458 1.360 1.573 2.042 2.315 2.404 2.390 1.894 0.817
7.00 2.51 0.782 0.458 1.360 1.572 2.040 2.314 2.402 2.388 1.892 0.817
7.00 3.16 0.784 0.458 1.359 1.571 2.039 2.312 2.401 2.387 1.891 0.816
7.00 3.98 0.786 0.457 1.358 1.569 2.037 2.310 2.398 2.384 1.889 0.815
7.00 5.01 0.788 0.457 1.356 1.567 2.034 2.307 2.395 2.381 1.886 0.814
7.00 6.31 0.790 0.456 1.354 1.564 2.030 2.303 2.391 2.377 1.882 0.812
7.00 7.94 0.793 0.454 1.352 1.560 2.025 2.298 2.386 2.372 1.877 0.809
7.00 10.00 0.795 0.452 1.348 1.554 2.019 2.291 2.379 2.365 1.870 0.806
7.00 12.59 0.798 0.449 1.342 1.547 2.010 2.281 2.370 2.355 1.861 0.800
7.00 15.85 0.798 0.443 1.334 1.536 1.997 2.268 2.357 2.342 1.849 0.793
7.00 19.95 0.797 0.435 1.323 1.522 1.980 2.251 2.339 2.323 1.832 0.782
7.00 25.12 0.793 0.423 1.306 1.501 1.957 2.226 2.315 2.298 1.808 0.766
7.00 31.62 0.784 0.404 1.283 1.473 1.925 2.193 2.281 2.264 1.776 0.743
7.00 39.81 0.767 0.378 1.250 1.434 1.881 2.148 2.236 2.218 1.732 0.712
7.00 50.12 0.742 0.342 1.206 1.381 1.823 2.089 2.176 2.157 1.674 0.669
7.00 63.10 0.707 0.295 1.149 1.314 1.748 2.012 2.099 2.079 1.598 0.613
7.00 79.43 0.661 0.236 1.077 1.230 1.655 1.916 2.002 1.981 1.504 0.543
7.00 100.00 0.606 0.167 0.992 1.128 1.542 1.799 1.885 1.862 1.391 0.460
7.00 125.89 0.542 0.088 0.893 1.010 1.408 1.661 1.747 1.721 1.256 0.364
7.00 158.49 0.472 0.002 0.782 0.873 1.253 1.501 1.585 1.556 1.100 0.257
7.00 199.53 0.398 -0.089 0.659 0.718 1.075 1.316 1.399 1.366 0.921 0.138
7.00 251.19 0.321 -0.183 0.524 0.543 0.870 1.103 1.184 1.147 0.714 0.009
7.00 316.23 0.243 -0.281 0.375 0.343 0.634 0.856 0.936 0.892 0.476 -0.132
7.00 398.11 0.164 -0.381 0.211 0.116 0.361 0.569 0.646 0.595 0.200 -0.287
7.00 501.19 0.085 -0.482 0.029 -0.146 0.040 0.232 0.306 0.244 -0.124 -0.457
7.00 630.96 0.006 -0.585 -0.175 -0.452 -0.339 -0.168 -0.098 -0.172 -0.507 -0.647
7.00 794.33 -0.072 -0.690 -0.408 -0.811 -0.791 -0.647 -0.581 -0.671 -0.964 -0.860
7.00 1000.00 -0.149 -0.796 -0.675 -1.238 -1.334 -1.224 -1.164 -1.273 -1.514 -1.104
7.25 1.00 0.898 0.549 1.433 1.638 2.101 2.365 2.449 2.435 1.944 0.888
7.25 1.26 0.899 0.549 1.433 1.638 2.101 2.364 2.448 2.434 1.943 0.888
7.25 1.58 0.900 0.549 1.433 1.637 2.100 2.363 2.448 2.433 1.942 0.887
7.25 2.00 0.901 0.549 1.432 1.637 2.099 2.362 2.446 2.432 1.941 0.887
7.25 2.51 0.903 0.548 1.432 1.636 2.098 2.361 2.445 2.430 1.940 0.886
7.25 3.16 0.904 0.548 1.431 1.635 2.096 2.359 2.443 2.429 1.938 0.886
7.25 3.98 0.906 0.548 1.430 1.633 2.094 2.357 2.441 2.426 1.936 0.885
7.25 5.01 0.908 0.547 1.428 1.631 2.091 2.354 2.438 2.423 1.933 0.884
7.25 6.31 0.910 0.546 1.426 1.628 2.087 2.350 2.434 2.419 1.930 0.882
7.25 7.94 0.913 0.545 1.424 1.624 2.082 2.345 2.429 2.414 1.925 0.879
7.25 10.00 0.915 0.543 1.420 1.618 2.076 2.338 2.422 2.407 1.918 0.876
7.25 12.59 0.917 0.539 1.414 1.611 2.067 2.329 2.412 2.397 1.909 0.870
7.25 15.85 0.917 0.534 1.406 1.600 2.055 2.316 2.400 2.384 1.897 0.863
7.25 19.95 0.916 0.525 1.395 1.586 2.038 2.298 2.382 2.365 1.879 0.852
7.25 25.12 0.911 0.513 1.378 1.565 2.014 2.274 2.357 2.341 1.856 0.836
7.25 31.62 0.902 0.495 1.355 1.537 1.982 2.241 2.324 2.306 1.823 0.813
7.25 39.81 0.885 0.468 1.322 1.498 1.938 2.196 2.279 2.260 1.780 0.781
7.25 50.12 0.860 0.432 1.278 1.445 1.880 2.136 2.219 2.200 1.721 0.738
7.25 63.10 0.824 0.385 1.221 1.378 1.806 2.059 2.141 2.121 1.646 0.683
7.25 79.43 0.778 0.327 1.149 1.294 1.712 1.963 2.045 2.023 1.552 0.613
7.25 100.00 0.722 0.257 1.064 1.192 1.599 1.847 1.928 1.904 1.438 0.530
7.25 125.89 0.659 0.179 0.965 1.074 1.465 1.709 1.789 1.763 1.304 0.434
7.25 158.49 0.589 0.093 0.854 0.937 1.310 1.549 1.628 1.599 1.148 0.327
7.25 199.53 0.514 0.002 0.731 0.782 1.132 1.364 1.442 1.408 0.968 0.208
7.25 251.19 0.438 -0.093 0.596 0.607 0.928 1.150 1.227 1.189 0.762 0.079
7.25 316.23 0.359 -0.191 0.447 0.407 0.692 0.904 0.979 0.934 0.524 -0.062
7.25 398.11 0.280 -0.290 0.283 0.180 0.418 0.617 0.689 0.637 0.247 -0.217
7.25 501.19 0.201 -0.392 0.101 -0.082 0.097 0.279 0.349 0.287 -0.077 -0.387
7.25 630.96 0.123 -0.495 -0.103 -0.388 -0.282 -0.121 -0.055 -0.130 -0.460 -0.577
7.25 794.33 0.045 -0.599 -0.336 -0.747 -0.734 -0.599 -0.538 -0.628 -0.917 -0.791
7.25 1000.00 -0.032 -0.705 -0.603 -1.174 -1.277 -1.176 -1.121 -1.231 -1.467 -1.034
7.50 1.00 1.019 0.639 1.505 1.702 2.158 2.412 2.492 2.477 1.991 0.958
7.50 1.26 1.020 0.639 1.505 1.702 2.158 2.412 2.491 2.476 1.991 0.957
7.50 1.58 1.021 0.639 1.504 1.701 2.157 2.411 2.490 2.475 1.990 0.957
7.50 2.00 1.022 0.639 1.504 1.701 2.156 2.410 2.489 2.474 1.989 0.957
7.50 2.51 1.023 0.639 1.504 1.700 2.155 2.409 2.488 2.473 1.988 0.956
7.50 3.16 1.025 0.639 1.503 1.698 2.153 2.407 2.486 2.471 1.986 0.956
7.50 3.98 1.026 0.638 1.502 1.697 2.151 2.405 2.484 2.468 1.984 0.955
7.50 5.01 1.028 0.638 1.500 1.695 2.148 2.402 2.481 2.465 1.981 0.953
7.50 6.31 1.030 0.637 1.498 1.692 2.145 2.398 2.477 2.461 1.977 0.952
7.50 7.94 1.032 0.635 1.496 1.688 2.140 2.393 2.472 2.456 1.972 0.949
7.50 10.00 1.034 0.633 1.492 1.682 2.133 2.386 2.465 2.449 1.966 0.945
7.50 12.59 1.036 0.630 1.486 1.675 2.124 2.376 2.455 2.439 1.957 0.940
7.50 15.85 1.036 0.624 1.478 1.664 2.112 2.363 2.442 2.426 1.944 0.933
7.50 19.95 1.035 0.616 1.467 1.650 2.095 2.346 2.424 2.408 1.927 0.922
7.50 25.12 1.030 0.604 1.450 1.629 2.071 2.321 2.400 2.383 1.904 0.906
7.50 31.62 1.020 0.585 1.427 1.601 2.039 2.288 2.367 2.349 1.871 0.883
7.50 39.81 1.003 0.559 1.394 1.562 1.995 2.243 2.321 2.303 1.827 0.851
7.50 50.12 0.977 0.523 1.350 1.509 1.937 2.184 2.261 2.242 1.769 0.808
7.50 63.10 0.942 0.476 1.293 1.442 1.863 2.107 2.184 2.163 1.694 0.753
7.50 79.43 0.895 0.417 1.221 1.358 1.769 2.011 2.088 2.065 1.600 0.683
7.50 100.00 0.840 0.348 1.136 1.256 1.656 1.894 1.971 1.946 1.486 0.600
7.50 125.89 0.775 0.269 1.037 1.137 1.523 1.756 1.832 1.805 1.352 0.504
7.50 158.49 0.705 0.183 0.926 1.001 1.368 1.596 1.671 1.641 1.196 0.397
7.50 199.53 0.631 0.092 0.803 0.846 1.189 1.411 1.485 1.451 1.016 0.278
7.50 251.19 0.554 -0.002 0.668 0.671 0.985 1.198 1.270 1.231 0.810 0.149
7.50 316.23 0.476 -0.100 0.519 0.471 0.749 0.951 1.021 0.976 0.572 0.008
7.50 398.11 0.397 -0.200 0.355 0.244 0.475 0.664 0.732 0.679 0.295 -0.147
7.50 501.19 0.318 -0.301 0.173 -0.018 0.154 0.327 0.391 0.329 -0.029 -0.317
7.50 630.96 0.239 -0.404 -0.031 -0.324 -0.225 -0.073 -0.012 -0.088 -0.412 -0.507
7.50 794.33 0.161 -0.509 -0.264 -0.683 -0.676 -0.552 -0.496 -0.586 -0.869 -0.721
7.50 1000.00 0.084 -0.615 -0.531 -1.110 -1.220 -1.129 -1.078 -1.189 -1.419 -0.964
7.75 1.00 1.141 0.730 1.577 1.766 2.215 2.460 2.534 2.519 2.039 1.028
7.75 1.26 1.141 0.730 1.577 1.766 2.215 2.459 2.534 2.518 2.039 1.027
7.75 1.58 1.142 0.730 1.576 1.765 2.214 2.458 2.533 2.517 2.038 1.027
7.75 2.00 1.143 0.730 1.576 1.765 2.213 2.457 2.532 2.516 2.037 1.027
7.75 2.51 1.144 0.730 1.575 1.764 2.212 2.456 2.531 2.515 2.035 1.026
7.75 3.16 1.145 0.729 1.575 1.762 2.210 2.454 2.529 2.513 2.034 1.025
7.75 3.98 1.147 0.729 1.574 1.761 2.208 2.452 2.527 2.511 2.032 1.025
7.75 5.01 1.148 0.728 1.572 1.759 2.205 2.449 2.524 2.507 2.029 1.023
7.75 6.31 1.150 0.727 1.570 1.756 2.202 2.445 2.520 2.503 2.025 1.021
7.75 7.94 1.152 0.726 1.568 1.752 2.197 2.440 2.514 2.498 2.020 1.019
7.75 10.00 1.154 0.724 1.564 1.746 2.190 2.433 2.507 2.491 2.014 1.015
7.75 12.59 1.155 0.720 1.558 1.739 2.181 2.424 2.498 2.481 2.004 1.010
7.75 15.85 1.155 0.715 1.550 1.728 2.169 2.411 2.485 2.468 1.992 1.003
7.75 19.95 1.154 0.707 1.539 1.714 2.152 2.393 2.467 2.450 1.975 0.992
7.75 25.12 1.148 0.694 1.522 1.693 2.128 2.369 2.443 2.425 1.951 0.976
7.75 31.62 1.138 0.676 1.499 1.665 2.096 2.336 2.409 2.391 1.919 0.953
7.75 39.81 1.121 0.649 1.466 1.626 2.053 2.291 2.364 2.345 1.875 0.921
7.75 50.12 1.095 0.613 1.422 1.573 1.995 2.231 2.304 2.284 1.817 0.878
7.75 63.10 1.059 0.566 1.365 1.506 1.920 2.154 2.227 2.205 1.741 0.822
7.75 79.43 1.013 0.508 1.293 1.422 1.826 2.058 2.130 2.107 1.648 0.753
7.75 100.00 0.957 0.438 1.208 1.320 1.713 1.942 2.013 1.988 1.534 0.670
7.75 125.89 0.892 0.360 1.109 1.201 1.580 1.804 1.875 1.847 1.399 0.574
7.75 158.49 0.822 0.274 0.998 1.065 1.425 1.643 1.713 1.683 1.243 0.466
7.75 199.53 0.748 0.183 0.875 0.910 1.247 1.459 1.527 1.493 1.064 0.348
7.75 251.19 0.671 0.088 0.740 0.734 1.042 1.245 1.313 1.273 0.857 0.219
7.75 316.23 0.592 -0.010 0.591 0.535 0.806 0.999 1.064 1.018 0.619 0.077
7.75 398.11 0.513 -0.109 0.427 0.308 0.532 0.712 0.775 0.721 0.343 -0.077
7.75 501.19 0.434 -0.211 0.245 0.046 0.211 0.374 0.434 0.371 0.019 -0.248
7.75 630.96 0.355 -0.314 0.040 -0.260 -0.167 -0.026 0.030 -0.045 -0.364 -0.437
7.75 794.33 0.277 -0.418 -0.192 -0.619 -0.619 -0.504 -0.453 -0.544 -0.821 -0.651
7.75 1000.00 0.200 -0.524 -0.459 -1.046 -1.162 -1.081 -1.036 -1.147 -1.371 -0.894
8.00 1.00 1.262 0.820 1.649 1.830 2.273 2.507 2.577 2.561 2.087 1.097
8.00 1.26 1.262 0.820 1.649 1.830 2.272 2.507 2.577 2.560 2.086 1.097
8.00 1.58 1.263 0.820 1.648 1.829 2.271 2.506 2.576 2.559 2.085 1.097
8.00 2.00 1.264 0.820 1.648 1.829 2.270 2.505 2.575 2.558 2.084 1.097
8.00 2.51 1.265 0.820 1.647 1.828 2.269 2.503 2.573 2.557 2.083 1.096
8.00 3.16 1.266 0.820 1.647 1.826 2.267 2.502 2.572 2.555 2.082 1.095
8.00 3.98 1.267 0.819 1.646 1.825 2.265 2.500 2.569 2.553 2.079 1.094
8.00 5.01 1.269 0.819 1.644 1.823 2.263 2.497 2.566 2.550 2.077 1.093
8.00 6.31 1.271 0.818 1.642 1.820 2.259 2.493 2.562 2.545 2.073 1.091
8.00 7.94 1.272 0.816 1.640 1.816 2.254 2.487 2.557 2.540 2.068 1.089
8.00 10.00 1.274 0.814 1.636 1.810 2.247 2.481 2.550 2.533 2.061 1.085
8.00 12.59 1.275 0.811 1.630 1.803 2.238 2.471 2.541 2.523 2.052 1.080
8.00 15.85 1.275 0.805 1.622 1.792 2.226 2.458 2.528 2.510 2.040 1.072
8.00 19.95 1.273 0.797 1.611 1.778 2.209 2.441 2.510 2.492 2.023 1.061
8.00 25.12 1.267 0.785 1.594 1.757 2.186 2.416 2.486 2.467 1.999 1.045
8.00 31.62 1.257 0.766 1.571 1.729 2.153 2.383 2.452 2.433 1.967 1.023
8.00 39.81 1.239 0.740 1.538 1.690 2.110 2.338 2.407 2.387 1.923 0.991
8.00 50.12 1.213 0.704 1.494 1.637 2.052 2.278 2.347 2.326 1.864 0.948
8.00 63.10 1.177 0.657 1.437 1.570 1.977 2.202 2.270 2.247 1.789 0.892
8.00 79.43 1.130 0.598 1.365 1.486 1.884 2.105 2.173 2.149 1.695 0.823
8.00 100.00 1.074 0.529 1.280 1.384 1.770 1.989 2.056 2.030 1.581 0.740
8.00 125.89 1.009 0.450 1.181 1.265 1.637 1.851 1.917 1.889 1.447 0.644
8.00 158.49 0.939 0.365 1.070 1.129 1.482 1.691 1.756 1.725 1.291 0.536
8.00 199.53 0.865 0.274 0.947 0.974 1.304 1.506 1.570 1.535 1.111 0.418
8.00 251.19 0.787 0.179 0.812 0.798 1.099 1.293 1.355 1.315 0.905 0.288
8.00 316.23 0.709 0.081 0.663 0.599 0.863 1.046 1.107 1.061 0.667 0.147
8.00 398.11 0.629 -0.019 0.499 0.372 0.589 0.759 0.817 0.763 0.390 -0.007
8.00 501.19 0.550 -0.120 0.317 0.110 0.269 0.422 0.477 0.413 0.067 -0.178
8.00 630.96 0.471 -0.223 0.112 -0.196 -0.110 0.022 0.073 -0.003 -0.317 -0.367
8.00 794.33 0.393 -0.328 -0.120 -0.555 -0.562 -0.457 -0.410 -0.502 -0.774 -0.581
8.00 1000.00 0.316 -0.434 -0.387 -0.982 -1.105 -1.034 -0.993 -1.105 -1.324 -0.824
8.25 1.00 1.383 0.911 1.721 1.894 2.330 2.555 2.620 2.603 2.135 1.167
8.25 1.26 1.383 0.911 1.721 1.894 2.329 2.554 2.619 2.602 2.134 1.167
8.25 1.58 1.384 0.911 1.720 1.893 2.328 2.553 2.618 2.601 2.133 1.167
8.25 2.00 1.385 0.911 1.720 1.893 2.327 2.552 2.617 2.600 2.132 1.166
8.25 2.51 1.386 0.911 1.719 1.892 2.326 2.551 2.616 2.599 2.131 1.166
8.25 3.16 1.387 0.910 1.719 1.890 2.325 2.549 2.614 2.597 2.129 1.165
8.25 3.98 1.388 0.910 1.718 1.889 2.322 2.547 2.612 2.595 2.127 1.164
8.25 5.01 1.390 0.909 1.716 1.887 2.320 2.544 2.609 2.592 2.124 1.163
8.25 6.31 1.391 0.908 1.714 1.884 2.316 2.540 2.605 2.588 2.121 1.161
8.25 7.94 1.393 0.907 1.712 1.880 2.311 2.535 2.600 2.582 2.116 1.159
8.25 10.00 1.394 0.905 1.708 1.874 2.305 2.528 2.593 2.575 2.109 1.155
8.25 12.59 1.395 0.901 1.702 1.867 2.296 2.519 2.583 2.565 2.100 1.150
8.25 15.85 1.394 0.896 1.694 1.856 2.283 2.506 2.570 2.552 2.087 1.142
8.25 19.95 1.392 0.888 1.683 1.842 2.266 2.488 2.553 2.534 2.070 1.131
8.25 25.12 1.386 0.875 1.666 1.821 2.243 2.464 2.528 2.509 2.047 1.115
8.25 31.62 1.375 0.857 1.643 1.793 2.211 2.431 2.495 2.475 2.014 1.093
8.25 39.81 1.358 0.831 1.610 1.753 2.167 2.386 2.450 2.429 1.970 1.061
8.25 50.12 1.331 0.795 1.566 1.701 2.109 2.326 2.390 2.368 1.912 1.018
8.25 63.10 1.295 0.747 1.509 1.634 2.034 2.249 2.312 2.289 1.837 0.962
8.25 79.43 1.248 0.689 1.437 1.550 1.941 2.153 2.216 2.191 1.743 0.893
8.25 100.00 1.191 0.619 1.352 1.448 1.828 2.036 2.099 2.072 1.629 0.809
8.25 125.89 1.127 0.541 1.253 1.329 1.694 1.899 1.960 1.931 1.495 0.714
8.25 158.49 1.056 0.455 1.142 1.193 1.539 1.738 1.799 1.767 1.339 0.606
8.25 199.53 0.981 0.364 1.019 1.038 1.361 1.553 1.613 1.577 1.159 0.488
8.25 251.19 0.904 0.269 0.883 0.862 1.156 1.340 1.398 1.357 0.953 0.358
8.25 316.23 0.825 0.172 0.735 0.663 0.920 1.094 1.150 1.103 0.715 0.217
8.25 398.11 0.746 0.072 0.571 0.436 0.646 0.806 0.860 0.805 0.438 0.063
8.25 501.19 0.667 -0.030 0.389 0.174 0.326 0.469 0.520 0.455 0.114 -0.108
8.25 630.96 0.588 -0.133 0.184 -0.132 -0.053 0.069 0.116 0.039 -0.269 -0.297
8.25 794.33 0.510 -0.237 -0.048 -0.491 -0.505 -0.409 -0.367 -0.460 -0.726 -0.511
8.25 1000.00 0.433 -0.343 -0.315 -0.918 -1.048 -0.986 -0.950 -1.062 -1.276 -0.755
8.50 1.00 1.504 1.001 1.793 1.958 2.387 2.602 2.663 2.645 2.182 1.237
8.50 1.26 1.505 1.001 1.793 1.958 2.386 2.602 2.662 2.644 2.182 1.237
8.50 1.58 1.505 1.001 1.792 1.957 2.386 2.601 2.661 2.643 2.181 1.237
8.50 2.00 1.506 1.001 1.792 1.957 2.385 2.600 2.660 2.642 2.180 1.236
8.50 2.51 1.507 1.001 1.791 1.956 2.383 2.598 2.659 2.641 2.179 1.236
8.50 3.16 1.508 1.001 1.791 1.954 2.382 2.597 2.657 2.639 2.177 1.235
8.50 3.98 1.509 1.000 1.790 1.953 2.380 2.594 2.655 2.637 2.175 1.234
8.50 5.01 1.510 1.000 1.788 1.951 2.377 2.592 2.652 2.634 2.172 1.233
8.50 6.31 1.512 0.999 1.786 1.948 2.373 2.588 2.648 2.630 2.168 1.231
8.50 7.94 1.513 0.998 1.784 1.944 2.368 2.582 2.643 2.624 2.163 1.229
8.50 10.00 1.514 0.995 1.780 1.938 2.362 2.575 2.636 2.617 2.157 1.225
8.50 12.59 1.515 0.992 1.774 1.931 2.353 2.566 2.626 2.607 2.148 1.220
8.50 15.85 1.514 0.986 1.766 1.920 2.340 2.553 2.613 2.594 2.135 1.212
8.50 19.95 1.511 0.978 1.755 1.906 2.323 2.536 2.595 2.576 2.118 1.201
8.50 25.12 1.505 0.966 1.738 1.885 2.300 2.511 2.571 2.551 2.094 1.185
8.50 31.62 1.494 0.947 1.715 1.856 2.268 2.478 2.538 2.517 2.062 1.163
8.50 39.81 1.476 0.921 1.682 1.817 2.224 2.433 2.492 2.471 2.018 1.131
8.50 50.12 1.449 0.885 1.638 1.765 2.166 2.373 2.432 2.410 1.960 1.088
8.50 63.10 1.413 0.838 1.581 1.698 2.091 2.296 2.355 2.331 1.885 1.032
8.50 79.43 1.365 0.779 1.509 1.614 1.998 2.200 2.259 2.233 1.791 0.962
8.50 100.00 1.309 0.710 1.424 1.512 1.885 2.084 2.141 2.114 1.677 0.879
8.50 125.89 1.244 0.631 1.325 1.393 1.751 1.946 2.003 1.973 1.542 0.783
8.50 158.49 1.173 0.546 1.214 1.257 1.596 1.786 1.842 1.809 1.386 0.676
8.50 199.53 1.098 0.455 1.091 1.102 1.418 1.601 1.656 1.619 1.207 0.558
8.50 251.19 1.021 0.360 0.955 0.926 1.213 1.388 1.441 1.399 1.000 0.428
8.50 316.23 0.942 0.262 0.807 0.727 0.977 1.141 1.192 1.145 0.762 0.287
8.50 398.11 0.863 0.162 0.643 0.500 0.704 0.854 0.903 0.847 0.486 0.132
8.50 501.19 0.783 0.061 0.461 0.238 0.383 0.517 0.562 0.497 0.162 -0.038
8.50 630.96 0.704 -0.042 0.256 -0.068 0.004 0.116 0.159 0.081 -0.221 -0.228
8.50 794.33 0.626 -0.147 0.024 -0.427 -0.448 -0.362 -0.325 -0.418 -0.678 -0.441
8.50 1000.00 0.549 -0.253 -0.243 -0.854 -0.991 -0.939 -0.908 -1.020 -1.228 -0.685
8.75 1.00 1.626 1.092 1.865 2.022 2.444 2.650 2.705 2.687 2.230 1.307
8.75 1.26 1.626 1.092 1.865 2.022 2.444 2.649 2.705 2.686 2.229 1.307
8.75 1.58 1.627 1.092 1.864 2.021 2.443 2.648 2.704 2.686 2.229 1.307
8.75 2.00 1.627 1.092 1.864 2.021 2.442 2.647 2.703 2.684 2.228 1.306
8.75 2.51 1.628 1.092 1.863 2.020 2.441 2.646 2.702 2.683 2.226 1.306
8.75 3.16 1.629 1.091 1.863 2.018 2.439 2.644 2.700 2.681 2.225 1.305
8.75 3.98 1.630 1.091 1.862 2.017 2.437 2.642 2.698 2.679 2.222 1.304
8.75 5.01 1.631 1.090 1.860 2.015 2.434 2.639 2.695 2.676 2.220 1.303
8.75 6.31 1.632 1.090 1.858 2.012 2.430 2.635 2.691 2.672 2.216 1.301
8.75 7.94 1.633 1.088 1.856 2.008 2.425 2.630 2.685 2.666 2.211 1.298
8.75 10.00 1.634 1.086 1.852 2.002 2.419 2.623 2.678 2.659 2.204 1.295
8.75 12.59 1.635 1.082 1.846 1.995 2.410 2.614 2.669 2.649 2.195 1.290
8.75 15.85 1.634 1.077 1.838 1.984 2.398 2.601 2.656 2.636 2.183 1.282
8.75 19.95 1.631 1.069 1.827 1.969 2.381 2.583 2.638 2.618 2.166 1.271
8.75 25.12 1.624 1.056 1.810 1.949 2.357 2.559 2.614 2.593 2.142 1.255
8.75 31.62 1.613 1.038 1.787 1.920 2.325 2.525 2.580 2.559 2.110 1.232
8.75 39.81 1.595 1.012 1.754 1.881 2.281 2.481 2.535 2.513 2.066 1.201
8.75 50.12 1.568 0.976 1.710 1.829 2.223 2.421 2.475 2.452 2.007 1.158
8.75 63.10 1.531 0.928 1.653 1.762 2.149 2.344 2.398 2.374 1.932 1.102
8.75 79.43 1.483 0.870 1.581 1.678 2.055 2.248 2.301 2.275 1.838 1.032
8.75 100.00 1.426 0.800 1.496 1.576 1.942 2.131 2.184 2.156 1.725 0.949
8.75 125.89 1.361 0.722 1.397 1.457 1.808 1.994 2.046 2.015 1.590 0.853
8.75 158.49 1.290 0.636 1.286 1.321 1.653 1.833 1.884 1.851 1.434 0.746
8.75 199.53 1.215 0.545 1.163 1.166 1.475 1.648 1.698 1.661 1.255 0.627
8.75 251.19 1.138 0.450 1.027 0.990 1.271 1.435 1.484 1.441 1.048 0.498
8.75 316.23 1.059 0.353 0.879 0.791 1.035 1.189 1.235 1.187 0.810 0.357
8.75 398.11 0.979 0.253 0.715 0.564 0.761 0.901 0.946 0.889 0.534 0.202
8.75 501.19 0.900 0.151 0.533 0.302 0.440 0.564 0.605 0.539 0.210 0.032
8.75 630.96 0.821 0.048 0.328 -0.004 0.061 0.164 0.201 0.123 -0.173 -0.158
8.75 794.33 0.742 -0.056 0.096 -0.363 -0.391 -0.314 -0.282 -0.376 -0.631 -0.371
8.75 1000.00 0.665 -0.162 -0.171 -0.790 -0.934 -0.891 -0.865 -0.978 -1.180 -0.615
9.00 1.00 1.747 1.183 1.937 2.086 2.501 2.697 2.748 2.729 2.278 1.377
9.00 1.26 1.748 1.182 1.937 2.086 2.501 2.697 2.747 2.728 2.277 1.377
9.00 1.58 1.748 1.182 1.936 2.085 2.500 2.696 2.747 2.728 2.276 1.376
9.00 2.00 1.749 1.182 1.936 2.085 2.499 2.695 2.746 2.727 2.275 1.376
9.00 2.51 1.749 1.182 1.935 2.084 2.498 2.693 2.744 2.725 2.274 1.376
9.00 3.16 1.750 1.182 1.935 2.082 2.496 2.692 2.743 2.723 2.272 1.375
9.00 3.98 1.751 1.182 1.934 2.081 2.494 2.689 2.740 2.721 2.270 1.374
9.00 5.01 1.752 1.181 1.932 2.079 2.491 2.686 2.737 2.718 2.267 1.373
9.00 6.31 1.753 1.180 1.930 2.076 2.488 2.683 2.733 2.714 2.264 1.371
9.00 7.94 1.754 1.179 1.928 2.072 2.483 2.677 2.728 2.708 2.259 1.368
9.00 10.00 1.755 1.176 1.924 2.066 2.476 2.670 2.721 2.701 2.252 1.365
9.00 12.59 1.755 1.173 1.918 2.059 2.467 2.661 2.712 2.692 2.243 1.359
9.00 15.85 1.754 1.167 1.910 2.048 2.455 2.648 2.699 2.678 2.230 1.352
9.00 19.95 1.750 1.159 1.899 2.033 2.438 2.631 2.681 2.660 2.213 1.341
9.00 25.12 1.744 1.147 1.882 2.013 2.414 2.606 2.656 2.635 2.190 1.325
9.00 31.62 1.732 1.128 1.859 1.984 2.382 2.573 2.623 2.601 2.157 1.302
9.00 39.81 1.713 1.102 1.826 1.945 2.338 2.528 2.578 2.555 2.113 1.271
9.00 50.12 1.686 1.066 1.782 1.893 2.280 2.468 2.518 2.494 2.055 1.228
9.00 63.10 1.649 1.019 1.725 1.826 2.206 2.391 2.441 2.416 1.980 1.172
9.00 79.43 1.601 0.960 1.653 1.742 2.112 2.295 2.344 2.318 1.886 1.102
9.00 100.00 1.544 0.891 1.568 1.640 1.999 2.179 2.227 2.199 1.772 1.019
9.00 125.89 1.479 0.812 1.469 1.521 1.866 2.041 2.088 2.058 1.638 0.923
9.00 158.49 1.407 0.727 1.358 1.385 1.711 1.881 1.927 1.893 1.482 0.816
9.00 199.53 1.332 0.636 1.235 1.230 1.532 1.696 1.741 1.703 1.302 0.697
9.00 251.19 1.255 0.541 1.099 1.054 1.328 1.483 1.526 1.484 1.096 0.568
9.00 316.23 1.175 0.443 0.951 0.855 1.092 1.236 1.278 1.229 0.858 0.427
9.00 398.11 1.096 0.343 0.787 0.628 0.818 0.949 0.988 0.931 0.581 0.272
9.00 501.19 1.016 0.242 0.605 0.366 0.497 0.611 0.648 0.581 0.257 0.102
9.00 630.96 0.937 0.139 0.400 0.060 0.118 0.211 0.244 0.165 -0.126 -0.088
9.00 794.33 0.859 0.034 0.168 -0.299 -0.333 -0.267 -0.239 -0.334 -0.583 -0.301
9.00 1000.00 0.781 -0.072 -0.099 -0.726 -0.877 -0.844 -0.822 -0.936 -1.133 -0.545
9.25 1.00 1.869 1.273 2.009 2.150 2.558 2.745 2.791 2.771 2.325 1.447
9.25 1.26 1.869 1.273 2.009 2.150 2.558 2.744 2.790 2.771 2.325 1.447
9.25 1.58 1.870 1.273 2.008 2.149 2.557 2.743 2.789 2.770 2.324 1.446
9.25 2.00 1.870 1.273 2.008 2.149 2.556 2.742 2.788 2.769 2.323 1.446
9.25 2.51 1.871 1.273 2.007 2.148 2.555 2.741 2.787 2.767 2.322 1.445
9.25 3.16 1.871 1.272 2.007 2.146 2.553 2.739 2.785 2.765 2.320 1.445
9.25 3.98 1.872 1.272 2.006 2.145 2.551 2.737 2.783 2.763 2.318 1.444
9.25 5.01 1.873 1.271 2.004 2.142 2.548 2.734 2.780 2.760 2.315 1.443
9.25 6.31 1.874 1.271 2.002 2.140 2.545 2.730 2.776 2.756 2.311 1.441
9.25 7.94 1.875 1.269 2.000 2.136 2.540 2.725 2.771 2.751 2.306 1.438
9.25 10.00 1.875 1.267 1.996 2.130 2.533 2.718 2.764 2.743 2.300 1.435
9.25 12.59 1.875 1.263 1.990 2.123 2.524 2.708 2.754 2.734 2.291 1.429
9.25 15.85 1.874 1.258 1.982 2.112 2.512 2.696 2.741 2.720 2.278 1.422
9.25 19.95 1.870 1.250 1.971 2.097 2.495 2.678 2.724 2.702 2.261 1.411
9.25 25.12 1.863 1.237 1.954 2.077 2.471 2.654 2.699 2.677 2.237 1.395
9.25 31.62 1.851 1.219 1.931 2.048 2.439 2.620 2.666 2.643 2.205 1.372
9.25 39.81 1.832 1.193 1.898 2.009 2.396 2.575 2.621 2.597 2.161 1.340
9.25 50.12 1.805 1.157 1.854 1.957 2.338 2.516 2.561 2.536 2.103 1.297
9.25 63.10 1.767 1.109 1.797 1.890 2.263 2.439 2.483 2.458 2.028 1.242
9.25 79.43 1.719 1.051 1.725 1.806 2.169 2.343 2.387 2.360 1.934 1.172
9.25 100.00 1.662 0.981 1.640 1.704 2.056 2.226 2.270 2.241 1.820 1.089
9.25 125.89 1.596 0.903 1.541 1.585 1.923 2.089 2.131 2.100 1.686 0.993
9.25 158.49 1.525 0.817 1.430 1.449 1.768 1.928 1.970 1.935 1.530 0.886
9.25 199.53 1.449 0.726 1.307 1.294 1.590 1.743 1.784 1.745 1.350 0.767
9.25 251.19 1.371 0.631 1.171 1.118 1.385 1.530 1.569 1.526 1.144 0.638
9.25 316.23 1.292 0.534 1.023 0.919 1.149 1.284 1.321 1.271 0.905 0.497
9.25 398.11 1.212 0.434 0.859 0.692 0.875 0.996 1.031 0.974 0.629 0.342
9.25 501.19 1.133 0.332 0.677 0.430 0.554 0.659 0.691 0.623 0.305 0.172
9.25 630.96 1.054 0.229 0.472 0.124 0.176 0.259 0.287 0.207 -0.078 -0.018
9.25 794.33 0.975 0.125 0.240 -0.235 -0.276 -0.220 -0.196 -0.292 -0.535 -0.232
9.25 1000.00 0.898 0.019 -0.027 -0.662 -0.819 -0.796 -0.779 -0.894 -1.085 -0.475
