GhofraniAtkinson2014Cascadia as implemented in OpenQuake, distance is rrup. Log10 hazard values in cgs units
          10 31 26 : nmag, ndist, nperiod
          10.000 9.090 7.140 5.880 4.550 3.700 3.030 2.440 1.920 1.560 1.250 1.010 0.810 0.650 0.530 0.420 0.340 0.270 0.220 0.180 0.140 0.110 0.090 0.070 PGA PGV
          0.538 0.538 0.575 0.611 0.642 0.662 0.685 0.702 0.713 0.682 0.652 0.632 0.648 0.682 0.729 0.785 0.833 0.852 0.852 0.861 0.892 0.909 0.906 0.874 0.795 0.550
7.00 1.00 0.636 0.716 0.983 1.162 1.401 1.598 1.789 1.997 2.228 2.375 2.503 2.585 2.710 2.810 2.889 2.952 2.949 2.910 2.825 2.731 2.638 2.509 2.389 2.312 2.253 1.303
7.00 1.26 0.636 0.716 0.983 1.162 1.400 1.598 1.789 1.997 2.228 2.374 2.502 2.585 2.709 2.809 2.888 2.951 2.948 2.909 2.825 2.731 2.637 2.508 2.389 2.312 2.253 1.303
7.00 1.58 0.636 0.716 0.983 1.162 1.400 1.598 1.789 1.996 2.227 2.374 2.502 2.584 2.708 2.809 2.887 2.950 2.947 2.909 2.824 2.730 2.636 2.507 2.388 2.311 2.252 1.303
7.00 2.00 0.636 0.716 0.983 1.162 1.400 1.598 1.789 1.996 2.227 2.374 2.501 2.583 2.708 2.808 2.886 2.949 2.946 2.908 2.823 2.729 2.635 2.506 2.387 2.310 2.251 1.302
7.00 2.51 0.636 0.716 0.982 1.162 1.400 1.598 1.788 1.996 2.226 2.373 2.500 2.582 2.707 2.806 2.885 2.948 2.945 2.906 2.821 2.727 2.634 2.505 2.385 2.308 2.249 1.302
7.00 3.16 0.636 0.715 0.982 1.162 1.400 1.597 1.788 1.995 2.225 2.372 2.499 2.581 2.705 2.805 2.883 2.946 2.943 2.905 2.820 2.726 2.632 2.503 2.384 2.307 2.248 1.301
7.00 3.98 0.637 0.715 0.982 1.161 1.399 1.597 1.787 1.994 2.224 2.371 2.498 2.579 2.703 2.803 2.881 2.944 2.941 2.902 2.817 2.723 2.630 2.501 2.381 2.304 2.246 1.300
7.00 5.01 0.636 0.715 0.981 1.161 1.399 1.596 1.786 1.993 2.223 2.369 2.496 2.577 2.701 2.800 2.879 2.941 2.938 2.899 2.814 2.720 2.627 2.497 2.378 2.301 2.243 1.299
7.00 6.31 0.636 0.714 0.980 1.160 1.398 1.595 1.785 1.991 2.221 2.367 2.493 2.574 2.698 2.797 2.875 2.937 2.934 2.895 2.811 2.717 2.623 2.493 2.374 2.297 2.239 1.297
7.00 7.94 0.635 0.712 0.979 1.158 1.396 1.593 1.783 1.989 2.218 2.363 2.490 2.570 2.693 2.792 2.870 2.932 2.929 2.890 2.805 2.711 2.618 2.488 2.369 2.292 2.234 1.294
7.00 10.00 0.634 0.710 0.977 1.156 1.394 1.590 1.780 1.986 2.214 2.359 2.485 2.565 2.687 2.786 2.863 2.926 2.922 2.883 2.798 2.704 2.610 2.481 2.362 2.285 2.228 1.291
7.00 12.59 0.631 0.707 0.973 1.153 1.391 1.586 1.775 1.981 2.209 2.353 2.478 2.557 2.679 2.777 2.855 2.916 2.913 2.874 2.789 2.695 2.601 2.471 2.352 2.276 2.218 1.286
7.00 15.85 0.627 0.701 0.968 1.147 1.385 1.580 1.769 1.973 2.200 2.344 2.468 2.547 2.668 2.766 2.842 2.904 2.900 2.861 2.776 2.682 2.588 2.458 2.339 2.263 2.206 1.278
7.00 19.95 0.620 0.693 0.960 1.139 1.377 1.571 1.759 1.963 2.189 2.331 2.455 2.532 2.652 2.749 2.825 2.886 2.882 2.843 2.758 2.664 2.570 2.440 2.320 2.245 2.189 1.267
7.00 25.12 0.609 0.681 0.948 1.127 1.364 1.558 1.745 1.948 2.172 2.313 2.436 2.512 2.630 2.727 2.802 2.863 2.858 2.819 2.734 2.640 2.545 2.415 2.296 2.220 2.165 1.251
7.00 31.62 0.592 0.663 0.930 1.109 1.346 1.538 1.724 1.926 2.148 2.287 2.409 2.483 2.600 2.695 2.770 2.830 2.825 2.786 2.700 2.606 2.511 2.381 2.262 2.187 2.133 1.228
7.00 39.81 0.567 0.637 0.904 1.083 1.319 1.510 1.695 1.895 2.115 2.252 2.372 2.445 2.559 2.653 2.727 2.786 2.780 2.741 2.655 2.561 2.466 2.334 2.216 2.141 2.089 1.197
7.00 50.12 0.533 0.601 0.868 1.047 1.283 1.472 1.655 1.853 2.071 2.205 2.323 2.393 2.505 2.597 2.669 2.727 2.720 2.681 2.595 2.501 2.405 2.274 2.155 2.081 2.031 1.154
7.00 63.10 0.488 0.554 0.821 1.000 1.236 1.422 1.603 1.799 2.013 2.144 2.259 2.325 2.434 2.524 2.595 2.651 2.644 2.604 2.518 2.424 2.327 2.195 2.076 2.004 1.955 1.098
7.00 79.43 0.431 0.496 0.763 0.942 1.177 1.360 1.539 1.731 1.941 2.067 2.179 2.241 2.346 2.433 2.502 2.556 2.548 2.508 2.421 2.327 2.230 2.097 1.978 1.907 1.862 1.028
7.00 100.00 0.364 0.427 0.694 0.874 1.107 1.287 1.462 1.650 1.854 1.975 2.083 2.140 2.240 2.323 2.389 2.441 2.432 2.391 2.304 2.210 2.112 1.978 1.859 1.790 1.748 0.945
7.00 125.89 0.289 0.350 0.617 0.796 1.028 1.203 1.374 1.557 1.754 1.869 1.970 2.021 2.115 2.194 2.256 2.306 2.294 2.253 2.166 2.072 1.972 1.837 1.718 1.651 1.613 0.849
7.00 158.49 0.206 0.265 0.532 0.711 0.942 1.111 1.277 1.453 1.642 1.748 1.842 1.885 1.971 2.044 2.102 2.148 2.134 2.092 2.004 1.910 1.809 1.672 1.554 1.490 1.457 0.742
7.00 199.53 0.118 0.175 0.442 0.621 0.850 1.012 1.171 1.339 1.517 1.612 1.698 1.731 1.806 1.872 1.925 1.966 1.950 1.907 1.818 1.724 1.621 1.482 1.364 1.303 1.278 0.623
7.00 251.19 0.026 0.082 0.349 0.528 0.754 0.907 1.058 1.215 1.379 1.461 1.536 1.556 1.618 1.676 1.722 1.757 1.737 1.693 1.604 1.510 1.404 1.262 1.145 1.088 1.071 0.494
7.00 316.23 -0.067 -0.013 0.253 0.433 0.655 0.796 0.937 1.081 1.227 1.292 1.354 1.357 1.403 1.450 1.488 1.516 1.491 1.446 1.355 1.261 1.152 1.007 0.891 0.839 0.833 0.353
7.00 398.11 -0.163 -0.111 0.156 0.335 0.554 0.680 0.808 0.936 1.060 1.103 1.148 1.131 1.156 1.189 1.216 1.235 1.205 1.158 1.065 0.971 0.858 0.709 0.594 0.548 0.557 0.198
7.00 501.19 -0.259 -0.209 0.058 0.237 0.451 0.558 0.669 0.777 0.873 0.890 0.913 0.870 0.869 0.885 0.898 0.906 0.868 0.820 0.725 0.631 0.513 0.358 0.244 0.207 0.233 0.028
7.00 630.96 -0.356 -0.308 -0.041 0.138 0.345 0.430 0.520 0.601 0.662 0.645 0.641 0.566 0.533 0.526 0.523 0.517 0.470 0.419 0.321 0.227 0.102 -0.058 -0.171 -0.198 -0.150 -0.162
7.00 794.33 -0.453 -0.407 -0.140 0.039 0.238 0.293 0.357 0.406 0.423 0.363 0.325 0.209 0.135 0.100 0.076 0.052 -0.007 -0.061 -0.162 -0.256 -0.389 -0.558 -0.669 -0.683 -0.607 -0.375
7.00 1000.00 -0.551 -0.507 -0.240 -0.061 0.128 0.146 0.177 0.185 0.146 0.033 -0.048 -0.216 -0.341 -0.411 -0.462 -0.509 -0.581 -0.640 -0.745 -0.839 -0.982 -1.161 -1.271 -1.268 -1.157 -0.619
7.25 1.00 0.753 0.832 1.086 1.258 1.488 1.682 1.869 2.072 2.299 2.443 2.568 2.649 2.773 2.871 2.947 3.005 2.998 2.956 2.869 2.773 2.678 2.550 2.432 2.356 2.301 1.373
7.25 1.26 0.753 0.832 1.086 1.258 1.488 1.682 1.869 2.072 2.299 2.443 2.567 2.649 2.772 2.870 2.946 3.005 2.997 2.955 2.869 2.772 2.677 2.550 2.431 2.355 2.300 1.373
7.25 1.58 0.753 0.832 1.086 1.258 1.488 1.682 1.869 2.072 2.299 2.442 2.567 2.648 2.772 2.869 2.945 3.004 2.997 2.955 2.868 2.771 2.677 2.549 2.430 2.355 2.299 1.372
7.25 2.00 0.753 0.832 1.086 1.258 1.488 1.682 1.868 2.071 2.298 2.442 2.566 2.647 2.771 2.869 2.945 3.003 2.996 2.954 2.867 2.770 2.675 2.548 2.429 2.354 2.298 1.372
7.25 2.51 0.753 0.832 1.085 1.258 1.488 1.682 1.868 2.071 2.298 2.441 2.565 2.646 2.770 2.867 2.943 3.002 2.994 2.952 2.866 2.769 2.674 2.546 2.428 2.352 2.297 1.372
7.25 3.16 0.753 0.831 1.085 1.257 1.487 1.681 1.868 2.070 2.297 2.440 2.564 2.645 2.768 2.866 2.942 3.000 2.993 2.951 2.864 2.767 2.672 2.545 2.426 2.350 2.296 1.371
7.25 3.98 0.753 0.831 1.085 1.257 1.487 1.681 1.867 2.070 2.296 2.439 2.563 2.643 2.766 2.864 2.940 2.998 2.990 2.948 2.862 2.765 2.670 2.542 2.424 2.348 2.293 1.370
7.25 5.01 0.753 0.831 1.084 1.256 1.486 1.680 1.866 2.068 2.294 2.437 2.561 2.641 2.764 2.861 2.937 2.995 2.987 2.945 2.859 2.762 2.667 2.539 2.421 2.345 2.291 1.369
7.25 6.31 0.753 0.830 1.083 1.256 1.485 1.679 1.865 2.067 2.292 2.435 2.558 2.638 2.761 2.858 2.933 2.991 2.983 2.941 2.855 2.758 2.663 2.535 2.417 2.341 2.287 1.367
7.25 7.94 0.752 0.828 1.082 1.254 1.484 1.677 1.863 2.064 2.289 2.432 2.555 2.634 2.756 2.853 2.928 2.986 2.978 2.936 2.849 2.753 2.658 2.530 2.411 2.336 2.282 1.364
7.25 10.00 0.750 0.826 1.080 1.252 1.482 1.674 1.860 2.061 2.285 2.427 2.550 2.629 2.750 2.847 2.922 2.979 2.971 2.929 2.842 2.746 2.651 2.523 2.404 2.329 2.275 1.361
7.25 12.59 0.748 0.823 1.076 1.249 1.478 1.670 1.855 2.056 2.280 2.421 2.543 2.621 2.742 2.838 2.913 2.970 2.962 2.920 2.833 2.736 2.641 2.513 2.394 2.319 2.266 1.356
7.25 15.85 0.743 0.817 1.071 1.243 1.473 1.664 1.849 2.049 2.272 2.412 2.533 2.611 2.731 2.826 2.901 2.958 2.949 2.907 2.820 2.723 2.628 2.499 2.381 2.306 2.254 1.348
7.25 19.95 0.736 0.809 1.063 1.235 1.464 1.655 1.839 2.038 2.260 2.399 2.520 2.596 2.715 2.810 2.884 2.940 2.932 2.889 2.802 2.705 2.610 2.481 2.363 2.289 2.237 1.337
7.25 25.12 0.725 0.797 1.051 1.223 1.452 1.642 1.825 2.023 2.243 2.381 2.501 2.576 2.694 2.787 2.860 2.916 2.907 2.865 2.778 2.681 2.585 2.456 2.338 2.264 2.213 1.321
7.25 31.62 0.708 0.779 1.033 1.205 1.433 1.622 1.804 2.001 2.220 2.356 2.474 2.547 2.663 2.756 2.828 2.884 2.874 2.832 2.744 2.647 2.551 2.422 2.304 2.231 2.181 1.298
7.25 39.81 0.684 0.753 1.007 1.179 1.407 1.594 1.775 1.970 2.187 2.320 2.437 2.509 2.623 2.714 2.785 2.839 2.829 2.787 2.699 2.602 2.506 2.376 2.258 2.185 2.137 1.267
7.25 50.12 0.649 0.717 0.971 1.143 1.371 1.556 1.735 1.928 2.142 2.273 2.388 2.457 2.568 2.658 2.727 2.781 2.770 2.727 2.639 2.542 2.445 2.315 2.197 2.125 2.078 1.224
7.25 63.10 0.604 0.670 0.924 1.096 1.323 1.506 1.683 1.874 2.084 2.212 2.323 2.389 2.497 2.585 2.653 2.705 2.693 2.650 2.562 2.465 2.367 2.237 2.119 2.048 2.003 1.168
7.25 79.43 0.548 0.612 0.866 1.038 1.264 1.444 1.619 1.806 2.012 2.135 2.244 2.305 2.409 2.494 2.560 2.610 2.597 2.554 2.465 2.368 2.270 2.138 2.021 1.951 1.909 1.098
7.25 100.00 0.481 0.543 0.797 0.969 1.194 1.371 1.542 1.725 1.925 2.044 2.148 2.204 2.303 2.384 2.447 2.495 2.481 2.437 2.348 2.251 2.152 2.019 1.902 1.834 1.795 1.015
7.25 125.89 0.405 0.466 0.720 0.892 1.115 1.287 1.454 1.632 1.825 1.937 2.035 2.085 2.178 2.255 2.315 2.359 2.343 2.299 2.210 2.113 2.012 1.878 1.761 1.695 1.661 0.919
7.25 158.49 0.322 0.381 0.635 0.807 1.029 1.195 1.357 1.528 1.713 1.816 1.907 1.949 2.034 2.105 2.160 2.202 2.183 2.138 2.048 1.952 1.849 1.714 1.597 1.534 1.505 0.812
7.25 199.53 0.234 0.291 0.545 0.717 0.937 1.096 1.251 1.414 1.588 1.680 1.763 1.795 1.869 1.933 1.983 2.020 1.999 1.953 1.862 1.765 1.661 1.523 1.407 1.347 1.325 0.693
7.25 251.19 0.143 0.198 0.452 0.624 0.842 0.991 1.138 1.291 1.450 1.529 1.601 1.620 1.681 1.736 1.780 1.811 1.786 1.739 1.648 1.551 1.444 1.304 1.188 1.132 1.119 0.564
7.25 316.23 0.049 0.103 0.356 0.528 0.743 0.880 1.017 1.157 1.299 1.361 1.419 1.421 1.466 1.511 1.546 1.570 1.540 1.492 1.399 1.302 1.192 1.049 0.933 0.883 0.881 0.423
7.25 398.11 -0.047 0.005 0.259 0.431 0.641 0.764 0.888 1.011 1.131 1.172 1.213 1.195 1.219 1.250 1.274 1.289 1.254 1.204 1.110 1.013 0.898 0.751 0.636 0.592 0.604 0.268
7.25 501.19 -0.143 -0.093 0.161 0.333 0.538 0.642 0.749 0.852 0.944 0.958 0.978 0.934 0.932 0.945 0.957 0.960 0.918 0.866 0.769 0.672 0.553 0.400 0.287 0.251 0.281 0.098
7.25 630.96 -0.240 -0.192 0.062 0.234 0.433 0.514 0.600 0.677 0.734 0.714 0.706 0.630 0.596 0.587 0.581 0.571 0.519 0.465 0.365 0.268 0.142 -0.017 -0.129 -0.154 -0.103 -0.092
7.25 794.33 -0.337 -0.291 -0.037 0.135 0.325 0.377 0.437 0.481 0.494 0.431 0.390 0.273 0.198 0.161 0.134 0.105 0.042 -0.015 -0.118 -0.215 -0.349 -0.516 -0.627 -0.639 -0.560 -0.305
7.25 1000.00 -0.435 -0.391 -0.137 0.035 0.215 0.230 0.257 0.260 0.217 0.102 0.016 -0.152 -0.278 -0.350 -0.404 -0.455 -0.532 -0.594 -0.701 -0.798 -0.942 -1.120 -1.228 -1.224 -1.110 -0.549
7.50 1.00 0.870 0.948 1.189 1.354 1.575 1.766 1.949 2.148 2.370 2.511 2.633 2.713 2.836 2.932 3.005 3.059 3.047 3.002 2.914 2.814 2.718 2.592 2.474 2.400 2.349 1.443
7.50 1.26 0.870 0.948 1.189 1.354 1.575 1.766 1.949 2.147 2.370 2.511 2.632 2.713 2.835 2.931 3.005 3.059 3.047 3.001 2.913 2.813 2.717 2.592 2.474 2.399 2.348 1.443
7.50 1.58 0.870 0.948 1.189 1.354 1.575 1.766 1.949 2.147 2.370 2.511 2.632 2.712 2.835 2.930 3.004 3.058 3.046 3.001 2.912 2.812 2.717 2.591 2.473 2.399 2.347 1.442
7.50 2.00 0.870 0.948 1.189 1.354 1.575 1.766 1.948 2.147 2.369 2.510 2.631 2.711 2.834 2.929 3.003 3.057 3.045 3.000 2.911 2.811 2.716 2.590 2.472 2.398 2.346 1.442
7.50 2.51 0.870 0.948 1.188 1.353 1.575 1.766 1.948 2.146 2.369 2.509 2.630 2.710 2.833 2.928 3.002 3.056 3.043 2.998 2.910 2.810 2.714 2.588 2.470 2.396 2.345 1.441
7.50 3.16 0.870 0.948 1.188 1.353 1.575 1.765 1.948 2.146 2.368 2.508 2.629 2.709 2.831 2.927 3.000 3.054 3.042 2.996 2.908 2.808 2.712 2.586 2.469 2.394 2.343 1.441
7.50 3.98 0.870 0.947 1.188 1.353 1.574 1.765 1.947 2.145 2.367 2.507 2.628 2.707 2.829 2.925 2.998 3.052 3.040 2.994 2.906 2.806 2.710 2.584 2.466 2.392 2.341 1.440
7.50 5.01 0.870 0.947 1.187 1.352 1.574 1.764 1.946 2.144 2.365 2.505 2.626 2.705 2.827 2.922 2.995 3.049 3.037 2.991 2.903 2.803 2.707 2.581 2.463 2.389 2.338 1.439
7.50 6.31 0.869 0.946 1.186 1.351 1.573 1.763 1.945 2.142 2.364 2.503 2.623 2.702 2.824 2.919 2.991 3.045 3.033 2.987 2.899 2.799 2.703 2.577 2.459 2.385 2.335 1.437
7.50 7.94 0.869 0.944 1.185 1.350 1.571 1.761 1.943 2.140 2.361 2.500 2.620 2.698 2.819 2.914 2.987 3.040 3.028 2.982 2.893 2.794 2.698 2.571 2.454 2.380 2.330 1.434
7.50 10.00 0.867 0.942 1.183 1.348 1.569 1.758 1.940 2.136 2.357 2.495 2.615 2.693 2.813 2.908 2.980 3.033 3.021 2.975 2.886 2.787 2.691 2.564 2.447 2.373 2.323 1.431
7.50 12.59 0.864 0.939 1.179 1.345 1.565 1.754 1.935 2.131 2.351 2.489 2.608 2.685 2.805 2.899 2.971 3.024 3.011 2.966 2.877 2.777 2.681 2.554 2.437 2.363 2.314 1.425
7.50 15.85 0.860 0.933 1.174 1.339 1.560 1.748 1.929 2.124 2.343 2.480 2.598 2.675 2.794 2.887 2.959 3.011 2.998 2.953 2.864 2.764 2.668 2.541 2.424 2.350 2.301 1.418
7.50 19.95 0.853 0.925 1.166 1.331 1.552 1.739 1.919 2.114 2.331 2.467 2.585 2.660 2.778 2.871 2.942 2.994 2.981 2.935 2.846 2.747 2.650 2.523 2.405 2.333 2.284 1.407
7.50 25.12 0.842 0.913 1.154 1.319 1.539 1.726 1.905 2.098 2.315 2.449 2.566 2.640 2.757 2.848 2.919 2.970 2.957 2.911 2.822 2.722 2.625 2.498 2.381 2.308 2.261 1.391
7.50 31.62 0.825 0.895 1.136 1.301 1.521 1.706 1.884 2.076 2.291 2.424 2.539 2.611 2.727 2.817 2.887 2.938 2.923 2.878 2.788 2.689 2.591 2.464 2.347 2.275 2.228 1.368
7.50 39.81 0.800 0.869 1.110 1.275 1.494 1.678 1.855 2.046 2.258 2.389 2.502 2.573 2.686 2.775 2.843 2.893 2.878 2.832 2.743 2.643 2.546 2.418 2.301 2.229 2.184 1.336
7.50 50.12 0.766 0.833 1.074 1.239 1.458 1.640 1.815 2.004 2.213 2.341 2.452 2.521 2.631 2.718 2.786 2.834 2.819 2.773 2.683 2.584 2.485 2.357 2.240 2.169 2.126 1.294
7.50 63.10 0.720 0.786 1.027 1.192 1.411 1.590 1.763 1.949 2.155 2.280 2.388 2.453 2.560 2.646 2.711 2.759 2.742 2.696 2.606 2.506 2.407 2.278 2.161 2.092 2.051 1.238
7.50 79.43 0.664 0.728 0.969 1.134 1.352 1.528 1.699 1.881 2.083 2.204 2.309 2.369 2.472 2.555 2.618 2.664 2.646 2.600 2.509 2.410 2.310 2.180 2.063 1.995 1.957 1.168
7.50 100.00 0.597 0.659 0.900 1.065 1.282 1.455 1.622 1.801 1.997 2.112 2.212 2.268 2.366 2.445 2.506 2.549 2.530 2.483 2.392 2.293 2.192 2.061 1.944 1.878 1.843 1.085
7.50 125.89 0.521 0.582 0.822 0.988 1.203 1.371 1.534 1.708 1.897 2.005 2.100 2.149 2.241 2.316 2.373 2.413 2.393 2.345 2.254 2.154 2.052 1.920 1.803 1.739 1.709 0.989
7.50 158.49 0.438 0.497 0.738 0.903 1.117 1.279 1.437 1.604 1.784 1.884 1.972 2.013 2.097 2.166 2.219 2.256 2.233 2.184 2.093 1.993 1.889 1.755 1.639 1.578 1.553 0.882
7.50 199.53 0.350 0.407 0.648 0.813 1.025 1.180 1.331 1.490 1.659 1.748 1.828 1.859 1.932 1.994 2.042 2.074 2.048 1.999 1.906 1.807 1.701 1.565 1.449 1.391 1.373 0.763
7.50 251.19 0.259 0.314 0.555 0.720 0.929 1.075 1.218 1.366 1.521 1.597 1.666 1.684 1.744 1.797 1.838 1.865 1.836 1.785 1.692 1.592 1.484 1.345 1.230 1.176 1.167 0.634
7.50 316.23 0.165 0.219 0.459 0.624 0.830 0.964 1.097 1.232 1.370 1.429 1.484 1.486 1.529 1.572 1.604 1.624 1.590 1.538 1.443 1.344 1.232 1.090 0.976 0.927 0.929 0.493
7.50 398.11 0.070 0.121 0.362 0.527 0.729 0.848 0.967 1.087 1.202 1.240 1.278 1.259 1.282 1.311 1.333 1.343 1.303 1.250 1.154 1.054 0.938 0.793 0.679 0.636 0.652 0.338
7.50 501.19 -0.027 0.023 0.264 0.429 0.625 0.726 0.829 0.928 1.015 1.026 1.043 0.998 0.996 1.006 1.015 1.014 0.967 0.912 0.813 0.714 0.593 0.442 0.329 0.295 0.328 0.168
7.50 630.96 -0.124 -0.076 0.165 0.330 0.520 0.598 0.680 0.752 0.805 0.782 0.771 0.694 0.659 0.648 0.640 0.624 0.568 0.511 0.409 0.310 0.182 0.025 -0.086 -0.110 -0.055 -0.022
7.50 794.33 -0.221 -0.175 0.066 0.231 0.413 0.461 0.517 0.556 0.565 0.500 0.455 0.337 0.261 0.222 0.192 0.159 0.092 0.031 -0.074 -0.173 -0.309 -0.474 -0.584 -0.595 -0.512 -0.236
7.50 1000.00 -0.319 -0.275 -0.034 0.131 0.303 0.314 0.337 0.336 0.289 0.170 0.081 -0.088 -0.215 -0.289 -0.345 -0.401 -0.483 -0.548 -0.657 -0.756 -0.902 -1.078 -1.186 -1.180 -1.062 -0.479
7.75 1.00 0.986 1.064 1.292 1.450 1.663 1.850 2.029 2.223 2.442 2.580 2.698 2.777 2.899 2.992 3.063 3.113 3.097 3.048 2.958 2.855 2.758 2.634 2.517 2.444 2.396 1.513
7.75 1.26 0.987 1.064 1.292 1.450 1.663 1.850 2.029 2.223 2.441 2.579 2.697 2.777 2.898 2.992 3.063 3.113 3.096 3.047 2.957 2.854 2.758 2.633 2.516 2.443 2.396 1.512
7.75 1.58 0.987 1.064 1.292 1.450 1.663 1.850 2.029 2.223 2.441 2.579 2.697 2.776 2.898 2.991 3.062 3.112 3.095 3.047 2.956 2.854 2.757 2.632 2.515 2.443 2.395 1.512
7.75 2.00 0.987 1.064 1.292 1.450 1.663 1.850 2.028 2.222 2.441 2.578 2.696 2.775 2.897 2.990 3.061 3.111 3.094 3.046 2.955 2.853 2.756 2.631 2.514 2.442 2.394 1.512
7.75 2.51 0.987 1.064 1.291 1.449 1.662 1.850 2.028 2.222 2.440 2.578 2.695 2.774 2.896 2.989 3.060 3.109 3.093 3.044 2.954 2.851 2.754 2.630 2.513 2.440 2.393 1.511
7.75 3.16 0.987 1.064 1.291 1.449 1.662 1.849 2.028 2.221 2.439 2.577 2.694 2.773 2.894 2.988 3.058 3.108 3.091 3.042 2.952 2.849 2.753 2.628 2.511 2.438 2.391 1.511
7.75 3.98 0.987 1.063 1.291 1.449 1.662 1.849 2.027 2.220 2.438 2.575 2.693 2.771 2.892 2.986 3.056 3.106 3.089 3.040 2.950 2.847 2.750 2.626 2.509 2.436 2.389 1.510
7.75 5.01 0.987 1.063 1.290 1.448 1.661 1.848 2.026 2.219 2.437 2.574 2.691 2.769 2.890 2.983 3.053 3.103 3.086 3.037 2.947 2.844 2.747 2.623 2.506 2.433 2.386 1.508
7.75 6.31 0.986 1.062 1.289 1.447 1.660 1.847 2.025 2.217 2.435 2.571 2.688 2.766 2.887 2.979 3.050 3.099 3.082 3.033 2.943 2.840 2.743 2.619 2.502 2.429 2.382 1.507
7.75 7.94 0.985 1.060 1.288 1.446 1.659 1.845 2.022 2.215 2.432 2.568 2.685 2.762 2.882 2.975 3.045 3.094 3.077 3.028 2.938 2.835 2.738 2.613 2.496 2.424 2.377 1.504
7.75 10.00 0.984 1.058 1.286 1.444 1.656 1.842 2.020 2.212 2.428 2.564 2.680 2.757 2.876 2.969 3.038 3.087 3.070 3.021 2.931 2.828 2.731 2.606 2.489 2.417 2.371 1.500
7.75 12.59 0.981 1.055 1.282 1.440 1.653 1.838 2.015 2.207 2.422 2.557 2.673 2.749 2.868 2.960 3.029 3.078 3.060 3.012 2.921 2.819 2.721 2.596 2.479 2.407 2.362 1.495
7.75 15.85 0.976 1.049 1.277 1.435 1.647 1.832 2.009 2.200 2.414 2.548 2.663 2.739 2.857 2.948 3.017 3.065 3.048 2.999 2.908 2.806 2.708 2.583 2.466 2.394 2.349 1.488
7.75 19.95 0.969 1.041 1.269 1.427 1.639 1.823 1.999 2.189 2.403 2.536 2.650 2.724 2.841 2.932 3.000 3.048 3.030 2.981 2.890 2.788 2.690 2.565 2.448 2.377 2.332 1.477
7.75 25.12 0.958 1.029 1.257 1.415 1.627 1.810 1.985 2.174 2.386 2.518 2.631 2.704 2.820 2.909 2.977 3.024 3.006 2.957 2.866 2.763 2.665 2.540 2.423 2.352 2.308 1.461
7.75 31.62 0.941 1.011 1.239 1.397 1.608 1.790 1.964 2.152 2.362 2.492 2.604 2.676 2.790 2.878 2.945 2.991 2.973 2.924 2.832 2.730 2.632 2.506 2.389 2.319 2.276 1.438
7.75 39.81 0.916 0.985 1.213 1.371 1.582 1.762 1.935 2.121 2.329 2.457 2.567 2.637 2.749 2.836 2.902 2.947 2.928 2.878 2.787 2.685 2.586 2.460 2.343 2.273 2.232 1.406
7.75 50.12 0.882 0.949 1.177 1.335 1.545 1.724 1.895 2.079 2.285 2.410 2.517 2.585 2.694 2.779 2.844 2.888 2.868 2.819 2.727 2.625 2.525 2.399 2.282 2.213 2.174 1.363
7.75 63.10 0.837 0.902 1.130 1.288 1.498 1.674 1.843 2.025 2.227 2.348 2.453 2.517 2.624 2.707 2.769 2.812 2.791 2.742 2.650 2.548 2.448 2.320 2.204 2.136 2.099 1.308
7.75 79.43 0.780 0.844 1.072 1.230 1.439 1.613 1.779 1.957 2.154 2.272 2.374 2.433 2.535 2.616 2.676 2.718 2.696 2.645 2.553 2.451 2.350 2.222 2.106 2.039 2.005 1.238
7.75 100.00 0.713 0.776 1.003 1.161 1.369 1.539 1.702 1.876 2.068 2.180 2.277 2.332 2.429 2.506 2.564 2.603 2.579 2.529 2.436 2.334 2.232 2.103 1.987 1.922 1.891 1.155
7.75 125.89 0.637 0.698 0.925 1.083 1.290 1.455 1.614 1.783 1.968 2.073 2.165 2.213 2.304 2.376 2.431 2.467 2.442 2.391 2.298 2.195 2.092 1.962 1.846 1.783 1.756 1.059
7.75 158.49 0.554 0.613 0.841 0.999 1.204 1.363 1.517 1.679 1.855 1.952 2.037 2.077 2.160 2.227 2.277 2.310 2.282 2.230 2.137 2.034 1.929 1.797 1.682 1.622 1.600 0.952
7.75 199.53 0.466 0.523 0.751 0.909 1.112 1.264 1.411 1.565 1.730 1.817 1.893 1.923 1.995 2.055 2.100 2.128 2.097 2.045 1.950 1.848 1.741 1.607 1.492 1.435 1.421 0.833
7.75 251.19 0.375 0.430 0.658 0.816 1.016 1.159 1.298 1.441 1.593 1.665 1.731 1.748 1.807 1.858 1.897 1.919 1.885 1.831 1.736 1.633 1.524 1.387 1.273 1.220 1.214 0.704
7.75 316.23 0.281 0.335 0.562 0.720 0.918 1.048 1.177 1.307 1.441 1.497 1.549 1.550 1.592 1.633 1.662 1.678 1.639 1.584 1.487 1.385 1.272 1.132 1.018 0.971 0.976 0.563
7.75 398.11 0.186 0.237 0.465 0.623 0.816 0.932 1.047 1.162 1.273 1.308 1.343 1.323 1.345 1.372 1.391 1.397 1.353 1.296 1.198 1.095 0.979 0.834 0.721 0.680 0.700 0.408
7.75 501.19 0.089 0.139 0.367 0.525 0.713 0.810 0.909 1.003 1.087 1.094 1.108 1.062 1.059 1.067 1.073 1.068 1.016 0.958 0.857 0.755 0.633 0.484 0.372 0.339 0.376 0.238
7.75 630.96 -0.008 0.040 0.268 0.426 0.608 0.682 0.759 0.828 0.876 0.850 0.836 0.758 0.722 0.709 0.698 0.678 0.618 0.557 0.453 0.351 0.223 0.067 -0.044 -0.066 -0.007 0.048
7.75 794.33 -0.105 -0.059 0.169 0.327 0.500 0.545 0.596 0.632 0.636 0.568 0.520 0.401 0.324 0.283 0.251 0.213 0.141 0.077 -0.030 -0.132 -0.269 -0.433 -0.542 -0.551 -0.464 -0.166
7.75 1000.00 -0.203 -0.158 0.069 0.227 0.390 0.398 0.417 0.411 0.360 0.238 0.146 -0.024 -0.152 -0.228 -0.287 -0.347 -0.434 -0.502 -0.613 -0.715 -0.862 -1.036 -1.143 -1.136 -1.014 -0.409
8.00 1.00 1.103 1.180 1.395 1.546 1.750 1.934 2.109 2.298 2.513 2.648 2.763 2.841 2.962 3.053 3.122 3.167 3.146 3.094 3.002 2.896 2.798 2.676 2.559 2.488 2.444 1.583
8.00 1.26 1.103 1.180 1.395 1.546 1.750 1.934 2.109 2.298 2.513 2.647 2.762 2.841 2.961 3.053 3.121 3.166 3.145 3.093 3.001 2.896 2.798 2.675 2.559 2.487 2.443 1.582
8.00 1.58 1.103 1.180 1.395 1.545 1.750 1.934 2.109 2.298 2.512 2.647 2.762 2.840 2.961 3.052 3.120 3.166 3.144 3.093 3.000 2.895 2.797 2.674 2.558 2.487 2.443 1.582
8.00 2.00 1.103 1.180 1.395 1.545 1.750 1.934 2.108 2.298 2.512 2.647 2.761 2.839 2.960 3.051 3.119 3.165 3.143 3.092 2.999 2.894 2.796 2.673 2.557 2.486 2.442 1.582
8.00 2.51 1.104 1.180 1.394 1.545 1.750 1.934 2.108 2.297 2.511 2.646 2.760 2.838 2.959 3.050 3.118 3.163 3.142 3.090 2.998 2.892 2.794 2.672 2.555 2.484 2.440 1.581
8.00 3.16 1.104 1.180 1.394 1.545 1.750 1.933 2.107 2.297 2.511 2.645 2.759 2.837 2.957 3.048 3.117 3.162 3.140 3.088 2.996 2.891 2.793 2.670 2.554 2.482 2.439 1.580
8.00 3.98 1.103 1.179 1.394 1.545 1.749 1.933 2.107 2.296 2.509 2.644 2.758 2.835 2.955 3.046 3.114 3.159 3.138 3.086 2.994 2.888 2.790 2.667 2.551 2.480 2.436 1.580
8.00 5.01 1.103 1.179 1.393 1.544 1.749 1.932 2.106 2.295 2.508 2.642 2.756 2.833 2.953 3.044 3.112 3.157 3.135 3.083 2.991 2.885 2.787 2.664 2.548 2.477 2.434 1.578
8.00 6.31 1.103 1.178 1.392 1.543 1.748 1.931 2.104 2.293 2.506 2.640 2.753 2.830 2.950 3.040 3.108 3.153 3.131 3.079 2.987 2.882 2.783 2.660 2.544 2.473 2.430 1.577
8.00 7.94 1.102 1.176 1.391 1.542 1.746 1.929 2.102 2.291 2.503 2.636 2.750 2.826 2.945 3.036 3.103 3.148 3.126 3.074 2.982 2.876 2.778 2.655 2.539 2.468 2.425 1.574
8.00 10.00 1.100 1.174 1.389 1.540 1.744 1.926 2.099 2.287 2.499 2.632 2.745 2.821 2.939 3.029 3.097 3.141 3.119 3.067 2.975 2.869 2.771 2.648 2.532 2.461 2.418 1.570
8.00 12.59 1.098 1.171 1.385 1.536 1.740 1.922 2.095 2.282 2.494 2.626 2.738 2.813 2.931 3.021 3.088 3.132 3.110 3.058 2.965 2.860 2.761 2.638 2.522 2.451 2.409 1.565
8.00 15.85 1.093 1.166 1.380 1.531 1.735 1.916 2.088 2.275 2.486 2.617 2.728 2.803 2.920 3.009 3.075 3.119 3.097 3.045 2.952 2.847 2.748 2.625 2.509 2.438 2.397 1.558
8.00 19.95 1.086 1.157 1.372 1.523 1.727 1.907 2.079 2.264 2.474 2.604 2.715 2.788 2.904 2.993 3.059 3.102 3.079 3.027 2.934 2.829 2.730 2.606 2.490 2.421 2.380 1.547
8.00 25.12 1.074 1.145 1.360 1.511 1.714 1.894 2.064 2.249 2.457 2.586 2.696 2.768 2.883 2.970 3.035 3.078 3.055 3.003 2.910 2.805 2.705 2.582 2.466 2.396 2.356 1.531
8.00 31.62 1.057 1.127 1.342 1.492 1.696 1.874 2.044 2.227 2.433 2.560 2.669 2.740 2.853 2.939 3.003 3.045 3.022 2.970 2.877 2.771 2.672 2.547 2.432 2.363 2.324 1.508
8.00 39.81 1.033 1.101 1.316 1.466 1.669 1.846 2.015 2.196 2.400 2.525 2.632 2.701 2.812 2.897 2.960 3.001 2.977 2.924 2.831 2.726 2.626 2.501 2.386 2.317 2.280 1.476
8.00 50.12 0.998 1.065 1.280 1.431 1.633 1.808 1.975 2.154 2.356 2.478 2.582 2.649 2.757 2.840 2.902 2.942 2.917 2.865 2.771 2.666 2.566 2.440 2.325 2.257 2.221 1.433
8.00 63.10 0.953 1.018 1.233 1.384 1.585 1.758 1.923 2.100 2.298 2.417 2.518 2.581 2.687 2.767 2.828 2.866 2.841 2.788 2.694 2.589 2.488 2.362 2.246 2.180 2.146 1.377
8.00 79.43 0.896 0.960 1.175 1.326 1.526 1.697 1.858 2.032 2.226 2.340 2.439 2.497 2.598 2.677 2.735 2.772 2.745 2.691 2.598 2.492 2.390 2.264 2.148 2.083 2.052 1.308
8.00 100.00 0.829 0.892 1.106 1.257 1.457 1.623 1.782 1.951 2.139 2.248 2.342 2.396 2.492 2.567 2.622 2.657 2.629 2.575 2.480 2.375 2.272 2.145 2.029 1.966 1.939 1.225
8.00 125.89 0.753 0.814 1.028 1.179 1.378 1.539 1.694 1.858 2.039 2.142 2.230 2.278 2.367 2.437 2.489 2.521 2.491 2.437 2.342 2.237 2.132 2.003 1.888 1.827 1.804 1.129
8.00 158.49 0.670 0.729 0.944 1.095 1.291 1.447 1.597 1.755 1.927 2.021 2.102 2.141 2.223 2.287 2.335 2.363 2.331 2.276 2.181 2.075 1.969 1.839 1.724 1.666 1.648 1.021
8.00 199.53 0.582 0.640 0.854 1.005 1.200 1.348 1.491 1.641 1.802 1.885 1.958 1.987 2.058 2.116 2.158 2.182 2.147 2.091 1.995 1.889 1.781 1.649 1.534 1.479 1.469 0.903
8.00 251.19 0.491 0.546 0.761 0.912 1.104 1.243 1.377 1.517 1.664 1.734 1.796 1.812 1.870 1.919 1.955 1.973 1.934 1.877 1.780 1.675 1.564 1.429 1.315 1.264 1.262 0.774
8.00 316.23 0.397 0.451 0.665 0.816 1.005 1.132 1.256 1.383 1.512 1.565 1.614 1.614 1.656 1.693 1.721 1.731 1.688 1.630 1.531 1.426 1.312 1.174 1.061 1.015 1.024 0.632
8.00 398.11 0.302 0.353 0.568 0.719 0.904 1.016 1.127 1.237 1.345 1.376 1.408 1.387 1.408 1.432 1.449 1.451 1.402 1.342 1.242 1.136 1.019 0.876 0.764 0.724 0.748 0.478
8.00 501.19 0.205 0.255 0.470 0.621 0.800 0.894 0.989 1.078 1.158 1.163 1.173 1.126 1.122 1.128 1.131 1.122 1.065 1.004 0.901 0.796 0.673 0.525 0.414 0.383 0.424 0.308
8.00 630.96 0.108 0.156 0.371 0.522 0.695 0.766 0.839 0.903 0.947 0.918 0.901 0.822 0.785 0.770 0.756 0.732 0.667 0.602 0.498 0.392 0.263 0.108 -0.001 -0.022 0.041 0.118
8.00 794.33 0.011 0.057 0.272 0.423 0.588 0.629 0.676 0.707 0.708 0.636 0.585 0.465 0.387 0.344 0.309 0.267 0.190 0.123 0.014 -0.091 -0.229 -0.391 -0.499 -0.507 -0.417 -0.096
8.00 1000.00 -0.087 -0.042 0.172 0.323 0.478 0.482 0.497 0.486 0.431 0.306 0.211 0.040 -0.089 -0.167 -0.229 -0.293 -0.384 -0.456 -0.569 -0.674 -0.822 -0.994 -1.101 -1.092 -0.966 -0.339
8.25 1.00 1.220 1.296 1.498 1.641 1.838 2.018 2.189 2.374 2.584 2.716 2.828 2.905 3.025 3.114 3.180 3.221 3.195 3.140 3.046 2.938 2.838 2.717 2.602 2.532 2.492 1.652
8.25 1.26 1.220 1.296 1.498 1.641 1.838 2.018 2.189 2.374 2.584 2.716 2.827 2.905 3.024 3.114 3.179 3.220 3.194 3.139 3.045 2.937 2.838 2.717 2.601 2.531 2.491 1.652
8.25 1.58 1.220 1.296 1.498 1.641 1.838 2.018 2.188 2.373 2.584 2.715 2.827 2.904 3.024 3.113 3.179 3.219 3.194 3.139 3.044 2.936 2.837 2.716 2.600 2.531 2.490 1.652
8.25 2.00 1.220 1.296 1.497 1.641 1.837 2.018 2.188 2.373 2.583 2.715 2.826 2.903 3.023 3.112 3.178 3.218 3.193 3.137 3.043 2.935 2.836 2.715 2.599 2.530 2.489 1.652
8.25 2.51 1.220 1.296 1.497 1.641 1.837 2.018 2.188 2.372 2.583 2.714 2.825 2.902 3.022 3.111 3.176 3.217 3.191 3.136 3.042 2.934 2.834 2.713 2.598 2.528 2.488 1.651
8.25 3.16 1.220 1.296 1.497 1.641 1.837 2.017 2.187 2.372 2.582 2.713 2.824 2.901 3.020 3.109 3.175 3.215 3.190 3.134 3.040 2.932 2.833 2.712 2.596 2.526 2.486 1.650
8.25 3.98 1.220 1.295 1.497 1.641 1.837 2.017 2.187 2.371 2.581 2.712 2.823 2.900 3.019 3.107 3.173 3.213 3.187 3.132 3.038 2.930 2.830 2.709 2.594 2.524 2.484 1.649
8.25 5.01 1.220 1.295 1.496 1.640 1.836 2.016 2.186 2.370 2.579 2.710 2.821 2.897 3.016 3.105 3.170 3.210 3.184 3.129 3.035 2.927 2.827 2.706 2.591 2.521 2.481 1.648
8.25 6.31 1.219 1.294 1.495 1.639 1.835 2.015 2.184 2.368 2.577 2.708 2.818 2.894 3.013 3.101 3.166 3.207 3.180 3.125 3.031 2.923 2.823 2.702 2.587 2.517 2.478 1.646
8.25 7.94 1.219 1.292 1.494 1.638 1.834 2.013 2.182 2.366 2.575 2.705 2.815 2.890 3.008 3.097 3.161 3.202 3.175 3.120 3.026 2.918 2.818 2.697 2.581 2.512 2.473 1.644
8.25 10.00 1.217 1.290 1.492 1.636 1.831 2.010 2.179 2.362 2.571 2.700 2.810 2.885 3.003 3.090 3.155 3.195 3.168 3.113 3.019 2.911 2.811 2.689 2.574 2.505 2.466 1.640
8.25 12.59 1.214 1.287 1.488 1.632 1.828 2.006 2.175 2.358 2.565 2.694 2.803 2.878 2.994 3.082 3.146 3.186 3.159 3.104 3.009 2.901 2.801 2.680 2.564 2.495 2.457 1.635
8.25 15.85 1.210 1.282 1.483 1.627 1.822 2.000 2.168 2.350 2.557 2.685 2.793 2.867 2.983 3.070 3.134 3.173 3.146 3.091 2.996 2.888 2.788 2.666 2.551 2.482 2.444 1.627
8.25 19.95 1.202 1.273 1.475 1.619 1.814 1.991 2.159 2.340 2.545 2.672 2.780 2.852 2.967 3.054 3.117 3.156 3.129 3.073 2.978 2.870 2.770 2.648 2.533 2.465 2.427 1.616
8.25 25.12 1.191 1.261 1.463 1.606 1.801 1.978 2.144 2.324 2.528 2.654 2.761 2.832 2.946 3.031 3.094 3.132 3.104 3.049 2.954 2.846 2.746 2.623 2.508 2.440 2.404 1.601
8.25 31.62 1.174 1.243 1.444 1.588 1.783 1.958 2.124 2.302 2.505 2.629 2.734 2.804 2.916 3.000 3.062 3.099 3.071 3.015 2.921 2.812 2.712 2.589 2.474 2.407 2.371 1.578
8.25 39.81 1.149 1.217 1.418 1.562 1.757 1.930 2.094 2.272 2.472 2.593 2.697 2.765 2.875 2.957 3.018 3.055 3.026 2.970 2.875 2.767 2.666 2.543 2.428 2.361 2.327 1.546
8.25 50.12 1.115 1.181 1.383 1.527 1.720 1.892 2.055 2.230 2.427 2.546 2.647 2.713 2.820 2.901 2.960 2.996 2.967 2.911 2.815 2.707 2.606 2.482 2.367 2.301 2.269 1.503
8.25 63.10 1.069 1.134 1.336 1.480 1.673 1.842 2.003 2.175 2.369 2.485 2.583 2.645 2.750 2.828 2.886 2.920 2.890 2.834 2.738 2.630 2.528 2.404 2.289 2.224 2.194 1.447
8.25 79.43 1.012 1.076 1.278 1.422 1.614 1.781 1.938 2.108 2.297 2.408 2.503 2.561 2.662 2.737 2.793 2.825 2.794 2.737 2.642 2.533 2.430 2.305 2.191 2.127 2.100 1.378
8.25 100.00 0.945 1.008 1.209 1.353 1.544 1.707 1.862 2.027 2.211 2.317 2.407 2.460 2.555 2.628 2.680 2.711 2.678 2.621 2.525 2.416 2.312 2.186 2.072 2.010 1.986 1.295
8.25 125.89 0.869 0.930 1.131 1.275 1.465 1.623 1.774 1.934 2.111 2.210 2.295 2.342 2.430 2.498 2.548 2.575 2.540 2.483 2.386 2.278 2.172 2.045 1.931 1.871 1.852 1.199
8.25 158.49 0.786 0.845 1.047 1.191 1.379 1.531 1.676 1.830 1.998 2.089 2.167 2.205 2.286 2.348 2.394 2.417 2.380 2.322 2.225 2.117 2.010 1.881 1.767 1.709 1.696 1.091
8.25 199.53 0.698 0.756 0.957 1.101 1.287 1.432 1.571 1.716 1.873 1.953 2.023 2.051 2.121 2.177 2.216 2.236 2.196 2.137 2.039 1.930 1.821 1.690 1.577 1.523 1.516 0.973
8.25 251.19 0.607 0.662 0.864 1.008 1.191 1.327 1.457 1.592 1.735 1.802 1.861 1.876 1.933 1.980 2.013 2.027 1.983 1.923 1.824 1.716 1.604 1.471 1.358 1.308 1.310 0.843
8.25 316.23 0.513 0.567 0.768 0.912 1.092 1.216 1.336 1.458 1.584 1.634 1.679 1.678 1.719 1.754 1.779 1.785 1.737 1.676 1.575 1.467 1.352 1.216 1.103 1.059 1.072 0.702
8.25 398.11 0.418 0.469 0.671 0.815 0.991 1.100 1.207 1.313 1.416 1.445 1.473 1.451 1.472 1.493 1.507 1.505 1.451 1.388 1.286 1.178 1.059 0.918 0.806 0.768 0.795 0.548
8.25 501.19 0.321 0.371 0.573 0.717 0.888 0.979 1.069 1.154 1.229 1.231 1.238 1.190 1.185 1.189 1.190 1.176 1.115 1.050 0.945 0.837 0.713 0.567 0.457 0.427 0.471 0.377
8.25 630.96 0.224 0.272 0.474 0.618 0.782 0.850 0.919 0.978 1.019 0.987 0.966 0.886 0.848 0.831 0.814 0.786 0.716 0.648 0.542 0.433 0.303 0.150 0.041 0.022 0.088 0.188
8.25 794.33 0.127 0.173 0.375 0.518 0.675 0.713 0.756 0.783 0.779 0.704 0.649 0.529 0.450 0.405 0.367 0.321 0.239 0.169 0.058 -0.050 -0.189 -0.349 -0.457 -0.463 -0.369 -0.026
8.25 1000.00 0.029 0.074 0.275 0.419 0.565 0.566 0.577 0.562 0.503 0.375 0.276 0.104 -0.026 -0.106 -0.171 -0.239 -0.335 -0.410 -0.524 -0.633 -0.782 -0.953 -1.058 -1.048 -0.919 -0.269
8.50 1.00 1.337 1.412 1.601 1.737 1.925 2.102 2.269 2.449 2.655 2.784 2.893 2.969 3.088 3.175 3.238 3.275 3.244 3.186 3.090 2.979 2.879 2.759 2.644 2.576 2.539 1.722
8.50 1.26 1.337 1.412 1.601 1.737 1.925 2.102 2.269 2.449 2.655 2.784 2.892 2.969 3.087 3.175 3.238 3.274 3.244 3.185 3.089 2.978 2.878 2.758 2.644 2.575 2.539 1.722
8.50 1.58 1.337 1.412 1.601 1.737 1.925 2.102 2.268 2.449 2.655 2.784 2.892 2.968 3.087 3.174 3.237 3.273 3.243 3.185 3.088 2.977 2.877 2.758 2.643 2.575 2.538 1.722
8.50 2.00 1.337 1.412 1.600 1.737 1.925 2.102 2.268 2.448 2.654 2.783 2.891 2.967 3.086 3.173 3.236 3.272 3.242 3.183 3.087 2.976 2.876 2.756 2.642 2.573 2.537 1.721
8.50 2.51 1.337 1.412 1.600 1.737 1.925 2.102 2.268 2.448 2.654 2.782 2.890 2.966 3.085 3.172 3.235 3.271 3.240 3.182 3.086 2.975 2.875 2.755 2.640 2.572 2.536 1.721
8.50 3.16 1.337 1.412 1.600 1.737 1.924 2.101 2.267 2.447 2.653 2.781 2.889 2.965 3.083 3.170 3.233 3.269 3.239 3.180 3.084 2.973 2.873 2.753 2.639 2.570 2.534 1.720
8.50 3.98 1.337 1.411 1.600 1.736 1.924 2.101 2.267 2.446 2.652 2.780 2.888 2.964 3.082 3.168 3.231 3.267 3.237 3.178 3.082 2.971 2.870 2.751 2.636 2.568 2.532 1.719
8.50 5.01 1.337 1.411 1.599 1.736 1.923 2.100 2.266 2.445 2.651 2.778 2.886 2.961 3.079 3.166 3.228 3.264 3.234 3.175 3.079 2.968 2.867 2.748 2.633 2.565 2.529 1.718
8.50 6.31 1.336 1.410 1.598 1.735 1.922 2.099 2.264 2.444 2.649 2.776 2.883 2.958 3.076 3.162 3.225 3.260 3.230 3.171 3.075 2.964 2.863 2.744 2.629 2.561 2.525 1.716
8.50 7.94 1.335 1.408 1.597 1.734 1.921 2.097 2.262 2.441 2.646 2.773 2.880 2.954 3.072 3.157 3.220 3.255 3.225 3.166 3.070 2.959 2.858 2.738 2.624 2.556 2.520 1.714
8.50 10.00 1.334 1.406 1.595 1.731 1.919 2.094 2.259 2.438 2.642 2.768 2.875 2.949 3.066 3.151 3.213 3.249 3.218 3.159 3.063 2.952 2.851 2.731 2.617 2.549 2.514 1.710
8.50 12.59 1.331 1.403 1.591 1.728 1.915 2.090 2.255 2.433 2.636 2.762 2.868 2.942 3.057 3.143 3.204 3.239 3.208 3.150 3.053 2.942 2.841 2.721 2.607 2.539 2.505 1.705
8.50 15.85 1.326 1.398 1.586 1.723 1.910 2.084 2.248 2.426 2.628 2.753 2.858 2.931 3.046 3.131 3.192 3.227 3.195 3.137 3.040 2.929 2.828 2.708 2.594 2.526 2.492 1.697
8.50 19.95 1.319 1.389 1.578 1.715 1.901 2.075 2.239 2.415 2.616 2.740 2.845 2.916 3.031 3.114 3.175 3.210 3.178 3.119 3.023 2.912 2.810 2.690 2.575 2.509 2.475 1.686
8.50 25.12 1.307 1.377 1.566 1.702 1.889 2.062 2.224 2.400 2.600 2.722 2.826 2.896 3.009 3.092 3.152 3.186 3.154 3.095 2.998 2.887 2.786 2.665 2.551 2.484 2.451 1.670
8.50 31.62 1.290 1.359 1.547 1.684 1.870 2.042 2.204 2.378 2.576 2.697 2.799 2.868 2.979 3.061 3.120 3.153 3.120 3.061 2.965 2.854 2.752 2.631 2.517 2.451 2.419 1.648
8.50 39.81 1.265 1.333 1.521 1.658 1.844 2.014 2.174 2.347 2.543 2.662 2.762 2.829 2.938 3.018 3.076 3.109 3.075 3.016 2.919 2.808 2.706 2.585 2.471 2.405 2.375 1.616
8.50 50.12 1.231 1.297 1.486 1.622 1.808 1.976 2.135 2.305 2.498 2.614 2.712 2.777 2.883 2.962 3.019 3.050 3.016 2.957 2.859 2.749 2.646 2.524 2.410 2.345 2.317 1.573
8.50 63.10 1.185 1.250 1.439 1.576 1.760 1.927 2.083 2.251 2.440 2.553 2.648 2.709 2.813 2.889 2.944 2.974 2.939 2.880 2.782 2.671 2.568 2.445 2.331 2.268 2.242 1.517
8.50 79.43 1.129 1.192 1.381 1.517 1.701 1.865 2.018 2.183 2.368 2.477 2.568 2.625 2.725 2.798 2.851 2.879 2.843 2.783 2.686 2.575 2.470 2.347 2.233 2.171 2.148 1.448
8.50 100.00 1.061 1.124 1.312 1.449 1.632 1.791 1.942 2.102 2.282 2.385 2.472 2.524 2.618 2.688 2.739 2.764 2.727 2.667 2.569 2.458 2.352 2.228 2.114 2.054 2.034 1.364
8.50 125.89 0.985 1.046 1.234 1.371 1.553 1.707 1.854 2.009 2.182 2.278 2.360 2.406 2.493 2.559 2.606 2.629 2.590 2.529 2.430 2.319 2.213 2.087 1.973 1.915 1.900 1.269
8.50 158.49 0.902 0.961 1.150 1.286 1.466 1.615 1.756 1.905 2.069 2.157 2.232 2.269 2.349 2.409 2.452 2.471 2.430 2.368 2.269 2.158 2.050 1.922 1.809 1.753 1.744 1.161
8.50 199.53 0.814 0.872 1.060 1.197 1.375 1.516 1.651 1.791 1.944 2.021 2.088 2.115 2.184 2.237 2.275 2.289 2.245 2.183 2.083 1.972 1.861 1.732 1.619 1.567 1.564 1.043
8.50 251.19 0.723 0.778 0.967 1.103 1.279 1.411 1.537 1.668 1.806 1.870 1.926 1.940 1.996 2.041 2.071 2.080 2.033 1.969 1.868 1.757 1.644 1.512 1.400 1.352 1.358 0.913
8.50 316.23 0.629 0.683 0.871 1.008 1.180 1.300 1.416 1.534 1.655 1.702 1.744 1.742 1.782 1.815 1.837 1.839 1.787 1.722 1.620 1.509 1.393 1.257 1.146 1.103 1.119 0.772
8.50 398.11 0.534 0.585 0.774 0.911 1.079 1.184 1.287 1.388 1.487 1.513 1.538 1.515 1.535 1.554 1.566 1.559 1.500 1.434 1.330 1.219 1.099 0.960 0.849 0.812 0.843 0.618
8.50 501.19 0.437 0.487 0.676 0.812 0.975 1.063 1.149 1.229 1.300 1.299 1.302 1.254 1.248 1.250 1.248 1.229 1.164 1.096 0.989 0.879 0.753 0.609 0.499 0.471 0.519 0.447
8.50 630.96 0.341 0.388 0.577 0.714 0.870 0.934 0.999 1.054 1.090 1.055 1.031 0.950 0.911 0.891 0.873 0.840 0.765 0.694 0.586 0.475 0.343 0.192 0.084 0.066 0.136 0.258
8.50 794.33 0.243 0.289 0.478 0.614 0.762 0.797 0.836 0.858 0.850 0.773 0.714 0.593 0.513 0.465 0.425 0.375 0.289 0.214 0.102 -0.008 -0.148 -0.308 -0.414 -0.419 -0.321 0.044
8.50 1000.00 0.146 0.190 0.378 0.515 0.653 0.650 0.657 0.637 0.574 0.443 0.341 0.168 0.037 -0.046 -0.112 -0.186 -0.286 -0.364 -0.480 -0.591 -0.742 -0.911 -1.016 -1.004 -0.871 -0.200
8.75 1.00 1.454 1.528 1.704 1.833 2.012 2.186 2.349 2.524 2.727 2.853 2.958 3.033 3.151 3.236 3.296 3.329 3.294 3.232 3.134 3.020 2.919 2.801 2.687 2.620 2.587 1.792
8.75 1.26 1.454 1.528 1.704 1.833 2.012 2.186 2.348 2.524 2.727 2.852 2.957 3.033 3.150 3.235 3.296 3.328 3.293 3.231 3.133 3.019 2.918 2.800 2.686 2.619 2.586 1.792
8.75 1.58 1.454 1.528 1.704 1.833 2.012 2.186 2.348 2.524 2.726 2.852 2.957 3.032 3.150 3.235 3.295 3.327 3.292 3.230 3.132 3.019 2.917 2.799 2.685 2.619 2.586 1.792
8.75 2.00 1.454 1.528 1.703 1.833 2.012 2.186 2.348 2.524 2.726 2.851 2.956 3.031 3.149 3.234 3.294 3.326 3.291 3.229 3.131 3.018 2.916 2.798 2.684 2.617 2.585 1.791
8.75 2.51 1.454 1.528 1.703 1.833 2.012 2.186 2.348 2.523 2.725 2.851 2.955 3.030 3.148 3.233 3.293 3.325 3.290 3.228 3.130 3.016 2.915 2.797 2.683 2.616 2.583 1.791
8.75 3.16 1.454 1.528 1.703 1.833 2.012 2.185 2.347 2.523 2.724 2.850 2.954 3.029 3.146 3.231 3.291 3.323 3.288 3.226 3.128 3.014 2.913 2.795 2.681 2.614 2.582 1.790
8.75 3.98 1.454 1.527 1.703 1.832 2.011 2.185 2.347 2.522 2.723 2.848 2.953 3.028 3.145 3.229 3.289 3.321 3.286 3.224 3.126 3.012 2.911 2.793 2.679 2.612 2.580 1.789
8.75 5.01 1.453 1.527 1.702 1.832 2.011 2.184 2.346 2.521 2.722 2.847 2.951 3.025 3.142 3.226 3.286 3.318 3.283 3.221 3.123 3.009 2.908 2.790 2.676 2.609 2.577 1.788
8.75 6.31 1.453 1.526 1.701 1.831 2.010 2.183 2.344 2.519 2.720 2.844 2.948 3.022 3.139 3.223 3.283 3.314 3.279 3.217 3.119 3.005 2.904 2.785 2.672 2.605 2.573 1.786
8.75 7.94 1.452 1.524 1.700 1.829 2.008 2.181 2.342 2.517 2.717 2.841 2.945 3.018 3.135 3.218 3.278 3.309 3.274 3.212 3.114 3.000 2.898 2.780 2.666 2.600 2.568 1.784
8.75 10.00 1.450 1.522 1.698 1.827 2.006 2.179 2.339 2.513 2.713 2.837 2.940 3.013 3.129 3.212 3.271 3.303 3.267 3.205 3.107 2.993 2.891 2.773 2.659 2.593 2.561 1.780
8.75 12.59 1.447 1.519 1.694 1.824 2.003 2.175 2.335 2.508 2.708 2.830 2.933 3.006 3.120 3.203 3.262 3.293 3.257 3.196 3.097 2.984 2.882 2.763 2.649 2.583 2.552 1.775
8.75 15.85 1.443 1.514 1.689 1.819 1.997 2.168 2.328 2.501 2.699 2.821 2.923 2.995 3.109 3.192 3.250 3.281 3.245 3.183 3.084 2.971 2.868 2.750 2.636 2.570 2.540 1.767
8.75 19.95 1.435 1.505 1.681 1.810 1.989 2.159 2.319 2.491 2.688 2.809 2.910 2.981 3.094 3.175 3.233 3.263 3.227 3.165 3.067 2.953 2.850 2.732 2.618 2.553 2.523 1.756
8.75 25.12 1.424 1.493 1.669 1.798 1.976 2.146 2.304 2.475 2.671 2.791 2.890 2.960 3.072 3.153 3.210 3.240 3.203 3.141 3.042 2.928 2.826 2.707 2.593 2.528 2.499 1.740
8.75 31.62 1.407 1.475 1.650 1.780 1.958 2.126 2.284 2.453 2.647 2.765 2.864 2.932 3.042 3.122 3.178 3.207 3.170 3.107 3.009 2.895 2.792 2.673 2.559 2.495 2.467 1.718
8.75 39.81 1.382 1.449 1.624 1.754 1.931 2.098 2.254 2.422 2.614 2.730 2.827 2.893 3.001 3.079 3.135 3.162 3.125 3.062 2.964 2.850 2.746 2.627 2.513 2.449 2.423 1.686
8.75 50.12 1.347 1.413 1.589 1.718 1.895 2.060 2.215 2.381 2.570 2.683 2.777 2.841 2.946 3.023 3.077 3.104 3.065 3.003 2.904 2.790 2.686 2.566 2.452 2.389 2.365 1.643
8.75 63.10 1.302 1.367 1.542 1.672 1.848 2.011 2.163 2.326 2.512 2.621 2.713 2.773 2.876 2.950 3.003 3.028 2.988 2.926 2.826 2.713 2.608 2.487 2.374 2.312 2.289 1.587
8.75 79.43 1.245 1.308 1.484 1.613 1.789 1.949 2.098 2.258 2.440 2.545 2.633 2.689 2.788 2.859 2.910 2.933 2.893 2.829 2.730 2.616 2.511 2.389 2.276 2.215 2.195 1.517
8.75 100.00 1.178 1.240 1.415 1.545 1.719 1.875 2.021 2.177 2.353 2.453 2.537 2.588 2.681 2.749 2.797 2.818 2.776 2.713 2.613 2.499 2.392 2.270 2.157 2.098 2.082 1.434
8.75 125.89 1.102 1.162 1.337 1.467 1.640 1.792 1.934 2.085 2.253 2.346 2.425 2.470 2.556 2.620 2.664 2.683 2.639 2.575 2.474 2.360 2.253 2.129 2.016 1.959 1.947 1.339
8.75 158.49 1.019 1.077 1.253 1.382 1.554 1.699 1.836 1.981 2.140 2.225 2.297 2.333 2.412 2.470 2.510 2.525 2.479 2.414 2.313 2.199 2.090 1.964 1.852 1.797 1.791 1.231
8.75 199.53 0.931 0.988 1.163 1.293 1.462 1.600 1.731 1.867 2.015 2.090 2.153 2.179 2.247 2.298 2.333 2.343 2.294 2.229 2.127 2.013 1.902 1.774 1.662 1.611 1.612 1.113
8.75 251.19 0.839 0.894 1.070 1.199 1.366 1.495 1.617 1.743 1.878 1.938 1.991 2.004 2.059 2.102 2.130 2.134 2.082 2.015 1.912 1.798 1.684 1.554 1.443 1.396 1.405 0.983
8.75 316.23 0.745 0.799 0.974 1.104 1.267 1.385 1.496 1.609 1.726 1.770 1.809 1.806 1.845 1.876 1.896 1.893 1.836 1.768 1.664 1.550 1.433 1.299 1.188 1.147 1.167 0.842
8.75 398.11 0.650 0.702 0.877 1.007 1.166 1.268 1.367 1.463 1.559 1.581 1.603 1.579 1.598 1.615 1.624 1.612 1.550 1.480 1.374 1.260 1.139 1.001 0.891 0.856 0.891 0.688
8.75 501.19 0.554 0.603 0.779 0.908 1.063 1.147 1.229 1.304 1.372 1.367 1.367 1.318 1.311 1.311 1.306 1.283 1.213 1.142 1.034 0.920 0.793 0.650 0.542 0.515 0.567 0.517
8.75 630.96 0.457 0.504 0.680 0.809 0.957 1.018 1.079 1.129 1.161 1.123 1.096 1.014 0.974 0.952 0.931 0.894 0.815 0.740 0.630 0.516 0.383 0.234 0.126 0.110 0.184 0.327
8.75 794.33 0.359 0.405 0.581 0.710 0.850 0.881 0.916 0.933 0.921 0.841 0.779 0.657 0.576 0.526 0.484 0.428 0.338 0.260 0.147 0.033 -0.108 -0.266 -0.372 -0.375 -0.273 0.114
8.75 1000.00 0.262 0.306 0.481 0.611 0.740 0.734 0.736 0.712 0.645 0.511 0.406 0.232 0.100 0.015 -0.054 -0.132 -0.237 -0.318 -0.436 -0.550 -0.702 -0.869 -0.973 -0.960 -0.823 -0.130
9.00 1.00 1.571 1.644 1.807 1.929 2.100 2.271 2.429 2.600 2.798 2.921 3.023 3.097 3.214 3.297 3.355 3.382 3.343 3.278 3.178 3.061 2.959 2.843 2.729 2.664 2.635 1.862
9.00 1.26 1.571 1.644 1.807 1.929 2.100 2.270 2.428 2.600 2.798 2.920 3.022 3.097 3.214 3.296 3.354 3.382 3.342 3.277 3.177 3.061 2.958 2.842 2.729 2.663 2.634 1.862
9.00 1.58 1.571 1.644 1.806 1.929 2.100 2.270 2.428 2.599 2.797 2.920 3.022 3.096 3.213 3.296 3.353 3.381 3.341 3.276 3.176 3.060 2.957 2.841 2.728 2.662 2.633 1.862
9.00 2.00 1.571 1.644 1.806 1.929 2.100 2.270 2.428 2.599 2.797 2.920 3.021 3.095 3.212 3.295 3.352 3.380 3.340 3.275 3.175 3.059 2.956 2.840 2.727 2.661 2.632 1.861
9.00 2.51 1.571 1.644 1.806 1.929 2.100 2.270 2.428 2.599 2.796 2.919 3.020 3.094 3.211 3.293 3.351 3.379 3.339 3.274 3.174 3.057 2.955 2.839 2.725 2.660 2.631 1.861
9.00 3.16 1.571 1.644 1.806 1.929 2.099 2.269 2.427 2.598 2.796 2.918 3.019 3.093 3.210 3.292 3.350 3.377 3.337 3.272 3.172 3.056 2.953 2.837 2.724 2.658 2.629 1.860
9.00 3.98 1.571 1.643 1.806 1.928 2.099 2.269 2.426 2.597 2.795 2.917 3.018 3.092 3.208 3.290 3.348 3.375 3.335 3.270 3.170 3.053 2.951 2.834 2.721 2.656 2.627 1.859
9.00 5.01 1.570 1.643 1.805 1.928 2.098 2.268 2.426 2.596 2.793 2.915 3.016 3.089 3.205 3.287 3.345 3.372 3.332 3.267 3.167 3.050 2.948 2.831 2.718 2.653 2.624 1.858
9.00 6.31 1.570 1.642 1.804 1.927 2.097 2.267 2.424 2.594 2.791 2.913 3.013 3.086 3.202 3.284 3.341 3.368 3.328 3.263 3.163 3.047 2.944 2.827 2.714 2.649 2.621 1.856
9.00 7.94 1.569 1.640 1.803 1.925 2.096 2.265 2.422 2.592 2.788 2.909 3.010 3.083 3.198 3.279 3.336 3.363 3.323 3.258 3.158 3.041 2.938 2.822 2.709 2.644 2.616 1.853
9.00 10.00 1.567 1.638 1.801 1.923 2.094 2.263 2.419 2.589 2.784 2.905 3.005 3.077 3.192 3.273 3.330 3.356 3.316 3.251 3.151 3.034 2.931 2.815 2.702 2.637 2.609 1.850
9.00 12.59 1.564 1.635 1.797 1.920 2.090 2.259 2.415 2.584 2.779 2.899 2.998 3.070 3.184 3.264 3.321 3.347 3.307 3.242 3.141 3.025 2.922 2.805 2.692 2.627 2.600 1.845
9.00 15.85 1.559 1.630 1.792 1.914 2.085 2.253 2.408 2.576 2.771 2.890 2.988 3.059 3.172 3.253 3.309 3.335 3.294 3.229 3.128 3.012 2.909 2.792 2.679 2.614 2.588 1.837
9.00 19.95 1.552 1.621 1.784 1.906 2.076 2.243 2.398 2.566 2.759 2.877 2.975 3.045 3.157 3.236 3.292 3.317 3.276 3.211 3.111 2.994 2.891 2.773 2.660 2.597 2.570 1.826
9.00 25.12 1.540 1.609 1.772 1.894 2.064 2.230 2.384 2.551 2.742 2.859 2.955 3.024 3.135 3.214 3.268 3.293 3.252 3.187 3.086 2.970 2.866 2.748 2.636 2.572 2.547 1.810
9.00 31.62 1.523 1.591 1.753 1.876 2.045 2.210 2.363 2.529 2.719 2.833 2.929 2.996 3.105 3.182 3.236 3.261 3.219 3.153 3.053 2.936 2.832 2.714 2.602 2.539 2.514 1.787
9.00 39.81 1.498 1.565 1.727 1.850 2.019 2.182 2.334 2.498 2.686 2.798 2.892 2.957 3.064 3.140 3.193 3.216 3.174 3.108 3.008 2.891 2.786 2.668 2.556 2.493 2.471 1.756
9.00 50.12 1.464 1.529 1.692 1.814 1.983 2.144 2.295 2.456 2.641 2.751 2.842 2.905 3.009 3.084 3.135 3.158 3.114 3.049 2.948 2.831 2.726 2.607 2.495 2.433 2.412 1.713
9.00 63.10 1.418 1.483 1.645 1.767 1.935 2.095 2.243 2.402 2.583 2.690 2.778 2.837 2.939 3.011 3.061 3.082 3.038 2.972 2.870 2.754 2.648 2.529 2.416 2.356 2.337 1.657
9.00 79.43 1.361 1.424 1.587 1.709 1.876 2.033 2.178 2.334 2.511 2.613 2.698 2.753 2.851 2.920 2.968 2.987 2.942 2.875 2.774 2.657 2.551 2.431 2.318 2.259 2.243 1.587
9.00 100.00 1.294 1.356 1.518 1.641 1.806 1.959 2.101 2.253 2.424 2.521 2.602 2.652 2.744 2.810 2.855 2.872 2.826 2.759 2.657 2.540 2.433 2.311 2.199 2.142 2.129 1.504
9.00 125.89 1.218 1.278 1.440 1.563 1.727 1.876 2.014 2.160 2.324 2.415 2.490 2.534 2.619 2.681 2.722 2.736 2.688 2.621 2.518 2.402 2.293 2.170 2.058 2.003 1.995 1.408
9.00 158.49 1.135 1.193 1.356 1.478 1.641 1.783 1.916 2.056 2.212 2.294 2.362 2.397 2.475 2.531 2.568 2.579 2.528 2.460 2.357 2.240 2.130 2.006 1.894 1.841 1.839 1.301
9.00 199.53 1.047 1.104 1.266 1.388 1.549 1.684 1.811 1.942 2.087 2.158 2.218 2.243 2.310 2.359 2.391 2.397 2.344 2.275 2.171 2.054 1.942 1.816 1.704 1.655 1.659 1.182
9.00 251.19 0.955 1.010 1.173 1.295 1.454 1.579 1.697 1.818 1.949 2.007 2.056 2.068 2.122 2.163 2.188 2.188 2.131 2.061 1.956 1.840 1.724 1.596 1.485 1.440 1.453 1.053
9.00 316.23 0.861 0.915 1.077 1.200 1.355 1.469 1.576 1.684 1.797 1.838 1.874 1.870 1.908 1.937 1.954 1.947 1.885 1.814 1.708 1.591 1.473 1.341 1.231 1.191 1.215 0.912
9.00 398.11 0.766 0.818 0.980 1.102 1.253 1.353 1.447 1.539 1.630 1.649 1.668 1.643 1.661 1.676 1.682 1.666 1.599 1.526 1.418 1.301 1.179 1.043 0.934 0.900 0.938 0.757
9.00 501.19 0.670 0.719 0.882 1.004 1.150 1.231 1.309 1.380 1.443 1.436 1.432 1.382 1.374 1.372 1.364 1.337 1.262 1.188 1.078 0.961 0.833 0.692 0.584 0.559 0.614 0.587
9.00 630.96 0.573 0.620 0.783 0.905 1.045 1.102 1.159 1.204 1.233 1.191 1.161 1.078 1.037 1.013 0.989 0.948 0.864 0.786 0.674 0.557 0.423 0.275 0.169 0.154 0.231 0.397
9.00 794.33 0.475 0.521 0.684 0.806 0.937 0.965 0.996 1.009 0.993 0.909 0.844 0.721 0.639 0.587 0.542 0.482 0.387 0.306 0.191 0.074 -0.068 -0.224 -0.329 -0.331 -0.226 0.184
9.00 1000.00 0.378 0.422 0.584 0.706 0.827 0.818 0.816 0.788 0.716 0.579 0.471 0.296 0.163 0.076 0.004 -0.078 -0.187 -0.272 -0.392 -0.509 -0.661 -0.828 -0.931 -0.916 -0.776 -0.060
9.25 1.00 1.688 1.760 1.910 2.025 2.187 2.355 2.508 2.675 2.869 2.989 3.088 3.161 3.277 3.358 3.413 3.436 3.392 3.324 3.222 3.103 2.999 2.884 2.772 2.708 2.682 1.932
9.25 1.26 1.688 1.760 1.910 2.025 2.187 2.354 2.508 2.675 2.869 2.989 3.087 3.161 3.277 3.357 3.412 3.436 3.391 3.323 3.221 3.102 2.998 2.884 2.771 2.707 2.682 1.932
9.25 1.58 1.688 1.760 1.909 2.025 2.187 2.354 2.508 2.675 2.869 2.988 3.087 3.160 3.276 3.356 3.412 3.435 3.391 3.322 3.221 3.101 2.997 2.883 2.770 2.706 2.681 1.931
9.25 2.00 1.688 1.760 1.909 2.025 2.187 2.354 2.508 2.674 2.868 2.988 3.086 3.159 3.275 3.356 3.411 3.434 3.390 3.321 3.220 3.100 2.996 2.882 2.769 2.705 2.680 1.931
9.25 2.51 1.688 1.760 1.909 2.025 2.187 2.354 2.508 2.674 2.868 2.987 3.085 3.159 3.274 3.354 3.409 3.433 3.388 3.320 3.218 3.099 2.995 2.880 2.768 2.704 2.679 1.931
9.25 3.16 1.688 1.760 1.909 2.024 2.187 2.353 2.507 2.673 2.867 2.986 3.084 3.157 3.273 3.353 3.408 3.431 3.387 3.318 3.216 3.097 2.993 2.878 2.766 2.702 2.677 1.930
9.25 3.98 1.687 1.759 1.909 2.024 2.186 2.353 2.506 2.673 2.866 2.985 3.083 3.156 3.271 3.351 3.406 3.429 3.384 3.316 3.214 3.095 2.991 2.876 2.764 2.700 2.675 1.929
9.25 5.01 1.687 1.759 1.908 2.023 2.186 2.352 2.505 2.671 2.864 2.983 3.081 3.153 3.268 3.348 3.403 3.426 3.381 3.313 3.211 3.092 2.988 2.873 2.761 2.697 2.672 1.928
9.25 6.31 1.686 1.758 1.907 2.023 2.185 2.351 2.504 2.670 2.862 2.981 3.078 3.150 3.265 3.345 3.399 3.422 3.377 3.309 3.207 3.088 2.984 2.869 2.757 2.693 2.668 1.926
9.25 7.94 1.685 1.757 1.906 2.021 2.183 2.349 2.502 2.667 2.860 2.978 3.075 3.147 3.261 3.340 3.395 3.417 3.372 3.304 3.202 3.083 2.978 2.864 2.751 2.688 2.663 1.923
9.25 10.00 1.684 1.754 1.904 2.019 2.181 2.347 2.499 2.664 2.856 2.973 3.070 3.141 3.255 3.334 3.388 3.410 3.365 3.297 3.195 3.076 2.971 2.856 2.744 2.681 2.657 1.920
9.25 12.59 1.681 1.751 1.900 2.016 2.177 2.343 2.495 2.659 2.850 2.967 3.063 3.134 3.247 3.325 3.379 3.401 3.356 3.288 3.185 3.066 2.962 2.847 2.734 2.671 2.648 1.915
9.25 15.85 1.676 1.746 1.895 2.010 2.172 2.337 2.488 2.652 2.842 2.958 3.053 3.123 3.235 3.313 3.367 3.388 3.343 3.275 3.173 3.053 2.949 2.833 2.721 2.658 2.635 1.907
9.25 19.95 1.668 1.738 1.887 2.002 2.164 2.327 2.478 2.641 2.830 2.945 3.040 3.109 3.220 3.297 3.350 3.371 3.326 3.257 3.155 3.035 2.931 2.815 2.703 2.640 2.618 1.896
9.25 25.12 1.657 1.725 1.875 1.990 2.151 2.314 2.464 2.626 2.814 2.927 3.020 3.088 3.198 3.274 3.327 3.347 3.301 3.233 3.130 3.011 2.906 2.790 2.678 2.616 2.595 1.880
9.25 31.62 1.640 1.707 1.856 1.972 2.133 2.294 2.443 2.604 2.790 2.902 2.994 3.060 3.168 3.243 3.295 3.314 3.268 3.199 3.097 2.977 2.872 2.756 2.644 2.582 2.562 1.857
9.25 39.81 1.615 1.681 1.830 1.946 2.106 2.266 2.414 2.573 2.757 2.866 2.957 3.021 3.127 3.201 3.251 3.270 3.223 3.154 3.052 2.932 2.827 2.710 2.598 2.537 2.518 1.826
9.25 50.12 1.580 1.645 1.795 1.910 2.070 2.228 2.374 2.531 2.712 2.819 2.907 2.969 3.072 3.145 3.194 3.211 3.164 3.095 2.992 2.872 2.766 2.649 2.537 2.477 2.460 1.783
9.25 63.10 1.534 1.599 1.748 1.863 2.023 2.179 2.323 2.477 2.654 2.758 2.843 2.901 3.002 3.072 3.119 3.136 3.087 3.018 2.914 2.795 2.688 2.570 2.459 2.400 2.385 1.727
9.25 79.43 1.478 1.540 1.690 1.805 1.964 2.117 2.258 2.409 2.582 2.681 2.763 2.817 2.914 2.981 3.026 3.041 2.991 2.921 2.818 2.698 2.591 2.472 2.361 2.303 2.291 1.657
9.25 100.00 1.410 1.472 1.621 1.736 1.894 2.043 2.181 2.328 2.496 2.590 2.667 2.716 2.807 2.871 2.914 2.926 2.875 2.805 2.701 2.581 2.473 2.353 2.242 2.186 2.177 1.574
9.25 125.89 1.334 1.394 1.543 1.659 1.815 1.960 2.094 2.235 2.396 2.483 2.555 2.598 2.682 2.742 2.781 2.790 2.737 2.667 2.562 2.443 2.333 2.212 2.101 2.047 2.043 1.478
9.25 158.49 1.251 1.309 1.459 1.574 1.729 1.867 1.996 2.131 2.283 2.362 2.427 2.462 2.538 2.592 2.627 2.633 2.577 2.506 2.401 2.282 2.170 2.048 1.937 1.885 1.887 1.371
9.25 199.53 1.163 1.220 1.369 1.484 1.637 1.768 1.890 2.017 2.158 2.226 2.283 2.307 2.373 2.420 2.450 2.451 2.393 2.321 2.215 2.095 1.982 1.857 1.747 1.699 1.707 1.252
9.25 251.19 1.071 1.126 1.276 1.391 1.541 1.663 1.777 1.894 2.020 2.075 2.121 2.132 2.185 2.223 2.246 2.242 2.180 2.107 2.000 1.881 1.765 1.637 1.528 1.484 1.501 1.123
9.25 316.23 0.977 1.031 1.180 1.295 1.442 1.553 1.656 1.760 1.869 1.907 1.939 1.934 1.971 1.998 2.012 2.001 1.934 1.860 1.752 1.632 1.513 1.382 1.273 1.235 1.263 0.982
9.25 398.11 0.882 0.934 1.083 1.198 1.341 1.437 1.527 1.614 1.701 1.718 1.733 1.707 1.724 1.737 1.741 1.720 1.648 1.572 1.462 1.343 1.219 1.085 0.976 0.944 0.986 0.827
9.25 501.19 0.786 0.835 0.985 1.100 1.237 1.315 1.389 1.455 1.514 1.504 1.497 1.446 1.437 1.432 1.423 1.391 1.312 1.234 1.122 1.002 0.874 0.734 0.627 0.603 0.662 0.657
9.25 630.96 0.689 0.736 0.886 1.001 1.132 1.186 1.239 1.280 1.304 1.260 1.226 1.142 1.101 1.074 1.047 1.001 0.913 0.832 0.718 0.598 0.463 0.317 0.211 0.197 0.279 0.467
9.25 794.33 0.591 0.637 0.787 0.902 1.025 1.049 1.076 1.084 1.064 0.977 0.909 0.785 0.702 0.648 0.600 0.536 0.436 0.352 0.235 0.115 -0.028 -0.182 -0.287 -0.287 -0.178 0.254
9.25 1000.00 0.494 0.538 0.687 0.802 0.915 0.902 0.896 0.863 0.788 0.648 0.536 0.360 0.226 0.137 0.063 -0.024 -0.138 -0.226 -0.348 -0.468 -0.621 -0.786 -0.888 -0.872 -0.728 0.010
