ZhaoEtAl2006SSlabCascadia as implemented in OpenQuake, distance is rrup. Log10 hazard values in cgs units
          14 31 22 : nmag, ndist, nperiod
          10.000 5.000 4.000 3.000 2.500 2.000 1.500 1.250 1.000 0.900 0.800 0.700 0.600 0.500 0.400 0.300 0.250 0.200 0.150 0.100 0.050 PGA PGV
          0.708 0.708 0.705 0.721 0.732 0.733 0.721 0.716 0.717 0.714 0.713 0.714 0.712 0.707 0.715 0.728 0.743 0.764 0.794 0.811 0.743 0.684 0.743
4.75 1.00 -0.073 0.552 0.839 1.309 1.411 1.736 2.216 2.531 2.758 2.898 3.048 3.224 3.346 3.435 3.510 3.451 3.336 3.378 3.515 3.402 3.393 3.162 2.260
4.75 1.26 -0.142 0.481 0.756 1.210 1.315 1.636 2.102 2.407 2.633 2.772 2.919 3.095 3.220 3.319 3.405 3.359 3.254 3.297 3.428 3.317 3.288 3.054 2.147
4.75 1.58 -0.216 0.405 0.667 1.106 1.216 1.532 1.984 2.279 2.504 2.641 2.786 2.960 3.090 3.197 3.294 3.260 3.167 3.210 3.335 3.226 3.177 2.940 2.028
4.75 2.00 -0.295 0.323 0.574 0.999 1.112 1.425 1.862 2.148 2.371 2.506 2.650 2.822 2.954 3.069 3.177 3.156 3.074 3.117 3.236 3.129 3.060 2.821 1.903
4.75 2.51 -0.377 0.237 0.477 0.888 1.005 1.314 1.737 2.014 2.234 2.368 2.510 2.681 2.815 2.938 3.056 3.046 2.974 3.018 3.132 3.026 2.937 2.696 1.772
4.75 3.16 -0.464 0.146 0.377 0.774 0.896 1.200 1.610 1.878 2.095 2.227 2.367 2.536 2.673 2.802 2.929 2.930 2.869 2.914 3.021 2.917 2.809 2.567 1.635
4.75 3.98 -0.553 0.051 0.273 0.658 0.783 1.084 1.480 1.739 1.954 2.084 2.222 2.389 2.527 2.662 2.798 2.810 2.759 2.804 2.905 2.803 2.676 2.432 1.493
4.75 5.01 -0.645 -0.047 0.166 0.539 0.669 0.966 1.349 1.598 1.810 1.939 2.075 2.239 2.379 2.519 2.663 2.685 2.644 2.688 2.783 2.683 2.539 2.294 1.346
4.75 6.31 -0.740 -0.148 0.058 0.419 0.553 0.847 1.216 1.456 1.665 1.792 1.926 2.088 2.229 2.373 2.525 2.555 2.525 2.568 2.657 2.558 2.397 2.153 1.194
4.75 7.94 -0.836 -0.252 -0.053 0.297 0.435 0.725 1.081 1.312 1.518 1.643 1.776 1.934 2.076 2.224 2.383 2.422 2.401 2.444 2.526 2.428 2.251 2.007 1.038
4.75 10.00 -0.933 -0.358 -0.166 0.174 0.315 0.603 0.945 1.167 1.369 1.493 1.624 1.779 1.922 2.074 2.238 2.285 2.273 2.315 2.391 2.294 2.102 1.859 0.878
4.75 12.59 -1.032 -0.466 -0.280 0.050 0.195 0.479 0.808 1.021 1.219 1.342 1.470 1.623 1.765 1.920 2.091 2.144 2.141 2.182 2.252 2.155 1.948 1.708 0.714
4.75 15.85 -1.133 -0.576 -0.396 -0.076 0.073 0.354 0.669 0.873 1.068 1.189 1.315 1.465 1.607 1.765 1.941 2.000 2.006 2.045 2.108 2.012 1.791 1.553 0.546
4.75 19.95 -1.234 -0.688 -0.513 -0.202 -0.050 0.228 0.529 0.725 0.915 1.035 1.159 1.306 1.448 1.608 1.788 1.852 1.866 1.904 1.960 1.864 1.630 1.395 0.373
4.75 25.12 -1.337 -0.802 -0.632 -0.330 -0.175 0.100 0.388 0.575 0.761 0.879 1.002 1.145 1.286 1.448 1.632 1.701 1.723 1.758 1.807 1.711 1.465 1.234 0.197
4.75 31.62 -1.442 -0.918 -0.752 -0.459 -0.301 -0.029 0.245 0.423 0.605 0.722 0.842 0.982 1.123 1.285 1.472 1.545 1.575 1.607 1.648 1.552 1.295 1.068 0.015
4.75 39.81 -1.548 -1.036 -0.875 -0.590 -0.428 -0.160 0.100 0.270 0.448 0.562 0.681 0.816 0.957 1.120 1.309 1.385 1.422 1.451 1.483 1.386 1.119 0.898 -0.173
4.75 50.12 -1.656 -1.157 -0.999 -0.721 -0.558 -0.293 -0.047 0.114 0.288 0.401 0.517 0.649 0.788 0.951 1.142 1.220 1.262 1.287 1.311 1.212 0.936 0.722 -0.369
4.75 63.10 -1.768 -1.281 -1.126 -0.855 -0.690 -0.428 -0.197 -0.044 0.125 0.236 0.350 0.478 0.615 0.778 0.969 1.048 1.095 1.115 1.130 1.028 0.746 0.539 -0.573
4.75 79.43 -1.883 -1.408 -1.256 -0.991 -0.825 -0.567 -0.350 -0.205 -0.041 0.068 0.179 0.303 0.438 0.599 0.790 0.868 0.920 0.934 0.938 0.833 0.544 0.347 -0.788
4.75 100.00 -2.002 -1.541 -1.390 -1.130 -0.963 -0.709 -0.508 -0.370 -0.211 -0.105 0.004 0.123 0.256 0.415 0.603 0.678 0.732 0.739 0.732 0.622 0.331 0.145 -1.017
4.75 125.89 -2.126 -1.679 -1.528 -1.273 -1.106 -0.856 -0.671 -0.539 -0.386 -0.283 -0.177 -0.063 0.068 0.222 0.406 0.475 0.531 0.529 0.509 0.393 0.101 -0.070 -1.263
4.75 158.49 -2.258 -1.824 -1.672 -1.420 -1.254 -1.009 -0.840 -0.715 -0.568 -0.467 -0.365 -0.256 -0.129 0.019 0.196 0.258 0.313 0.300 0.264 0.141 -0.148 -0.302 -1.529
4.75 199.53 -2.398 -1.977 -1.823 -1.572 -1.409 -1.170 -1.018 -0.899 -0.758 -0.661 -0.562 -0.459 -0.337 -0.196 -0.029 0.021 0.072 0.046 -0.006 -0.141 -0.422 -0.555 -1.823
4.75 251.19 -2.549 -2.142 -1.984 -1.731 -1.573 -1.340 -1.206 -1.092 -0.958 -0.865 -0.770 -0.674 -0.557 -0.427 -0.274 -0.240 -0.195 -0.239 -0.311 -0.459 -0.727 -0.834 -2.149
4.75 316.23 -2.714 -2.321 -2.155 -1.899 -1.748 -1.521 -1.407 -1.297 -1.171 -1.082 -0.992 -0.904 -0.794 -0.678 -0.544 -0.532 -0.498 -0.561 -0.657 -0.822 -1.071 -1.146 -2.517
4.75 398.11 -2.897 -2.517 -2.342 -2.077 -1.936 -1.717 -1.624 -1.518 -1.400 -1.317 -1.232 -1.153 -1.052 -0.953 -0.844 -0.861 -0.843 -0.932 -1.057 -1.244 -1.465 -1.499 -2.938
4.75 501.19 -3.101 -2.735 -2.546 -2.269 -2.142 -1.932 -1.862 -1.757 -1.649 -1.573 -1.495 -1.425 -1.336 -1.260 -1.183 -1.239 -1.243 -1.364 -1.523 -1.738 -1.920 -1.904 -3.425
4.75 630.96 -3.332 -2.980 -2.772 -2.478 -2.369 -2.170 -2.126 -2.021 -1.924 -1.856 -1.785 -1.728 -1.652 -1.605 -1.572 -1.677 -1.711 -1.873 -2.073 -2.323 -2.453 -2.374 -3.996
4.75 794.33 -3.599 -3.260 -3.027 -2.709 -2.624 -2.437 -2.423 -2.315 -2.231 -2.173 -2.110 -2.068 -2.010 -2.001 -2.022 -2.191 -2.266 -2.477 -2.728 -3.023 -3.084 -2.927 -4.671
4.75 1000.00 -3.908 -3.584 -3.318 -2.966 -2.913 -2.742 -2.761 -2.646 -2.578 -2.532 -2.481 -2.456 -2.419 -2.458 -2.549 -2.800 -2.928 -3.203 -3.516 -3.868 -3.839 -3.584 -5.478
5.00 1.00 0.065 0.686 0.996 1.477 1.579 1.901 2.368 2.673 2.881 3.014 3.155 3.319 3.425 3.499 3.556 3.479 3.354 3.386 3.514 3.394 3.394 3.181 2.261
5.00 1.26 0.003 0.621 0.918 1.383 1.489 1.806 2.260 2.554 2.761 2.893 3.032 3.195 3.306 3.388 3.457 3.392 3.278 3.311 3.434 3.315 3.296 3.079 2.155
5.00 1.58 -0.065 0.551 0.836 1.284 1.394 1.707 2.146 2.431 2.637 2.767 2.904 3.066 3.181 3.272 3.352 3.300 3.197 3.230 3.347 3.231 3.191 2.972 2.044
5.00 2.00 -0.138 0.475 0.748 1.181 1.295 1.603 2.029 2.304 2.509 2.637 2.772 2.933 3.051 3.150 3.241 3.201 3.109 3.144 3.255 3.141 3.081 2.859 1.925
5.00 2.51 -0.215 0.394 0.655 1.074 1.192 1.496 1.908 2.174 2.377 2.503 2.636 2.795 2.916 3.023 3.124 3.097 3.016 3.051 3.157 3.045 2.964 2.740 1.801
5.00 3.16 -0.297 0.308 0.559 0.963 1.086 1.385 1.784 2.040 2.241 2.365 2.496 2.654 2.777 2.892 3.003 2.987 2.916 2.952 3.052 2.942 2.842 2.616 1.670
5.00 3.98 -0.383 0.218 0.458 0.850 0.976 1.272 1.657 1.904 2.102 2.225 2.354 2.509 2.635 2.756 2.876 2.871 2.811 2.848 2.942 2.834 2.714 2.486 1.533
5.00 5.01 -0.471 0.124 0.355 0.733 0.864 1.156 1.527 1.765 1.961 2.082 2.209 2.362 2.490 2.616 2.745 2.750 2.701 2.738 2.826 2.719 2.581 2.353 1.391
5.00 6.31 -0.563 0.026 0.248 0.615 0.750 1.038 1.396 1.624 1.817 1.937 2.062 2.213 2.342 2.473 2.610 2.624 2.585 2.622 2.704 2.599 2.444 2.214 1.244
5.00 7.94 -0.657 -0.075 0.140 0.495 0.633 0.919 1.262 1.482 1.672 1.790 1.913 2.061 2.191 2.327 2.471 2.494 2.465 2.501 2.577 2.474 2.301 2.072 1.091
5.00 10.00 -0.752 -0.179 0.029 0.373 0.515 0.797 1.127 1.338 1.525 1.641 1.762 1.908 2.038 2.178 2.328 2.359 2.340 2.376 2.446 2.344 2.155 1.927 0.934
5.00 12.59 -0.850 -0.285 -0.084 0.249 0.396 0.674 0.991 1.193 1.376 1.490 1.610 1.752 1.884 2.026 2.183 2.221 2.211 2.246 2.309 2.208 2.004 1.777 0.773
5.00 15.85 -0.949 -0.394 -0.199 0.125 0.274 0.550 0.853 1.046 1.225 1.338 1.456 1.595 1.727 1.872 2.034 2.079 2.078 2.111 2.168 2.067 1.849 1.624 0.607
5.00 19.95 -1.050 -0.505 -0.315 -0.001 0.152 0.424 0.714 0.898 1.073 1.185 1.300 1.437 1.568 1.716 1.882 1.933 1.940 1.972 2.022 1.922 1.690 1.468 0.437
5.00 25.12 -1.152 -0.617 -0.433 -0.129 0.028 0.297 0.573 0.748 0.920 1.030 1.143 1.276 1.407 1.557 1.727 1.783 1.798 1.828 1.871 1.770 1.526 1.308 0.262
5.00 31.62 -1.256 -0.733 -0.553 -0.257 -0.097 0.168 0.430 0.597 0.765 0.873 0.984 1.113 1.244 1.395 1.569 1.629 1.652 1.679 1.713 1.613 1.357 1.143 0.081
5.00 39.81 -1.361 -0.850 -0.675 -0.387 -0.225 0.038 0.286 0.444 0.607 0.714 0.823 0.949 1.078 1.230 1.406 1.469 1.499 1.523 1.550 1.448 1.182 0.974 -0.106
5.00 50.12 -1.470 -0.971 -0.799 -0.519 -0.354 -0.095 0.139 0.289 0.448 0.552 0.659 0.781 0.910 1.062 1.240 1.305 1.341 1.360 1.379 1.275 1.000 0.798 -0.301
5.00 63.10 -1.581 -1.094 -0.926 -0.652 -0.486 -0.230 -0.011 0.131 0.285 0.388 0.492 0.610 0.738 0.889 1.067 1.133 1.174 1.189 1.198 1.092 0.810 0.616 -0.505
5.00 79.43 -1.695 -1.222 -1.055 -0.788 -0.620 -0.369 -0.164 -0.030 0.120 0.220 0.322 0.436 0.561 0.711 0.889 0.953 0.999 1.008 1.007 0.897 0.609 0.425 -0.719
5.00 100.00 -1.814 -1.354 -1.189 -0.927 -0.758 -0.511 -0.321 -0.195 -0.050 0.048 0.147 0.256 0.379 0.526 0.702 0.764 0.812 0.814 0.801 0.687 0.396 0.223 -0.948
5.00 125.89 -1.939 -1.491 -1.327 -1.070 -0.901 -0.658 -0.484 -0.365 -0.226 -0.130 -0.034 0.070 0.191 0.334 0.505 0.562 0.611 0.604 0.578 0.458 0.166 0.008 -1.193
5.00 158.49 -2.070 -1.636 -1.471 -1.216 -1.049 -0.811 -0.653 -0.540 -0.407 -0.315 -0.222 -0.123 -0.006 0.131 0.295 0.344 0.393 0.375 0.334 0.206 -0.083 -0.224 -1.459
5.00 199.53 -2.210 -1.790 -1.622 -1.369 -1.204 -0.971 -0.831 -0.724 -0.597 -0.508 -0.419 -0.326 -0.214 -0.084 0.070 0.107 0.153 0.122 0.064 -0.075 -0.356 -0.477 -1.752
5.00 251.19 -2.362 -1.955 -1.783 -1.528 -1.368 -1.141 -1.019 -0.917 -0.797 -0.712 -0.627 -0.541 -0.434 -0.315 -0.175 -0.154 -0.115 -0.162 -0.240 -0.392 -0.661 -0.756 -2.079
5.00 316.23 -2.526 -2.133 -1.954 -1.695 -1.543 -1.322 -1.220 -1.122 -1.010 -0.930 -0.849 -0.771 -0.671 -0.565 -0.444 -0.445 -0.417 -0.485 -0.587 -0.756 -1.006 -1.067 -2.447
5.00 398.11 -2.709 -2.329 -2.140 -1.874 -1.731 -1.518 -1.437 -1.343 -1.239 -1.164 -1.089 -1.019 -0.929 -0.841 -0.744 -0.774 -0.762 -0.856 -0.986 -1.177 -1.399 -1.420 -2.868
5.00 501.19 -2.913 -2.547 -2.344 -2.066 -1.937 -1.733 -1.675 -1.582 -1.488 -1.420 -1.351 -1.292 -1.212 -1.147 -1.084 -1.152 -1.162 -1.288 -1.452 -1.671 -1.854 -1.825 -3.355
5.00 630.96 -3.144 -2.792 -2.571 -2.275 -2.165 -1.971 -1.939 -1.846 -1.763 -1.703 -1.641 -1.594 -1.529 -1.493 -1.472 -1.590 -1.630 -1.796 -2.002 -2.256 -2.387 -2.296 -3.925
5.00 794.33 -3.410 -3.072 -2.826 -2.505 -2.419 -2.238 -2.236 -2.139 -2.070 -2.020 -1.967 -1.935 -1.886 -1.888 -1.922 -2.103 -2.184 -2.401 -2.657 -2.956 -3.018 -2.849 -4.600
5.00 1000.00 -3.720 -3.396 -3.117 -2.763 -2.708 -2.543 -2.574 -2.471 -2.417 -2.379 -2.337 -2.322 -2.295 -2.345 -2.449 -2.713 -2.847 -3.126 -3.445 -3.801 -3.772 -3.505 -5.407
5.25 1.00 0.198 0.813 1.145 1.637 1.739 2.058 2.514 2.809 2.998 3.124 3.258 3.410 3.501 3.561 3.603 3.510 3.375 3.397 3.518 3.390 3.398 3.200 2.265
5.25 1.26 0.142 0.755 1.074 1.549 1.655 1.969 2.411 2.696 2.885 3.009 3.141 3.293 3.388 3.457 3.510 3.429 3.305 3.328 3.443 3.317 3.306 3.105 2.167
5.25 1.58 0.080 0.692 0.997 1.456 1.566 1.875 2.303 2.578 2.767 2.889 3.019 3.169 3.270 3.347 3.411 3.342 3.229 3.253 3.363 3.240 3.208 3.004 2.062
5.25 2.00 0.014 0.622 0.915 1.357 1.472 1.776 2.191 2.456 2.643 2.764 2.892 3.041 3.145 3.231 3.306 3.249 3.148 3.173 3.277 3.156 3.104 2.898 1.951
5.25 2.51 -0.058 0.547 0.828 1.254 1.373 1.673 2.074 2.329 2.516 2.635 2.760 2.908 3.016 3.110 3.195 3.150 3.060 3.087 3.185 3.066 2.994 2.785 1.833
5.25 3.16 -0.135 0.467 0.736 1.147 1.270 1.566 1.953 2.199 2.384 2.501 2.625 2.771 2.882 2.983 3.078 3.046 2.967 2.994 3.087 2.971 2.878 2.667 1.709
5.25 3.98 -0.215 0.381 0.640 1.037 1.164 1.456 1.829 2.066 2.249 2.364 2.486 2.630 2.744 2.852 2.956 2.935 2.867 2.896 2.983 2.869 2.756 2.543 1.578
5.25 5.01 -0.300 0.291 0.540 0.923 1.055 1.343 1.702 1.930 2.111 2.224 2.343 2.486 2.602 2.716 2.830 2.819 2.762 2.791 2.873 2.760 2.629 2.414 1.442
5.25 6.31 -0.388 0.197 0.436 0.807 0.943 1.227 1.573 1.791 1.969 2.081 2.199 2.339 2.457 2.576 2.698 2.698 2.651 2.681 2.757 2.646 2.496 2.281 1.300
5.25 7.94 -0.479 0.099 0.330 0.689 0.828 1.109 1.442 1.650 1.826 1.936 2.052 2.190 2.309 2.433 2.562 2.571 2.535 2.565 2.635 2.526 2.358 2.142 1.152
5.25 10.00 -0.572 -0.002 0.221 0.569 0.712 0.989 1.308 1.508 1.680 1.789 1.902 2.038 2.158 2.286 2.423 2.440 2.414 2.443 2.507 2.400 2.215 2.000 0.999
5.25 12.59 -0.668 -0.106 0.110 0.446 0.594 0.867 1.173 1.364 1.533 1.640 1.751 1.884 2.005 2.136 2.279 2.304 2.288 2.317 2.374 2.268 2.067 1.853 0.841
5.25 15.85 -0.766 -0.212 -0.004 0.323 0.474 0.744 1.036 1.218 1.384 1.489 1.598 1.728 1.849 1.984 2.133 2.165 2.157 2.185 2.236 2.131 1.914 1.702 0.678
5.25 19.95 -0.865 -0.321 -0.119 0.198 0.352 0.619 0.898 1.070 1.233 1.336 1.444 1.570 1.692 1.829 1.983 2.021 2.022 2.048 2.092 1.988 1.757 1.548 0.509
5.25 25.12 -0.966 -0.433 -0.236 0.071 0.229 0.492 0.757 0.922 1.080 1.182 1.287 1.410 1.532 1.671 1.829 1.872 1.882 1.906 1.943 1.839 1.595 1.389 0.336
5.25 31.62 -1.069 -0.547 -0.355 -0.057 0.104 0.364 0.615 0.771 0.925 1.025 1.129 1.249 1.370 1.510 1.672 1.719 1.736 1.758 1.788 1.683 1.428 1.225 0.157
5.25 39.81 -1.174 -0.664 -0.476 -0.187 -0.023 0.234 0.471 0.618 0.768 0.867 0.968 1.084 1.205 1.346 1.510 1.561 1.585 1.604 1.626 1.520 1.254 1.057 -0.029
5.25 50.12 -1.282 -0.784 -0.600 -0.318 -0.152 0.102 0.324 0.463 0.609 0.706 0.804 0.917 1.036 1.178 1.344 1.397 1.428 1.443 1.456 1.348 1.073 0.882 -0.223
5.25 63.10 -1.393 -0.907 -0.726 -0.451 -0.283 -0.033 0.175 0.306 0.447 0.542 0.638 0.747 0.865 1.006 1.172 1.226 1.262 1.273 1.276 1.166 0.883 0.701 -0.426
5.25 79.43 -1.507 -1.034 -0.855 -0.587 -0.418 -0.172 0.022 0.145 0.281 0.374 0.468 0.572 0.688 0.828 0.994 1.047 1.087 1.092 1.085 0.972 0.683 0.510 -0.640
5.25 100.00 -1.626 -1.165 -0.989 -0.726 -0.556 -0.314 -0.135 -0.020 0.112 0.202 0.293 0.393 0.507 0.644 0.807 0.858 0.901 0.899 0.881 0.763 0.471 0.308 -0.867
5.25 125.89 -1.750 -1.303 -1.127 -0.868 -0.698 -0.461 -0.298 -0.189 -0.063 0.024 0.112 0.207 0.318 0.451 0.611 0.656 0.701 0.689 0.658 0.535 0.242 0.094 -1.112
5.25 158.49 -1.881 -1.447 -1.270 -1.015 -0.846 -0.613 -0.467 -0.365 -0.245 -0.160 -0.076 0.014 0.121 0.249 0.401 0.439 0.483 0.461 0.415 0.283 -0.007 -0.138 -1.378
5.25 199.53 -2.021 -1.601 -1.422 -1.167 -1.001 -0.774 -0.644 -0.549 -0.435 -0.354 -0.272 -0.189 -0.086 0.034 0.176 0.203 0.243 0.207 0.145 0.002 -0.281 -0.390 -1.671
5.25 251.19 -2.172 -1.766 -1.582 -1.326 -1.165 -0.943 -0.832 -0.742 -0.635 -0.558 -0.480 -0.403 -0.306 -0.197 -0.068 -0.058 -0.025 -0.077 -0.159 -0.315 -0.585 -0.669 -1.997
5.25 316.23 -2.337 -1.944 -1.753 -1.493 -1.340 -1.125 -1.033 -0.947 -0.847 -0.775 -0.702 -0.633 -0.543 -0.447 -0.338 -0.349 -0.326 -0.399 -0.506 -0.678 -0.929 -0.980 -2.365
5.25 398.11 -2.519 -2.140 -1.939 -1.672 -1.528 -1.321 -1.251 -1.167 -1.076 -1.010 -0.942 -0.882 -0.800 -0.722 -0.638 -0.679 -0.672 -0.770 -0.905 -1.100 -1.322 -1.333 -2.786
5.25 501.19 -2.723 -2.358 -2.143 -1.863 -1.734 -1.535 -1.489 -1.407 -1.326 -1.266 -1.204 -1.155 -1.084 -1.029 -0.977 -1.056 -1.071 -1.202 -1.370 -1.593 -1.777 -1.738 -3.273
5.25 630.96 -2.955 -2.603 -2.370 -2.073 -1.961 -1.773 -1.753 -1.670 -1.600 -1.548 -1.495 -1.457 -1.400 -1.375 -1.365 -1.494 -1.539 -1.710 -1.920 -2.178 -2.310 -2.209 -3.843
5.25 794.33 -3.221 -2.883 -2.625 -2.303 -2.216 -2.041 -2.049 -1.964 -1.907 -1.865 -1.820 -1.797 -1.758 -1.770 -1.815 -2.007 -2.094 -2.314 -2.575 -2.878 -2.941 -2.761 -4.518
5.25 1000.00 -3.531 -3.207 -2.916 -2.561 -2.505 -2.345 -2.387 -2.295 -2.255 -2.224 -2.190 -2.185 -2.167 -2.227 -2.342 -2.617 -2.756 -3.040 -3.363 -3.723 -3.696 -3.418 -5.325
5.50 1.00 0.324 0.934 1.287 1.789 1.890 2.206 2.651 2.938 3.108 3.229 3.357 3.498 3.574 3.623 3.651 3.544 3.400 3.413 3.526 3.391 3.406 3.220 2.274
5.50 1.26 0.275 0.883 1.222 1.707 1.813 2.123 2.555 2.831 3.002 3.121 3.246 3.386 3.468 3.525 3.564 3.468 3.335 3.349 3.456 3.324 3.320 3.132 2.181
5.50 1.58 0.220 0.826 1.152 1.619 1.729 2.035 2.453 2.719 2.890 3.007 3.130 3.270 3.356 3.421 3.470 3.387 3.265 3.280 3.382 3.252 3.228 3.038 2.083
5.50 2.00 0.159 0.763 1.076 1.526 1.641 1.942 2.346 2.602 2.773 2.888 3.009 3.147 3.238 3.311 3.371 3.300 3.189 3.206 3.302 3.175 3.131 2.938 1.979
5.50 2.51 0.094 0.694 0.994 1.428 1.547 1.844 2.234 2.481 2.651 2.764 2.882 3.020 3.115 3.196 3.266 3.207 3.108 3.126 3.217 3.092 3.028 2.832 1.869
5.50 3.16 0.023 0.620 0.907 1.326 1.449 1.741 2.118 2.355 2.524 2.635 2.751 2.888 2.986 3.075 3.156 3.108 3.020 3.040 3.126 3.003 2.918 2.720 1.751
5.50 3.98 -0.053 0.540 0.816 1.219 1.347 1.635 1.998 2.225 2.393 2.502 2.616 2.751 2.853 2.948 3.039 3.003 2.927 2.947 3.028 2.907 2.802 2.602 1.628
5.50 5.01 -0.133 0.455 0.720 1.109 1.241 1.524 1.874 2.092 2.258 2.365 2.477 2.610 2.715 2.817 2.917 2.892 2.827 2.849 2.924 2.806 2.681 2.479 1.497
5.50 6.31 -0.217 0.365 0.620 0.996 1.132 1.411 1.748 1.956 2.120 2.225 2.336 2.467 2.573 2.681 2.790 2.775 2.721 2.744 2.814 2.697 2.553 2.350 1.361
5.50 7.94 -0.304 0.272 0.517 0.880 1.020 1.296 1.618 1.817 1.979 2.083 2.191 2.320 2.428 2.541 2.658 2.653 2.610 2.633 2.697 2.583 2.420 2.216 1.218
5.50 10.00 -0.394 0.174 0.410 0.761 0.905 1.178 1.487 1.677 1.836 1.938 2.044 2.170 2.280 2.397 2.521 2.526 2.493 2.516 2.574 2.462 2.281 2.077 1.070
5.50 12.59 -0.487 0.073 0.301 0.641 0.789 1.057 1.353 1.534 1.690 1.790 1.894 2.018 2.129 2.250 2.381 2.394 2.370 2.393 2.446 2.335 2.137 1.934 0.915
5.50 15.85 -0.583 -0.032 0.190 0.518 0.670 0.935 1.217 1.389 1.542 1.641 1.743 1.863 1.975 2.100 2.237 2.257 2.243 2.265 2.311 2.201 1.988 1.786 0.756
5.50 19.95 -0.681 -0.139 0.076 0.394 0.549 0.811 1.080 1.243 1.392 1.489 1.589 1.707 1.819 1.946 2.088 2.115 2.110 2.131 2.171 2.062 1.833 1.634 0.590
5.50 25.12 -0.780 -0.249 -0.040 0.269 0.427 0.686 0.940 1.095 1.240 1.336 1.433 1.548 1.660 1.790 1.936 1.968 1.972 1.992 2.024 1.915 1.673 1.477 0.419
5.50 31.62 -0.882 -0.362 -0.158 0.141 0.303 0.558 0.799 0.945 1.086 1.180 1.275 1.387 1.499 1.630 1.780 1.817 1.829 1.846 1.871 1.762 1.507 1.315 0.242
5.50 39.81 -0.987 -0.477 -0.279 0.012 0.177 0.428 0.655 0.792 0.930 1.022 1.115 1.223 1.335 1.467 1.620 1.660 1.679 1.694 1.711 1.601 1.335 1.148 0.058
5.50 50.12 -1.094 -0.596 -0.401 -0.119 0.048 0.296 0.509 0.638 0.772 0.861 0.952 1.056 1.167 1.300 1.455 1.497 1.523 1.534 1.542 1.431 1.155 0.974 -0.135
5.50 63.10 -1.204 -0.719 -0.527 -0.252 -0.083 0.162 0.360 0.481 0.610 0.697 0.786 0.886 0.996 1.128 1.284 1.327 1.358 1.365 1.364 1.251 0.967 0.793 -0.336
5.50 79.43 -1.318 -0.845 -0.656 -0.387 -0.217 0.024 0.207 0.320 0.445 0.530 0.616 0.712 0.820 0.950 1.106 1.149 1.184 1.185 1.174 1.057 0.768 0.603 -0.549
5.50 100.00 -1.436 -0.976 -0.789 -0.526 -0.355 -0.118 0.050 0.156 0.275 0.358 0.442 0.533 0.639 0.767 0.920 0.960 0.999 0.992 0.970 0.849 0.555 0.402 -0.777
5.50 125.89 -1.560 -1.113 -0.927 -0.668 -0.497 -0.265 -0.112 -0.014 0.100 0.181 0.261 0.348 0.450 0.575 0.723 0.759 0.799 0.784 0.749 0.621 0.327 0.188 -1.021
5.50 158.49 -1.691 -1.258 -1.070 -0.814 -0.645 -0.417 -0.281 -0.189 -0.081 -0.004 0.074 0.155 0.254 0.372 0.514 0.542 0.581 0.556 0.506 0.370 0.079 -0.043 -1.287
5.50 199.53 -1.831 -1.411 -1.221 -0.966 -0.800 -0.578 -0.458 -0.373 -0.271 -0.197 -0.123 -0.048 0.047 0.158 0.290 0.306 0.342 0.303 0.236 0.090 -0.194 -0.295 -1.579
5.50 251.19 -1.982 -1.575 -1.382 -1.125 -0.964 -0.747 -0.646 -0.566 -0.471 -0.401 -0.331 -0.263 -0.173 -0.073 0.045 0.046 0.074 0.019 -0.068 -0.227 -0.499 -0.574 -1.905
5.50 316.23 -2.147 -1.754 -1.553 -1.293 -1.138 -0.928 -0.847 -0.771 -0.683 -0.618 -0.553 -0.492 -0.410 -0.323 -0.224 -0.245 -0.227 -0.303 -0.414 -0.590 -0.843 -0.885 -2.273
5.50 398.11 -2.329 -1.949 -1.739 -1.471 -1.327 -1.124 -1.064 -0.991 -0.912 -0.853 -0.793 -0.741 -0.668 -0.598 -0.524 -0.575 -0.572 -0.674 -0.813 -1.011 -1.236 -1.238 -2.693
5.50 501.19 -2.533 -2.167 -1.943 -1.663 -1.532 -1.339 -1.302 -1.231 -1.161 -1.108 -1.055 -1.013 -0.951 -0.905 -0.863 -0.952 -0.972 -1.105 -1.278 -1.505 -1.691 -1.643 -3.180
5.50 630.96 -2.764 -2.412 -2.169 -1.872 -1.760 -1.577 -1.566 -1.494 -1.436 -1.391 -1.345 -1.316 -1.267 -1.250 -1.251 -1.389 -1.440 -1.613 -1.828 -2.089 -2.223 -2.113 -3.750
5.50 794.33 -3.030 -2.692 -2.425 -2.102 -2.014 -1.844 -1.863 -1.788 -1.743 -1.708 -1.671 -1.656 -1.625 -1.645 -1.701 -1.903 -1.994 -2.218 -2.483 -2.789 -2.854 -2.666 -4.425
5.50 1000.00 -3.340 -3.016 -2.715 -2.360 -2.303 -2.148 -2.201 -2.119 -2.090 -2.067 -2.041 -2.044 -2.034 -2.103 -2.228 -2.512 -2.657 -2.943 -3.270 -3.634 -3.608 -3.322 -5.232
5.75 1.00 0.445 1.049 1.420 1.932 2.032 2.346 2.780 3.059 3.212 3.328 3.450 3.581 3.644 3.683 3.701 3.582 3.429 3.434 3.539 3.398 3.419 3.242 2.287
5.75 1.26 0.401 1.004 1.362 1.857 1.961 2.270 2.691 2.959 3.113 3.226 3.347 3.476 3.544 3.591 3.619 3.511 3.369 3.374 3.474 3.335 3.337 3.159 2.200
5.75 1.58 0.352 0.953 1.299 1.775 1.884 2.188 2.595 2.854 3.008 3.119 3.237 3.366 3.439 3.494 3.531 3.435 3.304 3.311 3.405 3.268 3.252 3.072 2.108
5.75 2.00 0.299 0.897 1.229 1.688 1.802 2.100 2.495 2.743 2.897 3.007 3.122 3.250 3.328 3.390 3.438 3.353 3.234 3.242 3.331 3.197 3.160 2.978 2.011
5.75 2.51 0.239 0.835 1.154 1.596 1.714 2.008 2.388 2.627 2.781 2.888 3.001 3.129 3.211 3.281 3.339 3.266 3.159 3.168 3.252 3.120 3.064 2.879 1.907
5.75 3.16 0.175 0.767 1.073 1.498 1.621 1.910 2.277 2.506 2.660 2.765 2.876 3.002 3.088 3.166 3.234 3.173 3.077 3.088 3.167 3.038 2.961 2.774 1.797
5.75 3.98 0.105 0.693 0.986 1.396 1.523 1.808 2.161 2.380 2.534 2.637 2.745 2.870 2.960 3.045 3.123 3.074 2.989 3.002 3.076 2.949 2.852 2.663 1.680
5.75 5.01 0.030 0.614 0.895 1.290 1.422 1.702 2.042 2.251 2.403 2.504 2.610 2.734 2.828 2.919 3.006 2.968 2.896 2.910 2.979 2.854 2.736 2.546 1.557
5.75 6.31 -0.049 0.530 0.800 1.180 1.316 1.592 1.919 2.118 2.269 2.368 2.472 2.594 2.690 2.788 2.884 2.857 2.795 2.811 2.875 2.752 2.615 2.422 1.427
5.75 7.94 -0.132 0.441 0.700 1.066 1.207 1.479 1.792 1.982 2.131 2.229 2.330 2.450 2.549 2.652 2.756 2.739 2.689 2.705 2.764 2.644 2.487 2.294 1.290
5.75 10.00 -0.219 0.347 0.597 0.950 1.095 1.363 1.663 1.844 1.990 2.086 2.186 2.303 2.404 2.511 2.624 2.616 2.577 2.594 2.647 2.529 2.353 2.159 1.147
5.75 12.59 -0.309 0.249 0.490 0.832 0.980 1.245 1.531 1.703 1.847 1.941 2.038 2.153 2.255 2.367 2.487 2.488 2.458 2.476 2.523 2.407 2.213 2.020 0.997
5.75 15.85 -0.402 0.148 0.381 0.711 0.863 1.124 1.397 1.560 1.701 1.793 1.888 2.001 2.104 2.219 2.345 2.354 2.335 2.352 2.393 2.278 2.068 1.875 0.841
5.75 19.95 -0.497 0.043 0.269 0.588 0.744 1.001 1.261 1.415 1.552 1.643 1.736 1.846 1.949 2.068 2.199 2.215 2.205 2.222 2.256 2.143 1.916 1.726 0.679
5.75 25.12 -0.595 -0.065 0.154 0.464 0.623 0.877 1.122 1.267 1.402 1.490 1.581 1.688 1.792 1.913 2.049 2.071 2.070 2.085 2.113 2.000 1.759 1.571 0.511
5.75 31.62 -0.696 -0.176 0.037 0.337 0.499 0.750 0.982 1.118 1.249 1.336 1.425 1.528 1.632 1.755 1.895 1.922 1.928 1.942 1.963 1.850 1.596 1.411 0.336
5.75 39.81 -0.799 -0.291 -0.082 0.209 0.374 0.621 0.839 0.967 1.093 1.178 1.265 1.365 1.469 1.592 1.736 1.767 1.781 1.792 1.805 1.691 1.425 1.246 0.154
5.75 50.12 -0.905 -0.409 -0.204 0.078 0.246 0.489 0.693 0.813 0.935 1.018 1.103 1.199 1.302 1.426 1.571 1.605 1.626 1.633 1.638 1.523 1.247 1.073 -0.037
5.75 63.10 -1.014 -0.530 -0.329 -0.054 0.115 0.355 0.544 0.656 0.774 0.855 0.937 1.029 1.131 1.255 1.401 1.436 1.463 1.466 1.461 1.344 1.060 0.893 -0.237
5.75 79.43 -1.128 -0.656 -0.458 -0.189 -0.018 0.218 0.392 0.496 0.609 0.688 0.767 0.856 0.956 1.078 1.224 1.259 1.290 1.287 1.273 1.152 0.861 0.704 -0.449
5.75 100.00 -1.246 -0.786 -0.590 -0.327 -0.156 0.076 0.235 0.332 0.440 0.517 0.593 0.677 0.775 0.895 1.039 1.071 1.105 1.096 1.070 0.945 0.650 0.504 -0.675
5.75 125.89 -1.369 -0.923 -0.728 -0.469 -0.298 -0.070 0.073 0.162 0.265 0.339 0.413 0.492 0.587 0.703 0.843 0.870 0.906 0.888 0.849 0.718 0.422 0.290 -0.919
5.75 158.49 -1.500 -1.067 -0.871 -0.615 -0.446 -0.223 -0.096 -0.013 0.084 0.155 0.226 0.299 0.391 0.501 0.634 0.654 0.689 0.660 0.607 0.468 0.175 0.060 -1.184
5.75 199.53 -1.640 -1.220 -1.022 -0.767 -0.600 -0.383 -0.273 -0.196 -0.105 -0.038 0.029 0.097 0.184 0.287 0.410 0.418 0.449 0.408 0.337 0.188 -0.098 -0.192 -1.476
5.75 251.19 -1.791 -1.384 -1.182 -0.926 -0.764 -0.552 -0.460 -0.389 -0.305 -0.242 -0.179 -0.118 -0.036 0.056 0.166 0.158 0.183 0.125 0.034 -0.128 -0.402 -0.470 -1.802
5.75 316.23 -1.955 -1.562 -1.353 -1.094 -0.938 -0.733 -0.661 -0.594 -0.518 -0.459 -0.401 -0.348 -0.273 -0.194 -0.103 -0.133 -0.119 -0.197 -0.312 -0.491 -0.746 -0.782 -2.169
5.75 398.11 -2.137 -1.758 -1.539 -1.272 -1.127 -0.929 -0.879 -0.815 -0.746 -0.693 -0.640 -0.596 -0.530 -0.469 -0.403 -0.462 -0.464 -0.568 -0.710 -0.911 -1.139 -1.134 -2.589
5.75 501.19 -2.341 -1.975 -1.743 -1.464 -1.332 -1.144 -1.116 -1.054 -0.995 -0.949 -0.903 -0.869 -0.814 -0.775 -0.742 -0.839 -0.863 -0.999 -1.176 -1.405 -1.593 -1.539 -3.076
5.75 630.96 -2.572 -2.221 -1.969 -1.673 -1.559 -1.382 -1.380 -1.317 -1.270 -1.232 -1.193 -1.171 -1.130 -1.121 -1.130 -1.277 -1.331 -1.507 -1.725 -1.990 -2.126 -2.009 -3.646
5.75 794.33 -2.838 -2.500 -2.224 -1.903 -1.814 -1.649 -1.677 -1.611 -1.577 -1.548 -1.518 -1.511 -1.487 -1.515 -1.580 -1.790 -1.885 -2.111 -2.380 -2.689 -2.757 -2.562 -4.321
5.75 1000.00 -3.148 -2.824 -2.515 -2.160 -2.103 -1.953 -2.015 -1.943 -1.924 -1.908 -1.888 -1.899 -1.896 -1.973 -2.107 -2.399 -2.547 -2.837 -3.167 -3.534 -3.511 -3.218 -5.128
6.00 1.00 0.560 1.159 1.547 2.067 2.165 2.476 2.901 3.173 3.309 3.420 3.539 3.660 3.711 3.744 3.753 3.625 3.464 3.460 3.559 3.411 3.436 3.266 2.305
6.00 1.26 0.522 1.119 1.495 1.998 2.101 2.407 2.818 3.080 3.217 3.326 3.442 3.562 3.618 3.657 3.675 3.557 3.408 3.405 3.498 3.352 3.359 3.189 2.224
6.00 1.58 0.479 1.075 1.438 1.923 2.031 2.332 2.730 2.982 3.119 3.226 3.339 3.459 3.519 3.566 3.593 3.486 3.347 3.346 3.433 3.290 3.279 3.107 2.137
6.00 2.00 0.432 1.025 1.375 1.842 1.955 2.251 2.635 2.877 3.015 3.120 3.231 3.350 3.415 3.469 3.506 3.409 3.282 3.282 3.365 3.224 3.193 3.020 2.046
6.00 2.51 0.379 0.970 1.306 1.755 1.873 2.164 2.535 2.767 2.906 3.008 3.116 3.234 3.304 3.366 3.413 3.328 3.212 3.213 3.291 3.153 3.103 2.927 1.949
6.00 3.16 0.321 0.908 1.231 1.663 1.786 2.072 2.430 2.651 2.790 2.891 2.997 3.114 3.188 3.257 3.314 3.240 3.137 3.140 3.212 3.076 3.006 2.829 1.846
6.00 3.98 0.257 0.841 1.151 1.566 1.693 1.975 2.319 2.531 2.670 2.768 2.871 2.988 3.066 3.142 3.209 3.147 3.055 3.060 3.128 2.994 2.904 2.724 1.736
6.00 5.01 0.188 0.768 1.065 1.464 1.596 1.873 2.204 2.406 2.545 2.641 2.742 2.857 2.939 3.021 3.097 3.047 2.967 2.974 3.037 2.906 2.795 2.614 1.620
6.00 6.31 0.115 0.689 0.974 1.358 1.494 1.767 2.085 2.277 2.415 2.509 2.607 2.721 2.807 2.895 2.980 2.941 2.873 2.881 2.939 2.811 2.680 2.497 1.496
6.00 7.94 0.036 0.605 0.879 1.249 1.389 1.657 1.962 2.145 2.281 2.373 2.469 2.581 2.670 2.764 2.858 2.829 2.772 2.782 2.835 2.709 2.558 2.374 1.366
6.00 10.00 -0.046 0.516 0.779 1.135 1.280 1.544 1.836 2.009 2.143 2.234 2.328 2.437 2.528 2.627 2.730 2.711 2.665 2.676 2.724 2.600 2.429 2.244 1.229
6.00 12.59 -0.132 0.423 0.676 1.019 1.168 1.428 1.706 1.870 2.002 2.091 2.183 2.290 2.383 2.487 2.596 2.587 2.551 2.563 2.606 2.484 2.295 2.109 1.084
6.00 15.85 -0.222 0.325 0.569 0.900 1.053 1.310 1.574 1.729 1.859 1.945 2.035 2.140 2.234 2.342 2.458 2.457 2.432 2.444 2.480 2.361 2.154 1.969 0.933
6.00 19.95 -0.315 0.223 0.459 0.779 0.935 1.189 1.440 1.585 1.712 1.797 1.884 1.987 2.082 2.193 2.315 2.321 2.306 2.318 2.348 2.230 2.006 1.823 0.776
6.00 25.12 -0.411 0.117 0.347 0.656 0.816 1.065 1.303 1.440 1.563 1.646 1.731 1.830 1.927 2.040 2.167 2.180 2.174 2.185 2.209 2.091 1.852 1.671 0.611
6.00 31.62 -0.510 0.008 0.231 0.531 0.693 0.940 1.163 1.291 1.411 1.493 1.575 1.672 1.768 1.883 2.015 2.033 2.035 2.045 2.062 1.945 1.692 1.514 0.439
6.00 39.81 -0.611 -0.104 0.113 0.403 0.569 0.811 1.021 1.141 1.257 1.336 1.417 1.510 1.606 1.723 1.857 1.880 1.890 1.897 1.907 1.789 1.524 1.350 0.259
6.00 50.12 -0.716 -0.221 -0.008 0.274 0.442 0.681 0.876 0.987 1.100 1.177 1.255 1.345 1.440 1.557 1.694 1.720 1.737 1.741 1.742 1.624 1.347 1.180 0.071
6.00 63.10 -0.825 -0.341 -0.133 0.142 0.312 0.547 0.728 0.831 0.939 1.015 1.090 1.176 1.271 1.387 1.525 1.552 1.575 1.575 1.567 1.447 1.162 1.001 -0.128
6.00 79.43 -0.937 -0.466 -0.260 0.007 0.179 0.410 0.576 0.671 0.775 0.848 0.921 1.003 1.096 1.211 1.349 1.376 1.403 1.398 1.380 1.257 0.965 0.813 -0.339
6.00 100.00 -1.055 -0.596 -0.392 -0.131 0.041 0.269 0.420 0.507 0.606 0.677 0.747 0.824 0.915 1.029 1.164 1.189 1.219 1.208 1.179 1.051 0.754 0.614 -0.564
6.00 125.89 -1.178 -0.732 -0.529 -0.272 -0.100 0.122 0.258 0.338 0.432 0.500 0.567 0.639 0.728 0.837 0.969 0.989 1.021 1.001 0.959 0.826 0.527 0.401 -0.807
6.00 158.49 -1.308 -0.875 -0.672 -0.418 -0.248 -0.030 0.089 0.163 0.251 0.316 0.380 0.447 0.532 0.636 0.761 0.773 0.805 0.774 0.717 0.576 0.280 0.170 -1.071
6.00 199.53 -1.448 -1.028 -0.823 -0.570 -0.402 -0.190 -0.088 -0.020 0.062 0.123 0.184 0.245 0.325 0.422 0.537 0.538 0.566 0.522 0.449 0.297 0.008 -0.081 -1.362
6.00 251.19 -1.598 -1.192 -0.983 -0.729 -0.566 -0.359 -0.275 -0.213 -0.138 -0.080 -0.024 0.030 0.106 0.192 0.293 0.278 0.300 0.240 0.146 -0.019 -0.296 -0.359 -1.687
6.00 316.23 -1.762 -1.370 -1.154 -0.896 -0.740 -0.540 -0.476 -0.418 -0.350 -0.297 -0.246 -0.199 -0.131 -0.058 0.024 -0.013 -0.001 -0.082 -0.199 -0.381 -0.639 -0.670 -2.055
6.00 398.11 -1.944 -1.565 -1.339 -1.074 -0.928 -0.736 -0.693 -0.638 -0.579 -0.532 -0.485 -0.448 -0.388 -0.333 -0.276 -0.341 -0.346 -0.452 -0.597 -0.801 -1.031 -1.022 -2.474
6.00 501.19 -2.148 -1.783 -1.543 -1.266 -1.134 -0.950 -0.931 -0.877 -0.828 -0.787 -0.747 -0.720 -0.671 -0.639 -0.615 -0.718 -0.745 -0.883 -1.062 -1.294 -1.486 -1.426 -2.961
6.00 630.96 -2.379 -2.028 -1.770 -1.475 -1.361 -1.188 -1.195 -1.140 -1.103 -1.070 -1.037 -1.022 -0.987 -0.985 -1.002 -1.156 -1.213 -1.391 -1.611 -1.879 -2.018 -1.896 -3.531
6.00 794.33 -2.645 -2.307 -2.025 -1.705 -1.616 -1.455 -1.492 -1.434 -1.409 -1.387 -1.363 -1.362 -1.345 -1.380 -1.452 -1.669 -1.767 -1.995 -2.266 -2.578 -2.649 -2.449 -4.205
6.00 1000.00 -2.955 -2.631 -2.315 -1.963 -1.904 -1.760 -1.829 -1.766 -1.757 -1.746 -1.733 -1.750 -1.754 -1.837 -1.979 -2.278 -2.429 -2.720 -3.053 -3.423 -3.403 -3.105 -5.012
6.25 1.00 0.671 1.265 1.667 2.193 2.289 2.599 3.014 3.280 3.400 3.508 3.623 3.735 3.776 3.805 3.807 3.672 3.504 3.493 3.585 3.431 3.459 3.294 2.330
6.25 1.26 0.638 1.230 1.620 2.130 2.231 2.535 2.938 3.194 3.314 3.420 3.533 3.644 3.688 3.723 3.734 3.608 3.451 3.441 3.528 3.376 3.387 3.221 2.253
6.25 1.58 0.601 1.191 1.569 2.062 2.168 2.467 2.856 3.102 3.223 3.326 3.436 3.547 3.596 3.637 3.657 3.541 3.395 3.386 3.467 3.318 3.310 3.144 2.171
6.25 2.00 0.559 1.147 1.512 1.987 2.098 2.392 2.768 3.004 3.126 3.227 3.335 3.445 3.498 3.546 3.574 3.469 3.335 3.327 3.403 3.256 3.230 3.063 2.085
6.25 2.51 0.512 1.098 1.450 1.907 2.023 2.312 2.675 2.900 3.024 3.122 3.227 3.336 3.395 3.449 3.487 3.393 3.270 3.263 3.334 3.190 3.145 2.976 1.994
6.25 3.16 0.460 1.043 1.382 1.821 1.942 2.226 2.576 2.791 2.915 3.012 3.114 3.222 3.285 3.346 3.394 3.311 3.200 3.195 3.261 3.119 3.055 2.885 1.898
6.25 3.98 0.403 0.983 1.308 1.729 1.855 2.134 2.471 2.676 2.801 2.895 2.994 3.102 3.170 3.238 3.295 3.223 3.124 3.121 3.183 3.043 2.959 2.787 1.795
6.25 5.01 0.340 0.916 1.228 1.633 1.763 2.038 2.361 2.557 2.681 2.773 2.870 2.977 3.049 3.123 3.190 3.129 3.042 3.041 3.098 2.961 2.857 2.683 1.686
6.25 6.31 0.273 0.844 1.142 1.531 1.667 1.936 2.247 2.432 2.557 2.647 2.741 2.846 2.922 3.003 3.078 3.029 2.954 2.955 3.007 2.873 2.748 2.572 1.569
6.25 7.94 0.200 0.766 1.052 1.426 1.565 1.831 2.128 2.304 2.427 2.515 2.607 2.711 2.790 2.876 2.961 2.922 2.859 2.862 2.909 2.778 2.632 2.455 1.446
6.25 10.00 0.123 0.682 0.957 1.316 1.460 1.721 2.005 2.171 2.294 2.380 2.469 2.571 2.653 2.745 2.838 2.809 2.757 2.762 2.804 2.676 2.510 2.332 1.315
6.25 12.59 0.041 0.593 0.857 1.203 1.351 1.608 1.878 2.035 2.156 2.240 2.327 2.427 2.512 2.608 2.709 2.690 2.649 2.655 2.692 2.566 2.381 2.202 1.177
6.25 15.85 -0.045 0.499 0.754 1.086 1.239 1.492 1.749 1.897 2.016 2.097 2.182 2.280 2.367 2.467 2.574 2.564 2.534 2.541 2.573 2.448 2.245 2.067 1.031
6.25 19.95 -0.135 0.401 0.647 0.967 1.123 1.373 1.616 1.755 1.871 1.951 2.034 2.129 2.217 2.321 2.435 2.433 2.412 2.420 2.446 2.323 2.102 1.925 0.878
6.25 25.12 -0.228 0.298 0.536 0.846 1.005 1.251 1.481 1.611 1.724 1.802 1.882 1.975 2.064 2.171 2.290 2.295 2.284 2.291 2.311 2.189 1.952 1.777 0.718
6.25 31.62 -0.324 0.192 0.423 0.722 0.885 1.127 1.343 1.464 1.574 1.650 1.728 1.818 1.907 2.016 2.140 2.150 2.148 2.154 2.168 2.047 1.795 1.622 0.550
6.25 39.81 -0.424 0.081 0.306 0.595 0.761 1.000 1.202 1.314 1.421 1.495 1.571 1.657 1.747 1.857 1.984 2.000 2.005 2.010 2.016 1.895 1.630 1.461 0.373
6.25 50.12 -0.528 -0.033 0.186 0.467 0.635 0.870 1.058 1.162 1.265 1.337 1.410 1.493 1.583 1.693 1.823 1.842 1.855 1.856 1.854 1.733 1.456 1.292 0.187
6.25 63.10 -0.635 -0.152 0.063 0.335 0.506 0.737 0.910 1.006 1.105 1.175 1.246 1.325 1.414 1.524 1.655 1.676 1.695 1.693 1.682 1.558 1.272 1.116 -0.010
6.25 79.43 -0.746 -0.276 -0.064 0.201 0.373 0.600 0.759 0.847 0.942 1.010 1.077 1.153 1.240 1.350 1.480 1.501 1.525 1.518 1.497 1.371 1.077 0.929 -0.219
6.25 100.00 -0.863 -0.405 -0.195 0.064 0.237 0.460 0.603 0.683 0.773 0.839 0.904 0.975 1.060 1.167 1.296 1.315 1.342 1.329 1.297 1.166 0.868 0.731 -0.443
6.25 125.89 -0.985 -0.540 -0.332 -0.077 0.095 0.314 0.442 0.515 0.600 0.662 0.725 0.790 0.873 0.977 1.101 1.116 1.145 1.123 1.079 0.942 0.642 0.519 -0.684
6.25 158.49 -1.115 -0.683 -0.474 -0.223 -0.052 0.162 0.274 0.340 0.419 0.479 0.538 0.598 0.678 0.776 0.894 0.900 0.929 0.897 0.838 0.694 0.396 0.289 -0.948
6.25 199.53 -1.254 -0.835 -0.625 -0.374 -0.206 0.002 0.097 0.157 0.230 0.286 0.342 0.396 0.471 0.562 0.670 0.666 0.691 0.646 0.570 0.416 0.124 0.038 -1.238
6.25 251.19 -1.404 -0.998 -0.784 -0.533 -0.369 -0.167 -0.091 -0.036 0.031 0.083 0.134 0.182 0.252 0.332 0.427 0.406 0.426 0.364 0.268 0.101 -0.179 -0.239 -1.563
6.25 316.23 -1.569 -1.176 -0.955 -0.700 -0.544 -0.348 -0.291 -0.240 -0.181 -0.134 -0.087 -0.047 0.016 0.083 0.158 0.116 0.125 0.043 -0.076 -0.261 -0.522 -0.549 -1.929
6.25 398.11 -1.750 -1.371 -1.140 -0.878 -0.732 -0.544 -0.508 -0.460 -0.410 -0.368 -0.327 -0.295 -0.241 -0.192 -0.141 -0.212 -0.219 -0.327 -0.474 -0.680 -0.914 -0.901 -2.349
6.25 501.19 -1.954 -1.588 -1.344 -1.070 -0.937 -0.758 -0.746 -0.700 -0.659 -0.624 -0.589 -0.568 -0.524 -0.498 -0.480 -0.589 -0.618 -0.757 -0.939 -1.173 -1.368 -1.306 -2.835
6.25 630.96 -2.185 -1.833 -1.570 -1.278 -1.164 -0.996 -1.010 -0.963 -0.933 -0.906 -0.879 -0.870 -0.840 -0.843 -0.868 -1.026 -1.086 -1.265 -1.488 -1.757 -1.900 -1.775 -3.404
6.25 794.33 -2.451 -2.113 -1.825 -1.509 -1.419 -1.263 -1.306 -1.256 -1.240 -1.223 -1.204 -1.210 -1.198 -1.238 -1.317 -1.539 -1.639 -1.868 -2.142 -2.456 -2.531 -2.328 -4.079
6.25 1000.00 -2.760 -2.436 -2.116 -1.766 -1.708 -1.567 -1.644 -1.588 -1.587 -1.582 -1.574 -1.597 -1.607 -1.695 -1.844 -2.148 -2.302 -2.594 -2.929 -3.300 -3.285 -2.984 -4.886
6.50 1.00 0.779 1.366 1.780 2.312 2.406 2.713 3.119 3.380 3.486 3.590 3.703 3.808 3.839 3.866 3.864 3.724 3.550 3.533 3.619 3.460 3.489 3.325 2.362
6.50 1.26 0.750 1.336 1.739 2.255 2.353 2.655 3.049 3.300 3.406 3.508 3.618 3.722 3.757 3.789 3.795 3.664 3.501 3.484 3.564 3.407 3.420 3.256 2.288
6.50 1.58 0.717 1.302 1.693 2.192 2.296 2.593 2.973 3.215 3.321 3.421 3.529 3.632 3.670 3.708 3.722 3.600 3.448 3.432 3.507 3.352 3.347 3.184 2.211
6.50 2.00 0.680 1.264 1.643 2.124 2.233 2.525 2.893 3.123 3.231 3.329 3.434 3.536 3.579 3.623 3.645 3.532 3.391 3.376 3.447 3.294 3.272 3.108 2.130
6.50 2.51 0.639 1.220 1.587 2.050 2.164 2.451 2.806 3.027 3.135 3.231 3.333 3.434 3.482 3.532 3.563 3.461 3.331 3.317 3.383 3.232 3.192 3.027 2.044
6.50 3.16 0.594 1.172 1.525 1.970 2.090 2.372 2.713 2.924 3.034 3.127 3.226 3.327 3.379 3.435 3.475 3.384 3.266 3.254 3.314 3.166 3.107 2.941 1.954
6.50 3.98 0.543 1.118 1.457 1.885 2.009 2.286 2.615 2.815 2.926 3.017 3.113 3.213 3.270 3.333 3.382 3.302 3.196 3.185 3.241 3.096 3.017 2.850 1.857
6.50 5.01 0.487 1.058 1.384 1.794 1.923 2.195 2.511 2.701 2.813 2.901 2.995 3.094 3.156 3.224 3.283 3.214 3.120 3.111 3.163 3.020 2.921 2.752 1.755
6.50 6.31 0.425 0.992 1.304 1.698 1.832 2.099 2.402 2.582 2.694 2.780 2.871 2.969 3.035 3.110 3.178 3.119 3.037 3.031 3.078 2.938 2.819 2.649 1.645
6.50 7.94 0.358 0.920 1.219 1.596 1.735 1.998 2.288 2.458 2.570 2.654 2.742 2.839 2.909 2.989 3.066 3.018 2.948 2.945 2.987 2.850 2.710 2.538 1.529
6.50 10.00 0.286 0.842 1.129 1.491 1.634 1.893 2.169 2.330 2.441 2.523 2.609 2.704 2.778 2.863 2.948 2.911 2.853 2.851 2.889 2.754 2.594 2.421 1.405
6.50 12.59 0.210 0.759 1.034 1.381 1.529 1.783 2.047 2.198 2.308 2.388 2.471 2.564 2.641 2.731 2.824 2.797 2.750 2.750 2.783 2.651 2.471 2.298 1.273
6.50 15.85 0.128 0.670 0.935 1.268 1.420 1.670 1.920 2.062 2.171 2.248 2.329 2.420 2.500 2.594 2.694 2.676 2.640 2.642 2.670 2.540 2.341 2.167 1.134
6.50 19.95 0.043 0.576 0.831 1.151 1.307 1.553 1.790 1.922 2.029 2.105 2.183 2.272 2.354 2.451 2.558 2.549 2.523 2.526 2.548 2.421 2.203 2.030 0.987
6.50 25.12 -0.047 0.477 0.723 1.032 1.191 1.434 1.657 1.780 1.885 1.959 2.034 2.121 2.203 2.304 2.416 2.414 2.399 2.402 2.418 2.292 2.058 1.886 0.831
6.50 31.62 -0.141 0.374 0.612 0.909 1.072 1.311 1.520 1.635 1.737 1.809 1.882 1.966 2.049 2.152 2.269 2.273 2.267 2.270 2.280 2.155 1.905 1.735 0.667
6.50 39.81 -0.238 0.266 0.497 0.785 0.951 1.185 1.381 1.487 1.585 1.655 1.726 1.807 1.891 1.996 2.116 2.125 2.128 2.129 2.132 2.007 1.743 1.577 0.494
6.50 50.12 -0.340 0.154 0.379 0.657 0.826 1.057 1.238 1.335 1.430 1.498 1.567 1.644 1.728 1.834 1.957 1.970 1.980 1.979 1.974 1.849 1.572 1.411 0.311
6.50 63.10 -0.445 0.036 0.257 0.527 0.697 0.924 1.092 1.181 1.272 1.338 1.404 1.477 1.560 1.666 1.791 1.806 1.822 1.818 1.805 1.678 1.391 1.237 0.117
6.50 79.43 -0.556 -0.086 0.131 0.393 0.566 0.789 0.941 1.022 1.109 1.173 1.236 1.306 1.388 1.492 1.617 1.632 1.654 1.645 1.622 1.493 1.197 1.052 -0.090
6.50 100.00 -0.671 -0.213 0.001 0.257 0.430 0.649 0.786 0.859 0.942 1.003 1.063 1.128 1.209 1.311 1.434 1.448 1.473 1.458 1.424 1.291 0.990 0.855 -0.312
6.50 125.89 -0.793 -0.348 -0.135 0.116 0.289 0.503 0.625 0.691 0.769 0.827 0.884 0.945 1.023 1.122 1.240 1.250 1.277 1.254 1.207 1.069 0.766 0.644 -0.552
6.50 158.49 -0.922 -0.490 -0.277 -0.029 0.142 0.352 0.457 0.517 0.588 0.644 0.698 0.753 0.828 0.921 1.034 1.036 1.062 1.029 0.968 0.822 0.520 0.416 -0.814
6.50 199.53 -1.060 -0.641 -0.427 -0.180 -0.012 0.192 0.281 0.334 0.400 0.452 0.502 0.551 0.622 0.708 0.811 0.801 0.825 0.779 0.702 0.545 0.250 0.166 -1.104
6.50 251.19 -1.210 -0.804 -0.586 -0.339 -0.175 0.023 0.093 0.142 0.201 0.249 0.295 0.338 0.403 0.478 0.568 0.543 0.560 0.498 0.401 0.231 -0.053 -0.111 -1.427
6.50 316.23 -1.374 -0.981 -0.757 -0.506 -0.349 -0.157 -0.107 -0.063 -0.011 0.032 0.073 0.108 0.167 0.229 0.299 0.253 0.260 0.178 0.057 -0.130 -0.395 -0.421 -1.793
6.50 398.11 -1.555 -1.176 -0.942 -0.683 -0.537 -0.353 -0.324 -0.283 -0.239 -0.202 -0.166 -0.140 -0.090 -0.045 0.000 -0.075 -0.084 -0.191 -0.341 -0.549 -0.786 -0.773 -2.212
6.50 501.19 -1.758 -1.393 -1.145 -0.875 -0.742 -0.567 -0.561 -0.522 -0.488 -0.458 -0.428 -0.412 -0.373 -0.351 -0.338 -0.451 -0.482 -0.622 -0.805 -1.041 -1.240 -1.176 -2.698
6.50 630.96 -1.989 -1.638 -1.372 -1.084 -0.969 -0.805 -0.825 -0.785 -0.763 -0.740 -0.718 -0.714 -0.689 -0.696 -0.726 -0.888 -0.949 -1.129 -1.353 -1.624 -1.772 -1.646 -3.267
6.50 794.33 -2.255 -1.917 -1.626 -1.314 -1.223 -1.072 -1.122 -1.078 -1.069 -1.057 -1.043 -1.054 -1.046 -1.091 -1.175 -1.401 -1.503 -1.732 -2.007 -2.323 -2.402 -2.198 -3.942
6.50 1000.00 -2.564 -2.240 -1.917 -1.571 -1.512 -1.376 -1.459 -1.410 -1.416 -1.416 -1.413 -1.441 -1.455 -1.548 -1.702 -2.010 -2.165 -2.457 -2.794 -3.167 -3.156 -2.854 -4.748
6.75 1.00 0.883 1.465 1.889 2.424 2.514 2.819 3.217 3.474 3.566 3.667 3.779 3.878 3.901 3.929 3.925 3.782 3.603 3.580 3.661 3.497 3.526 3.361 2.402
6.75 1.26 0.858 1.439 1.852 2.371 2.467 2.767 3.152 3.399 3.492 3.591 3.700 3.798 3.823 3.856 3.859 3.724 3.556 3.533 3.609 3.446 3.459 3.296 2.331
6.75 1.58 0.829 1.409 1.811 2.314 2.415 2.711 3.083 3.320 3.413 3.510 3.617 3.713 3.742 3.780 3.790 3.664 3.506 3.484 3.554 3.394 3.390 3.227 2.257
6.75 2.00 0.797 1.375 1.766 2.252 2.358 2.649 3.009 3.236 3.329 3.424 3.528 3.623 3.656 3.699 3.717 3.600 3.453 3.432 3.497 3.339 3.319 3.155 2.180
6.75 2.51 0.761 1.337 1.716 2.185 2.296 2.582 2.929 3.145 3.240 3.333 3.434 3.528 3.566 3.614 3.640 3.533 3.397 3.377 3.437 3.280 3.243 3.079 2.099
6.75 3.16 0.721 1.295 1.660 2.112 2.228 2.509 2.843 3.049 3.146 3.236 3.334 3.427 3.470 3.523 3.558 3.460 3.336 3.318 3.373 3.219 3.163 2.999 2.014
6.75 3.98 0.676 1.247 1.599 2.032 2.154 2.430 2.751 2.948 3.045 3.133 3.228 3.320 3.368 3.427 3.470 3.383 3.271 3.254 3.305 3.153 3.079 2.914 1.923
6.75 5.01 0.627 1.194 1.532 1.947 2.075 2.345 2.654 2.840 2.938 3.024 3.116 3.208 3.260 3.325 3.377 3.301 3.200 3.186 3.232 3.083 2.989 2.823 1.827
6.75 6.31 0.571 1.134 1.459 1.857 1.989 2.255 2.551 2.726 2.826 2.909 2.998 3.089 3.146 3.216 3.278 3.212 3.124 3.111 3.153 3.007 2.893 2.726 1.725
6.75 7.94 0.511 1.069 1.380 1.761 1.898 2.159 2.442 2.608 2.708 2.789 2.875 2.965 3.026 3.102 3.172 3.117 3.041 3.031 3.068 2.925 2.791 2.622 1.615
6.75 10.00 0.445 0.998 1.296 1.660 1.802 2.058 2.328 2.484 2.585 2.663 2.746 2.835 2.901 2.981 3.059 3.016 2.951 2.944 2.976 2.836 2.682 2.512 1.498
6.75 12.59 0.374 0.920 1.206 1.554 1.701 1.953 2.210 2.356 2.456 2.533 2.613 2.700 2.769 2.855 2.941 2.907 2.855 2.849 2.877 2.740 2.565 2.394 1.374
6.75 15.85 0.297 0.837 1.111 1.445 1.596 1.843 2.087 2.224 2.323 2.397 2.475 2.560 2.632 2.722 2.816 2.791 2.751 2.747 2.770 2.635 2.441 2.270 1.241
6.75 19.95 0.216 0.748 1.011 1.331 1.486 1.730 1.960 2.088 2.185 2.258 2.333 2.416 2.491 2.584 2.684 2.669 2.639 2.637 2.655 2.522 2.309 2.138 1.100
6.75 25.12 0.131 0.653 0.906 1.214 1.373 1.613 1.830 1.948 2.044 2.114 2.187 2.268 2.344 2.440 2.547 2.539 2.519 2.518 2.531 2.400 2.169 1.999 0.950
6.75 31.62 0.040 0.553 0.798 1.094 1.257 1.492 1.696 1.805 1.898 1.967 2.037 2.115 2.193 2.292 2.403 2.402 2.392 2.391 2.398 2.268 2.020 1.853 0.791
6.75 39.81 -0.054 0.449 0.686 0.971 1.137 1.368 1.558 1.658 1.749 1.815 1.883 1.958 2.037 2.137 2.253 2.257 2.256 2.255 2.255 2.126 1.863 1.699 0.622
6.75 50.12 -0.153 0.339 0.569 0.845 1.013 1.241 1.417 1.508 1.596 1.660 1.725 1.797 1.876 1.978 2.096 2.104 2.111 2.108 2.101 1.972 1.695 1.536 0.443
6.75 63.10 -0.257 0.224 0.449 0.716 0.886 1.110 1.272 1.355 1.439 1.501 1.563 1.632 1.710 1.812 1.932 1.943 1.957 1.950 1.935 1.805 1.517 1.364 0.252
6.75 79.43 -0.365 0.104 0.325 0.583 0.756 0.975 1.122 1.197 1.277 1.337 1.396 1.461 1.539 1.640 1.760 1.771 1.791 1.780 1.755 1.623 1.326 1.181 0.048
6.75 100.00 -0.479 -0.022 0.195 0.447 0.620 0.836 0.968 1.035 1.111 1.168 1.225 1.285 1.361 1.460 1.578 1.588 1.611 1.595 1.560 1.424 1.121 0.986 -0.172
6.75 125.89 -0.600 -0.155 0.060 0.307 0.480 0.691 0.807 0.868 0.938 0.993 1.046 1.102 1.176 1.271 1.386 1.392 1.417 1.393 1.345 1.204 0.898 0.777 -0.410
6.75 158.49 -0.728 -0.296 -0.081 0.162 0.334 0.540 0.640 0.693 0.759 0.810 0.860 0.911 0.982 1.072 1.180 1.178 1.204 1.170 1.108 0.959 0.654 0.550 -0.671
6.75 199.53 -0.866 -0.447 -0.230 0.012 0.180 0.381 0.464 0.511 0.571 0.619 0.665 0.710 0.776 0.859 0.957 0.945 0.968 0.921 0.842 0.684 0.385 0.301 -0.959
6.75 251.19 -1.015 -0.609 -0.389 -0.146 0.018 0.212 0.277 0.319 0.372 0.416 0.458 0.496 0.558 0.630 0.715 0.687 0.703 0.641 0.542 0.371 0.083 0.025 -1.282
6.75 316.23 -1.178 -0.786 -0.559 -0.313 -0.156 0.032 0.077 0.115 0.161 0.199 0.237 0.268 0.322 0.381 0.447 0.398 0.404 0.322 0.200 0.011 -0.258 -0.284 -1.647
6.75 398.11 -1.359 -0.980 -0.744 -0.490 -0.343 -0.164 -0.140 -0.105 -0.068 -0.034 -0.002 0.020 0.066 0.107 0.148 0.070 0.061 -0.047 -0.197 -0.407 -0.649 -0.636 -2.065
6.75 501.19 -1.562 -1.197 -0.947 -0.682 -0.549 -0.378 -0.377 -0.344 -0.316 -0.290 -0.264 -0.252 -0.217 -0.199 -0.190 -0.306 -0.337 -0.477 -0.661 -0.898 -1.102 -1.039 -2.550
6.75 630.96 -1.793 -1.441 -1.173 -0.890 -0.775 -0.615 -0.641 -0.607 -0.590 -0.572 -0.553 -0.554 -0.533 -0.543 -0.577 -0.742 -0.804 -0.983 -1.208 -1.481 -1.634 -1.508 -3.119
6.75 794.33 -2.058 -1.721 -1.428 -1.121 -1.030 -0.882 -0.937 -0.900 -0.897 -0.888 -0.879 -0.894 -0.890 -0.938 -1.026 -1.255 -1.357 -1.586 -1.862 -2.180 -2.264 -2.060 -3.793
6.75 1000.00 -2.367 -2.044 -1.719 -1.378 -1.318 -1.186 -1.275 -1.231 -1.244 -1.247 -1.248 -1.281 -1.298 -1.395 -1.553 -1.864 -2.019 -2.311 -2.649 -3.023 -3.017 -2.716 -4.599
7.00 1.00 0.986 1.562 1.992 2.528 2.616 2.919 3.308 3.562 3.643 3.742 3.853 3.947 3.963 3.995 3.990 3.846 3.663 3.636 3.712 3.543 3.571 3.403 2.450
7.00 1.26 0.963 1.538 1.959 2.481 2.573 2.872 3.249 3.493 3.573 3.670 3.779 3.871 3.890 3.925 3.927 3.791 3.618 3.591 3.661 3.494 3.506 3.340 2.381
7.00 1.58 0.938 1.512 1.923 2.429 2.527 2.821 3.185 3.419 3.499 3.595 3.700 3.791 3.813 3.852 3.861 3.733 3.571 3.543 3.609 3.444 3.440 3.275 2.310
7.00 2.00 0.910 1.483 1.882 2.373 2.476 2.765 3.117 3.341 3.421 3.514 3.617 3.707 3.732 3.776 3.792 3.673 3.521 3.494 3.554 3.391 3.372 3.206 2.237
7.00 2.51 0.879 1.449 1.838 2.311 2.419 2.704 3.043 3.257 3.339 3.429 3.529 3.618 3.647 3.695 3.719 3.609 3.468 3.442 3.497 3.336 3.300 3.135 2.160
7.00 3.16 0.844 1.412 1.788 2.244 2.358 2.637 2.964 3.168 3.251 3.339 3.436 3.523 3.557 3.610 3.642 3.541 3.411 3.387 3.437 3.278 3.224 3.059 2.079
7.00 3.98 0.804 1.370 1.733 2.171 2.291 2.565 2.879 3.072 3.157 3.243 3.337 3.424 3.462 3.520 3.560 3.468 3.351 3.328 3.373 3.216 3.145 2.979 1.994
7.00 5.01 0.760 1.323 1.673 2.093 2.217 2.487 2.789 2.971 3.057 3.141 3.232 3.318 3.361 3.424 3.472 3.391 3.285 3.264 3.305 3.151 3.060 2.894 1.904
7.00 6.31 0.711 1.270 1.606 2.008 2.138 2.403 2.692 2.864 2.952 3.033 3.121 3.206 3.254 3.322 3.379 3.308 3.214 3.195 3.232 3.080 2.970 2.804 1.807
7.00 7.94 0.657 1.212 1.534 1.918 2.053 2.313 2.589 2.752 2.840 2.919 3.004 3.088 3.141 3.214 3.279 3.219 3.137 3.120 3.153 3.004 2.874 2.707 1.705
7.00 10.00 0.598 1.147 1.455 1.822 1.963 2.217 2.481 2.633 2.723 2.800 2.881 2.964 3.021 3.099 3.172 3.123 3.053 3.039 3.067 2.921 2.772 2.603 1.595
7.00 12.59 0.532 1.075 1.371 1.722 1.867 2.117 2.368 2.510 2.600 2.674 2.753 2.834 2.896 2.978 3.059 3.020 2.962 2.951 2.974 2.831 2.662 2.492 1.477
7.00 15.85 0.462 0.998 1.281 1.616 1.766 2.011 2.250 2.382 2.472 2.544 2.619 2.700 2.764 2.851 2.940 2.910 2.864 2.855 2.874 2.734 2.544 2.374 1.351
7.00 19.95 0.386 0.915 1.186 1.506 1.660 1.901 2.127 2.250 2.339 2.408 2.481 2.559 2.627 2.718 2.813 2.792 2.758 2.751 2.765 2.628 2.418 2.249 1.217
7.00 25.12 0.305 0.825 1.086 1.392 1.550 1.787 1.999 2.113 2.201 2.268 2.338 2.415 2.485 2.578 2.680 2.667 2.644 2.638 2.647 2.512 2.284 2.115 1.073
7.00 31.62 0.219 0.730 0.981 1.275 1.437 1.669 1.868 1.972 2.059 2.124 2.191 2.265 2.337 2.433 2.540 2.535 2.521 2.517 2.520 2.386 2.141 1.974 0.920
7.00 39.81 0.128 0.629 0.871 1.154 1.319 1.548 1.733 1.828 1.912 1.975 2.040 2.111 2.184 2.282 2.393 2.394 2.390 2.385 2.382 2.250 1.988 1.824 0.756
7.00 50.12 0.032 0.523 0.757 1.030 1.198 1.422 1.593 1.680 1.761 1.822 1.884 1.952 2.026 2.125 2.239 2.244 2.249 2.243 2.233 2.101 1.825 1.665 0.582
7.00 63.10 -0.069 0.411 0.639 0.902 1.072 1.293 1.449 1.528 1.606 1.665 1.724 1.788 1.863 1.962 2.078 2.086 2.097 2.089 2.071 1.938 1.650 1.496 0.395
7.00 79.43 -0.175 0.293 0.516 0.771 0.943 1.159 1.301 1.372 1.446 1.502 1.559 1.619 1.693 1.791 1.908 1.917 1.934 1.922 1.895 1.760 1.462 1.317 0.194
7.00 100.00 -0.288 0.169 0.388 0.636 0.809 1.021 1.148 1.211 1.281 1.334 1.388 1.444 1.517 1.613 1.728 1.735 1.757 1.740 1.703 1.565 1.260 1.124 -0.023
7.00 125.89 -0.407 0.037 0.254 0.497 0.669 0.877 0.988 1.044 1.109 1.160 1.210 1.262 1.333 1.426 1.537 1.540 1.565 1.540 1.491 1.348 1.039 0.916 -0.259
7.00 158.49 -0.534 -0.103 0.114 0.352 0.524 0.726 0.822 0.870 0.930 0.978 1.025 1.072 1.140 1.227 1.332 1.329 1.353 1.319 1.256 1.105 0.797 0.691 -0.518
7.00 199.53 -0.671 -0.252 -0.034 0.202 0.371 0.568 0.646 0.689 0.743 0.787 0.831 0.872 0.935 1.015 1.110 1.097 1.118 1.072 0.992 0.832 0.529 0.443 -0.805
7.00 251.19 -0.819 -0.414 -0.193 0.045 0.209 0.400 0.460 0.497 0.545 0.585 0.624 0.659 0.717 0.787 0.869 0.839 0.855 0.793 0.694 0.521 0.229 0.168 -1.126
7.00 316.23 -0.982 -0.590 -0.362 -0.122 0.035 0.219 0.260 0.293 0.334 0.369 0.403 0.430 0.482 0.538 0.602 0.551 0.557 0.475 0.352 0.162 -0.111 -0.140 -1.490
7.00 398.11 -1.162 -0.784 -0.547 -0.299 -0.152 0.024 0.044 0.074 0.106 0.136 0.165 0.183 0.226 0.265 0.303 0.224 0.214 0.107 -0.043 -0.255 -0.502 -0.491 -1.908
7.00 501.19 -1.365 -1.000 -0.750 -0.490 -0.357 -0.190 -0.194 -0.165 -0.142 -0.119 -0.097 -0.089 -0.057 -0.040 -0.034 -0.152 -0.183 -0.322 -0.506 -0.745 -0.955 -0.894 -2.392
7.00 630.96 -1.595 -1.244 -0.976 -0.699 -0.584 -0.427 -0.457 -0.428 -0.416 -0.401 -0.386 -0.391 -0.372 -0.385 -0.421 -0.588 -0.650 -0.828 -1.053 -1.328 -1.486 -1.363 -2.961
7.00 794.33 -1.860 -1.523 -1.230 -0.929 -0.838 -0.694 -0.753 -0.721 -0.723 -0.718 -0.711 -0.730 -0.729 -0.779 -0.870 -1.100 -1.203 -1.431 -1.707 -2.026 -2.115 -1.914 -3.634
7.00 1000.00 -2.169 -1.846 -1.520 -1.186 -1.126 -0.998 -1.091 -1.053 -1.070 -1.077 -1.081 -1.117 -1.137 -1.236 -1.397 -1.709 -1.864 -2.155 -2.493 -2.869 -2.868 -2.569 -4.440
7.25 1.00 1.087 1.657 2.091 2.627 2.712 3.012 3.394 3.646 3.716 3.814 3.925 4.015 4.026 4.063 4.060 3.917 3.731 3.699 3.772 3.599 3.624 3.451 2.507
7.25 1.26 1.066 1.636 2.062 2.584 2.673 2.969 3.339 3.581 3.650 3.746 3.855 3.943 3.956 3.996 4.000 3.864 3.687 3.656 3.722 3.551 3.562 3.390 2.440
7.25 1.58 1.044 1.613 2.029 2.536 2.631 2.923 3.280 3.512 3.581 3.675 3.781 3.867 3.883 3.927 3.936 3.808 3.642 3.611 3.672 3.502 3.498 3.327 2.371
7.25 2.00 1.019 1.587 1.993 2.485 2.585 2.873 3.217 3.439 3.508 3.600 3.703 3.788 3.807 3.854 3.871 3.750 3.595 3.563 3.620 3.452 3.431 3.262 2.301
7.25 2.51 0.992 1.557 1.953 2.429 2.534 2.817 3.150 3.361 3.431 3.521 3.621 3.704 3.727 3.778 3.801 3.690 3.545 3.514 3.565 3.399 3.363 3.194 2.227
7.25 3.16 0.961 1.525 1.909 2.368 2.479 2.757 3.077 3.278 3.349 3.437 3.534 3.616 3.643 3.698 3.728 3.625 3.491 3.462 3.508 3.344 3.291 3.123 2.150
7.25 3.98 0.927 1.488 1.860 2.302 2.418 2.691 2.999 3.190 3.262 3.347 3.441 3.523 3.553 3.612 3.651 3.557 3.435 3.406 3.448 3.286 3.216 3.047 2.070
7.25 5.01 0.888 1.447 1.806 2.229 2.351 2.620 2.915 3.096 3.170 3.252 3.343 3.423 3.459 3.522 3.568 3.485 3.373 3.347 3.384 3.224 3.136 2.968 1.985
7.25 6.31 0.845 1.400 1.746 2.151 2.278 2.542 2.825 2.995 3.071 3.151 3.239 3.318 3.358 3.426 3.480 3.407 3.307 3.283 3.315 3.158 3.051 2.883 1.894
7.25 7.94 0.797 1.348 1.680 2.067 2.200 2.458 2.729 2.889 2.966 3.044 3.128 3.207 3.252 3.324 3.387 3.323 3.236 3.214 3.241 3.087 2.961 2.792 1.798
7.25 10.00 0.744 1.289 1.608 1.977 2.115 2.369 2.627 2.777 2.856 2.931 3.012 3.090 3.139 3.216 3.286 3.233 3.158 3.138 3.162 3.010 2.865 2.695 1.694
7.25 12.59 0.685 1.225 1.529 1.882 2.025 2.273 2.519 2.659 2.739 2.812 2.889 2.966 3.020 3.101 3.179 3.136 3.073 3.056 3.075 2.927 2.761 2.591 1.584
7.25 15.85 0.621 1.154 1.445 1.781 1.929 2.173 2.406 2.536 2.616 2.687 2.761 2.837 2.895 2.980 3.065 3.031 2.981 2.966 2.981 2.836 2.650 2.480 1.465
7.25 19.95 0.551 1.077 1.355 1.676 1.828 2.067 2.288 2.408 2.488 2.556 2.628 2.702 2.763 2.852 2.944 2.919 2.881 2.869 2.879 2.736 2.531 2.361 1.338
7.25 25.12 0.475 0.993 1.260 1.566 1.722 1.957 2.165 2.275 2.355 2.421 2.489 2.561 2.626 2.718 2.816 2.800 2.772 2.762 2.768 2.627 2.403 2.233 1.201
7.25 31.62 0.394 0.903 1.159 1.451 1.612 1.842 2.036 2.138 2.217 2.280 2.346 2.415 2.482 2.577 2.680 2.672 2.655 2.646 2.647 2.508 2.266 2.098 1.054
7.25 39.81 0.307 0.806 1.053 1.333 1.497 1.723 1.904 1.996 2.073 2.134 2.197 2.264 2.333 2.430 2.538 2.535 2.528 2.520 2.515 2.378 2.118 1.953 0.896
7.25 50.12 0.215 0.704 0.942 1.211 1.378 1.600 1.767 1.850 1.925 1.984 2.044 2.108 2.178 2.276 2.387 2.390 2.392 2.383 2.371 2.234 1.960 1.799 0.726
7.25 63.10 0.117 0.595 0.826 1.085 1.255 1.472 1.625 1.700 1.772 1.829 1.886 1.947 2.017 2.115 2.228 2.234 2.244 2.234 2.214 2.077 1.790 1.634 0.544
7.25 79.43 0.013 0.480 0.705 0.955 1.127 1.340 1.479 1.545 1.614 1.668 1.722 1.780 1.850 1.947 2.061 2.068 2.084 2.071 2.042 1.904 1.606 1.457 0.347
7.25 100.00 -0.097 0.358 0.579 0.822 0.994 1.203 1.326 1.385 1.450 1.502 1.553 1.606 1.676 1.770 1.883 1.889 1.910 1.892 1.854 1.712 1.406 1.268 0.134
7.25 125.89 -0.214 0.229 0.447 0.683 0.856 1.060 1.168 1.219 1.280 1.329 1.377 1.425 1.493 1.584 1.693 1.696 1.720 1.695 1.645 1.499 1.188 1.062 -0.099
7.25 158.49 -0.340 0.091 0.308 0.540 0.711 0.910 1.002 1.047 1.103 1.148 1.192 1.236 1.301 1.387 1.490 1.486 1.510 1.476 1.412 1.260 0.949 0.839 -0.356
7.25 199.53 -0.475 -0.058 0.160 0.390 0.559 0.753 0.827 0.866 0.916 0.958 0.998 1.036 1.098 1.176 1.270 1.255 1.277 1.231 1.151 0.989 0.682 0.592 -0.641
7.25 251.19 -0.623 -0.218 0.003 0.234 0.397 0.585 0.642 0.675 0.719 0.756 0.793 0.824 0.880 0.949 1.029 0.999 1.015 0.954 0.854 0.680 0.383 0.319 -0.961
7.25 316.23 -0.785 -0.393 -0.167 0.068 0.224 0.405 0.442 0.471 0.508 0.541 0.572 0.596 0.646 0.701 0.763 0.712 0.717 0.637 0.514 0.323 0.044 0.012 -1.323
7.25 398.11 -0.964 -0.586 -0.351 -0.109 0.037 0.211 0.226 0.252 0.280 0.308 0.334 0.349 0.390 0.428 0.465 0.385 0.376 0.270 0.120 -0.093 -0.345 -0.338 -1.740
7.25 501.19 -1.167 -0.802 -0.553 -0.300 -0.167 -0.003 -0.011 0.014 0.033 0.053 0.073 0.078 0.108 0.123 0.128 0.010 -0.021 -0.158 -0.342 -0.582 -0.797 -0.740 -2.224
7.25 630.96 -1.397 -1.045 -0.779 -0.509 -0.394 -0.240 -0.274 -0.249 -0.241 -0.229 -0.216 -0.224 -0.207 -0.221 -0.259 -0.425 -0.487 -0.663 -0.889 -1.164 -1.327 -1.209 -2.791
7.25 794.33 -1.661 -1.324 -1.033 -0.738 -0.648 -0.507 -0.570 -0.542 -0.547 -0.545 -0.541 -0.563 -0.563 -0.615 -0.707 -0.937 -1.039 -1.266 -1.541 -1.861 -1.956 -1.760 -3.464
7.25 1000.00 -1.970 -1.647 -1.323 -0.995 -0.936 -0.811 -0.907 -0.873 -0.894 -0.904 -0.911 -0.950 -0.972 -1.071 -1.234 -1.545 -1.701 -1.989 -2.327 -2.703 -2.709 -2.415 -4.269
7.50 1.00 1.187 1.752 2.188 2.721 2.802 3.100 3.476 3.726 3.788 3.884 3.996 4.083 4.091 4.135 4.135 3.995 3.806 3.772 3.841 3.664 3.686 3.506 2.573
7.50 1.26 1.168 1.732 2.160 2.681 2.767 3.061 3.424 3.664 3.725 3.820 3.929 4.014 4.024 4.070 4.077 3.943 3.764 3.729 3.793 3.618 3.625 3.446 2.508
7.50 1.58 1.148 1.711 2.131 2.638 2.728 3.019 3.370 3.600 3.659 3.752 3.859 3.942 3.954 4.003 4.016 3.890 3.721 3.686 3.744 3.570 3.563 3.385 2.441
7.50 2.00 1.126 1.688 2.099 2.591 2.687 2.973 3.311 3.532 3.591 3.682 3.786 3.867 3.881 3.934 3.953 3.834 3.675 3.640 3.693 3.521 3.499 3.323 2.373
7.50 2.51 1.102 1.662 2.063 2.540 2.641 2.923 3.249 3.459 3.519 3.608 3.709 3.788 3.806 3.861 3.887 3.776 3.628 3.593 3.641 3.470 3.433 3.258 2.302
7.50 3.16 1.075 1.634 2.024 2.484 2.591 2.868 3.182 3.382 3.443 3.529 3.627 3.706 3.726 3.785 3.817 3.715 3.577 3.544 3.586 3.418 3.364 3.190 2.228
7.50 3.98 1.045 1.601 1.980 2.424 2.536 2.809 3.110 3.300 3.362 3.446 3.541 3.618 3.642 3.705 3.744 3.650 3.524 3.491 3.529 3.362 3.292 3.119 2.152
7.50 5.01 1.012 1.565 1.931 2.358 2.476 2.743 3.033 3.212 3.275 3.357 3.449 3.525 3.554 3.620 3.666 3.582 3.467 3.435 3.468 3.304 3.217 3.043 2.071
7.50 6.31 0.974 1.524 1.878 2.286 2.410 2.672 2.950 3.119 3.184 3.263 3.352 3.427 3.460 3.530 3.584 3.508 3.405 3.376 3.404 3.242 3.137 2.964 1.985
7.50 7.94 0.932 1.478 1.818 2.208 2.338 2.595 2.861 3.019 3.086 3.163 3.248 3.322 3.360 3.434 3.495 3.430 3.338 3.311 3.335 3.175 3.052 2.879 1.895
7.50 10.00 0.884 1.426 1.752 2.125 2.259 2.512 2.765 2.914 2.982 3.056 3.138 3.211 3.254 3.332 3.401 3.345 3.266 3.241 3.260 3.104 2.961 2.788 1.798
7.50 12.59 0.832 1.368 1.681 2.035 2.175 2.423 2.664 2.802 2.872 2.944 3.022 3.094 3.142 3.224 3.300 3.254 3.187 3.164 3.180 3.026 2.864 2.691 1.694
7.50 15.85 0.774 1.304 1.603 1.940 2.085 2.328 2.556 2.684 2.756 2.825 2.900 2.971 3.023 3.108 3.192 3.155 3.101 3.081 3.092 2.941 2.760 2.586 1.582
7.50 19.95 0.710 1.233 1.518 1.839 1.989 2.227 2.443 2.561 2.633 2.700 2.772 2.842 2.897 2.986 3.076 3.049 3.006 2.990 2.996 2.848 2.647 2.474 1.461
7.50 25.12 0.640 1.155 1.428 1.733 1.888 2.121 2.325 2.433 2.505 2.570 2.638 2.706 2.765 2.857 2.953 2.935 2.904 2.889 2.891 2.746 2.526 2.353 1.331
7.50 31.62 0.564 1.071 1.332 1.623 1.782 2.010 2.201 2.299 2.372 2.433 2.499 2.565 2.627 2.721 2.823 2.812 2.792 2.780 2.777 2.633 2.394 2.223 1.191
7.50 39.81 0.482 0.980 1.230 1.507 1.670 1.895 2.072 2.161 2.232 2.292 2.354 2.418 2.482 2.578 2.685 2.681 2.671 2.659 2.651 2.509 2.253 2.084 1.040
7.50 50.12 0.394 0.882 1.123 1.388 1.554 1.774 1.937 2.018 2.088 2.145 2.204 2.265 2.331 2.428 2.538 2.539 2.539 2.528 2.513 2.373 2.100 1.935 0.876
7.50 63.10 0.300 0.777 1.010 1.265 1.433 1.649 1.798 1.870 1.938 1.992 2.048 2.106 2.174 2.271 2.383 2.388 2.396 2.384 2.362 2.221 1.935 1.775 0.699
7.50 79.43 0.200 0.666 0.892 1.137 1.308 1.518 1.654 1.717 1.782 1.834 1.887 1.942 2.009 2.106 2.218 2.225 2.240 2.225 2.195 2.053 1.755 1.602 0.507
7.50 100.00 0.092 0.547 0.768 1.005 1.176 1.383 1.503 1.559 1.620 1.669 1.719 1.770 1.837 1.932 2.043 2.049 2.069 2.050 2.011 1.867 1.559 1.416 0.298
7.50 125.89 -0.023 0.420 0.637 0.868 1.040 1.241 1.346 1.395 1.452 1.498 1.544 1.591 1.656 1.747 1.855 1.859 1.881 1.857 1.806 1.657 1.345 1.214 0.068
7.50 158.49 -0.146 0.283 0.499 0.725 0.896 1.093 1.181 1.223 1.275 1.318 1.361 1.403 1.466 1.552 1.654 1.650 1.674 1.641 1.576 1.422 1.108 0.993 -0.186
7.50 199.53 -0.280 0.137 0.353 0.577 0.745 0.936 1.007 1.043 1.090 1.129 1.168 1.204 1.264 1.342 1.435 1.421 1.443 1.398 1.318 1.154 0.844 0.749 -0.468
7.50 251.19 -0.426 -0.022 0.197 0.420 0.584 0.769 0.822 0.852 0.893 0.929 0.963 0.993 1.047 1.116 1.195 1.167 1.183 1.123 1.023 0.847 0.547 0.477 -0.786
7.50 316.23 -0.587 -0.196 0.028 0.255 0.412 0.589 0.624 0.649 0.683 0.714 0.744 0.766 0.814 0.869 0.930 0.880 0.887 0.807 0.685 0.493 0.209 0.171 -1.147
7.50 398.11 -0.766 -0.388 -0.155 0.078 0.225 0.395 0.408 0.431 0.456 0.481 0.506 0.519 0.559 0.597 0.633 0.555 0.546 0.442 0.292 0.079 -0.179 -0.178 -1.562
7.50 501.19 -0.968 -0.603 -0.357 -0.112 0.021 0.182 0.171 0.193 0.209 0.227 0.245 0.248 0.277 0.292 0.296 0.181 0.150 0.015 -0.168 -0.409 -0.630 -0.579 -2.045
7.50 630.96 -1.197 -0.846 -0.582 -0.320 -0.205 -0.055 -0.091 -0.070 -0.065 -0.055 -0.044 -0.053 -0.037 -0.052 -0.090 -0.255 -0.315 -0.490 -0.714 -0.990 -1.159 -1.047 -2.611
7.50 794.33 -1.462 -1.124 -0.836 -0.550 -0.459 -0.322 -0.387 -0.363 -0.370 -0.370 -0.368 -0.392 -0.393 -0.445 -0.538 -0.766 -0.867 -1.091 -1.365 -1.686 -1.788 -1.597 -3.284
7.50 1000.00 -1.770 -1.446 -1.126 -0.807 -0.747 -0.625 -0.724 -0.694 -0.717 -0.729 -0.738 -0.779 -0.801 -0.901 -1.064 -1.374 -1.528 -1.814 -2.150 -2.527 -2.540 -2.252 -4.088
7.75 1.00 1.286 1.845 2.281 2.811 2.888 3.184 3.554 3.802 3.858 3.953 4.067 4.152 4.158 4.210 4.216 4.081 3.890 3.853 3.920 3.740 3.757 3.567 2.649
7.75 1.26 1.269 1.828 2.256 2.773 2.855 3.148 3.505 3.744 3.797 3.891 4.003 4.086 4.093 4.147 4.159 4.030 3.849 3.812 3.873 3.694 3.697 3.509 2.585
7.75 1.58 1.251 1.808 2.229 2.733 2.820 3.109 3.454 3.683 3.735 3.827 3.936 4.017 4.025 4.083 4.100 3.978 3.807 3.769 3.825 3.648 3.637 3.450 2.520
7.75 2.00 1.231 1.788 2.200 2.690 2.782 3.067 3.400 3.619 3.670 3.761 3.867 3.945 3.956 4.016 4.039 3.924 3.763 3.725 3.776 3.600 3.574 3.389 2.453
7.75 2.51 1.210 1.765 2.168 2.643 2.741 3.021 3.342 3.551 3.602 3.691 3.794 3.871 3.884 3.947 3.976 3.868 3.717 3.680 3.725 3.551 3.510 3.326 2.385
7.75 3.16 1.186 1.739 2.132 2.593 2.696 2.972 3.280 3.480 3.531 3.617 3.717 3.793 3.809 3.874 3.909 3.810 3.669 3.633 3.672 3.500 3.444 3.261 2.314
7.75 3.98 1.160 1.711 2.093 2.538 2.646 2.918 3.214 3.403 3.455 3.539 3.636 3.710 3.730 3.798 3.840 3.748 3.619 3.583 3.617 3.447 3.375 3.194 2.240
7.75 5.01 1.130 1.679 2.050 2.478 2.592 2.859 3.143 3.322 3.375 3.457 3.551 3.623 3.646 3.718 3.767 3.683 3.565 3.530 3.560 3.391 3.303 3.122 2.163
7.75 6.31 1.097 1.643 2.002 2.412 2.532 2.794 3.066 3.235 3.290 3.369 3.460 3.531 3.558 3.633 3.689 3.614 3.507 3.474 3.499 3.332 3.227 3.047 2.082
7.75 7.94 1.060 1.602 1.949 2.341 2.466 2.724 2.984 3.142 3.199 3.276 3.363 3.433 3.465 3.543 3.605 3.540 3.445 3.413 3.434 3.270 3.147 2.967 1.996
7.75 10.00 1.019 1.556 1.889 2.263 2.395 2.647 2.895 3.043 3.102 3.176 3.260 3.329 3.365 3.447 3.516 3.461 3.377 3.348 3.364 3.202 3.062 2.882 1.905
7.75 12.59 0.972 1.505 1.824 2.180 2.317 2.564 2.801 2.938 2.999 3.070 3.150 3.219 3.260 3.345 3.421 3.375 3.304 3.277 3.288 3.129 2.970 2.791 1.807
7.75 15.85 0.920 1.447 1.752 2.091 2.233 2.475 2.699 2.827 2.889 2.958 3.035 3.102 3.148 3.236 3.319 3.282 3.223 3.199 3.206 3.050 2.872 2.693 1.702
7.75 19.95 0.863 1.383 1.674 1.995 2.143 2.380 2.592 2.709 2.773 2.840 2.912 2.979 3.029 3.120 3.210 3.182 3.135 3.113 3.116 2.963 2.766 2.587 1.588
7.75 25.12 0.799 1.312 1.590 1.894 2.047 2.279 2.479 2.586 2.651 2.715 2.784 2.849 2.903 2.997 3.093 3.073 3.039 3.020 3.018 2.867 2.651 2.473 1.465
7.75 31.62 0.729 1.233 1.499 1.788 1.945 2.173 2.360 2.457 2.522 2.584 2.650 2.713 2.771 2.866 2.968 2.956 2.933 2.916 2.910 2.762 2.526 2.350 1.332
7.75 39.81 0.652 1.148 1.402 1.677 1.838 2.061 2.235 2.323 2.388 2.447 2.509 2.570 2.631 2.728 2.834 2.830 2.817 2.802 2.791 2.645 2.391 2.217 1.188
7.75 50.12 0.570 1.056 1.299 1.561 1.725 1.944 2.104 2.183 2.247 2.304 2.363 2.421 2.484 2.583 2.692 2.693 2.691 2.677 2.659 2.514 2.244 2.074 1.031
7.75 63.10 0.480 0.956 1.190 1.440 1.608 1.821 1.968 2.038 2.101 2.155 2.211 2.266 2.331 2.429 2.541 2.546 2.552 2.538 2.514 2.369 2.084 1.919 0.859
7.75 79.43 0.383 0.848 1.075 1.315 1.484 1.693 1.826 1.888 1.948 1.999 2.052 2.104 2.170 2.267 2.380 2.387 2.401 2.384 2.353 2.208 1.910 1.752 0.673
7.75 100.00 0.279 0.733 0.954 1.185 1.355 1.560 1.678 1.731 1.789 1.837 1.886 1.935 2.000 2.096 2.207 2.215 2.234 2.214 2.173 2.026 1.719 1.569 0.468
7.75 125.89 0.167 0.609 0.825 1.049 1.220 1.419 1.522 1.569 1.623 1.668 1.714 1.758 1.822 1.914 2.022 2.027 2.050 2.025 1.973 1.822 1.508 1.371 0.243
7.75 158.49 0.046 0.475 0.689 0.908 1.078 1.272 1.359 1.398 1.448 1.490 1.532 1.572 1.634 1.720 1.823 1.821 1.845 1.812 1.748 1.590 1.274 1.152 -0.007
7.75 199.53 -0.086 0.331 0.545 0.760 0.928 1.116 1.186 1.219 1.264 1.302 1.340 1.374 1.433 1.513 1.606 1.594 1.616 1.572 1.492 1.326 1.013 0.911 -0.287
7.75 251.19 -0.230 0.174 0.389 0.605 0.768 0.950 1.002 1.030 1.068 1.102 1.136 1.164 1.218 1.288 1.367 1.341 1.358 1.299 1.201 1.023 0.718 0.641 -0.602
7.75 316.23 -0.390 0.001 0.222 0.440 0.596 0.772 0.804 0.827 0.859 0.888 0.917 0.938 0.986 1.042 1.103 1.056 1.063 0.986 0.865 0.671 0.383 0.337 -0.961
7.75 398.11 -0.568 -0.190 0.039 0.264 0.410 0.578 0.589 0.609 0.633 0.657 0.680 0.692 0.731 0.770 0.807 0.732 0.724 0.623 0.474 0.259 -0.004 -0.010 -1.375
7.75 501.19 -0.768 -0.404 -0.162 0.074 0.207 0.365 0.353 0.372 0.386 0.403 0.420 0.422 0.451 0.467 0.471 0.358 0.329 0.197 0.015 -0.227 -0.453 -0.410 -1.856
7.75 630.96 -0.997 -0.646 -0.387 -0.133 -0.019 0.129 0.090 0.110 0.113 0.122 0.131 0.121 0.137 0.123 0.086 -0.076 -0.135 -0.307 -0.529 -0.806 -0.982 -0.877 -2.422
7.75 794.33 -1.261 -0.924 -0.640 -0.363 -0.272 -0.138 -0.205 -0.183 -0.192 -0.194 -0.193 -0.218 -0.219 -0.270 -0.362 -0.587 -0.686 -0.907 -1.180 -1.501 -1.609 -1.427 -3.093
7.75 1000.00 -1.569 -1.245 -0.930 -0.619 -0.561 -0.441 -0.542 -0.514 -0.538 -0.552 -0.562 -0.604 -0.627 -0.726 -0.887 -1.194 -1.346 -1.630 -1.964 -2.341 -2.361 -2.081 -3.897
8.00 1.00 1.386 1.939 2.372 2.896 2.969 3.263 3.629 3.877 3.927 4.022 4.138 4.223 4.228 4.290 4.302 4.173 3.982 3.944 4.009 3.826 3.838 3.636 2.736
8.00 1.26 1.370 1.923 2.349 2.861 2.939 3.229 3.582 3.821 3.868 3.963 4.076 4.158 4.164 4.228 4.246 4.124 3.942 3.903 3.962 3.781 3.779 3.579 2.673
8.00 1.58 1.353 1.905 2.324 2.823 2.906 3.193 3.534 3.763 3.809 3.901 4.012 4.092 4.099 4.166 4.189 4.073 3.900 3.861 3.915 3.735 3.719 3.521 2.609
8.00 2.00 1.335 1.886 2.297 2.783 2.871 3.155 3.483 3.702 3.747 3.837 3.946 4.023 4.032 4.101 4.130 4.021 3.858 3.819 3.867 3.688 3.658 3.462 2.543
8.00 2.51 1.316 1.865 2.268 2.741 2.834 3.113 3.429 3.638 3.682 3.771 3.877 3.952 3.963 4.034 4.069 3.967 3.814 3.775 3.818 3.641 3.596 3.401 2.477
8.00 3.16 1.294 1.842 2.236 2.694 2.793 3.068 3.372 3.571 3.615 3.702 3.804 3.878 3.891 3.965 4.005 3.910 3.768 3.729 3.767 3.591 3.532 3.338 2.408
8.00 3.98 1.271 1.817 2.201 2.644 2.748 3.019 3.311 3.500 3.544 3.629 3.728 3.800 3.816 3.893 3.939 3.852 3.720 3.681 3.714 3.540 3.465 3.273 2.337
8.00 5.01 1.245 1.789 2.163 2.590 2.699 2.966 3.245 3.425 3.469 3.552 3.648 3.718 3.738 3.817 3.869 3.790 3.669 3.631 3.659 3.487 3.396 3.205 2.263
8.00 6.31 1.216 1.757 2.120 2.530 2.645 2.907 3.175 3.344 3.390 3.470 3.563 3.632 3.655 3.737 3.796 3.724 3.615 3.578 3.600 3.430 3.324 3.134 2.185
8.00 7.94 1.184 1.721 2.072 2.465 2.586 2.843 3.099 3.258 3.305 3.383 3.472 3.540 3.567 3.652 3.717 3.654 3.556 3.521 3.539 3.371 3.247 3.059 2.104
8.00 10.00 1.148 1.681 2.019 2.394 2.521 2.773 3.017 3.165 3.215 3.290 3.376 3.443 3.474 3.562 3.633 3.580 3.493 3.460 3.473 3.307 3.166 2.979 2.017
8.00 12.59 1.107 1.635 1.960 2.317 2.450 2.697 2.929 3.067 3.119 3.191 3.274 3.339 3.375 3.465 3.544 3.499 3.424 3.393 3.402 3.239 3.080 2.893 1.925
8.00 15.85 1.061 1.584 1.895 2.234 2.372 2.614 2.835 2.962 3.016 3.086 3.165 3.229 3.270 3.363 3.448 3.412 3.349 3.321 3.325 3.164 2.987 2.801 1.826
8.00 19.95 1.009 1.526 1.823 2.144 2.288 2.525 2.734 2.851 2.907 2.974 3.049 3.112 3.158 3.253 3.344 3.317 3.267 3.241 3.241 3.083 2.887 2.702 1.718
8.00 25.12 0.952 1.462 1.745 2.049 2.198 2.430 2.626 2.733 2.791 2.856 2.927 2.989 3.038 3.136 3.233 3.214 3.176 3.153 3.148 2.993 2.779 2.594 1.602
8.00 31.62 0.888 1.390 1.660 1.948 2.102 2.328 2.513 2.610 2.669 2.730 2.798 2.858 2.912 3.011 3.114 3.103 3.077 3.056 3.047 2.894 2.661 2.478 1.476
8.00 39.81 0.818 1.311 1.569 1.841 1.999 2.221 2.393 2.480 2.540 2.599 2.663 2.721 2.778 2.879 2.986 2.982 2.967 2.948 2.934 2.783 2.532 2.352 1.339
8.00 50.12 0.740 1.225 1.471 1.729 1.891 2.108 2.266 2.345 2.404 2.460 2.521 2.577 2.637 2.738 2.849 2.851 2.846 2.829 2.809 2.660 2.392 2.215 1.189
8.00 63.10 0.656 1.130 1.366 1.611 1.777 1.989 2.134 2.203 2.262 2.315 2.372 2.426 2.488 2.589 2.702 2.709 2.713 2.696 2.670 2.521 2.238 2.066 1.024
8.00 79.43 0.564 1.027 1.255 1.489 1.656 1.864 1.995 2.056 2.113 2.163 2.217 2.268 2.331 2.431 2.545 2.554 2.566 2.548 2.515 2.366 2.069 1.904 0.843
8.00 100.00 0.464 0.916 1.136 1.361 1.530 1.733 1.849 1.902 1.956 2.004 2.054 2.101 2.165 2.263 2.376 2.385 2.404 2.383 2.341 2.191 1.883 1.726 0.644
8.00 125.89 0.355 0.796 1.011 1.228 1.397 1.595 1.696 1.741 1.793 1.837 1.883 1.927 1.990 2.084 2.194 2.201 2.224 2.198 2.146 1.992 1.677 1.532 0.423
8.00 158.49 0.237 0.665 0.877 1.088 1.257 1.449 1.534 1.572 1.620 1.661 1.704 1.742 1.804 1.893 1.997 1.998 2.022 1.990 1.925 1.765 1.447 1.317 0.178
8.00 199.53 0.107 0.524 0.734 0.942 1.108 1.294 1.363 1.395 1.438 1.475 1.514 1.547 1.605 1.687 1.782 1.773 1.796 1.753 1.674 1.506 1.190 1.079 -0.098
8.00 251.19 -0.035 0.368 0.580 0.787 0.949 1.129 1.180 1.206 1.244 1.277 1.311 1.338 1.392 1.464 1.545 1.522 1.541 1.484 1.385 1.206 0.898 0.812 -0.410
8.00 316.23 -0.193 0.198 0.414 0.624 0.779 0.952 0.983 1.005 1.036 1.064 1.093 1.113 1.161 1.219 1.283 1.239 1.248 1.173 1.052 0.857 0.565 0.509 -0.767
8.00 398.11 -0.369 0.008 0.232 0.448 0.594 0.759 0.769 0.788 0.811 0.833 0.857 0.868 0.908 0.949 0.988 0.916 0.911 0.811 0.664 0.448 0.180 0.164 -1.178
8.00 501.19 -0.569 -0.205 0.032 0.259 0.391 0.547 0.534 0.551 0.565 0.580 0.597 0.598 0.628 0.646 0.653 0.544 0.517 0.387 0.207 -0.035 -0.268 -0.235 -1.658
8.00 630.96 -0.797 -0.446 -0.192 0.051 0.165 0.310 0.272 0.289 0.292 0.300 0.309 0.298 0.315 0.303 0.268 0.110 0.054 -0.115 -0.336 -0.613 -0.795 -0.700 -2.222
8.00 794.33 -1.060 -0.723 -0.445 -0.178 -0.088 0.045 -0.024 -0.003 -0.013 -0.015 -0.015 -0.040 -0.040 -0.089 -0.179 -0.400 -0.496 -0.714 -0.985 -1.306 -1.421 -1.249 -2.892
8.00 1000.00 -1.367 -1.044 -0.734 -0.434 -0.376 -0.258 -0.360 -0.334 -0.358 -0.373 -0.383 -0.426 -0.448 -0.544 -0.704 -1.007 -1.156 -1.436 -1.768 -2.145 -2.172 -1.902 -3.695
