ZhaoEtAl2006SInterCascadia as implemented in OpenQuake, distance is rrup. Log10 hazard values in cgs units
          10 31 22 : nmag, ndist, nperiod
          10.000 5.000 4.000 3.000 2.500 2.000 1.500 1.250 1.000 0.900 0.800 0.700 0.600 0.500 0.400 0.300 0.250 0.200 0.150 0.100 0.050 PGA PGV
          0.698 0.698 0.716 0.748 0.760 0.760 0.752 0.742 0.734 0.729 0.726 0.723 0.717 0.709 0.713 0.726 0.741 0.766 0.792 0.803 0.726 0.678 0.760
7.00 1.00 0.915 1.516 1.823 2.149 2.313 2.522 2.616 2.680 2.668 2.738 2.803 2.822 2.828 2.897 2.960 2.929 2.911 2.852 2.837 2.716 2.561 2.502 1.678
7.00 1.26 0.904 1.505 1.807 2.128 2.292 2.499 2.594 2.658 2.649 2.718 2.783 2.803 2.813 2.883 2.947 2.919 2.901 2.844 2.829 2.709 2.552 2.492 1.659
7.00 1.58 0.891 1.490 1.788 2.102 2.268 2.473 2.568 2.631 2.626 2.695 2.758 2.780 2.793 2.865 2.932 2.906 2.890 2.835 2.820 2.700 2.541 2.479 1.635
7.00 2.00 0.875 1.473 1.764 2.072 2.239 2.442 2.538 2.599 2.599 2.667 2.729 2.753 2.770 2.844 2.914 2.890 2.876 2.822 2.809 2.690 2.528 2.464 1.607
7.00 2.51 0.856 1.452 1.737 2.037 2.205 2.406 2.502 2.562 2.567 2.634 2.695 2.722 2.743 2.819 2.891 2.871 2.859 2.808 2.795 2.677 2.511 2.445 1.575
7.00 3.16 0.833 1.426 1.704 1.996 2.165 2.364 2.461 2.520 2.530 2.596 2.656 2.684 2.710 2.790 2.865 2.849 2.839 2.789 2.778 2.661 2.491 2.422 1.537
7.00 3.98 0.805 1.396 1.666 1.950 2.120 2.317 2.414 2.472 2.487 2.552 2.611 2.642 2.672 2.755 2.833 2.821 2.814 2.767 2.757 2.641 2.466 2.395 1.495
7.00 5.01 0.773 1.361 1.622 1.898 2.069 2.263 2.361 2.418 2.439 2.502 2.560 2.593 2.629 2.714 2.796 2.789 2.784 2.741 2.731 2.618 2.437 2.363 1.447
7.00 6.31 0.736 1.320 1.573 1.839 2.012 2.204 2.303 2.357 2.384 2.447 2.503 2.538 2.579 2.667 2.753 2.751 2.749 2.709 2.701 2.589 2.402 2.325 1.394
7.00 7.94 0.694 1.274 1.517 1.776 1.949 2.139 2.238 2.292 2.323 2.385 2.440 2.478 2.523 2.614 2.704 2.706 2.708 2.672 2.665 2.555 2.361 2.281 1.335
7.00 10.00 0.647 1.221 1.455 1.706 1.880 2.068 2.168 2.220 2.257 2.318 2.371 2.411 2.462 2.555 2.648 2.655 2.660 2.628 2.623 2.514 2.314 2.230 1.272
7.00 12.59 0.593 1.162 1.388 1.632 1.807 1.992 2.092 2.144 2.185 2.244 2.297 2.339 2.394 2.490 2.585 2.598 2.606 2.577 2.573 2.466 2.259 2.172 1.204
7.00 15.85 0.535 1.096 1.315 1.552 1.728 1.912 2.012 2.063 2.107 2.166 2.217 2.261 2.320 2.418 2.516 2.533 2.543 2.518 2.516 2.411 2.196 2.107 1.131
7.00 19.95 0.471 1.025 1.237 1.469 1.644 1.827 1.927 1.977 2.025 2.083 2.133 2.178 2.240 2.340 2.440 2.460 2.473 2.451 2.450 2.347 2.126 2.034 1.055
7.00 25.12 0.402 0.947 1.153 1.381 1.557 1.737 1.837 1.887 1.938 1.995 2.044 2.090 2.155 2.256 2.358 2.380 2.395 2.376 2.376 2.273 2.046 1.954 0.975
7.00 31.62 0.328 0.864 1.065 1.290 1.465 1.644 1.744 1.794 1.847 1.903 1.951 1.998 2.065 2.167 2.269 2.292 2.309 2.291 2.291 2.189 1.958 1.865 0.891
7.00 39.81 0.249 0.775 0.973 1.195 1.369 1.547 1.646 1.696 1.751 1.806 1.854 1.901 1.970 2.071 2.172 2.197 2.213 2.197 2.197 2.094 1.861 1.768 0.804
7.00 50.12 0.165 0.681 0.876 1.097 1.270 1.447 1.545 1.595 1.651 1.706 1.752 1.799 1.869 1.969 2.069 2.092 2.108 2.092 2.091 1.988 1.752 1.662 0.714
7.00 63.10 0.076 0.581 0.774 0.996 1.167 1.342 1.439 1.490 1.547 1.600 1.646 1.693 1.763 1.861 1.958 1.978 1.993 1.975 1.972 1.867 1.633 1.546 0.620
7.00 79.43 -0.018 0.475 0.668 0.891 1.059 1.233 1.329 1.381 1.438 1.490 1.534 1.581 1.651 1.746 1.839 1.854 1.865 1.846 1.839 1.731 1.500 1.419 0.523
7.00 100.00 -0.119 0.363 0.557 0.783 0.947 1.119 1.213 1.266 1.323 1.374 1.418 1.463 1.532 1.623 1.709 1.718 1.725 1.701 1.690 1.578 1.353 1.279 0.421
7.00 125.89 -0.226 0.243 0.440 0.670 0.830 1.000 1.092 1.147 1.203 1.252 1.294 1.339 1.406 1.491 1.569 1.568 1.568 1.538 1.521 1.403 1.187 1.124 0.314
7.00 158.49 -0.341 0.115 0.317 0.552 0.707 0.875 0.963 1.020 1.075 1.123 1.163 1.205 1.270 1.348 1.415 1.401 1.392 1.354 1.329 1.202 1.000 0.951 0.201
7.00 199.53 -0.465 -0.022 0.185 0.428 0.576 0.741 0.825 0.885 0.939 0.984 1.022 1.062 1.123 1.192 1.244 1.214 1.194 1.144 1.108 0.971 0.787 0.756 0.081
7.00 251.19 -0.602 -0.172 0.044 0.297 0.436 0.598 0.677 0.740 0.791 0.834 0.870 0.906 0.962 1.019 1.053 1.002 0.966 0.903 0.853 0.702 0.542 0.534 -0.047
7.00 316.23 -0.752 -0.336 -0.109 0.157 0.285 0.442 0.515 0.583 0.631 0.670 0.703 0.735 0.785 0.826 0.836 0.759 0.704 0.621 0.555 0.385 0.257 0.279 -0.187
7.00 398.11 -0.921 -0.517 -0.277 0.006 0.119 0.272 0.336 0.411 0.454 0.489 0.518 0.545 0.586 0.607 0.588 0.477 0.397 0.291 0.202 0.010 -0.078 -0.019 -0.339
7.00 501.19 -1.112 -0.722 -0.462 -0.159 -0.063 0.083 0.137 0.219 0.257 0.286 0.311 0.331 0.361 0.358 0.301 0.146 0.036 -0.101 -0.218 -0.438 -0.476 -0.369 -0.509
7.00 630.96 -1.330 -0.954 -0.671 -0.341 -0.268 -0.130 -0.089 0.003 0.034 0.056 0.075 0.086 0.103 0.068 -0.035 -0.245 -0.395 -0.570 -0.722 -0.979 -0.952 -0.785 -0.700
7.00 794.33 -1.583 -1.221 -0.909 -0.545 -0.500 -0.372 -0.347 -0.243 -0.222 -0.208 -0.196 -0.196 -0.196 -0.270 -0.433 -0.713 -0.911 -1.135 -1.332 -1.635 -1.526 -1.284 -0.917
7.00 1000.00 -1.880 -1.531 -1.182 -0.776 -0.767 -0.651 -0.646 -0.528 -0.518 -0.515 -0.511 -0.526 -0.547 -0.672 -0.909 -1.276 -1.537 -1.822 -2.075 -2.436 -2.224 -1.886 -1.167
7.25 1.00 0.986 1.581 1.896 2.224 2.384 2.590 2.674 2.734 2.709 2.776 2.840 2.853 2.853 2.924 2.987 2.954 2.931 2.868 2.849 2.725 2.571 2.513 1.740
7.25 1.26 0.977 1.572 1.883 2.206 2.368 2.572 2.657 2.716 2.694 2.761 2.823 2.838 2.840 2.913 2.976 2.946 2.924 2.862 2.843 2.720 2.564 2.505 1.724
7.25 1.58 0.967 1.560 1.867 2.185 2.348 2.550 2.636 2.694 2.676 2.742 2.804 2.820 2.825 2.899 2.964 2.935 2.915 2.854 2.836 2.713 2.555 2.495 1.704
7.25 2.00 0.954 1.546 1.848 2.160 2.324 2.525 2.611 2.668 2.654 2.719 2.780 2.798 2.806 2.882 2.949 2.923 2.903 2.844 2.826 2.704 2.544 2.483 1.681
7.25 2.51 0.939 1.529 1.825 2.131 2.295 2.494 2.581 2.637 2.628 2.692 2.752 2.771 2.784 2.861 2.930 2.907 2.889 2.832 2.815 2.694 2.530 2.468 1.654
7.25 3.16 0.920 1.509 1.798 2.096 2.262 2.459 2.547 2.601 2.597 2.660 2.719 2.740 2.757 2.836 2.908 2.888 2.872 2.817 2.801 2.681 2.513 2.449 1.622
7.25 3.98 0.898 1.484 1.766 2.056 2.223 2.418 2.506 2.560 2.560 2.623 2.680 2.704 2.725 2.806 2.881 2.864 2.851 2.799 2.784 2.664 2.493 2.427 1.585
7.25 5.01 0.871 1.454 1.729 2.010 2.178 2.371 2.460 2.512 2.519 2.580 2.636 2.662 2.688 2.771 2.849 2.837 2.826 2.776 2.763 2.645 2.469 2.400 1.543
7.25 6.31 0.840 1.420 1.685 1.958 2.128 2.318 2.408 2.459 2.471 2.531 2.585 2.614 2.645 2.731 2.812 2.804 2.796 2.750 2.737 2.621 2.439 2.368 1.496
7.25 7.94 0.804 1.379 1.636 1.900 2.071 2.259 2.350 2.399 2.417 2.476 2.529 2.560 2.596 2.684 2.768 2.765 2.760 2.717 2.706 2.592 2.404 2.330 1.443
7.25 10.00 0.763 1.333 1.581 1.837 2.009 2.194 2.286 2.334 2.357 2.415 2.466 2.500 2.541 2.631 2.718 2.720 2.718 2.679 2.670 2.557 2.363 2.285 1.385
7.25 12.59 0.716 1.281 1.520 1.768 1.941 2.124 2.216 2.263 2.291 2.348 2.398 2.433 2.479 2.572 2.662 2.668 2.670 2.634 2.627 2.515 2.314 2.234 1.322
7.25 15.85 0.663 1.222 1.452 1.693 1.867 2.048 2.141 2.187 2.220 2.275 2.324 2.361 2.411 2.506 2.598 2.608 2.613 2.582 2.576 2.466 2.259 2.176 1.254
7.25 19.95 0.605 1.156 1.379 1.614 1.788 1.967 2.060 2.106 2.143 2.197 2.245 2.283 2.337 2.434 2.528 2.541 2.549 2.522 2.517 2.409 2.194 2.110 1.181
7.25 25.12 0.542 1.085 1.301 1.530 1.704 1.882 1.975 2.020 2.060 2.114 2.160 2.200 2.257 2.355 2.450 2.467 2.477 2.452 2.448 2.342 2.122 2.035 1.105
7.25 31.62 0.472 1.006 1.217 1.442 1.616 1.792 1.885 1.930 1.973 2.025 2.070 2.111 2.171 2.269 2.366 2.384 2.396 2.374 2.370 2.265 2.039 1.952 1.024
7.25 39.81 0.398 0.922 1.128 1.350 1.523 1.698 1.790 1.835 1.880 1.932 1.976 2.018 2.080 2.177 2.273 2.292 2.305 2.285 2.282 2.176 1.947 1.860 0.939
7.25 50.12 0.317 0.832 1.034 1.254 1.426 1.599 1.691 1.736 1.783 1.834 1.877 1.919 1.982 2.079 2.173 2.192 2.204 2.185 2.181 2.075 1.844 1.759 0.851
7.25 63.10 0.232 0.735 0.935 1.155 1.325 1.497 1.587 1.633 1.681 1.731 1.772 1.815 1.879 1.974 2.065 2.081 2.092 2.073 2.067 1.960 1.728 1.646 0.759
7.25 79.43 0.140 0.632 0.831 1.051 1.219 1.389 1.479 1.525 1.574 1.622 1.663 1.705 1.769 1.861 1.948 1.960 1.968 1.947 1.939 1.829 1.600 1.523 0.663
7.25 100.00 0.042 0.522 0.722 0.944 1.109 1.277 1.364 1.412 1.461 1.508 1.548 1.588 1.652 1.740 1.821 1.826 1.830 1.805 1.793 1.679 1.455 1.386 0.562
7.25 125.89 -0.064 0.405 0.606 0.832 0.992 1.159 1.244 1.293 1.342 1.387 1.425 1.465 1.527 1.609 1.682 1.678 1.676 1.645 1.627 1.508 1.292 1.233 0.456
7.25 158.49 -0.177 0.278 0.484 0.715 0.870 1.034 1.116 1.167 1.215 1.259 1.295 1.333 1.393 1.467 1.529 1.513 1.503 1.464 1.438 1.310 1.108 1.063 0.344
7.25 199.53 -0.301 0.142 0.353 0.592 0.740 0.901 0.979 1.033 1.079 1.121 1.155 1.190 1.247 1.312 1.360 1.327 1.305 1.256 1.220 1.082 0.897 0.869 0.225
7.25 251.19 -0.436 -0.006 0.213 0.461 0.600 0.758 0.831 0.889 0.933 0.971 1.003 1.035 1.087 1.140 1.170 1.116 1.079 1.016 0.966 0.814 0.653 0.649 0.097
7.25 316.23 -0.586 -0.169 0.060 0.321 0.449 0.603 0.670 0.732 0.773 0.808 0.837 0.865 0.910 0.947 0.954 0.874 0.818 0.736 0.669 0.500 0.369 0.394 -0.042
7.25 398.11 -0.754 -0.350 -0.107 0.171 0.285 0.433 0.492 0.560 0.597 0.627 0.653 0.675 0.712 0.730 0.707 0.593 0.512 0.407 0.318 0.126 0.035 0.097 -0.195
7.25 501.19 -0.944 -0.554 -0.292 0.006 0.102 0.244 0.292 0.368 0.399 0.425 0.446 0.460 0.487 0.480 0.420 0.263 0.152 0.016 -0.101 -0.321 -0.362 -0.252 -0.364
7.25 630.96 -1.162 -0.786 -0.501 -0.176 -0.102 0.032 0.067 0.153 0.177 0.195 0.210 0.216 0.230 0.191 0.084 -0.128 -0.278 -0.453 -0.604 -0.861 -0.838 -0.668 -0.555
7.25 794.33 -1.415 -1.052 -0.738 -0.379 -0.334 -0.210 -0.191 -0.094 -0.079 -0.069 -0.061 -0.066 -0.069 -0.147 -0.314 -0.595 -0.795 -1.018 -1.214 -1.516 -1.411 -1.166 -0.772
7.25 1000.00 -1.711 -1.363 -1.012 -0.610 -0.601 -0.489 -0.490 -0.378 -0.374 -0.375 -0.376 -0.396 -0.420 -0.548 -0.790 -1.158 -1.420 -1.704 -1.956 -2.317 -2.109 -1.768 -1.022
7.50 1.00 1.045 1.635 1.958 2.287 2.445 2.648 2.723 2.779 2.741 2.806 2.868 2.876 2.870 2.946 3.008 2.976 2.949 2.882 2.859 2.733 2.578 2.523 1.792
7.50 1.26 1.039 1.628 1.947 2.273 2.431 2.633 2.709 2.764 2.730 2.793 2.855 2.864 2.860 2.936 3.000 2.969 2.943 2.877 2.854 2.729 2.573 2.516 1.779
7.50 1.58 1.031 1.619 1.935 2.256 2.415 2.616 2.692 2.746 2.715 2.778 2.839 2.850 2.848 2.925 2.990 2.960 2.935 2.870 2.848 2.723 2.565 2.508 1.763
7.50 2.00 1.021 1.608 1.919 2.235 2.396 2.595 2.672 2.725 2.697 2.760 2.820 2.832 2.833 2.911 2.977 2.950 2.926 2.862 2.841 2.716 2.556 2.498 1.744
7.50 2.51 1.009 1.594 1.901 2.211 2.372 2.570 2.648 2.700 2.676 2.738 2.797 2.811 2.815 2.894 2.962 2.937 2.914 2.852 2.831 2.708 2.545 2.486 1.722
7.50 3.16 0.994 1.577 1.878 2.182 2.344 2.540 2.619 2.670 2.651 2.712 2.770 2.785 2.793 2.873 2.943 2.921 2.900 2.840 2.820 2.697 2.532 2.471 1.695
7.50 3.98 0.976 1.557 1.852 2.147 2.311 2.505 2.585 2.634 2.621 2.681 2.737 2.754 2.766 2.849 2.921 2.901 2.883 2.825 2.806 2.684 2.515 2.452 1.663
7.50 5.01 0.954 1.532 1.820 2.108 2.273 2.464 2.545 2.594 2.585 2.644 2.699 2.719 2.735 2.819 2.893 2.877 2.861 2.806 2.788 2.667 2.495 2.430 1.627
7.50 6.31 0.928 1.503 1.783 2.062 2.229 2.418 2.500 2.547 2.545 2.602 2.656 2.677 2.699 2.784 2.861 2.849 2.836 2.783 2.767 2.647 2.470 2.403 1.586
7.50 7.94 0.898 1.469 1.740 2.011 2.179 2.366 2.449 2.494 2.498 2.554 2.606 2.630 2.657 2.744 2.824 2.815 2.805 2.756 2.741 2.623 2.440 2.371 1.539
7.50 10.00 0.863 1.429 1.691 1.953 2.123 2.307 2.391 2.435 2.445 2.500 2.550 2.577 2.608 2.697 2.780 2.776 2.768 2.723 2.710 2.593 2.405 2.333 1.486
7.50 12.59 0.822 1.384 1.637 1.890 2.061 2.243 2.328 2.371 2.386 2.440 2.488 2.517 2.553 2.644 2.729 2.729 2.725 2.684 2.672 2.557 2.363 2.289 1.429
7.50 15.85 0.776 1.331 1.575 1.821 1.993 2.173 2.258 2.300 2.320 2.373 2.420 2.451 2.492 2.584 2.672 2.676 2.675 2.638 2.627 2.514 2.313 2.237 1.366
7.50 19.95 0.724 1.272 1.508 1.747 1.919 2.097 2.183 2.224 2.249 2.301 2.346 2.378 2.424 2.518 2.607 2.615 2.617 2.583 2.575 2.463 2.256 2.177 1.298
7.50 25.12 0.666 1.207 1.435 1.667 1.840 2.016 2.102 2.142 2.172 2.222 2.266 2.300 2.350 2.444 2.535 2.546 2.551 2.520 2.513 2.403 2.189 2.109 1.225
7.50 31.62 0.602 1.134 1.356 1.583 1.756 1.930 2.016 2.056 2.089 2.138 2.181 2.216 2.269 2.363 2.455 2.468 2.475 2.448 2.441 2.333 2.113 2.032 1.147
7.50 39.81 0.532 1.055 1.271 1.494 1.667 1.839 1.925 1.964 2.000 2.049 2.090 2.126 2.182 2.276 2.367 2.381 2.390 2.365 2.359 2.251 2.027 1.946 1.066
7.50 50.12 0.457 0.969 1.180 1.401 1.573 1.743 1.829 1.868 1.907 1.954 1.994 2.031 2.088 2.181 2.271 2.285 2.294 2.270 2.264 2.156 1.929 1.850 0.980
7.50 63.10 0.375 0.877 1.085 1.304 1.474 1.642 1.727 1.767 1.807 1.854 1.892 1.929 1.988 2.079 2.167 2.178 2.186 2.163 2.156 2.047 1.819 1.742 0.890
7.50 79.43 0.286 0.777 0.983 1.202 1.370 1.537 1.621 1.661 1.703 1.747 1.785 1.822 1.881 1.969 2.052 2.061 2.066 2.042 2.032 1.921 1.694 1.623 0.795
7.50 100.00 0.191 0.670 0.876 1.097 1.261 1.426 1.508 1.550 1.592 1.635 1.671 1.707 1.766 1.851 1.928 1.930 1.932 1.904 1.891 1.776 1.554 1.489 0.696
7.50 125.89 0.088 0.555 0.762 0.986 1.146 1.309 1.389 1.432 1.474 1.516 1.551 1.585 1.643 1.722 1.791 1.784 1.780 1.748 1.729 1.609 1.394 1.340 0.591
7.50 158.49 -0.024 0.431 0.641 0.870 1.025 1.185 1.262 1.308 1.349 1.389 1.421 1.454 1.510 1.582 1.640 1.621 1.609 1.569 1.543 1.415 1.212 1.171 0.480
7.50 199.53 -0.146 0.297 0.512 0.747 0.896 1.053 1.126 1.174 1.214 1.252 1.282 1.313 1.365 1.427 1.472 1.437 1.414 1.364 1.327 1.189 1.004 0.980 0.361
7.50 251.19 -0.280 0.150 0.373 0.617 0.757 0.911 0.979 1.031 1.069 1.103 1.132 1.159 1.207 1.257 1.283 1.227 1.189 1.126 1.076 0.925 0.762 0.761 0.234
7.50 316.23 -0.429 -0.012 0.221 0.478 0.607 0.757 0.818 0.875 0.909 0.940 0.966 0.989 1.031 1.065 1.068 0.986 0.929 0.847 0.781 0.612 0.479 0.508 0.095
7.50 398.11 -0.596 -0.193 0.054 0.328 0.442 0.587 0.640 0.703 0.733 0.760 0.782 0.799 0.833 0.848 0.821 0.705 0.625 0.519 0.431 0.240 0.146 0.212 -0.057
7.50 501.19 -0.785 -0.396 -0.131 0.164 0.260 0.399 0.442 0.512 0.537 0.558 0.575 0.586 0.609 0.599 0.535 0.376 0.265 0.130 0.014 -0.206 -0.250 -0.136 -0.226
7.50 630.96 -1.003 -0.627 -0.339 -0.018 0.056 0.187 0.217 0.296 0.314 0.329 0.340 0.342 0.352 0.311 0.200 -0.014 -0.164 -0.338 -0.489 -0.744 -0.724 -0.551 -0.416
7.50 794.33 -1.255 -0.893 -0.576 -0.221 -0.175 -0.055 -0.041 0.050 0.059 0.065 0.070 0.060 0.053 -0.028 -0.198 -0.481 -0.680 -0.902 -1.097 -1.399 -1.297 -1.049 -0.633
7.50 1000.00 -1.551 -1.203 -0.849 -0.452 -0.442 -0.334 -0.340 -0.234 -0.236 -0.241 -0.246 -0.269 -0.297 -0.428 -0.673 -1.043 -1.305 -1.588 -1.839 -2.198 -1.994 -1.651 -0.883
7.75 1.00 1.095 1.679 2.009 2.340 2.495 2.695 2.762 2.814 2.766 2.827 2.889 2.893 2.881 2.962 3.025 2.994 2.963 2.893 2.868 2.740 2.585 2.530 1.834
7.75 1.26 1.090 1.673 2.001 2.329 2.484 2.684 2.751 2.802 2.756 2.818 2.879 2.883 2.873 2.954 3.019 2.988 2.958 2.889 2.864 2.737 2.580 2.525 1.824
7.75 1.58 1.083 1.666 1.991 2.315 2.471 2.670 2.738 2.788 2.745 2.806 2.866 2.872 2.864 2.945 3.010 2.981 2.952 2.883 2.859 2.732 2.574 2.519 1.812
7.75 2.00 1.076 1.657 1.978 2.298 2.456 2.653 2.722 2.771 2.731 2.791 2.851 2.857 2.852 2.934 3.000 2.972 2.944 2.877 2.853 2.727 2.567 2.511 1.796
7.75 2.51 1.066 1.646 1.963 2.278 2.437 2.632 2.702 2.750 2.714 2.774 2.832 2.840 2.837 2.920 2.987 2.961 2.935 2.868 2.845 2.719 2.558 2.501 1.778
7.75 3.16 1.054 1.633 1.945 2.254 2.413 2.608 2.678 2.726 2.693 2.752 2.809 2.819 2.819 2.903 2.972 2.948 2.923 2.858 2.835 2.711 2.547 2.489 1.756
7.75 3.98 1.040 1.616 1.923 2.225 2.386 2.578 2.650 2.696 2.669 2.727 2.782 2.794 2.798 2.882 2.953 2.932 2.908 2.846 2.824 2.700 2.533 2.474 1.729
7.75 5.01 1.023 1.596 1.897 2.191 2.354 2.544 2.617 2.662 2.639 2.696 2.751 2.764 2.772 2.858 2.930 2.912 2.891 2.830 2.809 2.686 2.516 2.455 1.699
7.75 6.31 1.002 1.572 1.865 2.152 2.316 2.504 2.578 2.622 2.605 2.661 2.714 2.729 2.741 2.828 2.903 2.887 2.869 2.811 2.791 2.669 2.496 2.433 1.663
7.75 7.94 0.977 1.544 1.829 2.107 2.273 2.458 2.533 2.576 2.565 2.620 2.671 2.688 2.705 2.793 2.870 2.858 2.843 2.788 2.769 2.648 2.470 2.406 1.622
7.75 10.00 0.947 1.510 1.786 2.056 2.223 2.407 2.483 2.524 2.519 2.572 2.622 2.641 2.664 2.753 2.832 2.824 2.811 2.760 2.742 2.623 2.440 2.374 1.575
7.75 12.59 0.913 1.470 1.738 1.999 2.167 2.348 2.426 2.465 2.467 2.519 2.566 2.588 2.616 2.706 2.787 2.783 2.773 2.726 2.710 2.592 2.404 2.335 1.523
7.75 15.85 0.873 1.424 1.683 1.936 2.106 2.284 2.363 2.401 2.408 2.459 2.505 2.529 2.561 2.652 2.736 2.735 2.729 2.685 2.671 2.555 2.360 2.290 1.466
7.75 19.95 0.827 1.372 1.622 1.867 2.038 2.214 2.293 2.330 2.343 2.392 2.436 2.463 2.500 2.592 2.677 2.680 2.677 2.637 2.625 2.510 2.309 2.237 1.403
7.75 25.12 0.775 1.313 1.555 1.792 1.964 2.138 2.218 2.254 2.272 2.320 2.362 2.390 2.431 2.524 2.611 2.617 2.616 2.580 2.569 2.456 2.250 2.176 1.334
7.75 31.62 0.717 1.247 1.481 1.712 1.884 2.056 2.136 2.172 2.194 2.241 2.282 2.311 2.356 2.449 2.536 2.545 2.546 2.514 2.504 2.392 2.180 2.106 1.261
7.75 39.81 0.653 1.174 1.401 1.627 1.799 1.969 2.049 2.085 2.111 2.156 2.195 2.226 2.274 2.366 2.453 2.463 2.467 2.437 2.428 2.317 2.100 2.026 1.183
7.75 50.12 0.582 1.093 1.315 1.538 1.709 1.877 1.957 1.992 2.021 2.065 2.103 2.134 2.185 2.276 2.362 2.372 2.376 2.349 2.340 2.229 2.009 1.935 1.100
7.75 63.10 0.504 1.005 1.223 1.443 1.613 1.779 1.859 1.894 1.925 1.968 2.005 2.036 2.089 2.178 2.261 2.269 2.274 2.247 2.238 2.126 1.904 1.833 1.013
7.75 79.43 0.420 0.910 1.124 1.344 1.512 1.676 1.754 1.790 1.824 1.865 1.900 1.932 1.985 2.071 2.151 2.155 2.158 2.131 2.119 2.006 1.784 1.718 0.920
7.75 100.00 0.328 0.806 1.020 1.240 1.405 1.567 1.644 1.681 1.715 1.755 1.788 1.820 1.874 1.955 2.029 2.028 2.027 1.998 1.983 1.867 1.648 1.589 0.822
7.75 125.89 0.228 0.694 0.908 1.131 1.292 1.452 1.527 1.565 1.600 1.638 1.670 1.700 1.753 1.829 1.895 1.885 1.879 1.846 1.826 1.705 1.492 1.443 0.719
7.75 158.49 0.118 0.573 0.789 1.016 1.172 1.329 1.401 1.442 1.476 1.512 1.542 1.571 1.622 1.691 1.746 1.724 1.711 1.670 1.643 1.515 1.314 1.277 0.609
7.75 199.53 -0.002 0.440 0.661 0.895 1.044 1.198 1.266 1.309 1.343 1.377 1.404 1.430 1.479 1.538 1.579 1.542 1.518 1.468 1.431 1.293 1.108 1.089 0.492
7.75 251.19 -0.134 0.295 0.523 0.766 0.906 1.057 1.120 1.167 1.198 1.229 1.254 1.277 1.321 1.369 1.391 1.334 1.296 1.232 1.183 1.032 0.868 0.872 0.365
7.75 316.23 -0.281 0.134 0.372 0.627 0.756 0.903 0.960 1.011 1.040 1.067 1.089 1.108 1.146 1.178 1.178 1.094 1.037 0.956 0.890 0.722 0.588 0.620 0.227
7.75 398.11 -0.447 -0.045 0.207 0.477 0.592 0.734 0.783 0.840 0.865 0.888 0.906 0.920 0.950 0.962 0.932 0.815 0.734 0.630 0.542 0.352 0.256 0.326 0.075
7.75 501.19 -0.636 -0.247 0.022 0.314 0.411 0.546 0.585 0.649 0.669 0.686 0.700 0.706 0.726 0.714 0.647 0.487 0.375 0.241 0.126 -0.092 -0.138 -0.022 -0.093
7.75 630.96 -0.853 -0.477 -0.185 0.132 0.207 0.335 0.360 0.434 0.447 0.457 0.465 0.463 0.470 0.426 0.312 0.097 -0.053 -0.225 -0.375 -0.629 -0.612 -0.435 -0.283
7.75 794.33 -1.105 -0.742 -0.422 -0.071 -0.024 0.093 0.102 0.189 0.192 0.194 0.195 0.181 0.172 0.088 -0.085 -0.369 -0.568 -0.788 -0.982 -1.282 -1.184 -0.932 -0.500
7.75 1000.00 -1.400 -1.052 -0.695 -0.301 -0.290 -0.185 -0.197 -0.095 -0.103 -0.112 -0.120 -0.148 -0.179 -0.312 -0.560 -0.931 -1.193 -1.474 -1.723 -2.081 -1.880 -1.533 -0.750
8.00 1.00 1.134 1.713 2.050 2.383 2.536 2.734 2.793 2.841 2.782 2.842 2.902 2.902 2.886 2.972 3.038 3.008 2.975 2.902 2.874 2.747 2.590 2.537 1.869
8.00 1.26 1.130 1.708 2.044 2.374 2.527 2.725 2.784 2.832 2.775 2.834 2.894 2.895 2.880 2.966 3.033 3.004 2.971 2.898 2.871 2.744 2.586 2.533 1.861
8.00 1.58 1.125 1.702 2.036 2.363 2.517 2.714 2.774 2.821 2.766 2.825 2.884 2.886 2.873 2.959 3.026 2.998 2.966 2.894 2.867 2.740 2.581 2.528 1.851
8.00 2.00 1.119 1.695 2.026 2.349 2.504 2.700 2.761 2.807 2.755 2.813 2.872 2.874 2.863 2.950 3.018 2.991 2.959 2.888 2.862 2.735 2.576 2.521 1.839
8.00 2.51 1.112 1.686 2.014 2.333 2.489 2.683 2.745 2.790 2.742 2.799 2.857 2.860 2.851 2.939 3.007 2.982 2.951 2.882 2.856 2.729 2.568 2.513 1.824
8.00 3.16 1.103 1.676 1.999 2.313 2.470 2.663 2.726 2.770 2.725 2.782 2.839 2.843 2.837 2.925 2.994 2.970 2.942 2.873 2.848 2.722 2.559 2.503 1.806
8.00 3.98 1.091 1.662 1.981 2.289 2.448 2.639 2.702 2.746 2.705 2.761 2.817 2.823 2.820 2.908 2.979 2.957 2.929 2.863 2.838 2.713 2.548 2.491 1.784
8.00 5.01 1.078 1.646 1.959 2.261 2.421 2.610 2.675 2.717 2.681 2.736 2.791 2.798 2.799 2.887 2.960 2.940 2.914 2.850 2.826 2.701 2.534 2.476 1.758
8.00 6.31 1.061 1.627 1.933 2.227 2.389 2.576 2.642 2.683 2.653 2.707 2.759 2.769 2.773 2.863 2.936 2.919 2.896 2.834 2.811 2.687 2.516 2.457 1.728
8.00 7.94 1.040 1.603 1.902 2.188 2.352 2.537 2.604 2.644 2.619 2.672 2.723 2.734 2.743 2.833 2.909 2.894 2.874 2.814 2.792 2.670 2.495 2.435 1.692
8.00 10.00 1.016 1.574 1.866 2.144 2.309 2.492 2.560 2.598 2.580 2.631 2.681 2.694 2.708 2.798 2.875 2.865 2.846 2.790 2.769 2.648 2.469 2.407 1.652
8.00 12.59 0.987 1.541 1.824 2.093 2.259 2.440 2.510 2.547 2.534 2.585 2.632 2.648 2.666 2.757 2.836 2.829 2.814 2.760 2.742 2.621 2.438 2.375 1.605
8.00 15.85 0.953 1.501 1.776 2.036 2.204 2.382 2.454 2.489 2.483 2.532 2.577 2.595 2.618 2.710 2.791 2.787 2.775 2.725 2.708 2.589 2.401 2.335 1.554
8.00 19.95 0.914 1.456 1.721 1.973 2.142 2.318 2.391 2.425 2.424 2.472 2.515 2.536 2.564 2.656 2.738 2.737 2.728 2.682 2.667 2.549 2.356 2.289 1.496
8.00 25.12 0.868 1.403 1.660 1.904 2.074 2.248 2.321 2.354 2.360 2.406 2.447 2.469 2.502 2.594 2.677 2.679 2.674 2.632 2.618 2.502 2.302 2.234 1.433
8.00 31.62 0.816 1.344 1.592 1.829 2.000 2.171 2.245 2.278 2.288 2.333 2.372 2.396 2.433 2.525 2.609 2.613 2.610 2.572 2.559 2.444 2.240 2.171 1.364
8.00 39.81 0.758 1.277 1.517 1.749 1.920 2.089 2.163 2.195 2.210 2.253 2.291 2.316 2.357 2.448 2.531 2.537 2.536 2.501 2.489 2.376 2.166 2.098 1.290
8.00 50.12 0.693 1.202 1.436 1.663 1.833 2.000 2.075 2.106 2.125 2.167 2.203 2.229 2.273 2.363 2.445 2.451 2.451 2.419 2.408 2.295 2.081 2.013 1.211
8.00 63.10 0.620 1.119 1.348 1.572 1.741 1.906 1.980 2.012 2.034 2.074 2.108 2.135 2.182 2.269 2.349 2.354 2.354 2.323 2.312 2.198 1.982 1.917 1.126
8.00 79.43 0.540 1.029 1.254 1.475 1.643 1.806 1.879 1.911 1.936 1.975 2.007 2.034 2.082 2.166 2.242 2.244 2.243 2.213 2.200 2.085 1.868 1.808 1.036
8.00 100.00 0.452 0.930 1.153 1.374 1.539 1.699 1.771 1.804 1.830 1.868 1.898 1.925 1.974 2.054 2.124 2.120 2.117 2.085 2.069 1.951 1.737 1.683 0.941
8.00 125.89 0.355 0.821 1.044 1.267 1.428 1.586 1.656 1.690 1.717 1.753 1.782 1.808 1.856 1.930 1.993 1.981 1.973 1.937 1.917 1.795 1.586 1.542 0.839
8.00 158.49 0.249 0.703 0.927 1.154 1.310 1.465 1.532 1.568 1.596 1.629 1.656 1.680 1.727 1.794 1.846 1.823 1.808 1.766 1.739 1.610 1.412 1.380 0.731
8.00 199.53 0.132 0.573 0.801 1.034 1.183 1.336 1.399 1.438 1.464 1.495 1.520 1.542 1.586 1.644 1.682 1.643 1.618 1.567 1.531 1.393 1.209 1.194 0.615
8.00 251.19 0.001 0.430 0.664 0.906 1.047 1.195 1.254 1.296 1.321 1.349 1.371 1.390 1.430 1.476 1.496 1.437 1.398 1.334 1.286 1.135 0.972 0.980 0.489
8.00 316.23 -0.144 0.271 0.515 0.768 0.898 1.043 1.095 1.142 1.164 1.188 1.207 1.222 1.257 1.287 1.284 1.199 1.141 1.061 0.996 0.828 0.694 0.730 0.352
8.00 398.11 -0.309 0.093 0.350 0.619 0.735 0.874 0.919 0.971 0.990 1.010 1.025 1.035 1.061 1.072 1.039 0.921 0.840 0.736 0.650 0.461 0.365 0.438 0.201
8.00 501.19 -0.496 -0.107 0.166 0.456 0.554 0.687 0.721 0.781 0.795 0.809 0.820 0.822 0.839 0.824 0.755 0.594 0.482 0.350 0.236 0.019 -0.028 0.092 0.033
8.00 630.96 -0.712 -0.337 -0.041 0.275 0.351 0.476 0.497 0.566 0.573 0.581 0.585 0.579 0.583 0.537 0.421 0.205 0.055 -0.115 -0.263 -0.516 -0.500 -0.321 -0.157
8.00 794.33 -0.963 -0.601 -0.277 0.072 0.120 0.235 0.240 0.321 0.319 0.318 0.316 0.298 0.286 0.200 0.024 -0.260 -0.459 -0.677 -0.869 -1.167 -1.071 -0.817 -0.373
8.00 1000.00 -1.259 -0.910 -0.549 -0.158 -0.146 -0.044 -0.059 0.037 0.025 0.013 0.001 -0.031 -0.064 -0.200 -0.450 -0.822 -1.083 -1.362 -1.609 -1.965 -1.767 -1.417 -0.623
8.25 1.00 1.164 1.736 2.082 2.416 2.568 2.764 2.815 2.860 2.792 2.849 2.909 2.906 2.886 2.978 3.047 3.020 2.984 2.908 2.880 2.753 2.594 2.542 1.896
8.25 1.26 1.161 1.733 2.077 2.409 2.561 2.757 2.809 2.853 2.787 2.843 2.903 2.900 2.881 2.974 3.043 3.016 2.980 2.905 2.877 2.750 2.591 2.539 1.889
8.25 1.58 1.157 1.728 2.070 2.400 2.553 2.748 2.800 2.844 2.780 2.836 2.895 2.893 2.875 2.968 3.037 3.011 2.976 2.902 2.874 2.747 2.587 2.535 1.881
8.25 2.00 1.153 1.723 2.063 2.389 2.543 2.737 2.790 2.833 2.771 2.827 2.886 2.884 2.868 2.960 3.030 3.005 2.971 2.897 2.870 2.743 2.583 2.530 1.872
8.25 2.51 1.147 1.716 2.053 2.376 2.530 2.723 2.777 2.820 2.760 2.816 2.874 2.873 2.858 2.951 3.022 2.998 2.964 2.892 2.864 2.738 2.577 2.523 1.860
8.25 3.16 1.140 1.707 2.041 2.360 2.515 2.707 2.762 2.804 2.747 2.802 2.859 2.859 2.847 2.940 3.011 2.988 2.956 2.885 2.858 2.732 2.569 2.515 1.845
8.25 3.98 1.131 1.697 2.026 2.340 2.497 2.687 2.743 2.784 2.731 2.785 2.841 2.842 2.833 2.926 2.998 2.977 2.946 2.876 2.850 2.724 2.560 2.505 1.827
8.25 5.01 1.120 1.683 2.009 2.317 2.474 2.664 2.720 2.760 2.712 2.765 2.820 2.822 2.816 2.909 2.982 2.963 2.933 2.865 2.839 2.714 2.548 2.493 1.806
8.25 6.31 1.106 1.667 1.987 2.289 2.448 2.635 2.693 2.732 2.688 2.741 2.794 2.798 2.795 2.889 2.963 2.945 2.918 2.851 2.827 2.702 2.533 2.477 1.780
8.25 7.94 1.090 1.648 1.961 2.256 2.417 2.602 2.661 2.699 2.660 2.712 2.763 2.769 2.770 2.864 2.939 2.924 2.899 2.834 2.811 2.687 2.516 2.459 1.750
8.25 10.00 1.070 1.624 1.931 2.217 2.380 2.563 2.624 2.660 2.627 2.678 2.727 2.735 2.740 2.834 2.911 2.898 2.875 2.814 2.791 2.669 2.494 2.436 1.715
8.25 12.59 1.046 1.596 1.895 2.173 2.337 2.518 2.581 2.615 2.589 2.638 2.685 2.695 2.705 2.799 2.877 2.867 2.847 2.789 2.767 2.646 2.467 2.408 1.675
8.25 15.85 1.018 1.563 1.853 2.122 2.288 2.467 2.531 2.564 2.544 2.591 2.637 2.649 2.664 2.758 2.837 2.830 2.813 2.758 2.738 2.617 2.434 2.374 1.629
8.25 19.95 0.984 1.523 1.805 2.065 2.233 2.409 2.475 2.506 2.493 2.539 2.582 2.596 2.616 2.710 2.790 2.786 2.772 2.720 2.702 2.583 2.395 2.333 1.577
8.25 25.12 0.945 1.477 1.750 2.002 2.171 2.345 2.412 2.442 2.435 2.479 2.520 2.537 2.561 2.654 2.735 2.734 2.723 2.675 2.658 2.540 2.348 2.285 1.520
8.25 31.62 0.900 1.424 1.688 1.933 2.103 2.274 2.342 2.371 2.370 2.413 2.452 2.470 2.499 2.591 2.672 2.674 2.665 2.621 2.605 2.489 2.291 2.228 1.456
8.25 39.81 0.847 1.364 1.620 1.858 2.028 2.196 2.265 2.294 2.298 2.339 2.376 2.396 2.429 2.520 2.601 2.603 2.597 2.557 2.542 2.427 2.224 2.162 1.387
8.25 50.12 0.788 1.296 1.544 1.776 1.946 2.113 2.182 2.210 2.218 2.258 2.293 2.314 2.351 2.440 2.520 2.523 2.519 2.481 2.467 2.352 2.146 2.084 1.312
8.25 63.10 0.721 1.219 1.461 1.689 1.858 2.023 2.092 2.120 2.132 2.170 2.203 2.225 2.265 2.352 2.429 2.431 2.427 2.392 2.378 2.262 2.053 1.994 1.231
8.25 79.43 0.646 1.134 1.371 1.596 1.764 1.926 1.994 2.022 2.038 2.075 2.106 2.128 2.170 2.254 2.327 2.326 2.322 2.287 2.272 2.156 1.946 1.891 1.144
8.25 100.00 0.563 1.039 1.274 1.498 1.663 1.822 1.890 1.919 1.937 1.972 2.001 2.023 2.066 2.145 2.213 2.207 2.200 2.165 2.147 2.029 1.820 1.772 1.051
8.25 125.89 0.471 0.935 1.168 1.393 1.555 1.712 1.777 1.807 1.827 1.860 1.887 1.908 1.951 2.025 2.085 2.071 2.060 2.022 2.001 1.878 1.675 1.635 0.952
8.25 158.49 0.368 0.821 1.054 1.282 1.439 1.593 1.656 1.688 1.708 1.739 1.764 1.784 1.826 1.892 1.941 1.917 1.899 1.856 1.828 1.699 1.505 1.478 0.845
8.25 199.53 0.253 0.694 0.930 1.163 1.314 1.465 1.524 1.559 1.579 1.607 1.629 1.647 1.687 1.744 1.779 1.740 1.713 1.661 1.625 1.487 1.306 1.296 0.731
8.25 251.19 0.126 0.554 0.795 1.037 1.179 1.326 1.381 1.419 1.438 1.463 1.482 1.497 1.534 1.578 1.595 1.536 1.496 1.432 1.384 1.234 1.073 1.085 0.606
8.25 316.23 -0.018 0.397 0.648 0.900 1.032 1.174 1.223 1.265 1.282 1.303 1.320 1.331 1.362 1.390 1.385 1.300 1.242 1.161 1.097 0.931 0.798 0.838 0.470
8.25 398.11 -0.181 0.221 0.484 0.752 0.869 1.007 1.048 1.096 1.109 1.126 1.138 1.144 1.168 1.177 1.142 1.023 0.942 0.839 0.755 0.567 0.471 0.548 0.320
8.25 501.19 -0.367 0.022 0.301 0.590 0.689 0.820 0.851 0.906 0.915 0.926 0.934 0.933 0.947 0.931 0.859 0.698 0.586 0.455 0.343 0.128 0.080 0.204 0.152
8.25 630.96 -0.581 -0.206 0.095 0.409 0.487 0.610 0.627 0.692 0.694 0.699 0.700 0.691 0.692 0.644 0.526 0.310 0.160 -0.008 -0.154 -0.404 -0.391 -0.207 -0.037
8.25 794.33 -0.832 -0.470 -0.140 0.207 0.256 0.369 0.371 0.448 0.441 0.437 0.431 0.410 0.395 0.308 0.130 -0.154 -0.353 -0.569 -0.759 -1.054 -0.960 -0.702 -0.252
8.25 1000.00 -1.126 -0.778 -0.412 -0.023 -0.009 0.091 0.073 0.164 0.147 0.132 0.117 0.082 0.046 -0.091 -0.344 -0.715 -0.975 -1.252 -1.497 -1.850 -1.655 -1.301 -0.502
8.50 1.00 1.184 1.751 2.104 2.440 2.591 2.785 2.830 2.872 2.796 2.850 2.910 2.903 2.881 2.980 3.052 3.028 2.990 2.913 2.884 2.758 2.598 2.547 1.915
8.50 1.26 1.182 1.748 2.100 2.435 2.585 2.780 2.825 2.866 2.791 2.846 2.905 2.899 2.877 2.976 3.049 3.025 2.987 2.911 2.882 2.756 2.596 2.544 1.910
8.50 1.58 1.179 1.744 2.095 2.428 2.579 2.773 2.818 2.859 2.786 2.840 2.899 2.893 2.872 2.972 3.044 3.021 2.984 2.908 2.879 2.753 2.592 2.541 1.904
8.50 2.00 1.175 1.740 2.089 2.419 2.571 2.764 2.810 2.851 2.779 2.833 2.891 2.886 2.866 2.966 3.038 3.016 2.979 2.904 2.876 2.750 2.588 2.537 1.896
8.50 2.51 1.171 1.735 2.081 2.408 2.561 2.753 2.800 2.840 2.771 2.824 2.882 2.877 2.859 2.958 3.031 3.010 2.974 2.899 2.871 2.745 2.583 2.531 1.886
8.50 3.16 1.165 1.728 2.072 2.395 2.549 2.740 2.788 2.827 2.760 2.813 2.870 2.866 2.850 2.949 3.023 3.002 2.967 2.893 2.866 2.740 2.577 2.525 1.875
8.50 3.98 1.159 1.719 2.060 2.379 2.534 2.724 2.773 2.811 2.748 2.800 2.856 2.853 2.839 2.938 3.012 2.992 2.959 2.886 2.859 2.734 2.569 2.517 1.860
8.50 5.01 1.150 1.709 2.045 2.360 2.516 2.705 2.754 2.792 2.732 2.784 2.839 2.837 2.825 2.924 2.999 2.980 2.948 2.876 2.850 2.725 2.559 2.506 1.843
8.50 6.31 1.139 1.696 2.028 2.337 2.494 2.681 2.732 2.769 2.713 2.764 2.817 2.817 2.808 2.907 2.982 2.966 2.935 2.865 2.839 2.715 2.547 2.494 1.822
8.50 7.94 1.126 1.680 2.007 2.309 2.468 2.653 2.706 2.741 2.690 2.740 2.792 2.793 2.787 2.886 2.962 2.948 2.918 2.851 2.825 2.702 2.532 2.478 1.797
8.50 10.00 1.110 1.660 1.981 2.276 2.437 2.620 2.674 2.708 2.663 2.711 2.762 2.765 2.763 2.861 2.938 2.925 2.898 2.833 2.809 2.686 2.514 2.459 1.767
8.50 12.59 1.091 1.637 1.951 2.238 2.400 2.582 2.637 2.670 2.630 2.678 2.726 2.731 2.733 2.831 2.909 2.899 2.874 2.811 2.788 2.666 2.490 2.435 1.732
8.50 15.85 1.068 1.609 1.915 2.194 2.358 2.537 2.594 2.625 2.592 2.638 2.684 2.691 2.698 2.795 2.874 2.866 2.844 2.784 2.762 2.641 2.462 2.406 1.692
8.50 19.95 1.039 1.575 1.873 2.143 2.309 2.486 2.545 2.574 2.547 2.592 2.636 2.645 2.656 2.753 2.832 2.827 2.808 2.751 2.730 2.611 2.428 2.371 1.646
8.50 25.12 1.006 1.535 1.825 2.087 2.254 2.428 2.488 2.517 2.496 2.540 2.581 2.592 2.608 2.704 2.784 2.781 2.764 2.711 2.692 2.573 2.386 2.329 1.594
8.50 31.62 0.967 1.489 1.770 2.023 2.192 2.363 2.425 2.452 2.438 2.480 2.519 2.532 2.553 2.647 2.727 2.726 2.712 2.663 2.645 2.527 2.336 2.278 1.536
8.50 39.81 0.921 1.435 1.707 1.953 2.123 2.292 2.355 2.381 2.373 2.413 2.450 2.464 2.489 2.582 2.661 2.662 2.650 2.604 2.587 2.470 2.275 2.218 1.472
8.50 50.12 0.868 1.373 1.638 1.877 2.047 2.213 2.277 2.303 2.300 2.338 2.373 2.389 2.418 2.509 2.586 2.587 2.578 2.535 2.518 2.402 2.203 2.147 1.402
8.50 63.10 0.807 1.303 1.560 1.795 1.964 2.128 2.192 2.217 2.219 2.256 2.288 2.305 2.338 2.426 2.501 2.500 2.492 2.452 2.435 2.319 2.117 2.064 1.325
8.50 79.43 0.738 1.224 1.475 1.706 1.874 2.035 2.099 2.124 2.131 2.165 2.195 2.213 2.248 2.332 2.404 2.401 2.392 2.353 2.336 2.219 2.016 1.967 1.242
8.50 100.00 0.660 1.135 1.382 1.611 1.776 1.935 1.998 2.024 2.034 2.066 2.094 2.112 2.149 2.228 2.294 2.286 2.276 2.237 2.218 2.099 1.897 1.854 1.153
8.50 125.89 0.572 1.036 1.280 1.509 1.671 1.828 1.889 1.916 1.928 1.958 1.984 2.001 2.039 2.112 2.170 2.155 2.142 2.100 2.078 1.955 1.757 1.723 1.056
8.50 158.49 0.474 0.926 1.170 1.400 1.558 1.711 1.771 1.799 1.812 1.841 1.864 1.880 1.917 1.983 2.030 2.004 1.985 1.939 1.911 1.782 1.592 1.571 0.952
8.50 199.53 0.363 0.803 1.049 1.284 1.436 1.585 1.641 1.672 1.686 1.711 1.732 1.746 1.782 1.838 1.871 1.831 1.802 1.749 1.713 1.575 1.398 1.393 0.839
8.50 251.19 0.238 0.666 0.916 1.159 1.302 1.448 1.500 1.534 1.547 1.569 1.587 1.598 1.631 1.674 1.690 1.630 1.589 1.524 1.476 1.327 1.169 1.186 0.716
8.50 316.23 0.097 0.512 0.771 1.024 1.157 1.298 1.344 1.382 1.393 1.412 1.426 1.434 1.461 1.489 1.482 1.396 1.337 1.257 1.194 1.029 0.898 0.943 0.581
8.50 398.11 -0.063 0.338 0.609 0.877 0.996 1.132 1.170 1.214 1.222 1.236 1.246 1.248 1.269 1.277 1.241 1.122 1.040 0.938 0.855 0.669 0.574 0.655 0.432
8.50 501.19 -0.247 0.141 0.427 0.715 0.817 0.946 0.974 1.025 1.029 1.037 1.043 1.038 1.049 1.032 0.959 0.798 0.686 0.556 0.446 0.234 0.186 0.313 0.265
8.50 630.96 -0.461 -0.086 0.222 0.536 0.615 0.736 0.751 0.812 0.810 0.811 0.810 0.797 0.795 0.747 0.627 0.412 0.262 0.095 -0.048 -0.296 -0.283 -0.096 0.077
8.50 794.33 -0.710 -0.348 -0.012 0.334 0.385 0.496 0.495 0.568 0.557 0.550 0.542 0.518 0.500 0.411 0.232 -0.052 -0.249 -0.464 -0.651 -0.943 -0.851 -0.589 -0.138
8.50 1000.00 -1.003 -0.655 -0.283 0.105 0.121 0.219 0.198 0.285 0.263 0.245 0.228 0.190 0.151 0.013 -0.241 -0.612 -0.871 -1.145 -1.388 -1.737 -1.544 -1.187 -0.387
8.75 1.00 1.195 1.756 2.117 2.456 2.605 2.799 2.838 2.877 2.793 2.845 2.905 2.896 2.871 2.977 3.054 3.034 2.994 2.916 2.887 2.763 2.602 2.551 1.927
8.75 1.26 1.193 1.754 2.114 2.451 2.601 2.795 2.834 2.872 2.789 2.842 2.901 2.892 2.868 2.974 3.051 3.031 2.992 2.914 2.885 2.761 2.599 2.549 1.923
8.75 1.58 1.191 1.751 2.110 2.446 2.596 2.789 2.828 2.867 2.785 2.837 2.897 2.888 2.864 2.971 3.047 3.028 2.989 2.911 2.883 2.759 2.597 2.546 1.918
8.75 2.00 1.189 1.747 2.105 2.439 2.590 2.782 2.822 2.860 2.780 2.832 2.891 2.882 2.859 2.966 3.042 3.024 2.985 2.908 2.880 2.756 2.593 2.543 1.912
8.75 2.51 1.185 1.743 2.099 2.430 2.582 2.774 2.814 2.852 2.773 2.825 2.883 2.875 2.853 2.960 3.037 3.018 2.981 2.904 2.876 2.752 2.589 2.538 1.905
8.75 3.16 1.181 1.738 2.092 2.420 2.572 2.763 2.804 2.841 2.765 2.816 2.874 2.867 2.846 2.952 3.029 3.012 2.975 2.899 2.871 2.747 2.584 2.533 1.895
8.75 3.98 1.175 1.731 2.082 2.407 2.560 2.750 2.792 2.828 2.755 2.806 2.862 2.856 2.837 2.943 3.020 3.004 2.968 2.893 2.865 2.742 2.577 2.526 1.883
8.75 5.01 1.169 1.722 2.071 2.391 2.546 2.734 2.777 2.813 2.743 2.793 2.848 2.843 2.826 2.932 3.009 2.994 2.959 2.885 2.858 2.735 2.569 2.518 1.869
8.75 6.31 1.161 1.712 2.056 2.372 2.528 2.715 2.759 2.794 2.727 2.777 2.831 2.827 2.812 2.917 2.996 2.981 2.947 2.875 2.848 2.726 2.559 2.507 1.852
8.75 7.94 1.150 1.699 2.039 2.349 2.506 2.692 2.738 2.771 2.709 2.757 2.810 2.807 2.795 2.900 2.979 2.966 2.933 2.863 2.837 2.714 2.546 2.494 1.831
8.75 10.00 1.137 1.683 2.018 2.321 2.480 2.664 2.712 2.744 2.686 2.734 2.785 2.784 2.775 2.879 2.958 2.947 2.916 2.847 2.822 2.700 2.530 2.477 1.806
8.75 12.59 1.122 1.663 1.992 2.289 2.449 2.631 2.680 2.711 2.659 2.706 2.755 2.755 2.750 2.854 2.933 2.923 2.895 2.828 2.804 2.683 2.510 2.457 1.777
8.75 15.85 1.103 1.640 1.962 2.251 2.413 2.593 2.644 2.673 2.627 2.672 2.720 2.721 2.721 2.823 2.903 2.895 2.869 2.805 2.781 2.661 2.485 2.432 1.743
8.75 19.95 1.080 1.611 1.926 2.207 2.371 2.548 2.601 2.629 2.589 2.633 2.678 2.682 2.685 2.787 2.867 2.861 2.837 2.776 2.753 2.633 2.455 2.402 1.702
8.75 25.12 1.051 1.577 1.884 2.156 2.322 2.497 2.551 2.578 2.545 2.587 2.630 2.635 2.643 2.743 2.823 2.819 2.798 2.740 2.719 2.600 2.418 2.365 1.656
8.75 31.62 1.018 1.537 1.835 2.099 2.266 2.439 2.495 2.521 2.494 2.534 2.575 2.582 2.595 2.693 2.772 2.770 2.752 2.697 2.677 2.558 2.373 2.320 1.604
8.75 39.81 0.978 1.490 1.779 2.036 2.204 2.374 2.431 2.456 2.435 2.474 2.512 2.521 2.538 2.634 2.713 2.711 2.695 2.644 2.625 2.507 2.319 2.267 1.546
8.75 50.12 0.931 1.435 1.716 1.965 2.134 2.301 2.359 2.383 2.369 2.406 2.441 2.452 2.473 2.567 2.644 2.642 2.628 2.580 2.562 2.444 2.253 2.202 1.481
8.75 63.10 0.877 1.371 1.645 1.888 2.056 2.221 2.280 2.303 2.294 2.330 2.362 2.374 2.400 2.490 2.564 2.562 2.549 2.503 2.485 2.367 2.174 2.126 1.409
8.75 79.43 0.814 1.298 1.565 1.803 1.971 2.133 2.192 2.215 2.212 2.245 2.275 2.288 2.316 2.402 2.472 2.468 2.455 2.411 2.392 2.274 2.079 2.036 1.330
8.75 100.00 0.742 1.216 1.477 1.712 1.879 2.038 2.096 2.120 2.120 2.151 2.179 2.192 2.222 2.303 2.368 2.359 2.345 2.302 2.281 2.160 1.966 1.929 1.244
8.75 125.89 0.659 1.122 1.380 1.614 1.777 1.933 1.991 2.015 2.019 2.048 2.072 2.085 2.118 2.192 2.248 2.232 2.216 2.171 2.147 2.023 1.833 1.804 1.151
8.75 158.49 0.566 1.017 1.274 1.508 1.667 1.820 1.876 1.902 1.907 1.934 1.956 1.968 2.000 2.066 2.112 2.086 2.064 2.015 1.986 1.857 1.674 1.657 1.049
8.75 199.53 0.459 0.899 1.156 1.395 1.548 1.697 1.750 1.778 1.784 1.808 1.827 1.837 1.869 1.925 1.957 1.916 1.886 1.830 1.794 1.657 1.485 1.485 0.939
8.75 251.19 0.338 0.765 1.027 1.272 1.417 1.562 1.611 1.642 1.648 1.669 1.685 1.692 1.721 1.764 1.779 1.719 1.676 1.610 1.563 1.414 1.261 1.282 0.818
8.75 316.23 0.201 0.615 0.883 1.138 1.273 1.414 1.456 1.492 1.497 1.513 1.526 1.530 1.554 1.581 1.573 1.488 1.428 1.347 1.285 1.122 0.994 1.043 0.685
8.75 398.11 0.043 0.444 0.723 0.993 1.114 1.249 1.284 1.325 1.328 1.339 1.348 1.347 1.364 1.372 1.334 1.216 1.134 1.032 0.950 0.767 0.673 0.759 0.537
8.75 501.19 -0.139 0.249 0.544 0.832 0.936 1.064 1.090 1.138 1.136 1.142 1.146 1.138 1.146 1.129 1.054 0.894 0.783 0.653 0.545 0.335 0.288 0.420 0.371
8.75 630.96 -0.350 0.025 0.340 0.654 0.735 0.856 0.868 0.925 0.918 0.917 0.914 0.898 0.894 0.845 0.724 0.510 0.361 0.195 0.054 -0.191 -0.177 0.013 0.184
8.75 794.33 -0.598 -0.236 0.107 0.453 0.506 0.616 0.613 0.682 0.667 0.657 0.647 0.620 0.599 0.510 0.330 0.048 -0.149 -0.361 -0.546 -0.835 -0.743 -0.478 -0.030
8.75 1000.00 -0.890 -0.542 -0.164 0.224 0.242 0.340 0.316 0.400 0.374 0.353 0.334 0.293 0.252 0.113 -0.142 -0.511 -0.770 -1.041 -1.281 -1.627 -1.434 -1.074 -0.279
9.00 1.00 1.197 1.752 2.122 2.463 2.612 2.805 2.838 2.875 2.784 2.835 2.895 2.883 2.856 2.971 3.052 3.037 2.996 2.917 2.889 2.767 2.605 2.555 1.933
9.00 1.26 1.196 1.750 2.119 2.459 2.609 2.801 2.835 2.871 2.781 2.832 2.892 2.880 2.853 2.968 3.049 3.034 2.994 2.915 2.888 2.766 2.603 2.553 1.930
9.00 1.58 1.194 1.748 2.116 2.455 2.605 2.797 2.831 2.867 2.778 2.829 2.888 2.877 2.850 2.965 3.046 3.032 2.992 2.913 2.886 2.764 2.600 2.551 1.926
9.00 2.00 1.192 1.745 2.112 2.449 2.600 2.792 2.826 2.862 2.774 2.824 2.883 2.872 2.847 2.961 3.042 3.028 2.988 2.911 2.883 2.761 2.598 2.548 1.921
9.00 2.51 1.189 1.742 2.107 2.443 2.594 2.785 2.820 2.855 2.769 2.819 2.877 2.867 2.842 2.956 3.037 3.024 2.984 2.907 2.880 2.758 2.594 2.544 1.915
9.00 3.16 1.186 1.737 2.101 2.434 2.586 2.776 2.812 2.847 2.762 2.812 2.870 2.860 2.836 2.950 3.032 3.018 2.980 2.903 2.876 2.754 2.589 2.540 1.907
9.00 3.98 1.182 1.732 2.094 2.424 2.576 2.766 2.802 2.837 2.754 2.804 2.861 2.851 2.829 2.943 3.024 3.011 2.973 2.897 2.870 2.749 2.584 2.534 1.898
9.00 5.01 1.177 1.725 2.084 2.411 2.565 2.753 2.791 2.824 2.744 2.793 2.850 2.841 2.820 2.933 3.015 3.003 2.966 2.890 2.864 2.743 2.577 2.527 1.886
9.00 6.31 1.170 1.716 2.073 2.395 2.550 2.738 2.776 2.809 2.732 2.780 2.836 2.828 2.809 2.922 3.003 2.992 2.956 2.882 2.856 2.735 2.568 2.518 1.872
9.00 7.94 1.162 1.706 2.059 2.376 2.532 2.719 2.758 2.790 2.717 2.765 2.819 2.812 2.795 2.907 2.989 2.979 2.944 2.871 2.845 2.725 2.557 2.507 1.855
9.00 10.00 1.152 1.693 2.041 2.354 2.511 2.696 2.737 2.768 2.699 2.745 2.798 2.792 2.779 2.890 2.971 2.962 2.929 2.858 2.832 2.712 2.543 2.493 1.835
9.00 12.59 1.140 1.677 2.020 2.326 2.485 2.668 2.711 2.741 2.677 2.722 2.773 2.769 2.758 2.868 2.950 2.942 2.911 2.841 2.816 2.696 2.525 2.475 1.810
9.00 15.85 1.124 1.657 1.995 2.294 2.454 2.636 2.680 2.709 2.650 2.694 2.743 2.741 2.733 2.842 2.924 2.918 2.888 2.820 2.796 2.677 2.504 2.454 1.781
9.00 19.95 1.105 1.633 1.964 2.256 2.418 2.597 2.643 2.671 2.618 2.661 2.708 2.707 2.703 2.811 2.892 2.887 2.860 2.795 2.772 2.653 2.477 2.428 1.746
9.00 25.12 1.082 1.604 1.928 2.212 2.376 2.552 2.600 2.626 2.580 2.622 2.666 2.667 2.667 2.773 2.854 2.851 2.825 2.763 2.741 2.622 2.445 2.395 1.706
9.00 31.62 1.054 1.570 1.886 2.161 2.327 2.501 2.551 2.575 2.535 2.576 2.618 2.620 2.625 2.728 2.809 2.806 2.783 2.724 2.702 2.584 2.404 2.356 1.660
9.00 39.81 1.020 1.528 1.836 2.104 2.271 2.442 2.493 2.517 2.484 2.522 2.562 2.566 2.575 2.676 2.755 2.753 2.733 2.676 2.655 2.538 2.355 2.308 1.607
9.00 50.12 0.979 1.480 1.779 2.039 2.207 2.376 2.429 2.451 2.425 2.461 2.498 2.503 2.517 2.615 2.692 2.690 2.671 2.618 2.598 2.480 2.295 2.250 1.548
9.00 63.10 0.931 1.423 1.715 1.967 2.136 2.301 2.356 2.377 2.357 2.391 2.425 2.432 2.450 2.544 2.618 2.615 2.598 2.547 2.527 2.409 2.222 2.180 1.481
9.00 79.43 0.874 1.357 1.641 1.889 2.056 2.219 2.274 2.295 2.281 2.313 2.344 2.352 2.373 2.462 2.532 2.527 2.510 2.461 2.440 2.321 2.134 2.096 1.407
9.00 100.00 0.808 1.280 1.559 1.802 1.968 2.128 2.183 2.205 2.195 2.225 2.253 2.261 2.286 2.369 2.433 2.423 2.406 2.358 2.335 2.214 2.028 1.997 1.326
9.00 125.89 0.732 1.193 1.467 1.708 1.872 2.029 2.083 2.105 2.099 2.127 2.151 2.160 2.186 2.263 2.319 2.302 2.282 2.233 2.208 2.084 1.901 1.878 1.236
9.00 158.49 0.643 1.094 1.365 1.606 1.766 1.919 1.972 1.995 1.992 2.017 2.039 2.047 2.074 2.142 2.188 2.161 2.136 2.084 2.054 1.925 1.748 1.738 1.138
9.00 199.53 0.542 0.980 1.251 1.495 1.649 1.799 1.849 1.874 1.874 1.895 1.914 1.921 1.947 2.005 2.036 1.996 1.963 1.904 1.867 1.731 1.566 1.571 1.030
9.00 251.19 0.426 0.852 1.125 1.375 1.521 1.667 1.713 1.741 1.741 1.760 1.775 1.779 1.803 1.848 1.862 1.802 1.757 1.690 1.642 1.495 1.347 1.374 0.912
9.00 316.23 0.292 0.705 0.985 1.244 1.380 1.521 1.561 1.593 1.593 1.607 1.619 1.619 1.639 1.668 1.659 1.574 1.514 1.432 1.370 1.208 1.085 1.139 0.781
9.00 398.11 0.137 0.538 0.828 1.100 1.223 1.358 1.391 1.429 1.426 1.436 1.443 1.438 1.452 1.461 1.423 1.305 1.223 1.121 1.040 0.858 0.769 0.859 0.635
9.00 501.19 -0.042 0.346 0.650 0.941 1.047 1.175 1.198 1.243 1.237 1.241 1.242 1.232 1.237 1.220 1.145 0.986 0.874 0.746 0.640 0.432 0.387 0.523 0.470
9.00 630.96 -0.251 0.124 0.448 0.763 0.847 0.967 0.978 1.032 1.020 1.017 1.013 0.993 0.986 0.938 0.816 0.603 0.455 0.291 0.152 -0.090 -0.075 0.120 0.284
9.00 794.33 -0.496 -0.135 0.216 0.564 0.619 0.729 0.724 0.790 0.770 0.758 0.746 0.716 0.693 0.605 0.424 0.143 -0.053 -0.263 -0.445 -0.731 -0.638 -0.369 0.071
9.00 1000.00 -0.787 -0.439 -0.053 0.336 0.356 0.453 0.428 0.509 0.479 0.456 0.434 0.390 0.347 0.208 -0.047 -0.414 -0.672 -0.941 -1.177 -1.519 -1.327 -0.964 -0.177
9.25 1.00 1.190 1.739 2.118 2.461 2.611 2.804 2.832 2.867 2.770 2.819 2.879 2.866 2.836 2.960 3.046 3.037 2.996 2.917 2.890 2.772 2.607 2.558 1.931
9.25 1.26 1.189 1.738 2.116 2.459 2.609 2.801 2.830 2.864 2.767 2.817 2.877 2.863 2.835 2.958 3.044 3.035 2.994 2.915 2.889 2.770 2.606 2.557 1.929
9.25 1.58 1.188 1.736 2.113 2.455 2.605 2.797 2.826 2.861 2.765 2.814 2.874 2.861 2.832 2.955 3.042 3.033 2.992 2.913 2.887 2.769 2.604 2.555 1.926
9.25 2.00 1.186 1.734 2.110 2.451 2.601 2.793 2.822 2.856 2.762 2.810 2.870 2.857 2.829 2.952 3.038 3.030 2.989 2.911 2.885 2.766 2.601 2.552 1.922
9.25 2.51 1.184 1.731 2.106 2.445 2.597 2.788 2.818 2.851 2.758 2.806 2.865 2.853 2.826 2.948 3.034 3.026 2.986 2.908 2.882 2.763 2.598 2.549 1.917
9.25 3.16 1.182 1.727 2.101 2.439 2.590 2.781 2.811 2.845 2.752 2.801 2.860 2.847 2.821 2.943 3.029 3.021 2.981 2.904 2.878 2.760 2.594 2.545 1.911
9.25 3.98 1.178 1.723 2.095 2.430 2.583 2.773 2.804 2.837 2.746 2.794 2.852 2.840 2.815 2.937 3.023 3.015 2.976 2.899 2.874 2.755 2.589 2.541 1.904
9.25 5.01 1.174 1.717 2.088 2.420 2.573 2.762 2.794 2.827 2.738 2.786 2.843 2.832 2.808 2.929 3.015 3.008 2.969 2.893 2.868 2.750 2.583 2.534 1.894
9.25 6.31 1.169 1.710 2.078 2.407 2.561 2.750 2.783 2.814 2.728 2.776 2.832 2.821 2.799 2.920 3.006 2.999 2.961 2.886 2.861 2.743 2.575 2.527 1.883
9.25 7.94 1.163 1.702 2.067 2.392 2.547 2.734 2.768 2.799 2.716 2.763 2.818 2.808 2.788 2.908 2.994 2.987 2.951 2.876 2.851 2.734 2.566 2.517 1.869
9.25 10.00 1.155 1.691 2.052 2.373 2.529 2.715 2.751 2.781 2.701 2.747 2.801 2.792 2.774 2.893 2.979 2.973 2.938 2.865 2.840 2.722 2.553 2.505 1.852
9.25 12.59 1.145 1.678 2.035 2.350 2.508 2.692 2.729 2.758 2.683 2.728 2.781 2.773 2.757 2.875 2.960 2.956 2.921 2.850 2.826 2.708 2.538 2.490 1.832
9.25 15.85 1.133 1.661 2.014 2.323 2.482 2.665 2.703 2.731 2.661 2.705 2.756 2.749 2.736 2.853 2.938 2.934 2.901 2.831 2.808 2.690 2.519 2.472 1.807
9.25 19.95 1.117 1.641 1.988 2.291 2.452 2.632 2.672 2.699 2.634 2.677 2.726 2.721 2.711 2.826 2.910 2.907 2.877 2.809 2.785 2.668 2.496 2.449 1.778
9.25 25.12 1.098 1.617 1.957 2.253 2.415 2.594 2.636 2.661 2.602 2.644 2.690 2.687 2.681 2.793 2.877 2.875 2.846 2.780 2.758 2.641 2.467 2.420 1.743
9.25 31.62 1.074 1.587 1.921 2.208 2.372 2.548 2.592 2.617 2.564 2.604 2.648 2.646 2.644 2.754 2.837 2.835 2.808 2.745 2.723 2.606 2.430 2.385 1.703
9.25 39.81 1.046 1.552 1.878 2.157 2.323 2.496 2.542 2.565 2.519 2.557 2.599 2.598 2.601 2.707 2.788 2.787 2.762 2.702 2.680 2.563 2.386 2.342 1.656
9.25 50.12 1.011 1.509 1.827 2.099 2.266 2.436 2.484 2.506 2.467 2.503 2.541 2.543 2.549 2.652 2.731 2.729 2.706 2.648 2.627 2.510 2.331 2.290 1.602
9.25 63.10 0.969 1.458 1.769 2.033 2.201 2.369 2.418 2.439 2.406 2.440 2.476 2.478 2.489 2.588 2.663 2.660 2.638 2.583 2.561 2.444 2.264 2.226 1.541
9.25 79.43 0.918 1.399 1.702 1.960 2.128 2.292 2.342 2.363 2.337 2.368 2.401 2.404 2.419 2.513 2.583 2.578 2.557 2.503 2.480 2.362 2.182 2.149 1.473
9.25 100.00 0.859 1.329 1.626 1.879 2.045 2.207 2.257 2.278 2.257 2.287 2.316 2.320 2.338 2.425 2.490 2.480 2.458 2.405 2.382 2.261 2.083 2.056 1.396
9.25 125.89 0.788 1.249 1.540 1.790 1.954 2.112 2.162 2.183 2.168 2.194 2.220 2.225 2.245 2.325 2.381 2.365 2.341 2.287 2.261 2.137 1.962 1.944 1.311
9.25 158.49 0.706 1.155 1.443 1.692 1.853 2.007 2.056 2.078 2.066 2.090 2.113 2.117 2.138 2.209 2.255 2.229 2.200 2.144 2.113 1.984 1.816 1.811 1.217
9.25 199.53 0.610 1.048 1.334 1.585 1.740 1.891 1.938 1.961 1.953 1.973 1.992 1.995 2.016 2.076 2.108 2.068 2.032 1.971 1.933 1.797 1.640 1.650 1.113
9.25 251.19 0.499 0.924 1.212 1.468 1.616 1.762 1.805 1.832 1.824 1.842 1.857 1.857 1.877 1.924 1.938 1.879 1.832 1.762 1.714 1.568 1.427 1.459 0.997
9.25 316.23 0.370 0.783 1.075 1.339 1.477 1.619 1.656 1.687 1.680 1.693 1.704 1.701 1.717 1.748 1.739 1.655 1.593 1.509 1.448 1.287 1.170 1.229 0.869
9.25 398.11 0.219 0.619 0.921 1.197 1.322 1.458 1.489 1.524 1.516 1.524 1.530 1.523 1.533 1.543 1.506 1.390 1.306 1.203 1.124 0.944 0.859 0.954 0.725
9.25 501.19 0.044 0.431 0.746 1.040 1.148 1.277 1.298 1.341 1.330 1.332 1.332 1.319 1.321 1.305 1.230 1.073 0.961 0.833 0.728 0.522 0.482 0.623 0.562
9.25 630.96 -0.162 0.212 0.546 0.864 0.951 1.071 1.080 1.132 1.115 1.110 1.104 1.083 1.073 1.025 0.904 0.693 0.545 0.381 0.244 0.005 0.023 0.222 0.377
9.25 794.33 -0.405 -0.045 0.316 0.666 0.724 0.834 0.827 0.891 0.867 0.853 0.840 0.807 0.782 0.694 0.514 0.235 0.039 -0.169 -0.349 -0.631 -0.537 -0.263 0.165
9.25 1000.00 -0.694 -0.347 0.048 0.439 0.462 0.559 0.533 0.611 0.577 0.552 0.529 0.483 0.437 0.299 0.044 -0.321 -0.577 -0.844 -1.077 -1.415 -1.223 -0.855 -0.082
