ZhaoEtAl2006SInterCascadia as implemented in OpenQuake, distance is rrup. Log10 hazard values in cgs units
          10 31 22 : nmag, ndist, nperiod
          10.000 5.000 4.000 3.000 2.500 2.000 1.500 1.250 1.000 0.900 0.800 0.700 0.600 0.500 0.400 0.300 0.250 0.200 0.150 0.100 0.050 PGA PGV
          0.698 0.698 0.716 0.748 0.760 0.760 0.752 0.742 0.734 0.729 0.726 0.723 0.717 0.709 0.713 0.726 0.741 0.766 0.792 0.803 0.726 0.678 0.760
7.00 1.00 1.197 1.843 2.152 2.502 2.671 2.873 2.979 3.053 3.053 3.139 3.220 3.259 3.291 3.368 3.399 3.277 3.179 3.046 2.940 2.743 2.635 2.661 1.994
7.00 1.26 1.186 1.831 2.136 2.480 2.650 2.851 2.957 3.031 3.034 3.119 3.200 3.240 3.276 3.354 3.387 3.266 3.169 3.038 2.932 2.736 2.626 2.651 1.974
7.00 1.58 1.173 1.817 2.117 2.455 2.626 2.825 2.931 3.004 3.012 3.096 3.175 3.218 3.256 3.337 3.372 3.254 3.158 3.028 2.923 2.728 2.615 2.638 1.950
7.00 2.00 1.157 1.799 2.094 2.425 2.597 2.794 2.901 2.972 2.985 3.068 3.146 3.191 3.233 3.316 3.353 3.238 3.144 3.016 2.912 2.717 2.601 2.623 1.922
7.00 2.51 1.138 1.778 2.066 2.389 2.563 2.757 2.865 2.936 2.953 3.035 3.112 3.159 3.206 3.290 3.331 3.219 3.127 3.001 2.898 2.704 2.584 2.604 1.890
7.00 3.16 1.115 1.753 2.033 2.349 2.523 2.716 2.824 2.893 2.916 2.997 3.073 3.122 3.173 3.261 3.304 3.196 3.107 2.983 2.881 2.688 2.564 2.581 1.853
7.00 3.98 1.088 1.723 1.995 2.302 2.478 2.668 2.777 2.845 2.873 2.953 3.028 3.079 3.135 3.226 3.272 3.169 3.082 2.961 2.860 2.668 2.540 2.554 1.810
7.00 5.01 1.056 1.688 1.952 2.250 2.427 2.615 2.725 2.791 2.824 2.903 2.977 3.030 3.092 3.185 3.235 3.136 3.052 2.934 2.835 2.645 2.510 2.522 1.762
7.00 6.31 1.019 1.647 1.902 2.192 2.370 2.555 2.666 2.731 2.769 2.848 2.920 2.976 3.042 3.138 3.192 3.098 3.017 2.903 2.804 2.616 2.475 2.484 1.709
7.00 7.94 0.976 1.600 1.846 2.128 2.307 2.490 2.601 2.665 2.709 2.786 2.857 2.915 2.986 3.086 3.143 3.054 2.976 2.865 2.769 2.582 2.435 2.440 1.650
7.00 10.00 0.929 1.547 1.785 2.058 2.239 2.419 2.531 2.594 2.642 2.719 2.788 2.848 2.925 3.026 3.087 3.003 2.928 2.821 2.726 2.541 2.387 2.389 1.587
7.00 12.59 0.876 1.488 1.717 1.984 2.165 2.344 2.455 2.517 2.570 2.645 2.714 2.776 2.857 2.961 3.025 2.945 2.874 2.770 2.677 2.493 2.332 2.331 1.519
7.00 15.85 0.817 1.423 1.644 1.905 2.086 2.263 2.375 2.436 2.493 2.567 2.634 2.698 2.783 2.889 2.956 2.880 2.811 2.711 2.619 2.438 2.270 2.266 1.446
7.00 19.95 0.753 1.351 1.566 1.821 2.003 2.178 2.290 2.350 2.411 2.484 2.550 2.615 2.703 2.811 2.880 2.808 2.741 2.645 2.554 2.374 2.199 2.193 1.370
7.00 25.12 0.684 1.274 1.483 1.734 1.915 2.089 2.201 2.261 2.324 2.396 2.461 2.528 2.618 2.727 2.797 2.728 2.663 2.569 2.479 2.300 2.120 2.113 1.290
7.00 31.62 0.610 1.191 1.395 1.642 1.823 1.995 2.107 2.167 2.232 2.304 2.368 2.435 2.528 2.638 2.708 2.640 2.577 2.485 2.395 2.216 2.032 2.024 1.207
7.00 39.81 0.531 1.102 1.302 1.548 1.728 1.899 2.010 2.070 2.137 2.207 2.271 2.338 2.433 2.542 2.612 2.544 2.481 2.390 2.300 2.122 1.934 1.927 1.120
7.00 50.12 0.447 1.008 1.205 1.450 1.628 1.798 1.908 1.969 2.037 2.107 2.169 2.237 2.332 2.441 2.509 2.440 2.376 2.285 2.194 2.015 1.826 1.821 1.029
7.00 63.10 0.358 0.908 1.104 1.348 1.525 1.693 1.802 1.863 1.933 2.001 2.063 2.130 2.226 2.332 2.398 2.326 2.261 2.169 2.075 1.894 1.706 1.705 0.935
7.00 79.43 0.264 0.802 0.998 1.244 1.418 1.584 1.692 1.754 1.823 1.891 1.952 2.018 2.114 2.217 2.278 2.202 2.133 2.039 1.942 1.758 1.574 1.578 0.838
7.00 100.00 0.164 0.689 0.887 1.135 1.306 1.471 1.576 1.640 1.709 1.775 1.835 1.901 1.995 2.095 2.149 2.066 1.993 1.894 1.793 1.605 1.426 1.438 0.736
7.00 125.89 0.056 0.570 0.770 1.022 1.188 1.352 1.455 1.520 1.588 1.653 1.711 1.776 1.869 1.962 2.008 1.916 1.836 1.732 1.624 1.430 1.261 1.283 0.629
7.00 158.49 -0.059 0.442 0.646 0.904 1.065 1.226 1.326 1.393 1.461 1.524 1.580 1.643 1.733 1.819 1.854 1.749 1.660 1.548 1.432 1.229 1.074 1.110 0.516
7.00 199.53 -0.183 0.304 0.515 0.780 0.934 1.092 1.188 1.258 1.324 1.385 1.440 1.499 1.586 1.663 1.683 1.562 1.462 1.338 1.212 0.998 0.861 0.915 0.396
7.00 251.19 -0.320 0.155 0.374 0.649 0.794 0.949 1.040 1.114 1.177 1.235 1.287 1.344 1.425 1.490 1.492 1.350 1.234 1.096 0.956 0.729 0.615 0.693 0.268
7.00 316.23 -0.470 -0.009 0.221 0.509 0.643 0.794 0.878 0.957 1.017 1.071 1.120 1.173 1.248 1.297 1.276 1.106 0.972 0.815 0.658 0.413 0.330 0.438 0.128
7.00 398.11 -0.639 -0.191 0.053 0.358 0.478 0.623 0.700 0.784 0.840 0.890 0.936 0.982 1.049 1.079 1.028 0.824 0.665 0.484 0.305 0.037 -0.005 0.140 -0.024
7.00 501.19 -0.829 -0.395 -0.133 0.193 0.295 0.434 0.500 0.592 0.642 0.687 0.728 0.768 0.824 0.829 0.741 0.494 0.304 0.092 -0.114 -0.411 -0.403 -0.210 -0.194
7.00 630.96 -1.048 -0.627 -0.342 0.011 0.090 0.222 0.275 0.376 0.419 0.457 0.493 0.523 0.566 0.540 0.404 0.103 -0.127 -0.376 -0.619 -0.952 -0.879 -0.626 -0.385
7.00 794.33 -1.301 -0.894 -0.579 -0.193 -0.142 -0.020 0.016 0.130 0.164 0.193 0.222 0.241 0.267 0.201 0.006 -0.365 -0.643 -0.942 -1.229 -1.607 -1.453 -1.125 -0.602
7.00 1000.00 -1.598 -1.205 -0.853 -0.424 -0.408 -0.299 -0.283 -0.154 -0.132 -0.114 -0.094 -0.089 -0.084 -0.200 -0.470 -0.928 -1.269 -1.629 -1.972 -2.409 -2.151 -1.727 -0.852
7.25 1.00 1.268 1.908 2.225 2.576 2.742 2.941 3.038 3.108 3.094 3.177 3.257 3.290 3.316 3.396 3.426 3.302 3.199 3.062 2.952 2.752 2.644 2.672 2.055
7.25 1.26 1.259 1.899 2.212 2.559 2.726 2.923 3.020 3.089 3.079 3.162 3.241 3.275 3.303 3.384 3.416 3.294 3.192 3.055 2.946 2.747 2.637 2.664 2.039
7.25 1.58 1.249 1.887 2.197 2.538 2.706 2.902 2.999 3.067 3.061 3.143 3.221 3.257 3.288 3.370 3.403 3.283 3.183 3.047 2.939 2.740 2.628 2.654 2.019
7.25 2.00 1.236 1.873 2.178 2.513 2.682 2.876 2.974 3.041 3.039 3.120 3.197 3.235 3.269 3.353 3.388 3.270 3.171 3.038 2.930 2.731 2.617 2.642 1.996
7.25 2.51 1.221 1.856 2.155 2.483 2.653 2.846 2.945 3.011 3.013 3.093 3.169 3.209 3.247 3.332 3.369 3.254 3.157 3.025 2.918 2.721 2.603 2.627 1.969
7.25 3.16 1.202 1.835 2.128 2.448 2.620 2.810 2.910 2.975 2.982 3.061 3.136 3.177 3.220 3.307 3.347 3.235 3.140 3.010 2.904 2.708 2.587 2.608 1.937
7.25 3.98 1.180 1.810 2.095 2.408 2.581 2.769 2.870 2.933 2.946 3.024 3.097 3.141 3.188 3.277 3.320 3.212 3.119 2.992 2.887 2.692 2.566 2.586 1.900
7.25 5.01 1.153 1.781 2.058 2.362 2.536 2.722 2.824 2.886 2.904 2.981 3.053 3.099 3.151 3.243 3.288 3.184 3.094 2.970 2.866 2.672 2.542 2.559 1.858
7.25 6.31 1.122 1.746 2.015 2.310 2.486 2.669 2.771 2.832 2.857 2.932 3.003 3.051 3.108 3.202 3.251 3.151 3.064 2.943 2.840 2.648 2.512 2.527 1.811
7.25 7.94 1.086 1.706 1.966 2.253 2.429 2.610 2.713 2.773 2.803 2.877 2.946 2.997 3.059 3.155 3.208 3.112 3.028 2.911 2.810 2.619 2.477 2.489 1.758
7.25 10.00 1.045 1.660 1.910 2.189 2.367 2.546 2.649 2.707 2.743 2.816 2.884 2.937 3.004 3.103 3.158 3.067 2.986 2.873 2.773 2.584 2.436 2.444 1.700
7.25 12.59 0.998 1.607 1.849 2.120 2.299 2.475 2.580 2.637 2.677 2.749 2.815 2.871 2.942 3.043 3.101 3.015 2.938 2.828 2.730 2.542 2.388 2.393 1.637
7.25 15.85 0.946 1.548 1.782 2.046 2.225 2.400 2.504 2.560 2.605 2.676 2.741 2.798 2.874 2.977 3.038 2.956 2.881 2.775 2.679 2.493 2.332 2.335 1.569
7.25 19.95 0.887 1.483 1.709 1.966 2.146 2.319 2.424 2.479 2.528 2.598 2.662 2.721 2.800 2.905 2.967 2.889 2.817 2.715 2.620 2.436 2.268 2.268 1.497
7.25 25.12 0.824 1.411 1.630 1.882 2.062 2.233 2.338 2.393 2.446 2.515 2.577 2.637 2.720 2.826 2.890 2.814 2.745 2.646 2.552 2.369 2.195 2.194 1.420
7.25 31.62 0.754 1.333 1.546 1.794 1.974 2.143 2.248 2.303 2.358 2.426 2.488 2.549 2.634 2.740 2.805 2.731 2.664 2.567 2.474 2.292 2.113 2.111 1.339
7.25 39.81 0.680 1.249 1.457 1.702 1.881 2.049 2.153 2.208 2.266 2.333 2.393 2.455 2.543 2.648 2.713 2.640 2.573 2.478 2.385 2.203 2.020 2.019 1.255
7.25 50.12 0.600 1.158 1.363 1.607 1.784 1.951 2.054 2.109 2.169 2.235 2.294 2.356 2.445 2.550 2.613 2.539 2.472 2.378 2.284 2.102 1.917 1.917 1.166
7.25 63.10 0.514 1.062 1.264 1.507 1.683 1.848 1.951 2.006 2.067 2.132 2.190 2.252 2.342 2.445 2.505 2.429 2.360 2.266 2.170 1.987 1.802 1.805 1.074
7.25 79.43 0.422 0.959 1.160 1.404 1.577 1.740 1.842 1.898 1.960 2.023 2.080 2.142 2.232 2.332 2.388 2.308 2.236 2.140 2.042 1.856 1.673 1.682 0.978
7.25 100.00 0.324 0.849 1.051 1.296 1.467 1.628 1.728 1.785 1.847 1.909 1.965 2.026 2.115 2.211 2.261 2.174 2.099 1.998 1.896 1.706 1.528 1.545 0.877
7.25 125.89 0.219 0.731 0.936 1.184 1.351 1.510 1.607 1.666 1.727 1.788 1.843 1.902 1.990 2.080 2.122 2.026 1.944 1.839 1.731 1.535 1.366 1.392 0.771
7.25 158.49 0.105 0.605 0.813 1.067 1.228 1.385 1.479 1.540 1.601 1.660 1.712 1.770 1.856 1.938 1.969 1.861 1.771 1.657 1.541 1.338 1.181 1.222 0.659
7.25 199.53 -0.018 0.469 0.683 0.944 1.098 1.252 1.342 1.406 1.465 1.522 1.572 1.627 1.710 1.783 1.799 1.675 1.573 1.449 1.323 1.109 0.970 1.028 0.540
7.25 251.19 -0.154 0.320 0.542 0.813 0.958 1.109 1.194 1.262 1.318 1.372 1.421 1.472 1.550 1.611 1.609 1.464 1.348 1.209 1.069 0.842 0.726 0.808 0.412
7.25 316.23 -0.304 0.157 0.390 0.674 0.808 0.954 1.033 1.105 1.159 1.209 1.254 1.302 1.373 1.419 1.393 1.222 1.086 0.929 0.772 0.527 0.442 0.553 0.273
7.25 398.11 -0.471 -0.024 0.223 0.523 0.643 0.784 0.855 0.933 0.982 1.028 1.070 1.112 1.175 1.201 1.146 0.940 0.780 0.600 0.421 0.153 0.108 0.256 0.120
7.25 501.19 -0.662 -0.227 0.037 0.358 0.460 0.596 0.656 0.742 0.785 0.826 0.863 0.898 0.950 0.952 0.860 0.610 0.420 0.209 0.002 -0.294 -0.289 -0.093 -0.049
7.25 630.96 -0.880 -0.459 -0.172 0.177 0.256 0.383 0.430 0.526 0.562 0.596 0.627 0.653 0.693 0.663 0.524 0.219 -0.010 -0.259 -0.501 -0.834 -0.764 -0.509 -0.240
7.25 794.33 -1.132 -0.726 -0.409 -0.027 0.024 0.141 0.172 0.280 0.307 0.332 0.357 0.371 0.394 0.324 0.126 -0.248 -0.527 -0.824 -1.111 -1.489 -1.338 -1.007 -0.457
7.25 1000.00 -1.429 -1.036 -0.682 -0.258 -0.242 -0.138 -0.127 -0.005 0.011 0.026 0.041 0.042 0.043 -0.077 -0.350 -0.811 -1.152 -1.511 -1.853 -2.289 -2.036 -1.609 -0.707
7.50 1.00 1.328 1.962 2.287 2.639 2.803 2.999 3.086 3.152 3.127 3.207 3.285 3.314 3.333 3.417 3.448 3.324 3.217 3.075 2.962 2.760 2.652 2.682 2.107
7.50 1.26 1.321 1.955 2.277 2.625 2.790 2.985 3.072 3.137 3.115 3.194 3.272 3.302 3.323 3.408 3.439 3.317 3.211 3.070 2.958 2.756 2.646 2.675 2.094
7.50 1.58 1.313 1.945 2.264 2.608 2.773 2.967 3.056 3.120 3.101 3.179 3.257 3.287 3.311 3.396 3.429 3.308 3.203 3.064 2.952 2.750 2.639 2.667 2.078
7.50 2.00 1.303 1.934 2.249 2.588 2.754 2.946 3.035 3.098 3.083 3.161 3.237 3.269 3.296 3.382 3.417 3.297 3.194 3.055 2.944 2.743 2.630 2.657 2.059
7.50 2.51 1.291 1.920 2.230 2.563 2.730 2.921 3.011 3.073 3.062 3.139 3.214 3.248 3.278 3.365 3.401 3.284 3.182 3.045 2.935 2.735 2.619 2.645 2.037
7.50 3.16 1.276 1.904 2.208 2.534 2.702 2.891 2.982 3.043 3.036 3.113 3.187 3.222 3.256 3.344 3.383 3.268 3.168 3.033 2.923 2.724 2.605 2.630 2.010
7.50 3.98 1.258 1.883 2.181 2.500 2.670 2.856 2.948 3.008 3.006 3.082 3.154 3.192 3.229 3.320 3.360 3.249 3.151 3.018 2.909 2.711 2.588 2.611 1.979
7.50 5.01 1.236 1.859 2.149 2.460 2.631 2.816 2.909 2.967 2.971 3.045 3.117 3.156 3.198 3.290 3.333 3.225 3.129 2.999 2.891 2.694 2.568 2.589 1.942
7.50 6.31 1.211 1.830 2.112 2.415 2.587 2.769 2.863 2.920 2.930 3.003 3.073 3.115 3.162 3.256 3.301 3.197 3.104 2.977 2.870 2.674 2.543 2.562 1.901
7.50 7.94 1.180 1.796 2.070 2.363 2.537 2.717 2.812 2.868 2.883 2.955 3.023 3.067 3.120 3.215 3.263 3.163 3.073 2.949 2.844 2.650 2.514 2.530 1.854
7.50 10.00 1.145 1.756 2.021 2.306 2.481 2.659 2.754 2.809 2.830 2.901 2.967 3.014 3.071 3.168 3.219 3.123 3.036 2.916 2.813 2.620 2.478 2.492 1.801
7.50 12.59 1.104 1.710 1.966 2.242 2.419 2.594 2.691 2.744 2.771 2.841 2.905 2.954 3.016 3.115 3.169 3.077 2.993 2.877 2.775 2.584 2.436 2.448 1.744
7.50 15.85 1.058 1.658 1.905 2.173 2.351 2.524 2.621 2.673 2.706 2.774 2.837 2.888 2.955 3.055 3.111 3.024 2.943 2.831 2.731 2.541 2.386 2.396 1.681
7.50 19.95 1.006 1.599 1.837 2.099 2.277 2.448 2.546 2.597 2.634 2.702 2.763 2.816 2.887 2.989 3.046 2.963 2.885 2.777 2.678 2.490 2.329 2.336 1.613
7.50 25.12 0.948 1.533 1.764 2.020 2.198 2.367 2.465 2.516 2.557 2.623 2.683 2.737 2.813 2.915 2.974 2.893 2.819 2.714 2.616 2.430 2.263 2.268 1.540
7.50 31.62 0.884 1.461 1.685 1.935 2.114 2.281 2.379 2.429 2.474 2.539 2.598 2.653 2.732 2.835 2.894 2.816 2.743 2.641 2.545 2.360 2.187 2.191 1.463
7.50 39.81 0.815 1.382 1.600 1.847 2.025 2.190 2.288 2.338 2.386 2.450 2.507 2.563 2.645 2.747 2.807 2.729 2.658 2.558 2.462 2.278 2.100 2.105 1.381
7.50 50.12 0.739 1.296 1.510 1.753 1.931 2.094 2.192 2.242 2.292 2.355 2.411 2.468 2.551 2.652 2.711 2.633 2.562 2.464 2.367 2.183 2.003 2.009 1.295
7.50 63.10 0.657 1.203 1.414 1.656 1.832 1.994 2.091 2.141 2.193 2.255 2.310 2.366 2.451 2.550 2.606 2.526 2.454 2.357 2.259 2.074 1.892 1.901 1.205
7.50 79.43 0.568 1.104 1.313 1.555 1.728 1.888 1.984 2.035 2.088 2.148 2.202 2.259 2.344 2.440 2.492 2.408 2.334 2.235 2.135 1.948 1.768 1.782 1.110
7.50 100.00 0.473 0.997 1.205 1.449 1.619 1.777 1.871 1.923 1.977 2.036 2.089 2.145 2.229 2.322 2.367 2.277 2.200 2.098 1.994 1.803 1.627 1.648 1.011
7.50 125.89 0.370 0.882 1.092 1.338 1.505 1.661 1.752 1.806 1.860 1.917 1.968 2.023 2.106 2.193 2.230 2.132 2.048 1.941 1.832 1.636 1.468 1.499 0.906
7.50 158.49 0.258 0.758 0.971 1.222 1.383 1.537 1.625 1.681 1.734 1.790 1.839 1.892 1.973 2.053 2.079 1.969 1.877 1.763 1.646 1.442 1.286 1.330 0.795
7.50 199.53 0.136 0.623 0.841 1.100 1.254 1.405 1.489 1.548 1.600 1.653 1.700 1.750 1.828 1.899 1.911 1.785 1.682 1.557 1.431 1.216 1.077 1.139 0.677
7.50 251.19 0.002 0.476 0.702 0.970 1.115 1.263 1.342 1.404 1.454 1.504 1.549 1.596 1.670 1.728 1.722 1.575 1.457 1.319 1.179 0.952 0.835 0.920 0.549
7.50 316.23 -0.147 0.314 0.550 0.831 0.965 1.108 1.181 1.248 1.295 1.341 1.383 1.426 1.493 1.536 1.507 1.333 1.197 1.041 0.884 0.639 0.552 0.667 0.411
7.50 398.11 -0.314 0.134 0.384 0.680 0.800 0.939 1.004 1.076 1.119 1.161 1.199 1.237 1.296 1.319 1.261 1.053 0.893 0.713 0.535 0.267 0.219 0.371 0.258
7.50 501.19 -0.503 -0.069 0.199 0.516 0.618 0.750 0.805 0.885 0.922 0.959 0.992 1.023 1.072 1.070 0.975 0.724 0.533 0.323 0.117 -0.179 -0.176 0.023 0.089
7.50 630.96 -0.720 -0.300 -0.010 0.334 0.414 0.538 0.580 0.670 0.700 0.730 0.757 0.779 0.815 0.782 0.639 0.334 0.104 -0.144 -0.385 -0.717 -0.651 -0.392 -0.101
7.50 794.33 -0.973 -0.566 -0.246 0.131 0.183 0.296 0.322 0.424 0.445 0.466 0.487 0.497 0.516 0.444 0.242 -0.133 -0.412 -0.709 -0.994 -1.371 -1.224 -0.890 -0.318
7.50 1000.00 -1.269 -0.876 -0.520 -0.099 -0.083 0.018 0.023 0.140 0.150 0.160 0.172 0.168 0.166 0.043 -0.234 -0.696 -1.037 -1.395 -1.736 -2.171 -1.921 -1.492 -0.568
7.75 1.00 1.377 2.006 2.338 2.692 2.853 3.047 3.125 3.187 3.151 3.228 3.306 3.330 3.344 3.433 3.465 3.341 3.231 3.086 2.971 2.768 2.658 2.689 2.150
7.75 1.26 1.372 2.000 2.330 2.681 2.843 3.035 3.115 3.176 3.142 3.219 3.296 3.320 3.336 3.425 3.458 3.336 3.226 3.082 2.967 2.764 2.653 2.684 2.139
7.75 1.58 1.366 1.993 2.320 2.667 2.830 3.021 3.101 3.162 3.131 3.207 3.283 3.309 3.327 3.416 3.450 3.329 3.220 3.077 2.962 2.759 2.647 2.678 2.127
7.75 2.00 1.358 1.984 2.308 2.651 2.814 3.004 3.085 3.144 3.117 3.192 3.268 3.294 3.315 3.405 3.440 3.320 3.212 3.070 2.956 2.754 2.640 2.670 2.111
7.75 2.51 1.348 1.973 2.293 2.630 2.795 2.984 3.065 3.124 3.100 3.175 3.249 3.277 3.300 3.391 3.427 3.309 3.203 3.062 2.948 2.747 2.631 2.660 2.093
7.75 3.16 1.336 1.959 2.274 2.606 2.772 2.959 3.041 3.099 3.079 3.153 3.227 3.256 3.282 3.374 3.411 3.296 3.191 3.052 2.939 2.738 2.620 2.648 2.071
7.75 3.98 1.322 1.943 2.252 2.577 2.744 2.930 3.013 3.070 3.054 3.128 3.200 3.231 3.261 3.353 3.392 3.279 3.176 3.039 2.927 2.727 2.606 2.633 2.045
7.75 5.01 1.305 1.923 2.226 2.543 2.712 2.895 2.980 3.035 3.025 3.097 3.168 3.201 3.235 3.329 3.370 3.259 3.159 3.023 2.912 2.713 2.589 2.614 2.014
7.75 6.31 1.284 1.899 2.195 2.504 2.674 2.855 2.941 2.995 2.991 3.062 3.131 3.166 3.204 3.299 3.342 3.235 3.137 3.004 2.894 2.696 2.569 2.592 1.978
7.75 7.94 1.259 1.870 2.158 2.459 2.631 2.810 2.897 2.949 2.951 3.021 3.088 3.126 3.168 3.265 3.310 3.206 3.111 2.981 2.872 2.676 2.544 2.565 1.937
7.75 10.00 1.229 1.836 2.116 2.408 2.581 2.758 2.846 2.897 2.904 2.973 3.039 3.079 3.127 3.224 3.271 3.172 3.079 2.953 2.846 2.650 2.513 2.533 1.890
7.75 12.59 1.195 1.797 2.067 2.351 2.526 2.700 2.789 2.839 2.852 2.920 2.984 3.026 3.079 3.177 3.227 3.131 3.041 2.919 2.813 2.619 2.477 2.494 1.838
7.75 15.85 1.155 1.751 2.013 2.288 2.464 2.636 2.726 2.774 2.794 2.860 2.922 2.966 3.024 3.123 3.175 3.083 2.997 2.878 2.774 2.582 2.434 2.449 1.781
7.75 19.95 1.109 1.699 1.952 2.219 2.396 2.565 2.656 2.704 2.729 2.793 2.854 2.900 2.963 3.063 3.116 3.028 2.945 2.830 2.728 2.537 2.383 2.396 1.718
7.75 25.12 1.057 1.640 1.884 2.144 2.322 2.489 2.581 2.627 2.657 2.721 2.779 2.827 2.894 2.995 3.050 2.964 2.884 2.773 2.673 2.483 2.323 2.335 1.649
7.75 31.62 0.999 1.573 1.810 2.065 2.242 2.408 2.500 2.545 2.580 2.642 2.699 2.748 2.819 2.920 2.976 2.892 2.815 2.707 2.608 2.420 2.254 2.265 1.576
7.75 39.81 0.935 1.500 1.730 1.980 2.157 2.321 2.413 2.458 2.496 2.557 2.613 2.663 2.737 2.838 2.893 2.811 2.735 2.631 2.532 2.344 2.174 2.185 1.498
7.75 50.12 0.864 1.420 1.644 1.890 2.067 2.228 2.320 2.365 2.407 2.466 2.520 2.572 2.648 2.747 2.801 2.719 2.644 2.542 2.443 2.256 2.082 2.094 1.415
7.75 63.10 0.787 1.332 1.552 1.795 1.971 2.130 2.222 2.267 2.311 2.369 2.422 2.474 2.552 2.649 2.701 2.617 2.542 2.440 2.341 2.153 1.977 1.992 1.328
7.75 79.43 0.702 1.236 1.454 1.696 1.870 2.027 2.118 2.164 2.209 2.266 2.317 2.369 2.448 2.543 2.590 2.503 2.426 2.324 2.223 2.033 1.858 1.877 1.235
7.75 100.00 0.610 1.133 1.349 1.592 1.763 1.919 2.007 2.054 2.101 2.156 2.206 2.257 2.336 2.427 2.468 2.376 2.295 2.191 2.086 1.894 1.721 1.748 1.138
7.75 125.89 0.510 1.021 1.238 1.483 1.650 1.803 1.890 1.938 1.985 2.039 2.087 2.137 2.216 2.300 2.334 2.233 2.147 2.039 1.929 1.732 1.566 1.602 1.034
7.75 158.49 0.400 0.899 1.119 1.368 1.530 1.681 1.764 1.815 1.861 1.913 1.959 2.008 2.085 2.162 2.185 2.072 1.979 1.864 1.747 1.542 1.387 1.436 0.924
7.75 199.53 0.281 0.767 0.991 1.247 1.402 1.550 1.629 1.683 1.728 1.778 1.821 1.868 1.942 2.009 2.018 1.890 1.786 1.661 1.535 1.320 1.181 1.248 0.807
7.75 251.19 0.148 0.622 0.852 1.118 1.264 1.408 1.483 1.540 1.584 1.630 1.671 1.715 1.784 1.840 1.831 1.682 1.564 1.425 1.286 1.059 0.942 1.031 0.680
7.75 316.23 0.001 0.461 0.702 0.980 1.114 1.255 1.323 1.385 1.425 1.468 1.507 1.545 1.609 1.649 1.617 1.442 1.305 1.149 0.993 0.749 0.661 0.779 0.542
7.75 398.11 -0.165 0.282 0.536 0.830 0.951 1.086 1.146 1.213 1.250 1.289 1.323 1.357 1.413 1.433 1.372 1.163 1.002 0.823 0.645 0.379 0.330 0.485 0.390
7.75 501.19 -0.354 0.080 0.352 0.666 0.769 0.898 0.948 1.023 1.054 1.087 1.117 1.144 1.189 1.185 1.086 0.834 0.643 0.434 0.230 -0.065 -0.065 0.137 0.222
7.75 630.96 -0.571 -0.150 0.144 0.485 0.565 0.686 0.723 0.808 0.832 0.858 0.883 0.900 0.933 0.897 0.752 0.445 0.215 -0.032 -0.272 -0.602 -0.538 -0.276 0.032
7.75 794.33 -0.822 -0.416 -0.093 0.282 0.334 0.445 0.466 0.562 0.578 0.595 0.612 0.619 0.635 0.559 0.355 -0.021 -0.300 -0.595 -0.879 -1.255 -1.111 -0.773 -0.185
7.75 1000.00 -1.118 -0.725 -0.365 0.051 0.068 0.166 0.167 0.278 0.283 0.289 0.297 0.290 0.284 0.159 -0.121 -0.584 -0.925 -1.280 -1.620 -2.054 -1.807 -1.374 -0.434
8.00 1.00 1.416 2.039 2.380 2.735 2.894 3.085 3.156 3.214 3.168 3.243 3.320 3.339 3.349 3.444 3.478 3.356 3.243 3.095 2.978 2.774 2.663 2.696 2.184
8.00 1.26 1.412 2.035 2.373 2.726 2.886 3.076 3.147 3.205 3.161 3.235 3.312 3.332 3.343 3.438 3.472 3.351 3.239 3.091 2.974 2.771 2.659 2.692 2.176
8.00 1.58 1.408 2.029 2.365 2.715 2.875 3.065 3.137 3.194 3.152 3.226 3.302 3.323 3.336 3.430 3.465 3.346 3.234 3.087 2.970 2.767 2.655 2.687 2.166
8.00 2.00 1.402 2.022 2.355 2.702 2.863 3.051 3.124 3.180 3.141 3.214 3.289 3.311 3.326 3.421 3.457 3.338 3.227 3.082 2.965 2.762 2.649 2.680 2.154
8.00 2.51 1.394 2.013 2.343 2.685 2.847 3.035 3.108 3.163 3.127 3.200 3.274 3.298 3.314 3.410 3.447 3.329 3.219 3.075 2.959 2.757 2.641 2.672 2.139
8.00 3.16 1.385 2.002 2.328 2.665 2.828 3.015 3.089 3.143 3.111 3.183 3.256 3.281 3.300 3.396 3.434 3.318 3.210 3.066 2.951 2.749 2.632 2.662 2.121
8.00 3.98 1.374 1.989 2.310 2.641 2.806 2.990 3.066 3.119 3.091 3.162 3.234 3.260 3.283 3.379 3.418 3.304 3.197 3.056 2.941 2.740 2.621 2.650 2.099
8.00 5.01 1.360 1.973 2.289 2.613 2.779 2.962 3.038 3.090 3.067 3.137 3.208 3.236 3.262 3.359 3.399 3.288 3.182 3.043 2.929 2.729 2.607 2.635 2.073
8.00 6.31 1.343 1.953 2.263 2.580 2.747 2.928 3.005 3.056 3.038 3.108 3.177 3.206 3.236 3.334 3.376 3.267 3.164 3.027 2.914 2.714 2.590 2.616 2.043
8.00 7.94 1.323 1.929 2.232 2.541 2.710 2.888 2.967 3.017 3.005 3.073 3.140 3.172 3.206 3.304 3.348 3.242 3.142 3.007 2.896 2.697 2.569 2.594 2.007
8.00 10.00 1.298 1.901 2.196 2.496 2.667 2.843 2.923 2.972 2.965 3.032 3.098 3.131 3.171 3.269 3.315 3.212 3.114 2.983 2.873 2.675 2.543 2.566 1.967
8.00 12.59 1.269 1.867 2.153 2.445 2.618 2.791 2.873 2.920 2.920 2.986 3.049 3.085 3.129 3.229 3.276 3.177 3.082 2.954 2.845 2.649 2.511 2.534 1.921
8.00 15.85 1.235 1.828 2.105 2.388 2.562 2.734 2.817 2.862 2.868 2.933 2.994 3.032 3.081 3.181 3.230 3.134 3.043 2.918 2.811 2.616 2.474 2.494 1.869
8.00 19.95 1.196 1.782 2.051 2.325 2.501 2.670 2.754 2.798 2.810 2.873 2.933 2.973 3.027 3.127 3.177 3.085 2.996 2.876 2.770 2.577 2.429 2.448 1.811
8.00 25.12 1.150 1.730 1.989 2.256 2.432 2.599 2.684 2.727 2.745 2.807 2.864 2.906 2.965 3.065 3.117 3.027 2.942 2.825 2.721 2.529 2.376 2.393 1.748
8.00 31.62 1.099 1.670 1.921 2.181 2.358 2.523 2.609 2.651 2.674 2.734 2.790 2.833 2.896 2.996 3.048 2.961 2.878 2.765 2.662 2.472 2.313 2.330 1.679
8.00 39.81 1.040 1.603 1.847 2.101 2.278 2.440 2.526 2.568 2.595 2.654 2.708 2.753 2.820 2.919 2.971 2.885 2.804 2.695 2.593 2.403 2.239 2.257 1.605
8.00 50.12 0.975 1.529 1.766 2.015 2.192 2.352 2.438 2.479 2.511 2.568 2.620 2.666 2.736 2.834 2.885 2.799 2.719 2.612 2.511 2.322 2.154 2.172 1.526
8.00 63.10 0.902 1.446 1.678 1.924 2.099 2.257 2.343 2.385 2.419 2.475 2.526 2.572 2.644 2.740 2.788 2.701 2.622 2.517 2.415 2.225 2.055 2.076 1.441
8.00 79.43 0.822 1.355 1.583 1.828 2.001 2.157 2.242 2.284 2.321 2.376 2.424 2.471 2.545 2.637 2.682 2.592 2.511 2.406 2.303 2.112 1.942 1.967 1.352
8.00 100.00 0.734 1.256 1.482 1.726 1.897 2.051 2.135 2.177 2.216 2.269 2.316 2.362 2.437 2.525 2.563 2.468 2.385 2.278 2.172 1.979 1.811 1.842 1.256
8.00 125.89 0.638 1.148 1.373 1.619 1.786 1.938 2.019 2.063 2.103 2.154 2.199 2.245 2.319 2.401 2.432 2.329 2.241 2.130 2.020 1.822 1.659 1.700 1.155
8.00 158.49 0.531 1.029 1.256 1.506 1.668 1.817 1.896 1.942 1.981 2.030 2.073 2.118 2.190 2.266 2.286 2.171 2.076 1.959 1.842 1.637 1.485 1.539 1.046
8.00 199.53 0.414 0.900 1.130 1.386 1.541 1.687 1.762 1.811 1.850 1.896 1.937 1.979 2.049 2.115 2.121 1.991 1.886 1.760 1.634 1.420 1.282 1.353 0.930
8.00 251.19 0.284 0.756 0.994 1.258 1.405 1.547 1.617 1.669 1.707 1.750 1.789 1.828 1.893 1.947 1.935 1.785 1.666 1.528 1.389 1.162 1.046 1.139 0.804
8.00 316.23 0.138 0.598 0.844 1.120 1.256 1.394 1.458 1.515 1.550 1.589 1.625 1.660 1.720 1.758 1.723 1.547 1.409 1.254 1.099 0.855 0.767 0.889 0.667
8.00 398.11 -0.027 0.420 0.679 0.971 1.093 1.226 1.282 1.344 1.376 1.411 1.442 1.472 1.524 1.543 1.479 1.269 1.108 0.930 0.753 0.488 0.438 0.597 0.516
8.00 501.19 -0.214 0.219 0.496 0.808 0.912 1.038 1.084 1.154 1.180 1.210 1.237 1.259 1.302 1.296 1.194 0.941 0.750 0.543 0.339 0.047 0.045 0.251 0.348
8.00 630.96 -0.430 -0.010 0.289 0.627 0.709 0.827 0.860 0.940 0.959 0.982 1.003 1.017 1.046 1.008 0.860 0.553 0.323 0.078 -0.160 -0.488 -0.427 -0.162 0.158
8.00 794.33 -0.681 -0.275 0.053 0.424 0.478 0.586 0.603 0.694 0.705 0.719 0.733 0.736 0.749 0.671 0.464 0.088 -0.191 -0.484 -0.766 -1.140 -0.998 -0.658 -0.058
8.00 1000.00 -0.976 -0.584 -0.220 0.194 0.212 0.308 0.304 0.411 0.410 0.414 0.418 0.407 0.399 0.271 -0.011 -0.474 -0.815 -1.168 -1.506 -1.937 -1.694 -1.258 -0.307
8.25 1.00 1.446 2.063 2.411 2.768 2.926 3.115 3.179 3.233 3.178 3.250 3.327 3.343 3.349 3.450 3.487 3.367 3.252 3.102 2.983 2.780 2.668 2.701 2.211
8.25 1.26 1.443 2.059 2.406 2.761 2.919 3.108 3.172 3.226 3.172 3.244 3.320 3.337 3.344 3.445 3.482 3.364 3.248 3.099 2.981 2.777 2.665 2.698 2.204
8.25 1.58 1.439 2.055 2.400 2.753 2.911 3.099 3.163 3.217 3.165 3.237 3.312 3.330 3.338 3.439 3.477 3.359 3.244 3.095 2.977 2.774 2.661 2.694 2.197
8.25 2.00 1.435 2.049 2.392 2.742 2.901 3.088 3.153 3.206 3.157 3.228 3.303 3.321 3.331 3.432 3.470 3.353 3.239 3.091 2.973 2.770 2.656 2.689 2.187
8.25 2.51 1.429 2.042 2.382 2.728 2.888 3.075 3.141 3.193 3.146 3.217 3.291 3.310 3.321 3.422 3.461 3.345 3.232 3.085 2.968 2.765 2.650 2.682 2.175
8.25 3.16 1.422 2.034 2.370 2.712 2.873 3.058 3.125 3.177 3.133 3.203 3.276 3.296 3.310 3.411 3.451 3.336 3.224 3.078 2.961 2.759 2.642 2.674 2.160
8.25 3.98 1.413 2.023 2.356 2.693 2.855 3.039 3.106 3.157 3.117 3.186 3.258 3.280 3.296 3.397 3.438 3.325 3.214 3.069 2.953 2.751 2.633 2.664 2.142
8.25 5.01 1.402 2.010 2.338 2.669 2.833 3.015 3.084 3.133 3.097 3.166 3.237 3.260 3.279 3.380 3.422 3.310 3.201 3.058 2.943 2.741 2.621 2.652 2.121
8.25 6.31 1.389 1.994 2.317 2.641 2.806 2.987 3.057 3.105 3.074 3.142 3.211 3.235 3.258 3.360 3.402 3.293 3.186 3.045 2.930 2.729 2.607 2.636 2.095
8.25 7.94 1.372 1.975 2.291 2.608 2.775 2.953 3.025 3.072 3.046 3.113 3.180 3.206 3.233 3.335 3.379 3.272 3.167 3.028 2.914 2.714 2.589 2.617 2.066
8.25 10.00 1.352 1.951 2.260 2.569 2.738 2.914 2.987 3.033 3.013 3.079 3.144 3.172 3.203 3.305 3.350 3.246 3.143 3.007 2.895 2.696 2.567 2.594 2.031
8.25 12.59 1.329 1.923 2.224 2.525 2.695 2.869 2.944 2.988 2.974 3.039 3.102 3.132 3.168 3.270 3.316 3.215 3.115 2.982 2.870 2.673 2.540 2.566 1.990
8.25 15.85 1.300 1.889 2.182 2.475 2.646 2.818 2.894 2.937 2.929 2.992 3.054 3.086 3.127 3.229 3.276 3.178 3.081 2.951 2.841 2.645 2.508 2.533 1.944
8.25 19.95 1.267 1.850 2.134 2.418 2.591 2.760 2.838 2.879 2.878 2.940 2.999 3.034 3.079 3.181 3.229 3.134 3.040 2.914 2.805 2.610 2.468 2.492 1.892
8.25 25.12 1.227 1.804 2.079 2.355 2.529 2.696 2.775 2.815 2.820 2.880 2.938 2.974 3.024 3.125 3.175 3.082 2.991 2.869 2.761 2.568 2.421 2.444 1.835
8.25 31.62 1.182 1.751 2.018 2.285 2.461 2.625 2.705 2.744 2.755 2.814 2.869 2.907 2.962 3.062 3.112 3.021 2.933 2.815 2.709 2.516 2.364 2.387 1.771
8.25 39.81 1.130 1.690 1.949 2.210 2.386 2.548 2.628 2.667 2.683 2.740 2.793 2.833 2.892 2.991 3.040 2.951 2.865 2.750 2.646 2.454 2.298 2.321 1.702
8.25 50.12 1.070 1.622 1.873 2.129 2.305 2.464 2.545 2.583 2.604 2.659 2.711 2.751 2.814 2.912 2.959 2.871 2.787 2.674 2.570 2.379 2.219 2.243 1.627
8.25 63.10 1.003 1.546 1.791 2.041 2.217 2.374 2.455 2.493 2.518 2.571 2.621 2.662 2.728 2.823 2.868 2.779 2.695 2.585 2.481 2.290 2.127 2.153 1.546
8.25 79.43 0.929 1.460 1.700 1.949 2.122 2.277 2.358 2.396 2.424 2.476 2.523 2.565 2.633 2.725 2.766 2.674 2.590 2.480 2.375 2.183 2.019 2.050 1.459
8.25 100.00 0.845 1.366 1.603 1.850 2.021 2.174 2.253 2.292 2.322 2.373 2.418 2.460 2.529 2.616 2.652 2.554 2.468 2.358 2.251 2.056 1.894 1.931 1.366
8.25 125.89 0.753 1.262 1.497 1.745 1.913 2.063 2.140 2.181 2.213 2.261 2.304 2.345 2.414 2.496 2.524 2.419 2.329 2.216 2.104 1.905 1.748 1.794 1.267
8.25 158.49 0.650 1.147 1.383 1.634 1.797 1.944 2.019 2.061 2.094 2.140 2.181 2.221 2.289 2.363 2.381 2.264 2.167 2.049 1.931 1.727 1.578 1.637 1.160
8.25 199.53 0.536 1.021 1.260 1.516 1.672 1.816 1.887 1.932 1.965 2.008 2.047 2.085 2.150 2.215 2.219 2.087 1.981 1.854 1.728 1.514 1.379 1.455 1.046
8.25 251.19 0.408 0.880 1.125 1.389 1.537 1.677 1.744 1.792 1.823 1.864 1.900 1.935 1.997 2.049 2.035 1.884 1.764 1.625 1.487 1.261 1.146 1.244 0.921
8.25 316.23 0.264 0.724 0.977 1.253 1.390 1.526 1.586 1.638 1.668 1.704 1.737 1.768 1.825 1.862 1.825 1.647 1.510 1.354 1.200 0.958 0.871 0.997 0.785
8.25 398.11 0.101 0.548 0.813 1.104 1.228 1.358 1.411 1.469 1.495 1.527 1.556 1.582 1.631 1.648 1.582 1.371 1.210 1.033 0.858 0.594 0.544 0.707 0.635
8.25 501.19 -0.085 0.349 0.631 0.942 1.048 1.172 1.214 1.280 1.301 1.327 1.351 1.370 1.410 1.402 1.299 1.045 0.854 0.648 0.446 0.155 0.153 0.363 0.467
8.25 630.96 -0.299 0.121 0.425 0.762 0.845 0.961 0.991 1.066 1.080 1.100 1.118 1.128 1.155 1.115 0.965 0.658 0.428 0.185 -0.051 -0.377 -0.317 -0.048 0.278
8.25 794.33 -0.549 -0.143 0.189 0.559 0.615 0.720 0.734 0.821 0.827 0.838 0.848 0.848 0.858 0.779 0.570 0.193 -0.085 -0.376 -0.656 -1.027 -0.887 -0.543 0.063
8.25 1000.00 -0.844 -0.451 -0.082 0.330 0.349 0.442 0.436 0.538 0.532 0.533 0.534 0.519 0.509 0.380 0.096 -0.367 -0.707 -1.059 -1.394 -1.823 -1.581 -1.143 -0.187
8.50 1.00 1.466 2.077 2.434 2.793 2.949 3.137 3.193 3.245 3.181 3.251 3.328 3.341 3.344 3.451 3.492 3.376 3.258 3.106 2.987 2.785 2.672 2.706 2.230
8.50 1.26 1.464 2.075 2.430 2.787 2.944 3.131 3.188 3.239 3.177 3.247 3.323 3.336 3.340 3.447 3.488 3.373 3.255 3.104 2.985 2.783 2.669 2.703 2.225
8.50 1.58 1.461 2.071 2.425 2.780 2.937 3.124 3.182 3.232 3.171 3.241 3.316 3.330 3.335 3.443 3.484 3.369 3.252 3.101 2.982 2.780 2.666 2.700 2.219
8.50 2.00 1.458 2.067 2.418 2.771 2.929 3.115 3.173 3.224 3.165 3.234 3.309 3.323 3.329 3.437 3.478 3.364 3.248 3.097 2.979 2.777 2.662 2.696 2.211
8.50 2.51 1.453 2.061 2.411 2.761 2.919 3.105 3.163 3.213 3.156 3.225 3.299 3.315 3.322 3.429 3.471 3.357 3.242 3.092 2.974 2.773 2.657 2.690 2.201
8.50 3.16 1.448 2.054 2.401 2.748 2.907 3.091 3.151 3.200 3.146 3.214 3.288 3.304 3.313 3.420 3.462 3.350 3.235 3.086 2.969 2.767 2.650 2.684 2.190
8.50 3.98 1.441 2.046 2.389 2.732 2.892 3.075 3.136 3.184 3.133 3.201 3.273 3.290 3.302 3.409 3.451 3.340 3.227 3.079 2.962 2.761 2.643 2.676 2.175
8.50 5.01 1.432 2.035 2.375 2.712 2.874 3.056 3.118 3.165 3.118 3.185 3.256 3.274 3.288 3.395 3.438 3.328 3.216 3.070 2.953 2.752 2.633 2.665 2.158
8.50 6.31 1.422 2.022 2.357 2.689 2.852 3.033 3.095 3.142 3.099 3.165 3.235 3.254 3.271 3.378 3.422 3.313 3.203 3.058 2.942 2.742 2.621 2.653 2.137
8.50 7.94 1.409 2.006 2.336 2.661 2.826 3.005 3.069 3.114 3.076 3.141 3.209 3.230 3.250 3.357 3.402 3.295 3.187 3.044 2.929 2.729 2.605 2.637 2.112
8.50 10.00 1.393 1.987 2.311 2.629 2.795 2.971 3.037 3.081 3.048 3.112 3.179 3.202 3.225 3.332 3.377 3.273 3.166 3.026 2.912 2.713 2.587 2.617 2.082
8.50 12.59 1.373 1.963 2.280 2.590 2.758 2.933 3.000 3.043 3.016 3.079 3.143 3.168 3.196 3.302 3.348 3.246 3.142 3.004 2.891 2.693 2.564 2.594 2.047
8.50 15.85 1.350 1.935 2.244 2.546 2.716 2.888 2.957 2.999 2.977 3.039 3.102 3.128 3.161 3.266 3.313 3.214 3.112 2.977 2.865 2.668 2.536 2.565 2.007
8.50 19.95 1.322 1.902 2.202 2.496 2.667 2.837 2.908 2.948 2.933 2.993 3.054 3.082 3.119 3.224 3.272 3.175 3.076 2.945 2.834 2.638 2.501 2.530 1.961
8.50 25.12 1.288 1.862 2.154 2.439 2.612 2.779 2.852 2.890 2.882 2.941 2.999 3.029 3.071 3.175 3.223 3.128 3.032 2.905 2.795 2.600 2.459 2.488 1.909
8.50 31.62 1.249 1.815 2.099 2.376 2.550 2.714 2.788 2.826 2.824 2.881 2.937 2.969 3.016 3.118 3.166 3.073 2.980 2.856 2.748 2.554 2.409 2.437 1.852
8.50 39.81 1.203 1.761 2.037 2.306 2.481 2.643 2.718 2.754 2.758 2.814 2.867 2.901 2.952 3.053 3.101 3.009 2.919 2.798 2.691 2.497 2.348 2.377 1.787
8.50 50.12 1.150 1.700 1.967 2.230 2.405 2.564 2.640 2.676 2.685 2.739 2.790 2.826 2.881 2.980 3.026 2.934 2.846 2.728 2.622 2.429 2.276 2.306 1.717
8.50 63.10 1.089 1.630 1.890 2.147 2.322 2.479 2.555 2.590 2.605 2.657 2.705 2.742 2.801 2.897 2.940 2.848 2.760 2.645 2.539 2.346 2.191 2.223 1.640
8.50 79.43 1.020 1.550 1.805 2.058 2.232 2.386 2.462 2.498 2.516 2.566 2.613 2.650 2.711 2.804 2.843 2.748 2.661 2.547 2.440 2.246 2.089 2.126 1.557
8.50 100.00 0.942 1.462 1.711 1.963 2.135 2.287 2.362 2.397 2.419 2.467 2.511 2.549 2.612 2.700 2.733 2.634 2.544 2.431 2.322 2.126 1.970 2.013 1.468
8.50 125.89 0.854 1.363 1.610 1.861 2.030 2.179 2.252 2.289 2.313 2.359 2.401 2.438 2.502 2.583 2.610 2.503 2.410 2.294 2.181 1.982 1.830 1.882 1.371
8.50 158.49 0.756 1.252 1.499 1.753 1.916 2.063 2.134 2.172 2.198 2.242 2.281 2.317 2.380 2.454 2.470 2.352 2.253 2.132 2.014 1.809 1.665 1.730 1.267
8.50 199.53 0.645 1.129 1.378 1.636 1.794 1.937 2.005 2.045 2.071 2.112 2.149 2.183 2.245 2.309 2.311 2.179 2.070 1.942 1.816 1.602 1.472 1.552 1.154
8.50 251.19 0.520 0.992 1.246 1.511 1.661 1.800 1.863 1.907 1.933 1.970 2.004 2.035 2.094 2.145 2.129 1.978 1.857 1.717 1.579 1.354 1.243 1.345 1.031
8.50 316.23 0.379 0.838 1.100 1.376 1.515 1.649 1.707 1.755 1.779 1.813 1.843 1.871 1.924 1.960 1.921 1.744 1.605 1.450 1.297 1.056 0.971 1.101 0.896
8.50 398.11 0.219 0.665 0.938 1.229 1.354 1.483 1.533 1.587 1.608 1.637 1.663 1.686 1.732 1.748 1.680 1.470 1.308 1.132 0.958 0.696 0.647 0.814 0.747
8.50 501.19 0.035 0.468 0.757 1.067 1.175 1.297 1.337 1.399 1.415 1.438 1.460 1.476 1.512 1.503 1.398 1.145 0.955 0.750 0.550 0.261 0.259 0.472 0.580
8.50 630.96 -0.178 0.241 0.552 0.888 0.973 1.088 1.114 1.185 1.195 1.212 1.227 1.234 1.258 1.218 1.066 0.759 0.530 0.289 0.055 -0.269 -0.209 0.063 0.392
8.50 794.33 -0.427 -0.021 0.317 0.686 0.743 0.848 0.858 0.941 0.943 0.951 0.959 0.955 0.963 0.883 0.672 0.296 0.019 -0.270 -0.548 -0.916 -0.778 -0.430 0.177
8.50 1000.00 -0.721 -0.328 0.046 0.457 0.479 0.570 0.561 0.659 0.649 0.646 0.645 0.627 0.614 0.484 0.198 -0.264 -0.603 -0.952 -1.285 -1.710 -1.470 -1.028 -0.072
8.75 1.00 1.477 2.083 2.447 2.808 2.964 3.150 3.201 3.250 3.178 3.246 3.323 3.333 3.333 3.449 3.493 3.381 3.262 3.109 2.991 2.790 2.675 2.710 2.242
8.75 1.26 1.476 2.080 2.444 2.804 2.960 3.146 3.197 3.245 3.175 3.243 3.319 3.329 3.330 3.446 3.490 3.379 3.260 3.107 2.989 2.788 2.673 2.708 2.238
8.75 1.58 1.473 2.078 2.440 2.798 2.954 3.140 3.192 3.240 3.171 3.238 3.314 3.325 3.327 3.442 3.486 3.376 3.257 3.105 2.986 2.786 2.670 2.705 2.233
8.75 2.00 1.471 2.074 2.435 2.791 2.948 3.133 3.185 3.233 3.165 3.233 3.308 3.319 3.322 3.437 3.482 3.371 3.253 3.101 2.983 2.783 2.667 2.702 2.227
8.75 2.51 1.467 2.070 2.429 2.783 2.940 3.125 3.177 3.225 3.159 3.226 3.300 3.312 3.316 3.431 3.476 3.366 3.249 3.097 2.979 2.779 2.662 2.697 2.220
8.75 3.16 1.463 2.064 2.421 2.772 2.930 3.114 3.168 3.214 3.151 3.217 3.291 3.304 3.309 3.423 3.469 3.360 3.243 3.092 2.975 2.775 2.657 2.692 2.210
8.75 3.98 1.458 2.057 2.412 2.759 2.919 3.101 3.155 3.202 3.141 3.207 3.280 3.293 3.300 3.414 3.460 3.351 3.236 3.086 2.969 2.769 2.651 2.685 2.199
8.75 5.01 1.451 2.049 2.400 2.744 2.904 3.086 3.141 3.186 3.128 3.194 3.265 3.280 3.289 3.403 3.449 3.341 3.227 3.078 2.961 2.762 2.642 2.677 2.184
8.75 6.31 1.443 2.038 2.386 2.724 2.886 3.066 3.123 3.167 3.113 3.178 3.248 3.264 3.275 3.389 3.435 3.329 3.215 3.068 2.952 2.753 2.632 2.666 2.167
8.75 7.94 1.432 2.025 2.368 2.701 2.864 3.043 3.101 3.144 3.094 3.158 3.227 3.244 3.258 3.371 3.418 3.313 3.201 3.056 2.940 2.741 2.619 2.653 2.146
8.75 10.00 1.420 2.009 2.347 2.674 2.838 3.016 3.075 3.117 3.072 3.135 3.202 3.221 3.238 3.350 3.398 3.294 3.184 3.041 2.925 2.727 2.603 2.636 2.122
8.75 12.59 1.404 1.990 2.322 2.641 2.808 2.983 3.044 3.085 3.045 3.107 3.172 3.192 3.213 3.325 3.373 3.271 3.163 3.022 2.907 2.710 2.583 2.616 2.092
8.75 15.85 1.385 1.966 2.291 2.603 2.771 2.944 3.007 3.047 3.013 3.073 3.137 3.159 3.184 3.294 3.342 3.243 3.137 2.998 2.885 2.688 2.559 2.591 2.058
8.75 19.95 1.362 1.938 2.255 2.559 2.729 2.900 2.964 3.002 2.975 3.034 3.095 3.119 3.148 3.258 3.306 3.208 3.105 2.969 2.857 2.661 2.528 2.561 2.018
8.75 25.12 1.334 1.904 2.213 2.509 2.680 2.848 2.914 2.952 2.930 2.988 3.047 3.073 3.106 3.215 3.263 3.167 3.066 2.934 2.822 2.627 2.491 2.524 1.972
8.75 31.62 1.300 1.864 2.165 2.452 2.625 2.790 2.858 2.894 2.879 2.935 2.992 3.019 3.058 3.164 3.212 3.118 3.020 2.890 2.780 2.585 2.446 2.479 1.919
8.75 39.81 1.260 1.816 2.109 2.388 2.562 2.725 2.794 2.829 2.821 2.875 2.929 2.958 3.001 3.105 3.152 3.059 2.963 2.837 2.728 2.534 2.392 2.426 1.861
8.75 50.12 1.214 1.761 2.045 2.317 2.492 2.652 2.723 2.756 2.754 2.807 2.858 2.889 2.936 3.038 3.083 2.990 2.897 2.774 2.665 2.471 2.326 2.361 1.796
8.75 63.10 1.159 1.698 1.974 2.240 2.415 2.572 2.643 2.676 2.680 2.731 2.780 2.811 2.863 2.961 3.003 2.909 2.817 2.697 2.588 2.395 2.247 2.285 1.724
8.75 79.43 1.096 1.625 1.895 2.156 2.330 2.485 2.556 2.589 2.597 2.646 2.692 2.725 2.779 2.873 2.912 2.815 2.723 2.605 2.496 2.301 2.152 2.195 1.645
8.75 100.00 1.024 1.542 1.807 2.065 2.237 2.389 2.460 2.493 2.506 2.552 2.596 2.629 2.685 2.774 2.807 2.706 2.613 2.495 2.384 2.188 2.040 2.088 1.559
8.75 125.89 0.942 1.449 1.710 1.966 2.136 2.285 2.354 2.389 2.404 2.449 2.490 2.523 2.580 2.663 2.688 2.580 2.484 2.364 2.250 2.050 1.906 1.963 1.466
8.75 158.49 0.848 1.343 1.603 1.861 2.026 2.172 2.239 2.275 2.293 2.335 2.373 2.405 2.463 2.538 2.552 2.434 2.332 2.209 2.090 1.884 1.747 1.816 1.365
8.75 199.53 0.742 1.225 1.485 1.747 1.906 2.048 2.113 2.151 2.170 2.209 2.244 2.275 2.331 2.396 2.397 2.264 2.154 2.024 1.897 1.684 1.558 1.644 1.254
8.75 251.19 0.621 1.092 1.356 1.624 1.775 1.914 1.974 2.015 2.034 2.070 2.102 2.130 2.184 2.235 2.218 2.067 1.944 1.803 1.666 1.442 1.334 1.441 1.133
8.75 316.23 0.483 0.941 1.213 1.491 1.631 1.765 1.820 1.865 1.883 1.914 1.943 1.967 2.017 2.053 2.013 1.836 1.696 1.541 1.388 1.149 1.067 1.202 1.000
8.75 398.11 0.325 0.771 1.053 1.345 1.472 1.600 1.647 1.698 1.713 1.740 1.765 1.784 1.827 1.843 1.774 1.564 1.402 1.226 1.054 0.794 0.747 0.918 0.852
8.75 501.19 0.143 0.576 0.873 1.185 1.294 1.416 1.453 1.511 1.522 1.543 1.563 1.575 1.609 1.600 1.494 1.242 1.051 0.847 0.649 0.362 0.362 0.579 0.687
8.75 630.96 -0.068 0.351 0.669 1.006 1.093 1.207 1.231 1.299 1.304 1.318 1.331 1.335 1.357 1.316 1.163 0.857 0.629 0.389 0.157 -0.164 -0.104 0.172 0.499
8.75 794.33 -0.315 0.090 0.436 0.805 0.865 0.968 0.976 1.055 1.052 1.058 1.064 1.057 1.062 0.982 0.770 0.395 0.119 -0.168 -0.443 -0.808 -0.670 -0.319 0.285
8.75 1000.00 -0.608 -0.215 0.166 0.577 0.601 0.691 0.679 0.773 0.760 0.754 0.751 0.730 0.715 0.584 0.298 -0.164 -0.502 -0.848 -1.178 -1.599 -1.361 -0.915 0.036
9.00 1.00 1.479 2.079 2.451 2.815 2.970 3.156 3.201 3.248 3.170 3.236 3.312 3.320 3.319 3.442 3.491 3.384 3.264 3.111 2.993 2.795 2.678 2.714 2.248
9.00 1.26 1.478 2.077 2.449 2.812 2.967 3.153 3.198 3.245 3.167 3.233 3.309 3.318 3.316 3.439 3.489 3.382 3.262 3.109 2.991 2.793 2.676 2.712 2.245
9.00 1.58 1.476 2.075 2.446 2.807 2.963 3.148 3.194 3.240 3.164 3.230 3.305 3.314 3.313 3.436 3.486 3.379 3.260 3.107 2.989 2.791 2.674 2.710 2.241
9.00 2.00 1.474 2.072 2.442 2.802 2.958 3.143 3.189 3.235 3.159 3.225 3.301 3.310 3.310 3.432 3.482 3.376 3.256 3.104 2.986 2.788 2.671 2.707 2.236
9.00 2.51 1.472 2.068 2.437 2.795 2.952 3.136 3.183 3.228 3.154 3.220 3.295 3.304 3.305 3.427 3.477 3.371 3.253 3.100 2.983 2.785 2.667 2.703 2.230
9.00 3.16 1.468 2.064 2.431 2.787 2.944 3.128 3.175 3.220 3.148 3.213 3.287 3.297 3.299 3.421 3.471 3.366 3.248 3.096 2.979 2.781 2.663 2.699 2.222
9.00 3.98 1.464 2.058 2.423 2.776 2.935 3.117 3.166 3.210 3.140 3.205 3.278 3.289 3.292 3.414 3.463 3.359 3.241 3.091 2.974 2.776 2.657 2.693 2.213
9.00 5.01 1.459 2.052 2.414 2.763 2.923 3.105 3.154 3.198 3.130 3.194 3.267 3.278 3.283 3.404 3.454 3.350 3.234 3.084 2.967 2.770 2.650 2.686 2.201
9.00 6.31 1.452 2.043 2.402 2.748 2.908 3.089 3.139 3.182 3.118 3.181 3.253 3.265 3.272 3.393 3.443 3.340 3.224 3.075 2.959 2.762 2.641 2.677 2.187
9.00 7.94 1.444 2.032 2.388 2.729 2.890 3.070 3.121 3.164 3.103 3.166 3.236 3.249 3.258 3.378 3.428 3.327 3.212 3.064 2.949 2.752 2.630 2.666 2.170
9.00 10.00 1.434 2.019 2.371 2.706 2.869 3.047 3.100 3.141 3.084 3.146 3.215 3.230 3.241 3.361 3.411 3.310 3.197 3.051 2.936 2.739 2.616 2.652 2.150
9.00 12.59 1.422 2.003 2.349 2.679 2.843 3.020 3.074 3.114 3.062 3.123 3.190 3.206 3.221 3.339 3.389 3.290 3.179 3.034 2.920 2.724 2.599 2.634 2.125
9.00 15.85 1.406 1.984 2.324 2.646 2.813 2.987 3.043 3.082 3.035 3.095 3.160 3.178 3.196 3.313 3.363 3.265 3.156 3.014 2.900 2.704 2.577 2.613 2.096
9.00 19.95 1.387 1.960 2.294 2.608 2.776 2.948 3.006 3.044 3.003 3.062 3.125 3.144 3.166 3.282 3.332 3.235 3.128 2.988 2.875 2.680 2.551 2.587 2.061
9.00 25.12 1.364 1.931 2.257 2.564 2.734 2.904 2.963 3.000 2.965 3.023 3.083 3.104 3.130 3.244 3.294 3.198 3.093 2.956 2.844 2.649 2.518 2.554 2.021
9.00 31.62 1.336 1.896 2.215 2.513 2.685 2.852 2.914 2.949 2.921 2.977 3.035 3.057 3.088 3.200 3.248 3.154 3.051 2.917 2.806 2.612 2.478 2.515 1.975
9.00 39.81 1.302 1.855 2.166 2.456 2.629 2.793 2.857 2.890 2.869 2.923 2.979 3.003 3.038 3.147 3.194 3.101 3.001 2.870 2.759 2.565 2.429 2.467 1.922
9.00 50.12 1.261 1.806 2.109 2.391 2.565 2.727 2.792 2.824 2.810 2.862 2.915 2.941 2.980 3.086 3.131 3.038 2.939 2.811 2.701 2.507 2.368 2.409 1.863
9.00 63.10 1.213 1.749 2.044 2.320 2.494 2.653 2.719 2.751 2.743 2.792 2.842 2.869 2.913 3.015 3.057 2.963 2.866 2.740 2.630 2.436 2.296 2.339 1.796
9.00 79.43 1.156 1.683 1.971 2.241 2.414 2.570 2.637 2.669 2.666 2.714 2.761 2.789 2.836 2.934 2.972 2.874 2.778 2.654 2.544 2.349 2.208 2.255 1.722
9.00 100.00 1.090 1.607 1.888 2.154 2.327 2.480 2.546 2.578 2.580 2.626 2.670 2.699 2.749 2.840 2.873 2.771 2.674 2.551 2.439 2.242 2.102 2.156 1.641
9.00 125.89 1.014 1.520 1.796 2.060 2.230 2.380 2.446 2.478 2.485 2.528 2.569 2.597 2.649 2.734 2.758 2.650 2.550 2.426 2.311 2.111 1.974 2.037 1.551
9.00 158.49 0.926 1.420 1.694 1.958 2.124 2.271 2.335 2.368 2.378 2.418 2.456 2.484 2.537 2.613 2.627 2.509 2.404 2.277 2.157 1.952 1.822 1.897 1.453
9.00 199.53 0.824 1.307 1.581 1.848 2.008 2.151 2.212 2.247 2.259 2.296 2.331 2.358 2.410 2.476 2.476 2.343 2.231 2.098 1.971 1.758 1.639 1.730 1.346
9.00 251.19 0.708 1.178 1.455 1.727 1.880 2.018 2.076 2.114 2.127 2.161 2.192 2.216 2.266 2.319 2.301 2.150 2.025 1.883 1.745 1.522 1.420 1.533 1.227
9.00 316.23 0.574 1.032 1.314 1.596 1.738 1.872 1.924 1.967 1.978 2.008 2.036 2.057 2.102 2.139 2.099 1.922 1.782 1.625 1.473 1.235 1.158 1.298 1.096
9.00 398.11 0.420 0.865 1.157 1.452 1.581 1.709 1.754 1.802 1.812 1.837 1.860 1.876 1.915 1.932 1.862 1.653 1.491 1.314 1.143 0.885 0.842 1.018 0.950
9.00 501.19 0.240 0.673 0.979 1.293 1.405 1.526 1.561 1.616 1.622 1.642 1.660 1.669 1.700 1.691 1.584 1.333 1.143 0.939 0.743 0.459 0.461 0.682 0.786
9.00 630.96 0.032 0.451 0.777 1.116 1.205 1.319 1.341 1.405 1.406 1.418 1.430 1.431 1.449 1.409 1.256 0.951 0.723 0.484 0.255 -0.063 -0.002 0.279 0.599
9.00 794.33 -0.214 0.192 0.545 0.916 0.978 1.080 1.087 1.163 1.156 1.159 1.163 1.153 1.156 1.076 0.864 0.491 0.215 -0.070 -0.342 -0.704 -0.565 -0.210 0.386
9.00 1000.00 -0.505 -0.112 0.276 0.688 0.715 0.804 0.791 0.882 0.864 0.857 0.851 0.828 0.810 0.680 0.393 -0.067 -0.403 -0.748 -1.074 -1.492 -1.254 -0.805 0.138
9.25 1.00 1.472 2.066 2.447 2.814 2.969 3.155 3.195 3.240 3.155 3.220 3.296 3.303 3.299 3.431 3.486 3.385 3.264 3.110 2.994 2.799 2.681 2.717 2.247
9.25 1.26 1.471 2.064 2.445 2.811 2.967 3.152 3.193 3.237 3.153 3.218 3.294 3.301 3.298 3.429 3.484 3.383 3.262 3.109 2.992 2.798 2.679 2.716 2.244
9.25 1.58 1.470 2.063 2.443 2.808 2.964 3.149 3.190 3.234 3.150 3.215 3.291 3.298 3.295 3.427 3.481 3.380 3.260 3.107 2.990 2.796 2.677 2.714 2.241
9.25 2.00 1.468 2.060 2.439 2.803 2.960 3.144 3.186 3.230 3.147 3.211 3.287 3.294 3.292 3.423 3.478 3.377 3.257 3.104 2.988 2.793 2.675 2.711 2.237
9.25 2.51 1.466 2.057 2.436 2.798 2.955 3.139 3.181 3.224 3.143 3.207 3.283 3.290 3.289 3.419 3.474 3.374 3.254 3.101 2.985 2.791 2.671 2.708 2.232
9.25 3.16 1.464 2.054 2.431 2.791 2.949 3.132 3.175 3.218 3.138 3.202 3.277 3.284 3.284 3.414 3.469 3.369 3.250 3.097 2.981 2.787 2.667 2.704 2.226
9.25 3.98 1.461 2.049 2.425 2.783 2.941 3.124 3.167 3.210 3.132 3.195 3.269 3.278 3.278 3.408 3.463 3.363 3.244 3.093 2.977 2.782 2.663 2.699 2.219
9.25 5.01 1.457 2.044 2.417 2.772 2.931 3.114 3.157 3.200 3.124 3.187 3.260 3.269 3.271 3.400 3.455 3.356 3.238 3.087 2.971 2.777 2.656 2.693 2.210
9.25 6.31 1.452 2.037 2.408 2.760 2.920 3.101 3.146 3.187 3.114 3.177 3.249 3.259 3.262 3.391 3.445 3.347 3.229 3.079 2.964 2.770 2.649 2.686 2.198
9.25 7.94 1.445 2.028 2.396 2.744 2.905 3.086 3.131 3.172 3.102 3.164 3.235 3.246 3.251 3.379 3.433 3.335 3.219 3.070 2.955 2.761 2.639 2.676 2.184
9.25 10.00 1.437 2.018 2.382 2.725 2.888 3.067 3.114 3.154 3.087 3.148 3.218 3.230 3.237 3.364 3.418 3.321 3.206 3.058 2.943 2.749 2.627 2.664 2.167
9.25 12.59 1.427 2.004 2.364 2.703 2.866 3.044 3.092 3.132 3.069 3.129 3.198 3.210 3.220 3.346 3.400 3.303 3.190 3.043 2.929 2.735 2.612 2.649 2.147
9.25 15.85 1.415 1.988 2.343 2.675 2.841 3.016 3.067 3.105 3.047 3.106 3.173 3.187 3.199 3.324 3.377 3.282 3.169 3.025 2.911 2.718 2.593 2.631 2.122
9.25 19.95 1.399 1.968 2.318 2.643 2.810 2.984 3.036 3.073 3.020 3.078 3.143 3.158 3.174 3.297 3.350 3.255 3.145 3.002 2.889 2.695 2.569 2.608 2.093
9.25 25.12 1.380 1.944 2.287 2.605 2.773 2.945 2.999 3.035 2.988 3.045 3.107 3.124 3.144 3.264 3.316 3.223 3.114 2.973 2.861 2.668 2.540 2.579 2.058
9.25 31.62 1.357 1.914 2.250 2.561 2.731 2.900 2.956 2.990 2.950 3.005 3.065 3.083 3.107 3.225 3.276 3.183 3.076 2.938 2.826 2.633 2.504 2.544 2.018
9.25 39.81 1.328 1.878 2.207 2.509 2.681 2.848 2.905 2.939 2.905 2.958 3.016 3.036 3.063 3.179 3.228 3.135 3.030 2.895 2.783 2.590 2.459 2.501 1.971
9.25 50.12 1.293 1.836 2.157 2.451 2.624 2.788 2.847 2.879 2.853 2.904 2.959 2.980 3.012 3.124 3.170 3.077 2.974 2.841 2.730 2.537 2.404 2.449 1.917
9.25 63.10 1.251 1.785 2.098 2.386 2.559 2.720 2.781 2.812 2.792 2.841 2.893 2.915 2.952 3.059 3.102 3.008 2.906 2.776 2.664 2.471 2.337 2.385 1.856
9.25 79.43 1.201 1.726 2.031 2.313 2.486 2.644 2.705 2.736 2.722 2.769 2.818 2.842 2.882 2.984 3.023 2.925 2.825 2.696 2.584 2.389 2.255 2.308 1.788
9.25 100.00 1.141 1.656 1.955 2.231 2.404 2.558 2.621 2.651 2.643 2.688 2.733 2.757 2.801 2.896 2.929 2.828 2.726 2.598 2.485 2.288 2.156 2.215 1.711
9.25 125.89 1.071 1.575 1.869 2.142 2.312 2.464 2.526 2.557 2.553 2.595 2.637 2.662 2.707 2.796 2.821 2.712 2.609 2.480 2.364 2.164 2.035 2.103 1.626
9.25 158.49 0.988 1.482 1.772 2.044 2.211 2.359 2.419 2.451 2.452 2.491 2.530 2.554 2.601 2.680 2.694 2.576 2.468 2.337 2.216 2.011 1.889 1.969 1.532
9.25 199.53 0.893 1.374 1.663 1.937 2.098 2.242 2.301 2.335 2.338 2.374 2.409 2.432 2.479 2.548 2.548 2.416 2.300 2.164 2.036 1.824 1.713 1.809 1.428
9.25 251.19 0.781 1.251 1.542 1.820 1.974 2.114 2.168 2.205 2.210 2.243 2.274 2.294 2.340 2.395 2.377 2.227 2.100 1.955 1.818 1.595 1.500 1.618 1.312
9.25 316.23 0.652 1.109 1.405 1.691 1.835 1.970 2.020 2.060 2.066 2.094 2.121 2.138 2.180 2.219 2.178 2.003 1.861 1.702 1.551 1.314 1.243 1.388 1.184
9.25 398.11 0.501 0.946 1.250 1.550 1.681 1.809 1.852 1.898 1.902 1.925 1.948 1.960 1.996 2.014 1.945 1.737 1.574 1.397 1.227 0.971 0.932 1.113 1.040
9.25 501.19 0.326 0.758 1.075 1.393 1.507 1.628 1.662 1.714 1.715 1.733 1.750 1.756 1.784 1.776 1.670 1.420 1.229 1.026 0.831 0.550 0.555 0.782 0.877
9.25 630.96 0.120 0.538 0.875 1.217 1.309 1.422 1.443 1.505 1.501 1.511 1.522 1.520 1.536 1.496 1.343 1.041 0.813 0.575 0.348 0.032 0.097 0.381 0.692
9.25 794.33 -0.123 0.282 0.645 1.018 1.082 1.185 1.191 1.264 1.253 1.254 1.257 1.244 1.245 1.165 0.953 0.582 0.307 0.024 -0.245 -0.604 -0.463 -0.104 0.480
9.25 1000.00 -0.412 -0.020 0.378 0.791 0.820 0.910 0.896 0.984 0.963 0.953 0.946 0.920 0.900 0.770 0.484 0.026 -0.309 -0.651 -0.974 -1.388 -1.149 -0.696 0.233
