ZhaoEtAl2006SSlabCascadia as implemented in OpenQuake, distance is rrup. Log10 hazard values in cgs units
          14 31 22 : nmag, ndist, nperiod
          10.000 5.000 4.000 3.000 2.500 2.000 1.500 1.250 1.000 0.900 0.800 0.700 0.600 0.500 0.400 0.300 0.250 0.200 0.150 0.100 0.050 PGA PGV
          0.708 0.708 0.705 0.721 0.732 0.733 0.721 0.716 0.717 0.714 0.713 0.714 0.712 0.707 0.715 0.728 0.743 0.764 0.794 0.811 0.743 0.684 0.743
4.75 1.00 0.228 0.840 1.128 1.593 1.685 1.999 2.461 2.764 2.980 3.117 3.263 3.435 3.551 3.630 3.690 3.631 3.518 3.565 3.724 3.656 3.732 3.541 2.622
4.75 1.26 0.159 0.769 1.045 1.493 1.590 1.899 2.347 2.640 2.855 2.990 3.134 3.305 3.425 3.513 3.585 3.538 3.437 3.484 3.637 3.571 3.626 3.432 2.509
4.75 1.58 0.085 0.692 0.957 1.390 1.490 1.795 2.229 2.513 2.726 2.859 3.002 3.171 3.294 3.391 3.474 3.440 3.349 3.397 3.544 3.480 3.515 3.319 2.390
4.75 2.00 0.007 0.610 0.864 1.282 1.387 1.687 2.107 2.382 2.593 2.725 2.865 3.033 3.159 3.264 3.357 3.336 3.256 3.304 3.445 3.383 3.398 3.199 2.265
4.75 2.51 -0.076 0.524 0.767 1.171 1.280 1.576 1.982 2.247 2.456 2.587 2.725 2.891 3.020 3.132 3.236 3.226 3.157 3.205 3.341 3.280 3.276 3.074 2.134
4.75 3.16 -0.162 0.433 0.666 1.057 1.170 1.463 1.855 2.111 2.317 2.446 2.583 2.746 2.878 2.996 3.109 3.110 3.052 3.101 3.230 3.171 3.148 2.945 1.997
4.75 3.98 -0.252 0.338 0.562 0.941 1.058 1.347 1.726 1.972 2.176 2.303 2.438 2.599 2.732 2.856 2.978 2.990 2.942 2.991 3.114 3.057 3.015 2.811 1.855
4.75 5.01 -0.344 0.240 0.456 0.823 0.943 1.229 1.594 1.831 2.032 2.158 2.290 2.449 2.584 2.713 2.843 2.864 2.827 2.875 2.993 2.937 2.877 2.673 1.708
4.75 6.31 -0.438 0.139 0.347 0.703 0.827 1.109 1.461 1.689 1.887 2.010 2.141 2.298 2.433 2.567 2.705 2.735 2.707 2.755 2.866 2.812 2.735 2.531 1.556
4.75 7.94 -0.534 0.036 0.236 0.581 0.709 0.988 1.326 1.545 1.739 1.862 1.991 2.145 2.281 2.419 2.563 2.601 2.583 2.631 2.736 2.682 2.590 2.386 1.400
4.75 10.00 -0.632 -0.070 0.124 0.458 0.590 0.866 1.190 1.400 1.591 1.712 1.839 1.990 2.126 2.268 2.418 2.464 2.455 2.502 2.600 2.548 2.440 2.237 1.240
4.75 12.59 -0.731 -0.179 0.009 0.333 0.469 0.742 1.053 1.254 1.441 1.560 1.686 1.833 1.970 2.115 2.271 2.324 2.324 2.369 2.461 2.409 2.287 2.086 1.076
4.75 15.85 -0.831 -0.289 -0.106 0.208 0.347 0.617 0.914 1.107 1.290 1.407 1.531 1.675 1.812 1.959 2.121 2.180 2.188 2.232 2.317 2.266 2.130 1.931 0.908
4.75 19.95 -0.933 -0.401 -0.224 0.081 0.224 0.490 0.774 0.958 1.137 1.253 1.375 1.516 1.653 1.802 1.968 2.032 2.049 2.091 2.169 2.118 1.969 1.773 0.735
4.75 25.12 -1.036 -0.514 -0.342 -0.047 0.099 0.363 0.633 0.808 0.983 1.098 1.217 1.355 1.491 1.642 1.812 1.881 1.905 1.945 2.016 1.965 1.803 1.612 0.559
4.75 31.62 -1.140 -0.630 -0.463 -0.176 -0.026 0.234 0.490 0.656 0.827 0.940 1.057 1.192 1.327 1.479 1.652 1.725 1.757 1.794 1.857 1.806 1.633 1.446 0.377
4.75 39.81 -1.247 -0.749 -0.585 -0.306 -0.154 0.103 0.345 0.503 0.670 0.781 0.896 1.027 1.161 1.314 1.489 1.565 1.604 1.638 1.693 1.640 1.457 1.276 0.189
4.75 50.12 -1.355 -0.870 -0.709 -0.438 -0.284 -0.030 0.198 0.348 0.510 0.619 0.732 0.859 0.992 1.145 1.322 1.400 1.445 1.474 1.520 1.466 1.275 1.100 -0.007
4.75 63.10 -1.466 -0.994 -0.836 -0.572 -0.415 -0.166 0.048 0.190 0.347 0.454 0.565 0.688 0.820 0.972 1.149 1.228 1.278 1.302 1.339 1.282 1.084 0.917 -0.211
4.75 79.43 -1.581 -1.121 -0.966 -0.708 -0.550 -0.304 -0.105 0.029 0.181 0.286 0.394 0.513 0.643 0.793 0.970 1.047 1.102 1.121 1.147 1.087 0.883 0.726 -0.426
4.75 100.00 -1.700 -1.254 -1.100 -0.847 -0.689 -0.447 -0.263 -0.136 0.011 0.114 0.219 0.333 0.461 0.609 0.783 0.857 0.915 0.926 0.941 0.876 0.669 0.524 -0.655
4.75 125.89 -1.825 -1.392 -1.238 -0.989 -0.831 -0.594 -0.426 -0.306 -0.164 -0.064 0.038 0.148 0.272 0.416 0.586 0.655 0.714 0.716 0.718 0.647 0.440 0.308 -0.901
4.75 158.49 -1.957 -1.537 -1.382 -1.136 -0.980 -0.747 -0.595 -0.482 -0.346 -0.249 -0.150 -0.046 0.075 0.213 0.376 0.437 0.495 0.487 0.474 0.394 0.190 0.076 -1.167
4.75 199.53 -2.097 -1.690 -1.534 -1.288 -1.135 -0.907 -0.773 -0.666 -0.536 -0.442 -0.347 -0.249 -0.132 -0.002 0.151 0.200 0.255 0.233 0.203 0.113 -0.084 -0.177 -1.461
4.75 251.19 -2.248 -1.855 -1.694 -1.448 -1.299 -1.077 -0.961 -0.859 -0.736 -0.646 -0.555 -0.464 -0.353 -0.233 -0.094 -0.061 -0.013 -0.052 -0.102 -0.205 -0.389 -0.456 -1.787
4.75 316.23 -2.413 -2.034 -1.866 -1.615 -1.474 -1.258 -1.162 -1.064 -0.949 -0.864 -0.777 -0.694 -0.590 -0.484 -0.364 -0.352 -0.315 -0.374 -0.448 -0.569 -0.733 -0.767 -2.155
4.75 398.11 -2.595 -2.230 -2.052 -1.794 -1.662 -1.454 -1.379 -1.285 -1.178 -1.098 -1.017 -0.942 -0.847 -0.759 -0.664 -0.682 -0.661 -0.745 -0.848 -0.990 -1.127 -1.120 -2.576
4.75 501.19 -2.800 -2.448 -2.256 -1.986 -1.868 -1.669 -1.617 -1.524 -1.427 -1.354 -1.279 -1.215 -1.131 -1.066 -1.003 -1.059 -1.060 -1.177 -1.314 -1.484 -1.582 -1.526 -3.063
4.75 630.96 -3.031 -2.693 -2.483 -2.195 -2.095 -1.907 -1.881 -1.788 -1.702 -1.637 -1.569 -1.518 -1.447 -1.411 -1.392 -1.497 -1.529 -1.686 -1.863 -2.069 -2.115 -1.996 -3.634
4.75 794.33 -3.297 -2.973 -2.738 -2.425 -2.350 -2.175 -2.178 -2.081 -2.009 -1.954 -1.895 -1.858 -1.805 -1.806 -1.842 -2.011 -2.083 -2.290 -2.519 -2.769 -2.746 -2.549 -4.309
4.75 1000.00 -3.607 -3.297 -3.029 -2.683 -2.639 -2.479 -2.516 -2.413 -2.356 -2.313 -2.265 -2.245 -2.214 -2.264 -2.369 -2.620 -2.746 -3.016 -3.306 -3.614 -3.500 -3.205 -5.116
5.00 1.00 0.367 0.973 1.285 1.761 1.853 2.164 2.614 2.906 3.102 3.232 3.370 3.529 3.630 3.693 3.736 3.659 3.536 3.573 3.723 3.648 3.733 3.559 2.623
5.00 1.26 0.304 0.909 1.208 1.667 1.763 2.069 2.505 2.788 2.983 3.111 3.247 3.405 3.510 3.582 3.637 3.572 3.460 3.498 3.643 3.569 3.634 3.457 2.517
5.00 1.58 0.236 0.838 1.125 1.568 1.669 1.970 2.391 2.665 2.859 2.985 3.119 3.276 3.385 3.466 3.532 3.479 3.379 3.417 3.556 3.485 3.529 3.350 2.406
5.00 2.00 0.164 0.763 1.037 1.465 1.570 1.866 2.274 2.537 2.731 2.855 2.987 3.143 3.255 3.344 3.421 3.381 3.292 3.331 3.464 3.395 3.419 3.237 2.287
5.00 2.51 0.086 0.682 0.945 1.357 1.466 1.759 2.153 2.407 2.599 2.721 2.851 3.005 3.121 3.218 3.304 3.276 3.198 3.238 3.366 3.298 3.302 3.118 2.163
5.00 3.16 0.004 0.596 0.848 1.247 1.360 1.648 2.029 2.273 2.463 2.584 2.712 2.864 2.982 3.086 3.183 3.166 3.099 3.139 3.261 3.196 3.180 2.994 2.032
5.00 3.98 -0.081 0.505 0.748 1.133 1.250 1.535 1.902 2.137 2.324 2.443 2.569 2.720 2.840 2.950 3.056 3.050 2.994 3.035 3.151 3.088 3.053 2.865 1.895
5.00 5.01 -0.170 0.411 0.644 1.017 1.138 1.419 1.772 1.998 2.183 2.300 2.424 2.572 2.695 2.810 2.925 2.930 2.883 2.925 3.035 2.973 2.920 2.731 1.753
5.00 6.31 -0.261 0.313 0.538 0.898 1.024 1.301 1.641 1.857 2.039 2.155 2.277 2.423 2.547 2.667 2.790 2.804 2.768 2.809 2.913 2.853 2.782 2.593 1.606
5.00 7.94 -0.355 0.212 0.429 0.778 0.907 1.181 1.507 1.715 1.894 2.008 2.128 2.271 2.396 2.521 2.651 2.674 2.648 2.688 2.787 2.728 2.640 2.451 1.453
5.00 10.00 -0.451 0.108 0.318 0.656 0.789 1.060 1.373 1.571 1.747 1.859 1.978 2.118 2.243 2.372 2.508 2.539 2.523 2.563 2.655 2.597 2.493 2.305 1.296
5.00 12.59 -0.549 0.002 0.205 0.533 0.670 0.937 1.236 1.426 1.598 1.709 1.825 1.963 2.088 2.221 2.363 2.401 2.394 2.433 2.518 2.462 2.342 2.155 1.135
5.00 15.85 -0.648 -0.107 0.091 0.408 0.549 0.813 1.098 1.279 1.447 1.557 1.671 1.806 1.931 2.067 2.214 2.259 2.260 2.298 2.377 2.321 2.187 2.003 0.969
5.00 19.95 -0.748 -0.217 -0.026 0.282 0.426 0.687 0.959 1.131 1.295 1.403 1.516 1.647 1.773 1.910 2.062 2.113 2.123 2.159 2.231 2.175 2.028 1.846 0.799
5.00 25.12 -0.850 -0.330 -0.144 0.155 0.302 0.560 0.818 0.981 1.142 1.248 1.358 1.486 1.612 1.751 1.907 1.963 1.981 2.015 2.080 2.024 1.864 1.686 0.624
5.00 31.62 -0.954 -0.445 -0.264 0.026 0.177 0.431 0.676 0.830 0.987 1.091 1.199 1.324 1.449 1.589 1.749 1.808 1.834 1.866 1.923 1.867 1.695 1.521 0.443
5.00 39.81 -1.060 -0.563 -0.386 -0.104 0.050 0.300 0.531 0.677 0.829 0.932 1.038 1.159 1.283 1.424 1.587 1.649 1.682 1.710 1.759 1.702 1.520 1.352 0.256
5.00 50.12 -1.168 -0.683 -0.510 -0.235 -0.080 0.168 0.384 0.522 0.670 0.771 0.875 0.991 1.115 1.256 1.420 1.484 1.523 1.547 1.588 1.529 1.338 1.176 0.061
5.00 63.10 -1.279 -0.807 -0.636 -0.369 -0.211 0.032 0.234 0.364 0.507 0.606 0.708 0.821 0.942 1.083 1.247 1.313 1.357 1.376 1.407 1.346 1.148 0.994 -0.143
5.00 79.43 -1.394 -0.934 -0.766 -0.505 -0.346 -0.106 0.081 0.203 0.342 0.438 0.537 0.646 0.766 0.905 1.069 1.133 1.182 1.195 1.216 1.151 0.947 0.803 -0.357
5.00 100.00 -1.513 -1.066 -0.899 -0.644 -0.484 -0.248 -0.076 0.038 0.172 0.266 0.362 0.466 0.584 0.720 0.882 0.944 0.995 1.001 1.010 0.941 0.734 0.601 -0.586
5.00 125.89 -1.637 -1.204 -1.037 -0.786 -0.627 -0.395 -0.239 -0.131 -0.004 0.088 0.182 0.281 0.395 0.528 0.685 0.741 0.794 0.791 0.788 0.712 0.505 0.386 -0.831
5.00 158.49 -1.769 -1.349 -1.181 -0.933 -0.775 -0.548 -0.408 -0.307 -0.185 -0.096 -0.006 0.087 0.198 0.325 0.475 0.524 0.576 0.562 0.544 0.460 0.256 0.154 -1.097
5.00 199.53 -1.909 -1.503 -1.333 -1.085 -0.930 -0.708 -0.586 -0.491 -0.375 -0.290 -0.203 -0.116 -0.009 0.110 0.250 0.287 0.335 0.309 0.273 0.179 -0.018 -0.099 -1.390
5.00 251.19 -2.060 -1.667 -1.493 -1.244 -1.094 -0.878 -0.774 -0.684 -0.575 -0.494 -0.411 -0.330 -0.229 -0.121 0.005 0.026 0.068 0.025 -0.031 -0.138 -0.323 -0.377 -1.717
5.00 316.23 -2.225 -1.846 -1.665 -1.412 -1.269 -1.059 -0.975 -0.889 -0.788 -0.711 -0.633 -0.560 -0.466 -0.371 -0.264 -0.265 -0.234 -0.298 -0.378 -0.502 -0.667 -0.689 -2.085
5.00 398.11 -2.407 -2.042 -1.851 -1.590 -1.457 -1.256 -1.192 -1.110 -1.017 -0.946 -0.873 -0.809 -0.724 -0.647 -0.564 -0.595 -0.579 -0.669 -0.777 -0.923 -1.061 -1.042 -2.506
5.00 501.19 -2.611 -2.260 -2.055 -1.782 -1.663 -1.470 -1.430 -1.349 -1.266 -1.202 -1.136 -1.082 -1.008 -0.953 -0.904 -0.972 -0.979 -1.101 -1.243 -1.417 -1.516 -1.447 -2.993
5.00 630.96 -2.843 -2.505 -2.281 -1.991 -1.890 -1.708 -1.694 -1.613 -1.541 -1.485 -1.426 -1.384 -1.324 -1.299 -1.292 -1.410 -1.447 -1.609 -1.792 -2.002 -2.049 -1.917 -3.563
5.00 794.33 -3.109 -2.785 -2.537 -2.222 -2.145 -1.976 -1.991 -1.906 -1.848 -1.801 -1.752 -1.724 -1.681 -1.694 -1.742 -1.924 -2.002 -2.214 -2.448 -2.702 -2.680 -2.470 -4.238
5.00 1000.00 -3.419 -3.109 -2.828 -2.479 -2.434 -2.280 -2.329 -2.238 -2.195 -2.161 -2.122 -2.112 -2.091 -2.151 -2.269 -2.533 -2.665 -2.939 -3.235 -3.547 -3.434 -3.127 -5.045
5.25 1.00 0.499 1.100 1.435 1.921 2.013 2.320 2.759 3.042 3.219 3.343 3.474 3.621 3.706 3.755 3.783 3.690 3.557 3.584 3.727 3.644 3.737 3.578 2.627
5.25 1.26 0.443 1.042 1.364 1.833 1.929 2.232 2.656 2.929 3.107 3.228 3.357 3.503 3.593 3.651 3.690 3.609 3.487 3.515 3.652 3.571 3.644 3.483 2.529
5.25 1.58 0.382 0.979 1.287 1.739 1.840 2.138 2.548 2.811 2.989 3.108 3.234 3.380 3.474 3.541 3.591 3.522 3.412 3.440 3.572 3.493 3.547 3.383 2.424
5.25 2.00 0.315 0.909 1.205 1.641 1.746 2.039 2.436 2.689 2.865 2.983 3.107 3.251 3.350 3.425 3.486 3.429 3.330 3.360 3.486 3.410 3.443 3.276 2.313
5.25 2.51 0.243 0.834 1.117 1.538 1.647 1.936 2.319 2.563 2.738 2.853 2.976 3.119 3.221 3.304 3.375 3.330 3.243 3.274 3.394 3.320 3.333 3.164 2.195
5.25 3.16 0.167 0.754 1.025 1.431 1.545 1.829 2.198 2.432 2.606 2.720 2.840 2.981 3.087 3.177 3.258 3.226 3.149 3.181 3.296 3.225 3.217 3.045 2.071
5.25 3.98 0.086 0.668 0.929 1.320 1.438 1.718 2.074 2.299 2.471 2.583 2.701 2.841 2.949 3.046 3.136 3.115 3.050 3.083 3.192 3.123 3.095 2.922 1.941
5.25 5.01 0.001 0.578 0.829 1.207 1.329 1.605 1.948 2.163 2.333 2.443 2.559 2.696 2.807 2.910 3.010 2.999 2.945 2.978 3.082 3.014 2.967 2.793 1.804
5.25 6.31 -0.087 0.484 0.726 1.091 1.217 1.489 1.818 2.024 2.191 2.300 2.414 2.549 2.662 2.770 2.878 2.877 2.834 2.868 2.966 2.900 2.834 2.659 1.662
5.25 7.94 -0.178 0.387 0.619 0.972 1.103 1.371 1.687 1.884 2.048 2.155 2.267 2.400 2.514 2.627 2.742 2.751 2.717 2.752 2.844 2.780 2.696 2.520 1.514
5.25 10.00 -0.271 0.286 0.510 0.852 0.986 1.252 1.553 1.741 1.902 2.008 2.118 2.248 2.363 2.480 2.603 2.620 2.596 2.630 2.716 2.654 2.553 2.378 1.361
5.25 12.59 -0.367 0.182 0.399 0.730 0.868 1.130 1.418 1.597 1.755 1.858 1.967 2.094 2.210 2.331 2.459 2.484 2.470 2.504 2.583 2.522 2.405 2.231 1.203
5.25 15.85 -0.464 0.075 0.286 0.606 0.748 1.007 1.281 1.451 1.606 1.707 1.814 1.938 2.054 2.178 2.313 2.344 2.340 2.372 2.445 2.385 2.253 2.081 1.040
5.25 19.95 -0.564 -0.034 0.171 0.481 0.626 0.882 1.143 1.304 1.454 1.555 1.659 1.781 1.896 2.023 2.163 2.200 2.204 2.235 2.302 2.241 2.096 1.926 0.871
5.25 25.12 -0.665 -0.146 0.054 0.355 0.503 0.755 1.002 1.155 1.302 1.400 1.502 1.621 1.737 1.865 2.009 2.052 2.064 2.093 2.152 2.092 1.934 1.767 0.698
5.25 31.62 -0.768 -0.260 -0.066 0.227 0.378 0.627 0.860 1.004 1.147 1.244 1.344 1.459 1.574 1.704 1.852 1.899 1.919 1.945 1.997 1.937 1.766 1.604 0.519
5.25 39.81 -0.873 -0.377 -0.187 0.097 0.251 0.497 0.716 0.851 0.990 1.085 1.183 1.295 1.409 1.540 1.690 1.741 1.768 1.791 1.835 1.774 1.592 1.435 0.333
5.25 50.12 -0.981 -0.497 -0.310 -0.034 0.122 0.364 0.570 0.696 0.831 0.924 1.020 1.127 1.241 1.372 1.524 1.577 1.610 1.630 1.665 1.602 1.411 1.261 0.139
5.25 63.10 -1.091 -0.620 -0.436 -0.168 -0.009 0.229 0.420 0.539 0.669 0.760 0.853 0.957 1.069 1.200 1.352 1.406 1.445 1.460 1.485 1.420 1.222 1.079 -0.064
5.25 79.43 -1.206 -0.747 -0.566 -0.304 -0.143 0.091 0.267 0.378 0.503 0.592 0.683 0.783 0.893 1.022 1.174 1.227 1.270 1.279 1.295 1.226 1.022 0.888 -0.278
5.25 100.00 -1.324 -0.878 -0.699 -0.442 -0.281 -0.051 0.110 0.213 0.334 0.420 0.508 0.603 0.711 0.838 0.987 1.038 1.084 1.086 1.090 1.017 0.809 0.687 -0.505
5.25 125.89 -1.449 -1.016 -0.837 -0.584 -0.424 -0.198 -0.053 0.044 0.159 0.243 0.328 0.418 0.523 0.645 0.791 0.836 0.883 0.876 0.868 0.789 0.580 0.472 -0.750
5.25 158.49 -1.580 -1.160 -0.981 -0.731 -0.572 -0.351 -0.222 -0.132 -0.023 0.058 0.140 0.224 0.326 0.443 0.581 0.619 0.665 0.648 0.624 0.537 0.331 0.240 -1.016
5.25 199.53 -1.720 -1.314 -1.132 -0.883 -0.727 -0.511 -0.399 -0.315 -0.213 -0.135 -0.057 0.022 0.119 0.228 0.356 0.382 0.425 0.394 0.354 0.256 0.058 -0.012 -1.309
5.25 251.19 -1.871 -1.478 -1.292 -1.042 -0.891 -0.680 -0.587 -0.509 -0.413 -0.339 -0.265 -0.193 -0.101 -0.003 0.112 0.122 0.158 0.110 0.050 -0.061 -0.247 -0.291 -1.635
5.25 316.23 -2.036 -1.657 -1.464 -1.210 -1.066 -0.862 -0.788 -0.714 -0.625 -0.557 -0.487 -0.423 -0.338 -0.253 -0.158 -0.170 -0.144 -0.212 -0.296 -0.425 -0.591 -0.602 -2.003
5.25 398.11 -2.218 -1.853 -1.650 -1.388 -1.254 -1.058 -1.005 -0.934 -0.854 -0.791 -0.727 -0.672 -0.596 -0.528 -0.458 -0.499 -0.489 -0.583 -0.696 -0.846 -0.984 -0.955 -2.424
5.25 501.19 -2.422 -2.071 -1.854 -1.580 -1.460 -1.273 -1.243 -1.173 -1.104 -1.047 -0.989 -0.944 -0.879 -0.835 -0.797 -0.876 -0.889 -1.015 -1.161 -1.339 -1.439 -1.360 -2.911
5.25 630.96 -2.654 -2.316 -2.080 -1.789 -1.687 -1.511 -1.508 -1.437 -1.378 -1.330 -1.279 -1.247 -1.196 -1.180 -1.185 -1.314 -1.357 -1.523 -1.711 -1.924 -1.972 -1.830 -3.481
5.25 794.33 -2.920 -2.596 -2.336 -2.020 -1.942 -1.778 -1.804 -1.731 -1.685 -1.647 -1.605 -1.587 -1.553 -1.575 -1.635 -1.828 -1.911 -2.127 -2.366 -2.625 -2.603 -2.383 -4.156
5.25 1000.00 -3.229 -2.919 -2.627 -2.277 -2.231 -2.082 -2.142 -2.062 -2.033 -2.006 -1.975 -1.974 -1.962 -2.033 -2.162 -2.437 -2.574 -2.853 -3.154 -3.469 -3.357 -3.040 -4.963
5.50 1.00 0.625 1.221 1.576 2.072 2.164 2.469 2.896 3.171 3.330 3.448 3.572 3.708 3.779 3.817 3.831 3.724 3.582 3.600 3.735 3.645 3.745 3.598 2.636
5.50 1.26 0.576 1.170 1.512 1.990 2.087 2.386 2.800 3.064 3.224 3.339 3.462 3.597 3.673 3.719 3.744 3.648 3.517 3.536 3.665 3.578 3.658 3.510 2.543
5.50 1.58 0.521 1.113 1.441 1.903 2.004 2.298 2.698 2.953 3.112 3.226 3.346 3.480 3.561 3.615 3.650 3.567 3.447 3.467 3.591 3.506 3.567 3.416 2.445
5.50 2.00 0.461 1.050 1.365 1.810 1.915 2.205 2.591 2.836 2.995 3.106 3.224 3.358 3.443 3.505 3.551 3.480 3.372 3.393 3.511 3.428 3.469 3.316 2.341
5.50 2.51 0.395 0.981 1.284 1.712 1.822 2.106 2.479 2.714 2.873 2.982 3.098 3.230 3.319 3.390 3.446 3.387 3.290 3.313 3.426 3.345 3.366 3.210 2.231
5.50 3.16 0.324 0.907 1.197 1.609 1.723 2.004 2.363 2.588 2.746 2.853 2.967 3.098 3.191 3.269 3.336 3.288 3.203 3.227 3.335 3.256 3.256 3.098 2.113
5.50 3.98 0.249 0.827 1.105 1.503 1.621 1.897 2.243 2.458 2.615 2.720 2.832 2.961 3.057 3.142 3.219 3.183 3.109 3.134 3.237 3.161 3.141 2.981 1.990
5.50 5.01 0.169 0.742 1.009 1.393 1.515 1.787 2.119 2.325 2.480 2.584 2.693 2.821 2.920 3.011 3.097 3.072 3.010 3.036 3.133 3.059 3.019 2.857 1.859
5.50 6.31 0.085 0.653 0.910 1.279 1.406 1.674 1.993 2.189 2.342 2.444 2.551 2.677 2.778 2.875 2.970 2.955 2.904 2.931 3.023 2.951 2.891 2.728 1.723
5.50 7.94 -0.003 0.559 0.806 1.163 1.294 1.558 1.863 2.051 2.201 2.301 2.406 2.530 2.633 2.735 2.838 2.833 2.792 2.820 2.906 2.837 2.758 2.594 1.580
5.50 10.00 -0.093 0.461 0.700 1.045 1.180 1.440 1.732 1.910 2.058 2.156 2.259 2.380 2.485 2.592 2.701 2.706 2.675 2.703 2.783 2.716 2.619 2.456 1.432
5.50 12.59 -0.186 0.360 0.591 0.924 1.063 1.320 1.598 1.767 1.912 2.009 2.110 2.228 2.334 2.444 2.561 2.573 2.553 2.580 2.655 2.588 2.475 2.312 1.278
5.50 15.85 -0.282 0.256 0.479 0.802 0.944 1.198 1.463 1.622 1.764 1.859 1.958 2.074 2.180 2.294 2.417 2.436 2.425 2.452 2.520 2.455 2.326 2.164 1.118
5.50 19.95 -0.379 0.148 0.366 0.678 0.824 1.074 1.325 1.476 1.614 1.708 1.804 1.917 2.024 2.141 2.268 2.295 2.293 2.318 2.380 2.315 2.171 2.012 0.952
5.50 25.12 -0.479 0.038 0.250 0.552 0.701 0.948 1.186 1.328 1.462 1.554 1.649 1.758 1.865 1.984 2.116 2.148 2.155 2.179 2.233 2.169 2.012 1.855 0.781
5.50 31.62 -0.581 -0.075 0.131 0.425 0.577 0.821 1.044 1.178 1.308 1.398 1.491 1.597 1.704 1.824 1.960 1.997 2.011 2.033 2.080 2.016 1.846 1.693 0.604
5.50 39.81 -0.685 -0.190 0.011 0.296 0.451 0.691 0.901 1.026 1.152 1.240 1.331 1.433 1.539 1.661 1.800 1.840 1.862 1.881 1.920 1.855 1.674 1.526 0.420
5.50 50.12 -0.792 -0.309 -0.112 0.165 0.322 0.559 0.754 0.871 0.993 1.080 1.168 1.267 1.372 1.494 1.635 1.677 1.705 1.721 1.752 1.685 1.494 1.352 0.227
5.50 63.10 -0.903 -0.431 -0.238 0.032 0.191 0.424 0.605 0.714 0.832 0.916 1.002 1.097 1.200 1.322 1.464 1.507 1.541 1.552 1.573 1.504 1.305 1.171 0.026
5.50 79.43 -1.016 -0.558 -0.367 -0.104 0.057 0.287 0.453 0.553 0.667 0.749 0.832 0.923 1.025 1.145 1.286 1.329 1.367 1.372 1.383 1.311 1.106 0.982 -0.187
5.50 100.00 -1.135 -0.689 -0.500 -0.242 -0.081 0.145 0.296 0.389 0.497 0.577 0.657 0.743 0.843 0.961 1.100 1.140 1.181 1.179 1.179 1.103 0.894 0.781 -0.415
5.50 125.89 -1.259 -0.826 -0.637 -0.384 -0.223 -0.002 0.133 0.219 0.322 0.399 0.477 0.558 0.655 0.769 0.903 0.939 0.981 0.971 0.958 0.875 0.665 0.566 -0.659
5.50 158.49 -1.390 -0.971 -0.781 -0.531 -0.371 -0.155 -0.036 0.044 0.141 0.215 0.289 0.365 0.459 0.567 0.694 0.722 0.764 0.743 0.715 0.624 0.417 0.335 -0.925
5.50 199.53 -1.530 -1.124 -0.932 -0.683 -0.526 -0.315 -0.213 -0.140 -0.049 0.022 0.092 0.162 0.251 0.352 0.470 0.486 0.524 0.490 0.445 0.344 0.144 0.083 -1.217
5.50 251.19 -1.681 -1.288 -1.092 -0.842 -0.689 -0.484 -0.401 -0.333 -0.249 -0.182 -0.116 -0.052 0.031 0.121 0.225 0.225 0.257 0.206 0.141 0.027 -0.161 -0.196 -1.543
5.50 316.23 -1.845 -1.467 -1.264 -1.009 -0.864 -0.666 -0.602 -0.538 -0.461 -0.400 -0.338 -0.282 -0.206 -0.129 -0.044 -0.066 -0.045 -0.116 -0.205 -0.336 -0.504 -0.507 -1.911
5.50 398.11 -2.028 -1.662 -1.449 -1.187 -1.052 -0.862 -0.819 -0.758 -0.690 -0.634 -0.577 -0.531 -0.463 -0.404 -0.344 -0.395 -0.390 -0.487 -0.604 -0.757 -0.897 -0.860 -2.331
5.50 501.19 -2.232 -1.880 -1.653 -1.379 -1.258 -1.076 -1.057 -0.997 -0.939 -0.890 -0.840 -0.803 -0.746 -0.711 -0.683 -0.772 -0.789 -0.918 -1.069 -1.251 -1.352 -1.264 -2.818
5.50 630.96 -2.463 -2.125 -1.880 -1.588 -1.485 -1.314 -1.321 -1.261 -1.214 -1.173 -1.130 -1.106 -1.063 -1.056 -1.071 -1.210 -1.257 -1.426 -1.619 -1.836 -1.885 -1.735 -3.388
5.50 794.33 -2.729 -2.405 -2.135 -1.819 -1.740 -1.581 -1.618 -1.554 -1.521 -1.489 -1.455 -1.446 -1.420 -1.451 -1.521 -1.723 -1.811 -2.031 -2.274 -2.535 -2.516 -2.287 -4.063
5.50 1000.00 -3.039 -2.729 -2.426 -2.076 -2.029 -1.886 -1.956 -1.886 -1.868 -1.849 -1.825 -1.833 -1.829 -1.908 -2.048 -2.333 -2.474 -2.756 -3.061 -3.380 -3.270 -2.944 -4.870
5.75 1.00 0.746 1.336 1.710 2.216 2.306 2.608 3.026 3.292 3.434 3.546 3.666 3.791 3.849 3.878 3.881 3.762 3.612 3.621 3.748 3.652 3.757 3.620 2.649
5.75 1.26 0.702 1.291 1.652 2.140 2.235 2.532 2.936 3.193 3.335 3.445 3.562 3.687 3.749 3.786 3.799 3.691 3.552 3.561 3.683 3.589 3.676 3.538 2.562
5.75 1.58 0.654 1.240 1.588 2.059 2.159 2.450 2.841 3.087 3.230 3.338 3.453 3.576 3.644 3.688 3.711 3.614 3.487 3.498 3.614 3.522 3.590 3.450 2.470
5.75 2.00 0.600 1.184 1.518 1.972 2.076 2.363 2.740 2.976 3.119 3.225 3.337 3.461 3.533 3.585 3.618 3.533 3.417 3.429 3.541 3.451 3.499 3.357 2.373
5.75 2.51 0.541 1.122 1.443 1.879 1.988 2.270 2.633 2.860 3.003 3.107 3.217 3.339 3.416 3.475 3.519 3.446 3.341 3.355 3.461 3.374 3.402 3.258 2.269
5.75 3.16 0.476 1.054 1.362 1.782 1.895 2.173 2.522 2.739 2.882 2.983 3.091 3.212 3.293 3.360 3.414 3.353 3.260 3.275 3.376 3.292 3.299 3.153 2.159
5.75 3.98 0.406 0.981 1.276 1.679 1.798 2.070 2.407 2.614 2.756 2.855 2.960 3.081 3.165 3.239 3.303 3.253 3.172 3.189 3.285 3.203 3.190 3.041 2.042
5.75 5.01 0.332 0.901 1.185 1.573 1.696 1.964 2.287 2.484 2.625 2.723 2.826 2.944 3.032 3.113 3.186 3.148 3.078 3.097 3.188 3.108 3.075 2.924 1.919
5.75 6.31 0.253 0.817 1.089 1.463 1.590 1.854 2.164 2.351 2.491 2.587 2.687 2.804 2.895 2.982 3.064 3.037 2.978 2.998 3.084 3.006 2.953 2.801 1.789
5.75 7.94 0.169 0.728 0.989 1.350 1.481 1.741 2.037 2.216 2.353 2.447 2.546 2.660 2.754 2.846 2.937 2.919 2.872 2.892 2.973 2.898 2.825 2.672 1.652
5.75 10.00 0.083 0.634 0.886 1.234 1.369 1.626 1.908 2.077 2.212 2.305 2.401 2.513 2.608 2.705 2.804 2.796 2.759 2.781 2.856 2.783 2.691 2.538 1.509
5.75 12.59 -0.007 0.536 0.780 1.115 1.254 1.507 1.776 1.936 2.069 2.159 2.253 2.364 2.460 2.561 2.667 2.668 2.641 2.663 2.732 2.661 2.551 2.398 1.359
5.75 15.85 -0.100 0.435 0.670 0.995 1.137 1.387 1.642 1.793 1.923 2.011 2.104 2.211 2.308 2.413 2.525 2.534 2.517 2.539 2.602 2.532 2.406 2.253 1.203
5.75 19.95 -0.196 0.330 0.558 0.872 1.018 1.264 1.506 1.648 1.774 1.861 1.951 2.056 2.154 2.262 2.379 2.395 2.387 2.409 2.466 2.396 2.255 2.104 1.041
5.75 25.12 -0.294 0.222 0.444 0.747 0.897 1.139 1.367 1.501 1.624 1.709 1.797 1.898 1.997 2.107 2.229 2.251 2.252 2.272 2.322 2.254 2.097 1.949 0.873
5.75 31.62 -0.394 0.111 0.327 0.621 0.774 1.013 1.227 1.351 1.471 1.554 1.640 1.738 1.837 1.949 2.075 2.101 2.111 2.129 2.172 2.103 1.934 1.790 0.698
5.75 39.81 -0.498 -0.004 0.207 0.492 0.648 0.884 1.084 1.200 1.315 1.397 1.480 1.575 1.673 1.787 1.916 1.946 1.963 1.979 2.014 1.945 1.764 1.624 0.516
5.75 50.12 -0.604 -0.121 0.085 0.362 0.520 0.752 0.938 1.046 1.157 1.237 1.318 1.409 1.507 1.620 1.752 1.785 1.808 1.820 1.847 1.777 1.585 1.452 0.325
5.75 63.10 -0.713 -0.243 -0.040 0.229 0.390 0.618 0.790 0.889 0.996 1.074 1.152 1.240 1.336 1.449 1.581 1.616 1.645 1.653 1.670 1.598 1.398 1.272 0.125
5.75 79.43 -0.826 -0.368 -0.168 0.094 0.256 0.480 0.637 0.729 0.831 0.907 0.983 1.066 1.161 1.273 1.404 1.438 1.472 1.474 1.482 1.406 1.200 1.083 -0.087
5.75 100.00 -0.944 -0.499 -0.301 -0.044 0.119 0.339 0.481 0.565 0.662 0.735 0.809 0.887 0.980 1.089 1.219 1.250 1.287 1.283 1.279 1.199 0.988 0.882 -0.313
5.75 125.89 -1.068 -0.636 -0.438 -0.186 -0.024 0.192 0.318 0.395 0.487 0.558 0.628 0.702 0.792 0.897 1.023 1.050 1.088 1.075 1.058 0.972 0.761 0.669 -0.557
5.75 158.49 -1.199 -0.780 -0.582 -0.332 -0.171 0.040 0.150 0.220 0.306 0.374 0.441 0.509 0.595 0.696 0.814 0.833 0.871 0.847 0.816 0.722 0.513 0.438 -0.822
5.75 199.53 -1.339 -0.933 -0.732 -0.484 -0.326 -0.120 -0.028 0.037 0.117 0.181 0.244 0.307 0.389 0.481 0.590 0.597 0.632 0.595 0.546 0.442 0.240 0.186 -1.114
5.75 251.19 -1.489 -1.097 -0.892 -0.643 -0.490 -0.290 -0.215 -0.156 -0.083 -0.023 0.037 0.092 0.168 0.251 0.346 0.337 0.365 0.311 0.243 0.126 -0.064 -0.092 -1.440
5.75 316.23 -1.654 -1.275 -1.064 -0.810 -0.664 -0.471 -0.416 -0.361 -0.296 -0.240 -0.185 -0.137 -0.068 0.000 0.077 0.047 0.064 -0.010 -0.102 -0.237 -0.408 -0.403 -1.807
5.75 398.11 -1.836 -1.471 -1.249 -0.988 -0.852 -0.667 -0.633 -0.581 -0.524 -0.475 -0.425 -0.386 -0.326 -0.275 -0.223 -0.283 -0.281 -0.381 -0.501 -0.658 -0.800 -0.756 -2.227
5.75 501.19 -2.040 -1.688 -1.453 -1.180 -1.058 -0.881 -0.871 -0.821 -0.774 -0.731 -0.687 -0.658 -0.609 -0.581 -0.562 -0.660 -0.680 -0.812 -0.966 -1.151 -1.255 -1.160 -2.714
5.75 630.96 -2.271 -1.933 -1.680 -1.389 -1.285 -1.119 -1.135 -1.084 -1.048 -1.013 -0.977 -0.961 -0.925 -0.926 -0.950 -1.097 -1.148 -1.320 -1.516 -1.736 -1.788 -1.631 -3.284
5.75 794.33 -2.537 -2.213 -1.935 -1.620 -1.540 -1.386 -1.432 -1.378 -1.355 -1.330 -1.303 -1.301 -1.282 -1.321 -1.400 -1.611 -1.702 -1.924 -2.170 -2.435 -2.418 -2.183 -3.959
5.75 1000.00 -2.847 -2.537 -2.226 -1.877 -1.829 -1.691 -1.770 -1.709 -1.702 -1.689 -1.673 -1.688 -1.692 -1.778 -1.927 -2.220 -2.365 -2.650 -2.958 -3.280 -3.173 -2.840 -4.766
6.00 1.00 0.862 1.446 1.836 2.350 2.439 2.739 3.146 3.406 3.531 3.639 3.754 3.870 3.916 3.938 3.933 3.804 3.646 3.647 3.768 3.665 3.774 3.644 2.667
6.00 1.26 0.823 1.407 1.785 2.281 2.375 2.670 3.064 3.313 3.439 3.545 3.657 3.772 3.822 3.852 3.855 3.737 3.590 3.592 3.707 3.606 3.698 3.567 2.586
6.00 1.58 0.781 1.362 1.727 2.206 2.305 2.594 2.975 3.215 3.341 3.444 3.555 3.669 3.724 3.760 3.773 3.666 3.530 3.533 3.643 3.544 3.617 3.485 2.499
6.00 2.00 0.733 1.312 1.664 2.125 2.229 2.513 2.881 3.110 3.237 3.338 3.446 3.560 3.619 3.663 3.686 3.589 3.465 3.469 3.574 3.478 3.532 3.398 2.408
6.00 2.51 0.680 1.257 1.595 2.039 2.147 2.427 2.781 3.000 3.128 3.227 3.332 3.445 3.509 3.560 3.593 3.508 3.395 3.400 3.500 3.407 3.441 3.306 2.311
6.00 3.16 0.622 1.196 1.520 1.947 2.060 2.334 2.675 2.885 3.012 3.109 3.212 3.324 3.393 3.451 3.494 3.420 3.319 3.326 3.421 3.330 3.345 3.207 2.208
6.00 3.98 0.558 1.128 1.440 1.850 1.968 2.237 2.565 2.764 2.892 2.987 3.087 3.198 3.271 3.336 3.389 3.327 3.238 3.247 3.337 3.248 3.242 3.103 2.098
6.00 5.01 0.490 1.055 1.354 1.748 1.870 2.136 2.450 2.639 2.767 2.859 2.957 3.067 3.144 3.215 3.278 3.227 3.150 3.161 3.246 3.160 3.133 2.992 1.982
6.00 6.31 0.416 0.977 1.263 1.642 1.769 2.030 2.330 2.510 2.637 2.727 2.823 2.931 3.011 3.089 3.160 3.121 3.055 3.068 3.148 3.065 3.018 2.875 1.858
6.00 7.94 0.338 0.893 1.168 1.532 1.663 1.920 2.207 2.378 2.503 2.592 2.685 2.791 2.874 2.958 3.038 3.009 2.955 2.969 3.044 2.963 2.896 2.752 1.728
6.00 10.00 0.255 0.804 1.069 1.419 1.554 1.807 2.081 2.242 2.365 2.452 2.543 2.647 2.733 2.822 2.910 2.891 2.847 2.863 2.933 2.854 2.768 2.623 1.591
6.00 12.59 0.169 0.710 0.965 1.303 1.442 1.691 1.951 2.103 2.224 2.309 2.398 2.500 2.588 2.681 2.776 2.767 2.734 2.750 2.815 2.738 2.633 2.488 1.446
6.00 15.85 0.079 0.612 0.859 1.184 1.327 1.572 1.819 1.962 2.081 2.164 2.250 2.350 2.439 2.536 2.638 2.637 2.614 2.631 2.690 2.615 2.492 2.347 1.295
6.00 19.95 -0.014 0.510 0.749 1.063 1.210 1.451 1.685 1.819 1.934 2.016 2.100 2.197 2.287 2.387 2.495 2.501 2.488 2.505 2.557 2.484 2.345 2.201 1.138
6.00 25.12 -0.110 0.405 0.636 0.940 1.090 1.328 1.548 1.673 1.785 1.865 1.947 2.041 2.132 2.234 2.347 2.360 2.356 2.372 2.418 2.345 2.191 2.050 0.973
6.00 31.62 -0.208 0.295 0.521 0.814 0.968 1.202 1.408 1.524 1.633 1.711 1.791 1.882 1.973 2.078 2.195 2.213 2.218 2.232 2.271 2.199 2.030 1.892 0.801
6.00 39.81 -0.310 0.183 0.402 0.687 0.843 1.074 1.266 1.374 1.479 1.555 1.632 1.720 1.811 1.917 2.037 2.060 2.072 2.084 2.116 2.043 1.862 1.728 0.621
6.00 50.12 -0.415 0.066 0.281 0.557 0.716 0.943 1.121 1.220 1.322 1.396 1.471 1.555 1.645 1.752 1.874 1.900 1.919 1.928 1.951 1.878 1.686 1.558 0.433
6.00 63.10 -0.523 -0.054 0.157 0.425 0.586 0.810 0.973 1.064 1.161 1.233 1.306 1.386 1.475 1.582 1.705 1.732 1.757 1.762 1.777 1.701 1.500 1.379 0.234
6.00 79.43 -0.636 -0.179 0.029 0.290 0.453 0.673 0.821 0.904 0.997 1.067 1.137 1.213 1.301 1.406 1.529 1.556 1.586 1.585 1.589 1.511 1.303 1.191 0.023
6.00 100.00 -0.753 -0.309 -0.103 0.153 0.316 0.531 0.665 0.741 0.828 0.895 0.963 1.034 1.120 1.223 1.344 1.369 1.402 1.395 1.388 1.305 1.093 0.992 -0.202
6.00 125.89 -0.876 -0.445 -0.240 0.011 0.174 0.385 0.503 0.572 0.654 0.718 0.783 0.850 0.933 1.032 1.149 1.169 1.203 1.188 1.168 1.079 0.866 0.779 -0.445
6.00 158.49 -1.007 -0.588 -0.383 -0.135 0.026 0.233 0.334 0.396 0.473 0.534 0.596 0.657 0.737 0.830 0.941 0.953 0.987 0.961 0.927 0.830 0.619 0.549 -0.709
6.00 199.53 -1.146 -0.741 -0.533 -0.287 -0.128 0.073 0.157 0.213 0.284 0.342 0.399 0.455 0.530 0.616 0.717 0.717 0.748 0.709 0.658 0.551 0.346 0.297 -1.000
6.00 251.19 -1.297 -0.905 -0.693 -0.445 -0.291 -0.096 -0.030 0.020 0.084 0.138 0.192 0.241 0.310 0.386 0.473 0.457 0.482 0.427 0.355 0.235 0.043 0.020 -1.325
6.00 316.23 -1.461 -1.082 -0.864 -0.612 -0.466 -0.277 -0.231 -0.184 -0.128 -0.079 -0.030 0.011 0.074 0.136 0.204 0.167 0.181 0.105 0.010 -0.127 -0.301 -0.291 -1.693
6.00 398.11 -1.643 -1.278 -1.050 -0.791 -0.654 -0.473 -0.448 -0.405 -0.357 -0.313 -0.270 -0.237 -0.183 -0.139 -0.096 -0.162 -0.163 -0.265 -0.388 -0.547 -0.693 -0.644 -2.112
6.00 501.19 -1.847 -1.495 -1.254 -0.982 -0.859 -0.688 -0.686 -0.644 -0.606 -0.569 -0.532 -0.510 -0.467 -0.445 -0.435 -0.539 -0.563 -0.696 -0.853 -1.040 -1.148 -1.048 -2.599
6.00 630.96 -2.078 -1.740 -1.480 -1.191 -1.087 -0.925 -0.950 -0.907 -0.881 -0.852 -0.822 -0.812 -0.783 -0.791 -0.822 -0.976 -1.030 -1.204 -1.402 -1.625 -1.680 -1.518 -3.169
6.00 794.33 -2.344 -2.020 -1.735 -1.422 -1.341 -1.193 -1.246 -1.201 -1.187 -1.168 -1.147 -1.152 -1.140 -1.186 -1.272 -1.489 -1.584 -1.808 -2.057 -2.324 -2.311 -2.071 -3.843
6.00 1000.00 -2.653 -2.343 -2.026 -1.679 -1.630 -1.497 -1.584 -1.532 -1.535 -1.527 -1.517 -1.540 -1.549 -1.643 -1.799 -2.098 -2.247 -2.533 -2.844 -3.169 -3.065 -2.727 -4.650
6.25 1.00 0.973 1.552 1.956 2.477 2.564 2.861 3.259 3.513 3.622 3.726 3.838 3.946 3.980 3.999 3.987 3.851 3.687 3.680 3.794 3.685 3.797 3.672 2.692
6.25 1.26 0.939 1.517 1.910 2.414 2.506 2.798 3.183 3.427 3.536 3.638 3.748 3.854 3.893 3.917 3.914 3.788 3.634 3.628 3.737 3.630 3.725 3.599 2.615
6.25 1.58 0.902 1.478 1.859 2.345 2.442 2.729 3.101 3.335 3.445 3.545 3.652 3.757 3.801 3.831 3.837 3.720 3.578 3.573 3.676 3.571 3.649 3.522 2.533
6.25 2.00 0.860 1.434 1.802 2.271 2.373 2.655 3.013 3.237 3.348 3.446 3.550 3.655 3.703 3.740 3.754 3.649 3.517 3.514 3.612 3.510 3.569 3.441 2.447
6.25 2.51 0.813 1.385 1.740 2.190 2.297 2.575 2.920 3.133 3.246 3.341 3.442 3.547 3.599 3.643 3.667 3.572 3.452 3.450 3.544 3.444 3.484 3.355 2.357
6.25 3.16 0.761 1.331 1.671 2.104 2.216 2.489 2.821 3.024 3.137 3.230 3.329 3.432 3.490 3.541 3.574 3.490 3.382 3.382 3.470 3.373 3.393 3.263 2.260
6.25 3.98 0.704 1.270 1.597 2.013 2.130 2.397 2.716 2.909 3.023 3.114 3.210 3.312 3.375 3.432 3.475 3.403 3.306 3.308 3.392 3.297 3.297 3.165 2.157
6.25 5.01 0.642 1.203 1.517 1.916 2.038 2.300 2.606 2.790 2.903 2.992 3.085 3.187 3.253 3.317 3.370 3.309 3.224 3.228 3.307 3.215 3.195 3.061 2.048
6.25 6.31 0.574 1.131 1.432 1.815 1.941 2.199 2.492 2.665 2.779 2.865 2.956 3.056 3.127 3.197 3.258 3.209 3.136 3.142 3.216 3.127 3.086 2.950 1.931
6.25 7.94 0.501 1.053 1.342 1.709 1.840 2.093 2.373 2.537 2.649 2.734 2.822 2.921 2.995 3.071 3.141 3.102 3.041 3.049 3.118 3.032 2.971 2.834 1.808
6.25 10.00 0.424 0.969 1.246 1.599 1.734 1.984 2.250 2.404 2.516 2.598 2.684 2.781 2.858 2.939 3.018 2.989 2.940 2.949 3.014 2.929 2.849 2.710 1.677
6.25 12.59 0.342 0.880 1.147 1.486 1.625 1.871 2.124 2.269 2.378 2.459 2.542 2.638 2.717 2.802 2.889 2.870 2.831 2.842 2.902 2.820 2.719 2.581 1.539
6.25 15.85 0.256 0.786 1.043 1.370 1.513 1.755 1.994 2.130 2.237 2.316 2.397 2.490 2.571 2.661 2.754 2.744 2.716 2.728 2.782 2.702 2.583 2.445 1.393
6.25 19.95 0.166 0.688 0.936 1.251 1.398 1.635 1.861 1.988 2.093 2.170 2.249 2.339 2.422 2.515 2.615 2.612 2.595 2.607 2.655 2.577 2.440 2.303 1.240
6.25 25.12 0.073 0.586 0.826 1.129 1.280 1.514 1.726 1.844 1.946 2.021 2.098 2.185 2.269 2.365 2.470 2.474 2.466 2.478 2.520 2.443 2.290 2.155 1.080
6.25 31.62 -0.023 0.479 0.712 1.005 1.159 1.389 1.588 1.697 1.796 1.869 1.943 2.028 2.112 2.210 2.320 2.330 2.331 2.341 2.377 2.301 2.133 2.000 0.912
6.25 39.81 -0.123 0.369 0.596 0.879 1.035 1.262 1.447 1.547 1.643 1.714 1.786 1.867 1.952 2.051 2.164 2.179 2.188 2.197 2.225 2.149 1.968 1.839 0.735
6.25 50.12 -0.226 0.254 0.476 0.750 0.909 1.132 1.303 1.395 1.487 1.556 1.626 1.703 1.787 1.888 2.003 2.021 2.037 2.043 2.064 1.986 1.794 1.671 0.549
6.25 63.10 -0.334 0.135 0.353 0.619 0.780 0.999 1.156 1.239 1.327 1.394 1.461 1.535 1.618 1.719 1.835 1.855 1.877 1.880 1.891 1.812 1.610 1.494 0.352
6.25 79.43 -0.445 0.011 0.226 0.485 0.648 0.863 1.004 1.080 1.164 1.228 1.293 1.363 1.445 1.544 1.660 1.680 1.707 1.705 1.706 1.624 1.415 1.307 0.143
6.25 100.00 -0.562 -0.118 0.094 0.347 0.511 0.722 0.848 0.917 0.995 1.057 1.119 1.185 1.265 1.362 1.476 1.494 1.525 1.516 1.506 1.420 1.206 1.109 -0.081
6.25 125.89 -0.684 -0.253 -0.042 0.206 0.370 0.576 0.687 0.748 0.822 0.881 0.940 1.001 1.078 1.171 1.281 1.295 1.327 1.310 1.288 1.196 0.980 0.897 -0.322
6.25 158.49 -0.814 -0.396 -0.185 0.061 0.222 0.424 0.519 0.573 0.641 0.697 0.753 0.808 0.882 0.970 1.074 1.080 1.112 1.084 1.047 0.948 0.734 0.668 -0.586
6.25 199.53 -0.953 -0.548 -0.335 -0.091 0.068 0.265 0.342 0.390 0.452 0.505 0.557 0.607 0.676 0.756 0.850 0.845 0.874 0.833 0.779 0.670 0.462 0.417 -0.876
6.25 251.19 -1.103 -0.711 -0.494 -0.249 -0.095 0.096 0.154 0.198 0.253 0.302 0.350 0.392 0.457 0.526 0.607 0.586 0.608 0.551 0.478 0.355 0.159 0.140 -1.201
6.25 316.23 -1.267 -0.889 -0.665 -0.416 -0.269 -0.085 -0.046 -0.007 0.041 0.085 0.128 0.163 0.220 0.277 0.338 0.296 0.307 0.230 0.133 -0.007 -0.183 -0.171 -1.567
6.25 398.11 -1.449 -1.084 -0.851 -0.595 -0.457 -0.281 -0.263 -0.227 -0.188 -0.149 -0.112 -0.085 -0.037 0.002 0.039 -0.033 -0.037 -0.140 -0.265 -0.426 -0.576 -0.523 -1.987
6.25 501.19 -1.652 -1.301 -1.055 -0.786 -0.663 -0.495 -0.501 -0.466 -0.437 -0.405 -0.373 -0.357 -0.320 -0.304 -0.300 -0.409 -0.436 -0.570 -0.730 -0.919 -1.030 -0.927 -2.473
6.25 630.96 -1.884 -1.546 -1.281 -0.995 -0.890 -0.733 -0.765 -0.730 -0.711 -0.688 -0.663 -0.660 -0.636 -0.649 -0.688 -0.846 -0.903 -1.078 -1.278 -1.503 -1.562 -1.397 -3.042
6.25 794.33 -2.149 -1.826 -1.536 -1.225 -1.144 -1.000 -1.061 -1.023 -1.018 -1.004 -0.989 -1.000 -0.993 -1.044 -1.137 -1.360 -1.457 -1.681 -1.933 -2.202 -2.193 -1.949 -3.717
6.25 1000.00 -2.459 -2.149 -1.826 -1.483 -1.433 -1.304 -1.399 -1.355 -1.365 -1.363 -1.359 -1.387 -1.402 -1.501 -1.664 -1.969 -2.119 -2.407 -2.720 -3.046 -2.946 -2.605 -4.523
6.50 1.00 1.080 1.654 2.070 2.596 2.680 2.975 3.364 3.613 3.708 3.808 3.918 4.018 4.043 4.060 4.044 3.904 3.733 3.720 3.828 3.714 3.827 3.703 2.724
6.50 1.26 1.051 1.623 2.029 2.538 2.628 2.918 3.294 3.533 3.628 3.726 3.834 3.933 3.961 3.984 3.975 3.843 3.683 3.671 3.773 3.661 3.758 3.635 2.650
6.50 1.58 1.018 1.589 1.983 2.476 2.570 2.856 3.219 3.448 3.543 3.639 3.744 3.842 3.875 3.902 3.902 3.780 3.630 3.619 3.716 3.606 3.686 3.562 2.573
6.50 2.00 0.982 1.551 1.932 2.407 2.507 2.788 3.138 3.357 3.453 3.547 3.649 3.746 3.783 3.817 3.825 3.712 3.574 3.563 3.656 3.548 3.610 3.486 2.492
6.50 2.51 0.941 1.508 1.876 2.334 2.438 2.714 3.051 3.260 3.357 3.449 3.548 3.644 3.686 3.726 3.743 3.640 3.514 3.504 3.592 3.486 3.530 3.405 2.406
6.50 3.16 0.895 1.459 1.814 2.254 2.364 2.634 2.959 3.157 3.256 3.345 3.441 3.537 3.584 3.629 3.655 3.564 3.448 3.441 3.524 3.420 3.445 3.319 2.316
6.50 3.98 0.844 1.405 1.747 2.168 2.284 2.549 2.860 3.049 3.148 3.235 3.329 3.424 3.475 3.527 3.562 3.481 3.378 3.372 3.451 3.350 3.355 3.228 2.219
6.50 5.01 0.788 1.345 1.673 2.077 2.197 2.458 2.756 2.935 3.035 3.120 3.210 3.304 3.361 3.419 3.463 3.393 3.302 3.298 3.372 3.274 3.260 3.131 2.117
6.50 6.31 0.726 1.279 1.594 1.981 2.106 2.362 2.647 2.815 2.916 2.999 3.087 3.180 3.240 3.304 3.358 3.299 3.220 3.218 3.287 3.192 3.157 3.027 2.007
6.50 7.94 0.660 1.207 1.509 1.880 2.010 2.261 2.533 2.691 2.792 2.873 2.958 3.049 3.114 3.183 3.246 3.198 3.131 3.132 3.196 3.103 3.049 2.917 1.891
6.50 10.00 0.588 1.130 1.419 1.774 1.909 2.155 2.414 2.563 2.663 2.742 2.824 2.914 2.982 3.057 3.128 3.091 3.035 3.038 3.098 3.008 2.933 2.800 1.767
6.50 12.59 0.511 1.046 1.324 1.665 1.803 2.046 2.292 2.431 2.530 2.606 2.686 2.775 2.846 2.925 3.004 2.977 2.933 2.937 2.992 2.905 2.810 2.676 1.635
6.50 15.85 0.430 0.957 1.224 1.551 1.694 1.933 2.165 2.295 2.392 2.467 2.544 2.631 2.704 2.788 2.874 2.856 2.823 2.829 2.879 2.794 2.679 2.545 1.496
6.50 19.95 0.344 0.863 1.120 1.435 1.581 1.816 2.035 2.156 2.251 2.324 2.399 2.483 2.558 2.646 2.738 2.728 2.706 2.713 2.757 2.674 2.542 2.408 1.349
6.50 25.12 0.254 0.764 1.013 1.315 1.466 1.696 1.902 2.013 2.107 2.177 2.250 2.331 2.408 2.499 2.596 2.594 2.582 2.589 2.628 2.546 2.396 2.264 1.193
6.50 31.62 0.160 0.661 0.902 1.193 1.347 1.574 1.766 1.868 1.959 2.027 2.097 2.176 2.254 2.347 2.449 2.453 2.450 2.457 2.489 2.409 2.243 2.114 1.029
6.50 39.81 0.063 0.553 0.787 1.068 1.225 1.448 1.626 1.720 1.807 1.874 1.942 2.017 2.095 2.190 2.296 2.305 2.310 2.316 2.341 2.261 2.081 1.956 0.856
6.50 50.12 -0.038 0.441 0.669 0.940 1.100 1.319 1.483 1.569 1.652 1.717 1.782 1.854 1.933 2.028 2.137 2.150 2.162 2.166 2.183 2.103 1.910 1.790 0.673
6.50 63.10 -0.144 0.324 0.547 0.810 0.972 1.187 1.337 1.414 1.494 1.556 1.619 1.687 1.765 1.860 1.971 1.986 2.005 2.005 2.014 1.932 1.729 1.615 0.479
6.50 79.43 -0.254 0.202 0.421 0.677 0.840 1.051 1.186 1.255 1.331 1.391 1.451 1.516 1.592 1.687 1.797 1.812 1.836 1.832 1.831 1.747 1.536 1.430 0.272
6.50 100.00 -0.370 0.074 0.290 0.540 0.704 0.911 1.031 1.093 1.164 1.221 1.279 1.339 1.413 1.506 1.614 1.628 1.655 1.645 1.633 1.545 1.328 1.233 0.050
6.50 125.89 -0.491 -0.061 0.154 0.400 0.563 0.766 0.870 0.924 0.991 1.045 1.100 1.155 1.227 1.316 1.420 1.430 1.459 1.441 1.417 1.323 1.104 1.022 -0.190
6.50 158.49 -0.621 -0.203 0.012 0.254 0.416 0.614 0.702 0.750 0.810 0.862 0.913 0.963 1.032 1.115 1.214 1.215 1.245 1.216 1.178 1.076 0.859 0.794 -0.452
6.50 199.53 -0.759 -0.354 -0.137 0.103 0.262 0.455 0.526 0.567 0.622 0.670 0.717 0.762 0.827 0.902 0.991 0.981 1.008 0.966 0.911 0.799 0.588 0.544 -0.742
6.50 251.19 -0.909 -0.517 -0.297 -0.055 0.100 0.286 0.339 0.375 0.423 0.467 0.510 0.548 0.607 0.673 0.748 0.722 0.743 0.685 0.610 0.485 0.286 0.267 -1.065
6.50 316.23 -1.072 -0.694 -0.467 -0.222 -0.074 0.105 0.138 0.170 0.211 0.250 0.289 0.319 0.371 0.423 0.479 0.433 0.443 0.365 0.266 0.124 -0.056 -0.043 -1.431
6.50 398.11 -1.254 -0.889 -0.652 -0.400 -0.262 -0.090 -0.079 -0.050 -0.018 0.016 0.050 0.071 0.115 0.149 0.180 0.105 0.099 -0.004 -0.131 -0.295 -0.448 -0.394 -1.850
6.50 501.19 -1.457 -1.106 -0.856 -0.591 -0.468 -0.304 -0.316 -0.289 -0.266 -0.239 -0.212 -0.201 -0.168 -0.157 -0.158 -0.272 -0.300 -0.435 -0.596 -0.787 -0.902 -0.798 -2.336
6.50 630.96 -1.688 -1.351 -1.082 -0.800 -0.695 -0.542 -0.580 -0.552 -0.541 -0.522 -0.502 -0.504 -0.484 -0.502 -0.546 -0.709 -0.767 -0.942 -1.144 -1.371 -1.434 -1.268 -2.905
6.50 794.33 -1.954 -1.630 -1.337 -1.030 -0.949 -0.809 -0.876 -0.845 -0.847 -0.838 -0.828 -0.843 -0.841 -0.897 -0.995 -1.222 -1.320 -1.545 -1.798 -2.070 -2.064 -1.820 -3.580
6.50 1000.00 -2.263 -1.953 -1.628 -1.288 -1.238 -1.113 -1.214 -1.177 -1.194 -1.197 -1.197 -1.231 -1.250 -1.354 -1.522 -1.830 -1.983 -2.270 -2.585 -2.913 -2.818 -2.476 -4.386
6.75 1.00 1.185 1.753 2.178 2.707 2.789 3.082 3.462 3.707 3.788 3.886 3.995 4.088 4.105 4.124 4.105 3.962 3.786 3.767 3.870 3.751 3.864 3.740 2.764
6.75 1.26 1.159 1.726 2.141 2.655 2.741 3.030 3.397 3.633 3.714 3.810 3.916 4.008 4.028 4.051 4.039 3.904 3.738 3.720 3.818 3.700 3.798 3.674 2.693
6.75 1.58 1.130 1.696 2.101 2.598 2.690 2.974 3.328 3.553 3.635 3.729 3.832 3.923 3.947 3.974 3.970 3.844 3.689 3.671 3.763 3.647 3.729 3.606 2.619
6.75 2.00 1.098 1.662 2.055 2.536 2.633 2.912 3.254 3.469 3.551 3.643 3.743 3.833 3.861 3.893 3.897 3.780 3.636 3.619 3.706 3.592 3.657 3.534 2.542
6.75 2.51 1.063 1.624 2.005 2.468 2.571 2.845 3.174 3.379 3.462 3.551 3.649 3.738 3.770 3.808 3.820 3.712 3.579 3.564 3.646 3.534 3.581 3.458 2.461
6.75 3.16 1.022 1.582 1.950 2.395 2.503 2.772 3.088 3.283 3.367 3.454 3.549 3.637 3.674 3.717 3.738 3.640 3.519 3.505 3.582 3.473 3.502 3.377 2.376
6.75 3.98 0.978 1.534 1.889 2.316 2.429 2.693 2.997 3.181 3.267 3.352 3.443 3.531 3.573 3.621 3.650 3.563 3.454 3.441 3.514 3.407 3.417 3.292 2.285
6.75 5.01 0.928 1.481 1.822 2.231 2.349 2.608 2.899 3.073 3.160 3.243 3.331 3.418 3.465 3.519 3.557 3.481 3.383 3.373 3.441 3.337 3.327 3.201 2.189
6.75 6.31 0.873 1.422 1.749 2.140 2.263 2.518 2.796 2.960 3.048 3.128 3.214 3.300 3.351 3.411 3.458 3.392 3.306 3.298 3.362 3.261 3.231 3.104 2.087
6.75 7.94 0.812 1.356 1.670 2.044 2.172 2.422 2.687 2.841 2.930 3.008 3.090 3.175 3.231 3.296 3.352 3.297 3.224 3.218 3.277 3.179 3.129 3.000 1.977
6.75 10.00 0.746 1.285 1.585 1.943 2.076 2.321 2.574 2.717 2.807 2.882 2.962 3.045 3.105 3.175 3.240 3.195 3.134 3.131 3.185 3.090 3.020 2.890 1.860
6.75 12.59 0.675 1.207 1.495 1.838 1.975 2.216 2.455 2.589 2.678 2.751 2.828 2.911 2.974 3.049 3.121 3.087 3.037 3.036 3.086 2.993 2.903 2.773 1.736
6.75 15.85 0.599 1.124 1.400 1.728 1.870 2.106 2.332 2.457 2.545 2.616 2.690 2.771 2.837 2.916 2.996 2.971 2.933 2.934 2.979 2.889 2.779 2.648 1.603
6.75 19.95 0.518 1.035 1.300 1.615 1.761 1.992 2.206 2.321 2.407 2.476 2.548 2.626 2.695 2.778 2.864 2.848 2.821 2.824 2.864 2.776 2.647 2.517 1.462
6.75 25.12 0.432 0.940 1.196 1.498 1.648 1.875 2.075 2.181 2.266 2.333 2.402 2.478 2.549 2.635 2.727 2.719 2.702 2.705 2.740 2.654 2.507 2.378 1.312
6.75 31.62 0.342 0.841 1.088 1.378 1.531 1.755 1.941 2.038 2.120 2.185 2.252 2.325 2.397 2.486 2.583 2.581 2.574 2.578 2.607 2.522 2.359 2.231 1.153
6.75 39.81 0.247 0.736 0.975 1.254 1.411 1.631 1.803 1.891 1.971 2.034 2.098 2.168 2.241 2.332 2.433 2.437 2.439 2.442 2.464 2.380 2.201 2.077 0.984
6.75 50.12 0.148 0.626 0.859 1.128 1.288 1.503 1.662 1.741 1.818 1.879 1.940 2.007 2.081 2.172 2.276 2.284 2.294 2.295 2.310 2.226 2.034 1.914 0.805
6.75 63.10 0.045 0.511 0.739 0.999 1.161 1.373 1.517 1.588 1.661 1.719 1.778 1.842 1.915 2.006 2.112 2.122 2.139 2.137 2.144 2.059 1.855 1.742 0.614
6.75 79.43 -0.064 0.391 0.614 0.867 1.030 1.238 1.367 1.430 1.499 1.556 1.612 1.672 1.744 1.834 1.940 1.951 1.973 1.967 1.964 1.877 1.664 1.560 0.410
6.75 100.00 -0.178 0.265 0.485 0.731 0.895 1.098 1.213 1.268 1.333 1.386 1.440 1.495 1.566 1.654 1.758 1.768 1.794 1.782 1.769 1.678 1.459 1.365 0.190
6.75 125.89 -0.298 0.132 0.350 0.591 0.755 0.954 1.052 1.101 1.160 1.211 1.262 1.312 1.381 1.465 1.566 1.571 1.599 1.580 1.554 1.458 1.237 1.155 -0.048
6.75 158.49 -0.427 -0.009 0.208 0.446 0.608 0.802 0.885 0.927 0.981 1.029 1.076 1.121 1.186 1.266 1.360 1.358 1.386 1.357 1.317 1.213 0.993 0.928 -0.309
6.75 199.53 -0.564 -0.160 0.059 0.295 0.455 0.644 0.709 0.744 0.793 0.837 0.880 0.920 0.981 1.053 1.137 1.125 1.150 1.108 1.052 0.938 0.723 0.679 -0.597
6.75 251.19 -0.713 -0.322 -0.099 0.137 0.292 0.475 0.522 0.552 0.594 0.634 0.674 0.707 0.762 0.824 0.895 0.867 0.886 0.828 0.752 0.625 0.422 0.403 -0.920
6.75 316.23 -0.877 -0.499 -0.270 -0.029 0.119 0.295 0.322 0.348 0.383 0.418 0.453 0.478 0.527 0.575 0.627 0.578 0.586 0.509 0.409 0.265 0.080 0.094 -1.285
6.75 398.11 -1.058 -0.693 -0.455 -0.207 -0.069 0.099 0.105 0.128 0.154 0.184 0.213 0.230 0.270 0.301 0.328 0.250 0.243 0.140 0.012 -0.153 -0.311 -0.257 -1.703
6.75 501.19 -1.261 -0.910 -0.658 -0.398 -0.274 -0.115 -0.132 -0.110 -0.094 -0.071 -0.048 -0.042 -0.012 -0.004 -0.010 -0.126 -0.155 -0.290 -0.451 -0.644 -0.764 -0.661 -2.188
6.75 630.96 -1.491 -1.154 -0.884 -0.607 -0.501 -0.352 -0.396 -0.373 -0.368 -0.353 -0.338 -0.344 -0.328 -0.349 -0.397 -0.562 -0.622 -0.796 -0.999 -1.227 -1.296 -1.130 -2.757
6.75 794.33 -1.757 -1.433 -1.138 -0.837 -0.755 -0.619 -0.692 -0.667 -0.675 -0.670 -0.663 -0.683 -0.685 -0.744 -0.846 -1.075 -1.175 -1.399 -1.653 -1.926 -1.925 -1.682 -3.431
6.75 1000.00 -2.066 -1.756 -1.429 -1.094 -1.044 -0.923 -1.030 -0.998 -1.022 -1.029 -1.033 -1.071 -1.094 -1.200 -1.373 -1.684 -1.837 -2.124 -2.440 -2.769 -2.679 -2.338 -4.237
7.00 1.00 1.287 1.849 2.282 2.812 2.890 3.181 3.553 3.795 3.865 3.960 4.068 4.157 4.168 4.189 4.170 4.026 3.846 3.823 3.921 3.797 3.909 3.781 2.812
7.00 1.26 1.264 1.826 2.249 2.764 2.848 3.134 3.494 3.726 3.795 3.889 3.994 4.081 4.094 4.119 4.107 3.971 3.801 3.777 3.870 3.748 3.845 3.718 2.743
7.00 1.58 1.239 1.799 2.212 2.712 2.801 3.083 3.430 3.652 3.721 3.813 3.916 4.001 4.018 4.047 4.041 3.913 3.753 3.730 3.818 3.697 3.779 3.653 2.672
7.00 2.00 1.211 1.770 2.172 2.656 2.750 3.028 3.362 3.574 3.643 3.733 3.833 3.917 3.937 3.970 3.972 3.852 3.703 3.681 3.764 3.645 3.710 3.585 2.599
7.00 2.51 1.180 1.737 2.127 2.594 2.694 2.967 3.288 3.490 3.561 3.648 3.745 3.828 3.852 3.890 3.899 3.788 3.650 3.629 3.707 3.590 3.638 3.513 2.522
7.00 3.16 1.145 1.699 2.078 2.528 2.632 2.900 3.209 3.401 3.473 3.558 3.651 3.734 3.762 3.804 3.822 3.721 3.594 3.574 3.646 3.532 3.563 3.438 2.441
7.00 3.98 1.106 1.657 2.023 2.455 2.565 2.828 3.125 3.306 3.379 3.462 3.552 3.634 3.667 3.714 3.740 3.648 3.533 3.515 3.582 3.470 3.483 3.358 2.356
7.00 5.01 1.062 1.610 1.962 2.376 2.492 2.749 3.034 3.205 3.279 3.360 3.447 3.528 3.566 3.618 3.652 3.571 3.467 3.451 3.514 3.404 3.399 3.273 2.266
7.00 6.31 1.013 1.557 1.896 2.292 2.413 2.665 2.937 3.098 3.174 3.252 3.336 3.416 3.459 3.516 3.559 3.488 3.396 3.382 3.441 3.334 3.309 3.182 2.169
7.00 7.94 0.958 1.499 1.823 2.201 2.328 2.575 2.835 2.985 3.062 3.138 3.219 3.298 3.345 3.408 3.459 3.398 3.319 3.307 3.362 3.258 3.213 3.085 2.067
7.00 10.00 0.899 1.434 1.745 2.106 2.237 2.480 2.726 2.867 2.945 3.018 3.096 3.174 3.226 3.293 3.352 3.302 3.236 3.226 3.276 3.175 3.110 2.981 1.957
7.00 12.59 0.834 1.363 1.660 2.005 2.141 2.379 2.613 2.743 2.822 2.893 2.968 3.045 3.100 3.172 3.239 3.200 3.145 3.138 3.184 3.085 3.000 2.871 1.839
7.00 15.85 0.763 1.285 1.570 1.899 2.040 2.274 2.495 2.615 2.694 2.762 2.835 2.910 2.969 3.045 3.120 3.090 3.047 3.042 3.083 2.988 2.883 2.753 1.713
7.00 19.95 0.687 1.202 1.475 1.790 1.935 2.164 2.372 2.483 2.561 2.627 2.697 2.770 2.832 2.912 2.993 2.972 2.941 2.938 2.974 2.881 2.757 2.627 1.579
7.00 25.12 0.606 1.112 1.375 1.676 1.825 2.050 2.244 2.346 2.423 2.487 2.554 2.625 2.690 2.773 2.860 2.847 2.826 2.825 2.857 2.766 2.623 2.494 1.435
7.00 31.62 0.520 1.017 1.270 1.558 1.711 1.932 2.113 2.206 2.281 2.343 2.407 2.475 2.542 2.628 2.720 2.714 2.704 2.704 2.729 2.640 2.479 2.352 1.282
7.00 39.81 0.429 0.916 1.161 1.437 1.593 1.810 1.978 2.061 2.134 2.194 2.255 2.321 2.389 2.477 2.573 2.573 2.572 2.572 2.591 2.503 2.326 2.202 1.118
7.00 50.12 0.333 0.810 1.047 1.313 1.472 1.685 1.838 1.913 1.983 2.041 2.100 2.162 2.231 2.319 2.419 2.424 2.431 2.430 2.442 2.354 2.163 2.043 0.944
7.00 63.10 0.232 0.698 0.929 1.185 1.347 1.555 1.695 1.761 1.828 1.883 1.939 1.999 2.067 2.156 2.258 2.265 2.280 2.276 2.281 2.192 1.988 1.875 0.757
7.00 79.43 0.126 0.580 0.806 1.054 1.217 1.422 1.546 1.605 1.668 1.721 1.774 1.830 1.898 1.986 2.088 2.096 2.116 2.109 2.105 2.014 1.801 1.695 0.556
7.00 100.00 0.014 0.456 0.678 0.919 1.083 1.283 1.393 1.444 1.503 1.553 1.603 1.655 1.722 1.807 1.908 1.915 1.940 1.927 1.912 1.818 1.598 1.502 0.339
7.00 125.89 -0.105 0.324 0.544 0.780 0.944 1.139 1.233 1.277 1.331 1.379 1.426 1.473 1.538 1.620 1.717 1.720 1.747 1.727 1.700 1.602 1.378 1.295 0.103
7.00 158.49 -0.233 0.184 0.403 0.636 0.798 0.989 1.067 1.103 1.152 1.197 1.241 1.282 1.344 1.421 1.512 1.508 1.536 1.506 1.465 1.359 1.136 1.069 -0.156
7.00 199.53 -0.369 0.035 0.255 0.486 0.645 0.830 0.891 0.922 0.965 1.006 1.046 1.082 1.140 1.209 1.290 1.276 1.301 1.259 1.202 1.086 0.868 0.821 -0.443
7.00 251.19 -0.518 -0.127 0.097 0.328 0.483 0.662 0.705 0.730 0.767 0.804 0.840 0.869 0.922 0.981 1.049 1.019 1.038 0.980 0.903 0.775 0.567 0.547 -0.764
7.00 316.23 -0.680 -0.303 -0.073 0.162 0.310 0.482 0.505 0.526 0.556 0.588 0.619 0.641 0.687 0.733 0.782 0.731 0.739 0.662 0.561 0.416 0.227 0.238 -1.128
7.00 398.11 -0.861 -0.496 -0.258 -0.016 0.122 0.287 0.289 0.307 0.328 0.354 0.380 0.393 0.431 0.459 0.483 0.404 0.397 0.294 0.166 -0.001 -0.163 -0.112 -1.546
7.00 501.19 -1.063 -0.713 -0.460 -0.207 -0.083 0.073 0.051 0.068 0.079 0.099 0.119 0.121 0.148 0.154 0.146 0.028 -0.001 -0.135 -0.297 -0.491 -0.616 -0.515 -2.030
7.00 630.96 -1.294 -0.957 -0.686 -0.415 -0.309 -0.164 -0.212 -0.195 -0.195 -0.183 -0.171 -0.180 -0.167 -0.191 -0.241 -0.408 -0.467 -0.641 -0.844 -1.074 -1.147 -0.984 -2.599
7.00 794.33 -1.559 -1.236 -0.941 -0.645 -0.563 -0.431 -0.508 -0.488 -0.501 -0.499 -0.496 -0.520 -0.524 -0.585 -0.690 -0.921 -1.020 -1.244 -1.497 -1.772 -1.777 -1.536 -3.272
7.00 1000.00 -1.868 -1.558 -1.231 -0.902 -0.852 -0.735 -0.846 -0.819 -0.848 -0.858 -0.866 -0.907 -0.933 -1.042 -1.217 -1.529 -1.682 -1.968 -2.284 -2.615 -2.530 -2.191 -4.078
7.25 1.00 1.388 1.945 2.381 2.911 2.986 3.275 3.640 3.879 3.938 4.032 4.140 4.225 4.231 4.257 4.240 4.097 3.913 3.886 3.981 3.852 3.962 3.829 2.869
7.25 1.26 1.368 1.923 2.351 2.867 2.947 3.232 3.584 3.814 3.872 3.965 4.070 4.153 4.161 4.190 4.180 4.044 3.870 3.843 3.932 3.805 3.900 3.768 2.802
7.25 1.58 1.345 1.900 2.319 2.820 2.905 3.186 3.525 3.745 3.803 3.893 3.996 4.077 4.088 4.121 4.116 3.988 3.825 3.797 3.881 3.756 3.836 3.706 2.733
7.25 2.00 1.321 1.874 2.283 2.769 2.859 3.135 3.463 3.672 3.730 3.819 3.919 3.998 4.012 4.048 4.051 3.930 3.777 3.750 3.829 3.705 3.770 3.640 2.663
7.25 2.51 1.293 1.845 2.243 2.713 2.808 3.080 3.395 3.594 3.653 3.739 3.836 3.915 3.932 3.972 3.981 3.869 3.727 3.701 3.774 3.653 3.701 3.572 2.589
7.25 3.16 1.263 1.812 2.199 2.652 2.753 3.020 3.322 3.512 3.571 3.655 3.749 3.826 3.847 3.892 3.908 3.805 3.674 3.649 3.717 3.598 3.629 3.501 2.512
7.25 3.98 1.228 1.775 2.150 2.585 2.692 2.954 3.244 3.423 3.484 3.566 3.657 3.733 3.758 3.807 3.831 3.737 3.617 3.593 3.657 3.540 3.554 3.426 2.432
7.25 5.01 1.190 1.734 2.095 2.513 2.625 2.882 3.160 3.329 3.392 3.471 3.558 3.634 3.663 3.716 3.748 3.664 3.556 3.534 3.593 3.478 3.474 3.346 2.347
7.25 6.31 1.147 1.687 2.035 2.435 2.553 2.805 3.070 3.228 3.293 3.370 3.454 3.529 3.563 3.621 3.661 3.586 3.490 3.470 3.524 3.412 3.390 3.261 2.256
7.25 7.94 1.099 1.635 1.969 2.351 2.474 2.721 2.974 3.122 3.188 3.263 3.344 3.417 3.457 3.519 3.567 3.502 3.418 3.400 3.450 3.341 3.300 3.170 2.160
7.25 10.00 1.045 1.577 1.897 2.261 2.390 2.631 2.872 3.010 3.078 3.149 3.227 3.300 3.344 3.410 3.466 3.412 3.340 3.325 3.371 3.264 3.203 3.073 2.056
7.25 12.59 0.986 1.512 1.819 2.165 2.299 2.536 2.765 2.892 2.961 3.030 3.105 3.176 3.225 3.295 3.359 3.315 3.255 3.243 3.284 3.180 3.100 2.969 1.946
7.25 15.85 0.922 1.441 1.735 2.065 2.203 2.436 2.651 2.769 2.838 2.905 2.977 3.047 3.099 3.174 3.245 3.211 3.163 3.153 3.190 3.089 2.989 2.858 1.827
7.25 19.95 0.852 1.364 1.645 1.959 2.102 2.330 2.533 2.641 2.710 2.775 2.843 2.912 2.968 3.046 3.124 3.099 3.063 3.056 3.088 2.990 2.870 2.739 1.700
7.25 25.12 0.776 1.280 1.549 1.849 1.997 2.220 2.410 2.508 2.577 2.639 2.705 2.771 2.830 2.912 2.996 2.979 2.955 2.949 2.977 2.881 2.742 2.612 1.563
7.25 31.62 0.695 1.190 1.448 1.735 1.886 2.105 2.282 2.371 2.439 2.498 2.561 2.625 2.687 2.771 2.860 2.851 2.837 2.833 2.856 2.762 2.604 2.476 1.416
7.25 39.81 0.608 1.094 1.342 1.616 1.771 1.986 2.149 2.229 2.295 2.353 2.413 2.475 2.538 2.624 2.718 2.715 2.711 2.707 2.724 2.631 2.457 2.331 1.258
7.25 50.12 0.516 0.991 1.232 1.494 1.652 1.863 2.012 2.083 2.147 2.203 2.259 2.318 2.383 2.470 2.567 2.569 2.574 2.570 2.580 2.488 2.298 2.177 1.088
7.25 63.10 0.418 0.882 1.116 1.368 1.529 1.735 1.870 1.933 1.994 2.047 2.101 2.157 2.222 2.309 2.408 2.414 2.426 2.421 2.423 2.331 2.128 2.012 0.906
7.25 79.43 0.314 0.767 0.995 1.239 1.401 1.603 1.724 1.778 1.836 1.887 1.938 1.990 2.055 2.141 2.241 2.248 2.266 2.258 2.251 2.158 1.944 1.836 0.709
7.25 100.00 0.204 0.645 0.869 1.105 1.268 1.466 1.572 1.618 1.672 1.720 1.768 1.816 1.880 1.965 2.063 2.069 2.092 2.079 2.063 1.966 1.744 1.646 0.496
7.25 125.89 0.087 0.516 0.736 0.967 1.130 1.323 1.413 1.453 1.502 1.547 1.592 1.636 1.698 1.779 1.873 1.876 1.902 1.882 1.854 1.753 1.527 1.441 0.263
7.25 158.49 -0.039 0.378 0.597 0.823 0.986 1.173 1.247 1.280 1.325 1.366 1.408 1.446 1.506 1.581 1.670 1.666 1.692 1.663 1.621 1.514 1.287 1.217 0.006
7.25 199.53 -0.174 0.230 0.450 0.674 0.833 1.015 1.072 1.099 1.138 1.176 1.214 1.247 1.302 1.371 1.450 1.435 1.459 1.418 1.360 1.243 1.021 0.971 -0.279
7.25 251.19 -0.321 0.069 0.292 0.517 0.672 0.848 0.887 0.908 0.941 0.975 1.008 1.034 1.085 1.143 1.209 1.179 1.197 1.141 1.064 0.934 0.722 0.697 -0.599
7.25 316.23 -0.483 -0.106 0.123 0.351 0.499 0.668 0.687 0.704 0.730 0.759 0.788 0.807 0.851 0.895 0.943 0.892 0.900 0.824 0.723 0.577 0.383 0.390 -0.961
7.25 398.11 -0.663 -0.299 -0.061 0.174 0.312 0.473 0.471 0.485 0.502 0.526 0.549 0.559 0.595 0.622 0.645 0.565 0.558 0.457 0.329 0.161 -0.007 0.040 -1.378
7.25 501.19 -0.865 -0.515 -0.264 -0.017 0.107 0.260 0.234 0.247 0.254 0.271 0.288 0.288 0.313 0.317 0.308 0.190 0.161 0.029 -0.133 -0.328 -0.459 -0.362 -1.862
7.25 630.96 -1.095 -0.758 -0.489 -0.225 -0.119 0.022 -0.029 -0.016 -0.019 -0.010 -0.001 -0.013 -0.002 -0.027 -0.079 -0.246 -0.304 -0.476 -0.679 -0.910 -0.989 -0.830 -2.429
7.25 794.33 -1.360 -1.037 -0.743 -0.455 -0.373 -0.244 -0.325 -0.309 -0.325 -0.326 -0.326 -0.353 -0.358 -0.421 -0.527 -0.758 -0.857 -1.079 -1.332 -1.607 -1.618 -1.381 -3.102
7.25 1000.00 -1.669 -1.359 -1.033 -0.712 -0.662 -0.548 -0.662 -0.640 -0.672 -0.685 -0.695 -0.740 -0.767 -0.877 -1.054 -1.366 -1.518 -1.802 -2.118 -2.449 -2.371 -2.036 -3.907
7.50 1.00 1.488 2.039 2.477 3.005 3.076 3.363 3.721 3.959 4.010 4.103 4.212 4.293 4.296 4.329 4.315 4.175 3.989 3.959 4.050 3.918 4.024 3.884 2.935
7.50 1.26 1.470 2.020 2.450 2.964 3.041 3.324 3.669 3.897 3.947 4.038 4.145 4.224 4.228 4.264 4.257 4.123 3.947 3.916 4.002 3.871 3.963 3.825 2.870
7.50 1.58 1.450 1.998 2.420 2.921 3.003 3.282 3.615 3.833 3.881 3.971 4.075 4.152 4.158 4.197 4.196 4.070 3.903 3.873 3.953 3.824 3.901 3.764 2.803
7.50 2.00 1.428 1.975 2.388 2.874 2.961 3.236 3.557 3.765 3.813 3.900 4.001 4.077 4.086 4.128 4.133 4.014 3.858 3.827 3.902 3.775 3.837 3.701 2.735
7.50 2.51 1.403 1.949 2.353 2.823 2.915 3.186 3.494 3.692 3.741 3.826 3.924 3.999 4.010 4.055 4.067 3.956 3.810 3.780 3.850 3.724 3.771 3.636 2.664
7.50 3.16 1.376 1.921 2.313 2.768 2.865 3.131 3.427 3.615 3.664 3.748 3.843 3.916 3.931 3.979 3.997 3.895 3.760 3.731 3.795 3.672 3.702 3.568 2.590
7.50 3.98 1.346 1.888 2.270 2.707 2.810 3.071 3.356 3.533 3.584 3.664 3.756 3.828 3.847 3.899 3.924 3.830 3.706 3.678 3.738 3.616 3.630 3.497 2.514
7.50 5.01 1.313 1.852 2.221 2.641 2.750 3.006 3.278 3.446 3.497 3.576 3.665 3.735 3.758 3.814 3.846 3.762 3.649 3.622 3.677 3.558 3.555 3.422 2.433
7.50 6.31 1.275 1.811 2.167 2.569 2.684 2.935 3.195 3.352 3.406 3.482 3.567 3.637 3.664 3.724 3.764 3.688 3.588 3.563 3.613 3.496 3.475 3.342 2.347
7.50 7.94 1.233 1.765 2.108 2.492 2.612 2.858 3.106 3.252 3.308 3.381 3.463 3.532 3.565 3.628 3.675 3.610 3.521 3.498 3.544 3.429 3.390 3.257 2.257
7.50 10.00 1.186 1.713 2.042 2.408 2.534 2.775 3.011 3.147 3.204 3.275 3.354 3.422 3.459 3.526 3.581 3.525 3.448 3.428 3.469 3.357 3.300 3.166 2.160
7.50 12.59 1.133 1.655 1.970 2.318 2.449 2.686 2.909 3.035 3.094 3.162 3.237 3.305 3.346 3.418 3.480 3.434 3.369 3.351 3.389 3.280 3.202 3.069 2.056
7.50 15.85 1.075 1.591 1.892 2.223 2.359 2.590 2.802 2.917 2.978 3.044 3.115 3.181 3.227 3.303 3.372 3.335 3.283 3.268 3.301 3.195 3.098 2.964 1.944
7.50 19.95 1.011 1.520 1.808 2.122 2.264 2.490 2.688 2.794 2.855 2.919 2.987 3.052 3.102 3.180 3.256 3.229 3.189 3.177 3.205 3.102 2.985 2.852 1.823
7.50 25.12 0.941 1.442 1.718 2.017 2.162 2.384 2.570 2.666 2.727 2.788 2.853 2.916 2.970 3.051 3.133 3.115 3.086 3.076 3.100 3.000 2.864 2.731 1.693
7.50 31.62 0.865 1.358 1.621 1.906 2.056 2.273 2.446 2.533 2.593 2.652 2.714 2.775 2.832 2.916 3.003 2.992 2.975 2.967 2.986 2.887 2.733 2.602 1.553
7.50 39.81 0.783 1.267 1.520 1.791 1.945 2.157 2.317 2.394 2.454 2.510 2.569 2.628 2.687 2.773 2.865 2.860 2.853 2.846 2.860 2.763 2.591 2.463 1.402
7.50 50.12 0.695 1.169 1.413 1.672 1.828 2.037 2.183 2.251 2.310 2.363 2.419 2.475 2.536 2.623 2.718 2.719 2.722 2.715 2.722 2.626 2.438 2.313 1.238
7.50 63.10 0.601 1.064 1.300 1.548 1.708 1.911 2.043 2.103 2.160 2.211 2.264 2.317 2.378 2.465 2.563 2.568 2.578 2.570 2.571 2.475 2.273 2.153 1.061
7.50 79.43 0.501 0.953 1.182 1.420 1.582 1.781 1.899 1.951 2.004 2.052 2.102 2.152 2.214 2.300 2.398 2.405 2.422 2.412 2.404 2.307 2.093 1.981 0.869
7.50 100.00 0.394 0.834 1.057 1.288 1.451 1.646 1.748 1.792 1.842 1.888 1.935 1.980 2.042 2.126 2.223 2.229 2.251 2.237 2.220 2.120 1.898 1.795 0.660
7.50 125.89 0.279 0.707 0.927 1.151 1.314 1.504 1.591 1.628 1.674 1.716 1.760 1.801 1.861 1.942 2.035 2.038 2.064 2.044 2.015 1.911 1.683 1.592 0.430
7.50 158.49 0.155 0.571 0.789 1.009 1.170 1.355 1.426 1.456 1.497 1.537 1.577 1.613 1.671 1.746 1.834 1.830 1.857 1.828 1.786 1.675 1.446 1.371 0.176
7.50 199.53 0.021 0.424 0.643 0.860 1.019 1.198 1.253 1.276 1.312 1.348 1.384 1.414 1.468 1.536 1.615 1.601 1.625 1.585 1.527 1.408 1.182 1.127 -0.106
7.50 251.19 -0.125 0.265 0.486 0.704 0.858 1.031 1.067 1.085 1.115 1.147 1.179 1.203 1.252 1.310 1.375 1.346 1.365 1.310 1.233 1.101 0.885 0.855 -0.424
7.50 316.23 -0.286 0.091 0.318 0.538 0.686 0.852 0.869 0.882 0.905 0.932 0.959 0.976 1.019 1.063 1.110 1.060 1.069 0.994 0.894 0.747 0.548 0.549 -0.785
7.50 398.11 -0.465 -0.101 0.134 0.362 0.499 0.658 0.653 0.664 0.678 0.700 0.721 0.729 0.764 0.791 0.813 0.734 0.728 0.629 0.502 0.333 0.160 0.201 -1.200
7.50 501.19 -0.666 -0.316 -0.068 0.171 0.295 0.445 0.417 0.426 0.431 0.445 0.461 0.458 0.482 0.486 0.476 0.360 0.333 0.202 0.041 -0.155 -0.291 -0.201 -1.683
7.50 630.96 -0.896 -0.559 -0.293 -0.037 0.069 0.208 0.154 0.163 0.157 0.164 0.171 0.157 0.168 0.143 0.090 -0.075 -0.133 -0.303 -0.505 -0.736 -0.821 -0.668 -2.249
7.50 794.33 -1.160 -0.837 -0.547 -0.266 -0.185 -0.059 -0.142 -0.129 -0.148 -0.152 -0.153 -0.182 -0.189 -0.251 -0.358 -0.587 -0.685 -0.904 -1.156 -1.432 -1.449 -1.219 -2.922
7.50 1000.00 -1.469 -1.159 -0.837 -0.523 -0.473 -0.362 -0.479 -0.461 -0.495 -0.510 -0.522 -0.568 -0.597 -0.707 -0.884 -1.194 -1.345 -1.627 -1.941 -2.274 -2.201 -1.873 -3.726
7.75 1.00 1.588 2.133 2.570 3.094 3.162 3.446 3.799 4.036 4.079 4.172 4.282 4.362 4.363 4.404 4.396 4.260 4.072 4.040 4.129 3.994 4.096 3.945 3.011
7.75 1.26 1.571 2.115 2.545 3.056 3.129 3.410 3.750 3.977 4.019 4.110 4.218 4.296 4.297 4.341 4.339 4.210 4.031 3.999 4.082 3.948 4.036 3.887 2.947
7.75 1.58 1.552 2.096 2.518 3.016 3.094 3.371 3.699 3.916 3.957 4.046 4.151 4.227 4.230 4.277 4.280 4.158 3.989 3.956 4.034 3.901 3.975 3.828 2.882
7.75 2.00 1.533 2.075 2.489 2.973 3.056 3.330 3.645 3.852 3.892 3.979 4.082 4.156 4.161 4.210 4.219 4.104 3.945 3.912 3.985 3.854 3.913 3.767 2.815
7.75 2.51 1.511 2.052 2.457 2.927 3.015 3.284 3.587 3.784 3.824 3.909 4.009 4.081 4.089 4.141 4.156 4.048 3.900 3.867 3.934 3.805 3.848 3.705 2.747
7.75 3.16 1.487 2.026 2.422 2.876 2.970 3.235 3.525 3.713 3.753 3.836 3.933 4.003 4.013 4.068 4.089 3.990 3.852 3.819 3.881 3.754 3.782 3.640 2.676
7.75 3.98 1.461 1.998 2.383 2.821 2.920 3.181 3.459 3.636 3.677 3.758 3.852 3.920 3.934 3.992 4.020 3.928 3.801 3.770 3.827 3.701 3.713 3.572 2.602
7.75 5.01 1.431 1.966 2.340 2.761 2.866 3.121 3.388 3.555 3.597 3.675 3.766 3.833 3.851 3.912 3.947 3.863 3.748 3.717 3.769 3.645 3.641 3.501 2.525
7.75 6.31 1.399 1.930 2.292 2.696 2.806 3.057 3.312 3.468 3.512 3.588 3.675 3.741 3.763 3.828 3.869 3.794 3.690 3.661 3.708 3.586 3.566 3.425 2.444
7.75 7.94 1.362 1.889 2.238 2.624 2.741 2.986 3.229 3.375 3.421 3.494 3.578 3.643 3.669 3.737 3.785 3.720 3.628 3.600 3.643 3.524 3.485 3.346 2.358
7.75 10.00 1.320 1.843 2.179 2.547 2.669 2.910 3.141 3.276 3.324 3.395 3.475 3.539 3.570 3.641 3.697 3.640 3.560 3.535 3.573 3.456 3.400 3.261 2.267
7.75 12.59 1.273 1.792 2.114 2.464 2.591 2.827 3.046 3.171 3.221 3.289 3.366 3.429 3.465 3.539 3.601 3.555 3.486 3.464 3.497 3.383 3.308 3.169 2.169
7.75 15.85 1.222 1.734 2.042 2.374 2.507 2.738 2.945 3.060 3.111 3.177 3.250 3.312 3.352 3.430 3.499 3.462 3.406 3.386 3.415 3.304 3.210 3.071 2.064
7.75 19.95 1.164 1.670 1.964 2.279 2.417 2.643 2.837 2.942 2.995 3.058 3.128 3.189 3.234 3.314 3.390 3.362 3.318 3.300 3.326 3.217 3.104 2.965 1.950
7.75 25.12 1.100 1.599 1.880 2.178 2.321 2.542 2.724 2.819 2.873 2.934 3.000 3.059 3.108 3.191 3.273 3.253 3.221 3.207 3.227 3.121 2.989 2.851 1.827
7.75 31.62 1.030 1.521 1.789 2.072 2.219 2.435 2.605 2.690 2.744 2.802 2.865 2.923 2.975 3.061 3.148 3.136 3.115 3.103 3.119 3.016 2.865 2.728 1.694
7.75 39.81 0.954 1.435 1.692 1.961 2.112 2.323 2.480 2.556 2.610 2.665 2.725 2.781 2.836 2.923 3.014 3.010 3.000 2.989 3.000 2.898 2.730 2.596 1.550
7.75 50.12 0.871 1.343 1.589 1.844 2.000 2.206 2.349 2.416 2.469 2.522 2.578 2.632 2.689 2.777 2.872 2.873 2.873 2.864 2.869 2.768 2.583 2.452 1.393
7.75 63.10 0.781 1.243 1.480 1.724 1.882 2.084 2.213 2.271 2.323 2.373 2.426 2.477 2.535 2.623 2.721 2.726 2.735 2.725 2.723 2.623 2.423 2.297 1.221
7.75 79.43 0.685 1.135 1.365 1.598 1.759 1.956 2.071 2.121 2.170 2.218 2.267 2.315 2.374 2.461 2.560 2.567 2.583 2.571 2.562 2.461 2.248 2.130 1.035
7.75 100.00 0.581 1.020 1.243 1.468 1.630 1.822 1.923 1.965 2.011 2.056 2.102 2.146 2.205 2.290 2.387 2.394 2.416 2.401 2.383 2.280 2.057 1.948 0.830
7.75 125.89 0.469 0.896 1.115 1.333 1.494 1.682 1.767 1.802 1.844 1.886 1.929 1.968 2.027 2.108 2.203 2.207 2.232 2.211 2.182 2.076 1.846 1.749 0.605
7.75 158.49 0.347 0.762 0.979 1.192 1.352 1.535 1.604 1.631 1.670 1.708 1.747 1.782 1.838 1.915 2.003 2.001 2.028 1.999 1.957 1.844 1.613 1.531 0.355
7.75 199.53 0.215 0.618 0.834 1.044 1.202 1.379 1.431 1.452 1.486 1.520 1.556 1.585 1.638 1.707 1.786 1.774 1.799 1.759 1.701 1.580 1.351 1.289 0.075
7.75 251.19 0.071 0.461 0.679 0.889 1.042 1.213 1.247 1.263 1.290 1.321 1.352 1.374 1.423 1.482 1.547 1.521 1.540 1.486 1.410 1.277 1.057 1.019 -0.240
7.75 316.23 -0.089 0.288 0.511 0.724 0.871 1.034 1.049 1.060 1.081 1.107 1.133 1.148 1.190 1.236 1.283 1.236 1.246 1.173 1.074 0.925 0.721 0.715 -0.599
7.75 398.11 -0.266 0.097 0.329 0.548 0.685 0.841 0.834 0.842 0.855 0.875 0.895 0.902 0.936 0.964 0.987 0.911 0.907 0.810 0.683 0.513 0.335 0.368 -1.013
7.75 501.19 -0.467 -0.117 0.127 0.358 0.481 0.628 0.598 0.605 0.608 0.621 0.635 0.632 0.655 0.661 0.651 0.538 0.512 0.384 0.224 0.027 -0.115 -0.032 -1.494
7.75 630.96 -0.696 -0.359 -0.097 0.150 0.255 0.391 0.336 0.343 0.335 0.340 0.347 0.331 0.341 0.317 0.266 0.104 0.048 -0.120 -0.320 -0.552 -0.644 -0.499 -2.060
7.75 794.33 -0.960 -0.637 -0.351 -0.079 0.002 0.125 0.040 0.050 0.030 0.025 0.022 -0.007 -0.014 -0.076 -0.182 -0.407 -0.504 -0.720 -0.971 -1.247 -1.271 -1.049 -2.731
7.75 1000.00 -1.268 -0.958 -0.640 -0.336 -0.286 -0.178 -0.297 -0.281 -0.316 -0.333 -0.347 -0.394 -0.422 -0.531 -0.707 -1.015 -1.164 -1.443 -1.755 -2.088 -2.022 -1.702 -3.535
8.00 1.00 1.687 2.226 2.661 3.179 3.243 3.526 3.874 4.110 4.149 4.241 4.353 4.433 4.432 4.484 4.482 4.353 4.164 4.131 4.218 4.080 4.176 4.014 3.098
8.00 1.26 1.671 2.210 2.638 3.144 3.213 3.492 3.827 4.054 4.090 4.181 4.291 4.368 4.369 4.422 4.426 4.303 4.124 4.090 4.172 4.035 4.117 3.957 3.035
8.00 1.58 1.654 2.192 2.613 3.107 3.180 3.456 3.779 3.996 4.031 4.120 4.227 4.302 4.304 4.360 4.369 4.253 4.083 4.048 4.125 3.989 4.058 3.899 2.971
8.00 2.00 1.636 2.173 2.586 3.067 3.146 3.418 3.728 3.935 3.969 4.056 4.161 4.233 4.237 4.295 4.310 4.200 4.041 4.006 4.076 3.942 3.997 3.840 2.905
8.00 2.51 1.617 2.152 2.557 3.024 3.108 3.376 3.674 3.872 3.904 3.990 4.092 4.162 4.168 4.228 4.249 4.146 3.997 3.962 4.027 3.894 3.934 3.779 2.839
8.00 3.16 1.596 2.129 2.526 2.978 3.067 3.331 3.617 3.805 3.837 3.920 4.020 4.088 4.096 4.159 4.185 4.090 3.951 3.916 3.976 3.845 3.870 3.717 2.770
8.00 3.98 1.572 2.104 2.491 2.928 3.023 3.282 3.556 3.733 3.766 3.847 3.944 4.010 4.021 4.087 4.119 4.031 3.903 3.868 3.923 3.794 3.803 3.652 2.699
8.00 5.01 1.547 2.076 2.452 2.873 2.974 3.229 3.490 3.658 3.691 3.770 3.864 3.929 3.942 4.011 4.049 3.970 3.852 3.818 3.868 3.740 3.734 3.584 2.625
8.00 6.31 1.518 2.044 2.409 2.813 2.920 3.170 3.420 3.577 3.612 3.688 3.778 3.842 3.859 3.931 3.976 3.904 3.797 3.765 3.810 3.684 3.662 3.512 2.547
8.00 7.94 1.485 2.009 2.361 2.748 2.860 3.106 3.344 3.491 3.527 3.601 3.688 3.750 3.772 3.846 3.897 3.834 3.739 3.708 3.748 3.625 3.586 3.437 2.466
8.00 10.00 1.449 1.968 2.308 2.677 2.795 3.036 3.262 3.398 3.437 3.508 3.591 3.653 3.679 3.756 3.813 3.759 3.676 3.647 3.682 3.561 3.505 3.357 2.379
8.00 12.59 1.408 1.923 2.249 2.600 2.724 2.959 3.174 3.300 3.340 3.410 3.489 3.549 3.580 3.659 3.724 3.679 3.607 3.580 3.611 3.492 3.418 3.271 2.287
8.00 15.85 1.362 1.871 2.184 2.517 2.646 2.877 3.080 3.195 3.238 3.304 3.380 3.439 3.474 3.557 3.628 3.591 3.532 3.508 3.534 3.418 3.326 3.179 2.188
8.00 19.95 1.311 1.814 2.113 2.428 2.563 2.788 2.979 3.084 3.129 3.193 3.264 3.323 3.362 3.447 3.524 3.497 3.449 3.428 3.450 3.336 3.226 3.080 2.080
8.00 25.12 1.253 1.749 2.035 2.332 2.472 2.693 2.871 2.967 3.013 3.074 3.142 3.199 3.243 3.330 3.413 3.394 3.359 3.340 3.358 3.247 3.117 2.973 1.964
8.00 31.62 1.189 1.677 1.950 2.231 2.376 2.591 2.758 2.843 2.891 2.949 3.013 3.069 3.117 3.205 3.294 3.283 3.259 3.243 3.256 3.147 2.999 2.856 1.838
8.00 39.81 1.119 1.598 1.858 2.124 2.274 2.484 2.638 2.713 2.762 2.817 2.878 2.932 2.983 3.073 3.166 3.162 3.149 3.135 3.143 3.037 2.871 2.730 1.701
8.00 50.12 1.042 1.512 1.760 2.012 2.165 2.371 2.511 2.578 2.626 2.679 2.736 2.787 2.842 2.932 3.029 3.031 3.029 3.016 3.018 2.913 2.730 2.593 1.551
8.00 63.10 0.957 1.417 1.655 1.895 2.051 2.252 2.379 2.436 2.484 2.534 2.587 2.636 2.693 2.783 2.882 2.888 2.896 2.883 2.879 2.775 2.577 2.444 1.386
8.00 79.43 0.865 1.315 1.544 1.772 1.931 2.127 2.240 2.289 2.335 2.382 2.432 2.478 2.535 2.625 2.725 2.734 2.749 2.735 2.724 2.620 2.408 2.282 1.205
8.00 100.00 0.765 1.203 1.426 1.644 1.804 1.995 2.094 2.135 2.178 2.223 2.269 2.312 2.370 2.457 2.556 2.565 2.586 2.570 2.550 2.444 2.222 2.105 1.006
8.00 125.89 0.656 1.083 1.300 1.511 1.671 1.857 1.941 1.974 2.015 2.056 2.099 2.137 2.194 2.278 2.374 2.381 2.406 2.385 2.355 2.246 2.015 1.910 0.786
8.00 158.49 0.538 0.953 1.166 1.372 1.531 1.712 1.780 1.806 1.842 1.880 1.919 1.953 2.008 2.087 2.177 2.178 2.205 2.177 2.134 2.019 1.786 1.695 0.540
8.00 199.53 0.409 0.811 1.023 1.225 1.382 1.557 1.608 1.628 1.660 1.694 1.729 1.757 1.810 1.881 1.962 1.953 1.979 1.940 1.883 1.760 1.528 1.457 0.264
8.00 251.19 0.266 0.656 0.870 1.071 1.224 1.392 1.425 1.440 1.466 1.496 1.526 1.548 1.596 1.658 1.725 1.702 1.723 1.671 1.595 1.460 1.236 1.190 -0.048
8.00 316.23 0.109 0.485 0.703 0.907 1.053 1.215 1.228 1.238 1.258 1.283 1.308 1.323 1.365 1.413 1.463 1.419 1.431 1.360 1.262 1.111 0.903 0.888 -0.405
8.00 398.11 -0.068 0.295 0.522 0.732 0.868 1.021 1.014 1.021 1.033 1.052 1.072 1.078 1.112 1.143 1.168 1.096 1.093 0.998 0.873 0.702 0.518 0.542 -0.816
8.00 501.19 -0.267 0.082 0.321 0.542 0.665 0.809 0.779 0.784 0.787 0.799 0.812 0.809 0.833 0.840 0.833 0.724 0.700 0.574 0.416 0.218 0.070 0.144 -1.296
8.00 630.96 -0.495 -0.159 0.097 0.335 0.440 0.573 0.517 0.522 0.514 0.518 0.524 0.508 0.519 0.497 0.448 0.290 0.236 0.072 -0.126 -0.359 -0.457 -0.322 -1.860
8.00 794.33 -0.758 -0.436 -0.155 0.106 0.187 0.307 0.222 0.230 0.209 0.204 0.201 0.170 0.164 0.105 0.001 -0.220 -0.314 -0.527 -0.776 -1.052 -1.083 -0.870 -2.530
8.00 1000.00 -1.066 -0.757 -0.445 -0.150 -0.101 0.004 -0.115 -0.100 -0.136 -0.154 -0.168 -0.216 -0.243 -0.350 -0.524 -0.827 -0.973 -1.249 -1.559 -1.892 -1.834 -1.524 -3.333
