ZhaoEtAl2006SInterCascadia as implemented in OpenQuake, distance is rrup. Log10 hazard values in cgs units
          14 31 22 : nmag, ndist, nperiod
          10.000 5.000 4.000 3.000 2.500 2.000 1.500 1.250 1.000 0.900 0.800 0.700 0.600 0.500 0.400 0.300 0.250 0.200 0.150 0.100 0.050 PGA PGV
          0.698 0.698 0.716 0.748 0.760 0.760 0.752 0.742 0.734 0.729 0.726 0.723 0.717 0.709 0.713 0.726 0.741 0.766 0.792 0.803 0.726 0.678 0.726
4.75 1.00 -0.068 0.627 0.854 1.190 1.388 1.627 1.824 1.953 2.092 2.216 2.332 2.444 2.570 2.687 2.775 2.710 2.673 2.604 2.554 2.423 2.286 2.271 1.467
4.75 1.26 -0.125 0.568 0.787 1.117 1.315 1.551 1.748 1.876 2.018 2.142 2.257 2.371 2.501 2.626 2.720 2.663 2.628 2.560 2.510 2.380 2.236 2.215 1.422
4.75 1.58 -0.187 0.504 0.716 1.040 1.237 1.472 1.667 1.795 1.939 2.063 2.178 2.294 2.428 2.559 2.660 2.609 2.576 2.511 2.460 2.331 2.180 2.154 1.372
4.75 2.00 -0.253 0.434 0.640 0.959 1.156 1.389 1.584 1.711 1.857 1.981 2.096 2.213 2.351 2.487 2.594 2.550 2.519 2.455 2.405 2.276 2.118 2.088 1.316
4.75 2.51 -0.324 0.360 0.559 0.874 1.071 1.303 1.497 1.624 1.772 1.895 2.010 2.129 2.269 2.411 2.523 2.485 2.456 2.393 2.343 2.215 2.050 2.016 1.256
4.75 3.16 -0.398 0.281 0.476 0.786 0.984 1.214 1.407 1.534 1.684 1.806 1.921 2.041 2.184 2.330 2.447 2.415 2.387 2.326 2.276 2.148 1.978 1.939 1.191
4.75 3.98 -0.476 0.198 0.389 0.696 0.893 1.123 1.316 1.442 1.593 1.715 1.830 1.951 2.096 2.246 2.367 2.339 2.313 2.253 2.203 2.076 1.900 1.858 1.121
4.75 5.01 -0.556 0.112 0.299 0.604 0.801 1.030 1.222 1.348 1.500 1.622 1.737 1.859 2.005 2.158 2.282 2.259 2.234 2.175 2.124 1.998 1.817 1.773 1.047
4.75 6.31 -0.638 0.023 0.207 0.510 0.707 0.935 1.127 1.253 1.406 1.528 1.642 1.765 1.912 2.068 2.194 2.174 2.150 2.092 2.041 1.915 1.731 1.684 0.969
4.75 7.94 -0.722 -0.069 0.114 0.415 0.611 0.839 1.030 1.156 1.310 1.431 1.546 1.668 1.817 1.975 2.103 2.086 2.062 2.005 1.953 1.828 1.640 1.591 0.888
4.75 10.00 -0.808 -0.163 0.018 0.318 0.514 0.741 0.932 1.058 1.212 1.333 1.448 1.571 1.720 1.879 2.009 1.994 1.970 1.913 1.861 1.735 1.545 1.496 0.803
4.75 12.59 -0.895 -0.259 -0.080 0.220 0.415 0.642 0.833 0.959 1.113 1.234 1.348 1.472 1.622 1.781 1.912 1.898 1.874 1.818 1.765 1.639 1.447 1.397 0.715
4.75 15.85 -0.983 -0.357 -0.178 0.121 0.316 0.542 0.732 0.858 1.013 1.133 1.247 1.371 1.521 1.681 1.813 1.799 1.775 1.718 1.664 1.537 1.345 1.295 0.623
4.75 19.95 -1.073 -0.457 -0.279 0.020 0.214 0.440 0.630 0.756 0.911 1.031 1.145 1.269 1.419 1.579 1.710 1.696 1.672 1.614 1.559 1.431 1.239 1.190 0.528
4.75 25.12 -1.164 -0.559 -0.381 -0.081 0.112 0.337 0.526 0.653 0.808 0.928 1.042 1.165 1.315 1.475 1.605 1.590 1.564 1.505 1.449 1.320 1.129 1.081 0.429
4.75 31.62 -1.256 -0.663 -0.484 -0.184 0.008 0.233 0.421 0.548 0.703 0.823 0.936 1.059 1.209 1.368 1.496 1.480 1.452 1.391 1.334 1.203 1.014 0.969 0.326
4.75 39.81 -1.350 -0.769 -0.590 -0.288 -0.097 0.127 0.314 0.442 0.596 0.715 0.829 0.951 1.100 1.258 1.384 1.365 1.335 1.272 1.212 1.079 0.893 0.851 0.218
4.75 50.12 -1.447 -0.878 -0.697 -0.393 -0.205 0.019 0.205 0.334 0.487 0.606 0.719 0.840 0.989 1.144 1.267 1.244 1.212 1.146 1.083 0.947 0.766 0.728 0.104
4.75 63.10 -1.546 -0.990 -0.807 -0.501 -0.314 -0.092 0.093 0.222 0.375 0.494 0.606 0.727 0.874 1.026 1.145 1.117 1.081 1.011 0.945 0.806 0.630 0.598 -0.018
4.75 79.43 -1.649 -1.105 -0.920 -0.611 -0.427 -0.206 -0.022 0.108 0.260 0.378 0.489 0.609 0.755 0.904 1.016 0.982 0.941 0.867 0.796 0.652 0.484 0.459 -0.149
4.75 100.00 -1.756 -1.226 -1.037 -0.723 -0.543 -0.323 -0.142 -0.010 0.141 0.257 0.368 0.486 0.630 0.774 0.880 0.837 0.790 0.709 0.633 0.483 0.325 0.310 -0.291
4.75 125.89 -1.869 -1.352 -1.158 -0.840 -0.664 -0.445 -0.267 -0.133 0.017 0.132 0.241 0.358 0.499 0.637 0.733 0.679 0.624 0.537 0.453 0.296 0.151 0.147 -0.448
4.75 158.49 -1.989 -1.485 -1.285 -0.960 -0.790 -0.574 -0.398 -0.262 -0.114 -0.001 0.107 0.222 0.359 0.489 0.574 0.507 0.442 0.344 0.252 0.086 -0.043 -0.032 -0.622
4.75 199.53 -2.117 -1.626 -1.420 -1.086 -0.923 -0.709 -0.538 -0.399 -0.253 -0.142 -0.036 0.076 0.209 0.330 0.399 0.315 0.238 0.128 0.024 -0.153 -0.262 -0.232 -0.818
4.75 251.19 -2.256 -1.779 -1.563 -1.219 -1.065 -0.854 -0.688 -0.545 -0.402 -0.294 -0.190 -0.082 0.046 0.154 0.205 0.099 0.006 -0.120 -0.237 -0.429 -0.512 -0.458 -1.043
4.75 316.23 -2.409 -1.946 -1.718 -1.360 -1.218 -1.011 -0.851 -0.703 -0.564 -0.459 -0.358 -0.255 -0.133 -0.041 -0.014 -0.148 -0.260 -0.405 -0.541 -0.751 -0.801 -0.717 -1.302
4.75 398.11 -2.579 -2.130 -1.887 -1.512 -1.384 -1.182 -1.031 -0.877 -0.742 -0.642 -0.544 -0.446 -0.333 -0.261 -0.264 -0.432 -0.570 -0.739 -0.897 -1.131 -1.140 -1.017 -1.606
4.75 501.19 -2.771 -2.336 -2.075 -1.678 -1.568 -1.372 -1.231 -1.069 -0.941 -0.845 -0.753 -0.662 -0.559 -0.512 -0.552 -0.765 -0.934 -1.134 -1.320 -1.583 -1.540 -1.370 -1.964
4.75 630.96 -2.991 -2.569 -2.284 -1.861 -1.773 -1.585 -1.457 -1.286 -1.165 -1.076 -0.989 -0.907 -0.818 -0.803 -0.890 -1.158 -1.366 -1.605 -1.827 -2.126 -2.018 -1.787 -2.393
4.75 794.33 -3.245 -2.837 -2.523 -2.065 -2.006 -1.828 -1.716 -1.533 -1.421 -1.341 -1.260 -1.190 -1.118 -1.142 -1.289 -1.627 -1.884 -2.172 -2.439 -2.784 -2.594 -2.287 -2.910
4.75 1000.00 -3.543 -3.149 -2.797 -2.296 -2.273 -2.107 -2.016 -1.818 -1.717 -1.648 -1.577 -1.520 -1.470 -1.544 -1.766 -2.191 -2.511 -2.861 -3.183 -3.587 -3.293 -2.891 -3.537
5.00 1.00 0.130 0.820 1.053 1.388 1.581 1.813 1.999 2.119 2.242 2.362 2.471 2.574 2.688 2.793 2.868 2.790 2.745 2.668 2.610 2.469 2.337 2.330 1.513
5.00 1.26 0.079 0.767 0.993 1.320 1.514 1.743 1.928 2.047 2.174 2.293 2.402 2.507 2.625 2.738 2.819 2.748 2.705 2.630 2.572 2.433 2.294 2.281 1.474
5.00 1.58 0.023 0.709 0.927 1.247 1.441 1.669 1.853 1.971 2.101 2.219 2.328 2.435 2.558 2.677 2.765 2.701 2.660 2.586 2.529 2.391 2.244 2.227 1.430
5.00 2.00 -0.037 0.645 0.856 1.170 1.364 1.590 1.773 1.891 2.024 2.141 2.250 2.359 2.485 2.611 2.705 2.647 2.608 2.537 2.480 2.342 2.189 2.166 1.380
5.00 2.51 -0.103 0.576 0.780 1.090 1.283 1.508 1.690 1.807 1.942 2.059 2.168 2.278 2.408 2.539 2.639 2.588 2.551 2.482 2.424 2.288 2.128 2.100 1.325
5.00 3.16 -0.173 0.502 0.701 1.005 1.199 1.422 1.603 1.721 1.857 1.974 2.083 2.194 2.327 2.463 2.568 2.522 2.488 2.420 2.363 2.228 2.061 2.029 1.265
5.00 3.98 -0.246 0.424 0.617 0.918 1.111 1.333 1.514 1.631 1.770 1.886 1.994 2.107 2.243 2.383 2.492 2.452 2.419 2.353 2.296 2.161 1.988 1.953 1.200
5.00 5.01 -0.323 0.341 0.531 0.828 1.021 1.242 1.423 1.539 1.679 1.795 1.903 2.017 2.155 2.298 2.411 2.376 2.344 2.280 2.223 2.089 1.910 1.871 1.130
5.00 6.31 -0.403 0.256 0.441 0.736 0.929 1.149 1.329 1.446 1.587 1.702 1.810 1.925 2.064 2.211 2.326 2.295 2.265 2.201 2.144 2.011 1.828 1.786 1.056
5.00 7.94 -0.484 0.167 0.349 0.642 0.834 1.054 1.234 1.350 1.492 1.607 1.715 1.831 1.971 2.120 2.238 2.210 2.180 2.118 2.061 1.928 1.740 1.697 0.978
5.00 10.00 -0.568 0.075 0.255 0.546 0.739 0.957 1.137 1.253 1.396 1.511 1.619 1.734 1.876 2.026 2.146 2.120 2.092 2.030 1.972 1.839 1.649 1.604 0.896
5.00 12.59 -0.654 -0.019 0.159 0.449 0.641 0.859 1.038 1.155 1.298 1.412 1.520 1.636 1.778 1.930 2.051 2.027 1.998 1.937 1.879 1.745 1.553 1.507 0.810
5.00 15.85 -0.741 -0.116 0.061 0.351 0.542 0.760 0.938 1.055 1.198 1.313 1.420 1.536 1.679 1.831 1.953 1.930 1.901 1.840 1.780 1.647 1.453 1.407 0.720
5.00 19.95 -0.829 -0.215 -0.038 0.251 0.442 0.659 0.837 0.954 1.097 1.211 1.319 1.435 1.578 1.730 1.852 1.829 1.800 1.738 1.677 1.543 1.349 1.304 0.627
5.00 25.12 -0.919 -0.316 -0.139 0.150 0.340 0.557 0.734 0.851 0.994 1.108 1.215 1.331 1.474 1.627 1.748 1.724 1.694 1.631 1.569 1.434 1.240 1.196 0.529
5.00 31.62 -1.011 -0.419 -0.242 0.048 0.236 0.453 0.629 0.747 0.890 1.004 1.110 1.226 1.369 1.520 1.640 1.615 1.583 1.518 1.455 1.318 1.126 1.084 0.427
5.00 39.81 -1.105 -0.524 -0.347 -0.056 0.131 0.347 0.523 0.641 0.784 0.897 1.003 1.119 1.261 1.411 1.528 1.500 1.467 1.400 1.335 1.196 1.007 0.968 0.319
5.00 50.12 -1.201 -0.633 -0.454 -0.161 0.024 0.239 0.414 0.532 0.675 0.788 0.894 1.008 1.150 1.298 1.412 1.381 1.344 1.275 1.207 1.065 0.880 0.845 0.206
5.00 63.10 -1.300 -0.744 -0.564 -0.269 -0.086 0.128 0.302 0.421 0.564 0.675 0.781 0.895 1.035 1.180 1.290 1.254 1.214 1.141 1.069 0.924 0.745 0.715 0.084
5.00 79.43 -1.403 -0.860 -0.677 -0.378 -0.198 0.015 0.187 0.307 0.449 0.560 0.664 0.777 0.916 1.058 1.162 1.119 1.074 0.997 0.921 0.771 0.599 0.577 -0.046
5.00 100.00 -1.510 -0.980 -0.793 -0.491 -0.314 -0.103 0.067 0.189 0.330 0.439 0.543 0.655 0.792 0.928 1.026 0.975 0.923 0.840 0.758 0.603 0.441 0.428 -0.188
5.00 125.89 -1.622 -1.106 -0.915 -0.607 -0.435 -0.225 -0.058 0.066 0.205 0.314 0.416 0.526 0.660 0.791 0.879 0.818 0.759 0.668 0.579 0.416 0.267 0.266 -0.344
5.00 158.49 -1.742 -1.238 -1.042 -0.727 -0.561 -0.353 -0.189 -0.063 0.075 0.181 0.283 0.390 0.521 0.644 0.720 0.645 0.576 0.476 0.378 0.206 0.073 0.087 -0.518
5.00 199.53 -1.870 -1.380 -1.176 -0.853 -0.694 -0.488 -0.329 -0.199 -0.064 0.040 0.140 0.244 0.371 0.484 0.546 0.453 0.372 0.259 0.150 -0.033 -0.146 -0.113 -0.714
5.00 251.19 -2.009 -1.533 -1.319 -0.986 -0.836 -0.633 -0.479 -0.345 -0.213 -0.112 -0.014 0.087 0.208 0.309 0.352 0.237 0.141 0.012 -0.111 -0.309 -0.396 -0.339 -0.939
5.00 316.23 -2.162 -1.699 -1.474 -1.127 -0.988 -0.790 -0.642 -0.504 -0.375 -0.277 -0.182 -0.086 0.029 0.114 0.133 -0.009 -0.125 -0.273 -0.414 -0.630 -0.685 -0.598 -1.198
5.00 398.11 -2.332 -1.883 -1.643 -1.279 -1.154 -0.961 -0.821 -0.677 -0.554 -0.459 -0.368 -0.277 -0.171 -0.106 -0.117 -0.293 -0.435 -0.607 -0.770 -1.010 -1.023 -0.898 -1.501
5.00 501.19 -2.524 -2.089 -1.831 -1.445 -1.338 -1.151 -1.022 -0.870 -0.752 -0.663 -0.577 -0.493 -0.397 -0.357 -0.406 -0.626 -0.798 -1.002 -1.193 -1.462 -1.423 -1.250 -1.860
5.00 630.96 -2.744 -2.323 -2.040 -1.628 -1.543 -1.364 -1.248 -1.086 -0.976 -0.894 -0.813 -0.738 -0.656 -0.648 -0.743 -1.019 -1.231 -1.473 -1.700 -2.005 -1.901 -1.668 -2.289
5.00 794.33 -2.998 -2.591 -2.279 -1.832 -1.776 -1.607 -1.507 -1.333 -1.232 -1.158 -1.085 -1.021 -0.956 -0.987 -1.142 -1.487 -1.749 -2.040 -2.312 -2.663 -2.477 -2.168 -2.805
5.00 1000.00 -3.296 -2.902 -2.553 -2.063 -2.043 -1.886 -1.807 -1.618 -1.528 -1.465 -1.401 -1.351 -1.308 -1.389 -1.619 -2.052 -2.376 -2.728 -3.056 -3.466 -3.176 -2.772 -3.432
5.25 1.00 0.311 0.996 1.238 1.571 1.761 1.987 2.161 2.273 2.381 2.495 2.600 2.692 2.794 2.889 2.952 2.862 2.809 2.723 2.658 2.509 2.382 2.381 1.553
5.25 1.26 0.267 0.950 1.183 1.510 1.699 1.923 2.096 2.207 2.319 2.433 2.536 2.632 2.738 2.840 2.909 2.826 2.775 2.691 2.626 2.478 2.344 2.339 1.519
5.25 1.58 0.218 0.898 1.124 1.442 1.632 1.854 2.026 2.137 2.252 2.365 2.468 2.566 2.677 2.785 2.861 2.784 2.735 2.654 2.589 2.442 2.301 2.291 1.481
5.25 2.00 0.163 0.841 1.058 1.370 1.560 1.780 1.952 2.061 2.179 2.292 2.395 2.495 2.610 2.725 2.807 2.736 2.690 2.611 2.546 2.401 2.253 2.238 1.437
5.25 2.51 0.103 0.778 0.988 1.294 1.483 1.701 1.873 1.982 2.103 2.214 2.317 2.419 2.538 2.659 2.746 2.682 2.638 2.562 2.497 2.353 2.198 2.178 1.388
5.25 3.16 0.039 0.709 0.913 1.213 1.403 1.619 1.790 1.898 2.022 2.133 2.236 2.339 2.462 2.588 2.680 2.623 2.581 2.506 2.443 2.299 2.137 2.113 1.333
5.25 3.98 -0.030 0.636 0.834 1.129 1.319 1.534 1.704 1.812 1.938 2.048 2.151 2.255 2.381 2.512 2.609 2.557 2.517 2.445 2.382 2.239 2.070 2.042 1.274
5.25 5.01 -0.103 0.558 0.750 1.042 1.231 1.445 1.615 1.723 1.850 1.960 2.063 2.169 2.297 2.431 2.533 2.486 2.448 2.378 2.314 2.173 1.998 1.965 1.208
5.25 6.31 -0.179 0.476 0.664 0.952 1.141 1.354 1.524 1.631 1.760 1.870 1.972 2.079 2.209 2.347 2.452 2.410 2.373 2.304 2.241 2.101 1.920 1.884 1.139
5.25 7.94 -0.258 0.390 0.574 0.860 1.049 1.261 1.430 1.537 1.667 1.777 1.879 1.986 2.119 2.259 2.367 2.328 2.293 2.225 2.162 2.022 1.837 1.799 1.064
5.25 10.00 -0.339 0.301 0.482 0.766 0.955 1.166 1.334 1.441 1.573 1.682 1.784 1.892 2.025 2.168 2.278 2.242 2.208 2.141 2.078 1.938 1.749 1.709 0.985
5.25 12.59 -0.423 0.209 0.388 0.670 0.858 1.069 1.237 1.344 1.476 1.585 1.686 1.795 1.930 2.073 2.185 2.151 2.118 2.052 1.988 1.849 1.656 1.615 0.902
5.25 15.85 -0.508 0.114 0.292 0.573 0.761 0.971 1.138 1.245 1.378 1.486 1.588 1.696 1.832 1.976 2.089 2.057 2.023 1.957 1.893 1.753 1.559 1.517 0.815
5.25 19.95 -0.596 0.017 0.193 0.474 0.661 0.870 1.037 1.145 1.277 1.386 1.487 1.596 1.732 1.877 1.989 1.957 1.924 1.858 1.793 1.652 1.457 1.415 0.723
5.25 25.12 -0.685 -0.082 0.093 0.373 0.560 0.769 0.935 1.043 1.176 1.284 1.384 1.493 1.629 1.774 1.886 1.854 1.820 1.753 1.687 1.545 1.350 1.310 0.627
5.25 31.62 -0.776 -0.185 -0.009 0.272 0.457 0.665 0.831 0.939 1.072 1.179 1.280 1.388 1.524 1.669 1.780 1.746 1.710 1.642 1.574 1.432 1.237 1.199 0.526
5.25 39.81 -0.869 -0.289 -0.113 0.168 0.352 0.560 0.725 0.833 0.966 1.073 1.173 1.281 1.417 1.560 1.669 1.633 1.595 1.525 1.455 1.311 1.119 1.083 0.420
5.25 50.12 -0.965 -0.397 -0.220 0.063 0.245 0.452 0.616 0.725 0.858 0.964 1.064 1.171 1.306 1.447 1.553 1.514 1.474 1.401 1.328 1.181 0.993 0.961 0.307
5.25 63.10 -1.063 -0.508 -0.329 -0.044 0.136 0.342 0.504 0.615 0.746 0.852 0.951 1.058 1.192 1.330 1.432 1.388 1.344 1.268 1.192 1.041 0.858 0.832 0.187
5.25 79.43 -1.166 -0.623 -0.442 -0.153 0.024 0.229 0.389 0.501 0.632 0.737 0.835 0.941 1.073 1.208 1.304 1.254 1.205 1.125 1.044 0.889 0.713 0.695 0.057
5.25 100.00 -1.272 -0.743 -0.558 -0.266 -0.092 0.111 0.270 0.383 0.513 0.617 0.714 0.819 0.949 1.079 1.168 1.110 1.055 0.969 0.882 0.721 0.556 0.546 -0.085
5.25 125.89 -1.385 -0.868 -0.679 -0.381 -0.212 -0.011 0.145 0.260 0.389 0.491 0.587 0.690 0.818 0.942 1.022 0.953 0.891 0.797 0.703 0.535 0.382 0.384 -0.241
5.25 158.49 -1.504 -1.001 -0.806 -0.502 -0.338 -0.139 0.014 0.131 0.258 0.359 0.454 0.554 0.679 0.795 0.864 0.781 0.709 0.605 0.503 0.326 0.188 0.205 -0.414
5.25 199.53 -1.632 -1.142 -0.940 -0.628 -0.471 -0.274 -0.125 -0.005 0.119 0.218 0.311 0.409 0.529 0.636 0.689 0.589 0.505 0.389 0.276 0.087 -0.030 0.006 -0.610
5.25 251.19 -1.771 -1.295 -1.084 -0.760 -0.613 -0.419 -0.275 -0.152 -0.030 0.066 0.157 0.251 0.366 0.460 0.495 0.374 0.273 0.142 0.015 -0.189 -0.280 -0.220 -0.834
5.25 316.23 -1.924 -1.461 -1.238 -0.901 -0.766 -0.575 -0.438 -0.310 -0.192 -0.099 -0.011 0.079 0.187 0.265 0.276 0.128 0.008 -0.143 -0.288 -0.510 -0.569 -0.479 -1.094
5.25 398.11 -2.094 -1.645 -1.407 -1.054 -0.932 -0.747 -0.618 -0.483 -0.370 -0.282 -0.197 -0.113 -0.013 0.045 0.027 -0.157 -0.302 -0.477 -0.644 -0.889 -0.907 -0.779 -1.397
5.25 501.19 -2.286 -1.851 -1.595 -1.219 -1.115 -0.937 -0.818 -0.676 -0.568 -0.485 -0.405 -0.328 -0.239 -0.206 -0.262 -0.489 -0.665 -0.871 -1.067 -1.341 -1.307 -1.131 -1.756
5.25 630.96 -2.506 -2.084 -1.804 -1.402 -1.321 -1.150 -1.044 -0.892 -0.792 -0.716 -0.641 -0.574 -0.498 -0.496 -0.599 -0.882 -1.097 -1.342 -1.573 -1.884 -1.785 -1.549 -2.184
5.25 794.33 -2.760 -2.352 -2.042 -1.606 -1.553 -1.392 -1.303 -1.139 -1.048 -0.980 -0.913 -0.856 -0.798 -0.836 -0.998 -1.351 -1.616 -1.909 -2.185 -2.542 -2.360 -2.049 -2.701
5.25 1000.00 -3.058 -2.664 -2.317 -1.837 -1.820 -1.672 -1.603 -1.424 -1.344 -1.288 -1.229 -1.187 -1.150 -1.237 -1.475 -1.915 -2.242 -2.598 -2.930 -3.344 -3.059 -2.652 -3.328
5.50 1.00 0.476 1.156 1.406 1.741 1.926 2.147 2.310 2.415 2.506 2.616 2.715 2.799 2.888 2.974 3.027 2.926 2.866 2.772 2.699 2.542 2.419 2.425 1.586
5.50 1.26 0.439 1.116 1.359 1.685 1.870 2.089 2.251 2.355 2.451 2.560 2.659 2.745 2.839 2.932 2.990 2.895 2.837 2.745 2.672 2.516 2.388 2.389 1.558
5.50 1.58 0.396 1.071 1.305 1.624 1.809 2.026 2.187 2.290 2.390 2.498 2.597 2.685 2.785 2.883 2.948 2.859 2.803 2.713 2.641 2.486 2.351 2.348 1.525
5.50 2.00 0.347 1.020 1.246 1.557 1.743 1.957 2.118 2.220 2.324 2.431 2.529 2.620 2.724 2.829 2.899 2.817 2.763 2.676 2.605 2.451 2.309 2.301 1.488
5.50 2.51 0.294 0.964 1.182 1.485 1.671 1.884 2.044 2.145 2.252 2.359 2.457 2.550 2.658 2.769 2.845 2.769 2.718 2.633 2.562 2.410 2.260 2.248 1.444
5.50 3.16 0.235 0.901 1.112 1.409 1.595 1.806 1.966 2.066 2.176 2.282 2.380 2.475 2.587 2.703 2.785 2.715 2.666 2.584 2.514 2.363 2.206 2.189 1.395
5.50 3.98 0.171 0.834 1.037 1.329 1.515 1.724 1.884 1.983 2.096 2.202 2.299 2.395 2.511 2.632 2.719 2.655 2.609 2.529 2.460 2.310 2.146 2.124 1.341
5.50 5.01 0.103 0.761 0.958 1.245 1.431 1.639 1.798 1.897 2.012 2.117 2.214 2.312 2.431 2.556 2.647 2.589 2.545 2.468 2.399 2.250 2.079 2.054 1.281
5.50 6.31 0.032 0.683 0.875 1.158 1.344 1.550 1.709 1.808 1.925 2.030 2.126 2.225 2.347 2.476 2.571 2.517 2.475 2.400 2.331 2.184 2.006 1.978 1.216
5.50 7.94 -0.044 0.601 0.789 1.068 1.254 1.460 1.618 1.717 1.835 1.939 2.035 2.136 2.260 2.391 2.489 2.440 2.399 2.326 2.258 2.111 1.928 1.896 1.146
5.50 10.00 -0.122 0.516 0.699 0.976 1.162 1.366 1.524 1.623 1.743 1.846 1.942 2.043 2.169 2.303 2.404 2.358 2.318 2.247 2.178 2.032 1.844 1.810 1.071
5.50 12.59 -0.203 0.426 0.607 0.882 1.067 1.271 1.429 1.527 1.648 1.751 1.847 1.948 2.075 2.211 2.314 2.271 2.232 2.161 2.093 1.947 1.755 1.720 0.991
5.50 15.85 -0.287 0.334 0.513 0.786 0.971 1.174 1.331 1.429 1.551 1.654 1.749 1.851 1.979 2.116 2.220 2.179 2.140 2.071 2.001 1.856 1.661 1.625 0.907
5.50 19.95 -0.372 0.239 0.416 0.688 0.872 1.074 1.231 1.330 1.452 1.554 1.650 1.752 1.880 2.018 2.122 2.082 2.044 1.974 1.904 1.758 1.562 1.525 0.818
5.50 25.12 -0.460 0.141 0.317 0.589 0.772 0.974 1.130 1.228 1.351 1.453 1.548 1.650 1.779 1.917 2.021 1.980 1.942 1.872 1.801 1.654 1.457 1.421 0.724
5.50 31.62 -0.550 0.040 0.215 0.487 0.670 0.871 1.026 1.125 1.248 1.350 1.444 1.546 1.675 1.813 1.915 1.874 1.834 1.763 1.691 1.543 1.346 1.312 0.624
5.50 39.81 -0.643 -0.064 0.112 0.385 0.566 0.766 0.920 1.020 1.142 1.244 1.338 1.439 1.568 1.705 1.806 1.762 1.721 1.648 1.574 1.424 1.229 1.198 0.519
5.50 50.12 -0.738 -0.171 0.006 0.280 0.459 0.659 0.812 0.912 1.035 1.135 1.229 1.330 1.458 1.593 1.691 1.644 1.600 1.525 1.448 1.296 1.105 1.077 0.408
5.50 63.10 -0.836 -0.281 -0.103 0.173 0.350 0.549 0.701 0.802 0.924 1.024 1.117 1.217 1.345 1.476 1.570 1.520 1.472 1.393 1.313 1.157 0.971 0.949 0.288
5.50 79.43 -0.938 -0.395 -0.215 0.064 0.238 0.436 0.586 0.688 0.809 0.909 1.001 1.100 1.226 1.355 1.443 1.386 1.334 1.251 1.166 1.006 0.827 0.811 0.159
5.50 100.00 -1.044 -0.515 -0.331 -0.048 0.123 0.319 0.467 0.571 0.691 0.789 0.880 0.978 1.102 1.226 1.308 1.242 1.184 1.095 1.005 0.839 0.670 0.663 0.018
5.50 125.89 -1.156 -0.640 -0.452 -0.164 0.003 0.197 0.343 0.448 0.567 0.664 0.754 0.850 0.972 1.089 1.162 1.086 1.020 0.924 0.827 0.654 0.497 0.502 -0.138
5.50 158.49 -1.275 -0.772 -0.579 -0.284 -0.123 0.069 0.211 0.319 0.436 0.531 0.620 0.714 0.833 0.943 1.004 0.914 0.839 0.733 0.627 0.445 0.304 0.323 -0.311
5.50 199.53 -1.403 -0.913 -0.713 -0.410 -0.256 -0.066 0.072 0.183 0.298 0.391 0.478 0.569 0.683 0.783 0.829 0.723 0.635 0.517 0.400 0.207 0.085 0.124 -0.507
5.50 251.19 -1.542 -1.066 -0.856 -0.542 -0.398 -0.211 -0.078 0.037 0.149 0.239 0.324 0.411 0.520 0.608 0.636 0.508 0.404 0.271 0.139 -0.069 -0.164 -0.102 -0.731
5.50 316.23 -1.695 -1.232 -1.011 -0.683 -0.550 -0.368 -0.241 -0.121 -0.013 0.074 0.156 0.239 0.341 0.413 0.417 0.262 0.138 -0.014 -0.163 -0.390 -0.453 -0.360 -0.989
5.50 398.11 -1.865 -1.416 -1.180 -0.835 -0.716 -0.539 -0.420 -0.295 -0.191 -0.109 -0.030 0.047 0.141 0.193 0.168 -0.023 -0.171 -0.348 -0.519 -0.768 -0.791 -0.660 -1.293
5.50 501.19 -2.057 -1.622 -1.367 -1.001 -0.900 -0.729 -0.620 -0.487 -0.389 -0.312 -0.238 -0.168 -0.085 -0.057 -0.121 -0.355 -0.534 -0.742 -0.942 -1.220 -1.190 -1.012 -1.651
5.50 630.96 -2.276 -1.855 -1.576 -1.184 -1.105 -0.942 -0.847 -0.704 -0.613 -0.543 -0.475 -0.413 -0.344 -0.348 -0.458 -0.747 -0.966 -1.213 -1.448 -1.763 -1.668 -1.430 -2.080
5.50 794.33 -2.530 -2.123 -1.815 -1.388 -1.338 -1.184 -1.105 -0.951 -0.869 -0.807 -0.746 -0.696 -0.643 -0.687 -0.858 -1.216 -1.484 -1.780 -2.060 -2.421 -2.244 -1.929 -2.596
5.50 1000.00 -2.828 -2.434 -2.089 -1.619 -1.605 -1.464 -1.405 -1.235 -1.165 -1.114 -1.062 -1.026 -0.995 -1.089 -1.334 -1.780 -2.111 -2.468 -2.804 -3.223 -2.943 -2.533 -3.223
5.75 1.00 0.626 1.300 1.560 1.896 2.076 2.293 2.445 2.543 2.618 2.723 2.819 2.893 2.971 3.050 3.094 2.984 2.916 2.814 2.734 2.569 2.450 2.462 1.614
5.75 1.26 0.594 1.267 1.519 1.846 2.027 2.241 2.393 2.490 2.569 2.674 2.769 2.846 2.929 3.013 3.062 2.957 2.891 2.792 2.712 2.548 2.424 2.432 1.591
5.75 1.58 0.558 1.228 1.472 1.791 1.973 2.184 2.336 2.431 2.515 2.619 2.714 2.793 2.881 2.971 3.025 2.926 2.862 2.765 2.686 2.524 2.393 2.397 1.563
5.75 2.00 0.516 1.184 1.419 1.730 1.912 2.122 2.273 2.367 2.456 2.559 2.652 2.734 2.827 2.923 2.983 2.890 2.828 2.734 2.655 2.494 2.357 2.357 1.531
5.75 2.51 0.468 1.134 1.361 1.664 1.847 2.054 2.204 2.298 2.390 2.493 2.586 2.670 2.768 2.869 2.934 2.847 2.789 2.697 2.619 2.459 2.315 2.311 1.494
5.75 3.16 0.416 1.078 1.297 1.593 1.776 1.981 2.131 2.224 2.320 2.421 2.514 2.600 2.702 2.809 2.880 2.799 2.743 2.654 2.577 2.419 2.268 2.258 1.451
5.75 3.98 0.358 1.016 1.227 1.517 1.700 1.904 2.053 2.145 2.245 2.345 2.438 2.526 2.632 2.744 2.820 2.745 2.692 2.605 2.529 2.372 2.214 2.200 1.402
5.75 5.01 0.296 0.949 1.153 1.437 1.620 1.822 1.971 2.063 2.165 2.265 2.357 2.447 2.557 2.673 2.754 2.685 2.634 2.550 2.475 2.319 2.153 2.135 1.348
5.75 6.31 0.228 0.876 1.074 1.353 1.537 1.737 1.886 1.977 2.082 2.181 2.273 2.364 2.477 2.597 2.682 2.618 2.570 2.488 2.414 2.260 2.087 2.065 1.288
5.75 7.94 0.157 0.799 0.992 1.267 1.450 1.649 1.798 1.888 1.995 2.094 2.185 2.277 2.393 2.516 2.605 2.546 2.499 2.420 2.346 2.193 2.014 1.989 1.223
5.75 10.00 0.083 0.718 0.905 1.177 1.360 1.558 1.706 1.796 1.905 2.004 2.094 2.188 2.305 2.432 2.523 2.468 2.423 2.346 2.272 2.120 1.935 1.907 1.153
5.75 12.59 0.005 0.632 0.816 1.084 1.267 1.464 1.612 1.702 1.812 1.910 2.001 2.095 2.215 2.343 2.436 2.384 2.341 2.265 2.192 2.040 1.851 1.821 1.077
5.75 15.85 -0.076 0.542 0.723 0.990 1.172 1.369 1.516 1.606 1.717 1.815 1.905 2.000 2.121 2.250 2.345 2.295 2.253 2.178 2.105 1.953 1.760 1.729 0.996
5.75 19.95 -0.160 0.450 0.628 0.894 1.075 1.271 1.418 1.508 1.620 1.717 1.806 1.902 2.024 2.154 2.250 2.202 2.159 2.085 2.011 1.860 1.664 1.632 0.909
5.75 25.12 -0.246 0.353 0.530 0.795 0.976 1.171 1.317 1.407 1.520 1.617 1.706 1.801 1.924 2.055 2.151 2.103 2.060 1.986 1.911 1.759 1.562 1.530 0.818
5.75 31.62 -0.335 0.254 0.430 0.695 0.875 1.069 1.215 1.305 1.418 1.514 1.603 1.698 1.821 1.952 2.047 1.998 1.954 1.880 1.804 1.651 1.454 1.423 0.720
5.75 39.81 -0.426 0.152 0.328 0.593 0.772 0.965 1.110 1.200 1.313 1.409 1.498 1.593 1.715 1.845 1.938 1.888 1.843 1.767 1.689 1.534 1.338 1.310 0.617
5.75 50.12 -0.520 0.046 0.223 0.489 0.666 0.858 1.002 1.093 1.206 1.301 1.389 1.484 1.606 1.734 1.825 1.771 1.724 1.646 1.565 1.408 1.215 1.191 0.507
5.75 63.10 -0.617 -0.063 0.114 0.383 0.557 0.749 0.891 0.984 1.096 1.190 1.278 1.371 1.493 1.619 1.705 1.648 1.597 1.516 1.432 1.271 1.083 1.064 0.388
5.75 79.43 -0.719 -0.177 0.003 0.274 0.446 0.636 0.777 0.870 0.982 1.075 1.162 1.255 1.375 1.497 1.579 1.515 1.460 1.374 1.286 1.122 0.940 0.928 0.260
5.75 100.00 -0.824 -0.296 -0.113 0.162 0.330 0.519 0.658 0.753 0.864 0.956 1.042 1.133 1.252 1.369 1.444 1.372 1.311 1.220 1.126 0.956 0.784 0.780 0.119
5.75 125.89 -0.936 -0.420 -0.233 0.046 0.210 0.397 0.534 0.631 0.740 0.831 0.915 1.005 1.121 1.233 1.298 1.216 1.148 1.049 0.949 0.772 0.611 0.619 -0.035
5.75 158.49 -1.055 -0.552 -0.360 -0.074 0.085 0.270 0.403 0.502 0.610 0.699 0.782 0.870 0.982 1.087 1.140 1.045 0.967 0.859 0.749 0.563 0.418 0.441 -0.208
5.75 199.53 -1.183 -0.693 -0.494 -0.199 -0.048 0.135 0.263 0.366 0.471 0.558 0.640 0.725 0.833 0.927 0.966 0.854 0.763 0.644 0.523 0.326 0.201 0.242 -0.404
5.75 251.19 -1.321 -0.845 -0.637 -0.332 -0.189 -0.010 0.113 0.220 0.322 0.407 0.486 0.567 0.670 0.752 0.773 0.639 0.533 0.397 0.263 0.051 -0.049 0.017 -0.627
5.75 316.23 -1.474 -1.012 -0.791 -0.473 -0.342 -0.166 -0.049 0.062 0.161 0.242 0.318 0.395 0.491 0.558 0.555 0.393 0.267 0.113 -0.040 -0.270 -0.337 -0.241 -0.886
5.75 398.11 -1.644 -1.195 -0.960 -0.625 -0.508 -0.338 -0.229 -0.112 -0.017 0.059 0.132 0.203 0.292 0.338 0.305 0.109 -0.042 -0.220 -0.395 -0.648 -0.675 -0.541 -1.189
5.75 501.19 -1.836 -1.401 -1.147 -0.790 -0.691 -0.527 -0.429 -0.304 -0.215 -0.144 -0.076 -0.012 0.066 0.087 0.017 -0.223 -0.405 -0.615 -0.817 -1.100 -1.074 -0.893 -1.547
5.75 630.96 -2.055 -1.634 -1.357 -0.973 -0.897 -0.740 -0.655 -0.521 -0.439 -0.375 -0.312 -0.257 -0.193 -0.203 -0.321 -0.615 -0.837 -1.085 -1.323 -1.642 -1.552 -1.311 -1.975
5.75 794.33 -2.309 -1.902 -1.595 -1.177 -1.129 -0.983 -0.914 -0.767 -0.695 -0.639 -0.584 -0.540 -0.493 -0.543 -0.720 -1.084 -1.355 -1.652 -1.935 -2.300 -2.127 -1.810 -2.492
5.75 1000.00 -2.607 -2.213 -1.869 -1.408 -1.396 -1.262 -1.214 -1.052 -0.992 -0.946 -0.900 -0.870 -0.845 -0.944 -1.196 -1.648 -1.981 -2.340 -2.680 -3.103 -2.826 -2.414 -3.119
6.00 1.00 0.761 1.429 1.698 2.036 2.212 2.424 2.566 2.657 2.716 2.818 2.910 2.975 3.042 3.116 3.152 3.034 2.959 2.850 2.763 2.592 2.476 2.493 1.637
6.00 1.26 0.734 1.401 1.663 1.993 2.170 2.380 2.521 2.611 2.675 2.775 2.867 2.935 3.006 3.085 3.126 3.012 2.939 2.832 2.746 2.575 2.454 2.468 1.618
6.00 1.58 0.704 1.369 1.623 1.944 2.122 2.329 2.470 2.559 2.628 2.727 2.818 2.889 2.965 3.048 3.094 2.986 2.915 2.810 2.724 2.555 2.429 2.439 1.595
6.00 2.00 0.668 1.331 1.577 1.890 2.068 2.273 2.414 2.502 2.575 2.674 2.764 2.837 2.918 3.007 3.057 2.954 2.886 2.784 2.699 2.530 2.399 2.405 1.568
6.00 2.51 0.627 1.288 1.525 1.830 2.008 2.211 2.352 2.438 2.516 2.614 2.703 2.779 2.865 2.959 3.015 2.918 2.852 2.752 2.668 2.501 2.363 2.365 1.536
6.00 3.16 0.581 1.238 1.467 1.764 1.943 2.144 2.284 2.370 2.452 2.549 2.637 2.715 2.807 2.905 2.967 2.875 2.812 2.716 2.632 2.467 2.322 2.319 1.499
6.00 3.98 0.529 1.183 1.403 1.693 1.873 2.072 2.212 2.296 2.382 2.479 2.566 2.646 2.742 2.846 2.912 2.827 2.766 2.673 2.591 2.427 2.274 2.268 1.457
6.00 5.01 0.473 1.122 1.335 1.618 1.798 1.995 2.134 2.218 2.308 2.403 2.491 2.573 2.673 2.781 2.852 2.772 2.715 2.624 2.543 2.381 2.221 2.210 1.408
6.00 6.31 0.411 1.055 1.261 1.538 1.718 1.913 2.053 2.136 2.229 2.324 2.410 2.494 2.598 2.710 2.785 2.711 2.656 2.569 2.489 2.328 2.160 2.145 1.354
6.00 7.94 0.345 0.983 1.182 1.454 1.635 1.829 1.968 2.051 2.146 2.240 2.326 2.411 2.518 2.634 2.713 2.644 2.592 2.507 2.427 2.268 2.094 2.075 1.295
6.00 10.00 0.274 0.906 1.100 1.367 1.548 1.740 1.879 1.962 2.059 2.153 2.238 2.325 2.434 2.553 2.635 2.571 2.520 2.438 2.359 2.201 2.020 1.999 1.229
6.00 12.59 0.200 0.825 1.013 1.278 1.458 1.649 1.788 1.870 1.969 2.062 2.148 2.235 2.347 2.468 2.553 2.492 2.443 2.362 2.284 2.127 1.941 1.917 1.157
6.00 15.85 0.122 0.739 0.923 1.185 1.365 1.555 1.694 1.776 1.876 1.969 2.054 2.142 2.255 2.378 2.465 2.407 2.359 2.280 2.202 2.046 1.855 1.829 1.080
6.00 19.95 0.041 0.649 0.830 1.090 1.270 1.459 1.597 1.679 1.781 1.873 1.957 2.046 2.161 2.285 2.373 2.316 2.269 2.191 2.113 1.957 1.762 1.736 0.997
6.00 25.12 -0.042 0.555 0.735 0.993 1.172 1.361 1.498 1.580 1.683 1.774 1.858 1.947 2.063 2.187 2.275 2.220 2.173 2.096 2.017 1.860 1.664 1.637 0.909
6.00 31.62 -0.129 0.458 0.636 0.894 1.072 1.260 1.396 1.479 1.582 1.673 1.756 1.845 1.962 2.086 2.174 2.118 2.070 1.993 1.913 1.756 1.558 1.532 0.814
6.00 39.81 -0.219 0.357 0.535 0.793 0.970 1.156 1.292 1.375 1.478 1.569 1.652 1.741 1.857 1.981 2.067 2.010 1.961 1.882 1.801 1.642 1.445 1.421 0.713
6.00 50.12 -0.312 0.253 0.431 0.690 0.865 1.050 1.185 1.268 1.372 1.462 1.544 1.633 1.749 1.871 1.954 1.895 1.844 1.763 1.680 1.519 1.324 1.304 0.604
6.00 63.10 -0.408 0.145 0.323 0.584 0.757 0.941 1.075 1.159 1.262 1.351 1.433 1.521 1.637 1.756 1.836 1.772 1.718 1.635 1.548 1.384 1.193 1.178 0.487
6.00 79.43 -0.509 0.032 0.212 0.476 0.646 0.829 0.961 1.046 1.149 1.237 1.318 1.405 1.519 1.636 1.710 1.641 1.582 1.495 1.404 1.236 1.051 1.043 0.360
6.00 100.00 -0.614 -0.086 0.097 0.364 0.531 0.713 0.842 0.929 1.031 1.118 1.198 1.284 1.396 1.508 1.576 1.499 1.435 1.342 1.245 1.072 0.896 0.896 0.220
6.00 125.89 -0.725 -0.210 -0.023 0.249 0.411 0.591 0.718 0.807 0.908 0.993 1.072 1.156 1.267 1.373 1.431 1.344 1.272 1.172 1.069 0.888 0.724 0.736 0.066
6.00 158.49 -0.844 -0.341 -0.149 0.129 0.285 0.464 0.588 0.679 0.778 0.862 0.939 1.021 1.128 1.227 1.274 1.173 1.092 0.982 0.870 0.681 0.532 0.558 -0.106
6.00 199.53 -0.971 -0.482 -0.283 0.004 0.153 0.329 0.449 0.543 0.639 0.721 0.797 0.876 0.979 1.068 1.100 0.982 0.889 0.768 0.645 0.444 0.315 0.360 -0.301
6.00 251.19 -1.110 -0.634 -0.425 -0.129 0.012 0.184 0.299 0.397 0.491 0.570 0.643 0.719 0.817 0.893 0.907 0.768 0.659 0.522 0.385 0.170 0.067 0.135 -0.524
6.00 316.23 -1.262 -0.800 -0.580 -0.269 -0.141 0.028 0.136 0.239 0.329 0.405 0.475 0.546 0.638 0.698 0.689 0.522 0.394 0.238 0.083 -0.150 -0.221 -0.123 -0.782
6.00 398.11 -1.432 -0.983 -0.749 -0.421 -0.307 -0.143 -0.043 0.066 0.151 0.223 0.290 0.355 0.438 0.479 0.440 0.238 0.085 -0.095 -0.272 -0.528 -0.559 -0.423 -1.085
6.00 501.19 -1.624 -1.189 -0.935 -0.587 -0.490 -0.333 -0.243 -0.127 -0.047 0.019 0.082 0.140 0.212 0.228 0.152 -0.093 -0.278 -0.489 -0.694 -0.979 -0.958 -0.774 -1.443
6.00 630.96 -1.843 -1.422 -1.145 -0.769 -0.695 -0.546 -0.469 -0.343 -0.270 -0.211 -0.154 -0.105 -0.046 -0.062 -0.186 -0.486 -0.709 -0.959 -1.200 -1.522 -1.436 -1.192 -1.871
6.00 794.33 -2.097 -1.689 -1.383 -0.973 -0.928 -0.788 -0.728 -0.590 -0.526 -0.476 -0.426 -0.388 -0.346 -0.401 -0.585 -0.954 -1.227 -1.526 -1.811 -2.179 -2.011 -1.691 -2.387
6.00 1000.00 -2.394 -2.001 -1.657 -1.205 -1.194 -1.067 -1.028 -0.875 -0.823 -0.783 -0.742 -0.718 -0.698 -0.803 -1.061 -1.518 -1.854 -2.214 -2.556 -2.982 -2.710 -2.295 -3.014
6.25 1.00 0.881 1.544 1.822 2.162 2.334 2.543 2.673 2.758 2.802 2.899 2.989 3.046 3.102 3.173 3.204 3.079 2.997 2.882 2.788 2.611 2.497 2.518 1.656
6.25 1.26 0.860 1.521 1.793 2.125 2.298 2.504 2.635 2.719 2.767 2.864 2.952 3.012 3.072 3.147 3.181 3.061 2.981 2.867 2.774 2.597 2.480 2.498 1.641
6.25 1.58 0.834 1.494 1.759 2.083 2.256 2.460 2.591 2.674 2.727 2.823 2.910 2.972 3.038 3.116 3.155 3.038 2.960 2.849 2.756 2.581 2.459 2.474 1.622
6.25 2.00 0.804 1.462 1.719 2.035 2.209 2.411 2.541 2.623 2.681 2.776 2.862 2.927 2.997 3.080 3.123 3.012 2.936 2.827 2.735 2.561 2.433 2.445 1.599
6.25 2.51 0.770 1.425 1.673 1.981 2.156 2.355 2.486 2.566 2.629 2.723 2.809 2.876 2.951 3.039 3.086 2.980 2.907 2.800 2.710 2.537 2.404 2.412 1.573
6.25 3.16 0.730 1.382 1.622 1.921 2.097 2.294 2.424 2.504 2.571 2.664 2.749 2.819 2.899 2.991 3.044 2.943 2.873 2.769 2.680 2.508 2.368 2.373 1.541
6.25 3.98 0.685 1.334 1.565 1.856 2.033 2.227 2.358 2.436 2.508 2.600 2.684 2.756 2.841 2.938 2.995 2.901 2.833 2.732 2.644 2.474 2.327 2.328 1.504
6.25 5.01 0.634 1.279 1.502 1.785 1.963 2.155 2.286 2.363 2.439 2.531 2.614 2.688 2.778 2.879 2.941 2.852 2.787 2.690 2.603 2.434 2.280 2.276 1.462
6.25 6.31 0.578 1.219 1.433 1.710 1.888 2.079 2.209 2.286 2.365 2.456 2.539 2.615 2.709 2.814 2.880 2.797 2.735 2.641 2.555 2.388 2.227 2.219 1.414
6.25 7.94 0.518 1.153 1.360 1.631 1.809 1.998 2.128 2.204 2.287 2.377 2.459 2.536 2.634 2.743 2.813 2.735 2.676 2.585 2.500 2.335 2.166 2.155 1.360
6.25 10.00 0.452 1.081 1.282 1.547 1.726 1.913 2.043 2.118 2.204 2.293 2.375 2.454 2.555 2.667 2.740 2.667 2.611 2.522 2.439 2.275 2.099 2.084 1.299
6.25 12.59 0.382 1.004 1.199 1.460 1.639 1.825 1.955 2.030 2.118 2.206 2.287 2.367 2.471 2.586 2.662 2.593 2.538 2.453 2.370 2.207 2.025 2.007 1.233
6.25 15.85 0.308 0.922 1.112 1.370 1.548 1.733 1.863 1.938 2.028 2.116 2.196 2.277 2.383 2.500 2.578 2.512 2.459 2.376 2.293 2.132 1.944 1.924 1.160
6.25 19.95 0.231 0.836 1.022 1.278 1.455 1.639 1.768 1.843 1.934 2.022 2.101 2.183 2.291 2.409 2.489 2.425 2.374 2.292 2.209 2.048 1.856 1.835 1.082
6.25 25.12 0.150 0.746 0.929 1.182 1.359 1.542 1.671 1.745 1.838 1.925 2.004 2.087 2.196 2.314 2.395 2.332 2.281 2.200 2.118 1.956 1.761 1.740 0.997
6.25 31.62 0.065 0.651 0.832 1.085 1.261 1.443 1.571 1.645 1.739 1.825 1.904 1.987 2.097 2.215 2.295 2.233 2.182 2.101 2.018 1.856 1.659 1.638 0.905
6.25 39.81 -0.023 0.553 0.732 0.985 1.159 1.340 1.468 1.543 1.637 1.723 1.801 1.883 1.994 2.112 2.191 2.127 2.075 1.994 1.909 1.746 1.549 1.530 0.806
6.25 50.12 -0.114 0.450 0.629 0.882 1.055 1.235 1.361 1.437 1.532 1.617 1.694 1.776 1.887 2.003 2.080 2.014 1.960 1.877 1.790 1.626 1.430 1.414 0.700
6.25 63.10 -0.209 0.343 0.523 0.777 0.948 1.127 1.252 1.329 1.423 1.507 1.584 1.666 1.775 1.890 1.963 1.893 1.836 1.751 1.661 1.494 1.302 1.290 0.584
6.25 79.43 -0.309 0.231 0.413 0.669 0.838 1.015 1.139 1.216 1.310 1.393 1.469 1.550 1.659 1.770 1.838 1.763 1.702 1.613 1.519 1.348 1.161 1.156 0.458
6.25 100.00 -0.413 0.114 0.298 0.558 0.723 0.899 1.021 1.100 1.193 1.275 1.350 1.430 1.537 1.643 1.705 1.622 1.556 1.461 1.362 1.186 1.008 1.011 0.320
6.25 125.89 -0.524 -0.009 0.179 0.444 0.604 0.778 0.897 0.978 1.070 1.151 1.224 1.302 1.407 1.508 1.561 1.468 1.394 1.293 1.187 1.004 0.837 0.852 0.167
6.25 158.49 -0.642 -0.140 0.053 0.324 0.479 0.651 0.767 0.850 0.940 1.019 1.091 1.167 1.269 1.363 1.404 1.298 1.215 1.104 0.990 0.797 0.646 0.675 -0.004
6.25 199.53 -0.769 -0.280 -0.080 0.199 0.347 0.516 0.628 0.714 0.802 0.879 0.949 1.023 1.121 1.204 1.231 1.108 1.013 0.890 0.765 0.561 0.429 0.477 -0.198
6.25 251.19 -0.907 -0.431 -0.223 0.067 0.206 0.372 0.478 0.568 0.654 0.728 0.796 0.866 0.959 1.030 1.038 0.894 0.783 0.645 0.506 0.288 0.181 0.253 -0.421
6.25 316.23 -1.059 -0.597 -0.377 -0.074 0.054 0.216 0.316 0.410 0.492 0.563 0.628 0.694 0.780 0.836 0.820 0.649 0.518 0.362 0.205 -0.031 -0.106 -0.005 -0.679
6.25 398.11 -1.228 -0.780 -0.545 -0.226 -0.112 0.045 0.137 0.237 0.315 0.381 0.443 0.503 0.580 0.616 0.571 0.365 0.210 0.029 -0.150 -0.409 -0.443 -0.304 -0.981
6.25 501.19 -1.420 -0.985 -0.732 -0.391 -0.296 -0.144 -0.063 0.045 0.117 0.178 0.235 0.288 0.355 0.366 0.283 0.033 -0.153 -0.364 -0.572 -0.860 -0.843 -0.656 -1.339
6.25 630.96 -1.639 -1.218 -0.941 -0.574 -0.501 -0.357 -0.289 -0.171 -0.107 -0.053 -0.001 0.043 0.096 0.076 -0.054 -0.359 -0.584 -0.835 -1.077 -1.402 -1.320 -1.073 -1.767
6.25 794.33 -1.893 -1.486 -1.179 -0.778 -0.733 -0.600 -0.548 -0.418 -0.363 -0.317 -0.272 -0.240 -0.204 -0.264 -0.453 -0.827 -1.102 -1.401 -1.689 -2.059 -1.895 -1.572 -2.283
6.25 1000.00 -2.190 -1.797 -1.453 -1.009 -1.000 -0.879 -0.848 -0.703 -0.659 -0.624 -0.588 -0.570 -0.555 -0.665 -0.929 -1.391 -1.728 -2.089 -2.433 -2.861 -2.594 -2.176 -2.910
6.50 1.00 0.988 1.645 1.933 2.274 2.442 2.647 2.767 2.847 2.875 2.969 3.056 3.106 3.152 3.221 3.248 3.118 3.031 2.908 2.809 2.626 2.514 2.539 1.672
6.50 1.26 0.971 1.627 1.908 2.243 2.412 2.615 2.735 2.814 2.846 2.940 3.026 3.077 3.128 3.200 3.229 3.103 3.017 2.896 2.798 2.616 2.500 2.522 1.659
6.50 1.58 0.950 1.604 1.879 2.207 2.377 2.577 2.698 2.775 2.812 2.905 2.990 3.044 3.099 3.174 3.207 3.084 3.000 2.881 2.784 2.602 2.483 2.503 1.644
6.50 2.00 0.925 1.578 1.846 2.165 2.336 2.534 2.655 2.731 2.773 2.865 2.949 3.005 3.065 3.144 3.180 3.062 2.980 2.863 2.766 2.586 2.462 2.479 1.625
6.50 2.51 0.896 1.547 1.806 2.117 2.289 2.485 2.606 2.681 2.728 2.819 2.902 2.961 3.025 3.108 3.149 3.035 2.955 2.841 2.745 2.566 2.438 2.452 1.603
6.50 3.16 0.863 1.511 1.762 2.064 2.237 2.430 2.551 2.625 2.678 2.767 2.849 2.911 2.980 3.067 3.112 3.003 2.926 2.815 2.720 2.543 2.408 2.419 1.577
6.50 3.98 0.824 1.469 1.711 2.005 2.179 2.370 2.491 2.564 2.621 2.710 2.791 2.855 2.929 3.020 3.069 2.966 2.892 2.784 2.690 2.514 2.373 2.380 1.545
6.50 5.01 0.780 1.421 1.654 1.940 2.115 2.304 2.425 2.496 2.559 2.646 2.726 2.793 2.872 2.967 3.021 2.923 2.852 2.747 2.655 2.480 2.332 2.335 1.509
6.50 6.31 0.730 1.367 1.592 1.870 2.045 2.232 2.354 2.424 2.491 2.577 2.656 2.725 2.809 2.908 2.966 2.874 2.805 2.704 2.613 2.440 2.285 2.284 1.466
6.50 7.94 0.675 1.307 1.524 1.795 1.971 2.156 2.277 2.347 2.418 2.503 2.582 2.652 2.740 2.843 2.905 2.818 2.753 2.655 2.565 2.394 2.231 2.227 1.418
6.50 10.00 0.615 1.241 1.450 1.716 1.892 2.075 2.197 2.266 2.340 2.425 2.502 2.574 2.666 2.772 2.837 2.755 2.693 2.598 2.510 2.341 2.171 2.163 1.364
6.50 12.59 0.551 1.169 1.372 1.633 1.809 1.990 2.112 2.180 2.257 2.341 2.418 2.491 2.587 2.695 2.764 2.686 2.626 2.535 2.447 2.279 2.103 2.092 1.303
6.50 15.85 0.481 1.093 1.290 1.546 1.722 1.902 2.023 2.091 2.171 2.254 2.330 2.405 2.503 2.613 2.684 2.610 2.552 2.464 2.377 2.210 2.028 2.014 1.235
6.50 19.95 0.408 1.011 1.203 1.455 1.631 1.810 1.931 1.999 2.080 2.163 2.239 2.314 2.415 2.527 2.599 2.528 2.472 2.385 2.299 2.133 1.945 1.930 1.161
6.50 25.12 0.330 0.924 1.112 1.362 1.537 1.715 1.836 1.904 1.987 2.069 2.144 2.220 2.322 2.435 2.508 2.439 2.383 2.298 2.212 2.047 1.855 1.839 1.080
6.50 31.62 0.248 0.832 1.018 1.266 1.441 1.617 1.737 1.805 1.889 1.971 2.045 2.122 2.225 2.338 2.412 2.343 2.288 2.203 2.117 1.951 1.757 1.741 0.992
6.50 39.81 0.163 0.736 0.920 1.167 1.341 1.517 1.636 1.704 1.789 1.870 1.943 2.020 2.124 2.237 2.309 2.240 2.184 2.100 2.012 1.846 1.650 1.636 0.897
6.50 50.12 0.073 0.636 0.818 1.066 1.238 1.413 1.531 1.599 1.685 1.765 1.838 1.914 2.019 2.130 2.201 2.129 2.072 1.987 1.897 1.729 1.534 1.522 0.793
6.50 63.10 -0.020 0.531 0.713 0.962 1.132 1.305 1.422 1.492 1.577 1.657 1.729 1.805 1.909 2.018 2.085 2.010 1.950 1.863 1.771 1.600 1.408 1.401 0.679
6.50 79.43 -0.119 0.421 0.604 0.855 1.022 1.194 1.310 1.380 1.466 1.544 1.615 1.690 1.794 1.900 1.962 1.882 1.818 1.727 1.631 1.457 1.270 1.268 0.555
6.50 100.00 -0.222 0.305 0.491 0.745 0.908 1.079 1.192 1.264 1.349 1.426 1.496 1.570 1.672 1.774 1.830 1.742 1.673 1.577 1.476 1.297 1.117 1.125 0.419
6.50 125.89 -0.332 0.183 0.372 0.630 0.790 0.959 1.069 1.143 1.227 1.303 1.371 1.444 1.544 1.640 1.687 1.589 1.513 1.410 1.303 1.117 0.948 0.966 0.267
6.50 158.49 -0.449 0.053 0.247 0.511 0.665 0.832 0.939 1.015 1.098 1.172 1.239 1.309 1.406 1.495 1.530 1.420 1.335 1.223 1.107 0.913 0.758 0.791 0.097
6.50 199.53 -0.575 -0.087 0.114 0.387 0.533 0.697 0.801 0.880 0.960 1.032 1.097 1.165 1.258 1.337 1.358 1.231 1.134 1.010 0.883 0.678 0.542 0.594 -0.097
6.50 251.19 -0.713 -0.238 -0.028 0.255 0.392 0.553 0.652 0.734 0.812 0.881 0.944 1.008 1.096 1.163 1.165 1.017 0.904 0.766 0.625 0.406 0.295 0.370 -0.319
6.50 316.23 -0.865 -0.403 -0.182 0.114 0.240 0.397 0.489 0.576 0.651 0.716 0.777 0.837 0.918 0.969 0.948 0.772 0.640 0.483 0.325 0.087 0.008 0.113 -0.576
6.50 398.11 -1.034 -0.586 -0.350 -0.038 0.075 0.226 0.310 0.404 0.473 0.535 0.591 0.646 0.719 0.750 0.699 0.489 0.333 0.151 -0.030 -0.290 -0.328 -0.186 -0.878
6.50 501.19 -1.225 -0.791 -0.537 -0.203 -0.108 0.037 0.110 0.211 0.275 0.331 0.384 0.431 0.493 0.500 0.412 0.158 -0.030 -0.242 -0.451 -0.740 -0.727 -0.537 -1.236
6.50 630.96 -1.444 -1.023 -0.746 -0.385 -0.313 -0.176 -0.115 -0.005 0.052 0.101 0.148 0.186 0.235 0.210 0.075 -0.234 -0.461 -0.712 -0.956 -1.282 -1.204 -0.954 -1.663
6.50 794.33 -1.698 -1.291 -0.984 -0.589 -0.546 -0.418 -0.374 -0.251 -0.204 -0.163 -0.124 -0.097 -0.065 -0.129 -0.324 -0.702 -0.979 -1.278 -1.567 -1.939 -1.779 -1.454 -2.179
6.50 1000.00 -1.995 -1.602 -1.258 -0.820 -0.812 -0.697 -0.674 -0.536 -0.500 -0.470 -0.440 -0.427 -0.416 -0.531 -0.800 -1.266 -1.605 -1.966 -2.311 -2.741 -2.478 -2.057 -2.806
6.75 1.00 1.082 1.733 2.029 2.373 2.538 2.739 2.849 2.923 2.937 3.028 3.112 3.155 3.193 3.262 3.286 3.152 3.059 2.931 2.827 2.639 2.528 2.555 1.684
6.75 1.26 1.068 1.719 2.010 2.347 2.512 2.712 2.822 2.896 2.913 3.003 3.087 3.132 3.173 3.244 3.270 3.140 3.048 2.921 2.818 2.631 2.517 2.543 1.674
6.75 1.58 1.052 1.701 1.986 2.317 2.483 2.680 2.791 2.863 2.885 2.975 3.058 3.104 3.149 3.223 3.252 3.124 3.034 2.909 2.806 2.620 2.503 2.527 1.662
6.75 2.00 1.032 1.679 1.958 2.281 2.448 2.644 2.754 2.826 2.852 2.941 3.023 3.072 3.121 3.198 3.229 3.105 3.017 2.894 2.792 2.607 2.486 2.508 1.647
6.75 2.51 1.008 1.653 1.924 2.240 2.408 2.601 2.712 2.782 2.814 2.902 2.983 3.034 3.088 3.168 3.203 3.083 2.997 2.876 2.775 2.591 2.466 2.485 1.628
6.75 3.16 0.980 1.623 1.886 2.193 2.362 2.553 2.665 2.733 2.770 2.857 2.937 2.990 3.049 3.132 3.171 3.056 2.972 2.854 2.754 2.571 2.441 2.457 1.606
6.75 3.98 0.947 1.587 1.842 2.140 2.310 2.499 2.611 2.678 2.721 2.806 2.885 2.941 3.005 3.092 3.134 3.024 2.943 2.828 2.729 2.548 2.412 2.425 1.580
6.75 5.01 0.909 1.546 1.791 2.081 2.253 2.439 2.551 2.617 2.665 2.750 2.827 2.886 2.955 3.045 3.092 2.986 2.908 2.797 2.699 2.519 2.377 2.386 1.549
6.75 6.31 0.866 1.498 1.735 2.017 2.189 2.373 2.486 2.551 2.604 2.687 2.763 2.824 2.898 2.992 3.043 2.943 2.868 2.760 2.663 2.485 2.336 2.342 1.512
6.75 7.94 0.817 1.445 1.673 1.947 2.120 2.302 2.415 2.479 2.537 2.619 2.694 2.757 2.836 2.933 2.988 2.893 2.821 2.716 2.622 2.445 2.289 2.291 1.470
6.75 10.00 0.763 1.386 1.606 1.873 2.046 2.226 2.339 2.403 2.464 2.546 2.620 2.684 2.768 2.868 2.926 2.836 2.767 2.666 2.573 2.398 2.235 2.234 1.421
6.75 12.59 0.704 1.320 1.532 1.793 1.967 2.146 2.259 2.321 2.386 2.467 2.540 2.607 2.694 2.796 2.858 2.772 2.706 2.609 2.517 2.344 2.174 2.169 1.366
6.75 15.85 0.640 1.249 1.454 1.710 1.884 2.061 2.174 2.236 2.304 2.384 2.456 2.524 2.614 2.719 2.783 2.702 2.638 2.544 2.453 2.282 2.105 2.098 1.304
6.75 19.95 0.571 1.172 1.371 1.623 1.797 1.972 2.085 2.147 2.218 2.297 2.368 2.437 2.530 2.637 2.702 2.624 2.563 2.471 2.381 2.211 2.028 2.019 1.235
6.75 25.12 0.497 1.089 1.284 1.532 1.706 1.880 1.993 2.054 2.127 2.205 2.276 2.346 2.441 2.549 2.615 2.539 2.479 2.390 2.300 2.131 1.943 1.933 1.159
6.75 31.62 0.419 1.001 1.193 1.438 1.611 1.784 1.896 1.957 2.032 2.110 2.180 2.250 2.347 2.455 2.522 2.447 2.388 2.300 2.210 2.041 1.849 1.839 1.075
6.75 39.81 0.336 0.909 1.097 1.341 1.514 1.685 1.797 1.858 1.934 2.011 2.080 2.151 2.249 2.356 2.423 2.347 2.288 2.200 2.110 1.940 1.747 1.737 0.983
6.75 50.12 0.249 0.811 0.998 1.242 1.412 1.582 1.693 1.755 1.832 1.908 1.976 2.047 2.146 2.252 2.316 2.240 2.179 2.091 1.999 1.828 1.634 1.627 0.883
6.75 63.10 0.158 0.708 0.894 1.139 1.307 1.476 1.586 1.648 1.726 1.801 1.868 1.939 2.037 2.142 2.203 2.123 2.060 1.971 1.876 1.703 1.511 1.508 0.772
6.75 79.43 0.061 0.600 0.787 1.033 1.199 1.366 1.474 1.538 1.615 1.689 1.756 1.825 1.923 2.025 2.081 1.997 1.930 1.838 1.740 1.563 1.375 1.378 0.650
6.75 100.00 -0.041 0.486 0.674 0.923 1.086 1.251 1.358 1.422 1.499 1.572 1.638 1.706 1.803 1.900 1.951 1.859 1.787 1.690 1.587 1.406 1.225 1.236 0.516
6.75 125.89 -0.149 0.365 0.556 0.809 0.968 1.132 1.235 1.302 1.378 1.449 1.513 1.581 1.676 1.767 1.809 1.707 1.629 1.525 1.416 1.229 1.058 1.080 0.365
6.75 158.49 -0.266 0.236 0.432 0.691 0.844 1.005 1.106 1.175 1.249 1.319 1.381 1.447 1.539 1.623 1.653 1.539 1.452 1.339 1.222 1.026 0.869 0.905 0.196
6.75 199.53 -0.391 0.097 0.299 0.566 0.712 0.871 0.967 1.039 1.112 1.179 1.240 1.303 1.391 1.466 1.481 1.351 1.252 1.128 1.000 0.793 0.655 0.709 0.004
6.75 251.19 -0.528 -0.053 0.158 0.435 0.572 0.727 0.819 0.894 0.964 1.029 1.087 1.147 1.230 1.292 1.290 1.137 1.023 0.885 0.743 0.522 0.408 0.486 -0.217
6.75 316.23 -0.680 -0.218 0.004 0.294 0.420 0.572 0.656 0.737 0.804 0.865 0.920 0.975 1.052 1.099 1.073 0.893 0.760 0.602 0.443 0.204 0.122 0.230 -0.474
6.75 398.11 -0.848 -0.400 -0.164 0.143 0.254 0.401 0.478 0.564 0.626 0.683 0.735 0.784 0.853 0.880 0.824 0.611 0.453 0.271 0.090 -0.172 -0.214 -0.069 -0.775
6.75 501.19 -1.040 -0.605 -0.350 -0.022 0.071 0.212 0.278 0.372 0.429 0.480 0.528 0.570 0.628 0.630 0.537 0.280 0.091 -0.121 -0.331 -0.622 -0.612 -0.420 -1.133
6.75 630.96 -1.258 -0.837 -0.559 -0.204 -0.133 -0.001 0.052 0.156 0.205 0.250 0.292 0.325 0.369 0.340 0.200 -0.112 -0.340 -0.591 -0.836 -1.163 -1.089 -0.836 -1.560
6.75 794.33 -1.512 -1.105 -0.797 -0.408 -0.365 -0.243 -0.206 -0.091 -0.050 -0.014 0.021 0.042 0.070 0.001 -0.198 -0.580 -0.857 -1.157 -1.446 -1.819 -1.664 -1.335 -2.076
6.75 1000.00 -1.809 -1.416 -1.071 -0.639 -0.632 -0.522 -0.506 -0.375 -0.346 -0.321 -0.295 -0.288 -0.281 -0.400 -0.674 -1.143 -1.483 -1.844 -2.190 -2.621 -2.362 -1.938 -2.702
7.00 1.00 1.164 1.810 2.114 2.460 2.620 2.819 2.918 2.988 2.988 3.076 3.159 3.195 3.225 3.296 3.318 3.182 3.084 2.950 2.842 2.650 2.539 2.569 1.694
7.00 1.26 1.153 1.798 2.098 2.438 2.600 2.797 2.897 2.965 2.969 3.056 3.138 3.176 3.209 3.281 3.305 3.171 3.074 2.942 2.834 2.643 2.530 2.559 1.686
7.00 1.58 1.140 1.784 2.079 2.413 2.575 2.770 2.871 2.939 2.946 3.033 3.114 3.154 3.190 3.264 3.290 3.159 3.063 2.933 2.825 2.635 2.519 2.546 1.676
7.00 2.00 1.124 1.766 2.055 2.383 2.546 2.739 2.841 2.907 2.919 3.005 3.085 3.127 3.167 3.243 3.271 3.143 3.049 2.921 2.814 2.624 2.506 2.531 1.664
7.00 2.51 1.105 1.745 2.027 2.347 2.512 2.703 2.805 2.870 2.887 2.972 3.051 3.095 3.139 3.218 3.249 3.124 3.032 2.906 2.800 2.611 2.489 2.512 1.649
7.00 3.16 1.082 1.720 1.995 2.307 2.473 2.661 2.764 2.828 2.850 2.934 3.012 3.058 3.107 3.188 3.222 3.101 3.012 2.888 2.782 2.595 2.469 2.489 1.631
7.00 3.98 1.054 1.690 1.957 2.260 2.428 2.614 2.717 2.780 2.807 2.890 2.966 3.015 3.069 3.153 3.191 3.074 2.987 2.866 2.762 2.576 2.444 2.462 1.609
7.00 5.01 1.022 1.655 1.913 2.208 2.376 2.560 2.664 2.725 2.759 2.840 2.915 2.967 3.025 3.112 3.153 3.041 2.957 2.839 2.736 2.552 2.415 2.430 1.583
7.00 6.31 0.985 1.614 1.864 2.150 2.319 2.501 2.605 2.665 2.704 2.784 2.858 2.912 2.976 3.066 3.110 3.003 2.922 2.807 2.706 2.523 2.380 2.392 1.552
7.00 7.94 0.943 1.567 1.808 2.086 2.257 2.436 2.541 2.600 2.643 2.723 2.795 2.851 2.920 3.013 3.061 2.959 2.881 2.770 2.670 2.489 2.339 2.348 1.515
7.00 10.00 0.896 1.514 1.746 2.017 2.188 2.365 2.470 2.528 2.577 2.655 2.727 2.784 2.858 2.954 3.005 2.908 2.833 2.726 2.628 2.448 2.292 2.297 1.472
7.00 12.59 0.842 1.455 1.679 1.942 2.114 2.289 2.395 2.452 2.505 2.582 2.652 2.712 2.790 2.888 2.943 2.850 2.779 2.675 2.578 2.401 2.237 2.239 1.423
7.00 15.85 0.784 1.390 1.606 1.863 2.035 2.209 2.314 2.371 2.428 2.504 2.573 2.634 2.716 2.817 2.874 2.785 2.716 2.616 2.521 2.345 2.174 2.174 1.367
7.00 19.95 0.720 1.318 1.527 1.779 1.952 2.124 2.229 2.285 2.345 2.421 2.489 2.551 2.637 2.739 2.798 2.713 2.646 2.549 2.455 2.281 2.104 2.101 1.304
7.00 25.12 0.651 1.241 1.444 1.692 1.864 2.034 2.140 2.195 2.258 2.333 2.400 2.464 2.552 2.655 2.715 2.633 2.568 2.474 2.381 2.207 2.024 2.021 1.233
7.00 31.62 0.577 1.158 1.356 1.600 1.773 1.941 2.047 2.102 2.167 2.241 2.307 2.371 2.462 2.565 2.626 2.545 2.482 2.389 2.296 2.124 1.936 1.932 1.153
7.00 39.81 0.498 1.069 1.264 1.506 1.677 1.844 1.949 2.004 2.071 2.144 2.209 2.274 2.366 2.470 2.530 2.449 2.386 2.295 2.202 2.029 1.839 1.835 1.066
7.00 50.12 0.414 0.974 1.167 1.408 1.578 1.744 1.848 1.903 1.971 2.043 2.108 2.173 2.266 2.368 2.427 2.345 2.281 2.190 2.096 1.922 1.730 1.729 0.969
7.00 63.10 0.325 0.874 1.065 1.306 1.474 1.639 1.742 1.798 1.867 1.938 2.001 2.066 2.160 2.260 2.316 2.231 2.166 2.073 1.977 1.802 1.611 1.613 0.861
7.00 79.43 0.231 0.768 0.959 1.202 1.367 1.530 1.631 1.689 1.758 1.828 1.890 1.955 2.048 2.145 2.196 2.107 2.038 1.944 1.844 1.666 1.478 1.486 0.743
7.00 100.00 0.130 0.656 0.848 1.093 1.255 1.416 1.516 1.574 1.644 1.712 1.773 1.837 1.929 2.022 2.067 1.971 1.898 1.799 1.695 1.512 1.331 1.346 0.610
7.00 125.89 0.023 0.537 0.731 0.980 1.138 1.297 1.394 1.454 1.523 1.590 1.650 1.712 1.802 1.890 1.926 1.821 1.741 1.636 1.526 1.337 1.165 1.191 0.462
7.00 158.49 -0.092 0.409 0.608 0.862 1.014 1.172 1.265 1.328 1.395 1.460 1.519 1.579 1.666 1.747 1.772 1.654 1.565 1.452 1.334 1.137 0.978 1.018 0.294
7.00 199.53 -0.217 0.271 0.476 0.738 0.884 1.038 1.128 1.193 1.259 1.322 1.378 1.436 1.520 1.590 1.601 1.467 1.367 1.242 1.113 0.906 0.765 0.823 0.103
7.00 251.19 -0.353 0.122 0.335 0.607 0.744 0.895 0.979 1.048 1.111 1.172 1.226 1.280 1.359 1.417 1.410 1.255 1.139 1.001 0.858 0.636 0.520 0.601 -0.117
7.00 316.23 -0.504 -0.042 0.182 0.467 0.592 0.739 0.818 0.891 0.951 1.008 1.059 1.109 1.181 1.224 1.194 1.011 0.877 0.719 0.560 0.320 0.235 0.346 -0.373
7.00 398.11 -0.672 -0.224 0.014 0.316 0.427 0.569 0.639 0.719 0.774 0.826 0.874 0.918 0.983 1.006 0.946 0.729 0.570 0.389 0.207 -0.055 -0.100 0.048 -0.673
7.00 501.19 -0.863 -0.428 -0.172 0.151 0.244 0.380 0.440 0.527 0.577 0.624 0.667 0.704 0.758 0.756 0.659 0.399 0.209 -0.003 -0.213 -0.504 -0.498 -0.302 -1.030
7.00 630.96 -1.081 -0.660 -0.380 -0.031 0.040 0.167 0.214 0.311 0.354 0.394 0.431 0.459 0.500 0.467 0.323 0.008 -0.222 -0.472 -0.717 -1.044 -0.974 -0.718 -1.457
7.00 794.33 -1.334 -0.927 -0.618 -0.235 -0.192 -0.075 -0.044 0.065 0.098 0.130 0.160 0.177 0.201 0.128 -0.076 -0.460 -0.738 -1.037 -1.327 -1.700 -1.548 -1.217 -1.972
7.00 1000.00 -1.631 -1.238 -0.891 -0.466 -0.459 -0.354 -0.344 -0.220 -0.198 -0.177 -0.156 -0.153 -0.150 -0.273 -0.552 -1.023 -1.364 -1.724 -2.070 -2.501 -2.246 -1.819 -2.598
7.25 1.00 1.235 1.875 2.187 2.534 2.692 2.887 2.977 3.042 3.029 3.114 3.196 3.227 3.249 3.323 3.344 3.207 3.104 2.967 2.854 2.660 2.549 2.580 1.703
7.25 1.26 1.226 1.865 2.174 2.517 2.675 2.869 2.960 3.024 3.014 3.098 3.179 3.211 3.237 3.311 3.334 3.199 3.097 2.960 2.848 2.654 2.542 2.572 1.696
7.25 1.58 1.216 1.854 2.158 2.496 2.655 2.848 2.939 3.002 2.996 3.079 3.159 3.193 3.221 3.297 3.321 3.188 3.088 2.952 2.840 2.647 2.533 2.562 1.688
7.25 2.00 1.203 1.840 2.139 2.471 2.631 2.822 2.914 2.976 2.974 3.057 3.136 3.171 3.203 3.280 3.306 3.175 3.076 2.942 2.831 2.639 2.522 2.550 1.678
7.25 2.51 1.188 1.823 2.116 2.441 2.603 2.791 2.884 2.945 2.948 3.030 3.107 3.145 3.180 3.259 3.288 3.159 3.062 2.930 2.820 2.628 2.508 2.535 1.666
7.25 3.16 1.169 1.802 2.089 2.406 2.569 2.756 2.849 2.909 2.917 2.998 3.074 3.114 3.153 3.234 3.265 3.140 3.045 2.915 2.806 2.615 2.491 2.516 1.651
7.25 3.98 1.147 1.777 2.057 2.366 2.530 2.715 2.809 2.868 2.881 2.961 3.036 3.077 3.121 3.205 3.238 3.117 3.024 2.897 2.789 2.599 2.471 2.494 1.633
7.25 5.01 1.120 1.748 2.020 2.320 2.486 2.668 2.763 2.820 2.839 2.918 2.991 3.035 3.084 3.170 3.206 3.089 2.999 2.875 2.768 2.579 2.447 2.467 1.611
7.25 6.31 1.089 1.713 1.976 2.268 2.435 2.615 2.711 2.767 2.791 2.869 2.941 2.987 3.041 3.129 3.169 3.056 2.969 2.848 2.742 2.555 2.417 2.435 1.585
7.25 7.94 1.053 1.673 1.927 2.211 2.379 2.556 2.653 2.707 2.737 2.814 2.885 2.933 2.993 3.083 3.126 3.017 2.933 2.816 2.711 2.526 2.382 2.397 1.553
7.25 10.00 1.012 1.627 1.872 2.147 2.316 2.491 2.589 2.642 2.677 2.753 2.822 2.873 2.937 3.030 3.076 2.972 2.891 2.777 2.675 2.491 2.341 2.352 1.516
7.25 12.59 0.965 1.574 1.811 2.078 2.248 2.421 2.519 2.571 2.612 2.686 2.754 2.807 2.876 2.971 3.019 2.920 2.843 2.732 2.632 2.450 2.292 2.301 1.473
7.25 15.85 0.912 1.515 1.743 2.004 2.174 2.345 2.444 2.495 2.540 2.613 2.680 2.735 2.808 2.905 2.956 2.861 2.786 2.680 2.581 2.401 2.237 2.243 1.423
7.25 19.95 0.854 1.450 1.670 1.924 2.096 2.265 2.363 2.414 2.463 2.535 2.600 2.657 2.734 2.832 2.886 2.794 2.722 2.620 2.522 2.343 2.172 2.176 1.365
7.25 25.12 0.791 1.378 1.592 1.840 2.012 2.179 2.278 2.328 2.380 2.451 2.516 2.573 2.654 2.753 2.808 2.719 2.650 2.550 2.453 2.276 2.100 2.102 1.300
7.25 31.62 0.721 1.300 1.508 1.752 1.924 2.089 2.188 2.237 2.293 2.363 2.426 2.485 2.568 2.668 2.723 2.636 2.569 2.472 2.375 2.199 2.017 2.019 1.226
7.25 39.81 0.647 1.216 1.419 1.660 1.831 1.995 2.093 2.143 2.200 2.270 2.332 2.391 2.476 2.576 2.631 2.545 2.478 2.383 2.287 2.111 1.925 1.927 1.143
7.25 50.12 0.566 1.125 1.325 1.565 1.734 1.896 1.994 2.044 2.103 2.171 2.232 2.292 2.379 2.477 2.531 2.444 2.377 2.283 2.186 2.010 1.822 1.825 1.051
7.25 63.10 0.481 1.028 1.226 1.465 1.633 1.794 1.890 1.941 2.001 2.068 2.128 2.188 2.276 2.372 2.423 2.334 2.265 2.171 2.072 1.894 1.706 1.713 0.947
7.25 79.43 0.389 0.925 1.122 1.362 1.527 1.686 1.781 1.833 1.894 1.960 2.019 2.078 2.166 2.259 2.306 2.213 2.141 2.045 1.943 1.763 1.577 1.590 0.832
7.25 100.00 0.291 0.816 1.013 1.254 1.416 1.574 1.667 1.720 1.781 1.846 1.903 1.962 2.049 2.138 2.179 2.079 2.003 1.903 1.798 1.614 1.433 1.453 0.702
7.25 125.89 0.185 0.698 0.897 1.142 1.300 1.456 1.547 1.601 1.662 1.725 1.781 1.838 1.924 2.008 2.040 1.931 1.849 1.743 1.632 1.442 1.270 1.300 0.556
7.25 158.49 0.072 0.572 0.775 1.025 1.178 1.331 1.419 1.475 1.535 1.596 1.651 1.706 1.789 1.866 1.887 1.766 1.676 1.562 1.443 1.245 1.086 1.130 0.390
7.25 199.53 -0.052 0.436 0.644 0.902 1.047 1.198 1.282 1.341 1.399 1.458 1.511 1.564 1.643 1.710 1.717 1.580 1.478 1.354 1.225 1.016 0.875 0.936 0.201
7.25 251.19 -0.187 0.287 0.504 0.771 0.908 1.055 1.134 1.197 1.253 1.309 1.359 1.409 1.483 1.538 1.527 1.369 1.252 1.114 0.971 0.749 0.631 0.716 -0.018
7.25 316.23 -0.337 0.124 0.351 0.632 0.757 0.900 0.972 1.040 1.093 1.146 1.193 1.238 1.307 1.346 1.311 1.127 0.991 0.834 0.674 0.434 0.347 0.461 -0.272
7.25 398.11 -0.505 -0.057 0.184 0.481 0.592 0.730 0.794 0.868 0.917 0.965 1.008 1.048 1.108 1.128 1.064 0.845 0.685 0.505 0.323 0.060 0.013 0.164 -0.572
7.25 501.19 -0.695 -0.261 -0.001 0.316 0.410 0.541 0.595 0.676 0.720 0.762 0.801 0.834 0.884 0.879 0.778 0.515 0.325 0.114 -0.096 -0.387 -0.384 -0.185 -0.928
7.25 630.96 -0.913 -0.492 -0.210 0.135 0.205 0.329 0.370 0.461 0.497 0.533 0.566 0.590 0.626 0.590 0.442 0.124 -0.105 -0.355 -0.599 -0.927 -0.860 -0.601 -1.355
7.25 794.33 -1.166 -0.759 -0.447 -0.069 -0.027 0.087 0.112 0.214 0.242 0.269 0.295 0.308 0.328 0.251 0.044 -0.343 -0.622 -0.920 -1.209 -1.582 -1.433 -1.099 -1.869
7.25 1000.00 -1.462 -1.069 -0.721 -0.300 -0.293 -0.192 -0.188 -0.070 -0.054 -0.038 -0.020 -0.022 -0.023 -0.149 -0.432 -0.906 -1.247 -1.606 -1.951 -2.382 -2.131 -1.701 -2.495
7.50 1.00 1.294 1.929 2.249 2.598 2.752 2.945 3.026 3.087 3.061 3.143 3.224 3.250 3.267 3.344 3.366 3.229 3.122 2.980 2.864 2.668 2.556 2.590 1.710
7.50 1.26 1.288 1.921 2.238 2.584 2.739 2.930 3.012 3.072 3.050 3.131 3.211 3.238 3.257 3.335 3.358 3.222 3.116 2.975 2.859 2.663 2.551 2.583 1.704
7.50 1.58 1.280 1.912 2.226 2.566 2.723 2.913 2.995 3.054 3.035 3.116 3.195 3.223 3.245 3.324 3.347 3.213 3.108 2.968 2.853 2.658 2.543 2.575 1.698
7.50 2.00 1.270 1.901 2.210 2.546 2.703 2.892 2.975 3.033 3.018 3.098 3.176 3.205 3.230 3.310 3.335 3.202 3.099 2.960 2.846 2.651 2.534 2.565 1.690
7.50 2.51 1.257 1.887 2.192 2.521 2.680 2.867 2.950 3.008 2.996 3.076 3.153 3.184 3.211 3.293 3.319 3.189 3.087 2.950 2.836 2.642 2.523 2.553 1.680
7.50 3.16 1.243 1.870 2.169 2.492 2.652 2.837 2.922 2.978 2.971 3.050 3.125 3.158 3.189 3.272 3.301 3.173 3.073 2.938 2.825 2.631 2.510 2.538 1.668
7.50 3.98 1.225 1.850 2.142 2.458 2.619 2.802 2.888 2.942 2.941 3.018 3.093 3.128 3.163 3.247 3.278 3.154 3.056 2.923 2.811 2.618 2.493 2.519 1.653
7.50 5.01 1.203 1.826 2.111 2.418 2.581 2.761 2.848 2.902 2.906 2.982 3.055 3.092 3.132 3.218 3.251 3.130 3.034 2.904 2.793 2.602 2.473 2.497 1.635
7.50 6.31 1.177 1.797 2.074 2.373 2.537 2.715 2.803 2.855 2.865 2.940 3.011 3.051 3.095 3.183 3.219 3.102 3.009 2.881 2.772 2.582 2.448 2.470 1.612
7.50 7.94 1.147 1.763 2.031 2.321 2.487 2.663 2.752 2.802 2.818 2.892 2.962 3.004 3.053 3.142 3.181 3.068 2.978 2.854 2.746 2.557 2.418 2.438 1.586
7.50 10.00 1.112 1.723 1.982 2.264 2.431 2.604 2.694 2.743 2.765 2.838 2.906 2.950 3.005 3.096 3.137 3.028 2.941 2.821 2.714 2.527 2.383 2.400 1.554
7.50 12.59 1.071 1.677 1.928 2.201 2.369 2.540 2.630 2.679 2.706 2.777 2.844 2.890 2.950 3.043 3.087 2.982 2.898 2.782 2.677 2.491 2.341 2.356 1.516
7.50 15.85 1.025 1.625 1.866 2.132 2.301 2.470 2.561 2.608 2.640 2.711 2.776 2.824 2.888 2.983 3.029 2.929 2.848 2.736 2.632 2.448 2.291 2.304 1.472
7.50 19.95 0.973 1.566 1.799 2.057 2.227 2.394 2.486 2.532 2.569 2.638 2.702 2.752 2.821 2.916 2.965 2.868 2.790 2.681 2.580 2.397 2.234 2.244 1.420
7.50 25.12 0.915 1.500 1.726 1.978 2.148 2.313 2.405 2.450 2.492 2.560 2.622 2.674 2.746 2.843 2.892 2.798 2.724 2.618 2.518 2.337 2.167 2.176 1.361
7.50 31.62 0.851 1.428 1.647 1.893 2.063 2.227 2.319 2.364 2.409 2.476 2.537 2.589 2.665 2.762 2.812 2.721 2.648 2.546 2.446 2.267 2.091 2.099 1.293
7.50 39.81 0.781 1.349 1.562 1.805 1.974 2.136 2.228 2.272 2.321 2.386 2.446 2.500 2.578 2.675 2.725 2.634 2.563 2.463 2.364 2.185 2.005 2.013 1.215
7.50 50.12 0.706 1.263 1.471 1.712 1.880 2.040 2.131 2.176 2.227 2.292 2.350 2.404 2.485 2.580 2.629 2.538 2.467 2.369 2.269 2.090 1.907 1.917 1.127
7.50 63.10 0.623 1.170 1.376 1.614 1.781 1.939 2.030 2.075 2.128 2.191 2.248 2.303 2.384 2.478 2.524 2.431 2.359 2.261 2.161 1.981 1.797 1.809 1.028
7.50 79.43 0.535 1.071 1.274 1.513 1.678 1.834 1.923 1.969 2.023 2.085 2.141 2.195 2.277 2.368 2.410 2.313 2.239 2.140 2.037 1.855 1.672 1.690 0.917
7.50 100.00 0.440 0.964 1.167 1.407 1.569 1.723 1.811 1.858 1.912 1.973 2.027 2.081 2.163 2.249 2.285 2.182 2.105 2.003 1.896 1.710 1.532 1.556 0.791
7.50 125.89 0.337 0.849 1.053 1.296 1.454 1.606 1.692 1.740 1.794 1.854 1.906 1.959 2.040 2.121 2.149 2.037 1.953 1.846 1.734 1.543 1.372 1.407 0.648
7.50 158.49 0.225 0.724 0.932 1.180 1.333 1.483 1.565 1.616 1.669 1.726 1.777 1.828 1.907 1.980 1.997 1.874 1.782 1.667 1.548 1.349 1.190 1.238 0.484
7.50 199.53 0.103 0.590 0.803 1.058 1.203 1.350 1.429 1.482 1.534 1.589 1.638 1.686 1.762 1.826 1.829 1.690 1.587 1.462 1.332 1.124 0.981 1.047 0.297
7.50 251.19 -0.031 0.443 0.663 0.928 1.065 1.208 1.282 1.339 1.389 1.441 1.487 1.532 1.603 1.655 1.640 1.480 1.362 1.224 1.081 0.859 0.740 0.828 0.080
7.50 316.23 -0.180 0.281 0.512 0.789 0.914 1.054 1.121 1.183 1.229 1.278 1.322 1.362 1.427 1.464 1.425 1.238 1.102 0.946 0.786 0.546 0.457 0.575 -0.173
7.50 398.11 -0.347 0.101 0.345 0.638 0.750 0.884 0.943 1.011 1.054 1.098 1.138 1.173 1.230 1.247 1.179 0.958 0.798 0.618 0.436 0.174 0.124 0.279 -0.472
7.50 501.19 -0.536 -0.102 0.160 0.474 0.568 0.696 0.744 0.820 0.857 0.896 0.931 0.959 1.006 0.998 0.893 0.629 0.438 0.228 0.019 -0.271 -0.272 -0.069 -0.827
7.50 630.96 -0.754 -0.333 -0.048 0.293 0.364 0.484 0.519 0.604 0.634 0.666 0.696 0.715 0.749 0.709 0.557 0.239 0.009 -0.240 -0.484 -0.810 -0.746 -0.484 -1.253
7.50 794.33 -1.006 -0.599 -0.285 0.089 0.132 0.242 0.262 0.358 0.380 0.403 0.425 0.434 0.450 0.371 0.160 -0.228 -0.507 -0.804 -1.092 -1.464 -1.319 -0.982 -1.767
7.50 1000.00 -1.302 -0.909 -0.558 -0.141 -0.134 -0.037 -0.038 0.074 0.084 0.097 0.110 0.104 0.099 -0.030 -0.316 -0.791 -1.132 -1.490 -1.834 -2.264 -2.016 -1.584 -2.392
7.75 1.00 1.344 1.972 2.300 2.650 2.803 2.992 3.065 3.122 3.086 3.165 3.245 3.266 3.278 3.360 3.383 3.246 3.136 2.991 2.873 2.675 2.563 2.597 1.715
7.75 1.26 1.339 1.967 2.292 2.639 2.792 2.981 3.054 3.110 3.077 3.155 3.234 3.257 3.270 3.353 3.376 3.241 3.131 2.987 2.869 2.671 2.558 2.592 1.711
7.75 1.58 1.332 1.959 2.282 2.625 2.779 2.967 3.041 3.096 3.065 3.144 3.222 3.245 3.260 3.344 3.368 3.234 3.125 2.981 2.864 2.667 2.552 2.586 1.706
7.75 2.00 1.325 1.950 2.269 2.609 2.763 2.950 3.024 3.079 3.051 3.129 3.206 3.231 3.248 3.332 3.358 3.225 3.117 2.975 2.858 2.661 2.545 2.578 1.699
7.75 2.51 1.315 1.939 2.254 2.588 2.744 2.929 3.005 3.058 3.034 3.111 3.188 3.213 3.234 3.318 3.345 3.214 3.108 2.967 2.850 2.654 2.536 2.568 1.691
7.75 3.16 1.303 1.926 2.236 2.564 2.721 2.905 2.981 3.034 3.013 3.090 3.165 3.192 3.216 3.301 3.329 3.201 3.096 2.956 2.840 2.645 2.525 2.556 1.681
7.75 3.98 1.289 1.909 2.214 2.535 2.694 2.875 2.953 3.004 2.989 3.064 3.138 3.167 3.194 3.281 3.311 3.184 3.081 2.944 2.829 2.634 2.511 2.541 1.669
7.75 5.01 1.272 1.890 2.188 2.502 2.661 2.841 2.919 2.970 2.960 3.034 3.106 3.137 3.169 3.256 3.288 3.164 3.064 2.928 2.814 2.620 2.494 2.522 1.654
7.75 6.31 1.251 1.866 2.156 2.462 2.624 2.801 2.881 2.930 2.925 2.998 3.069 3.102 3.138 3.227 3.260 3.140 3.042 2.909 2.796 2.604 2.474 2.500 1.635
7.75 7.94 1.226 1.837 2.120 2.417 2.580 2.755 2.836 2.884 2.885 2.957 3.026 3.062 3.102 3.192 3.228 3.111 3.016 2.886 2.774 2.583 2.448 2.473 1.613
7.75 10.00 1.196 1.803 2.077 2.366 2.531 2.704 2.785 2.832 2.839 2.910 2.977 3.015 3.060 3.151 3.190 3.077 2.984 2.858 2.747 2.557 2.418 2.441 1.586
7.75 12.59 1.162 1.764 2.029 2.309 2.475 2.646 2.729 2.773 2.787 2.856 2.922 2.962 3.012 3.104 3.145 3.036 2.946 2.824 2.715 2.527 2.382 2.402 1.553
7.75 15.85 1.122 1.718 1.974 2.246 2.413 2.581 2.665 2.709 2.728 2.796 2.860 2.902 2.958 3.051 3.093 2.988 2.902 2.783 2.676 2.489 2.338 2.357 1.514
7.75 19.95 1.076 1.666 1.913 2.177 2.345 2.511 2.596 2.638 2.663 2.730 2.792 2.836 2.896 2.990 3.035 2.933 2.850 2.735 2.629 2.444 2.287 2.304 1.468
7.75 25.12 1.024 1.606 1.846 2.102 2.271 2.435 2.521 2.562 2.592 2.658 2.718 2.764 2.828 2.923 2.968 2.869 2.789 2.678 2.574 2.391 2.228 2.243 1.415
7.75 31.62 0.966 1.540 1.772 2.023 2.192 2.353 2.439 2.480 2.514 2.579 2.637 2.685 2.753 2.848 2.894 2.797 2.719 2.612 2.509 2.327 2.158 2.173 1.353
7.75 39.81 0.902 1.467 1.692 1.938 2.107 2.266 2.352 2.393 2.431 2.494 2.551 2.599 2.671 2.765 2.811 2.716 2.640 2.535 2.433 2.252 2.078 2.093 1.281
7.75 50.12 0.831 1.386 1.606 1.848 2.016 2.174 2.260 2.300 2.341 2.403 2.459 2.508 2.582 2.675 2.720 2.624 2.549 2.447 2.345 2.164 1.987 2.002 1.198
7.75 63.10 0.753 1.299 1.514 1.753 1.920 2.076 2.161 2.202 2.245 2.306 2.360 2.410 2.486 2.577 2.619 2.522 2.447 2.345 2.243 2.061 1.882 1.900 1.105
7.75 79.43 0.669 1.203 1.415 1.654 1.819 1.973 2.057 2.098 2.144 2.203 2.256 2.305 2.382 2.470 2.508 2.408 2.331 2.229 2.124 1.941 1.762 1.785 0.997
7.75 100.00 0.577 1.100 1.311 1.550 1.712 1.864 1.947 1.989 2.035 2.093 2.144 2.193 2.270 2.354 2.386 2.281 2.200 2.096 1.988 1.801 1.626 1.656 0.875
7.75 125.89 0.477 0.988 1.199 1.441 1.599 1.749 1.829 1.873 1.920 1.976 2.025 2.073 2.149 2.228 2.252 2.138 2.052 1.944 1.831 1.639 1.470 1.510 0.736
7.75 158.49 0.367 0.866 1.080 1.327 1.479 1.626 1.704 1.749 1.796 1.850 1.898 1.944 2.018 2.089 2.103 1.977 1.884 1.768 1.648 1.450 1.292 1.344 0.575
7.75 199.53 0.247 0.734 0.952 1.205 1.351 1.495 1.569 1.617 1.663 1.714 1.760 1.804 1.875 1.937 1.937 1.795 1.691 1.566 1.436 1.228 1.086 1.156 0.391
7.75 251.19 0.115 0.588 0.814 1.076 1.213 1.354 1.423 1.475 1.518 1.567 1.610 1.651 1.718 1.767 1.749 1.587 1.469 1.330 1.188 0.966 0.846 0.939 0.176
7.75 316.23 -0.033 0.428 0.663 0.938 1.064 1.200 1.263 1.319 1.360 1.405 1.445 1.482 1.543 1.577 1.535 1.347 1.210 1.054 0.895 0.656 0.566 0.687 -0.076
7.75 398.11 -0.198 0.249 0.498 0.788 0.900 1.031 1.086 1.148 1.185 1.225 1.262 1.293 1.346 1.361 1.290 1.068 0.907 0.728 0.547 0.286 0.234 0.393 -0.373
7.75 501.19 -0.387 0.047 0.313 0.624 0.719 0.843 0.887 0.957 0.989 1.024 1.056 1.080 1.123 1.113 1.005 0.739 0.548 0.339 0.131 -0.158 -0.160 0.045 -0.727
7.75 630.96 -0.604 -0.184 0.106 0.443 0.515 0.632 0.663 0.742 0.767 0.795 0.821 0.836 0.866 0.825 0.670 0.350 0.120 -0.127 -0.370 -0.695 -0.634 -0.368 -1.152
7.75 794.33 -0.856 -0.449 -0.131 0.240 0.284 0.390 0.405 0.497 0.512 0.532 0.551 0.555 0.568 0.487 0.273 -0.116 -0.395 -0.690 -0.977 -1.348 -1.206 -0.865 -1.665
7.75 1000.00 -1.152 -0.759 -0.404 0.009 0.018 0.112 0.106 0.213 0.217 0.226 0.236 0.226 0.218 0.087 -0.202 -0.679 -1.020 -1.376 -1.718 -2.146 -1.902 -1.466 -2.290
8.00 1.00 1.383 2.006 2.341 2.693 2.843 3.031 3.096 3.149 3.103 3.179 3.258 3.276 3.283 3.371 3.396 3.261 3.148 3.000 2.879 2.681 2.568 2.604 1.720
8.00 1.26 1.379 2.001 2.335 2.684 2.835 3.022 3.087 3.140 3.095 3.172 3.250 3.268 3.277 3.365 3.390 3.256 3.144 2.996 2.876 2.678 2.564 2.600 1.717
8.00 1.58 1.374 1.996 2.327 2.673 2.825 3.011 3.076 3.128 3.086 3.162 3.240 3.259 3.269 3.358 3.384 3.251 3.139 2.992 2.872 2.674 2.559 2.595 1.712
8.00 2.00 1.368 1.989 2.317 2.660 2.812 2.997 3.063 3.115 3.075 3.151 3.228 3.248 3.260 3.349 3.375 3.243 3.132 2.986 2.867 2.670 2.554 2.588 1.707
8.00 2.51 1.361 1.980 2.305 2.643 2.797 2.980 3.048 3.098 3.062 3.137 3.213 3.234 3.248 3.337 3.365 3.234 3.124 2.980 2.861 2.664 2.546 2.580 1.701
8.00 3.16 1.352 1.969 2.290 2.623 2.778 2.960 3.028 3.078 3.045 3.120 3.195 3.217 3.234 3.323 3.352 3.223 3.115 2.971 2.853 2.656 2.537 2.570 1.692
8.00 3.98 1.340 1.956 2.272 2.599 2.755 2.936 3.005 3.054 3.025 3.099 3.173 3.196 3.216 3.306 3.336 3.209 3.102 2.961 2.843 2.647 2.526 2.558 1.682
8.00 5.01 1.327 1.940 2.250 2.571 2.728 2.907 2.978 3.025 3.001 3.074 3.146 3.172 3.195 3.286 3.317 3.193 3.087 2.948 2.831 2.636 2.512 2.543 1.670
8.00 6.31 1.310 1.920 2.224 2.538 2.696 2.873 2.945 2.991 2.973 3.044 3.115 3.142 3.170 3.261 3.294 3.172 3.069 2.932 2.816 2.622 2.494 2.524 1.654
8.00 7.94 1.289 1.896 2.193 2.499 2.659 2.834 2.907 2.952 2.939 3.010 3.079 3.108 3.140 3.232 3.266 3.147 3.047 2.912 2.797 2.604 2.473 2.502 1.635
8.00 10.00 1.265 1.868 2.157 2.454 2.616 2.789 2.863 2.906 2.900 2.969 3.036 3.068 3.104 3.197 3.233 3.117 3.019 2.888 2.774 2.582 2.447 2.474 1.612
8.00 12.59 1.236 1.834 2.115 2.403 2.567 2.737 2.813 2.855 2.854 2.922 2.988 3.021 3.063 3.156 3.194 3.082 2.987 2.858 2.747 2.556 2.416 2.442 1.584
8.00 15.85 1.202 1.795 2.067 2.346 2.512 2.679 2.756 2.797 2.803 2.869 2.933 2.968 3.015 3.109 3.148 3.039 2.948 2.823 2.713 2.523 2.379 2.402 1.550
8.00 19.95 1.163 1.749 2.012 2.283 2.450 2.615 2.693 2.733 2.745 2.810 2.871 2.909 2.960 3.054 3.095 2.990 2.901 2.780 2.672 2.484 2.334 2.356 1.510
8.00 25.12 1.117 1.697 1.951 2.214 2.382 2.545 2.624 2.662 2.680 2.743 2.803 2.843 2.899 2.993 3.035 2.932 2.847 2.730 2.622 2.436 2.280 2.301 1.462
8.00 31.62 1.065 1.637 1.883 2.140 2.308 2.468 2.548 2.585 2.608 2.670 2.728 2.769 2.830 2.924 2.966 2.866 2.783 2.670 2.564 2.379 2.217 2.238 1.406
8.00 39.81 1.007 1.570 1.808 2.059 2.227 2.386 2.466 2.503 2.530 2.591 2.647 2.689 2.753 2.847 2.889 2.790 2.709 2.599 2.494 2.310 2.144 2.165 1.340
8.00 50.12 0.942 1.495 1.727 1.973 2.141 2.297 2.378 2.414 2.445 2.505 2.559 2.603 2.670 2.761 2.803 2.704 2.624 2.517 2.413 2.229 2.059 2.080 1.263
8.00 63.10 0.869 1.413 1.639 1.882 2.049 2.203 2.283 2.319 2.354 2.412 2.464 2.509 2.578 2.668 2.706 2.606 2.527 2.422 2.317 2.133 1.960 1.984 1.175
8.00 79.43 0.789 1.322 1.545 1.786 1.951 2.103 2.182 2.219 2.256 2.312 2.363 2.407 2.478 2.565 2.600 2.497 2.416 2.311 2.205 2.019 1.846 1.875 1.073
8.00 100.00 0.701 1.223 1.443 1.684 1.847 1.996 2.074 2.112 2.151 2.205 2.254 2.299 2.370 2.452 2.482 2.373 2.290 2.183 2.074 1.886 1.715 1.750 0.955
8.00 125.89 0.604 1.115 1.335 1.577 1.736 1.883 1.959 1.998 2.038 2.090 2.138 2.181 2.252 2.329 2.350 2.234 2.146 2.035 1.922 1.729 1.564 1.608 0.820
8.00 158.49 0.498 0.996 1.218 1.464 1.617 1.762 1.835 1.876 1.916 1.967 2.012 2.054 2.124 2.193 2.204 2.076 1.981 1.864 1.744 1.545 1.390 1.447 0.663
8.00 199.53 0.381 0.866 1.092 1.344 1.491 1.633 1.702 1.746 1.785 1.833 1.876 1.915 1.983 2.042 2.039 1.896 1.791 1.665 1.536 1.327 1.187 1.261 0.481
8.00 251.19 0.250 0.723 0.955 1.216 1.354 1.492 1.557 1.604 1.641 1.687 1.727 1.764 1.827 1.874 1.853 1.690 1.571 1.432 1.290 1.069 0.950 1.047 0.269
8.00 316.23 0.105 0.564 0.806 1.078 1.206 1.340 1.398 1.449 1.484 1.526 1.563 1.596 1.653 1.685 1.641 1.452 1.314 1.159 1.000 0.763 0.672 0.797 0.019
8.00 398.11 -0.060 0.387 0.641 0.929 1.043 1.171 1.221 1.279 1.310 1.348 1.381 1.408 1.458 1.470 1.397 1.174 1.013 0.834 0.655 0.396 0.343 0.505 -0.276
8.00 501.19 -0.247 0.186 0.457 0.766 0.862 0.984 1.024 1.089 1.115 1.147 1.175 1.196 1.236 1.223 1.113 0.846 0.655 0.448 0.241 -0.046 -0.050 0.159 -0.628
8.00 630.96 -0.463 -0.043 0.250 0.585 0.658 0.773 0.800 0.874 0.894 0.919 0.941 0.953 0.980 0.936 0.778 0.458 0.228 -0.017 -0.258 -0.581 -0.522 -0.254 -1.052
8.00 794.33 -0.714 -0.308 0.014 0.383 0.428 0.532 0.543 0.629 0.640 0.656 0.671 0.672 0.682 0.599 0.382 -0.007 -0.286 -0.579 -0.864 -1.233 -1.094 -0.750 -1.564
8.00 1000.00 -1.010 -0.617 -0.258 0.152 0.162 0.253 0.244 0.345 0.345 0.350 0.357 0.343 0.332 0.199 -0.093 -0.569 -0.910 -1.264 -1.604 -2.030 -1.789 -1.350 -2.188
