ZhaoEtAl2006SSlabCascadia as implemented in OpenQuake, distance is rrup. Log10 hazard values in cgs units
          14 31 22 : nmag, ndist, nperiod
          10.000 5.000 4.000 3.000 2.500 2.000 1.500 1.250 1.000 0.900 0.800 0.700 0.600 0.500 0.400 0.300 0.250 0.200 0.150 0.100 0.050 PGA PGV
          0.708 0.708 0.705 0.721 0.732 0.733 0.721 0.716 0.717 0.714 0.713 0.714 0.712 0.707 0.715 0.728 0.743 0.764 0.794 0.811 0.743 0.684 0.707
4.75 1.00 0.350 0.916 1.197 1.656 1.736 2.044 2.496 2.791 3.005 3.144 3.292 3.459 3.568 3.629 3.661 3.576 3.454 3.487 3.637 3.572 3.650 3.471 2.525
4.75 1.26 0.281 0.845 1.113 1.556 1.640 1.944 2.382 2.668 2.880 3.018 3.163 3.329 3.442 3.512 3.556 3.483 3.373 3.406 3.550 3.487 3.545 3.363 2.398
4.75 1.58 0.207 0.769 1.025 1.452 1.541 1.840 2.264 2.540 2.751 2.887 3.031 3.195 3.311 3.390 3.445 3.385 3.285 3.319 3.457 3.396 3.434 3.249 2.265
4.75 2.00 0.129 0.687 0.932 1.345 1.437 1.732 2.143 2.409 2.618 2.752 2.894 3.057 3.176 3.263 3.328 3.280 3.192 3.226 3.359 3.299 3.317 3.129 2.126
4.75 2.51 0.046 0.600 0.835 1.234 1.330 1.621 2.018 2.275 2.481 2.614 2.754 2.915 3.037 3.131 3.207 3.170 3.093 3.127 3.254 3.196 3.195 3.005 1.982
4.75 3.16 -0.040 0.509 0.734 1.120 1.220 1.508 1.891 2.138 2.342 2.473 2.612 2.771 2.895 2.995 3.080 3.055 2.988 3.023 3.143 3.088 3.067 2.875 1.834
4.75 3.98 -0.130 0.415 0.631 1.004 1.108 1.392 1.761 1.999 2.201 2.330 2.467 2.623 2.749 2.856 2.949 2.935 2.878 2.913 3.027 2.973 2.934 2.741 1.682
4.75 5.01 -0.222 0.317 0.524 0.885 0.994 1.274 1.630 1.859 2.057 2.185 2.319 2.474 2.601 2.713 2.814 2.809 2.763 2.798 2.906 2.853 2.796 2.603 1.526
4.75 6.31 -0.316 0.216 0.415 0.765 0.877 1.154 1.496 1.716 1.912 2.038 2.171 2.322 2.450 2.567 2.676 2.680 2.643 2.678 2.780 2.728 2.654 2.461 1.367
4.75 7.94 -0.412 0.112 0.305 0.643 0.760 1.033 1.362 1.573 1.765 1.889 2.020 2.169 2.298 2.418 2.534 2.546 2.519 2.553 2.649 2.599 2.508 2.316 1.205
4.75 10.00 -0.510 0.006 0.192 0.520 0.640 0.910 1.226 1.428 1.616 1.739 1.868 2.014 2.143 2.267 2.389 2.409 2.391 2.424 2.513 2.464 2.359 2.168 1.041
4.75 12.59 -0.609 -0.102 0.078 0.396 0.520 0.787 1.088 1.281 1.466 1.588 1.715 1.858 1.987 2.114 2.242 2.268 2.260 2.291 2.374 2.326 2.205 2.016 0.874
4.75 15.85 -0.709 -0.212 -0.038 0.270 0.398 0.662 0.950 1.134 1.315 1.435 1.560 1.700 1.829 1.959 2.092 2.124 2.124 2.154 2.230 2.182 2.048 1.862 0.704
4.75 19.95 -0.811 -0.324 -0.155 0.144 0.275 0.535 0.810 0.985 1.162 1.281 1.404 1.540 1.670 1.801 1.939 1.977 1.985 2.013 2.082 2.034 1.887 1.704 0.533
4.75 25.12 -0.914 -0.438 -0.274 0.016 0.150 0.408 0.668 0.835 1.008 1.125 1.246 1.379 1.508 1.641 1.783 1.825 1.841 1.867 1.929 1.881 1.722 1.542 0.358
4.75 31.62 -1.018 -0.554 -0.394 -0.113 0.024 0.278 0.525 0.684 0.852 0.968 1.086 1.216 1.344 1.479 1.623 1.670 1.693 1.716 1.770 1.722 1.552 1.377 0.181
4.75 39.81 -1.125 -0.672 -0.517 -0.243 -0.103 0.148 0.381 0.530 0.695 0.808 0.925 1.051 1.178 1.314 1.460 1.510 1.540 1.560 1.606 1.556 1.376 1.206 0.001
4.75 50.12 -1.233 -0.793 -0.641 -0.375 -0.233 0.015 0.233 0.375 0.535 0.646 0.761 0.883 1.009 1.145 1.293 1.344 1.381 1.396 1.433 1.382 1.194 1.030 -0.183
4.75 63.10 -1.345 -0.917 -0.768 -0.509 -0.365 -0.121 0.084 0.217 0.372 0.482 0.594 0.712 0.837 0.971 1.120 1.172 1.214 1.225 1.252 1.199 1.003 0.848 -0.372
4.75 79.43 -1.459 -1.045 -0.898 -0.645 -0.500 -0.259 -0.070 0.056 0.206 0.314 0.423 0.537 0.660 0.793 0.941 0.992 1.038 1.043 1.060 1.003 0.802 0.656 -0.566
4.75 100.00 -1.579 -1.177 -1.032 -0.784 -0.638 -0.402 -0.227 -0.109 0.036 0.141 0.248 0.358 0.478 0.608 0.754 0.802 0.851 0.848 0.854 0.793 0.588 0.454 -0.768
4.75 125.89 -1.703 -1.315 -1.170 -0.927 -0.781 -0.549 -0.390 -0.279 -0.139 -0.037 0.067 0.172 0.289 0.416 0.557 0.600 0.650 0.638 0.631 0.563 0.358 0.238 -0.978
4.75 158.49 -1.835 -1.460 -1.314 -1.073 -0.929 -0.702 -0.559 -0.455 -0.321 -0.221 -0.121 -0.022 0.092 0.213 0.347 0.382 0.431 0.409 0.387 0.311 0.109 0.006 -1.199
4.75 199.53 -1.975 -1.614 -1.465 -1.226 -1.084 -0.862 -0.737 -0.639 -0.511 -0.415 -0.318 -0.225 -0.115 -0.002 0.122 0.145 0.191 0.155 0.116 0.030 -0.165 -0.246 -1.433
4.75 251.19 -2.126 -1.779 -1.626 -1.385 -1.248 -1.032 -0.925 -0.832 -0.711 -0.619 -0.526 -0.439 -0.336 -0.233 -0.123 -0.116 -0.077 -0.129 -0.189 -0.288 -0.470 -0.525 -1.685
4.75 316.23 -2.291 -1.957 -1.798 -1.553 -1.423 -1.213 -1.126 -1.037 -0.924 -0.836 -0.748 -0.669 -0.573 -0.484 -0.393 -0.407 -0.379 -0.452 -0.535 -0.652 -0.814 -0.837 -1.958
4.75 398.11 -2.473 -2.153 -1.984 -1.731 -1.611 -1.410 -1.344 -1.257 -1.153 -1.071 -0.988 -0.918 -0.830 -0.759 -0.693 -0.737 -0.725 -0.823 -0.935 -1.073 -1.208 -1.190 -2.258
4.75 501.19 -2.678 -2.371 -2.188 -1.923 -1.817 -1.624 -1.582 -1.497 -1.402 -1.327 -1.250 -1.191 -1.114 -1.066 -1.032 -1.114 -1.124 -1.255 -1.401 -1.567 -1.663 -1.595 -2.593
4.75 630.96 -2.909 -2.617 -2.414 -2.132 -2.044 -1.862 -1.846 -1.760 -1.677 -1.610 -1.540 -1.493 -1.430 -1.412 -1.421 -1.552 -1.593 -1.764 -1.950 -2.153 -2.196 -2.066 -2.970
4.75 794.33 -3.175 -2.897 -2.670 -2.363 -2.299 -2.130 -2.143 -2.054 -1.984 -1.927 -1.866 -1.834 -1.788 -1.807 -1.870 -2.066 -2.147 -2.368 -2.605 -2.853 -2.827 -2.619 -3.400
4.75 1000.00 -3.485 -3.220 -2.961 -2.620 -2.588 -2.434 -2.480 -2.386 -2.331 -2.286 -2.236 -2.221 -2.197 -2.264 -2.398 -2.675 -2.810 -3.094 -3.393 -3.698 -3.581 -3.275 -3.899
5.00 1.00 0.489 1.050 1.354 1.823 1.904 2.209 2.649 2.933 3.128 3.260 3.399 3.554 3.647 3.693 3.707 3.604 3.472 3.495 3.637 3.564 3.651 3.489 2.594
5.00 1.26 0.426 0.985 1.276 1.729 1.814 2.114 2.540 2.815 3.008 3.139 3.276 3.430 3.527 3.582 3.608 3.517 3.396 3.420 3.556 3.486 3.553 3.388 2.474
5.00 1.58 0.358 0.915 1.193 1.631 1.719 2.015 2.427 2.692 2.884 3.013 3.148 3.301 3.402 3.466 3.503 3.424 3.315 3.339 3.470 3.401 3.448 3.281 2.347
5.00 2.00 0.286 0.839 1.106 1.527 1.620 1.911 2.310 2.565 2.756 2.883 3.016 3.167 3.272 3.344 3.392 3.326 3.227 3.253 3.377 3.311 3.338 3.167 2.214
5.00 2.51 0.208 0.758 1.013 1.420 1.517 1.804 2.188 2.434 2.624 2.748 2.880 3.030 3.138 3.217 3.276 3.221 3.134 3.160 3.279 3.215 3.221 3.049 2.076
5.00 3.16 0.126 0.672 0.917 1.309 1.411 1.693 2.064 2.300 2.488 2.611 2.741 2.888 2.999 3.086 3.154 3.111 3.035 3.061 3.175 3.113 3.099 2.924 1.933
5.00 3.98 0.041 0.582 0.816 1.196 1.301 1.580 1.937 2.164 2.349 2.471 2.598 2.744 2.857 2.950 3.027 2.995 2.930 2.957 3.064 3.004 2.971 2.795 1.784
5.00 5.01 -0.048 0.487 0.713 1.080 1.189 1.464 1.808 2.025 2.208 2.328 2.453 2.597 2.712 2.810 2.896 2.874 2.819 2.847 2.948 2.890 2.839 2.661 1.632
5.00 6.31 -0.140 0.389 0.606 0.961 1.074 1.346 1.676 1.885 2.064 2.183 2.306 2.447 2.564 2.667 2.761 2.749 2.704 2.731 2.826 2.770 2.701 2.523 1.476
5.00 7.94 -0.233 0.288 0.497 0.841 0.958 1.226 1.543 1.742 1.919 2.035 2.157 2.296 2.413 2.521 2.622 2.618 2.583 2.611 2.700 2.644 2.558 2.381 1.317
5.00 10.00 -0.329 0.185 0.387 0.719 0.840 1.105 1.408 1.598 1.772 1.887 2.007 2.142 2.260 2.372 2.479 2.484 2.459 2.485 2.568 2.514 2.412 2.235 1.154
5.00 12.59 -0.427 0.078 0.274 0.596 0.720 0.982 1.272 1.453 1.623 1.736 1.854 1.987 2.105 2.220 2.334 2.346 2.330 2.355 2.432 2.378 2.261 2.086 0.989
5.00 15.85 -0.526 -0.030 0.159 0.471 0.599 0.858 1.134 1.306 1.472 1.584 1.700 1.830 1.948 2.066 2.185 2.203 2.196 2.220 2.290 2.238 2.106 1.933 0.821
5.00 19.95 -0.626 -0.141 0.043 0.345 0.477 0.732 0.994 1.158 1.320 1.431 1.545 1.671 1.790 1.910 2.033 2.057 2.059 2.081 2.144 2.092 1.947 1.777 0.651
5.00 25.12 -0.728 -0.254 -0.075 0.218 0.353 0.605 0.854 1.009 1.167 1.275 1.388 1.511 1.629 1.751 1.878 1.907 1.917 1.937 1.993 1.941 1.783 1.616 0.477
5.00 31.62 -0.832 -0.369 -0.195 0.089 0.227 0.476 0.711 0.857 1.012 1.119 1.228 1.348 1.466 1.589 1.720 1.753 1.770 1.788 1.836 1.783 1.614 1.452 0.301
5.00 39.81 -0.938 -0.487 -0.317 -0.041 0.100 0.345 0.566 0.704 0.854 0.959 1.067 1.183 1.300 1.424 1.558 1.594 1.618 1.632 1.672 1.619 1.439 1.282 0.121
5.00 50.12 -1.046 -0.607 -0.441 -0.173 -0.029 0.213 0.420 0.549 0.695 0.798 0.904 1.016 1.132 1.256 1.391 1.429 1.459 1.470 1.501 1.446 1.257 1.107 -0.062
5.00 63.10 -1.157 -0.731 -0.568 -0.306 -0.161 0.077 0.270 0.391 0.532 0.634 0.737 0.845 0.959 1.083 1.218 1.258 1.293 1.299 1.320 1.263 1.067 0.924 -0.251
5.00 79.43 -1.272 -0.858 -0.697 -0.442 -0.295 -0.061 0.117 0.231 0.367 0.466 0.566 0.670 0.783 0.905 1.040 1.078 1.117 1.117 1.129 1.068 0.866 0.733 -0.445
5.00 100.00 -1.391 -0.990 -0.831 -0.581 -0.434 -0.203 -0.041 0.066 0.197 0.293 0.391 0.491 0.601 0.720 0.853 0.888 0.931 0.923 0.923 0.858 0.653 0.531 -0.646
5.00 125.89 -1.516 -1.128 -0.969 -0.723 -0.576 -0.350 -0.203 -0.104 0.022 0.116 0.211 0.305 0.412 0.527 0.656 0.686 0.730 0.714 0.701 0.629 0.424 0.316 -0.856
5.00 158.49 -1.647 -1.273 -1.113 -0.870 -0.724 -0.503 -0.373 -0.280 -0.160 -0.069 0.023 0.112 0.215 0.325 0.446 0.469 0.512 0.484 0.457 0.377 0.175 0.084 -1.077
5.00 199.53 -1.787 -1.426 -1.264 -1.022 -0.880 -0.663 -0.550 -0.464 -0.350 -0.262 -0.174 -0.091 0.008 0.110 0.221 0.232 0.271 0.231 0.186 0.096 -0.099 -0.168 -1.311
5.00 251.19 -1.938 -1.591 -1.425 -1.181 -1.043 -0.833 -0.738 -0.657 -0.550 -0.466 -0.382 -0.306 -0.212 -0.121 -0.024 -0.029 0.004 -0.053 -0.118 -0.222 -0.404 -0.447 -1.563
5.00 316.23 -2.103 -1.769 -1.596 -1.349 -1.218 -1.015 -0.939 -0.862 -0.763 -0.684 -0.604 -0.536 -0.449 -0.372 -0.293 -0.320 -0.298 -0.376 -0.464 -0.586 -0.748 -0.759 -1.836
5.00 398.11 -2.285 -1.965 -1.782 -1.527 -1.407 -1.211 -1.157 -1.082 -0.992 -0.919 -0.844 -0.785 -0.707 -0.647 -0.593 -0.650 -0.644 -0.747 -0.864 -1.007 -1.142 -1.112 -2.136
5.00 501.19 -2.490 -2.183 -1.986 -1.719 -1.612 -1.425 -1.395 -1.322 -1.241 -1.174 -1.107 -1.057 -0.991 -0.953 -0.933 -1.027 -1.043 -1.179 -1.330 -1.501 -1.597 -1.517 -2.470
5.00 630.96 -2.721 -2.429 -2.213 -1.928 -1.840 -1.663 -1.659 -1.585 -1.516 -1.457 -1.397 -1.360 -1.307 -1.299 -1.321 -1.465 -1.512 -1.687 -1.879 -2.086 -2.130 -1.987 -2.847
5.00 794.33 -2.987 -2.709 -2.468 -2.159 -2.094 -1.931 -1.955 -1.879 -1.823 -1.774 -1.722 -1.700 -1.664 -1.694 -1.771 -1.979 -2.066 -2.292 -2.534 -2.786 -2.761 -2.540 -3.277
5.00 1000.00 -3.297 -3.032 -2.759 -2.417 -2.383 -2.235 -2.293 -2.211 -2.170 -2.133 -2.093 -2.088 -2.074 -2.151 -2.298 -2.588 -2.729 -3.017 -3.322 -3.631 -3.515 -3.196 -3.776
5.25 1.00 0.621 1.177 1.503 1.984 2.064 2.365 2.794 3.069 3.245 3.370 3.503 3.645 3.723 3.755 3.754 3.635 3.493 3.506 3.640 3.560 3.656 3.508 2.662
5.25 1.26 0.565 1.119 1.432 1.895 1.980 2.276 2.692 2.956 3.132 3.255 3.386 3.527 3.610 3.651 3.661 3.553 3.423 3.437 3.565 3.488 3.563 3.414 2.549
5.25 1.58 0.504 1.055 1.355 1.802 1.891 2.182 2.584 2.839 3.014 3.135 3.263 3.404 3.491 3.541 3.562 3.466 3.347 3.362 3.485 3.410 3.465 3.313 2.429
5.25 2.00 0.437 0.986 1.273 1.703 1.797 2.084 2.471 2.716 2.891 3.010 3.136 3.276 3.367 3.425 3.457 3.374 3.266 3.282 3.399 3.326 3.361 3.207 2.302
5.25 2.51 0.365 0.911 1.186 1.600 1.698 1.981 2.354 2.590 2.763 2.881 3.005 3.143 3.238 3.303 3.346 3.275 3.179 3.196 3.307 3.237 3.252 3.094 2.170
5.25 3.16 0.289 0.830 1.094 1.494 1.595 1.874 2.234 2.460 2.631 2.747 2.869 3.006 3.104 3.177 3.229 3.170 3.085 3.103 3.210 3.141 3.136 2.976 2.032
5.25 3.98 0.208 0.745 0.997 1.383 1.489 1.763 2.110 2.326 2.496 2.610 2.730 2.865 2.966 3.045 3.108 3.060 2.986 3.005 3.105 3.039 3.014 2.852 1.889
5.25 5.01 0.123 0.655 0.897 1.270 1.380 1.650 1.983 2.190 2.358 2.470 2.588 2.721 2.824 2.910 2.981 2.944 2.880 2.900 2.995 2.931 2.886 2.723 1.741
5.25 6.31 0.035 0.561 0.794 1.154 1.268 1.534 1.854 2.052 2.217 2.327 2.443 2.574 2.679 2.770 2.849 2.822 2.770 2.790 2.879 2.816 2.753 2.589 1.588
5.25 7.94 -0.056 0.463 0.688 1.035 1.153 1.416 1.722 1.911 2.073 2.182 2.296 2.424 2.531 2.626 2.713 2.696 2.653 2.674 2.757 2.696 2.615 2.451 1.432
5.25 10.00 -0.149 0.362 0.579 0.915 1.037 1.296 1.589 1.768 1.927 2.035 2.147 2.272 2.380 2.480 2.574 2.565 2.532 2.552 2.629 2.570 2.472 2.308 1.272
5.25 12.59 -0.245 0.258 0.468 0.793 0.919 1.175 1.454 1.624 1.780 1.886 1.996 2.119 2.227 2.330 2.431 2.429 2.406 2.426 2.496 2.438 2.324 2.161 1.109
5.25 15.85 -0.342 0.151 0.354 0.669 0.799 1.051 1.317 1.478 1.631 1.735 1.843 1.963 2.071 2.178 2.284 2.289 2.275 2.294 2.358 2.301 2.172 2.011 0.943
5.25 19.95 -0.442 0.042 0.239 0.544 0.677 0.927 1.178 1.331 1.480 1.582 1.688 1.805 1.914 2.023 2.134 2.145 2.140 2.157 2.215 2.158 2.014 1.856 0.774
5.25 25.12 -0.543 -0.069 0.122 0.417 0.554 0.800 1.038 1.182 1.327 1.428 1.532 1.645 1.754 1.865 1.980 1.997 2.000 2.015 2.066 2.009 1.852 1.697 0.602
5.25 31.62 -0.646 -0.184 0.003 0.289 0.429 0.672 0.896 1.031 1.172 1.271 1.373 1.483 1.591 1.704 1.823 1.844 1.855 1.867 1.910 1.853 1.685 1.534 0.426
5.25 39.81 -0.751 -0.300 -0.118 0.160 0.302 0.542 0.752 0.879 1.015 1.113 1.212 1.319 1.426 1.540 1.661 1.686 1.704 1.713 1.748 1.690 1.511 1.366 0.248
5.25 50.12 -0.859 -0.420 -0.242 0.028 0.173 0.409 0.605 0.724 0.856 0.952 1.049 1.152 1.258 1.372 1.495 1.522 1.546 1.552 1.578 1.519 1.330 1.191 0.065
5.25 63.10 -0.969 -0.543 -0.368 -0.105 0.042 0.274 0.456 0.566 0.694 0.788 0.882 0.981 1.086 1.199 1.323 1.351 1.380 1.382 1.399 1.337 1.141 1.009 -0.123
5.25 79.43 -1.084 -0.670 -0.498 -0.241 -0.093 0.136 0.303 0.405 0.528 0.620 0.712 0.807 0.910 1.022 1.145 1.172 1.206 1.201 1.208 1.143 0.941 0.819 -0.317
5.25 100.00 -1.202 -0.802 -0.631 -0.379 -0.231 -0.006 0.145 0.241 0.359 0.448 0.537 0.627 0.728 0.837 0.958 0.983 1.019 1.008 1.003 0.933 0.728 0.617 -0.518
5.25 125.89 -1.327 -0.939 -0.769 -0.522 -0.373 -0.153 -0.017 0.071 0.184 0.270 0.357 0.442 0.540 0.645 0.762 0.781 0.819 0.799 0.781 0.705 0.499 0.402 -0.728
5.25 158.49 -1.458 -1.084 -0.913 -0.668 -0.521 -0.306 -0.186 -0.105 0.002 0.085 0.169 0.249 0.343 0.443 0.552 0.564 0.601 0.570 0.537 0.454 0.250 0.171 -0.948
5.25 199.53 -1.598 -1.237 -1.064 -0.820 -0.676 -0.466 -0.364 -0.288 -0.188 -0.108 -0.028 0.046 0.136 0.228 0.327 0.327 0.361 0.317 0.267 0.173 -0.023 -0.082 -1.183
5.25 251.19 -1.749 -1.402 -1.224 -0.979 -0.840 -0.636 -0.552 -0.481 -0.388 -0.312 -0.236 -0.169 -0.084 -0.003 0.083 0.066 0.094 0.033 -0.037 -0.145 -0.328 -0.360 -1.434
5.25 316.23 -1.914 -1.580 -1.396 -1.147 -1.015 -0.817 -0.753 -0.686 -0.600 -0.529 -0.458 -0.399 -0.321 -0.253 -0.186 -0.225 -0.208 -0.290 -0.383 -0.508 -0.672 -0.672 -1.707
5.25 398.11 -2.096 -1.776 -1.582 -1.325 -1.203 -1.013 -0.970 -0.907 -0.829 -0.764 -0.698 -0.647 -0.579 -0.529 -0.487 -0.554 -0.553 -0.661 -0.782 -0.929 -1.065 -1.025 -2.007
5.25 501.19 -2.300 -1.994 -1.785 -1.517 -1.409 -1.228 -1.208 -1.146 -1.079 -1.020 -0.960 -0.920 -0.862 -0.835 -0.826 -0.931 -0.953 -1.092 -1.248 -1.423 -1.520 -1.430 -2.341
5.25 630.96 -2.532 -2.239 -2.012 -1.726 -1.636 -1.466 -1.472 -1.410 -1.353 -1.302 -1.250 -1.222 -1.179 -1.181 -1.214 -1.369 -1.421 -1.601 -1.798 -2.008 -2.053 -1.900 -2.718
5.25 794.33 -2.798 -2.519 -2.267 -1.957 -1.891 -1.733 -1.769 -1.703 -1.660 -1.619 -1.576 -1.563 -1.536 -1.576 -1.664 -1.883 -1.975 -2.205 -2.453 -2.708 -2.684 -2.453 -3.148
5.25 1000.00 -3.107 -2.843 -2.558 -2.214 -2.180 -2.037 -2.107 -2.035 -2.007 -1.979 -1.946 -1.950 -1.945 -2.033 -2.191 -2.492 -2.638 -2.931 -3.240 -3.553 -3.438 -3.109 -3.647
5.50 1.00 0.747 1.298 1.644 2.135 2.215 2.514 2.932 3.198 3.355 3.475 3.601 3.732 3.796 3.816 3.802 3.669 3.518 3.522 3.648 3.562 3.664 3.529 2.729
5.50 1.26 0.698 1.246 1.580 2.053 2.137 2.431 2.836 3.092 3.249 3.367 3.491 3.621 3.690 3.718 3.715 3.593 3.453 3.458 3.578 3.494 3.577 3.440 2.622
5.50 1.58 0.643 1.189 1.510 1.966 2.054 2.343 2.734 2.980 3.137 3.253 3.375 3.504 3.578 3.615 3.622 3.511 3.383 3.389 3.504 3.422 3.485 3.346 2.509
5.50 2.00 0.582 1.126 1.434 1.873 1.966 2.250 2.627 2.863 3.020 3.134 3.253 3.382 3.460 3.505 3.523 3.424 3.308 3.315 3.425 3.345 3.388 3.246 2.390
5.50 2.51 0.517 1.058 1.352 1.775 1.872 2.151 2.515 2.741 2.898 3.009 3.127 3.254 3.336 3.389 3.418 3.331 3.226 3.235 3.339 3.262 3.285 3.141 2.264
5.50 3.16 0.446 0.983 1.265 1.672 1.774 2.049 2.399 2.615 2.771 2.881 2.996 3.122 3.208 3.268 3.307 3.233 3.139 3.149 3.248 3.173 3.175 3.029 2.132
5.50 3.98 0.370 0.904 1.174 1.566 1.672 1.942 2.278 2.485 2.640 2.748 2.861 2.985 3.074 3.142 3.190 3.128 3.045 3.056 3.150 3.078 3.060 2.911 1.994
5.50 5.01 0.291 0.819 1.078 1.455 1.566 1.832 2.155 2.352 2.505 2.611 2.722 2.845 2.937 3.011 3.068 3.017 2.945 2.958 3.046 2.976 2.938 2.788 1.851
5.50 6.31 0.207 0.729 0.978 1.342 1.457 1.719 2.028 2.216 2.367 2.471 2.580 2.701 2.795 2.875 2.941 2.900 2.840 2.853 2.936 2.868 2.810 2.659 1.703
5.50 7.94 0.119 0.635 0.875 1.226 1.345 1.603 1.899 2.078 2.226 2.329 2.435 2.554 2.650 2.735 2.809 2.778 2.728 2.742 2.819 2.753 2.677 2.525 1.550
5.50 10.00 0.029 0.538 0.768 1.108 1.230 1.485 1.767 1.937 2.083 2.183 2.288 2.404 2.502 2.591 2.673 2.650 2.611 2.625 2.697 2.632 2.538 2.386 1.394
5.50 12.59 -0.064 0.436 0.659 0.987 1.114 1.365 1.634 1.794 1.937 2.036 2.139 2.252 2.351 2.444 2.532 2.518 2.489 2.503 2.568 2.505 2.394 2.243 1.233
5.50 15.85 -0.160 0.332 0.548 0.865 0.995 1.243 1.498 1.650 1.789 1.886 1.987 2.098 2.197 2.294 2.388 2.381 2.361 2.374 2.434 2.372 2.245 2.095 1.069
5.50 19.95 -0.257 0.225 0.434 0.740 0.874 1.119 1.360 1.503 1.639 1.735 1.833 1.941 2.041 2.140 2.239 2.239 2.228 2.241 2.293 2.232 2.090 1.942 0.902
5.50 25.12 -0.357 0.115 0.318 0.615 0.752 0.993 1.221 1.355 1.487 1.581 1.678 1.783 1.882 1.984 2.087 2.093 2.090 2.101 2.147 2.086 1.930 1.785 0.731
5.50 31.62 -0.459 0.002 0.200 0.487 0.628 0.866 1.080 1.205 1.333 1.426 1.520 1.621 1.721 1.824 1.931 1.942 1.947 1.955 1.994 1.933 1.765 1.624 0.557
5.50 39.81 -0.563 -0.114 0.079 0.358 0.501 0.736 0.936 1.053 1.177 1.268 1.360 1.458 1.556 1.660 1.771 1.785 1.797 1.803 1.833 1.771 1.592 1.456 0.379
5.50 50.12 -0.670 -0.233 -0.044 0.227 0.373 0.604 0.790 0.898 1.019 1.107 1.197 1.291 1.389 1.493 1.606 1.622 1.641 1.643 1.665 1.601 1.413 1.283 0.197
5.50 63.10 -0.781 -0.355 -0.169 0.094 0.242 0.469 0.641 0.741 0.857 0.943 1.031 1.121 1.217 1.322 1.435 1.452 1.477 1.474 1.486 1.421 1.224 1.102 0.010
5.50 79.43 -0.894 -0.481 -0.298 -0.041 0.108 0.331 0.488 0.581 0.692 0.776 0.861 0.947 1.042 1.144 1.257 1.274 1.303 1.294 1.296 1.228 1.025 0.912 -0.184
5.50 100.00 -1.013 -0.613 -0.431 -0.179 -0.030 0.190 0.331 0.416 0.522 0.604 0.686 0.768 0.860 0.960 1.071 1.085 1.117 1.102 1.092 1.019 0.813 0.711 -0.384
5.50 125.89 -1.137 -0.750 -0.569 -0.322 -0.172 0.043 0.169 0.247 0.347 0.427 0.506 0.582 0.672 0.768 0.874 0.884 0.917 0.893 0.871 0.792 0.584 0.497 -0.593
5.50 158.49 -1.268 -0.894 -0.713 -0.468 -0.320 -0.110 -0.000 0.071 0.166 0.242 0.318 0.389 0.476 0.566 0.665 0.667 0.700 0.665 0.628 0.541 0.336 0.265 -0.814
5.50 199.53 -1.408 -1.047 -0.864 -0.620 -0.475 -0.270 -0.178 -0.112 -0.024 0.049 0.121 0.187 0.268 0.351 0.441 0.431 0.460 0.412 0.358 0.260 0.063 0.013 -1.048
5.50 251.19 -1.559 -1.212 -1.024 -0.779 -0.639 -0.439 -0.366 -0.305 -0.224 -0.155 -0.087 -0.028 0.048 0.121 0.196 0.170 0.193 0.128 0.054 -0.057 -0.242 -0.265 -1.299
5.50 316.23 -1.723 -1.390 -1.195 -0.946 -0.813 -0.621 -0.566 -0.510 -0.436 -0.372 -0.309 -0.258 -0.189 -0.130 -0.073 -0.121 -0.109 -0.194 -0.292 -0.420 -0.586 -0.577 -1.572
5.50 398.11 -1.906 -1.586 -1.381 -1.125 -1.002 -0.817 -0.784 -0.731 -0.665 -0.607 -0.548 -0.506 -0.446 -0.405 -0.373 -0.450 -0.454 -0.565 -0.690 -0.841 -0.979 -0.929 -1.872
5.50 501.19 -2.110 -1.804 -1.585 -1.317 -1.207 -1.031 -1.022 -0.970 -0.914 -0.863 -0.811 -0.779 -0.729 -0.711 -0.712 -0.827 -0.853 -0.996 -1.156 -1.334 -1.433 -1.334 -2.206
5.50 630.96 -2.341 -2.049 -1.812 -1.526 -1.435 -1.269 -1.286 -1.233 -1.189 -1.145 -1.101 -1.081 -1.046 -1.057 -1.100 -1.265 -1.321 -1.504 -1.705 -1.919 -1.966 -1.804 -2.583
5.50 794.33 -2.607 -2.329 -2.067 -1.756 -1.689 -1.537 -1.582 -1.527 -1.496 -1.462 -1.426 -1.421 -1.403 -1.452 -1.550 -1.779 -1.876 -2.109 -2.360 -2.619 -2.597 -2.357 -3.013
5.50 1000.00 -2.917 -2.652 -2.358 -2.014 -1.978 -1.841 -1.920 -1.859 -1.843 -1.821 -1.796 -1.809 -1.812 -1.909 -2.077 -2.388 -2.538 -2.834 -3.148 -3.464 -3.351 -3.013 -3.511
5.75 1.00 0.868 1.413 1.778 2.278 2.357 2.653 3.061 3.320 3.459 3.574 3.695 3.815 3.866 3.877 3.852 3.707 3.548 3.543 3.661 3.568 3.676 3.550 2.795
5.75 1.26 0.824 1.368 1.720 2.203 2.286 2.577 2.971 3.220 3.360 3.472 3.591 3.711 3.766 3.785 3.770 3.635 3.487 3.484 3.597 3.506 3.595 3.468 2.695
5.75 1.58 0.776 1.317 1.656 2.121 2.209 2.495 2.876 3.114 3.255 3.365 3.482 3.601 3.661 3.688 3.682 3.559 3.423 3.420 3.528 3.439 3.509 3.380 2.589
5.75 2.00 0.722 1.261 1.587 2.034 2.127 2.408 2.775 3.003 3.144 3.252 3.366 3.485 3.550 3.584 3.589 3.478 3.352 3.351 3.454 3.367 3.418 3.287 2.476
5.75 2.51 0.663 1.199 1.511 1.942 2.039 2.315 2.669 2.887 3.028 3.134 3.246 3.363 3.433 3.475 3.490 3.391 3.277 3.277 3.374 3.291 3.321 3.188 2.357
5.75 3.16 0.598 1.131 1.431 1.844 1.946 2.218 2.558 2.766 2.907 3.011 3.120 3.237 3.310 3.360 3.385 3.297 3.195 3.197 3.290 3.208 3.218 3.083 2.231
5.75 3.98 0.528 1.057 1.344 1.742 1.848 2.115 2.442 2.641 2.781 2.883 2.990 3.105 3.182 3.239 3.274 3.198 3.108 3.111 3.198 3.120 3.109 2.972 2.100
5.75 5.01 0.454 0.978 1.253 1.636 1.746 2.009 2.322 2.512 2.650 2.750 2.855 2.969 3.049 3.113 3.158 3.093 3.014 3.019 3.101 3.025 2.993 2.854 1.962
5.75 6.31 0.375 0.893 1.158 1.526 1.641 1.899 2.199 2.379 2.516 2.614 2.716 2.829 2.912 2.981 3.035 2.981 2.914 2.920 2.997 2.923 2.872 2.731 1.819
5.75 7.94 0.291 0.804 1.058 1.413 1.532 1.786 2.073 2.243 2.378 2.474 2.575 2.685 2.771 2.845 2.908 2.864 2.807 2.815 2.886 2.814 2.744 2.602 1.671
5.75 10.00 0.205 0.710 0.955 1.297 1.420 1.670 1.943 2.104 2.237 2.332 2.430 2.538 2.625 2.705 2.775 2.741 2.695 2.703 2.769 2.699 2.610 2.468 1.518
5.75 12.59 0.115 0.613 0.848 1.178 1.305 1.552 1.812 1.963 2.094 2.187 2.283 2.388 2.477 2.561 2.638 2.612 2.577 2.585 2.645 2.577 2.470 2.328 1.361
5.75 15.85 0.022 0.511 0.739 1.057 1.188 1.432 1.678 1.820 1.948 2.039 2.133 2.235 2.326 2.413 2.496 2.479 2.453 2.461 2.515 2.449 2.325 2.184 1.199
5.75 19.95 -0.074 0.406 0.627 0.934 1.069 1.309 1.541 1.675 1.799 1.889 1.980 2.080 2.171 2.262 2.350 2.340 2.323 2.331 2.379 2.313 2.173 2.034 1.034
5.75 25.12 -0.172 0.298 0.512 0.810 0.948 1.184 1.403 1.528 1.649 1.736 1.826 1.923 2.014 2.107 2.200 2.196 2.188 2.194 2.235 2.170 2.016 1.880 0.865
5.75 31.62 -0.272 0.187 0.395 0.683 0.824 1.057 1.262 1.379 1.496 1.582 1.669 1.762 1.854 1.948 2.046 2.046 2.047 2.051 2.085 2.020 1.853 1.720 0.693
5.75 39.81 -0.376 0.073 0.276 0.555 0.699 0.928 1.119 1.227 1.340 1.424 1.509 1.600 1.690 1.786 1.887 1.891 1.899 1.901 1.927 1.861 1.682 1.554 0.516
5.75 50.12 -0.482 -0.045 0.154 0.425 0.571 0.797 0.974 1.073 1.182 1.264 1.347 1.434 1.524 1.620 1.723 1.730 1.744 1.742 1.760 1.693 1.504 1.382 0.335
5.75 63.10 -0.591 -0.166 0.029 0.292 0.440 0.663 0.825 0.916 1.021 1.101 1.181 1.264 1.353 1.449 1.552 1.561 1.581 1.575 1.584 1.515 1.317 1.202 0.148
5.75 79.43 -0.704 -0.292 -0.100 0.157 0.307 0.525 0.673 0.756 0.856 0.934 1.012 1.090 1.178 1.272 1.375 1.383 1.408 1.396 1.395 1.323 1.119 1.013 -0.044
5.75 100.00 -0.822 -0.423 -0.232 0.019 0.169 0.384 0.516 0.592 0.687 0.762 0.838 0.911 0.997 1.089 1.190 1.195 1.223 1.205 1.192 1.115 0.907 0.813 -0.244
5.75 125.89 -0.946 -0.559 -0.370 -0.123 0.027 0.237 0.354 0.423 0.512 0.585 0.657 0.726 0.809 0.897 0.994 0.995 1.024 0.997 0.971 0.889 0.680 0.599 -0.453
5.75 158.49 -1.077 -0.703 -0.513 -0.269 -0.121 0.085 0.185 0.247 0.331 0.401 0.470 0.534 0.612 0.695 0.785 0.778 0.807 0.769 0.729 0.639 0.432 0.368 -0.673
5.75 199.53 -1.217 -0.856 -0.664 -0.421 -0.275 -0.075 0.008 0.064 0.142 0.208 0.273 0.331 0.406 0.481 0.561 0.542 0.568 0.517 0.459 0.359 0.159 0.116 -0.907
5.75 251.19 -1.367 -1.020 -0.824 -0.580 -0.439 -0.245 -0.180 -0.129 -0.058 0.004 0.066 0.117 0.185 0.250 0.317 0.282 0.301 0.234 0.156 0.042 -0.145 -0.162 -1.158
5.75 316.23 -1.532 -1.199 -0.995 -0.747 -0.613 -0.426 -0.381 -0.334 -0.271 -0.213 -0.156 -0.113 -0.051 0.000 0.048 -0.009 -0.000 -0.088 -0.189 -0.320 -0.489 -0.473 -1.431
5.75 398.11 -1.714 -1.394 -1.181 -0.926 -0.802 -0.622 -0.598 -0.554 -0.499 -0.447 -0.396 -0.362 -0.308 -0.275 -0.252 -0.338 -0.345 -0.459 -0.588 -0.741 -0.881 -0.825 -1.730
5.75 501.19 -1.918 -1.612 -1.385 -1.117 -1.007 -0.836 -0.836 -0.794 -0.748 -0.703 -0.658 -0.634 -0.592 -0.581 -0.591 -0.715 -0.745 -0.890 -1.053 -1.234 -1.336 -1.230 -2.064
5.75 630.96 -2.149 -1.857 -1.611 -1.326 -1.235 -1.074 -1.100 -1.057 -1.023 -0.986 -0.948 -0.936 -0.908 -0.927 -0.979 -1.152 -1.212 -1.398 -1.603 -1.819 -1.869 -1.700 -2.441
5.75 794.33 -2.415 -2.137 -1.866 -1.557 -1.489 -1.342 -1.397 -1.351 -1.330 -1.303 -1.274 -1.276 -1.265 -1.322 -1.429 -1.666 -1.767 -2.002 -2.257 -2.519 -2.500 -2.253 -2.871
5.75 1000.00 -2.725 -2.460 -2.157 -1.814 -1.778 -1.646 -1.734 -1.682 -1.677 -1.662 -1.644 -1.664 -1.675 -1.779 -1.956 -2.275 -2.429 -2.727 -3.045 -3.363 -3.254 -2.909 -3.370
6.00 1.00 0.984 1.523 1.905 2.413 2.490 2.784 3.182 3.434 3.556 3.666 3.783 3.894 3.933 3.938 3.904 3.749 3.582 3.570 3.681 3.581 3.693 3.575 2.861
6.00 1.26 0.945 1.483 1.853 2.344 2.426 2.714 3.099 3.341 3.464 3.572 3.686 3.797 3.839 3.851 3.826 3.682 3.526 3.514 3.620 3.523 3.617 3.497 2.767
6.00 1.58 0.903 1.439 1.796 2.269 2.355 2.639 3.010 3.242 3.366 3.472 3.584 3.693 3.741 3.760 3.744 3.610 3.466 3.455 3.556 3.460 3.536 3.416 2.667
6.00 2.00 0.855 1.389 1.732 2.188 2.280 2.558 2.916 3.137 3.262 3.366 3.475 3.584 3.636 3.662 3.657 3.534 3.401 3.391 3.487 3.394 3.451 3.329 2.561
6.00 2.51 0.802 1.333 1.664 2.102 2.198 2.471 2.816 3.027 3.153 3.254 3.361 3.469 3.526 3.559 3.564 3.452 3.331 3.323 3.413 3.323 3.360 3.236 2.449
6.00 3.16 0.744 1.272 1.589 2.010 2.111 2.379 2.711 2.912 3.038 3.137 3.241 3.348 3.410 3.450 3.465 3.365 3.255 3.249 3.335 3.247 3.264 3.138 2.330
6.00 3.98 0.680 1.205 1.508 1.913 2.018 2.282 2.600 2.792 2.917 3.014 3.116 3.222 3.288 3.336 3.360 3.272 3.173 3.169 3.250 3.165 3.161 3.033 2.205
6.00 5.01 0.612 1.132 1.423 1.811 1.921 2.180 2.485 2.667 2.792 2.887 2.986 3.091 3.161 3.215 3.249 3.172 3.086 3.083 3.159 3.076 3.052 2.922 2.073
6.00 6.31 0.538 1.053 1.332 1.705 1.819 2.074 2.366 2.538 2.662 2.755 2.852 2.955 3.028 3.089 3.132 3.066 2.991 2.990 3.061 2.981 2.937 2.805 1.936
6.00 7.94 0.460 0.969 1.237 1.595 1.714 1.965 2.243 2.405 2.528 2.619 2.714 2.815 2.891 2.957 3.009 2.954 2.891 2.891 2.957 2.880 2.815 2.682 1.793
6.00 10.00 0.377 0.880 1.137 1.482 1.605 1.852 2.116 2.269 2.390 2.479 2.572 2.672 2.750 2.821 2.881 2.836 2.783 2.785 2.846 2.771 2.687 2.553 1.644
6.00 12.59 0.291 0.786 1.034 1.365 1.493 1.736 1.987 2.131 2.249 2.337 2.427 2.525 2.605 2.680 2.747 2.711 2.670 2.672 2.728 2.655 2.552 2.418 1.491
6.00 15.85 0.201 0.688 0.927 1.247 1.378 1.617 1.855 1.990 2.106 2.191 2.279 2.374 2.456 2.535 2.609 2.581 2.550 2.553 2.603 2.531 2.411 2.278 1.333
6.00 19.95 0.108 0.587 0.817 1.126 1.260 1.496 1.720 1.846 1.959 2.043 2.129 2.221 2.304 2.387 2.466 2.446 2.424 2.427 2.471 2.400 2.263 2.132 1.171
6.00 25.12 0.012 0.481 0.705 1.002 1.141 1.373 1.583 1.700 1.810 1.892 1.976 2.065 2.149 2.234 2.318 2.305 2.292 2.294 2.331 2.262 2.109 1.980 1.004
6.00 31.62 -0.086 0.372 0.589 0.877 1.018 1.247 1.444 1.552 1.658 1.738 1.820 1.906 1.990 2.077 2.166 2.158 2.153 2.154 2.184 2.115 1.949 1.823 0.833
6.00 39.81 -0.188 0.259 0.471 0.749 0.894 1.119 1.302 1.401 1.504 1.582 1.661 1.744 1.828 1.916 2.008 2.004 2.008 2.006 2.029 1.960 1.781 1.659 0.658
6.00 50.12 -0.293 0.143 0.350 0.620 0.767 0.988 1.157 1.248 1.347 1.423 1.500 1.579 1.662 1.751 1.845 1.844 1.855 1.850 1.864 1.794 1.604 1.488 0.478
6.00 63.10 -0.401 0.023 0.225 0.488 0.637 0.855 1.009 1.092 1.186 1.260 1.335 1.410 1.492 1.581 1.676 1.677 1.693 1.684 1.690 1.617 1.419 1.310 0.293
6.00 79.43 -0.514 -0.102 0.098 0.353 0.503 0.717 0.857 0.932 1.022 1.094 1.166 1.237 1.318 1.405 1.500 1.500 1.522 1.507 1.503 1.427 1.222 1.122 0.101
6.00 100.00 -0.631 -0.232 -0.034 0.215 0.366 0.576 0.700 0.768 0.853 0.923 0.992 1.059 1.137 1.222 1.315 1.313 1.338 1.317 1.301 1.221 1.011 0.922 -0.098
6.00 125.89 -0.755 -0.368 -0.171 0.074 0.225 0.430 0.539 0.599 0.679 0.746 0.812 0.874 0.950 1.031 1.120 1.113 1.139 1.110 1.081 0.996 0.785 0.709 -0.307
6.00 158.49 -0.885 -0.512 -0.314 -0.072 0.077 0.278 0.370 0.424 0.498 0.562 0.625 0.681 0.754 0.830 0.912 0.898 0.923 0.883 0.840 0.747 0.537 0.479 -0.526
6.00 199.53 -1.024 -0.664 -0.465 -0.224 -0.077 0.118 0.193 0.241 0.309 0.369 0.428 0.479 0.547 0.615 0.688 0.662 0.684 0.631 0.571 0.468 0.265 0.228 -0.760
6.00 251.19 -1.175 -0.828 -0.625 -0.382 -0.241 -0.051 0.005 0.048 0.109 0.166 0.221 0.265 0.327 0.385 0.444 0.402 0.418 0.349 0.268 0.152 -0.039 -0.050 -1.011
6.00 316.23 -1.339 -1.006 -0.796 -0.550 -0.415 -0.232 -0.195 -0.157 -0.103 -0.052 -0.001 0.035 0.091 0.135 0.175 0.112 0.117 0.027 -0.077 -0.211 -0.382 -0.361 -1.283
6.00 398.11 -1.521 -1.201 -0.982 -0.728 -0.603 -0.428 -0.413 -0.377 -0.332 -0.286 -0.241 -0.213 -0.166 -0.139 -0.125 -0.217 -0.228 -0.343 -0.475 -0.631 -0.774 -0.713 -1.583
6.00 501.19 -1.725 -1.419 -1.185 -0.920 -0.809 -0.643 -0.650 -0.617 -0.581 -0.542 -0.503 -0.485 -0.450 -0.446 -0.463 -0.594 -0.627 -0.774 -0.940 -1.124 -1.229 -1.118 -1.916
6.00 630.96 -1.956 -1.664 -1.412 -1.129 -1.036 -0.881 -0.914 -0.880 -0.856 -0.824 -0.793 -0.788 -0.766 -0.791 -0.851 -1.031 -1.094 -1.282 -1.489 -1.708 -1.761 -1.588 -2.293
6.00 794.33 -2.222 -1.944 -1.667 -1.359 -1.291 -1.148 -1.211 -1.173 -1.162 -1.141 -1.118 -1.128 -1.123 -1.186 -1.301 -1.545 -1.648 -1.886 -2.144 -2.408 -2.392 -2.140 -2.723
6.00 1000.00 -2.531 -2.267 -1.958 -1.616 -1.580 -1.452 -1.549 -1.505 -1.510 -1.500 -1.488 -1.515 -1.532 -1.643 -1.828 -2.154 -2.311 -2.611 -2.931 -3.252 -3.146 -2.796 -3.222
6.25 1.00 1.095 1.628 2.025 2.540 2.614 2.906 3.294 3.541 3.647 3.753 3.867 3.970 3.997 3.998 3.958 3.796 3.622 3.602 3.707 3.602 3.716 3.602 2.927
6.25 1.26 1.061 1.594 1.978 2.476 2.556 2.843 3.218 3.454 3.562 3.666 3.777 3.879 3.910 3.917 3.885 3.733 3.570 3.550 3.650 3.546 3.644 3.530 2.839
6.25 1.58 1.024 1.555 1.927 2.408 2.493 2.774 3.136 3.362 3.470 3.572 3.681 3.782 3.818 3.831 3.808 3.665 3.513 3.495 3.589 3.488 3.568 3.453 2.745
6.25 2.00 0.982 1.511 1.870 2.333 2.423 2.700 3.049 3.264 3.374 3.473 3.579 3.679 3.720 3.740 3.726 3.594 3.453 3.436 3.525 3.426 3.487 3.371 2.645
6.25 2.51 0.935 1.462 1.808 2.253 2.348 2.620 2.955 3.161 3.271 3.368 3.471 3.571 3.616 3.643 3.638 3.517 3.388 3.372 3.457 3.360 3.402 3.285 2.540
6.25 3.16 0.883 1.407 1.740 2.167 2.267 2.533 2.856 3.051 3.162 3.257 3.358 3.457 3.507 3.540 3.545 3.435 3.318 3.304 3.383 3.289 3.312 3.193 2.428
6.25 3.98 0.826 1.346 1.666 2.076 2.180 2.442 2.752 2.937 3.048 3.141 3.239 3.337 3.392 3.432 3.446 3.348 3.242 3.230 3.305 3.213 3.216 3.095 2.310
6.25 5.01 0.764 1.280 1.586 1.979 2.088 2.345 2.642 2.817 2.929 3.019 3.114 3.211 3.270 3.317 3.341 3.254 3.160 3.150 3.220 3.132 3.114 2.991 2.185
6.25 6.31 0.696 1.207 1.500 1.878 1.992 2.244 2.527 2.693 2.804 2.892 2.985 3.081 3.144 3.196 3.230 3.154 3.072 3.064 3.129 3.043 3.005 2.881 2.053
6.25 7.94 0.623 1.129 1.410 1.772 1.890 2.138 2.408 2.564 2.674 2.761 2.851 2.945 3.012 3.070 3.112 3.047 2.977 2.971 3.032 2.948 2.890 2.764 1.916
6.25 10.00 0.546 1.046 1.315 1.662 1.785 2.029 2.285 2.432 2.541 2.625 2.713 2.806 2.875 2.939 2.989 2.934 2.876 2.871 2.927 2.846 2.767 2.641 1.772
6.25 12.59 0.464 0.957 1.215 1.549 1.676 1.916 2.159 2.296 2.403 2.486 2.572 2.662 2.734 2.802 2.860 2.815 2.767 2.764 2.815 2.736 2.638 2.511 1.623
6.25 15.85 0.378 0.863 1.112 1.432 1.564 1.799 2.029 2.157 2.263 2.343 2.426 2.514 2.588 2.661 2.725 2.689 2.652 2.650 2.695 2.619 2.502 2.375 1.469
6.25 19.95 0.288 0.765 1.005 1.313 1.448 1.680 1.897 2.015 2.118 2.197 2.278 2.364 2.439 2.515 2.586 2.557 2.531 2.529 2.568 2.493 2.359 2.233 1.310
6.25 25.12 0.195 0.662 0.894 1.192 1.330 1.559 1.762 1.871 1.971 2.048 2.127 2.210 2.286 2.364 2.441 2.419 2.402 2.400 2.433 2.360 2.209 2.085 1.146
6.25 31.62 0.099 0.556 0.781 1.068 1.210 1.434 1.623 1.724 1.821 1.896 1.972 2.052 2.129 2.210 2.291 2.275 2.267 2.264 2.290 2.217 2.052 1.931 0.978
6.25 39.81 -0.001 0.445 0.664 0.941 1.086 1.307 1.482 1.574 1.668 1.741 1.815 1.892 1.969 2.051 2.135 2.124 2.124 2.119 2.138 2.065 1.887 1.770 0.805
6.25 50.12 -0.104 0.330 0.544 0.813 0.960 1.177 1.338 1.422 1.512 1.583 1.655 1.728 1.804 1.887 1.974 1.966 1.973 1.966 1.977 1.903 1.713 1.601 0.626
6.25 63.10 -0.212 0.212 0.421 0.681 0.831 1.044 1.191 1.267 1.352 1.421 1.490 1.560 1.635 1.718 1.806 1.800 1.813 1.802 1.804 1.729 1.529 1.424 0.442
6.25 79.43 -0.323 0.088 0.294 0.547 0.698 0.908 1.040 1.107 1.189 1.255 1.322 1.387 1.462 1.543 1.631 1.625 1.643 1.627 1.619 1.541 1.334 1.238 0.251
6.25 100.00 -0.440 -0.041 0.163 0.410 0.562 0.767 0.884 0.944 1.020 1.085 1.148 1.209 1.282 1.361 1.447 1.439 1.461 1.438 1.419 1.337 1.125 1.039 0.053
6.25 125.89 -0.562 -0.176 0.026 0.269 0.420 0.621 0.722 0.775 0.847 0.908 0.969 1.025 1.095 1.171 1.253 1.240 1.263 1.232 1.201 1.113 0.899 0.827 -0.155
6.25 158.49 -0.692 -0.319 -0.116 0.123 0.273 0.469 0.554 0.600 0.666 0.725 0.782 0.833 0.899 0.970 1.045 1.025 1.048 1.006 0.960 0.865 0.653 0.598 -0.374
6.25 199.53 -0.831 -0.471 -0.267 -0.028 0.119 0.310 0.377 0.417 0.477 0.532 0.586 0.631 0.693 0.756 0.821 0.790 0.810 0.755 0.693 0.587 0.381 0.347 -0.607
6.25 251.19 -0.981 -0.635 -0.426 -0.187 -0.044 0.141 0.190 0.225 0.278 0.329 0.379 0.417 0.474 0.526 0.578 0.531 0.544 0.473 0.391 0.271 0.078 0.070 -0.857
6.25 316.23 -1.145 -0.812 -0.597 -0.354 -0.219 -0.040 -0.011 0.020 0.066 0.112 0.157 0.187 0.237 0.276 0.309 0.241 0.243 0.152 0.046 -0.090 -0.265 -0.241 -1.130
6.25 398.11 -1.327 -1.008 -0.783 -0.532 -0.407 -0.236 -0.228 -0.200 -0.163 -0.122 -0.083 -0.061 -0.020 0.002 0.010 -0.088 -0.101 -0.217 -0.352 -0.510 -0.657 -0.593 -1.429
6.25 501.19 -1.530 -1.225 -0.986 -0.723 -0.612 -0.450 -0.465 -0.439 -0.412 -0.378 -0.344 -0.333 -0.303 -0.304 -0.329 -0.464 -0.500 -0.648 -0.816 -1.002 -1.111 -0.997 -1.762
6.25 630.96 -1.762 -1.470 -1.212 -0.932 -0.839 -0.688 -0.729 -0.702 -0.686 -0.660 -0.634 -0.635 -0.619 -0.650 -0.716 -0.902 -0.967 -1.156 -1.365 -1.587 -1.643 -1.467 -2.139
6.25 794.33 -2.027 -1.749 -1.467 -1.163 -1.094 -0.955 -1.026 -0.996 -0.993 -0.977 -0.960 -0.975 -0.976 -1.044 -1.166 -1.415 -1.521 -1.759 -2.020 -2.286 -2.274 -2.019 -2.569
6.25 1000.00 -2.337 -2.073 -1.758 -1.420 -1.383 -1.260 -1.364 -1.327 -1.340 -1.336 -1.330 -1.363 -1.385 -1.501 -1.693 -2.024 -2.183 -2.484 -2.807 -3.130 -3.027 -2.675 -3.067
6.50 1.00 1.202 1.730 2.138 2.658 2.731 3.020 3.399 3.641 3.733 3.836 3.947 4.042 4.060 4.060 4.015 3.848 3.669 3.642 3.741 3.630 3.746 3.634 2.995
6.50 1.26 1.173 1.700 2.097 2.601 2.678 2.963 3.329 3.560 3.653 3.754 3.863 3.957 3.978 3.983 3.946 3.788 3.619 3.593 3.687 3.578 3.677 3.565 2.911
6.50 1.58 1.140 1.666 2.051 2.538 2.621 2.901 3.254 3.475 3.568 3.667 3.773 3.866 3.892 3.902 3.873 3.724 3.566 3.541 3.629 3.522 3.605 3.493 2.822
6.50 2.00 1.104 1.627 2.001 2.470 2.558 2.833 3.173 3.384 3.478 3.574 3.678 3.770 3.800 3.816 3.796 3.657 3.510 3.486 3.569 3.464 3.529 3.416 2.729
6.50 2.51 1.063 1.584 1.945 2.396 2.489 2.759 3.087 3.287 3.382 3.476 3.577 3.669 3.703 3.725 3.714 3.585 3.449 3.426 3.505 3.402 3.449 3.336 2.630
6.50 3.16 1.017 1.536 1.883 2.317 2.415 2.679 2.994 3.184 3.281 3.373 3.470 3.561 3.601 3.629 3.626 3.508 3.384 3.363 3.437 3.337 3.364 3.250 2.525
6.50 3.98 0.966 1.482 1.815 2.231 2.334 2.594 2.896 3.076 3.173 3.263 3.358 3.448 3.492 3.527 3.533 3.426 3.314 3.295 3.364 3.266 3.274 3.158 2.413
6.50 5.01 0.910 1.422 1.742 2.140 2.248 2.503 2.792 2.962 3.060 3.147 3.239 3.329 3.378 3.418 3.434 3.338 3.238 3.221 3.285 3.190 3.178 3.061 2.295
6.50 6.31 0.848 1.356 1.662 2.044 2.157 2.407 2.683 2.843 2.941 3.026 3.116 3.204 3.257 3.304 3.329 3.244 3.156 3.140 3.200 3.108 3.076 2.957 2.170
6.50 7.94 0.782 1.284 1.577 1.943 2.060 2.306 2.569 2.719 2.817 2.900 2.987 3.074 3.131 3.183 3.217 3.143 3.067 3.054 3.109 3.020 2.967 2.847 2.039
6.50 10.00 0.710 1.206 1.487 1.837 1.959 2.200 2.450 2.590 2.688 2.769 2.853 2.939 2.999 3.057 3.099 3.036 2.971 2.960 3.011 2.925 2.852 2.730 1.901
6.50 12.59 0.633 1.123 1.392 1.727 1.854 2.091 2.327 2.458 2.555 2.634 2.715 2.799 2.863 2.925 2.975 2.921 2.868 2.859 2.905 2.821 2.729 2.606 1.757
6.50 15.85 0.551 1.034 1.292 1.614 1.745 1.977 2.201 2.322 2.418 2.494 2.573 2.655 2.721 2.788 2.845 2.801 2.759 2.751 2.792 2.710 2.598 2.476 1.608
6.50 19.95 0.466 0.940 1.189 1.498 1.632 1.861 2.071 2.183 2.276 2.351 2.428 2.507 2.575 2.645 2.709 2.673 2.642 2.635 2.670 2.591 2.460 2.339 1.453
6.50 25.12 0.376 0.841 1.081 1.378 1.516 1.741 1.937 2.041 2.132 2.204 2.279 2.355 2.425 2.498 2.567 2.539 2.518 2.511 2.541 2.463 2.315 2.195 1.292
6.50 31.62 0.282 0.737 0.970 1.256 1.397 1.619 1.801 1.895 1.984 2.054 2.126 2.200 2.271 2.346 2.420 2.398 2.386 2.379 2.402 2.325 2.162 2.044 1.127
6.50 39.81 0.185 0.630 0.855 1.131 1.276 1.493 1.662 1.747 1.832 1.901 1.971 2.041 2.112 2.189 2.267 2.250 2.246 2.238 2.254 2.178 2.000 1.886 0.956
6.50 50.12 0.083 0.517 0.737 1.003 1.151 1.364 1.519 1.596 1.678 1.744 1.811 1.879 1.950 2.027 2.108 2.094 2.098 2.088 2.096 2.019 1.829 1.720 0.779
6.50 63.10 -0.022 0.400 0.615 0.873 1.022 1.232 1.372 1.441 1.519 1.584 1.648 1.712 1.782 1.860 1.942 1.930 1.941 1.927 1.927 1.848 1.648 1.545 0.597
6.50 79.43 -0.132 0.278 0.489 0.740 0.891 1.096 1.222 1.283 1.356 1.419 1.480 1.540 1.609 1.686 1.768 1.757 1.772 1.754 1.744 1.663 1.455 1.361 0.407
6.50 100.00 -0.248 0.150 0.358 0.603 0.755 0.956 1.067 1.120 1.189 1.249 1.308 1.363 1.431 1.505 1.585 1.572 1.591 1.567 1.546 1.461 1.247 1.164 0.210
6.50 125.89 -0.369 0.016 0.223 0.462 0.614 0.811 0.906 0.952 1.016 1.073 1.129 1.179 1.244 1.315 1.392 1.374 1.395 1.363 1.330 1.239 1.023 0.953 0.003
6.50 158.49 -0.499 -0.126 0.081 0.317 0.467 0.659 0.738 0.777 0.836 0.889 0.942 0.988 1.049 1.115 1.185 1.160 1.181 1.138 1.091 0.993 0.778 0.724 -0.215
6.50 199.53 -0.637 -0.278 -0.069 0.166 0.313 0.500 0.561 0.595 0.647 0.697 0.746 0.786 0.844 0.902 0.962 0.926 0.944 0.888 0.824 0.716 0.507 0.474 -0.448
6.50 251.19 -0.787 -0.441 -0.228 0.008 0.150 0.331 0.374 0.402 0.448 0.494 0.539 0.572 0.624 0.672 0.719 0.667 0.679 0.607 0.523 0.402 0.204 0.198 -0.698
6.50 316.23 -0.950 -0.618 -0.399 -0.159 -0.024 0.150 0.174 0.198 0.236 0.278 0.318 0.343 0.388 0.423 0.451 0.378 0.378 0.287 0.179 0.041 -0.138 -0.112 -0.970
6.50 398.11 -1.132 -0.813 -0.584 -0.337 -0.212 -0.045 -0.043 -0.022 0.008 0.044 0.079 0.095 0.132 0.148 0.151 0.049 0.035 -0.082 -0.218 -0.378 -0.529 -0.464 -1.269
6.50 501.19 -1.335 -1.030 -0.788 -0.529 -0.417 -0.260 -0.281 -0.261 -0.241 -0.212 -0.183 -0.177 -0.151 -0.157 -0.187 -0.327 -0.364 -0.513 -0.682 -0.870 -0.983 -0.868 -1.602
6.50 630.96 -1.566 -1.274 -1.014 -0.737 -0.644 -0.497 -0.545 -0.524 -0.516 -0.494 -0.473 -0.479 -0.467 -0.502 -0.575 -0.764 -0.831 -1.020 -1.231 -1.454 -1.515 -1.337 -1.978
6.50 794.33 -1.832 -1.554 -1.268 -0.968 -0.898 -0.764 -0.841 -0.818 -0.822 -0.811 -0.798 -0.819 -0.824 -0.897 -1.024 -1.277 -1.385 -1.623 -1.885 -2.153 -2.145 -1.889 -2.409
6.50 1000.00 -2.141 -1.877 -1.559 -1.225 -1.187 -1.068 -1.179 -1.149 -1.169 -1.170 -1.168 -1.206 -1.233 -1.354 -1.551 -1.886 -2.047 -2.348 -2.672 -2.997 -2.899 -2.545 -2.907
6.75 1.00 1.307 1.829 2.246 2.770 2.839 3.127 3.497 3.734 3.813 3.913 4.024 4.113 4.122 4.123 4.076 3.907 3.722 3.690 3.783 3.667 3.783 3.670 3.064
6.75 1.26 1.281 1.802 2.210 2.717 2.792 3.075 3.433 3.660 3.739 3.837 3.945 4.032 4.045 4.050 4.010 3.849 3.674 3.642 3.731 3.617 3.717 3.604 2.984
6.75 1.58 1.252 1.772 2.169 2.661 2.740 3.018 3.364 3.581 3.660 3.756 3.861 3.947 3.964 3.974 3.941 3.788 3.625 3.593 3.676 3.564 3.648 3.536 2.900
6.75 2.00 1.220 1.739 2.124 2.599 2.683 2.957 3.289 3.496 3.576 3.670 3.772 3.858 3.878 3.893 3.868 3.725 3.572 3.541 3.619 3.509 3.576 3.464 2.812
6.75 2.51 1.185 1.701 2.074 2.531 2.621 2.890 3.209 3.406 3.487 3.579 3.678 3.762 3.787 3.807 3.791 3.657 3.515 3.486 3.559 3.451 3.500 3.388 2.719
6.75 3.16 1.144 1.658 2.018 2.458 2.553 2.817 3.124 3.310 3.393 3.482 3.578 3.662 3.691 3.717 3.709 3.585 3.455 3.427 3.495 3.389 3.420 3.308 2.620
6.75 3.98 1.100 1.611 1.957 2.379 2.479 2.738 3.032 3.208 3.292 3.379 3.472 3.555 3.590 3.621 3.621 3.508 3.389 3.363 3.427 3.324 3.336 3.222 2.516
6.75 5.01 1.050 1.557 1.890 2.294 2.400 2.653 2.935 3.100 3.186 3.270 3.360 3.442 3.482 3.518 3.528 3.425 3.319 3.295 3.354 3.253 3.246 3.131 2.404
6.75 6.31 0.995 1.498 1.817 2.203 2.314 2.562 2.831 2.987 3.073 3.155 3.243 3.324 3.368 3.410 3.429 3.337 3.242 3.220 3.275 3.177 3.150 3.034 2.286
6.75 7.94 0.934 1.433 1.738 2.107 2.223 2.467 2.723 2.868 2.955 3.035 3.119 3.200 3.248 3.296 3.323 3.242 3.159 3.140 3.190 3.095 3.048 2.931 2.161
6.75 10.00 0.868 1.361 1.654 2.006 2.127 2.366 2.609 2.745 2.832 2.909 2.991 3.070 3.122 3.175 3.211 3.140 3.070 3.053 3.098 3.006 2.939 2.820 2.030
6.75 12.59 0.797 1.284 1.564 1.901 2.026 2.260 2.491 2.617 2.703 2.779 2.857 2.935 2.991 3.048 3.092 3.031 2.973 2.958 2.999 2.910 2.822 2.703 1.892
6.75 15.85 0.721 1.200 1.468 1.791 1.921 2.151 2.368 2.484 2.570 2.643 2.719 2.795 2.854 2.916 2.967 2.916 2.869 2.856 2.892 2.806 2.698 2.579 1.748
6.75 19.95 0.640 1.111 1.369 1.677 1.811 2.037 2.241 2.348 2.432 2.504 2.577 2.651 2.712 2.778 2.835 2.793 2.757 2.746 2.777 2.693 2.566 2.447 1.597
6.75 25.12 0.554 1.017 1.264 1.560 1.698 1.920 2.110 2.208 2.291 2.360 2.431 2.502 2.566 2.634 2.698 2.663 2.638 2.627 2.653 2.571 2.426 2.308 1.441
6.75 31.62 0.464 0.917 1.156 1.440 1.582 1.800 1.976 2.065 2.145 2.213 2.281 2.349 2.414 2.485 2.554 2.526 2.510 2.500 2.520 2.439 2.277 2.162 1.278
6.75 39.81 0.369 0.812 1.044 1.317 1.462 1.676 1.839 1.919 1.996 2.061 2.127 2.193 2.258 2.331 2.404 2.382 2.375 2.364 2.377 2.296 2.120 2.007 1.110
6.75 50.12 0.270 0.703 0.927 1.191 1.338 1.548 1.697 1.769 1.843 1.906 1.969 2.032 2.098 2.172 2.247 2.229 2.230 2.217 2.223 2.142 1.952 1.845 0.936
6.75 63.10 0.167 0.588 0.807 1.062 1.211 1.417 1.552 1.615 1.686 1.747 1.807 1.866 1.932 2.006 2.083 2.067 2.075 2.059 2.057 1.975 1.774 1.673 0.756
6.75 79.43 0.058 0.468 0.682 0.930 1.080 1.283 1.403 1.458 1.525 1.583 1.641 1.696 1.761 1.834 1.911 1.896 1.909 1.889 1.877 1.793 1.583 1.490 0.568
6.75 100.00 -0.056 0.341 0.553 0.794 0.945 1.143 1.248 1.296 1.358 1.414 1.469 1.520 1.583 1.654 1.729 1.713 1.730 1.704 1.682 1.594 1.378 1.295 0.372
6.75 125.89 -0.176 0.208 0.418 0.654 0.805 0.998 1.088 1.128 1.186 1.239 1.291 1.337 1.398 1.465 1.537 1.516 1.535 1.502 1.467 1.374 1.155 1.086 0.166
6.75 158.49 -0.305 0.067 0.277 0.509 0.659 0.847 0.920 0.954 1.006 1.056 1.105 1.146 1.203 1.265 1.331 1.303 1.322 1.279 1.230 1.130 0.912 0.858 -0.051
6.75 199.53 -0.442 -0.083 0.128 0.358 0.505 0.688 0.744 0.772 0.818 0.864 0.910 0.944 0.998 1.053 1.108 1.070 1.086 1.031 0.965 0.855 0.642 0.609 -0.283
6.75 251.19 -0.591 -0.246 -0.031 0.200 0.343 0.520 0.558 0.580 0.619 0.662 0.703 0.731 0.779 0.824 0.866 0.812 0.822 0.750 0.665 0.542 0.341 0.333 -0.533
6.75 316.23 -0.755 -0.422 -0.201 0.033 0.169 0.339 0.357 0.375 0.408 0.445 0.482 0.502 0.544 0.575 0.598 0.523 0.522 0.431 0.322 0.182 -0.001 0.024 -0.804
6.75 398.11 -0.936 -0.617 -0.386 -0.144 -0.019 0.144 0.141 0.156 0.180 0.212 0.242 0.254 0.287 0.301 0.300 0.195 0.179 0.062 -0.075 -0.236 -0.392 -0.327 -1.103
6.75 501.19 -1.139 -0.833 -0.589 -0.336 -0.224 -0.070 -0.097 -0.083 -0.069 -0.044 -0.019 -0.017 0.005 -0.005 -0.039 -0.181 -0.219 -0.367 -0.538 -0.728 -0.845 -0.730 -1.436
6.75 630.96 -1.369 -1.078 -0.815 -0.544 -0.450 -0.308 -0.360 -0.346 -0.343 -0.326 -0.309 -0.319 -0.311 -0.350 -0.426 -0.618 -0.686 -0.874 -1.086 -1.311 -1.377 -1.200 -1.812
6.75 794.33 -1.635 -1.357 -1.070 -0.774 -0.705 -0.575 -0.657 -0.639 -0.650 -0.642 -0.634 -0.659 -0.668 -0.744 -0.875 -1.130 -1.239 -1.477 -1.740 -2.009 -2.007 -1.752 -2.242
6.75 1000.00 -1.944 -1.680 -1.361 -1.032 -0.994 -0.879 -0.994 -0.971 -0.997 -1.001 -1.004 -1.046 -1.077 -1.201 -1.402 -1.739 -1.901 -2.202 -2.526 -2.853 -2.760 -2.407 -2.740
7.00 1.00 1.409 1.926 2.350 2.875 2.941 3.226 3.589 3.823 3.890 3.988 4.098 4.181 4.185 4.189 4.142 3.971 3.782 3.745 3.834 3.713 3.828 3.712 3.135
7.00 1.26 1.386 1.902 2.317 2.827 2.898 3.179 3.529 3.753 3.820 3.916 4.023 4.105 4.111 4.119 4.078 3.916 3.736 3.700 3.783 3.664 3.764 3.649 3.059
7.00 1.58 1.361 1.876 2.281 2.775 2.852 3.128 3.466 3.680 3.746 3.840 3.945 4.026 4.035 4.046 4.013 3.858 3.689 3.653 3.731 3.614 3.697 3.583 2.980
7.00 2.00 1.333 1.846 2.240 2.719 2.801 3.072 3.397 3.601 3.668 3.760 3.862 3.941 3.954 3.970 3.943 3.797 3.639 3.603 3.677 3.561 3.629 3.515 2.896
7.00 2.51 1.302 1.813 2.196 2.657 2.744 3.012 3.324 3.517 3.586 3.675 3.774 3.852 3.869 3.889 3.870 3.733 3.586 3.551 3.620 3.506 3.557 3.444 2.809
7.00 3.16 1.267 1.776 2.146 2.590 2.683 2.945 3.245 3.428 3.498 3.585 3.681 3.758 3.779 3.804 3.793 3.665 3.530 3.496 3.559 3.448 3.482 3.368 2.716
7.00 3.98 1.228 1.734 2.091 2.518 2.615 2.873 3.160 3.333 3.404 3.489 3.581 3.658 3.684 3.714 3.711 3.593 3.469 3.437 3.495 3.387 3.402 3.288 2.617
7.00 5.01 1.184 1.687 2.031 2.439 2.542 2.794 3.069 3.232 3.304 3.387 3.476 3.552 3.583 3.618 3.623 3.516 3.403 3.373 3.427 3.321 3.318 3.203 2.512
7.00 6.31 1.135 1.634 1.964 2.354 2.463 2.710 2.973 3.125 3.199 3.279 3.365 3.440 3.476 3.516 3.530 3.432 3.332 3.304 3.354 3.250 3.228 3.112 2.401
7.00 7.94 1.080 1.575 1.892 2.264 2.378 2.620 2.870 3.012 3.087 3.165 3.248 3.322 3.362 3.407 3.430 3.343 3.255 3.229 3.275 3.174 3.132 3.015 2.283
7.00 10.00 1.021 1.510 1.813 2.169 2.288 2.525 2.762 2.894 2.970 3.045 3.125 3.199 3.243 3.293 3.323 3.247 3.171 3.148 3.189 3.092 3.029 2.912 2.158
7.00 12.59 0.956 1.439 1.729 2.068 2.192 2.424 2.649 2.771 2.847 2.920 2.997 3.069 3.117 3.172 3.210 3.144 3.081 3.060 3.097 3.002 2.919 2.801 2.027
7.00 15.85 0.885 1.362 1.639 1.962 2.091 2.319 2.530 2.643 2.719 2.790 2.864 2.934 2.986 3.045 3.091 3.034 2.982 2.964 2.996 2.904 2.801 2.683 1.888
7.00 19.95 0.809 1.278 1.544 1.852 1.985 2.209 2.407 2.510 2.586 2.654 2.726 2.794 2.849 2.911 2.964 2.917 2.876 2.860 2.888 2.798 2.676 2.557 1.743
7.00 25.12 0.728 1.189 1.443 1.739 1.875 2.095 2.280 2.373 2.448 2.514 2.583 2.649 2.707 2.772 2.831 2.792 2.762 2.748 2.770 2.682 2.541 2.424 1.591
7.00 31.62 0.642 1.094 1.339 1.621 1.762 1.977 2.149 2.233 2.306 2.370 2.436 2.500 2.559 2.627 2.691 2.659 2.640 2.626 2.642 2.557 2.398 2.283 1.433
7.00 39.81 0.551 0.993 1.229 1.500 1.644 1.855 2.013 2.089 2.159 2.221 2.284 2.345 2.406 2.476 2.544 2.518 2.508 2.494 2.505 2.420 2.245 2.133 1.268
7.00 50.12 0.455 0.886 1.115 1.376 1.522 1.730 1.874 1.941 2.008 2.068 2.129 2.187 2.248 2.319 2.391 2.369 2.367 2.352 2.355 2.271 2.082 1.974 1.097
7.00 63.10 0.354 0.774 0.997 1.248 1.397 1.600 1.730 1.789 1.853 1.911 1.968 2.023 2.084 2.156 2.229 2.210 2.216 2.198 2.194 2.109 1.907 1.805 0.919
7.00 79.43 0.248 0.656 0.874 1.117 1.268 1.467 1.582 1.632 1.693 1.748 1.803 1.854 1.915 1.985 2.059 2.041 2.052 2.031 2.018 1.931 1.720 1.625 0.733
7.00 100.00 0.136 0.532 0.746 0.982 1.134 1.328 1.428 1.471 1.528 1.580 1.632 1.679 1.739 1.807 1.879 1.860 1.876 1.849 1.825 1.735 1.517 1.433 0.539
7.00 125.89 0.016 0.401 0.612 0.843 0.994 1.184 1.269 1.304 1.356 1.406 1.455 1.497 1.555 1.619 1.688 1.665 1.683 1.649 1.613 1.518 1.296 1.225 0.334
7.00 158.49 -0.111 0.261 0.472 0.699 0.849 1.034 1.102 1.131 1.178 1.224 1.270 1.307 1.361 1.421 1.483 1.453 1.471 1.428 1.378 1.276 1.055 0.999 0.118
7.00 199.53 -0.247 0.111 0.323 0.548 0.696 0.875 0.927 0.949 0.990 1.033 1.075 1.106 1.157 1.209 1.262 1.221 1.237 1.181 1.115 1.003 0.786 0.752 -0.113
7.00 251.19 -0.396 -0.050 0.165 0.391 0.534 0.707 0.740 0.757 0.792 0.831 0.869 0.893 0.939 0.981 1.020 0.964 0.973 0.902 0.816 0.691 0.486 0.477 -0.362
7.00 316.23 -0.558 -0.226 -0.005 0.225 0.360 0.527 0.541 0.553 0.581 0.615 0.648 0.665 0.704 0.732 0.753 0.676 0.675 0.584 0.474 0.333 0.146 0.168 -0.633
7.00 398.11 -0.739 -0.420 -0.189 0.047 0.173 0.332 0.324 0.334 0.353 0.382 0.409 0.417 0.448 0.459 0.454 0.348 0.332 0.216 0.079 -0.084 -0.245 -0.182 -0.931
7.00 501.19 -0.941 -0.636 -0.392 -0.144 -0.032 0.118 0.087 0.095 0.105 0.127 0.148 0.146 0.165 0.153 0.117 -0.027 -0.065 -0.213 -0.384 -0.575 -0.697 -0.585 -1.264
7.00 630.96 -1.172 -0.880 -0.618 -0.352 -0.259 -0.119 -0.177 -0.168 -0.169 -0.156 -0.142 -0.156 -0.150 -0.191 -0.270 -0.463 -0.531 -0.719 -0.931 -1.157 -1.228 -1.054 -1.639
7.00 794.33 -1.437 -1.159 -0.872 -0.582 -0.513 -0.386 -0.473 -0.461 -0.476 -0.472 -0.467 -0.496 -0.507 -0.585 -0.719 -0.976 -1.084 -1.322 -1.584 -1.855 -1.858 -1.605 -2.069
7.00 1000.00 -1.746 -1.482 -1.163 -0.840 -0.801 -0.690 -0.810 -0.792 -0.823 -0.831 -0.837 -0.883 -0.916 -1.042 -1.246 -1.584 -1.746 -2.046 -2.371 -2.698 -2.611 -2.261 -2.567
7.25 1.00 1.510 2.021 2.449 2.974 3.037 3.320 3.675 3.906 3.963 4.060 4.170 4.250 4.248 4.257 4.211 4.042 3.849 3.808 3.894 3.769 3.881 3.760 3.209
7.25 1.26 1.490 2.000 2.420 2.930 2.998 3.277 3.620 3.841 3.897 3.992 4.099 4.177 4.178 4.190 4.151 3.988 3.806 3.765 3.845 3.721 3.819 3.699 3.136
7.25 1.58 1.467 1.976 2.387 2.883 2.956 3.231 3.561 3.772 3.828 3.921 4.025 4.102 4.105 4.120 4.088 3.933 3.760 3.720 3.794 3.673 3.755 3.636 3.060
7.25 2.00 1.443 1.950 2.351 2.831 2.910 3.180 3.498 3.699 3.755 3.846 3.948 4.022 4.029 4.048 4.022 3.875 3.713 3.673 3.742 3.622 3.689 3.571 2.981
7.25 2.51 1.415 1.921 2.311 2.775 2.859 3.125 3.430 3.622 3.678 3.767 3.865 3.939 3.949 3.972 3.952 3.814 3.663 3.623 3.687 3.569 3.620 3.503 2.898
7.25 3.16 1.385 1.888 2.267 2.714 2.804 3.065 3.358 3.539 3.597 3.683 3.778 3.851 3.864 3.891 3.879 3.750 3.610 3.571 3.630 3.514 3.548 3.431 2.811
7.25 3.98 1.350 1.852 2.218 2.648 2.743 2.999 3.280 3.450 3.509 3.593 3.686 3.757 3.775 3.806 3.802 3.682 3.553 3.516 3.570 3.456 3.473 3.356 2.718
7.25 5.01 1.312 1.810 2.164 2.576 2.676 2.927 3.196 3.356 3.417 3.498 3.587 3.658 3.680 3.716 3.720 3.609 3.492 3.456 3.506 3.394 3.393 3.276 2.620
7.25 6.31 1.269 1.764 2.104 2.498 2.603 2.849 3.106 3.256 3.318 3.397 3.483 3.553 3.580 3.620 3.632 3.531 3.426 3.392 3.437 3.328 3.309 3.191 2.515
7.25 7.94 1.221 1.711 2.038 2.413 2.525 2.766 3.010 3.149 3.214 3.290 3.373 3.442 3.474 3.518 3.538 3.447 3.354 3.323 3.364 3.257 3.218 3.101 2.404
7.25 10.00 1.167 1.653 1.966 2.324 2.440 2.676 2.908 3.037 3.103 3.177 3.256 3.324 3.361 3.410 3.437 3.357 3.276 3.247 3.284 3.181 3.122 3.004 2.286
7.25 12.59 1.108 1.589 1.887 2.228 2.350 2.581 2.800 2.919 2.986 3.057 3.134 3.201 3.242 3.295 3.330 3.260 3.191 3.165 3.197 3.097 3.019 2.900 2.161
7.25 15.85 1.044 1.518 1.803 2.127 2.254 2.480 2.687 2.796 2.863 2.933 3.006 3.071 3.116 3.174 3.216 3.156 3.099 3.076 3.103 3.006 2.908 2.788 2.029
7.25 19.95 0.974 1.440 1.713 2.022 2.153 2.375 2.568 2.668 2.735 2.802 2.872 2.936 2.985 3.046 3.095 3.044 2.999 2.978 3.001 2.906 2.788 2.669 1.889
7.25 25.12 0.898 1.356 1.618 1.912 2.047 2.265 2.445 2.535 2.602 2.666 2.734 2.796 2.847 2.911 2.967 2.924 2.891 2.871 2.890 2.798 2.660 2.542 1.743
7.25 31.62 0.817 1.266 1.517 1.797 1.937 2.150 2.317 2.398 2.464 2.526 2.590 2.650 2.704 2.771 2.831 2.796 2.773 2.756 2.769 2.678 2.523 2.406 1.589
7.25 39.81 0.730 1.170 1.411 1.679 1.822 2.031 2.185 2.256 2.320 2.380 2.442 2.499 2.555 2.623 2.689 2.660 2.647 2.629 2.637 2.548 2.376 2.262 1.429
7.25 50.12 0.638 1.068 1.300 1.557 1.703 1.908 2.048 2.111 2.172 2.230 2.288 2.343 2.400 2.469 2.538 2.514 2.510 2.492 2.493 2.405 2.217 2.107 1.261
7.25 63.10 0.540 0.959 1.184 1.431 1.580 1.780 1.906 1.960 2.019 2.075 2.130 2.181 2.239 2.309 2.379 2.359 2.362 2.343 2.336 2.248 2.047 1.942 1.086
7.25 79.43 0.436 0.844 1.063 1.302 1.452 1.648 1.759 1.806 1.861 1.914 1.967 2.014 2.072 2.141 2.212 2.192 2.202 2.180 2.165 2.074 1.863 1.766 0.903
7.25 100.00 0.326 0.722 0.937 1.168 1.319 1.511 1.607 1.646 1.698 1.748 1.797 1.841 1.897 1.964 2.034 2.014 2.028 2.001 1.976 1.883 1.663 1.576 0.710
7.25 125.89 0.209 0.592 0.805 1.030 1.181 1.368 1.449 1.480 1.527 1.574 1.621 1.660 1.715 1.778 1.845 1.821 1.838 1.804 1.767 1.669 1.446 1.371 0.507
7.25 158.49 0.083 0.454 0.665 0.886 1.036 1.218 1.283 1.307 1.350 1.394 1.437 1.471 1.523 1.581 1.641 1.611 1.628 1.585 1.535 1.430 1.206 1.147 0.292
7.25 199.53 -0.052 0.306 0.518 0.737 0.884 1.060 1.108 1.126 1.163 1.204 1.243 1.271 1.319 1.370 1.421 1.380 1.395 1.340 1.273 1.159 0.940 0.901 0.063
7.25 251.19 -0.199 0.146 0.361 0.580 0.722 0.893 0.922 0.935 0.966 1.002 1.037 1.059 1.102 1.143 1.180 1.124 1.133 1.063 0.977 0.850 0.641 0.628 -0.185
7.25 316.23 -0.361 -0.029 0.191 0.414 0.549 0.713 0.723 0.732 0.755 0.786 0.817 0.831 0.868 0.895 0.914 0.836 0.836 0.746 0.636 0.493 0.302 0.320 -0.455
7.25 398.11 -0.541 -0.223 0.007 0.237 0.362 0.518 0.507 0.513 0.528 0.553 0.578 0.584 0.612 0.622 0.616 0.510 0.494 0.379 0.242 0.078 -0.088 -0.029 -0.753
7.25 501.19 -0.743 -0.438 -0.195 0.046 0.158 0.304 0.270 0.274 0.280 0.299 0.317 0.313 0.330 0.317 0.279 0.135 0.097 -0.049 -0.220 -0.412 -0.540 -0.432 -1.085
7.25 630.96 -0.973 -0.682 -0.421 -0.162 -0.069 0.067 0.007 0.011 0.006 0.017 0.028 0.011 0.015 -0.027 -0.108 -0.301 -0.368 -0.554 -0.766 -0.993 -1.070 -0.900 -1.460
7.25 794.33 -1.238 -0.960 -0.675 -0.392 -0.323 -0.199 -0.289 -0.282 -0.300 -0.299 -0.297 -0.328 -0.341 -0.421 -0.556 -0.813 -0.921 -1.156 -1.419 -1.690 -1.699 -1.451 -1.890
7.25 1000.00 -1.547 -1.283 -0.965 -0.649 -0.611 -0.503 -0.627 -0.613 -0.647 -0.658 -0.666 -0.715 -0.750 -0.878 -1.083 -1.421 -1.582 -1.880 -2.204 -2.533 -2.452 -2.106 -2.387
7.50 1.00 1.610 2.115 2.545 3.067 3.127 3.408 3.757 3.986 4.035 4.130 4.241 4.318 4.313 4.328 4.287 4.120 3.925 3.881 3.963 3.834 3.943 3.814 3.287
7.50 1.26 1.592 2.096 2.518 3.027 3.091 3.369 3.705 3.925 3.972 4.065 4.174 4.249 4.245 4.264 4.228 4.068 3.882 3.838 3.915 3.788 3.882 3.755 3.217
7.50 1.58 1.571 2.075 2.489 2.984 3.053 3.326 3.650 3.860 3.907 3.998 4.104 4.177 4.176 4.197 4.167 4.014 3.839 3.795 3.866 3.740 3.820 3.694 3.144
7.50 2.00 1.549 2.052 2.457 2.937 3.012 3.281 3.592 3.792 3.838 3.928 4.030 4.102 4.103 4.128 4.104 3.959 3.794 3.749 3.815 3.691 3.756 3.631 3.068
7.50 2.51 1.525 2.026 2.421 2.886 2.966 3.231 3.530 3.720 3.766 3.853 3.953 4.023 4.027 4.055 4.038 3.901 3.746 3.702 3.763 3.641 3.690 3.566 2.989
7.50 3.16 1.498 1.997 2.382 2.830 2.916 3.176 3.463 3.643 3.690 3.775 3.872 3.940 3.948 3.979 3.968 3.840 3.696 3.653 3.708 3.588 3.621 3.498 2.906
7.50 3.98 1.468 1.965 2.338 2.770 2.861 3.116 3.391 3.561 3.609 3.692 3.785 3.853 3.864 3.899 3.895 3.775 3.642 3.600 3.651 3.533 3.549 3.427 2.819
7.50 5.01 1.435 1.929 2.289 2.704 2.801 3.051 3.314 3.473 3.522 3.603 3.694 3.760 3.775 3.814 3.818 3.706 3.585 3.545 3.591 3.474 3.474 3.352 2.726
7.50 6.31 1.397 1.888 2.236 2.632 2.735 2.980 3.231 3.379 3.431 3.509 3.596 3.661 3.681 3.724 3.735 3.633 3.523 3.485 3.526 3.412 3.394 3.272 2.628
7.50 7.94 1.355 1.841 2.176 2.554 2.662 2.903 3.141 3.280 3.333 3.409 3.492 3.557 3.582 3.628 3.646 3.554 3.457 3.420 3.457 3.346 3.309 3.187 2.524
7.50 10.00 1.308 1.790 2.110 2.471 2.584 2.820 3.046 3.174 3.229 3.302 3.383 3.446 3.476 3.526 3.552 3.470 3.384 3.350 3.383 3.274 3.218 3.097 2.413
7.50 12.59 1.255 1.732 2.038 2.381 2.500 2.730 2.945 3.062 3.119 3.190 3.267 3.329 3.363 3.417 3.451 3.378 3.305 3.274 3.302 3.196 3.121 2.999 2.294
7.50 15.85 1.197 1.667 1.960 2.286 2.410 2.635 2.837 2.945 3.003 3.071 3.144 3.206 3.244 3.302 3.343 3.280 3.219 3.190 3.214 3.111 3.017 2.895 2.169
7.50 19.95 1.133 1.596 1.876 2.185 2.314 2.535 2.724 2.822 2.880 2.946 3.016 3.076 3.119 3.180 3.227 3.174 3.125 3.099 3.118 3.018 2.904 2.782 2.035
7.50 25.12 1.063 1.519 1.786 2.079 2.213 2.429 2.605 2.693 2.752 2.816 2.882 2.941 2.987 3.051 3.105 3.060 3.022 2.999 3.014 2.916 2.783 2.662 1.895
7.50 31.62 0.987 1.434 1.690 1.969 2.107 2.318 2.481 2.560 2.619 2.679 2.743 2.799 2.849 2.915 2.974 2.937 2.911 2.889 2.899 2.804 2.652 2.532 1.747
7.50 39.81 0.905 1.343 1.588 1.854 1.995 2.202 2.352 2.422 2.479 2.538 2.598 2.652 2.704 2.772 2.836 2.805 2.789 2.769 2.773 2.680 2.510 2.393 1.591
7.50 50.12 0.817 1.245 1.481 1.734 1.879 2.082 2.218 2.279 2.335 2.391 2.448 2.499 2.553 2.622 2.689 2.664 2.657 2.637 2.635 2.543 2.357 2.244 1.427
7.50 63.10 0.723 1.141 1.368 1.611 1.758 1.956 2.079 2.131 2.185 2.238 2.293 2.341 2.395 2.465 2.534 2.512 2.514 2.493 2.484 2.392 2.192 2.084 1.256
7.50 79.43 0.623 1.029 1.250 1.483 1.632 1.826 1.934 1.978 2.029 2.080 2.131 2.176 2.231 2.299 2.369 2.350 2.358 2.334 2.317 2.224 2.012 1.911 1.076
7.50 100.00 0.515 0.910 1.126 1.351 1.501 1.690 1.784 1.819 1.867 1.915 1.964 2.005 2.059 2.125 2.194 2.174 2.187 2.159 2.133 2.037 1.817 1.725 0.886
7.50 125.89 0.400 0.783 0.995 1.214 1.365 1.549 1.627 1.655 1.699 1.744 1.789 1.825 1.878 1.941 2.007 1.983 2.000 1.966 1.928 1.828 1.602 1.523 0.685
7.50 158.49 0.277 0.647 0.857 1.072 1.221 1.400 1.462 1.483 1.522 1.564 1.606 1.637 1.688 1.746 1.805 1.775 1.793 1.750 1.699 1.592 1.365 1.301 0.472
7.50 199.53 0.143 0.501 0.711 0.923 1.070 1.243 1.288 1.303 1.337 1.375 1.413 1.439 1.485 1.536 1.586 1.546 1.561 1.507 1.440 1.324 1.101 1.057 0.243
7.50 251.19 -0.003 0.342 0.555 0.767 0.909 1.076 1.103 1.113 1.140 1.174 1.208 1.227 1.269 1.310 1.346 1.291 1.301 1.232 1.146 1.018 0.804 0.785 -0.003
7.50 316.23 -0.164 0.168 0.386 0.601 0.736 0.897 0.904 0.910 0.930 0.960 0.988 1.000 1.036 1.063 1.081 1.005 1.005 0.916 0.807 0.663 0.466 0.479 -0.272
7.50 398.11 -0.343 -0.025 0.203 0.425 0.550 0.703 0.689 0.691 0.703 0.727 0.750 0.754 0.781 0.790 0.784 0.679 0.664 0.551 0.415 0.249 0.078 0.131 -0.569
7.50 501.19 -0.544 -0.240 0.001 0.234 0.346 0.489 0.452 0.453 0.456 0.473 0.490 0.483 0.499 0.486 0.447 0.305 0.268 0.124 -0.046 -0.239 -0.373 -0.271 -0.901
7.50 630.96 -0.774 -0.483 -0.224 0.026 0.120 0.253 0.189 0.191 0.182 0.191 0.201 0.182 0.185 0.142 0.061 -0.130 -0.197 -0.380 -0.591 -0.819 -0.902 -0.738 -1.276
7.50 794.33 -1.038 -0.761 -0.478 -0.204 -0.134 -0.014 -0.107 -0.102 -0.123 -0.124 -0.124 -0.157 -0.172 -0.251 -0.387 -0.642 -0.749 -0.982 -1.243 -1.515 -1.530 -1.289 -1.705
7.50 1000.00 -1.347 -1.083 -0.768 -0.460 -0.422 -0.318 -0.444 -0.433 -0.470 -0.483 -0.493 -0.544 -0.580 -0.707 -0.913 -1.249 -1.409 -1.705 -2.028 -2.357 -2.283 -1.943 -2.202
7.75 1.00 1.710 2.209 2.639 3.157 3.212 3.491 3.835 4.063 4.105 4.199 4.311 4.387 4.380 4.404 4.367 4.205 4.008 3.962 4.042 3.910 4.014 3.876 3.369
7.75 1.26 1.693 2.191 2.614 3.119 3.180 3.455 3.786 4.004 4.044 4.137 4.247 4.320 4.314 4.341 4.310 4.154 3.967 3.921 3.995 3.865 3.955 3.818 3.301
7.75 1.58 1.674 2.172 2.587 3.079 3.145 3.416 3.734 3.943 3.982 4.073 4.180 4.251 4.247 4.276 4.251 4.102 3.925 3.878 3.947 3.818 3.894 3.759 3.230
7.75 2.00 1.655 2.151 2.558 3.036 3.107 3.374 3.680 3.879 3.917 4.006 4.111 4.180 4.178 4.210 4.190 4.049 3.881 3.834 3.898 3.770 3.831 3.698 3.158
7.75 2.51 1.633 2.128 2.526 2.990 3.066 3.329 3.623 3.812 3.849 3.937 4.038 4.105 4.106 4.140 4.127 3.993 3.836 3.789 3.847 3.721 3.767 3.635 3.082
7.75 3.16 1.609 2.103 2.490 2.939 3.020 3.280 3.561 3.740 3.778 3.863 3.962 4.027 4.030 4.068 4.061 3.934 3.788 3.742 3.795 3.670 3.701 3.570 3.003
7.75 3.98 1.583 2.074 2.451 2.884 2.971 3.226 3.495 3.664 3.702 3.785 3.881 3.945 3.951 3.992 3.991 3.873 3.737 3.692 3.740 3.617 3.632 3.502 2.921
7.75 5.01 1.553 2.042 2.408 2.824 2.917 3.166 3.424 3.582 3.622 3.703 3.795 3.858 3.868 3.912 3.918 3.808 3.683 3.639 3.682 3.562 3.560 3.431 2.833
7.75 6.31 1.521 2.006 2.360 2.758 2.857 3.102 3.347 3.495 3.537 3.615 3.704 3.766 3.780 3.827 3.840 3.739 3.626 3.583 3.621 3.503 3.484 3.356 2.741
7.75 7.94 1.484 1.966 2.307 2.687 2.791 3.031 3.265 3.403 3.446 3.522 3.607 3.668 3.686 3.737 3.757 3.665 3.563 3.522 3.556 3.440 3.404 3.276 2.643
7.75 10.00 1.442 1.920 2.247 2.610 2.720 2.954 3.176 3.304 3.349 3.422 3.504 3.564 3.587 3.641 3.668 3.585 3.496 3.457 3.486 3.373 3.319 3.191 2.538
7.75 12.59 1.395 1.868 2.182 2.526 2.642 2.872 3.081 3.198 3.246 3.316 3.395 3.453 3.482 3.539 3.572 3.499 3.422 3.386 3.411 3.300 3.227 3.100 2.426
7.75 15.85 1.343 1.811 2.110 2.437 2.558 2.783 2.980 3.087 3.136 3.204 3.279 3.337 3.369 3.430 3.470 3.407 3.342 3.308 3.328 3.220 3.129 3.002 2.308
7.75 19.95 1.286 1.746 2.032 2.342 2.468 2.688 2.873 2.970 3.020 3.086 3.157 3.213 3.251 3.314 3.361 3.306 3.254 3.223 3.239 3.134 3.023 2.896 2.181
7.75 25.12 1.222 1.675 1.948 2.241 2.372 2.587 2.759 2.846 2.898 2.961 3.029 3.083 3.125 3.191 3.244 3.198 3.157 3.129 3.140 3.038 2.908 2.782 2.047
7.75 31.62 1.152 1.597 1.857 2.135 2.270 2.480 2.640 2.718 2.770 2.830 2.894 2.947 2.992 3.060 3.119 3.081 3.051 3.025 3.032 2.932 2.783 2.659 1.905
7.75 39.81 1.076 1.512 1.760 2.023 2.163 2.368 2.515 2.583 2.635 2.693 2.754 2.805 2.853 2.922 2.985 2.954 2.936 2.911 2.913 2.815 2.648 2.526 1.754
7.75 50.12 0.993 1.419 1.657 1.907 2.050 2.251 2.385 2.444 2.495 2.550 2.607 2.656 2.706 2.777 2.843 2.818 2.809 2.786 2.782 2.685 2.502 2.383 1.596
7.75 63.10 0.903 1.319 1.548 1.786 1.932 2.129 2.249 2.299 2.348 2.401 2.455 2.501 2.552 2.623 2.692 2.671 2.671 2.647 2.636 2.540 2.342 2.228 1.428
7.75 79.43 0.807 1.212 1.433 1.661 1.809 2.001 2.107 2.148 2.195 2.245 2.296 2.339 2.391 2.461 2.531 2.512 2.519 2.493 2.475 2.378 2.167 2.060 1.252
7.75 100.00 0.703 1.096 1.312 1.531 1.680 1.867 1.958 1.992 2.036 2.083 2.131 2.170 2.222 2.290 2.359 2.339 2.352 2.323 2.296 2.197 1.976 1.878 1.065
7.75 125.89 0.591 0.972 1.183 1.395 1.545 1.727 1.803 1.829 1.870 1.914 1.958 1.993 2.044 2.108 2.174 2.152 2.168 2.134 2.095 1.992 1.765 1.679 0.867
7.75 158.49 0.469 0.839 1.047 1.254 1.403 1.580 1.640 1.659 1.695 1.736 1.776 1.806 1.855 1.914 1.974 1.946 1.964 1.921 1.870 1.761 1.531 1.461 0.656
7.75 199.53 0.337 0.694 0.902 1.107 1.253 1.424 1.467 1.480 1.511 1.548 1.585 1.609 1.655 1.706 1.757 1.719 1.735 1.681 1.615 1.497 1.270 1.220 0.429
7.75 251.19 0.193 0.537 0.747 0.951 1.093 1.258 1.283 1.290 1.315 1.348 1.381 1.399 1.440 1.481 1.519 1.466 1.476 1.409 1.323 1.193 0.976 0.950 0.184
7.75 316.23 0.033 0.365 0.580 0.787 0.921 1.079 1.085 1.088 1.106 1.134 1.162 1.172 1.207 1.235 1.254 1.181 1.182 1.095 0.987 0.841 0.640 0.645 -0.084
7.75 398.11 -0.144 0.173 0.397 0.610 0.735 0.885 0.870 0.870 0.880 0.902 0.924 0.926 0.953 0.964 0.958 0.856 0.843 0.732 0.596 0.430 0.254 0.298 -0.380
7.75 501.19 -0.345 -0.040 0.196 0.420 0.532 0.673 0.634 0.632 0.633 0.649 0.664 0.656 0.672 0.660 0.622 0.483 0.448 0.306 0.137 -0.056 -0.196 -0.102 -0.711
7.75 630.96 -0.574 -0.283 -0.029 0.213 0.306 0.436 0.371 0.370 0.360 0.368 0.376 0.356 0.358 0.317 0.237 0.048 -0.016 -0.197 -0.407 -0.635 -0.725 -0.568 -1.085
7.75 794.33 -0.838 -0.560 -0.282 -0.017 0.052 0.170 0.076 0.077 0.055 0.052 0.051 0.017 0.003 -0.076 -0.211 -0.463 -0.568 -0.798 -1.058 -1.330 -1.352 -1.118 -1.514
7.75 1000.00 -1.146 -0.882 -0.572 -0.273 -0.236 -0.133 -0.261 -0.253 -0.291 -0.306 -0.318 -0.370 -0.405 -0.532 -0.736 -1.070 -1.228 -1.520 -1.842 -2.171 -2.104 -1.772 -2.010
8.00 1.00 1.809 2.303 2.730 3.242 3.294 3.571 3.909 4.137 4.174 4.268 4.382 4.457 4.449 4.483 4.453 4.298 4.100 4.053 4.131 3.996 4.095 3.945 3.456
8.00 1.26 1.793 2.286 2.707 3.207 3.263 3.537 3.863 4.081 4.115 4.208 4.320 4.393 4.386 4.422 4.397 4.248 4.060 4.012 4.085 3.951 4.036 3.888 3.389
8.00 1.58 1.776 2.269 2.682 3.169 3.231 3.501 3.814 4.023 4.056 4.147 4.256 4.326 4.321 4.359 4.340 4.197 4.019 3.971 4.038 3.906 3.976 3.830 3.321
8.00 2.00 1.758 2.249 2.655 3.130 3.196 3.462 3.763 3.963 3.994 4.083 4.190 4.258 4.254 4.295 4.281 4.145 3.976 3.928 3.989 3.859 3.915 3.770 3.251
8.00 2.51 1.739 2.229 2.626 3.087 3.159 3.421 3.710 3.899 3.929 4.017 4.121 4.187 4.185 4.228 4.220 4.091 3.933 3.884 3.940 3.811 3.853 3.710 3.178
8.00 3.16 1.718 2.206 2.594 3.041 3.118 3.376 3.652 3.832 3.862 3.948 4.049 4.112 4.113 4.159 4.156 4.035 3.887 3.838 3.889 3.762 3.789 3.647 3.102
8.00 3.98 1.694 2.181 2.559 2.990 3.073 3.327 3.591 3.761 3.791 3.875 3.973 4.035 4.038 4.086 4.090 3.976 3.839 3.791 3.836 3.710 3.722 3.582 3.024
8.00 5.01 1.668 2.152 2.521 2.936 3.024 3.273 3.526 3.685 3.716 3.797 3.893 3.953 3.959 4.011 4.020 3.914 3.788 3.740 3.781 3.657 3.653 3.514 2.941
8.00 6.31 1.640 2.121 2.478 2.876 2.970 3.215 3.455 3.604 3.637 3.716 3.807 3.866 3.876 3.930 3.947 3.849 3.733 3.687 3.723 3.601 3.581 3.443 2.853
8.00 7.94 1.607 2.085 2.430 2.811 2.911 3.151 3.379 3.518 3.552 3.629 3.717 3.775 3.789 3.846 3.868 3.779 3.675 3.630 3.661 3.541 3.505 3.367 2.761
8.00 10.00 1.571 2.045 2.377 2.740 2.846 3.080 3.298 3.426 3.462 3.536 3.621 3.677 3.696 3.755 3.785 3.704 3.612 3.569 3.595 3.478 3.424 3.287 2.663
8.00 12.59 1.530 1.999 2.318 2.663 2.775 3.004 3.210 3.327 3.366 3.437 3.518 3.574 3.597 3.659 3.695 3.623 3.543 3.502 3.524 3.409 3.337 3.201 2.558
8.00 15.85 1.484 1.948 2.253 2.580 2.697 2.922 3.115 3.223 3.263 3.332 3.409 3.464 3.491 3.556 3.599 3.536 3.468 3.430 3.447 3.334 3.245 3.109 2.446
8.00 19.95 1.433 1.890 2.181 2.490 2.613 2.833 3.014 3.111 3.154 3.220 3.293 3.347 3.379 3.447 3.495 3.442 3.385 3.350 3.363 3.253 3.144 3.010 2.326
8.00 25.12 1.375 1.825 2.103 2.395 2.523 2.737 2.907 2.994 3.038 3.101 3.171 3.223 3.260 3.330 3.384 3.339 3.295 3.262 3.271 3.163 3.036 2.903 2.199
8.00 31.62 1.311 1.754 2.018 2.294 2.427 2.636 2.793 2.870 2.916 2.976 3.042 3.093 3.134 3.205 3.265 3.228 3.195 3.165 3.169 3.064 2.918 2.787 2.063
8.00 39.81 1.241 1.675 1.927 2.187 2.324 2.529 2.673 2.741 2.787 2.845 2.907 2.956 3.000 3.073 3.137 3.107 3.085 3.057 3.056 2.953 2.790 2.660 1.918
8.00 50.12 1.164 1.588 1.829 2.075 2.216 2.416 2.547 2.605 2.651 2.706 2.765 2.812 2.859 2.932 3.000 2.976 2.965 2.938 2.932 2.830 2.649 2.523 1.765
8.00 63.10 1.079 1.494 1.724 1.958 2.102 2.296 2.414 2.464 2.509 2.561 2.616 2.661 2.710 2.783 2.853 2.833 2.831 2.805 2.792 2.692 2.495 2.374 1.603
8.00 79.43 0.987 1.391 1.612 1.835 1.981 2.171 2.275 2.316 2.360 2.409 2.461 2.502 2.552 2.625 2.696 2.679 2.685 2.657 2.637 2.536 2.327 2.212 1.430
8.00 100.00 0.887 1.280 1.494 1.707 1.855 2.040 2.130 2.162 2.204 2.250 2.298 2.336 2.387 2.457 2.527 2.510 2.522 2.492 2.464 2.361 2.140 2.035 1.247
8.00 125.89 0.778 1.160 1.368 1.574 1.722 1.902 1.977 2.002 2.040 2.083 2.128 2.161 2.211 2.278 2.345 2.326 2.342 2.307 2.268 2.162 1.934 1.840 1.052
8.00 158.49 0.660 1.029 1.235 1.434 1.582 1.757 1.815 1.833 1.867 1.907 1.948 1.977 2.025 2.087 2.148 2.123 2.141 2.099 2.047 1.936 1.705 1.626 0.844
8.00 199.53 0.531 0.887 1.092 1.288 1.433 1.602 1.644 1.655 1.685 1.721 1.758 1.781 1.827 1.881 1.933 1.898 1.915 1.863 1.796 1.676 1.447 1.387 0.619
8.00 251.19 0.388 0.732 0.938 1.134 1.274 1.437 1.461 1.467 1.491 1.523 1.555 1.572 1.613 1.657 1.696 1.647 1.659 1.593 1.508 1.376 1.155 1.120 0.376
8.00 316.23 0.230 0.561 0.772 0.970 1.104 1.259 1.264 1.265 1.283 1.310 1.337 1.347 1.382 1.413 1.434 1.364 1.366 1.282 1.175 1.028 0.822 0.818 0.109
8.00 398.11 0.054 0.372 0.590 0.794 0.918 1.066 1.050 1.048 1.058 1.079 1.101 1.102 1.129 1.142 1.139 1.041 1.029 0.920 0.786 0.619 0.437 0.473 -0.186
8.00 501.19 -0.145 0.159 0.390 0.605 0.715 0.854 0.814 0.811 0.812 0.826 0.842 0.833 0.850 0.840 0.804 0.668 0.635 0.496 0.329 0.135 -0.011 0.074 -0.516
8.00 630.96 -0.373 -0.082 0.166 0.398 0.490 0.618 0.552 0.549 0.539 0.546 0.553 0.533 0.536 0.497 0.419 0.235 0.172 -0.006 -0.213 -0.442 -0.538 -0.391 -0.889
8.00 794.33 -0.636 -0.359 -0.087 0.169 0.237 0.352 0.257 0.257 0.234 0.231 0.230 0.195 0.181 0.104 -0.028 -0.276 -0.378 -0.605 -0.863 -1.136 -1.164 -0.940 -1.317
8.00 1000.00 -0.944 -0.680 -0.376 -0.088 -0.051 0.049 -0.080 -0.073 -0.111 -0.127 -0.139 -0.192 -0.226 -0.351 -0.553 -0.882 -1.038 -1.326 -1.646 -1.975 -1.915 -1.593 -1.813
