ZhaoEtAl2006SInterCascadia as implemented in OpenQuake, distance is rrup. Log10 hazard values in cgs units
          10 31 22 : nmag, ndist, nperiod
          10.000 5.000 4.000 3.000 2.500 2.000 1.500 1.250 1.000 0.900 0.800 0.700 0.600 0.500 0.400 0.300 0.250 0.200 0.150 0.100 0.050 PGA PGV
          0.698 0.698 0.716 0.748 0.760 0.760 0.752 0.742 0.734 0.729 0.726 0.723 0.717 0.709 0.713 0.726 0.741 0.766 0.792 0.803 0.726 0.678 0.760
7.00 1.00 1.002 1.604 1.904 2.226 2.380 2.584 2.671 2.729 2.714 2.786 2.852 2.867 2.868 2.921 2.958 2.906 2.878 2.806 2.782 2.663 2.512 2.463 1.735
7.00 1.26 0.992 1.592 1.888 2.205 2.360 2.562 2.650 2.707 2.696 2.767 2.832 2.849 2.852 2.907 2.946 2.895 2.869 2.798 2.775 2.656 2.503 2.453 1.715
7.00 1.58 0.979 1.578 1.869 2.179 2.335 2.536 2.624 2.680 2.673 2.743 2.808 2.826 2.832 2.889 2.931 2.883 2.858 2.788 2.766 2.648 2.492 2.440 1.692
7.00 2.00 0.962 1.560 1.845 2.149 2.306 2.505 2.593 2.648 2.646 2.715 2.779 2.799 2.809 2.868 2.912 2.867 2.844 2.776 2.754 2.637 2.478 2.425 1.664
7.00 2.51 0.943 1.539 1.818 2.114 2.272 2.469 2.558 2.611 2.614 2.683 2.745 2.767 2.782 2.843 2.890 2.848 2.827 2.761 2.741 2.624 2.462 2.406 1.631
7.00 3.16 0.920 1.514 1.785 2.073 2.233 2.427 2.517 2.569 2.577 2.644 2.705 2.730 2.749 2.813 2.863 2.825 2.806 2.743 2.723 2.608 2.441 2.383 1.594
7.00 3.98 0.893 1.484 1.747 2.027 2.187 2.380 2.470 2.521 2.534 2.601 2.660 2.687 2.712 2.778 2.831 2.798 2.781 2.721 2.703 2.589 2.417 2.356 1.551
7.00 5.01 0.861 1.449 1.703 1.974 2.136 2.326 2.417 2.467 2.485 2.551 2.609 2.639 2.668 2.738 2.794 2.765 2.752 2.695 2.677 2.565 2.388 2.324 1.503
7.00 6.31 0.824 1.408 1.654 1.916 2.079 2.267 2.358 2.407 2.431 2.495 2.552 2.584 2.618 2.691 2.751 2.727 2.717 2.663 2.647 2.536 2.353 2.286 1.450
7.00 7.94 0.782 1.361 1.598 1.852 2.016 2.202 2.294 2.341 2.370 2.433 2.489 2.523 2.563 2.638 2.702 2.683 2.676 2.626 2.611 2.502 2.312 2.242 1.392
7.00 10.00 0.734 1.308 1.537 1.783 1.948 2.131 2.223 2.269 2.304 2.366 2.420 2.457 2.501 2.579 2.646 2.632 2.628 2.582 2.569 2.462 2.264 2.191 1.328
7.00 12.59 0.681 1.249 1.469 1.708 1.874 2.055 2.148 2.193 2.232 2.293 2.346 2.384 2.433 2.514 2.584 2.574 2.573 2.531 2.519 2.414 2.209 2.133 1.260
7.00 15.85 0.622 1.184 1.396 1.629 1.795 1.975 2.067 2.112 2.154 2.215 2.267 2.306 2.359 2.442 2.515 2.509 2.511 2.472 2.462 2.358 2.147 2.068 1.188
7.00 19.95 0.559 1.112 1.318 1.546 1.712 1.890 1.982 2.026 2.072 2.131 2.183 2.224 2.279 2.364 2.439 2.437 2.441 2.405 2.396 2.294 2.076 1.995 1.112
7.00 25.12 0.490 1.035 1.234 1.458 1.624 1.800 1.893 1.937 1.985 2.044 2.094 2.136 2.194 2.280 2.356 2.357 2.363 2.330 2.322 2.220 1.997 1.915 1.031
7.00 31.62 0.415 0.952 1.146 1.367 1.532 1.707 1.799 1.843 1.894 1.951 2.001 2.044 2.104 2.190 2.267 2.269 2.276 2.245 2.237 2.137 1.909 1.826 0.948
7.00 39.81 0.336 0.863 1.054 1.272 1.437 1.610 1.702 1.746 1.798 1.855 1.903 1.947 2.009 2.095 2.171 2.173 2.181 2.151 2.143 2.042 1.811 1.729 0.861
7.00 50.12 0.253 0.768 0.957 1.174 1.338 1.510 1.600 1.644 1.698 1.754 1.801 1.845 1.908 1.993 2.068 2.069 2.076 2.046 2.037 1.935 1.703 1.623 0.771
7.00 63.10 0.164 0.668 0.856 1.073 1.234 1.405 1.495 1.539 1.594 1.649 1.695 1.739 1.802 1.885 1.957 1.955 1.960 1.929 1.918 1.815 1.583 1.507 0.677
7.00 79.43 0.069 0.563 0.750 0.968 1.127 1.296 1.384 1.430 1.485 1.538 1.584 1.627 1.690 1.770 1.837 1.831 1.833 1.800 1.785 1.679 1.451 1.380 0.579
7.00 100.00 -0.031 0.450 0.638 0.859 1.015 1.182 1.269 1.316 1.370 1.423 1.467 1.509 1.571 1.647 1.708 1.695 1.692 1.655 1.636 1.525 1.303 1.240 0.477
7.00 125.89 -0.138 0.331 0.522 0.746 0.898 1.063 1.147 1.196 1.250 1.301 1.344 1.384 1.445 1.515 1.567 1.545 1.536 1.492 1.467 1.350 1.138 1.085 0.370
7.00 158.49 -0.253 0.203 0.398 0.628 0.774 0.938 1.018 1.069 1.122 1.171 1.213 1.251 1.309 1.372 1.413 1.378 1.360 1.308 1.275 1.150 0.951 0.912 0.258
7.00 199.53 -0.378 0.065 0.267 0.505 0.643 0.804 0.881 0.934 0.985 1.032 1.072 1.108 1.162 1.215 1.242 1.191 1.161 1.098 1.054 0.919 0.738 0.717 0.138
7.00 251.19 -0.514 -0.084 0.125 0.373 0.503 0.661 0.732 0.790 0.838 0.882 0.920 0.952 1.002 1.043 1.051 0.979 0.934 0.856 0.799 0.649 0.493 0.495 0.009
7.00 316.23 -0.665 -0.248 -0.028 0.233 0.352 0.505 0.570 0.632 0.678 0.718 0.753 0.781 0.824 0.850 0.835 0.735 0.671 0.575 0.500 0.333 0.208 0.240 -0.130
7.00 398.11 -0.833 -0.430 -0.195 0.082 0.187 0.335 0.392 0.460 0.501 0.537 0.568 0.591 0.625 0.631 0.587 0.453 0.365 0.245 0.148 -0.042 -0.128 -0.058 -0.283
7.00 501.19 -1.024 -0.634 -0.381 -0.083 0.004 0.146 0.193 0.268 0.304 0.334 0.361 0.376 0.400 0.381 0.300 0.123 0.003 -0.147 -0.272 -0.491 -0.525 -0.408 -0.453
7.00 630.96 -1.242 -0.866 -0.590 -0.265 -0.201 -0.067 -0.033 0.052 0.080 0.104 0.125 0.132 0.143 0.092 -0.037 -0.269 -0.427 -0.616 -0.776 -1.031 -1.001 -0.824 -0.643
7.00 794.33 -1.496 -1.133 -0.828 -0.468 -0.433 -0.309 -0.291 -0.194 -0.175 -0.159 -0.146 -0.151 -0.157 -0.247 -0.435 -0.736 -0.944 -1.181 -1.386 -1.687 -1.576 -1.323 -0.860
7.00 1000.00 -1.793 -1.444 -1.101 -0.699 -0.699 -0.588 -0.591 -0.479 -0.471 -0.466 -0.462 -0.481 -0.508 -0.648 -0.911 -1.299 -1.570 -1.868 -2.129 -2.488 -2.274 -1.925 -1.111
7.25 1.00 1.073 1.669 1.977 2.301 2.452 2.653 2.730 2.783 2.756 2.825 2.889 2.899 2.892 2.948 2.985 2.931 2.899 2.822 2.795 2.673 2.521 2.474 1.796
7.25 1.26 1.065 1.659 1.964 2.283 2.435 2.635 2.713 2.765 2.741 2.809 2.873 2.884 2.879 2.937 2.975 2.922 2.891 2.816 2.789 2.667 2.514 2.466 1.780
7.25 1.58 1.054 1.648 1.949 2.262 2.415 2.613 2.692 2.743 2.723 2.790 2.853 2.865 2.864 2.922 2.962 2.912 2.882 2.808 2.781 2.660 2.505 2.456 1.761
7.25 2.00 1.042 1.634 1.929 2.237 2.391 2.588 2.667 2.717 2.701 2.767 2.830 2.843 2.845 2.905 2.947 2.899 2.871 2.798 2.772 2.652 2.494 2.444 1.738
7.25 2.51 1.026 1.617 1.907 2.207 2.363 2.557 2.637 2.686 2.674 2.740 2.801 2.817 2.823 2.885 2.928 2.883 2.857 2.786 2.761 2.641 2.481 2.429 1.711
7.25 3.16 1.008 1.596 1.879 2.173 2.329 2.522 2.602 2.650 2.644 2.708 2.768 2.786 2.796 2.860 2.906 2.864 2.840 2.771 2.747 2.628 2.464 2.410 1.679
7.25 3.98 0.985 1.571 1.847 2.133 2.290 2.481 2.562 2.609 2.607 2.671 2.730 2.749 2.764 2.830 2.879 2.841 2.819 2.753 2.729 2.612 2.444 2.388 1.642
7.25 5.01 0.959 1.542 1.810 2.087 2.246 2.434 2.516 2.561 2.566 2.628 2.685 2.707 2.727 2.795 2.847 2.813 2.794 2.730 2.708 2.592 2.419 2.361 1.600
7.25 6.31 0.928 1.507 1.767 2.035 2.195 2.381 2.464 2.508 2.518 2.580 2.635 2.660 2.684 2.755 2.810 2.780 2.764 2.704 2.683 2.568 2.390 2.329 1.552
7.25 7.94 0.892 1.467 1.718 1.977 2.139 2.322 2.406 2.449 2.464 2.525 2.579 2.605 2.635 2.708 2.767 2.741 2.728 2.671 2.652 2.539 2.355 2.291 1.500
7.25 10.00 0.850 1.421 1.662 1.913 2.076 2.257 2.342 2.383 2.404 2.464 2.516 2.545 2.580 2.655 2.717 2.696 2.686 2.633 2.616 2.504 2.313 2.246 1.441
7.25 12.59 0.803 1.368 1.601 1.844 2.008 2.187 2.272 2.312 2.338 2.397 2.448 2.479 2.518 2.596 2.660 2.644 2.637 2.588 2.572 2.463 2.265 2.195 1.378
7.25 15.85 0.751 1.309 1.534 1.770 1.934 2.111 2.197 2.236 2.267 2.324 2.374 2.407 2.450 2.530 2.597 2.585 2.581 2.536 2.522 2.414 2.209 2.137 1.310
7.25 19.95 0.693 1.244 1.461 1.691 1.855 2.030 2.116 2.155 2.190 2.246 2.294 2.329 2.376 2.457 2.526 2.518 2.517 2.475 2.463 2.356 2.145 2.071 1.238
7.25 25.12 0.629 1.172 1.382 1.607 1.772 1.945 2.031 2.069 2.107 2.162 2.209 2.245 2.296 2.378 2.449 2.443 2.444 2.406 2.394 2.289 2.072 1.996 1.161
7.25 31.62 0.560 1.094 1.298 1.519 1.683 1.855 1.941 1.979 2.020 2.074 2.120 2.157 2.211 2.293 2.364 2.360 2.363 2.327 2.316 2.212 1.990 1.913 1.081
7.25 39.81 0.485 1.010 1.209 1.427 1.591 1.761 1.846 1.884 1.927 1.980 2.025 2.063 2.119 2.201 2.272 2.269 2.272 2.239 2.227 2.124 1.898 1.821 0.996
7.25 50.12 0.405 0.919 1.115 1.331 1.494 1.662 1.747 1.785 1.830 1.882 1.926 1.964 2.022 2.103 2.172 2.168 2.172 2.139 2.127 2.023 1.794 1.720 0.908
7.25 63.10 0.319 0.823 1.016 1.231 1.392 1.559 1.643 1.682 1.728 1.779 1.822 1.860 1.918 1.997 2.064 2.058 2.060 2.026 2.013 1.907 1.679 1.607 0.815
7.25 79.43 0.227 0.720 0.912 1.128 1.287 1.452 1.534 1.574 1.621 1.671 1.713 1.750 1.808 1.885 1.947 1.936 1.936 1.901 1.884 1.776 1.550 1.484 0.719
7.25 100.00 0.129 0.610 0.803 1.021 1.176 1.340 1.420 1.461 1.508 1.556 1.597 1.634 1.691 1.764 1.820 1.803 1.798 1.759 1.739 1.627 1.406 1.347 0.618
7.25 125.89 0.024 0.492 0.687 0.909 1.060 1.222 1.299 1.342 1.389 1.436 1.475 1.510 1.566 1.633 1.681 1.655 1.644 1.599 1.573 1.455 1.243 1.194 0.512
7.25 158.49 -0.090 0.366 0.565 0.792 0.937 1.097 1.171 1.216 1.262 1.307 1.345 1.378 1.432 1.491 1.528 1.490 1.470 1.418 1.384 1.258 1.058 1.024 0.400
7.25 199.53 -0.213 0.230 0.434 0.668 0.807 0.964 1.035 1.082 1.126 1.169 1.205 1.236 1.286 1.336 1.358 1.304 1.273 1.210 1.165 1.029 0.847 0.830 0.281
7.25 251.19 -0.348 0.081 0.294 0.538 0.668 0.821 0.887 0.938 0.980 1.020 1.053 1.081 1.126 1.164 1.168 1.093 1.047 0.970 0.912 0.762 0.603 0.610 0.153
7.25 316.23 -0.498 -0.082 0.142 0.398 0.517 0.666 0.725 0.781 0.820 0.856 0.887 0.910 0.949 0.971 0.952 0.850 0.786 0.690 0.615 0.447 0.319 0.355 0.014
7.25 398.11 -0.666 -0.263 -0.026 0.247 0.352 0.496 0.547 0.609 0.643 0.676 0.702 0.720 0.751 0.754 0.705 0.569 0.480 0.360 0.264 0.073 -0.015 0.058 -0.138
7.25 501.19 -0.856 -0.467 -0.211 0.083 0.170 0.307 0.348 0.417 0.446 0.473 0.495 0.506 0.527 0.504 0.418 0.239 0.119 -0.031 -0.155 -0.374 -0.412 -0.291 -0.308
7.25 630.96 -1.074 -0.698 -0.420 -0.099 -0.035 0.095 0.123 0.202 0.224 0.243 0.260 0.262 0.269 0.215 0.082 -0.152 -0.311 -0.499 -0.658 -0.913 -0.887 -0.707 -0.498
7.25 794.33 -1.327 -0.965 -0.657 -0.303 -0.267 -0.147 -0.135 -0.044 -0.032 -0.020 -0.011 -0.020 -0.030 -0.123 -0.315 -0.619 -0.827 -1.064 -1.268 -1.569 -1.461 -1.205 -0.715
7.25 1000.00 -1.624 -1.275 -0.930 -0.533 -0.533 -0.426 -0.435 -0.329 -0.327 -0.327 -0.327 -0.350 -0.381 -0.524 -0.791 -1.182 -1.452 -1.750 -2.011 -2.369 -2.158 -1.807 -0.965
7.50 1.00 1.133 1.723 2.039 2.364 2.512 2.711 2.779 2.828 2.788 2.854 2.918 2.922 2.909 2.969 3.007 2.952 2.916 2.836 2.805 2.681 2.529 2.484 1.848
7.50 1.26 1.126 1.715 2.029 2.350 2.499 2.696 2.765 2.813 2.776 2.842 2.905 2.910 2.899 2.960 2.998 2.945 2.910 2.831 2.800 2.676 2.523 2.477 1.835
7.50 1.58 1.118 1.706 2.016 2.333 2.483 2.679 2.748 2.796 2.762 2.827 2.889 2.895 2.887 2.949 2.988 2.937 2.903 2.824 2.794 2.671 2.516 2.469 1.819
7.50 2.00 1.108 1.695 2.001 2.312 2.463 2.658 2.728 2.774 2.744 2.809 2.870 2.878 2.872 2.935 2.976 2.926 2.893 2.816 2.787 2.664 2.507 2.459 1.801
7.50 2.51 1.096 1.681 1.982 2.288 2.440 2.633 2.703 2.749 2.723 2.787 2.847 2.856 2.854 2.918 2.960 2.913 2.882 2.806 2.777 2.655 2.496 2.447 1.778
7.50 3.16 1.081 1.665 1.960 2.258 2.412 2.603 2.674 2.719 2.698 2.760 2.819 2.830 2.832 2.897 2.942 2.897 2.868 2.794 2.766 2.644 2.482 2.432 1.751
7.50 3.98 1.063 1.644 1.933 2.224 2.379 2.568 2.640 2.684 2.668 2.729 2.787 2.800 2.806 2.872 2.919 2.877 2.850 2.778 2.752 2.631 2.466 2.414 1.720
7.50 5.01 1.042 1.620 1.901 2.184 2.341 2.527 2.601 2.643 2.632 2.693 2.749 2.764 2.774 2.843 2.892 2.854 2.829 2.760 2.734 2.615 2.445 2.391 1.684
7.50 6.31 1.016 1.591 1.864 2.139 2.297 2.481 2.556 2.596 2.591 2.651 2.705 2.723 2.738 2.808 2.860 2.826 2.803 2.737 2.713 2.595 2.421 2.364 1.642
7.50 7.94 0.986 1.557 1.821 2.088 2.247 2.429 2.504 2.543 2.545 2.603 2.656 2.676 2.696 2.768 2.822 2.792 2.773 2.710 2.687 2.570 2.391 2.332 1.595
7.50 10.00 0.950 1.517 1.773 2.030 2.191 2.370 2.447 2.485 2.492 2.549 2.600 2.622 2.647 2.721 2.778 2.752 2.736 2.677 2.655 2.540 2.355 2.294 1.543
7.50 12.59 0.910 1.471 1.718 1.967 2.128 2.306 2.383 2.420 2.433 2.488 2.538 2.562 2.592 2.668 2.728 2.706 2.693 2.638 2.618 2.504 2.313 2.250 1.485
7.50 15.85 0.864 1.419 1.657 1.898 2.060 2.236 2.314 2.349 2.367 2.422 2.470 2.496 2.531 2.608 2.670 2.652 2.643 2.591 2.573 2.462 2.264 2.198 1.422
7.50 19.95 0.812 1.360 1.589 1.823 1.987 2.160 2.239 2.273 2.296 2.349 2.396 2.424 2.463 2.541 2.605 2.591 2.585 2.537 2.521 2.411 2.206 2.138 1.354
7.50 25.12 0.754 1.294 1.516 1.744 1.908 2.079 2.158 2.191 2.219 2.271 2.316 2.346 2.389 2.468 2.533 2.522 2.518 2.474 2.459 2.350 2.140 2.070 1.281
7.50 31.62 0.690 1.222 1.437 1.660 1.823 1.993 2.072 2.105 2.136 2.187 2.230 2.262 2.308 2.387 2.453 2.444 2.443 2.402 2.387 2.280 2.064 1.993 1.204
7.50 39.81 0.620 1.143 1.352 1.571 1.734 1.902 1.981 2.014 2.047 2.097 2.140 2.172 2.221 2.300 2.366 2.358 2.357 2.319 2.305 2.198 1.978 1.907 1.122
7.50 50.12 0.544 1.057 1.262 1.478 1.640 1.806 1.884 1.917 1.954 2.002 2.043 2.076 2.127 2.205 2.270 2.261 2.261 2.224 2.210 2.103 1.880 1.811 1.036
7.50 63.10 0.462 0.964 1.166 1.381 1.541 1.705 1.783 1.816 1.854 1.902 1.942 1.975 2.027 2.103 2.165 2.155 2.154 2.117 2.102 1.994 1.770 1.703 0.946
7.50 79.43 0.374 0.865 1.064 1.279 1.438 1.600 1.676 1.711 1.750 1.796 1.835 1.867 1.920 1.993 2.051 2.037 2.034 1.996 1.978 1.868 1.645 1.584 0.852
7.50 100.00 0.278 0.758 0.957 1.173 1.329 1.489 1.564 1.599 1.639 1.684 1.721 1.753 1.805 1.874 1.926 1.906 1.899 1.858 1.837 1.723 1.504 1.450 0.752
7.50 125.89 0.175 0.643 0.843 1.063 1.214 1.372 1.445 1.481 1.521 1.564 1.600 1.631 1.682 1.746 1.789 1.761 1.748 1.702 1.675 1.556 1.345 1.301 0.648
7.50 158.49 0.064 0.519 0.723 0.947 1.092 1.248 1.318 1.357 1.396 1.437 1.471 1.500 1.549 1.605 1.638 1.597 1.576 1.523 1.489 1.362 1.163 1.132 0.536
7.50 199.53 -0.058 0.384 0.593 0.824 0.963 1.116 1.182 1.223 1.261 1.300 1.332 1.359 1.405 1.451 1.470 1.413 1.381 1.318 1.273 1.137 0.954 0.941 0.418
7.50 251.19 -0.192 0.237 0.454 0.694 0.824 0.974 1.034 1.080 1.115 1.152 1.181 1.204 1.246 1.280 1.281 1.204 1.157 1.080 1.022 0.872 0.712 0.722 0.290
7.50 316.23 -0.341 0.075 0.302 0.555 0.674 0.820 0.874 0.924 0.956 0.989 1.015 1.034 1.070 1.089 1.066 0.962 0.897 0.801 0.727 0.559 0.430 0.469 0.152
7.50 398.11 -0.508 -0.105 0.136 0.405 0.510 0.650 0.696 0.752 0.780 0.809 0.831 0.845 0.872 0.872 0.820 0.682 0.592 0.473 0.377 0.188 0.097 0.173 -0.000
7.50 501.19 -0.698 -0.308 -0.050 0.241 0.328 0.462 0.497 0.561 0.584 0.607 0.625 0.631 0.648 0.623 0.534 0.353 0.232 0.083 -0.040 -0.258 -0.299 -0.175 -0.169
7.50 630.96 -0.915 -0.539 -0.258 0.059 0.124 0.250 0.272 0.345 0.361 0.377 0.390 0.387 0.391 0.334 0.198 -0.038 -0.197 -0.384 -0.543 -0.797 -0.774 -0.590 -0.359
7.50 794.33 -1.168 -0.805 -0.495 -0.144 -0.108 0.008 0.014 0.100 0.106 0.114 0.119 0.106 0.093 -0.004 -0.199 -0.504 -0.713 -0.948 -1.151 -1.451 -1.347 -1.088 -0.576
7.50 1000.00 -1.464 -1.115 -0.768 -0.375 -0.374 -0.271 -0.285 -0.185 -0.189 -0.193 -0.196 -0.224 -0.258 -0.404 -0.675 -1.067 -1.338 -1.634 -1.893 -2.251 -2.044 -1.690 -0.826
7.75 1.00 1.182 1.766 2.090 2.417 2.562 2.758 2.818 2.863 2.813 2.876 2.938 2.938 2.920 2.985 3.024 2.970 2.931 2.847 2.813 2.688 2.535 2.491 1.891
7.75 1.26 1.177 1.761 2.082 2.405 2.552 2.747 2.807 2.851 2.803 2.866 2.928 2.929 2.913 2.978 3.017 2.965 2.926 2.843 2.810 2.684 2.531 2.486 1.881
7.75 1.58 1.171 1.753 2.072 2.392 2.539 2.733 2.794 2.837 2.792 2.854 2.916 2.917 2.903 2.969 3.009 2.957 2.920 2.837 2.805 2.680 2.525 2.480 1.868
7.75 2.00 1.163 1.745 2.060 2.375 2.523 2.716 2.777 2.820 2.778 2.840 2.900 2.903 2.891 2.957 2.998 2.949 2.912 2.831 2.799 2.674 2.518 2.472 1.853
7.75 2.51 1.154 1.734 2.045 2.355 2.504 2.695 2.757 2.800 2.761 2.822 2.881 2.885 2.876 2.944 2.986 2.938 2.902 2.822 2.791 2.667 2.509 2.462 1.834
7.75 3.16 1.142 1.720 2.026 2.330 2.481 2.671 2.734 2.775 2.740 2.801 2.859 2.865 2.858 2.927 2.970 2.924 2.891 2.812 2.781 2.658 2.497 2.450 1.812
7.75 3.98 1.127 1.704 2.004 2.302 2.454 2.641 2.706 2.745 2.716 2.775 2.832 2.839 2.837 2.906 2.951 2.908 2.876 2.800 2.770 2.647 2.484 2.435 1.786
7.75 5.01 1.110 1.684 1.978 2.268 2.421 2.607 2.672 2.711 2.686 2.745 2.800 2.810 2.811 2.881 2.929 2.888 2.858 2.784 2.755 2.633 2.467 2.416 1.755
7.75 6.31 1.089 1.660 1.947 2.229 2.384 2.567 2.634 2.671 2.652 2.709 2.763 2.775 2.781 2.852 2.901 2.864 2.836 2.765 2.737 2.617 2.446 2.394 1.719
7.75 7.94 1.064 1.631 1.910 2.184 2.340 2.521 2.589 2.625 2.612 2.668 2.720 2.734 2.745 2.817 2.869 2.835 2.810 2.742 2.715 2.596 2.421 2.367 1.678
7.75 10.00 1.035 1.597 1.868 2.133 2.291 2.469 2.538 2.573 2.566 2.621 2.671 2.687 2.703 2.777 2.830 2.800 2.779 2.714 2.688 2.570 2.391 2.335 1.632
7.75 12.59 1.000 1.558 1.819 2.075 2.235 2.411 2.481 2.514 2.514 2.567 2.616 2.634 2.655 2.730 2.786 2.760 2.741 2.680 2.656 2.540 2.354 2.296 1.580
7.75 15.85 0.960 1.512 1.765 2.012 2.173 2.347 2.418 2.450 2.455 2.507 2.554 2.574 2.600 2.676 2.734 2.712 2.696 2.639 2.617 2.502 2.311 2.251 1.522
7.75 19.95 0.914 1.460 1.703 1.943 2.105 2.277 2.349 2.380 2.390 2.441 2.486 2.508 2.539 2.616 2.675 2.657 2.644 2.591 2.570 2.457 2.260 2.198 1.459
7.75 25.12 0.863 1.401 1.636 1.869 2.031 2.201 2.273 2.303 2.319 2.368 2.412 2.436 2.471 2.548 2.609 2.593 2.584 2.534 2.515 2.404 2.200 2.137 1.391
7.75 31.62 0.805 1.334 1.562 1.789 1.952 2.119 2.192 2.221 2.241 2.289 2.331 2.357 2.395 2.473 2.535 2.521 2.514 2.468 2.450 2.340 2.131 2.067 1.318
7.75 39.81 0.740 1.261 1.482 1.704 1.866 2.032 2.105 2.134 2.157 2.205 2.245 2.271 2.313 2.390 2.452 2.440 2.434 2.391 2.374 2.265 2.051 1.987 1.239
7.75 50.12 0.669 1.181 1.396 1.614 1.776 1.940 2.012 2.041 2.068 2.114 2.152 2.180 2.224 2.300 2.360 2.348 2.344 2.303 2.286 2.177 1.959 1.896 1.157
7.75 63.10 0.592 1.093 1.304 1.520 1.680 1.842 1.914 1.943 1.972 2.017 2.054 2.082 2.128 2.202 2.260 2.246 2.241 2.201 2.183 2.074 1.854 1.794 1.069
7.75 79.43 0.507 0.997 1.206 1.421 1.579 1.739 1.810 1.839 1.870 1.914 1.949 1.977 2.024 2.095 2.149 2.132 2.126 2.085 2.065 1.954 1.735 1.679 0.977
7.75 100.00 0.415 0.894 1.101 1.317 1.472 1.630 1.700 1.730 1.762 1.804 1.838 1.865 1.913 1.979 2.027 2.004 1.995 1.952 1.929 1.814 1.599 1.550 0.879
7.75 125.89 0.315 0.782 0.990 1.208 1.359 1.515 1.582 1.614 1.647 1.686 1.719 1.745 1.792 1.853 1.893 1.862 1.847 1.799 1.772 1.652 1.443 1.404 0.775
7.75 158.49 0.206 0.660 0.870 1.093 1.239 1.392 1.457 1.491 1.523 1.561 1.592 1.616 1.661 1.715 1.744 1.701 1.678 1.624 1.589 1.463 1.265 1.238 0.666
7.75 199.53 0.086 0.528 0.742 0.972 1.111 1.261 1.322 1.358 1.390 1.425 1.454 1.476 1.518 1.562 1.577 1.519 1.485 1.422 1.377 1.241 1.058 1.050 0.548
7.75 251.19 -0.046 0.383 0.604 0.842 0.973 1.120 1.176 1.216 1.245 1.278 1.304 1.323 1.360 1.392 1.390 1.311 1.263 1.186 1.129 0.979 0.819 0.833 0.421
7.75 316.23 -0.194 0.222 0.454 0.704 0.824 0.966 1.016 1.060 1.087 1.116 1.139 1.154 1.185 1.202 1.176 1.071 1.005 0.910 0.836 0.669 0.538 0.581 0.283
7.75 398.11 -0.360 0.043 0.288 0.554 0.660 0.797 0.838 0.889 0.912 0.936 0.956 0.965 0.989 0.986 0.931 0.791 0.701 0.583 0.488 0.299 0.207 0.287 0.132
7.75 501.19 -0.548 -0.159 0.103 0.390 0.478 0.609 0.640 0.698 0.716 0.735 0.750 0.752 0.766 0.738 0.645 0.463 0.343 0.195 0.072 -0.145 -0.188 -0.061 -0.037
7.75 630.96 -0.765 -0.389 -0.104 0.209 0.275 0.398 0.416 0.483 0.494 0.506 0.515 0.509 0.509 0.450 0.311 0.074 -0.086 -0.271 -0.429 -0.682 -0.661 -0.474 -0.227
7.75 794.33 -1.017 -0.655 -0.341 0.006 0.043 0.156 0.158 0.238 0.239 0.243 0.245 0.227 0.211 0.112 -0.087 -0.393 -0.601 -0.835 -1.036 -1.335 -1.233 -0.971 -0.443
7.75 1000.00 -1.313 -0.964 -0.614 -0.224 -0.223 -0.122 -0.141 -0.046 -0.056 -0.063 -0.070 -0.102 -0.139 -0.288 -0.562 -0.955 -1.225 -1.520 -1.778 -2.133 -1.930 -1.572 -0.693
8.00 1.00 1.222 1.800 2.131 2.460 2.603 2.797 2.849 2.890 2.829 2.890 2.952 2.948 2.926 2.996 3.037 2.985 2.942 2.855 2.820 2.694 2.541 2.498 1.926
8.00 1.26 1.218 1.796 2.125 2.451 2.595 2.788 2.840 2.881 2.822 2.883 2.944 2.940 2.919 2.990 3.031 2.980 2.938 2.852 2.817 2.691 2.537 2.494 1.917
8.00 1.58 1.213 1.790 2.117 2.440 2.585 2.777 2.829 2.870 2.813 2.873 2.934 2.931 2.912 2.983 3.024 2.974 2.933 2.848 2.813 2.687 2.532 2.489 1.907
8.00 2.00 1.207 1.783 2.107 2.426 2.572 2.763 2.816 2.856 2.802 2.862 2.922 2.920 2.902 2.974 3.016 2.967 2.927 2.842 2.808 2.683 2.526 2.482 1.895
8.00 2.51 1.199 1.774 2.095 2.410 2.556 2.746 2.800 2.839 2.789 2.848 2.907 2.906 2.891 2.962 3.006 2.958 2.919 2.835 2.802 2.677 2.519 2.474 1.880
8.00 3.16 1.190 1.763 2.080 2.390 2.538 2.726 2.781 2.819 2.772 2.830 2.888 2.889 2.876 2.949 2.993 2.947 2.909 2.827 2.794 2.670 2.510 2.464 1.862
8.00 3.98 1.179 1.750 2.062 2.366 2.515 2.702 2.758 2.795 2.752 2.810 2.866 2.868 2.859 2.932 2.977 2.933 2.897 2.816 2.784 2.660 2.498 2.452 1.840
8.00 5.01 1.165 1.734 2.040 2.337 2.488 2.673 2.730 2.766 2.728 2.785 2.840 2.844 2.838 2.911 2.958 2.916 2.882 2.803 2.772 2.649 2.484 2.437 1.814
8.00 6.31 1.148 1.714 2.014 2.304 2.456 2.639 2.698 2.732 2.700 2.755 2.809 2.815 2.812 2.886 2.935 2.896 2.864 2.787 2.757 2.635 2.467 2.418 1.784
8.00 7.94 1.128 1.690 1.984 2.265 2.419 2.600 2.660 2.693 2.666 2.720 2.772 2.780 2.782 2.857 2.907 2.871 2.841 2.768 2.738 2.617 2.446 2.396 1.749
8.00 10.00 1.104 1.662 1.947 2.220 2.376 2.555 2.616 2.647 2.627 2.680 2.730 2.740 2.747 2.822 2.874 2.841 2.814 2.744 2.715 2.595 2.420 2.368 1.708
8.00 12.59 1.075 1.628 1.905 2.170 2.327 2.503 2.566 2.596 2.581 2.633 2.682 2.693 2.705 2.781 2.835 2.805 2.781 2.714 2.687 2.569 2.389 2.336 1.662
8.00 15.85 1.041 1.589 1.857 2.113 2.272 2.445 2.509 2.538 2.530 2.580 2.627 2.641 2.657 2.734 2.789 2.763 2.742 2.679 2.654 2.536 2.351 2.296 1.610
8.00 19.95 1.001 1.543 1.802 2.050 2.210 2.381 2.446 2.474 2.471 2.520 2.565 2.581 2.603 2.680 2.736 2.714 2.696 2.636 2.613 2.497 2.306 2.250 1.553
8.00 25.12 0.956 1.491 1.741 1.981 2.142 2.311 2.377 2.403 2.407 2.454 2.497 2.515 2.541 2.618 2.676 2.656 2.641 2.586 2.563 2.449 2.253 2.195 1.489
8.00 31.62 0.904 1.431 1.673 1.906 2.067 2.234 2.301 2.327 2.335 2.381 2.422 2.442 2.472 2.549 2.607 2.590 2.577 2.526 2.505 2.392 2.190 2.132 1.421
8.00 39.81 0.845 1.364 1.599 1.825 1.987 2.152 2.219 2.244 2.257 2.302 2.340 2.362 2.396 2.472 2.530 2.514 2.504 2.455 2.435 2.323 2.117 2.059 1.347
8.00 50.12 0.780 1.289 1.517 1.740 1.901 2.063 2.130 2.155 2.172 2.215 2.253 2.275 2.312 2.387 2.443 2.428 2.419 2.373 2.353 2.242 2.031 1.974 1.267
8.00 63.10 0.708 1.207 1.430 1.648 1.809 1.969 2.036 2.061 2.081 2.123 2.158 2.181 2.221 2.293 2.347 2.330 2.322 2.277 2.258 2.146 1.933 1.878 1.183
8.00 79.43 0.628 1.116 1.335 1.552 1.711 1.869 1.935 1.960 1.983 2.023 2.057 2.080 2.121 2.190 2.241 2.220 2.211 2.167 2.145 2.032 1.819 1.769 1.093
8.00 100.00 0.540 1.017 1.234 1.451 1.606 1.762 1.827 1.853 1.877 1.916 1.948 1.971 2.013 2.078 2.122 2.097 2.085 2.039 2.015 1.899 1.688 1.644 0.997
8.00 125.89 0.443 0.909 1.125 1.343 1.495 1.649 1.712 1.739 1.764 1.801 1.831 1.853 1.895 1.954 1.991 1.957 1.940 1.891 1.863 1.742 1.537 1.503 0.896
8.00 158.49 0.337 0.790 1.008 1.230 1.377 1.528 1.588 1.617 1.643 1.678 1.706 1.726 1.766 1.818 1.845 1.800 1.775 1.720 1.685 1.558 1.362 1.341 0.787
8.00 199.53 0.219 0.660 0.882 1.110 1.251 1.399 1.455 1.487 1.511 1.544 1.570 1.588 1.625 1.668 1.680 1.620 1.585 1.521 1.476 1.340 1.159 1.155 0.671
8.00 251.19 0.089 0.517 0.745 0.982 1.114 1.258 1.310 1.345 1.368 1.398 1.421 1.436 1.470 1.500 1.494 1.414 1.365 1.288 1.231 1.082 0.923 0.941 0.545
8.00 316.23 -0.057 0.359 0.596 0.845 0.965 1.106 1.151 1.191 1.211 1.237 1.257 1.268 1.296 1.311 1.282 1.175 1.109 1.014 0.941 0.776 0.645 0.691 0.408
8.00 398.11 -0.221 0.181 0.431 0.696 0.802 0.937 0.974 1.020 1.037 1.058 1.075 1.080 1.101 1.095 1.038 0.897 0.807 0.690 0.596 0.409 0.315 0.399 0.257
8.00 501.19 -0.409 -0.020 0.248 0.532 0.621 0.750 0.777 0.830 0.842 0.858 0.869 0.868 0.878 0.848 0.753 0.570 0.450 0.303 0.182 -0.033 -0.078 0.053 0.089
8.00 630.96 -0.625 -0.249 0.041 0.352 0.418 0.539 0.553 0.615 0.620 0.629 0.635 0.625 0.622 0.561 0.419 0.182 0.023 -0.161 -0.317 -0.568 -0.550 -0.360 -0.100
8.00 794.33 -0.876 -0.514 -0.195 0.149 0.187 0.298 0.295 0.370 0.366 0.367 0.365 0.344 0.325 0.224 0.023 -0.284 -0.492 -0.723 -0.924 -1.220 -1.121 -0.856 -0.316
8.00 1000.00 -1.171 -0.823 -0.468 -0.081 -0.078 0.019 -0.003 0.087 0.072 0.061 0.050 0.015 -0.025 -0.176 -0.452 -0.845 -1.115 -1.408 -1.664 -2.017 -1.816 -1.456 -0.566
8.25 1.00 1.251 1.824 2.163 2.493 2.635 2.827 2.871 2.909 2.839 2.898 2.959 2.951 2.925 3.002 3.046 2.996 2.951 2.862 2.826 2.700 2.545 2.503 1.952
8.25 1.26 1.248 1.820 2.158 2.486 2.628 2.820 2.864 2.902 2.834 2.892 2.953 2.945 2.920 2.998 3.041 2.992 2.948 2.859 2.823 2.697 2.542 2.500 1.946
8.25 1.58 1.245 1.816 2.152 2.477 2.620 2.811 2.856 2.893 2.827 2.884 2.945 2.938 2.914 2.992 3.036 2.988 2.944 2.856 2.820 2.694 2.538 2.496 1.938
8.25 2.00 1.240 1.810 2.144 2.466 2.610 2.800 2.846 2.882 2.818 2.875 2.935 2.929 2.907 2.984 3.029 2.982 2.938 2.851 2.816 2.690 2.533 2.491 1.928
8.25 2.51 1.234 1.803 2.134 2.453 2.598 2.786 2.833 2.869 2.807 2.864 2.923 2.918 2.898 2.975 3.020 2.974 2.932 2.845 2.810 2.685 2.527 2.484 1.916
8.25 3.16 1.227 1.795 2.122 2.437 2.583 2.770 2.817 2.853 2.794 2.850 2.908 2.905 2.886 2.964 3.010 2.965 2.924 2.838 2.804 2.679 2.520 2.476 1.901
8.25 3.98 1.218 1.784 2.108 2.417 2.564 2.750 2.799 2.833 2.778 2.834 2.891 2.888 2.872 2.950 2.997 2.953 2.914 2.830 2.796 2.671 2.510 2.466 1.884
8.25 5.01 1.207 1.771 2.090 2.393 2.542 2.726 2.776 2.809 2.759 2.814 2.869 2.868 2.855 2.933 2.981 2.939 2.901 2.819 2.785 2.662 2.499 2.454 1.862
8.25 6.31 1.194 1.755 2.068 2.365 2.515 2.698 2.749 2.781 2.735 2.789 2.843 2.844 2.834 2.912 2.961 2.922 2.885 2.805 2.773 2.650 2.484 2.438 1.837
8.25 7.94 1.178 1.735 2.043 2.332 2.484 2.665 2.717 2.748 2.707 2.760 2.813 2.815 2.809 2.888 2.937 2.901 2.866 2.788 2.757 2.635 2.466 2.420 1.807
8.25 10.00 1.158 1.712 2.012 2.294 2.447 2.626 2.680 2.709 2.674 2.726 2.777 2.781 2.779 2.858 2.909 2.875 2.843 2.768 2.737 2.616 2.444 2.397 1.772
8.25 12.59 1.134 1.684 1.976 2.249 2.405 2.581 2.636 2.664 2.636 2.686 2.735 2.741 2.744 2.823 2.875 2.844 2.815 2.742 2.713 2.593 2.417 2.369 1.732
8.25 15.85 1.105 1.650 1.934 2.199 2.356 2.530 2.586 2.613 2.591 2.640 2.686 2.695 2.703 2.781 2.835 2.807 2.780 2.712 2.684 2.565 2.385 2.335 1.686
8.25 19.95 1.072 1.611 1.886 2.142 2.300 2.472 2.530 2.555 2.540 2.587 2.632 2.642 2.655 2.733 2.788 2.762 2.739 2.674 2.648 2.530 2.346 2.294 1.634
8.25 25.12 1.033 1.565 1.831 2.079 2.239 2.408 2.467 2.491 2.482 2.528 2.570 2.582 2.600 2.678 2.734 2.711 2.690 2.629 2.604 2.488 2.298 2.246 1.576
8.25 31.62 0.987 1.512 1.770 2.010 2.170 2.337 2.397 2.420 2.417 2.461 2.501 2.515 2.538 2.615 2.671 2.650 2.633 2.575 2.551 2.436 2.242 2.189 1.513
8.25 39.81 0.935 1.451 1.701 1.934 2.095 2.259 2.321 2.343 2.345 2.387 2.426 2.441 2.468 2.544 2.599 2.580 2.565 2.511 2.488 2.374 2.175 2.123 1.443
8.25 50.12 0.876 1.383 1.625 1.853 2.014 2.176 2.237 2.259 2.265 2.307 2.343 2.360 2.390 2.464 2.518 2.499 2.486 2.435 2.413 2.299 2.096 2.045 1.368
8.25 63.10 0.809 1.306 1.542 1.766 1.926 2.085 2.147 2.169 2.179 2.219 2.253 2.271 2.304 2.376 2.427 2.407 2.395 2.346 2.324 2.210 2.004 1.955 1.287
8.25 79.43 0.734 1.221 1.452 1.673 1.832 1.989 2.050 2.072 2.085 2.123 2.155 2.174 2.209 2.277 2.325 2.302 2.289 2.241 2.218 2.103 1.896 1.852 1.201
8.25 100.00 0.651 1.127 1.355 1.574 1.730 1.885 1.945 1.968 1.984 2.020 2.050 2.068 2.105 2.169 2.211 2.183 2.168 2.119 2.093 1.976 1.771 1.733 1.108
8.25 125.89 0.558 1.023 1.249 1.470 1.622 1.775 1.833 1.856 1.874 1.908 1.936 1.954 1.991 2.049 2.083 2.048 2.028 1.976 1.947 1.826 1.625 1.596 1.008
8.25 158.49 0.455 0.908 1.135 1.358 1.506 1.656 1.711 1.737 1.755 1.787 1.813 1.829 1.865 1.916 1.940 1.893 1.867 1.810 1.774 1.647 1.455 1.439 0.902
8.25 199.53 0.341 0.782 1.011 1.240 1.381 1.528 1.580 1.608 1.626 1.655 1.679 1.693 1.727 1.768 1.778 1.716 1.680 1.615 1.570 1.434 1.257 1.257 0.787
8.25 251.19 0.213 0.641 0.877 1.113 1.246 1.389 1.436 1.468 1.485 1.511 1.532 1.543 1.573 1.602 1.594 1.513 1.463 1.386 1.329 1.181 1.023 1.046 0.663
8.25 316.23 0.069 0.485 0.729 0.977 1.099 1.237 1.279 1.314 1.329 1.352 1.369 1.376 1.401 1.414 1.384 1.276 1.209 1.115 1.043 0.878 0.748 0.799 0.526
8.25 398.11 -0.093 0.309 0.565 0.829 0.937 1.070 1.103 1.145 1.156 1.174 1.188 1.190 1.207 1.200 1.141 1.000 0.910 0.793 0.700 0.515 0.421 0.509 0.376
8.25 501.19 -0.279 0.110 0.383 0.666 0.757 0.883 0.907 0.955 0.962 0.975 0.983 0.978 0.986 0.954 0.857 0.674 0.554 0.409 0.289 0.076 0.031 0.165 0.209
8.25 630.96 -0.494 -0.119 0.177 0.486 0.554 0.673 0.683 0.741 0.741 0.747 0.750 0.736 0.731 0.668 0.524 0.287 0.128 -0.054 -0.208 -0.457 -0.440 -0.246 0.020
8.25 794.33 -0.744 -0.382 -0.059 0.284 0.324 0.432 0.426 0.497 0.488 0.485 0.481 0.456 0.434 0.332 0.129 -0.178 -0.385 -0.615 -0.813 -1.107 -1.010 -0.741 -0.196
8.25 1000.00 -1.039 -0.690 -0.331 0.054 0.059 0.154 0.128 0.213 0.194 0.180 0.166 0.128 0.085 -0.068 -0.345 -0.739 -1.008 -1.298 -1.552 -1.902 -1.704 -1.340 -0.445
8.50 1.00 1.272 1.838 2.185 2.517 2.658 2.848 2.886 2.921 2.843 2.899 2.960 2.949 2.920 3.004 3.051 3.005 2.958 2.867 2.830 2.705 2.549 2.508 1.972
8.50 1.26 1.269 1.836 2.181 2.511 2.653 2.843 2.881 2.915 2.838 2.894 2.955 2.944 2.916 3.000 3.047 3.002 2.955 2.864 2.828 2.703 2.546 2.505 1.967
8.50 1.58 1.267 1.832 2.176 2.504 2.646 2.836 2.874 2.908 2.833 2.888 2.949 2.939 2.911 2.995 3.042 2.998 2.951 2.861 2.825 2.700 2.543 2.502 1.960
8.50 2.00 1.263 1.828 2.170 2.496 2.638 2.827 2.866 2.900 2.826 2.881 2.941 2.932 2.905 2.989 3.037 2.993 2.947 2.858 2.821 2.697 2.539 2.498 1.952
8.50 2.51 1.259 1.822 2.162 2.485 2.629 2.816 2.856 2.889 2.818 2.873 2.932 2.923 2.898 2.982 3.030 2.986 2.942 2.853 2.817 2.693 2.534 2.492 1.943
8.50 3.16 1.253 1.815 2.153 2.472 2.616 2.803 2.843 2.876 2.807 2.862 2.920 2.912 2.889 2.973 3.021 2.979 2.935 2.847 2.811 2.688 2.528 2.486 1.931
8.50 3.98 1.246 1.807 2.141 2.456 2.601 2.787 2.828 2.860 2.794 2.848 2.906 2.899 2.878 2.961 3.010 2.969 2.926 2.840 2.804 2.681 2.520 2.478 1.917
8.50 5.01 1.238 1.796 2.127 2.437 2.583 2.768 2.810 2.841 2.779 2.832 2.888 2.882 2.864 2.948 2.997 2.957 2.915 2.830 2.796 2.673 2.510 2.467 1.899
8.50 6.31 1.227 1.783 2.109 2.413 2.561 2.744 2.788 2.818 2.760 2.812 2.867 2.863 2.847 2.930 2.981 2.942 2.902 2.819 2.785 2.662 2.498 2.455 1.878
8.50 7.94 1.214 1.767 2.088 2.386 2.535 2.716 2.761 2.790 2.737 2.788 2.842 2.839 2.826 2.910 2.961 2.924 2.886 2.804 2.771 2.649 2.483 2.439 1.853
8.50 10.00 1.198 1.748 2.062 2.353 2.504 2.683 2.730 2.757 2.710 2.760 2.811 2.810 2.802 2.885 2.936 2.902 2.866 2.787 2.755 2.633 2.464 2.420 1.823
8.50 12.59 1.179 1.724 2.032 2.315 2.468 2.644 2.693 2.719 2.677 2.726 2.776 2.776 2.772 2.855 2.907 2.875 2.841 2.765 2.734 2.613 2.441 2.396 1.789
8.50 15.85 1.155 1.696 1.996 2.271 2.425 2.600 2.650 2.674 2.639 2.687 2.734 2.737 2.737 2.819 2.872 2.843 2.812 2.738 2.708 2.589 2.413 2.367 1.749
8.50 19.95 1.127 1.662 1.954 2.220 2.377 2.549 2.600 2.623 2.594 2.641 2.686 2.691 2.695 2.777 2.831 2.804 2.775 2.705 2.676 2.558 2.378 2.332 1.703
8.50 25.12 1.094 1.623 1.906 2.163 2.321 2.491 2.544 2.566 2.543 2.588 2.631 2.638 2.647 2.728 2.782 2.757 2.732 2.665 2.638 2.520 2.337 2.290 1.651
8.50 31.62 1.054 1.576 1.851 2.100 2.259 2.426 2.481 2.501 2.485 2.528 2.569 2.578 2.592 2.671 2.725 2.702 2.680 2.617 2.590 2.474 2.286 2.239 1.593
8.50 39.81 1.008 1.522 1.788 2.030 2.190 2.355 2.410 2.430 2.420 2.461 2.499 2.510 2.529 2.606 2.660 2.638 2.618 2.558 2.533 2.418 2.226 2.179 1.529
8.50 50.12 0.955 1.461 1.719 1.954 2.114 2.276 2.333 2.352 2.347 2.387 2.423 2.434 2.457 2.532 2.585 2.563 2.545 2.489 2.464 2.349 2.154 2.108 1.458
8.50 63.10 0.895 1.390 1.641 1.871 2.031 2.191 2.247 2.266 2.266 2.304 2.338 2.351 2.377 2.449 2.499 2.477 2.460 2.406 2.381 2.266 2.068 2.025 1.382
8.50 79.43 0.826 1.311 1.556 1.783 1.941 2.098 2.155 2.173 2.178 2.214 2.245 2.258 2.287 2.356 2.402 2.377 2.360 2.307 2.282 2.166 1.967 1.928 1.299
8.50 100.00 0.747 1.223 1.463 1.687 1.844 1.998 2.054 2.073 2.081 2.115 2.144 2.157 2.188 2.252 2.292 2.263 2.244 2.191 2.164 2.046 1.848 1.815 1.209
8.50 125.89 0.660 1.123 1.362 1.586 1.739 1.891 1.945 1.965 1.975 2.007 2.034 2.047 2.078 2.136 2.169 2.132 2.109 2.054 2.024 1.902 1.708 1.684 1.112
8.50 158.49 0.561 1.013 1.251 1.477 1.626 1.774 1.826 1.848 1.859 1.889 1.913 1.925 1.956 2.007 2.029 1.981 1.952 1.893 1.857 1.729 1.543 1.532 1.008
8.50 199.53 0.450 0.890 1.130 1.361 1.503 1.648 1.697 1.721 1.733 1.760 1.782 1.792 1.821 1.861 1.870 1.807 1.770 1.703 1.658 1.523 1.349 1.354 0.895
8.50 251.19 0.326 0.753 0.998 1.236 1.370 1.511 1.555 1.583 1.594 1.618 1.636 1.644 1.670 1.698 1.688 1.607 1.556 1.478 1.422 1.275 1.120 1.147 0.772
8.50 316.23 0.185 0.599 0.852 1.101 1.224 1.361 1.399 1.431 1.440 1.460 1.476 1.479 1.500 1.513 1.480 1.373 1.305 1.211 1.140 0.976 0.848 0.904 0.638
8.50 398.11 0.024 0.426 0.690 0.954 1.063 1.195 1.225 1.263 1.269 1.284 1.296 1.294 1.308 1.301 1.239 1.098 1.008 0.892 0.801 0.617 0.524 0.616 0.488
8.50 501.19 -0.160 0.229 0.509 0.792 0.884 1.009 1.029 1.074 1.076 1.086 1.092 1.084 1.088 1.056 0.957 0.774 0.654 0.510 0.392 0.181 0.136 0.274 0.322
8.50 630.96 -0.373 0.002 0.304 0.612 0.682 0.799 0.807 0.861 0.856 0.859 0.860 0.843 0.835 0.771 0.625 0.388 0.230 0.049 -0.103 -0.349 -0.332 -0.135 0.134
8.50 794.33 -0.622 -0.260 0.069 0.411 0.453 0.559 0.551 0.617 0.604 0.598 0.591 0.563 0.539 0.435 0.231 -0.075 -0.282 -0.510 -0.705 -0.996 -0.900 -0.628 -0.082
8.50 1000.00 -0.916 -0.568 -0.202 0.182 0.188 0.282 0.253 0.334 0.310 0.294 0.277 0.235 0.190 0.037 -0.243 -0.635 -0.903 -1.191 -1.442 -1.790 -1.593 -1.226 -0.331
8.75 1.00 1.283 1.844 2.199 2.532 2.673 2.862 2.893 2.926 2.840 2.894 2.955 2.941 2.910 3.001 3.052 3.010 2.962 2.870 2.833 2.710 2.552 2.512 1.984
8.75 1.26 1.281 1.841 2.195 2.528 2.669 2.858 2.889 2.921 2.836 2.890 2.951 2.938 2.907 2.998 3.049 3.008 2.959 2.868 2.831 2.708 2.550 2.510 1.980
8.75 1.58 1.279 1.839 2.191 2.523 2.664 2.852 2.884 2.916 2.832 2.886 2.946 2.933 2.903 2.994 3.045 3.004 2.957 2.865 2.829 2.706 2.547 2.507 1.975
8.75 2.00 1.276 1.835 2.187 2.516 2.657 2.845 2.878 2.909 2.827 2.880 2.940 2.928 2.898 2.990 3.041 3.000 2.953 2.862 2.826 2.703 2.544 2.504 1.969
8.75 2.51 1.273 1.831 2.180 2.507 2.650 2.837 2.870 2.901 2.820 2.873 2.933 2.921 2.892 2.984 3.035 2.995 2.948 2.858 2.822 2.700 2.540 2.499 1.961
8.75 3.16 1.268 1.825 2.173 2.497 2.640 2.826 2.860 2.890 2.812 2.865 2.923 2.912 2.885 2.976 3.028 2.988 2.942 2.853 2.817 2.695 2.534 2.494 1.952
8.75 3.98 1.263 1.818 2.163 2.484 2.628 2.813 2.848 2.878 2.802 2.854 2.912 2.901 2.876 2.967 3.019 2.980 2.935 2.847 2.811 2.689 2.528 2.487 1.940
8.75 5.01 1.256 1.810 2.152 2.468 2.613 2.797 2.833 2.862 2.789 2.841 2.898 2.888 2.865 2.955 3.008 2.970 2.926 2.839 2.804 2.682 2.520 2.479 1.926
8.75 6.31 1.248 1.799 2.137 2.449 2.595 2.778 2.815 2.843 2.774 2.825 2.881 2.872 2.851 2.941 2.994 2.958 2.915 2.829 2.794 2.673 2.509 2.468 1.909
8.75 7.94 1.238 1.786 2.120 2.426 2.574 2.755 2.793 2.820 2.756 2.806 2.860 2.853 2.835 2.924 2.977 2.942 2.901 2.816 2.783 2.662 2.496 2.455 1.888
8.75 10.00 1.225 1.770 2.099 2.398 2.548 2.727 2.767 2.793 2.733 2.782 2.835 2.829 2.814 2.903 2.957 2.923 2.884 2.801 2.768 2.648 2.480 2.438 1.863
8.75 12.59 1.209 1.751 2.073 2.366 2.517 2.694 2.736 2.761 2.706 2.754 2.805 2.801 2.789 2.878 2.931 2.900 2.862 2.782 2.750 2.630 2.460 2.418 1.834
8.75 15.85 1.190 1.727 2.043 2.328 2.481 2.656 2.699 2.722 2.674 2.721 2.769 2.767 2.760 2.847 2.901 2.871 2.836 2.759 2.727 2.608 2.436 2.393 1.799
8.75 19.95 1.167 1.699 2.007 2.284 2.438 2.611 2.656 2.678 2.636 2.681 2.728 2.727 2.724 2.810 2.865 2.837 2.805 2.730 2.699 2.581 2.406 2.363 1.759
8.75 25.12 1.139 1.665 1.965 2.233 2.389 2.560 2.607 2.627 2.592 2.635 2.680 2.681 2.683 2.767 2.822 2.796 2.766 2.694 2.665 2.547 2.369 2.326 1.713
8.75 31.62 1.105 1.625 1.916 2.176 2.334 2.502 2.550 2.570 2.540 2.583 2.624 2.628 2.634 2.717 2.771 2.746 2.719 2.651 2.623 2.506 2.324 2.281 1.661
8.75 39.81 1.066 1.577 1.861 2.112 2.271 2.437 2.487 2.505 2.482 2.522 2.561 2.567 2.577 2.658 2.711 2.688 2.663 2.598 2.571 2.454 2.269 2.228 1.602
8.75 50.12 1.019 1.522 1.797 2.042 2.201 2.364 2.415 2.432 2.416 2.454 2.491 2.497 2.513 2.591 2.642 2.619 2.596 2.534 2.508 2.392 2.203 2.163 1.537
8.75 63.10 0.965 1.459 1.726 1.964 2.124 2.284 2.336 2.352 2.341 2.378 2.412 2.420 2.439 2.513 2.562 2.538 2.517 2.457 2.431 2.315 2.124 2.087 1.465
8.75 79.43 0.902 1.386 1.647 1.880 2.039 2.196 2.248 2.265 2.259 2.293 2.325 2.333 2.355 2.426 2.471 2.444 2.423 2.365 2.338 2.221 2.030 1.997 1.387
8.75 100.00 0.829 1.303 1.559 1.789 1.946 2.100 2.152 2.169 2.167 2.199 2.228 2.237 2.262 2.327 2.366 2.335 2.313 2.255 2.227 2.108 1.917 1.890 1.301
8.75 125.89 0.747 1.210 1.462 1.691 1.845 1.996 2.047 2.064 2.066 2.096 2.122 2.131 2.157 2.216 2.247 2.209 2.183 2.125 2.093 1.971 1.783 1.765 1.207
8.75 158.49 0.653 1.104 1.355 1.585 1.735 1.883 1.932 1.951 1.954 1.982 2.005 2.013 2.039 2.090 2.111 2.063 2.031 1.969 1.932 1.805 1.624 1.618 1.106
8.75 199.53 0.547 0.986 1.237 1.471 1.615 1.760 1.805 1.827 1.831 1.856 1.877 1.883 1.908 1.949 1.956 1.893 1.853 1.784 1.740 1.604 1.436 1.446 0.995
8.75 251.19 0.426 0.853 1.108 1.349 1.484 1.625 1.666 1.691 1.695 1.717 1.734 1.738 1.760 1.788 1.777 1.695 1.644 1.564 1.509 1.362 1.212 1.243 0.874
8.75 316.23 0.288 0.702 0.964 1.215 1.340 1.477 1.512 1.541 1.544 1.562 1.575 1.575 1.593 1.605 1.572 1.464 1.396 1.301 1.231 1.069 0.944 1.004 0.741
8.75 398.11 0.130 0.532 0.804 1.070 1.181 1.312 1.340 1.374 1.375 1.388 1.397 1.392 1.403 1.395 1.333 1.193 1.102 0.986 0.896 0.714 0.624 0.720 0.593
8.75 501.19 -0.051 0.337 0.625 0.909 1.003 1.127 1.145 1.187 1.183 1.191 1.195 1.184 1.185 1.152 1.053 0.870 0.750 0.607 0.491 0.283 0.239 0.381 0.428
8.75 630.96 -0.263 0.112 0.421 0.731 0.803 0.919 0.924 0.975 0.965 0.966 0.964 0.944 0.933 0.869 0.722 0.486 0.328 0.149 -0.000 -0.244 -0.227 -0.026 0.241
8.75 794.33 -0.510 -0.149 0.188 0.530 0.574 0.679 0.669 0.731 0.714 0.705 0.696 0.665 0.638 0.534 0.329 0.024 -0.182 -0.408 -0.600 -0.888 -0.793 -0.517 0.026
8.75 1000.00 -0.802 -0.454 -0.082 0.301 0.310 0.403 0.372 0.449 0.421 0.402 0.383 0.338 0.291 0.137 -0.144 -0.535 -0.802 -1.087 -1.335 -1.679 -1.484 -1.113 -0.222
9.00 1.00 1.285 1.840 2.203 2.539 2.680 2.868 2.894 2.924 2.831 2.883 2.944 2.929 2.895 2.994 3.050 3.013 2.964 2.871 2.835 2.715 2.555 2.516 1.989
9.00 1.26 1.283 1.838 2.201 2.536 2.676 2.864 2.891 2.920 2.828 2.881 2.941 2.926 2.892 2.992 3.048 3.011 2.962 2.869 2.834 2.713 2.553 2.514 1.986
9.00 1.58 1.282 1.836 2.197 2.532 2.672 2.860 2.887 2.916 2.825 2.877 2.938 2.922 2.890 2.989 3.045 3.008 2.959 2.867 2.832 2.711 2.551 2.512 1.982
9.00 2.00 1.280 1.833 2.193 2.526 2.667 2.855 2.882 2.911 2.821 2.873 2.933 2.918 2.886 2.985 3.041 3.005 2.956 2.864 2.829 2.709 2.548 2.509 1.977
9.00 2.51 1.277 1.829 2.189 2.519 2.661 2.848 2.875 2.904 2.816 2.867 2.927 2.912 2.881 2.980 3.036 3.000 2.952 2.861 2.826 2.705 2.545 2.505 1.971
9.00 3.16 1.274 1.825 2.182 2.511 2.653 2.839 2.868 2.896 2.809 2.860 2.920 2.906 2.875 2.974 3.030 2.995 2.947 2.857 2.821 2.701 2.540 2.501 1.964
9.00 3.98 1.270 1.819 2.175 2.501 2.644 2.829 2.858 2.886 2.801 2.852 2.910 2.897 2.868 2.966 3.022 2.988 2.941 2.851 2.816 2.696 2.534 2.495 1.954
9.00 5.01 1.264 1.812 2.166 2.488 2.632 2.816 2.846 2.873 2.791 2.842 2.899 2.886 2.859 2.957 3.013 2.979 2.933 2.844 2.810 2.690 2.527 2.488 1.943
9.00 6.31 1.258 1.804 2.154 2.472 2.617 2.801 2.832 2.858 2.779 2.829 2.885 2.873 2.848 2.945 3.002 2.969 2.924 2.836 2.801 2.682 2.518 2.479 1.929
9.00 7.94 1.250 1.793 2.140 2.453 2.600 2.782 2.814 2.839 2.764 2.813 2.868 2.857 2.834 2.931 2.987 2.955 2.912 2.825 2.791 2.672 2.507 2.468 1.912
9.00 10.00 1.240 1.780 2.122 2.430 2.578 2.759 2.792 2.817 2.746 2.794 2.848 2.838 2.818 2.913 2.970 2.939 2.897 2.812 2.778 2.660 2.493 2.454 1.891
9.00 12.59 1.227 1.764 2.101 2.403 2.553 2.731 2.766 2.790 2.723 2.771 2.823 2.814 2.797 2.892 2.948 2.919 2.878 2.795 2.762 2.644 2.476 2.436 1.866
9.00 15.85 1.212 1.745 2.076 2.371 2.522 2.698 2.735 2.758 2.697 2.743 2.793 2.786 2.772 2.866 2.922 2.894 2.855 2.774 2.742 2.624 2.455 2.415 1.837
9.00 19.95 1.193 1.721 2.045 2.333 2.486 2.660 2.699 2.720 2.665 2.709 2.757 2.752 2.742 2.834 2.891 2.864 2.827 2.749 2.717 2.600 2.428 2.389 1.803
9.00 25.12 1.169 1.692 2.009 2.288 2.443 2.615 2.656 2.676 2.627 2.670 2.716 2.712 2.707 2.797 2.853 2.827 2.793 2.717 2.687 2.570 2.395 2.356 1.763
9.00 31.62 1.141 1.657 1.967 2.238 2.394 2.564 2.606 2.624 2.582 2.624 2.667 2.666 2.664 2.752 2.807 2.783 2.751 2.678 2.648 2.532 2.355 2.317 1.716
9.00 39.81 1.107 1.616 1.917 2.180 2.338 2.505 2.549 2.566 2.531 2.571 2.611 2.611 2.614 2.700 2.753 2.730 2.700 2.630 2.601 2.485 2.306 2.269 1.664
9.00 50.12 1.067 1.567 1.861 2.116 2.274 2.439 2.484 2.500 2.472 2.509 2.547 2.549 2.556 2.639 2.690 2.666 2.639 2.572 2.543 2.427 2.246 2.211 1.604
9.00 63.10 1.018 1.510 1.796 2.044 2.203 2.364 2.411 2.426 2.404 2.440 2.475 2.478 2.489 2.568 2.616 2.592 2.565 2.501 2.473 2.356 2.173 2.141 1.537
9.00 79.43 0.962 1.444 1.722 1.965 2.124 2.282 2.329 2.344 2.328 2.361 2.393 2.397 2.412 2.486 2.531 2.503 2.478 2.415 2.386 2.269 2.085 2.057 1.464
9.00 100.00 0.896 1.368 1.640 1.879 2.036 2.191 2.239 2.254 2.242 2.273 2.302 2.307 2.325 2.393 2.431 2.400 2.373 2.311 2.281 2.162 1.979 1.958 1.382
9.00 125.89 0.819 1.281 1.548 1.785 1.939 2.092 2.138 2.154 2.146 2.175 2.201 2.206 2.225 2.287 2.317 2.279 2.250 2.187 2.154 2.031 1.852 1.839 1.293
9.00 158.49 0.731 1.181 1.446 1.683 1.833 1.982 2.027 2.044 2.039 2.066 2.089 2.093 2.113 2.166 2.186 2.137 2.103 2.037 2.000 1.872 1.699 1.699 1.195
9.00 199.53 0.630 1.068 1.333 1.572 1.717 1.862 1.904 1.923 1.920 1.944 1.964 1.966 1.986 2.028 2.035 1.972 1.930 1.858 1.813 1.678 1.516 1.532 1.087
9.00 251.19 0.513 0.939 1.207 1.452 1.589 1.730 1.768 1.790 1.788 1.808 1.824 1.824 1.842 1.871 1.860 1.779 1.725 1.643 1.588 1.442 1.298 1.335 0.968
9.00 316.23 0.379 0.793 1.066 1.320 1.447 1.584 1.617 1.642 1.640 1.656 1.668 1.665 1.678 1.692 1.658 1.551 1.481 1.385 1.316 1.155 1.035 1.100 0.837
9.00 398.11 0.225 0.626 0.909 1.177 1.290 1.421 1.446 1.478 1.473 1.484 1.492 1.484 1.491 1.484 1.421 1.282 1.190 1.075 0.986 0.806 0.719 0.820 0.691
9.00 501.19 0.046 0.434 0.731 1.018 1.114 1.238 1.254 1.292 1.284 1.289 1.292 1.277 1.276 1.243 1.143 0.962 0.842 0.700 0.585 0.379 0.338 0.484 0.527
9.00 630.96 -0.163 0.211 0.529 0.840 0.915 1.030 1.033 1.081 1.067 1.066 1.062 1.039 1.026 0.962 0.815 0.580 0.423 0.245 0.097 -0.143 -0.125 0.081 0.341
9.00 794.33 -0.409 -0.047 0.297 0.640 0.687 0.792 0.780 0.839 0.817 0.807 0.796 0.762 0.733 0.629 0.423 0.120 -0.086 -0.309 -0.499 -0.783 -0.688 -0.408 0.127
9.00 1000.00 -0.699 -0.351 0.028 0.413 0.424 0.516 0.483 0.558 0.526 0.504 0.484 0.436 0.386 0.232 -0.048 -0.438 -0.704 -0.987 -1.231 -1.572 -1.377 -1.003 -0.120
9.25 1.00 1.278 1.827 2.199 2.538 2.679 2.867 2.888 2.916 2.817 2.867 2.929 2.911 2.876 2.984 3.045 3.013 2.963 2.871 2.836 2.719 2.558 2.519 1.988
9.25 1.26 1.277 1.825 2.197 2.535 2.676 2.864 2.885 2.913 2.814 2.865 2.926 2.909 2.874 2.982 3.043 3.012 2.962 2.869 2.835 2.718 2.556 2.518 1.985
9.25 1.58 1.275 1.823 2.194 2.532 2.673 2.860 2.882 2.910 2.812 2.862 2.923 2.906 2.871 2.979 3.040 3.009 2.959 2.867 2.833 2.716 2.554 2.516 1.982
9.25 2.00 1.274 1.821 2.191 2.528 2.669 2.856 2.878 2.905 2.809 2.859 2.920 2.903 2.868 2.976 3.037 3.006 2.957 2.865 2.831 2.714 2.552 2.513 1.978
9.25 2.51 1.272 1.818 2.187 2.522 2.664 2.851 2.873 2.900 2.804 2.855 2.915 2.898 2.865 2.972 3.033 3.002 2.953 2.862 2.828 2.711 2.549 2.510 1.974
9.25 3.16 1.269 1.815 2.182 2.515 2.658 2.844 2.867 2.894 2.799 2.849 2.909 2.893 2.860 2.967 3.028 2.998 2.949 2.858 2.824 2.707 2.545 2.506 1.968
9.25 3.98 1.266 1.810 2.176 2.507 2.650 2.836 2.859 2.886 2.793 2.843 2.902 2.886 2.854 2.961 3.022 2.992 2.944 2.853 2.820 2.703 2.540 2.502 1.960
9.25 5.01 1.262 1.805 2.169 2.497 2.641 2.825 2.850 2.876 2.785 2.834 2.893 2.877 2.847 2.953 3.014 2.985 2.937 2.847 2.814 2.697 2.534 2.495 1.951
9.25 6.31 1.257 1.798 2.159 2.484 2.629 2.813 2.838 2.863 2.775 2.824 2.881 2.867 2.838 2.943 3.004 2.975 2.929 2.840 2.806 2.690 2.526 2.488 1.940
9.25 7.94 1.251 1.789 2.148 2.469 2.614 2.797 2.824 2.848 2.763 2.811 2.868 2.854 2.827 2.932 2.992 2.964 2.918 2.830 2.797 2.681 2.516 2.478 1.926
9.25 10.00 1.243 1.779 2.134 2.450 2.597 2.778 2.806 2.830 2.748 2.796 2.851 2.838 2.813 2.917 2.977 2.950 2.905 2.818 2.786 2.670 2.504 2.466 1.909
9.25 12.59 1.233 1.765 2.116 2.427 2.576 2.755 2.785 2.807 2.730 2.777 2.830 2.818 2.796 2.899 2.959 2.932 2.889 2.804 2.772 2.656 2.489 2.451 1.888
9.25 15.85 1.220 1.749 2.095 2.400 2.550 2.728 2.759 2.780 2.708 2.753 2.805 2.795 2.775 2.876 2.936 2.911 2.869 2.785 2.754 2.638 2.470 2.433 1.864
9.25 19.95 1.205 1.729 2.069 2.367 2.519 2.695 2.728 2.748 2.681 2.725 2.775 2.766 2.750 2.850 2.909 2.884 2.844 2.762 2.731 2.616 2.446 2.410 1.834
9.25 25.12 1.186 1.704 2.039 2.329 2.483 2.657 2.691 2.710 2.649 2.692 2.740 2.732 2.720 2.817 2.875 2.851 2.813 2.734 2.703 2.588 2.417 2.381 1.800
9.25 31.62 1.162 1.675 2.002 2.285 2.440 2.611 2.648 2.666 2.611 2.652 2.698 2.692 2.683 2.778 2.835 2.812 2.776 2.699 2.669 2.554 2.381 2.346 1.759
9.25 39.81 1.133 1.639 1.959 2.234 2.390 2.559 2.598 2.614 2.566 2.606 2.648 2.644 2.640 2.731 2.787 2.764 2.730 2.655 2.626 2.511 2.336 2.303 1.712
9.25 50.12 1.098 1.597 1.908 2.176 2.333 2.499 2.540 2.555 2.514 2.551 2.591 2.588 2.588 2.676 2.729 2.706 2.674 2.602 2.573 2.457 2.282 2.251 1.659
9.25 63.10 1.056 1.546 1.850 2.110 2.268 2.432 2.473 2.488 2.453 2.489 2.525 2.524 2.528 2.612 2.661 2.637 2.606 2.536 2.507 2.391 2.215 2.187 1.598
9.25 79.43 1.006 1.486 1.783 2.037 2.195 2.355 2.398 2.412 2.384 2.417 2.450 2.450 2.458 2.536 2.582 2.554 2.524 2.456 2.426 2.309 2.133 2.110 1.529
9.25 100.00 0.946 1.417 1.707 1.956 2.113 2.270 2.313 2.327 2.304 2.335 2.365 2.366 2.377 2.449 2.488 2.457 2.426 2.359 2.327 2.208 2.033 2.017 1.453
9.25 125.89 0.876 1.336 1.621 1.867 2.022 2.175 2.218 2.232 2.215 2.243 2.270 2.270 2.284 2.349 2.380 2.341 2.308 2.241 2.206 2.084 1.912 1.905 1.368
9.25 158.49 0.794 1.243 1.524 1.769 1.920 2.070 2.112 2.127 2.113 2.139 2.162 2.162 2.177 2.233 2.253 2.205 2.168 2.098 2.059 1.931 1.767 1.772 1.274
9.25 199.53 0.698 1.135 1.415 1.662 1.808 1.954 1.993 2.010 2.000 2.022 2.042 2.040 2.055 2.100 2.107 2.045 2.000 1.925 1.879 1.744 1.590 1.611 1.169
9.25 251.19 0.586 1.012 1.293 1.544 1.683 1.825 1.861 1.881 1.871 1.890 1.906 1.903 1.916 1.948 1.936 1.855 1.800 1.716 1.660 1.515 1.377 1.420 1.054
9.25 316.23 0.457 0.870 1.156 1.416 1.545 1.682 1.712 1.736 1.727 1.741 1.753 1.747 1.756 1.771 1.737 1.632 1.560 1.463 1.394 1.235 1.121 1.190 0.925
9.25 398.11 0.307 0.707 1.002 1.274 1.390 1.521 1.544 1.574 1.563 1.573 1.580 1.569 1.573 1.567 1.504 1.366 1.274 1.157 1.070 0.891 0.810 0.915 0.781
9.25 501.19 0.131 0.518 0.827 1.117 1.216 1.340 1.354 1.390 1.377 1.380 1.382 1.364 1.360 1.329 1.229 1.049 0.929 0.786 0.674 0.470 0.433 0.584 0.619
9.25 630.96 -0.075 0.299 0.627 0.941 1.018 1.134 1.136 1.181 1.162 1.159 1.154 1.128 1.112 1.049 0.902 0.669 0.512 0.335 0.190 -0.047 -0.026 0.183 0.434
9.25 794.33 -0.318 0.043 0.397 0.742 0.792 0.897 0.883 0.940 0.914 0.902 0.889 0.853 0.821 0.718 0.512 0.211 0.007 -0.216 -0.403 -0.683 -0.586 -0.302 0.221
9.25 1000.00 -0.607 -0.259 0.129 0.516 0.530 0.622 0.588 0.660 0.624 0.600 0.578 0.528 0.477 0.323 0.042 -0.345 -0.610 -0.890 -1.132 -1.468 -1.272 -0.894 -0.025
