ZhaoEtAl2006SSlabCascadia as implemented in OpenQuake, distance is rrup. Log10 hazard values in cgs units
          14 31 22 : nmag, ndist, nperiod
          10.000 5.000 4.000 3.000 2.500 2.000 1.500 1.250 1.000 0.900 0.800 0.700 0.600 0.500 0.400 0.300 0.250 0.200 0.150 0.100 0.050 PGA PGV
          0.708 0.708 0.705 0.721 0.732 0.733 0.721 0.716 0.717 0.714 0.713 0.714 0.712 0.707 0.715 0.728 0.743 0.764 0.794 0.811 0.743 0.684 0.743
4.75 1.00 0.332 0.983 1.274 1.739 1.837 2.152 2.617 2.922 3.136 3.271 3.415 3.586 3.701 3.774 3.825 3.766 3.644 3.678 3.834 3.758 3.841 3.655 2.739
4.75 1.26 0.263 0.912 1.190 1.640 1.741 2.052 2.503 2.798 3.011 3.144 3.286 3.457 3.575 3.658 3.720 3.673 3.563 3.597 3.747 3.673 3.736 3.547 2.626
4.75 1.58 0.189 0.835 1.102 1.536 1.642 1.948 2.385 2.671 2.882 3.013 3.154 3.323 3.444 3.535 3.609 3.575 3.475 3.510 3.654 3.582 3.625 3.433 2.507
4.75 2.00 0.110 0.753 1.009 1.429 1.538 1.841 2.263 2.540 2.749 2.879 3.017 3.184 3.309 3.408 3.492 3.470 3.382 3.417 3.555 3.485 3.508 3.313 2.382
4.75 2.51 0.028 0.667 0.912 1.318 1.431 1.730 2.139 2.405 2.612 2.741 2.877 3.043 3.170 3.277 3.371 3.360 3.283 3.318 3.450 3.382 3.385 3.189 2.251
4.75 3.16 -0.059 0.576 0.811 1.204 1.322 1.616 2.012 2.269 2.473 2.600 2.735 2.898 3.027 3.141 3.244 3.245 3.178 3.213 3.340 3.273 3.257 3.059 2.114
4.75 3.98 -0.148 0.481 0.708 1.088 1.209 1.500 1.882 2.130 2.332 2.457 2.590 2.751 2.882 3.001 3.113 3.124 3.068 3.103 3.224 3.158 3.124 2.925 1.972
4.75 5.01 -0.240 0.383 0.601 0.969 1.095 1.382 1.750 1.989 2.188 2.311 2.442 2.601 2.734 2.858 2.978 2.999 2.953 2.988 3.102 3.039 2.987 2.787 1.825
4.75 6.31 -0.335 0.282 0.492 0.849 0.979 1.263 1.617 1.847 2.043 2.164 2.294 2.450 2.583 2.712 2.840 2.870 2.833 2.868 2.976 2.914 2.845 2.645 1.673
4.75 7.94 -0.431 0.178 0.381 0.727 0.861 1.142 1.483 1.703 1.895 2.016 2.143 2.296 2.430 2.563 2.698 2.736 2.709 2.744 2.845 2.784 2.699 2.500 1.517
4.75 10.00 -0.528 0.072 0.269 0.604 0.741 1.019 1.347 1.558 1.747 1.866 1.991 2.142 2.276 2.412 2.553 2.599 2.581 2.615 2.710 2.650 2.549 2.352 1.357
4.75 12.59 -0.627 -0.036 0.155 0.480 0.621 0.895 1.209 1.412 1.597 1.714 1.838 1.985 2.120 2.259 2.406 2.458 2.450 2.482 2.571 2.511 2.396 2.200 1.193
4.75 15.85 -0.728 -0.146 0.039 0.354 0.499 0.770 1.071 1.265 1.446 1.561 1.683 1.827 1.962 2.104 2.255 2.314 2.314 2.345 2.427 2.368 2.239 2.046 1.025
4.75 19.95 -0.829 -0.258 -0.078 0.228 0.376 0.644 0.931 1.116 1.293 1.407 1.527 1.668 1.802 1.946 2.102 2.167 2.175 2.204 2.279 2.220 2.078 1.888 0.853
4.75 25.12 -0.932 -0.372 -0.197 0.100 0.251 0.516 0.789 0.966 1.139 1.252 1.369 1.507 1.641 1.787 1.946 2.015 2.031 2.058 2.125 2.067 1.913 1.726 0.676
4.75 31.62 -1.037 -0.488 -0.318 -0.029 0.125 0.387 0.646 0.814 0.983 1.094 1.209 1.344 1.477 1.624 1.787 1.860 1.883 1.907 1.967 1.908 1.743 1.561 0.494
4.75 39.81 -1.143 -0.606 -0.440 -0.159 -0.002 0.256 0.501 0.661 0.826 0.935 1.048 1.179 1.311 1.459 1.624 1.700 1.730 1.750 1.802 1.742 1.567 1.390 0.306
4.75 50.12 -1.251 -0.727 -0.564 -0.291 -0.132 0.123 0.354 0.506 0.666 0.773 0.884 1.011 1.142 1.290 1.457 1.534 1.571 1.587 1.630 1.568 1.384 1.214 0.110
4.75 63.10 -1.363 -0.851 -0.691 -0.425 -0.264 -0.012 0.204 0.348 0.503 0.608 0.717 0.840 0.970 1.117 1.284 1.362 1.404 1.415 1.449 1.384 1.193 1.031 -0.094
4.75 79.43 -1.478 -0.978 -0.821 -0.561 -0.399 -0.151 0.051 0.187 0.337 0.440 0.546 0.665 0.793 0.938 1.105 1.182 1.228 1.233 1.257 1.189 0.992 0.840 -0.309
4.75 100.00 -1.597 -1.111 -0.955 -0.700 -0.537 -0.293 -0.106 0.022 0.167 0.268 0.371 0.485 0.611 0.753 0.918 0.992 1.041 1.039 1.051 0.978 0.779 0.638 -0.538
4.75 125.89 -1.721 -1.249 -1.093 -0.843 -0.680 -0.440 -0.269 -0.148 -0.008 0.090 0.190 0.299 0.422 0.561 0.720 0.790 0.840 0.829 0.828 0.749 0.549 0.422 -0.784
4.75 158.49 -1.853 -1.394 -1.237 -0.990 -0.828 -0.593 -0.439 -0.324 -0.190 -0.095 0.002 0.106 0.225 0.358 0.511 0.572 0.621 0.599 0.583 0.496 0.300 0.190 -1.050
4.75 199.53 -1.993 -1.547 -1.389 -1.142 -0.983 -0.754 -0.616 -0.508 -0.380 -0.288 -0.195 -0.097 0.018 0.143 0.285 0.335 0.381 0.346 0.312 0.215 0.026 -0.062 -1.343
4.75 251.19 -2.144 -1.712 -1.549 -1.301 -1.147 -0.923 -0.804 -0.701 -0.580 -0.492 -0.403 -0.312 -0.203 -0.088 0.041 0.074 0.113 0.061 0.008 -0.103 -0.279 -0.341 -1.670
4.75 316.23 -2.309 -1.891 -1.721 -1.469 -1.322 -1.105 -1.005 -0.906 -0.793 -0.710 -0.625 -0.542 -0.440 -0.339 -0.229 -0.217 -0.189 -0.262 -0.339 -0.467 -0.624 -0.653 -2.038
4.75 398.11 -2.492 -2.087 -1.907 -1.647 -1.510 -1.301 -1.223 -1.127 -1.022 -0.944 -0.865 -0.791 -0.698 -0.614 -0.529 -0.547 -0.535 -0.633 -0.738 -0.888 -1.017 -1.006 -2.459
4.75 501.19 -2.696 -2.305 -2.111 -1.839 -1.716 -1.516 -1.461 -1.366 -1.271 -1.200 -1.127 -1.063 -0.981 -0.921 -0.869 -0.924 -0.934 -1.065 -1.204 -1.382 -1.472 -1.411 -2.946
4.75 630.96 -2.927 -2.550 -2.338 -2.048 -1.943 -1.754 -1.725 -1.630 -1.546 -1.483 -1.417 -1.366 -1.298 -1.267 -1.257 -1.362 -1.403 -1.573 -1.754 -1.967 -2.005 -1.882 -3.517
4.75 794.33 -3.194 -2.830 -2.593 -2.279 -2.198 -2.021 -2.022 -1.923 -1.853 -1.800 -1.743 -1.706 -1.655 -1.662 -1.707 -1.876 -1.957 -2.178 -2.409 -2.667 -2.636 -2.435 -4.192
4.75 1000.00 -3.503 -3.154 -2.884 -2.536 -2.487 -2.325 -2.360 -2.255 -2.200 -2.159 -2.113 -2.094 -2.064 -2.119 -2.234 -2.485 -2.620 -2.903 -3.197 -3.512 -3.391 -3.091 -4.999
5.00 1.00 0.470 1.116 1.431 1.907 2.005 2.317 2.770 3.064 3.259 3.386 3.522 3.681 3.780 3.838 3.871 3.794 3.662 3.685 3.833 3.750 3.842 3.673 2.740
5.00 1.26 0.408 1.052 1.353 1.813 1.915 2.222 2.661 2.946 3.139 3.265 3.399 3.557 3.660 3.727 3.772 3.707 3.586 3.610 3.753 3.671 3.743 3.572 2.635
5.00 1.58 0.340 0.981 1.270 1.714 1.820 2.123 2.548 2.822 3.015 3.139 3.271 3.428 3.535 3.611 3.667 3.614 3.505 3.530 3.666 3.587 3.639 3.464 2.523
5.00 2.00 0.267 0.905 1.183 1.611 1.721 2.019 2.430 2.695 2.887 3.009 3.139 3.295 3.405 3.489 3.556 3.516 3.418 3.443 3.574 3.497 3.528 3.351 2.404
5.00 2.51 0.190 0.824 1.090 1.504 1.618 1.912 2.309 2.565 2.755 2.875 3.003 3.157 3.271 3.362 3.439 3.411 3.324 3.351 3.476 3.400 3.412 3.233 2.280
5.00 3.16 0.108 0.738 0.993 1.393 1.512 1.802 2.185 2.431 2.619 2.738 2.864 3.016 3.132 3.231 3.318 3.301 3.225 3.252 3.371 3.298 3.290 3.108 2.149
5.00 3.98 0.022 0.648 0.893 1.280 1.402 1.688 2.058 2.295 2.480 2.597 2.721 2.871 2.990 3.095 3.191 3.185 3.120 3.147 3.261 3.189 3.162 2.979 2.012
5.00 5.01 -0.066 0.554 0.790 1.163 1.290 1.572 1.929 2.156 2.339 2.454 2.576 2.724 2.844 2.955 3.060 3.064 3.009 3.037 3.145 3.075 3.029 2.845 1.870
5.00 6.31 -0.158 0.456 0.683 1.045 1.176 1.454 1.797 2.015 2.195 2.309 2.429 2.575 2.696 2.812 2.924 2.939 2.894 2.922 3.023 2.955 2.891 2.707 1.723
5.00 7.94 -0.252 0.355 0.574 0.925 1.059 1.335 1.664 1.873 2.050 2.162 2.280 2.423 2.546 2.666 2.785 2.808 2.774 2.801 2.896 2.830 2.749 2.565 1.571
5.00 10.00 -0.347 0.251 0.463 0.803 0.941 1.213 1.529 1.729 1.903 2.013 2.130 2.270 2.393 2.517 2.643 2.674 2.649 2.676 2.765 2.699 2.602 2.419 1.414
5.00 12.59 -0.445 0.145 0.351 0.680 0.822 1.090 1.393 1.584 1.754 1.863 1.977 2.114 2.238 2.365 2.497 2.536 2.520 2.546 2.628 2.564 2.452 2.270 1.252
5.00 15.85 -0.544 0.036 0.236 0.555 0.700 0.966 1.255 1.437 1.603 1.711 1.823 1.957 2.081 2.211 2.349 2.393 2.386 2.411 2.487 2.423 2.297 2.117 1.086
5.00 19.95 -0.645 -0.074 0.119 0.429 0.578 0.840 1.115 1.289 1.451 1.557 1.668 1.799 1.922 2.055 2.197 2.247 2.249 2.272 2.341 2.277 2.137 1.961 0.916
5.00 25.12 -0.747 -0.187 0.001 0.302 0.454 0.713 0.974 1.139 1.298 1.402 1.511 1.638 1.762 1.896 2.042 2.097 2.107 2.128 2.189 2.126 1.973 1.800 0.741
5.00 31.62 -0.851 -0.303 -0.118 0.173 0.329 0.584 0.832 0.988 1.143 1.245 1.351 1.476 1.599 1.734 1.884 1.943 1.960 1.978 2.032 1.968 1.804 1.636 0.560
5.00 39.81 -0.956 -0.420 -0.240 0.043 0.201 0.454 0.687 0.835 0.985 1.086 1.190 1.311 1.433 1.569 1.721 1.784 1.808 1.823 1.869 1.804 1.630 1.466 0.373
5.00 50.12 -1.065 -0.541 -0.364 -0.089 0.072 0.321 0.540 0.680 0.826 0.925 1.027 1.143 1.264 1.401 1.555 1.619 1.649 1.660 1.698 1.631 1.448 1.291 0.178
5.00 63.10 -1.176 -0.664 -0.491 -0.222 -0.060 0.186 0.391 0.522 0.663 0.760 0.860 0.973 1.092 1.228 1.382 1.448 1.483 1.489 1.517 1.448 1.257 1.108 -0.025
5.00 79.43 -1.290 -0.791 -0.621 -0.358 -0.194 0.048 0.238 0.361 0.498 0.592 0.689 0.798 0.916 1.050 1.203 1.268 1.308 1.308 1.325 1.253 1.057 0.917 -0.240
5.00 100.00 -1.409 -0.923 -0.754 -0.497 -0.332 -0.095 0.080 0.196 0.328 0.420 0.514 0.618 0.734 0.865 1.016 1.078 1.121 1.114 1.120 1.043 0.843 0.715 -0.468
5.00 125.89 -1.534 -1.061 -0.892 -0.639 -0.475 -0.242 -0.082 0.027 0.152 0.242 0.334 0.433 0.545 0.673 0.819 0.876 0.920 0.904 0.897 0.814 0.614 0.500 -0.714
5.00 158.49 -1.665 -1.206 -1.036 -0.786 -0.623 -0.395 -0.252 -0.149 -0.029 0.057 0.146 0.239 0.348 0.470 0.610 0.659 0.702 0.675 0.653 0.562 0.365 0.268 -0.980
5.00 199.53 -1.805 -1.360 -1.187 -0.938 -0.778 -0.555 -0.429 -0.333 -0.219 -0.136 -0.051 0.036 0.141 0.255 0.385 0.422 0.461 0.421 0.383 0.281 0.091 0.016 -1.273
5.00 251.19 -1.957 -1.524 -1.348 -1.097 -0.942 -0.725 -0.617 -0.526 -0.419 -0.340 -0.259 -0.178 -0.080 0.024 0.140 0.161 0.194 0.137 0.078 -0.037 -0.214 -0.263 -1.600
5.00 316.23 -2.121 -1.703 -1.519 -1.265 -1.117 -0.906 -0.818 -0.731 -0.632 -0.557 -0.481 -0.408 -0.317 -0.226 -0.129 -0.130 -0.108 -0.186 -0.268 -0.400 -0.558 -0.575 -1.968
5.00 398.11 -2.304 -1.899 -1.705 -1.444 -1.305 -1.102 -1.036 -0.952 -0.861 -0.792 -0.721 -0.657 -0.574 -0.502 -0.430 -0.460 -0.453 -0.557 -0.667 -0.821 -0.951 -0.928 -2.389
5.00 501.19 -2.508 -2.117 -1.910 -1.635 -1.511 -1.317 -1.274 -1.191 -1.110 -1.048 -0.984 -0.930 -0.858 -0.808 -0.769 -0.837 -0.853 -0.988 -1.133 -1.315 -1.406 -1.333 -2.876
5.00 630.96 -2.739 -2.362 -2.136 -1.845 -1.739 -1.555 -1.538 -1.455 -1.385 -1.331 -1.274 -1.232 -1.174 -1.154 -1.157 -1.275 -1.321 -1.497 -1.683 -1.900 -1.939 -1.803 -3.446
5.00 794.33 -3.005 -2.642 -2.391 -2.075 -1.993 -1.822 -1.835 -1.748 -1.692 -1.647 -1.600 -1.572 -1.532 -1.549 -1.607 -1.789 -1.876 -2.101 -2.338 -2.601 -2.570 -2.356 -4.121
5.00 1000.00 -3.315 -2.966 -2.682 -2.333 -2.282 -2.126 -2.172 -2.080 -2.039 -2.007 -1.970 -1.960 -1.941 -2.006 -2.134 -2.398 -2.539 -2.827 -3.126 -3.445 -3.324 -3.012 -4.928
5.25 1.00 0.603 1.243 1.580 2.067 2.165 2.474 2.915 3.200 3.376 3.497 3.626 3.772 3.856 3.900 3.918 3.825 3.683 3.697 3.837 3.746 3.846 3.692 2.745
5.25 1.26 0.547 1.185 1.509 1.979 2.081 2.385 2.813 3.087 3.263 3.382 3.509 3.655 3.743 3.796 3.825 3.743 3.613 3.628 3.762 3.673 3.754 3.598 2.646
5.25 1.58 0.485 1.122 1.432 1.886 1.992 2.291 2.705 2.969 3.145 3.262 3.386 3.532 3.624 3.686 3.726 3.656 3.538 3.553 3.682 3.595 3.656 3.497 2.541
5.25 2.00 0.419 1.052 1.350 1.787 1.898 2.192 2.592 2.847 3.021 3.137 3.259 3.403 3.500 3.570 3.621 3.564 3.456 3.473 3.596 3.512 3.552 3.390 2.430
5.25 2.51 0.347 0.977 1.263 1.684 1.799 2.089 2.475 2.721 2.894 3.007 3.128 3.270 3.371 3.449 3.510 3.465 3.369 3.386 3.504 3.422 3.442 3.278 2.312
5.25 3.16 0.270 0.897 1.171 1.577 1.696 1.982 2.355 2.590 2.762 2.874 2.992 3.133 3.237 3.322 3.393 3.360 3.275 3.294 3.406 3.327 3.326 3.160 2.188
5.25 3.98 0.190 0.811 1.074 1.467 1.590 1.872 2.231 2.457 2.627 2.737 2.853 2.992 3.098 3.190 3.271 3.250 3.176 3.195 3.302 3.225 3.204 3.036 2.058
5.25 5.01 0.105 0.721 0.974 1.354 1.481 1.759 2.104 2.321 2.489 2.597 2.711 2.848 2.957 3.055 3.144 3.134 3.071 3.091 3.192 3.116 3.077 2.907 1.921
5.25 6.31 0.017 0.627 0.871 1.237 1.369 1.643 1.975 2.182 2.347 2.454 2.566 2.701 2.811 2.915 3.013 3.012 2.960 2.980 3.075 3.002 2.944 2.773 1.779
5.25 7.94 -0.074 0.530 0.765 1.119 1.254 1.525 1.843 2.042 2.204 2.309 2.419 2.552 2.663 2.772 2.877 2.886 2.843 2.864 2.953 2.882 2.805 2.635 1.631
5.25 10.00 -0.167 0.428 0.656 0.999 1.138 1.405 1.710 1.899 2.058 2.161 2.270 2.400 2.513 2.625 2.738 2.755 2.722 2.743 2.826 2.755 2.662 2.492 1.478
5.25 12.59 -0.263 0.325 0.544 0.877 1.020 1.283 1.574 1.755 1.911 2.012 2.119 2.246 2.359 2.475 2.594 2.619 2.596 2.616 2.693 2.624 2.515 2.345 1.320
5.25 15.85 -0.361 0.218 0.431 0.753 0.900 1.160 1.438 1.609 1.762 1.861 1.966 2.090 2.204 2.323 2.448 2.479 2.466 2.485 2.555 2.486 2.362 2.195 1.157
5.25 19.95 -0.460 0.109 0.316 0.628 0.778 1.035 1.299 1.462 1.611 1.709 1.811 1.932 2.046 2.168 2.297 2.335 2.330 2.348 2.411 2.343 2.205 2.040 0.989
5.25 25.12 -0.561 -0.003 0.199 0.501 0.655 0.908 1.159 1.313 1.458 1.554 1.654 1.773 1.886 2.010 2.144 2.187 2.190 2.206 2.262 2.194 2.043 1.881 0.815
5.25 31.62 -0.664 -0.117 0.080 0.373 0.530 0.780 1.017 1.162 1.303 1.398 1.496 1.611 1.724 1.849 1.986 2.034 2.045 2.058 2.107 2.039 1.875 1.718 0.636
5.25 39.81 -0.769 -0.234 -0.042 0.244 0.403 0.650 0.873 1.009 1.146 1.239 1.335 1.446 1.559 1.685 1.825 1.876 1.894 1.904 1.945 1.876 1.702 1.550 0.450
5.25 50.12 -0.877 -0.354 -0.165 0.112 0.274 0.518 0.726 0.854 0.987 1.078 1.172 1.279 1.391 1.517 1.659 1.712 1.736 1.742 1.775 1.704 1.521 1.375 0.256
5.25 63.10 -0.988 -0.477 -0.291 -0.021 0.143 0.383 0.577 0.697 0.825 0.914 1.005 1.109 1.219 1.345 1.487 1.541 1.571 1.572 1.595 1.522 1.331 1.193 0.054
5.25 79.43 -1.102 -0.604 -0.421 -0.157 0.008 0.244 0.424 0.536 0.659 0.746 0.835 0.934 1.043 1.167 1.309 1.362 1.396 1.392 1.404 1.328 1.131 1.003 -0.160
5.25 100.00 -1.221 -0.735 -0.554 -0.296 -0.130 0.102 0.266 0.371 0.490 0.574 0.660 0.755 0.861 0.983 1.122 1.173 1.210 1.198 1.199 1.119 0.918 0.801 -0.388
5.25 125.89 -1.345 -0.873 -0.692 -0.438 -0.272 -0.044 0.104 0.202 0.315 0.397 0.480 0.569 0.673 0.790 0.925 0.971 1.009 0.989 0.977 0.890 0.690 0.586 -0.633
5.25 158.49 -1.476 -1.017 -0.836 -0.584 -0.420 -0.197 -0.065 0.026 0.133 0.212 0.292 0.376 0.476 0.588 0.716 0.754 0.791 0.760 0.734 0.639 0.441 0.355 -0.899
5.25 199.53 -1.616 -1.171 -0.987 -0.736 -0.575 -0.357 -0.243 -0.157 -0.057 0.019 0.095 0.173 0.269 0.373 0.491 0.517 0.551 0.507 0.463 0.358 0.167 0.102 -1.192
5.25 251.19 -1.767 -1.335 -1.147 -0.895 -0.739 -0.527 -0.431 -0.351 -0.257 -0.185 -0.113 -0.041 0.048 0.142 0.247 0.256 0.284 0.223 0.159 0.041 -0.138 -0.176 -1.518
5.25 316.23 -1.932 -1.514 -1.319 -1.063 -0.914 -0.708 -0.632 -0.556 -0.469 -0.403 -0.335 -0.271 -0.189 -0.108 -0.023 -0.035 -0.018 -0.099 -0.187 -0.323 -0.481 -0.488 -1.886
5.25 398.11 -2.114 -1.710 -1.505 -1.241 -1.102 -0.905 -0.849 -0.776 -0.698 -0.637 -0.575 -0.520 -0.446 -0.384 -0.323 -0.364 -0.363 -0.470 -0.586 -0.744 -0.875 -0.841 -2.307
5.25 501.19 -2.318 -1.928 -1.709 -1.433 -1.308 -1.119 -1.087 -1.015 -0.948 -0.893 -0.837 -0.792 -0.730 -0.690 -0.662 -0.742 -0.763 -0.902 -1.052 -1.237 -1.330 -1.246 -2.794
5.25 630.96 -2.550 -2.173 -1.935 -1.642 -1.535 -1.357 -1.351 -1.279 -1.222 -1.176 -1.127 -1.095 -1.046 -1.036 -1.050 -1.179 -1.231 -1.410 -1.601 -1.823 -1.863 -1.716 -3.364
5.25 794.33 -2.816 -2.453 -2.190 -1.873 -1.790 -1.624 -1.648 -1.573 -1.529 -1.493 -1.453 -1.435 -1.403 -1.431 -1.500 -1.693 -1.785 -2.015 -2.256 -2.523 -2.494 -2.269 -4.039
5.25 1000.00 -3.126 -2.776 -2.481 -2.130 -2.079 -1.929 -1.986 -1.904 -1.877 -1.852 -1.823 -1.823 -1.813 -1.888 -2.027 -2.302 -2.448 -2.740 -3.044 -3.367 -3.248 -2.925 -4.846
5.50 1.00 0.729 1.364 1.721 2.219 2.316 2.622 3.053 3.329 3.486 3.601 3.724 3.860 3.929 3.962 3.966 3.859 3.708 3.713 3.845 3.747 3.854 3.713 2.753
5.50 1.26 0.680 1.313 1.657 2.137 2.239 2.540 2.956 3.222 3.380 3.493 3.614 3.749 3.822 3.864 3.879 3.783 3.643 3.649 3.775 3.680 3.768 3.624 2.661
5.50 1.58 0.625 1.256 1.587 2.050 2.155 2.451 2.855 3.110 3.268 3.379 3.498 3.632 3.710 3.760 3.785 3.701 3.573 3.580 3.701 3.608 3.676 3.530 2.562
5.50 2.00 0.564 1.193 1.510 1.957 2.067 2.358 2.748 2.994 3.151 3.260 3.376 3.509 3.592 3.650 3.686 3.614 3.498 3.505 3.621 3.530 3.579 3.430 2.458
5.50 2.51 0.499 1.124 1.429 1.859 1.973 2.260 2.636 2.872 3.029 3.136 3.250 3.382 3.469 3.535 3.581 3.521 3.416 3.425 3.536 3.447 3.475 3.325 2.348
5.50 3.16 0.428 1.050 1.342 1.756 1.875 2.157 2.519 2.746 2.902 3.007 3.119 3.250 3.340 3.413 3.471 3.423 3.329 3.339 3.444 3.358 3.366 3.213 2.231
5.50 3.98 0.352 0.970 1.251 1.649 1.773 2.051 2.399 2.616 2.771 2.874 2.984 3.113 3.207 3.287 3.354 3.318 3.235 3.247 3.347 3.263 3.250 3.095 2.107
5.50 5.01 0.272 0.885 1.155 1.539 1.667 1.941 2.276 2.483 2.636 2.738 2.845 2.973 3.069 3.156 3.232 3.207 3.136 3.148 3.243 3.161 3.129 2.972 1.977
5.50 6.31 0.188 0.796 1.055 1.426 1.558 1.828 2.149 2.347 2.498 2.598 2.703 2.829 2.928 3.020 3.105 3.090 3.030 3.043 3.132 3.053 3.001 2.843 1.840
5.50 7.94 0.101 0.702 0.952 1.310 1.446 1.712 2.020 2.209 2.357 2.455 2.558 2.682 2.783 2.880 2.973 2.968 2.918 2.932 3.016 2.939 2.868 2.709 1.697
5.50 10.00 0.011 0.604 0.845 1.191 1.331 1.594 1.888 2.068 2.214 2.310 2.411 2.532 2.635 2.736 2.836 2.840 2.801 2.816 2.893 2.818 2.729 2.570 1.549
5.50 12.59 -0.082 0.503 0.736 1.071 1.215 1.474 1.755 1.925 2.068 2.163 2.262 2.380 2.483 2.589 2.696 2.708 2.679 2.693 2.765 2.690 2.585 2.427 1.395
5.50 15.85 -0.178 0.398 0.625 0.948 1.096 1.351 1.619 1.780 1.920 2.013 2.110 2.226 2.330 2.439 2.551 2.571 2.551 2.565 2.630 2.557 2.435 2.279 1.235
5.50 19.95 -0.276 0.291 0.511 0.824 0.975 1.227 1.481 1.634 1.770 1.862 1.956 2.069 2.174 2.285 2.403 2.429 2.419 2.431 2.490 2.417 2.281 2.126 1.070
5.50 25.12 -0.375 0.181 0.395 0.699 0.853 1.102 1.342 1.486 1.618 1.708 1.801 1.910 2.015 2.129 2.251 2.283 2.281 2.292 2.343 2.271 2.121 1.969 0.899
5.50 31.62 -0.477 0.068 0.277 0.571 0.729 0.974 1.201 1.336 1.464 1.552 1.643 1.749 1.853 1.969 2.095 2.132 2.137 2.146 2.190 2.118 1.955 1.808 0.721
5.50 39.81 -0.582 -0.047 0.156 0.442 0.603 0.844 1.057 1.184 1.308 1.394 1.483 1.585 1.689 1.806 1.935 1.975 1.988 1.993 2.030 1.957 1.783 1.640 0.537
5.50 50.12 -0.689 -0.166 0.033 0.311 0.474 0.712 0.911 1.029 1.150 1.234 1.320 1.419 1.522 1.638 1.770 1.812 1.831 1.833 1.861 1.787 1.603 1.467 0.345
5.50 63.10 -0.799 -0.289 -0.092 0.178 0.343 0.578 0.762 0.872 0.988 1.070 1.154 1.249 1.350 1.467 1.598 1.642 1.667 1.664 1.683 1.606 1.415 1.286 0.143
5.50 79.43 -0.913 -0.415 -0.221 0.043 0.209 0.440 0.609 0.711 0.823 0.903 0.984 1.074 1.174 1.289 1.421 1.464 1.493 1.485 1.493 1.413 1.215 1.096 -0.070
5.50 100.00 -1.031 -0.546 -0.354 -0.096 0.071 0.298 0.452 0.547 0.653 0.731 0.809 0.895 0.993 1.105 1.234 1.275 1.307 1.292 1.289 1.205 1.003 0.895 -0.297
5.50 125.89 -1.155 -0.683 -0.492 -0.238 -0.071 0.151 0.290 0.377 0.478 0.553 0.629 0.710 0.805 0.913 1.038 1.074 1.107 1.084 1.068 0.977 0.775 0.681 -0.542
5.50 158.49 -1.286 -0.828 -0.636 -0.384 -0.219 -0.001 0.121 0.202 0.297 0.369 0.441 0.517 0.608 0.711 0.829 0.857 0.890 0.855 0.825 0.726 0.527 0.449 -0.807
5.50 199.53 -1.426 -0.981 -0.787 -0.536 -0.374 -0.161 -0.057 0.018 0.107 0.176 0.244 0.314 0.401 0.496 0.604 0.621 0.650 0.602 0.555 0.446 0.253 0.197 -1.100
5.50 251.19 -1.577 -1.145 -0.947 -0.695 -0.538 -0.331 -0.245 -0.175 -0.093 -0.028 0.036 0.100 0.181 0.266 0.360 0.360 0.383 0.319 0.251 0.129 -0.051 -0.081 -1.426
5.50 316.23 -1.742 -1.324 -1.118 -0.862 -0.712 -0.512 -0.446 -0.380 -0.305 -0.246 -0.186 -0.130 -0.056 0.016 0.091 0.069 0.081 -0.004 -0.095 -0.234 -0.395 -0.393 -1.793
5.50 398.11 -1.924 -1.519 -1.304 -1.041 -0.901 -0.708 -0.663 -0.600 -0.534 -0.480 -0.425 -0.379 -0.313 -0.260 -0.209 -0.260 -0.264 -0.374 -0.494 -0.655 -0.788 -0.745 -2.214
5.50 501.19 -2.128 -1.737 -1.508 -1.233 -1.106 -0.923 -0.901 -0.839 -0.783 -0.736 -0.688 -0.651 -0.597 -0.566 -0.548 -0.637 -0.663 -0.806 -0.959 -1.149 -1.243 -1.150 -2.701
5.50 630.96 -2.359 -1.982 -1.735 -1.442 -1.334 -1.161 -1.165 -1.103 -1.058 -1.019 -0.978 -0.954 -0.913 -0.912 -0.936 -1.075 -1.131 -1.314 -1.509 -1.734 -1.776 -1.620 -3.271
5.50 794.33 -2.625 -2.262 -1.990 -1.672 -1.588 -1.428 -1.462 -1.396 -1.365 -1.335 -1.303 -1.294 -1.270 -1.307 -1.386 -1.589 -1.685 -1.918 -2.164 -2.434 -2.406 -2.173 -3.946
5.50 1000.00 -2.935 -2.586 -2.281 -1.930 -1.877 -1.732 -1.799 -1.728 -1.712 -1.695 -1.673 -1.681 -1.680 -1.764 -1.913 -2.198 -2.348 -2.644 -2.951 -3.278 -3.161 -2.829 -4.753
5.75 1.00 0.850 1.479 1.855 2.362 2.458 2.762 3.182 3.450 3.590 3.700 3.818 3.943 3.999 4.022 4.016 3.897 3.738 3.734 3.858 3.754 3.866 3.734 2.766
5.75 1.26 0.806 1.434 1.797 2.287 2.387 2.686 3.092 3.351 3.491 3.599 3.714 3.838 3.899 3.930 3.934 3.825 3.678 3.674 3.793 3.691 3.785 3.652 2.679
5.75 1.58 0.757 1.383 1.733 2.205 2.310 2.604 2.997 3.245 3.386 3.492 3.605 3.728 3.794 3.833 3.846 3.749 3.613 3.610 3.724 3.624 3.699 3.564 2.587
5.75 2.00 0.704 1.327 1.664 2.118 2.228 2.516 2.896 3.134 3.275 3.379 3.489 3.612 3.682 3.729 3.753 3.668 3.543 3.542 3.650 3.553 3.608 3.471 2.490
5.75 2.51 0.644 1.265 1.588 2.026 2.140 2.424 2.790 3.018 3.159 3.261 3.369 3.491 3.565 3.620 3.654 3.581 3.467 3.467 3.571 3.476 3.511 3.372 2.386
5.75 3.16 0.580 1.197 1.507 1.928 2.047 2.326 2.679 2.897 3.038 3.137 3.243 3.364 3.443 3.505 3.549 3.487 3.386 3.388 3.486 3.394 3.409 3.267 2.276
5.75 3.98 0.510 1.124 1.421 1.826 1.950 2.224 2.563 2.772 2.912 3.009 3.113 3.232 3.315 3.384 3.438 3.388 3.298 3.302 3.395 3.305 3.299 3.156 2.159
5.75 5.01 0.435 1.044 1.330 1.720 1.848 2.118 2.443 2.642 2.781 2.877 2.978 3.096 3.182 3.258 3.321 3.283 3.204 3.209 3.298 3.210 3.184 3.038 2.036
5.75 6.31 0.356 0.960 1.234 1.610 1.742 2.008 2.320 2.509 2.647 2.741 2.839 2.956 3.045 3.126 3.199 3.171 3.104 3.110 3.193 3.108 3.062 2.915 1.906
5.75 7.94 0.273 0.871 1.135 1.497 1.633 1.895 2.194 2.374 2.509 2.601 2.698 2.812 2.903 2.990 3.071 3.054 2.998 3.005 3.083 3.000 2.934 2.786 1.769
5.75 10.00 0.186 0.777 1.031 1.381 1.521 1.779 2.064 2.235 2.368 2.459 2.553 2.665 2.758 2.850 2.939 2.931 2.885 2.893 2.966 2.885 2.801 2.652 1.626
5.75 12.59 0.096 0.679 0.925 1.262 1.406 1.661 1.933 2.094 2.225 2.313 2.406 2.515 2.610 2.706 2.802 2.802 2.767 2.776 2.842 2.763 2.661 2.512 1.476
5.75 15.85 0.004 0.578 0.816 1.141 1.289 1.540 1.798 1.951 2.079 2.165 2.256 2.363 2.458 2.558 2.660 2.669 2.643 2.651 2.712 2.634 2.515 2.368 1.320
5.75 19.95 -0.092 0.473 0.704 1.018 1.170 1.418 1.662 1.806 1.930 2.015 2.103 2.208 2.304 2.407 2.514 2.530 2.513 2.521 2.575 2.498 2.364 2.218 1.159
5.75 25.12 -0.190 0.365 0.589 0.894 1.049 1.293 1.524 1.659 1.780 1.863 1.949 2.050 2.147 2.252 2.364 2.386 2.378 2.385 2.432 2.356 2.207 2.064 0.990
5.75 31.62 -0.291 0.254 0.472 0.767 0.925 1.166 1.383 1.509 1.627 1.708 1.792 1.890 1.986 2.093 2.210 2.236 2.237 2.242 2.282 2.205 2.043 1.904 0.815
5.75 39.81 -0.394 0.139 0.353 0.639 0.800 1.037 1.240 1.358 1.471 1.551 1.632 1.727 1.823 1.931 2.051 2.081 2.089 2.091 2.124 2.047 1.873 1.738 0.633
5.75 50.12 -0.500 0.022 0.231 0.509 0.672 0.906 1.095 1.204 1.313 1.391 1.470 1.561 1.656 1.765 1.886 1.920 1.934 1.933 1.957 1.879 1.695 1.566 0.443
5.75 63.10 -0.609 -0.100 0.105 0.376 0.541 0.771 0.946 1.047 1.152 1.228 1.304 1.392 1.486 1.594 1.716 1.751 1.771 1.765 1.780 1.700 1.507 1.386 0.242
5.75 79.43 -0.723 -0.226 -0.023 0.241 0.408 0.634 0.794 0.887 0.987 1.061 1.135 1.218 1.310 1.417 1.539 1.573 1.598 1.587 1.591 1.508 1.309 1.197 0.030
5.75 100.00 -0.841 -0.356 -0.156 0.103 0.270 0.492 0.637 0.723 0.818 0.889 0.961 1.039 1.129 1.234 1.354 1.385 1.413 1.395 1.388 1.301 1.098 0.997 -0.196
5.75 125.89 -0.964 -0.493 -0.293 -0.039 0.128 0.346 0.475 0.553 0.643 0.712 0.780 0.854 0.942 1.042 1.158 1.185 1.214 1.187 1.168 1.074 0.870 0.783 -0.440
5.75 158.49 -1.095 -0.637 -0.436 -0.185 -0.020 0.193 0.306 0.378 0.462 0.528 0.593 0.661 0.745 0.840 0.949 0.968 0.997 0.960 0.925 0.824 0.622 0.552 -0.705
5.75 199.53 -1.235 -0.790 -0.587 -0.337 -0.174 0.033 0.129 0.195 0.273 0.335 0.396 0.459 0.538 0.626 0.725 0.732 0.758 0.707 0.656 0.544 0.350 0.300 -0.997
5.75 251.19 -1.386 -0.954 -0.747 -0.496 -0.338 -0.136 -0.059 0.002 0.073 0.131 0.189 0.244 0.318 0.395 0.480 0.472 0.491 0.424 0.353 0.228 0.045 0.022 -1.322
5.75 316.23 -1.550 -1.132 -0.918 -0.663 -0.512 -0.317 -0.260 -0.203 -0.140 -0.086 -0.033 0.015 0.082 0.145 0.211 0.181 0.190 0.102 0.007 -0.135 -0.298 -0.289 -1.690
5.75 398.11 -1.732 -1.328 -1.104 -0.842 -0.701 -0.513 -0.477 -0.423 -0.368 -0.321 -0.273 -0.234 -0.176 -0.130 -0.088 -0.148 -0.155 -0.268 -0.391 -0.556 -0.691 -0.641 -2.110
5.75 501.19 -1.936 -1.545 -1.308 -1.033 -0.906 -0.728 -0.715 -0.663 -0.617 -0.577 -0.535 -0.506 -0.459 -0.436 -0.427 -0.525 -0.554 -0.699 -0.857 -1.049 -1.146 -1.046 -2.597
5.75 630.96 -2.167 -1.791 -1.535 -1.242 -1.133 -0.966 -0.979 -0.926 -0.892 -0.859 -0.825 -0.809 -0.775 -0.782 -0.815 -0.962 -1.022 -1.207 -1.406 -1.634 -1.678 -1.516 -3.167
5.75 794.33 -2.433 -2.070 -1.790 -1.473 -1.388 -1.233 -1.276 -1.220 -1.199 -1.176 -1.151 -1.149 -1.133 -1.177 -1.265 -1.476 -1.576 -1.812 -2.061 -2.333 -2.309 -2.069 -3.842
5.75 1000.00 -2.743 -2.394 -2.080 -1.730 -1.677 -1.537 -1.613 -1.552 -1.546 -1.535 -1.521 -1.536 -1.542 -1.634 -1.792 -2.085 -2.239 -2.537 -2.848 -3.178 -3.063 -2.725 -4.648
6.00 1.00 0.965 1.589 1.982 2.497 2.591 2.892 3.303 3.564 3.687 3.793 3.906 4.022 4.065 4.083 4.067 3.939 3.772 3.760 3.877 3.767 3.884 3.759 2.785
6.00 1.26 0.927 1.550 1.930 2.428 2.527 2.823 3.220 3.471 3.595 3.699 3.809 3.924 3.972 3.996 3.990 3.872 3.716 3.705 3.817 3.708 3.807 3.681 2.703
6.00 1.58 0.884 1.505 1.872 2.353 2.457 2.748 3.131 3.373 3.497 3.598 3.707 3.821 3.874 3.905 3.908 3.800 3.656 3.645 3.752 3.646 3.727 3.600 2.617
6.00 2.00 0.837 1.455 1.809 2.272 2.381 2.667 3.037 3.268 3.393 3.492 3.598 3.712 3.769 3.808 3.821 3.724 3.591 3.582 3.684 3.580 3.641 3.513 2.525
6.00 2.51 0.784 1.400 1.740 2.185 2.299 2.580 2.937 3.158 3.284 3.381 3.484 3.597 3.659 3.704 3.727 3.642 3.521 3.513 3.610 3.508 3.551 3.420 2.428
6.00 3.16 0.726 1.338 1.666 2.094 2.212 2.488 2.831 3.043 3.168 3.263 3.364 3.476 3.543 3.596 3.629 3.555 3.445 3.439 3.531 3.432 3.454 3.322 2.325
6.00 3.98 0.662 1.271 1.585 1.996 2.119 2.391 2.721 2.922 3.048 3.141 3.239 3.350 3.421 3.481 3.523 3.462 3.364 3.359 3.446 3.350 3.352 3.217 2.215
6.00 5.01 0.593 1.198 1.500 1.895 2.022 2.289 2.606 2.797 2.923 3.013 3.109 3.219 3.294 3.360 3.412 3.362 3.276 3.273 3.356 3.262 3.243 3.106 2.099
6.00 6.31 0.520 1.120 1.409 1.789 1.920 2.183 2.487 2.668 2.793 2.881 2.975 3.083 3.161 3.234 3.295 3.256 3.181 3.181 3.258 3.167 3.127 2.989 1.975
6.00 7.94 0.441 1.036 1.313 1.679 1.815 2.073 2.364 2.536 2.659 2.745 2.837 2.943 3.024 3.102 3.173 3.144 3.081 3.081 3.154 3.065 3.006 2.866 1.845
6.00 10.00 0.359 0.946 1.214 1.566 1.706 1.960 2.237 2.400 2.521 2.606 2.695 2.799 2.883 2.966 3.044 3.026 2.973 2.976 3.043 2.956 2.877 2.737 1.708
6.00 12.59 0.273 0.853 1.111 1.449 1.594 1.844 2.108 2.261 2.380 2.463 2.550 2.652 2.738 2.826 2.911 2.901 2.860 2.863 2.924 2.840 2.743 2.602 1.564
6.00 15.85 0.183 0.755 1.004 1.331 1.479 1.726 1.976 2.120 2.237 2.318 2.402 2.502 2.589 2.681 2.773 2.771 2.740 2.744 2.799 2.717 2.601 2.462 1.413
6.00 19.95 0.090 0.653 0.894 1.209 1.361 1.605 1.841 1.977 2.090 2.170 2.252 2.349 2.437 2.532 2.630 2.636 2.614 2.617 2.667 2.586 2.454 2.316 1.255
6.00 25.12 -0.006 0.547 0.781 1.086 1.242 1.481 1.704 1.831 1.941 2.019 2.099 2.193 2.281 2.379 2.482 2.495 2.482 2.485 2.528 2.447 2.300 2.164 1.090
6.00 31.62 -0.105 0.438 0.666 0.961 1.119 1.356 1.565 1.682 1.789 1.865 1.943 2.034 2.123 2.222 2.330 2.347 2.344 2.344 2.381 2.301 2.139 2.006 0.918
6.00 39.81 -0.206 0.326 0.548 0.833 0.995 1.228 1.423 1.532 1.635 1.709 1.784 1.872 1.961 2.062 2.172 2.194 2.198 2.197 2.225 2.145 1.971 1.843 0.738
6.00 50.12 -0.311 0.209 0.427 0.704 0.868 1.097 1.278 1.378 1.478 1.550 1.623 1.707 1.795 1.896 2.009 2.034 2.045 2.041 2.061 1.980 1.795 1.672 0.550
6.00 63.10 -0.420 0.089 0.302 0.572 0.738 0.963 1.130 1.222 1.317 1.387 1.458 1.538 1.625 1.726 1.840 1.867 1.883 1.875 1.886 1.803 1.609 1.494 0.351
6.00 79.43 -0.532 -0.036 0.174 0.437 0.605 0.826 0.978 1.062 1.153 1.221 1.289 1.365 1.450 1.550 1.664 1.690 1.712 1.698 1.699 1.613 1.412 1.306 0.140
6.00 100.00 -0.650 -0.166 0.042 0.299 0.467 0.685 0.821 0.899 0.984 1.049 1.115 1.186 1.270 1.368 1.479 1.503 1.528 1.507 1.497 1.407 1.202 1.106 -0.085
6.00 125.89 -0.773 -0.302 -0.095 0.158 0.326 0.539 0.659 0.730 0.810 0.872 0.935 1.002 1.083 1.176 1.284 1.303 1.329 1.301 1.278 1.181 0.975 0.893 -0.327
6.00 158.49 -0.903 -0.445 -0.238 0.012 0.178 0.386 0.491 0.554 0.629 0.688 0.748 0.809 0.887 0.975 1.076 1.088 1.113 1.074 1.036 0.932 0.728 0.663 -0.592
6.00 199.53 -1.042 -0.598 -0.388 -0.140 0.024 0.226 0.314 0.371 0.440 0.496 0.551 0.607 0.680 0.761 0.852 0.852 0.874 0.822 0.768 0.653 0.456 0.412 -0.883
6.00 251.19 -1.193 -0.762 -0.548 -0.299 -0.140 0.057 0.126 0.178 0.240 0.292 0.344 0.392 0.460 0.531 0.608 0.592 0.608 0.539 0.465 0.337 0.152 0.134 -1.208
6.00 316.23 -1.357 -0.940 -0.719 -0.466 -0.314 -0.124 -0.074 -0.026 0.028 0.075 0.122 0.163 0.224 0.281 0.339 0.302 0.307 0.218 0.120 -0.025 -0.191 -0.177 -1.575
6.00 398.11 -1.539 -1.135 -0.905 -0.644 -0.502 -0.320 -0.292 -0.247 -0.201 -0.159 -0.118 -0.086 -0.034 0.006 0.039 -0.027 -0.037 -0.152 -0.278 -0.445 -0.584 -0.529 -1.995
6.00 501.19 -1.743 -1.352 -1.108 -0.836 -0.708 -0.534 -0.530 -0.486 -0.450 -0.415 -0.380 -0.358 -0.317 -0.300 -0.300 -0.404 -0.437 -0.583 -0.744 -0.938 -1.038 -0.934 -2.482
6.00 630.96 -1.974 -1.597 -1.335 -1.045 -0.935 -0.772 -0.793 -0.749 -0.725 -0.698 -0.670 -0.660 -0.633 -0.646 -0.688 -0.841 -0.904 -1.091 -1.293 -1.523 -1.571 -1.404 -3.051
6.00 794.33 -2.240 -1.877 -1.590 -1.275 -1.189 -1.039 -1.090 -1.043 -1.031 -1.014 -0.995 -1.000 -0.990 -1.041 -1.137 -1.355 -1.458 -1.695 -1.947 -2.222 -2.201 -1.956 -3.726
6.00 1000.00 -2.550 -2.201 -1.881 -1.532 -1.478 -1.343 -1.428 -1.374 -1.379 -1.373 -1.365 -1.388 -1.399 -1.498 -1.664 -1.964 -2.121 -2.420 -2.735 -3.067 -2.955 -2.612 -4.533
6.25 1.00 1.076 1.695 2.102 2.624 2.716 3.015 3.415 3.671 3.778 3.880 3.990 4.097 4.130 4.144 4.122 3.986 3.813 3.793 3.904 3.787 3.907 3.786 2.809
6.25 1.26 1.043 1.660 2.055 2.560 2.657 2.952 3.339 3.585 3.692 3.792 3.900 4.006 4.043 4.062 4.049 3.923 3.760 3.741 3.846 3.732 3.834 3.713 2.732
6.25 1.58 1.006 1.621 2.004 2.492 2.594 2.883 3.257 3.493 3.601 3.699 3.804 3.909 3.950 3.976 3.971 3.855 3.704 3.685 3.786 3.673 3.758 3.637 2.650
6.25 2.00 0.964 1.577 1.947 2.417 2.524 2.808 3.170 3.395 3.504 3.600 3.702 3.807 3.853 3.885 3.889 3.784 3.643 3.626 3.722 3.611 3.678 3.555 2.565
6.25 2.51 0.917 1.528 1.885 2.337 2.449 2.728 3.076 3.291 3.402 3.495 3.594 3.698 3.749 3.788 3.802 3.707 3.578 3.563 3.653 3.545 3.593 3.469 2.474
6.25 3.16 0.865 1.473 1.817 2.251 2.368 2.642 2.977 3.182 3.293 3.384 3.481 3.584 3.640 3.685 3.709 3.625 3.508 3.494 3.580 3.475 3.503 3.377 2.377
6.25 3.98 0.808 1.413 1.742 2.160 2.281 2.550 2.872 3.067 3.179 3.268 3.362 3.464 3.524 3.577 3.610 3.538 3.432 3.420 3.501 3.399 3.407 3.279 2.274
6.25 5.01 0.745 1.346 1.663 2.063 2.189 2.454 2.763 2.948 3.059 3.146 3.237 3.339 3.403 3.462 3.505 3.444 3.350 3.341 3.417 3.317 3.304 3.175 2.165
6.25 6.31 0.678 1.274 1.577 1.961 2.093 2.352 2.648 2.823 2.935 3.019 3.108 3.208 3.277 3.341 3.393 3.344 3.262 3.254 3.326 3.229 3.196 3.065 2.048
6.25 7.94 0.605 1.196 1.487 1.856 1.991 2.247 2.529 2.695 2.805 2.888 2.974 3.073 3.145 3.215 3.276 3.237 3.167 3.161 3.228 3.134 3.080 2.948 1.925
6.25 10.00 0.528 1.112 1.392 1.746 1.886 2.137 2.406 2.562 2.672 2.752 2.836 2.933 3.008 3.084 3.153 3.124 3.066 3.061 3.123 3.031 2.958 2.825 1.794
6.25 12.59 0.446 1.023 1.292 1.633 1.777 2.024 2.280 2.426 2.534 2.613 2.695 2.789 2.867 2.947 3.024 3.005 2.957 2.955 3.011 2.922 2.829 2.695 1.656
6.25 15.85 0.360 0.929 1.189 1.516 1.665 1.908 2.150 2.288 2.393 2.470 2.549 2.642 2.721 2.806 2.889 2.879 2.842 2.841 2.892 2.804 2.693 2.559 1.510
6.25 19.95 0.270 0.831 1.082 1.397 1.549 1.789 2.018 2.146 2.249 2.324 2.401 2.491 2.572 2.660 2.749 2.747 2.721 2.719 2.765 2.679 2.550 2.417 1.357
6.25 25.12 0.177 0.729 0.971 1.276 1.431 1.667 1.882 2.002 2.102 2.175 2.250 2.337 2.419 2.510 2.605 2.609 2.592 2.590 2.630 2.545 2.400 2.269 1.197
6.25 31.62 0.081 0.622 0.858 1.152 1.311 1.543 1.744 1.855 1.952 2.023 2.095 2.180 2.262 2.355 2.454 2.465 2.457 2.454 2.487 2.403 2.243 2.115 1.029
6.25 39.81 -0.019 0.511 0.741 1.025 1.187 1.416 1.603 1.705 1.799 1.868 1.938 2.019 2.101 2.196 2.299 2.314 2.314 2.310 2.335 2.251 2.077 1.954 0.852
6.25 50.12 -0.123 0.397 0.621 0.897 1.061 1.286 1.459 1.553 1.643 1.710 1.778 1.855 1.937 2.032 2.138 2.156 2.163 2.156 2.173 2.088 1.904 1.785 0.666
6.25 63.10 -0.230 0.278 0.498 0.765 0.932 1.153 1.312 1.397 1.483 1.548 1.613 1.687 1.768 1.863 1.970 1.990 2.003 1.992 2.001 1.914 1.720 1.608 0.469
6.25 79.43 -0.341 0.154 0.371 0.631 0.799 1.016 1.161 1.238 1.320 1.382 1.445 1.515 1.594 1.688 1.795 1.815 1.833 1.817 1.816 1.726 1.524 1.422 0.260
6.25 100.00 -0.458 0.025 0.239 0.494 0.663 0.876 1.005 1.075 1.151 1.211 1.271 1.337 1.415 1.506 1.611 1.629 1.651 1.628 1.616 1.522 1.315 1.223 0.037
6.25 125.89 -0.580 -0.110 0.103 0.353 0.521 0.730 0.843 0.906 0.978 1.035 1.092 1.153 1.228 1.316 1.416 1.430 1.453 1.423 1.398 1.298 1.090 1.011 -0.205
6.25 158.49 -0.710 -0.253 -0.040 0.207 0.374 0.578 0.675 0.731 0.797 0.851 0.905 0.960 1.032 1.115 1.209 1.215 1.238 1.197 1.157 1.050 0.843 0.782 -0.468
6.25 199.53 -0.849 -0.405 -0.190 0.056 0.220 0.418 0.498 0.548 0.608 0.659 0.709 0.758 0.826 0.901 0.985 0.980 1.000 0.946 0.889 0.772 0.572 0.531 -0.759
6.25 251.19 -0.999 -0.568 -0.349 -0.103 0.057 0.249 0.311 0.356 0.409 0.456 0.502 0.544 0.606 0.671 0.742 0.721 0.734 0.664 0.587 0.457 0.269 0.254 -1.083
6.25 316.23 -1.163 -0.746 -0.520 -0.270 -0.118 0.068 0.110 0.151 0.197 0.239 0.280 0.315 0.370 0.421 0.473 0.431 0.433 0.343 0.243 0.095 -0.074 -0.057 -1.450
6.25 398.11 -1.345 -0.941 -0.706 -0.448 -0.306 -0.128 -0.107 -0.069 -0.032 0.004 0.040 0.067 0.113 0.147 0.174 0.102 0.089 -0.027 -0.155 -0.324 -0.466 -0.409 -1.870
6.25 501.19 -1.549 -1.158 -0.909 -0.640 -0.511 -0.342 -0.344 -0.308 -0.281 -0.251 -0.221 -0.206 -0.170 -0.159 -0.165 -0.275 -0.310 -0.458 -0.620 -0.817 -0.920 -0.813 -2.356
6.25 630.96 -1.780 -1.403 -1.136 -0.848 -0.738 -0.580 -0.608 -0.572 -0.555 -0.534 -0.511 -0.508 -0.486 -0.504 -0.553 -0.712 -0.777 -0.965 -1.169 -1.401 -1.453 -1.283 -2.925
6.25 794.33 -2.046 -1.683 -1.390 -1.079 -0.993 -0.847 -0.905 -0.865 -0.862 -0.850 -0.837 -0.848 -0.843 -0.899 -1.002 -1.225 -1.331 -1.569 -1.823 -2.100 -2.083 -1.835 -3.600
6.25 1000.00 -2.355 -2.006 -1.681 -1.336 -1.281 -1.151 -1.243 -1.197 -1.209 -1.209 -1.207 -1.235 -1.252 -1.356 -1.529 -1.834 -1.993 -2.294 -2.610 -2.945 -2.837 -2.491 -4.406
6.50 1.00 1.184 1.797 2.215 2.742 2.832 3.129 3.520 3.771 3.864 3.962 4.070 4.170 4.193 4.205 4.179 4.038 3.859 3.833 3.938 3.816 3.937 3.818 2.841
6.50 1.26 1.155 1.766 2.174 2.685 2.779 3.072 3.450 3.691 3.784 3.880 3.986 4.084 4.111 4.128 4.110 3.978 3.809 3.783 3.883 3.763 3.867 3.749 2.767
6.50 1.58 1.122 1.732 2.128 2.622 2.722 3.009 3.375 3.606 3.699 3.793 3.896 3.994 4.025 4.047 4.037 3.914 3.756 3.731 3.826 3.708 3.795 3.677 2.690
6.50 2.00 1.085 1.694 2.078 2.554 2.659 2.941 3.294 3.515 3.609 3.701 3.801 3.898 3.933 3.961 3.960 3.847 3.700 3.676 3.766 3.650 3.720 3.600 2.609
6.50 2.51 1.044 1.650 2.021 2.480 2.590 2.867 3.207 3.418 3.513 3.603 3.700 3.796 3.836 3.871 3.878 3.775 3.640 3.617 3.702 3.588 3.640 3.520 2.523
6.50 3.16 0.999 1.602 1.960 2.401 2.516 2.788 3.115 3.315 3.412 3.499 3.593 3.689 3.734 3.774 3.790 3.698 3.574 3.553 3.633 3.522 3.555 3.434 2.433
6.50 3.98 0.948 1.548 1.892 2.315 2.435 2.702 3.017 3.206 3.304 3.389 3.481 3.575 3.625 3.672 3.697 3.616 3.504 3.485 3.560 3.452 3.465 3.342 2.336
6.50 5.01 0.892 1.488 1.818 2.224 2.349 2.612 2.913 3.092 3.191 3.274 3.362 3.456 3.510 3.563 3.598 3.528 3.428 3.411 3.482 3.376 3.369 3.245 2.234
6.50 6.31 0.830 1.422 1.739 2.128 2.258 2.515 2.804 2.973 3.072 3.153 3.239 3.331 3.390 3.449 3.492 3.434 3.346 3.331 3.397 3.294 3.267 3.141 2.125
6.50 7.94 0.763 1.350 1.654 2.027 2.161 2.414 2.689 2.849 2.948 3.027 3.110 3.201 3.264 3.328 3.381 3.333 3.257 3.244 3.306 3.205 3.158 3.031 2.008
6.50 10.00 0.691 1.273 1.564 1.921 2.060 2.309 2.571 2.721 2.819 2.896 2.976 3.066 3.132 3.202 3.263 3.226 3.161 3.151 3.208 3.110 3.042 2.914 1.884
6.50 12.59 0.615 1.189 1.469 1.811 1.955 2.199 2.448 2.589 2.686 2.760 2.838 2.926 2.995 3.070 3.139 3.111 3.059 3.050 3.102 3.007 2.919 2.790 1.753
6.50 15.85 0.533 1.100 1.369 1.698 1.846 2.086 2.322 2.453 2.549 2.621 2.696 2.782 2.854 2.933 3.009 2.991 2.949 2.942 2.988 2.896 2.789 2.660 1.613
6.50 19.95 0.448 1.006 1.266 1.581 1.733 1.969 2.192 2.314 2.407 2.478 2.551 2.635 2.708 2.790 2.873 2.863 2.832 2.826 2.867 2.776 2.651 2.523 1.466
6.50 25.12 0.358 0.907 1.158 1.462 1.617 1.850 2.058 2.171 2.263 2.331 2.402 2.483 2.558 2.643 2.731 2.729 2.708 2.702 2.737 2.648 2.506 2.379 1.310
6.50 31.62 0.264 0.804 1.047 1.340 1.498 1.727 1.922 2.026 2.115 2.181 2.249 2.328 2.404 2.491 2.584 2.588 2.576 2.570 2.599 2.511 2.352 2.228 1.146
6.50 39.81 0.167 0.696 0.932 1.215 1.377 1.601 1.782 1.878 1.963 2.028 2.094 2.169 2.245 2.334 2.431 2.440 2.436 2.429 2.451 2.363 2.191 2.070 0.973
6.50 50.12 0.065 0.584 0.814 1.087 1.252 1.473 1.640 1.727 1.808 1.871 1.934 2.006 2.082 2.173 2.272 2.284 2.288 2.279 2.293 2.205 2.020 1.904 0.790
6.50 63.10 -0.040 0.467 0.692 0.957 1.123 1.341 1.493 1.572 1.650 1.710 1.771 1.839 1.915 2.005 2.106 2.120 2.131 2.118 2.124 2.034 1.838 1.729 0.596
6.50 79.43 -0.151 0.344 0.566 0.824 0.992 1.205 1.343 1.413 1.487 1.545 1.603 1.668 1.742 1.831 1.932 1.947 1.962 1.945 1.941 1.849 1.645 1.545 0.389
6.50 100.00 -0.266 0.217 0.435 0.687 0.856 1.065 1.187 1.251 1.320 1.375 1.431 1.491 1.563 1.650 1.749 1.762 1.781 1.758 1.743 1.647 1.438 1.348 0.167
6.50 125.89 -0.388 0.082 0.300 0.546 0.715 0.919 1.026 1.082 1.147 1.199 1.252 1.307 1.377 1.460 1.555 1.564 1.585 1.554 1.526 1.425 1.213 1.137 -0.073
6.50 158.49 -0.517 -0.060 0.158 0.401 0.568 0.768 0.859 0.908 0.966 1.016 1.065 1.115 1.182 1.260 1.348 1.350 1.371 1.329 1.287 1.178 0.968 0.908 -0.335
6.50 199.53 -0.655 -0.211 0.008 0.250 0.414 0.608 0.682 0.725 0.778 0.824 0.869 0.914 0.976 1.047 1.125 1.116 1.134 1.079 1.021 0.901 0.698 0.658 -0.625
6.50 251.19 -0.805 -0.374 -0.151 0.092 0.251 0.440 0.495 0.533 0.579 0.621 0.662 0.700 0.757 0.817 0.882 0.857 0.869 0.798 0.719 0.587 0.395 0.382 -0.948
6.50 316.23 -0.969 -0.551 -0.322 -0.075 0.077 0.259 0.295 0.328 0.367 0.404 0.441 0.471 0.521 0.568 0.614 0.568 0.569 0.477 0.376 0.226 0.053 0.072 -1.314
6.50 398.11 -1.150 -0.746 -0.507 -0.253 -0.111 0.063 0.078 0.108 0.139 0.170 0.202 0.223 0.264 0.294 0.315 0.239 0.225 0.108 -0.022 -0.193 -0.339 -0.280 -1.733
6.50 501.19 -1.353 -0.963 -0.711 -0.445 -0.316 -0.151 -0.160 -0.131 -0.110 -0.085 -0.060 -0.050 -0.019 -0.012 -0.023 -0.137 -0.174 -0.322 -0.486 -0.685 -0.793 -0.684 -2.219
6.50 630.96 -1.584 -1.208 -0.937 -0.654 -0.543 -0.389 -0.424 -0.394 -0.385 -0.368 -0.350 -0.352 -0.334 -0.357 -0.411 -0.574 -0.641 -0.829 -1.034 -1.269 -1.324 -1.153 -2.788
6.50 794.33 -1.850 -1.487 -1.192 -0.884 -0.797 -0.656 -0.720 -0.687 -0.691 -0.684 -0.675 -0.692 -0.691 -0.752 -0.860 -1.087 -1.194 -1.433 -1.688 -1.968 -1.955 -1.706 -3.462
6.50 1000.00 -2.159 -1.810 -1.482 -1.141 -1.086 -0.960 -1.058 -1.019 -1.038 -1.043 -1.045 -1.079 -1.100 -1.209 -1.387 -1.696 -1.857 -2.158 -2.475 -2.811 -2.708 -2.361 -4.269
6.75 1.00 1.288 1.896 2.323 2.854 2.940 3.235 3.618 3.865 3.944 4.040 4.147 4.240 4.255 4.268 4.240 4.097 3.912 3.880 3.980 3.853 3.974 3.854 2.881
6.75 1.26 1.263 1.869 2.287 2.801 2.893 3.183 3.554 3.791 3.870 3.964 4.068 4.160 4.178 4.195 4.174 4.039 3.864 3.833 3.928 3.802 3.907 3.788 2.810
6.75 1.58 1.234 1.839 2.246 2.744 2.841 3.127 3.485 3.711 3.791 3.883 3.984 4.075 4.097 4.119 4.105 3.978 3.815 3.784 3.873 3.749 3.838 3.720 2.736
6.75 2.00 1.202 1.805 2.201 2.682 2.785 3.065 3.410 3.627 3.707 3.797 3.895 3.985 4.011 4.038 4.032 3.915 3.762 3.732 3.816 3.694 3.766 3.648 2.659
6.75 2.51 1.166 1.767 2.151 2.615 2.722 2.998 3.330 3.537 3.618 3.705 3.801 3.890 3.920 3.953 3.955 3.847 3.705 3.676 3.756 3.636 3.691 3.572 2.578
6.75 3.16 1.126 1.725 2.095 2.542 2.654 2.925 3.245 3.441 3.524 3.608 3.701 3.789 3.824 3.862 3.873 3.775 3.645 3.617 3.692 3.575 3.611 3.492 2.493
6.75 3.98 1.081 1.677 2.034 2.463 2.580 2.846 3.153 3.339 3.423 3.505 3.595 3.683 3.722 3.766 3.785 3.698 3.580 3.554 3.624 3.509 3.527 3.406 2.403
6.75 5.01 1.032 1.624 1.967 2.378 2.501 2.761 3.055 3.231 3.316 3.397 3.483 3.570 3.615 3.664 3.692 3.615 3.509 3.485 3.550 3.439 3.437 3.315 2.306
6.75 6.31 0.976 1.564 1.894 2.287 2.415 2.671 2.952 3.118 3.204 3.282 3.366 3.451 3.501 3.555 3.592 3.527 3.432 3.411 3.472 3.363 3.341 3.218 2.204
6.75 7.94 0.916 1.499 1.815 2.191 2.324 2.575 2.844 2.999 3.086 3.162 3.242 3.327 3.381 3.441 3.487 3.432 3.350 3.330 3.387 3.281 3.239 3.115 2.094
6.75 10.00 0.850 1.428 1.730 2.090 2.228 2.474 2.730 2.875 2.963 3.036 3.114 3.197 3.255 3.320 3.374 3.330 3.260 3.243 3.295 3.192 3.129 3.004 1.978
6.75 12.59 0.779 1.350 1.640 1.984 2.127 2.369 2.611 2.747 2.834 2.905 2.980 3.062 3.124 3.193 3.256 3.221 3.163 3.149 3.196 3.095 3.013 2.887 1.853
6.75 15.85 0.702 1.267 1.545 1.875 2.022 2.259 2.489 2.615 2.701 2.770 2.842 2.923 2.987 3.061 3.131 3.106 3.059 3.047 3.089 2.991 2.889 2.763 1.720
6.75 19.95 0.621 1.178 1.445 1.761 1.912 2.146 2.362 2.479 2.563 2.630 2.700 2.778 2.845 2.923 2.999 2.983 2.947 2.936 2.974 2.878 2.757 2.631 1.579
6.75 25.12 0.536 1.083 1.341 1.644 1.799 2.029 2.231 2.339 2.422 2.487 2.554 2.630 2.698 2.779 2.862 2.853 2.828 2.818 2.850 2.756 2.617 2.492 1.429
6.75 31.62 0.445 0.984 1.233 1.524 1.683 1.908 2.097 2.196 2.276 2.339 2.404 2.477 2.547 2.631 2.718 2.716 2.700 2.691 2.717 2.624 2.468 2.346 1.270
6.75 39.81 0.351 0.879 1.121 1.401 1.563 1.784 1.960 2.049 2.127 2.188 2.250 2.320 2.391 2.476 2.568 2.572 2.565 2.554 2.573 2.482 2.310 2.191 1.101
6.75 50.12 0.252 0.769 1.004 1.275 1.439 1.657 1.818 1.899 1.974 2.033 2.092 2.159 2.230 2.317 2.411 2.419 2.420 2.408 2.419 2.328 2.143 2.029 0.922
6.75 63.10 0.148 0.654 0.884 1.146 1.312 1.526 1.673 1.746 1.817 1.873 1.930 1.994 2.065 2.151 2.247 2.257 2.265 2.250 2.254 2.161 1.965 1.856 0.731
6.75 79.43 0.040 0.534 0.759 1.013 1.182 1.391 1.524 1.588 1.655 1.710 1.764 1.823 1.893 1.979 2.075 2.086 2.099 2.080 2.074 1.979 1.774 1.674 0.527
6.75 100.00 -0.074 0.408 0.630 0.877 1.046 1.252 1.369 1.426 1.489 1.540 1.592 1.647 1.716 1.799 1.893 1.903 1.920 1.895 1.878 1.780 1.569 1.479 0.308
6.75 125.89 -0.195 0.275 0.495 0.737 0.906 1.107 1.209 1.259 1.316 1.365 1.414 1.464 1.530 1.610 1.700 1.706 1.725 1.693 1.664 1.560 1.346 1.270 0.069
6.75 158.49 -0.323 0.134 0.354 0.593 0.760 0.956 1.041 1.085 1.137 1.183 1.228 1.273 1.336 1.411 1.495 1.493 1.512 1.470 1.427 1.315 1.102 1.042 -0.191
6.75 199.53 -0.461 -0.017 0.205 0.442 0.607 0.797 0.865 0.902 0.949 0.991 1.032 1.072 1.131 1.198 1.272 1.260 1.276 1.221 1.161 1.040 0.833 0.793 -0.480
6.75 251.19 -0.610 -0.179 0.046 0.284 0.444 0.628 0.678 0.710 0.750 0.788 0.826 0.859 0.912 0.969 1.030 1.002 1.012 0.941 0.861 0.727 0.531 0.517 -0.803
6.75 316.23 -0.773 -0.356 -0.124 0.117 0.270 0.448 0.478 0.506 0.539 0.572 0.605 0.630 0.677 0.720 0.762 0.713 0.712 0.621 0.519 0.367 0.190 0.208 -1.168
6.75 398.11 -0.954 -0.550 -0.309 -0.060 0.083 0.253 0.262 0.286 0.310 0.338 0.365 0.382 0.420 0.446 0.463 0.385 0.369 0.253 0.122 -0.051 -0.201 -0.143 -1.586
6.75 501.19 -1.157 -0.767 -0.513 -0.252 -0.122 0.038 0.024 0.048 0.062 0.083 0.104 0.110 0.137 0.140 0.125 0.009 -0.029 -0.177 -0.342 -0.542 -0.655 -0.547 -2.071
6.75 630.96 -1.388 -1.011 -0.739 -0.460 -0.349 -0.199 -0.239 -0.215 -0.212 -0.199 -0.186 -0.192 -0.178 -0.205 -0.262 -0.428 -0.496 -0.684 -0.890 -1.125 -1.186 -1.016 -2.640
6.75 794.33 -1.653 -1.291 -0.993 -0.690 -0.604 -0.466 -0.536 -0.509 -0.519 -0.516 -0.511 -0.532 -0.535 -0.599 -0.711 -0.941 -1.049 -1.287 -1.543 -1.824 -1.816 -1.568 -3.314
6.75 1000.00 -1.962 -1.614 -1.284 -0.948 -0.892 -0.770 -0.873 -0.840 -0.866 -0.875 -0.881 -0.919 -0.944 -1.056 -1.238 -1.549 -1.711 -2.011 -2.330 -2.667 -2.569 -2.223 -4.120
7.00 1.00 1.391 1.992 2.427 2.959 3.042 3.335 3.710 3.953 4.021 4.114 4.221 4.309 4.318 4.334 4.305 4.161 3.972 3.935 4.031 3.899 4.018 3.896 2.929
7.00 1.26 1.368 1.969 2.394 2.911 2.999 3.288 3.650 3.884 3.951 4.043 4.146 4.233 4.244 4.264 4.242 4.106 3.927 3.890 3.980 3.850 3.954 3.833 2.860
7.00 1.58 1.343 1.942 2.357 2.859 2.953 3.237 3.587 3.810 3.877 3.967 4.068 4.153 4.167 4.191 4.176 4.048 3.879 3.843 3.928 3.799 3.888 3.767 2.789
7.00 2.00 1.315 1.913 2.317 2.803 2.902 3.181 3.518 3.732 3.799 3.887 3.985 4.069 4.087 4.115 4.107 3.987 3.829 3.794 3.873 3.747 3.819 3.699 2.716
7.00 2.51 1.284 1.879 2.273 2.741 2.845 3.120 3.445 3.648 3.717 3.802 3.897 3.980 4.002 4.034 4.034 3.923 3.776 3.742 3.816 3.692 3.748 3.628 2.639
7.00 3.16 1.249 1.842 2.223 2.674 2.784 3.053 3.366 3.559 3.629 3.712 3.804 3.886 3.912 3.949 3.957 3.855 3.720 3.686 3.756 3.634 3.672 3.552 2.558
7.00 3.98 1.209 1.800 2.168 2.601 2.717 2.981 3.281 3.464 3.535 3.616 3.704 3.786 3.817 3.859 3.875 3.783 3.659 3.627 3.692 3.572 3.593 3.472 2.473
7.00 5.01 1.165 1.753 2.108 2.523 2.643 2.903 3.190 3.362 3.435 3.514 3.599 3.680 3.715 3.763 3.787 3.706 3.593 3.563 3.624 3.506 3.508 3.387 2.383
7.00 6.31 1.116 1.700 2.041 2.438 2.564 2.819 3.093 3.256 3.330 3.406 3.488 3.568 3.608 3.661 3.693 3.622 3.522 3.495 3.550 3.436 3.418 3.296 2.287
7.00 7.94 1.062 1.642 1.969 2.348 2.479 2.729 2.991 3.143 3.218 3.292 3.371 3.450 3.495 3.553 3.594 3.533 3.445 3.420 3.471 3.360 3.322 3.199 2.184
7.00 10.00 1.003 1.577 1.890 2.252 2.389 2.633 2.883 3.025 3.101 3.172 3.248 3.326 3.376 3.438 3.487 3.437 3.362 3.339 3.386 3.277 3.220 3.096 2.074
7.00 12.59 0.937 1.506 1.806 2.152 2.293 2.533 2.769 2.901 2.978 3.047 3.120 3.197 3.250 3.317 3.374 3.334 3.271 3.251 3.293 3.187 3.110 2.985 1.956
7.00 15.85 0.867 1.428 1.716 2.046 2.192 2.427 2.651 2.773 2.850 2.916 2.987 3.062 3.119 3.190 3.254 3.224 3.173 3.155 3.193 3.090 2.992 2.867 1.831
7.00 19.95 0.791 1.345 1.621 1.936 2.086 2.317 2.528 2.641 2.717 2.781 2.849 2.922 2.982 3.057 3.128 3.107 3.067 3.051 3.084 2.983 2.866 2.741 1.696
7.00 25.12 0.710 1.255 1.520 1.822 1.977 2.203 2.401 2.504 2.579 2.641 2.706 2.777 2.839 2.917 2.995 2.982 2.952 2.938 2.966 2.868 2.732 2.608 1.552
7.00 31.62 0.624 1.160 1.415 1.705 1.863 2.085 2.269 2.364 2.437 2.497 2.559 2.627 2.692 2.772 2.855 2.849 2.830 2.816 2.839 2.742 2.589 2.467 1.399
7.00 39.81 0.533 1.059 1.306 1.584 1.745 1.964 2.134 2.219 2.290 2.348 2.407 2.473 2.539 2.621 2.708 2.708 2.698 2.685 2.701 2.605 2.436 2.317 1.235
7.00 50.12 0.437 0.953 1.192 1.460 1.624 1.838 1.995 2.071 2.139 2.195 2.252 2.314 2.381 2.464 2.554 2.559 2.557 2.543 2.552 2.456 2.273 2.158 1.061
7.00 63.10 0.336 0.841 1.074 1.332 1.498 1.709 1.851 1.919 1.984 2.037 2.091 2.151 2.217 2.301 2.393 2.400 2.406 2.389 2.390 2.294 2.098 1.989 0.874
7.00 79.43 0.230 0.723 0.951 1.201 1.369 1.575 1.703 1.763 1.824 1.875 1.926 1.982 2.048 2.130 2.223 2.231 2.242 2.222 2.214 2.116 1.910 1.809 0.673
7.00 100.00 0.117 0.599 0.823 1.066 1.235 1.437 1.549 1.602 1.659 1.707 1.755 1.807 1.871 1.952 2.043 2.050 2.066 2.040 2.022 1.920 1.708 1.617 0.456
7.00 125.89 -0.002 0.467 0.689 0.927 1.095 1.293 1.390 1.435 1.487 1.533 1.578 1.625 1.687 1.764 1.852 1.855 1.873 1.840 1.810 1.703 1.487 1.409 0.220
7.00 158.49 -0.129 0.327 0.549 0.782 0.950 1.142 1.223 1.261 1.308 1.351 1.393 1.434 1.494 1.566 1.647 1.643 1.662 1.619 1.575 1.461 1.245 1.183 -0.039
7.00 199.53 -0.266 0.178 0.400 0.632 0.797 0.984 1.047 1.080 1.121 1.160 1.198 1.234 1.290 1.354 1.425 1.411 1.427 1.372 1.311 1.188 0.977 0.936 -0.326
7.00 251.19 -0.414 0.016 0.242 0.475 0.635 0.816 0.861 0.888 0.923 0.958 0.992 1.021 1.071 1.126 1.184 1.154 1.164 1.093 1.013 0.877 0.677 0.661 -0.647
7.00 316.23 -0.577 -0.160 0.072 0.308 0.461 0.636 0.661 0.684 0.712 0.742 0.771 0.793 0.836 0.877 0.917 0.866 0.865 0.774 0.671 0.518 0.336 0.352 -1.011
7.00 398.11 -0.757 -0.354 -0.112 0.131 0.274 0.440 0.445 0.465 0.484 0.508 0.532 0.545 0.580 0.604 0.618 0.538 0.522 0.407 0.276 0.101 -0.054 0.002 -1.429
7.00 501.19 -0.960 -0.570 -0.315 -0.060 0.069 0.226 0.208 0.226 0.236 0.253 0.271 0.273 0.298 0.299 0.281 0.163 0.125 -0.022 -0.187 -0.389 -0.507 -0.401 -1.913
7.00 630.96 -1.190 -0.814 -0.541 -0.269 -0.158 -0.011 -0.056 -0.037 -0.038 -0.029 -0.019 -0.028 -0.017 -0.046 -0.106 -0.273 -0.341 -0.528 -0.735 -0.972 -1.038 -0.870 -2.481
7.00 794.33 -1.455 -1.093 -0.795 -0.499 -0.412 -0.278 -0.352 -0.330 -0.345 -0.345 -0.344 -0.368 -0.374 -0.440 -0.555 -0.786 -0.894 -1.131 -1.388 -1.670 -1.667 -1.421 -3.155
7.00 1000.00 -1.764 -1.415 -1.086 -0.756 -0.700 -0.582 -0.689 -0.661 -0.692 -0.704 -0.714 -0.755 -0.783 -0.897 -1.082 -1.394 -1.556 -1.855 -2.174 -2.513 -2.420 -2.077 -3.961
7.25 1.00 1.492 2.088 2.526 3.058 3.138 3.428 3.796 4.037 4.094 4.186 4.293 4.377 4.381 4.402 4.375 4.232 4.039 3.999 4.090 3.954 4.072 3.944 2.986
7.25 1.26 1.471 2.066 2.496 3.014 3.099 3.386 3.741 3.972 4.028 4.119 4.222 4.305 4.311 4.335 4.314 4.178 3.996 3.955 4.041 3.907 4.009 3.883 2.919
7.25 1.58 1.449 2.043 2.464 2.967 3.057 3.339 3.682 3.903 3.959 4.047 4.148 4.229 4.238 4.266 4.251 4.123 3.951 3.910 3.991 3.858 3.945 3.820 2.851
7.25 2.00 1.424 2.017 2.428 2.915 3.011 3.289 3.619 3.830 3.886 3.973 4.071 4.150 4.161 4.193 4.185 4.065 3.903 3.863 3.939 3.807 3.879 3.755 2.780
7.25 2.51 1.397 1.988 2.388 2.859 2.960 3.234 3.551 3.752 3.809 3.893 3.988 4.067 4.081 4.117 4.116 4.004 3.853 3.814 3.884 3.755 3.810 3.687 2.706
7.25 3.16 1.366 1.955 2.344 2.798 2.905 3.173 3.479 3.670 3.727 3.809 3.901 3.978 3.997 4.036 4.043 3.940 3.800 3.761 3.827 3.700 3.739 3.615 2.630
7.25 3.98 1.332 1.918 2.295 2.732 2.844 3.107 3.401 3.581 3.640 3.720 3.809 3.885 3.908 3.951 3.966 3.872 3.743 3.706 3.767 3.642 3.663 3.540 2.549
7.25 5.01 1.293 1.877 2.241 2.660 2.777 3.036 3.317 3.487 3.548 3.625 3.710 3.786 3.813 3.861 3.883 3.799 3.682 3.647 3.702 3.580 3.584 3.460 2.464
7.25 6.31 1.250 1.830 2.181 2.581 2.704 2.958 3.227 3.386 3.449 3.524 3.606 3.680 3.713 3.765 3.795 3.721 3.616 3.582 3.634 3.514 3.499 3.375 2.373
7.25 7.94 1.202 1.778 2.115 2.497 2.626 2.874 3.131 3.280 3.344 3.417 3.496 3.569 3.606 3.663 3.701 3.637 3.544 3.513 3.560 3.443 3.409 3.285 2.277
7.25 10.00 1.149 1.719 2.042 2.408 2.541 2.785 3.029 3.168 3.234 3.303 3.379 3.452 3.494 3.555 3.601 3.547 3.466 3.438 3.480 3.366 3.313 3.188 2.174
7.25 12.59 1.090 1.655 1.964 2.312 2.451 2.690 2.921 3.050 3.117 3.184 3.257 3.328 3.375 3.440 3.494 3.450 3.381 3.356 3.394 3.282 3.209 3.084 2.063
7.25 15.85 1.026 1.584 1.880 2.211 2.355 2.589 2.808 2.927 2.994 3.059 3.129 3.199 3.249 3.319 3.380 3.346 3.289 3.266 3.300 3.191 3.098 2.972 1.944
7.25 19.95 0.956 1.507 1.790 2.106 2.254 2.483 2.689 2.799 2.866 2.929 2.995 3.064 3.118 3.191 3.259 3.234 3.189 3.168 3.198 3.092 2.979 2.853 1.817
7.25 25.12 0.880 1.423 1.694 1.996 2.148 2.373 2.566 2.666 2.733 2.793 2.857 2.923 2.980 3.057 3.131 3.114 3.081 3.062 3.087 2.983 2.851 2.726 1.680
7.25 31.62 0.799 1.333 1.594 1.881 2.038 2.258 2.438 2.529 2.595 2.652 2.713 2.777 2.837 2.916 2.995 2.986 2.963 2.946 2.965 2.864 2.714 2.590 1.533
7.25 39.81 0.712 1.236 1.488 1.763 1.923 2.139 2.305 2.387 2.451 2.507 2.565 2.626 2.688 2.768 2.852 2.850 2.837 2.820 2.834 2.733 2.566 2.446 1.375
7.25 50.12 0.620 1.134 1.377 1.641 1.804 2.016 2.168 2.241 2.303 2.356 2.411 2.470 2.533 2.615 2.702 2.704 2.700 2.683 2.690 2.590 2.408 2.291 1.205
7.25 63.10 0.522 1.025 1.261 1.515 1.681 1.888 2.027 2.091 2.150 2.201 2.253 2.309 2.372 2.454 2.543 2.549 2.552 2.533 2.533 2.433 2.237 2.126 1.023
7.25 79.43 0.418 0.910 1.140 1.385 1.553 1.756 1.880 1.936 1.992 2.041 2.090 2.142 2.205 2.286 2.376 2.382 2.392 2.370 2.361 2.260 2.053 1.950 0.826
7.25 100.00 0.308 0.788 1.014 1.252 1.420 1.619 1.728 1.776 1.828 1.874 1.920 1.968 2.030 2.109 2.198 2.204 2.218 2.192 2.172 2.068 1.854 1.760 0.613
7.25 125.89 0.191 0.659 0.882 1.114 1.282 1.476 1.570 1.611 1.658 1.701 1.744 1.788 1.848 1.923 2.008 2.011 2.028 1.995 1.964 1.855 1.636 1.555 0.380
7.25 158.49 0.065 0.521 0.742 0.970 1.137 1.327 1.404 1.438 1.481 1.520 1.560 1.598 1.656 1.726 1.805 1.801 1.818 1.776 1.731 1.615 1.396 1.331 0.123
7.25 199.53 -0.070 0.372 0.595 0.821 0.985 1.169 1.229 1.257 1.294 1.330 1.366 1.399 1.452 1.515 1.585 1.570 1.585 1.531 1.470 1.345 1.130 1.085 -0.162
7.25 251.19 -0.218 0.212 0.438 0.664 0.823 1.001 1.043 1.066 1.097 1.129 1.160 1.186 1.235 1.288 1.344 1.314 1.323 1.253 1.173 1.036 0.831 0.812 -0.481
7.25 316.23 -0.380 0.037 0.268 0.498 0.650 0.821 0.844 0.862 0.886 0.913 0.940 0.959 1.000 1.040 1.078 1.026 1.026 0.936 0.833 0.679 0.492 0.504 -0.844
7.25 398.11 -0.559 -0.156 0.084 0.321 0.463 0.627 0.628 0.643 0.658 0.680 0.701 0.711 0.745 0.767 0.780 0.700 0.684 0.570 0.439 0.263 0.103 0.155 -1.261
7.25 501.19 -0.761 -0.372 -0.118 0.130 0.259 0.413 0.391 0.405 0.411 0.425 0.440 0.440 0.463 0.462 0.443 0.325 0.287 0.142 -0.023 -0.226 -0.349 -0.248 -1.744
7.25 630.96 -0.991 -0.615 -0.344 -0.078 0.032 0.176 0.128 0.142 0.137 0.144 0.151 0.139 0.148 0.118 0.056 -0.111 -0.178 -0.364 -0.570 -0.808 -0.880 -0.716 -2.312
7.25 794.33 -1.256 -0.894 -0.598 -0.308 -0.222 -0.091 -0.169 -0.151 -0.169 -0.172 -0.174 -0.201 -0.209 -0.276 -0.393 -0.623 -0.731 -0.966 -1.222 -1.505 -1.508 -1.267 -2.985
7.25 1000.00 -1.565 -1.216 -0.888 -0.565 -0.510 -0.395 -0.506 -0.482 -0.516 -0.531 -0.543 -0.588 -0.617 -0.732 -0.919 -1.231 -1.392 -1.690 -2.008 -2.347 -2.261 -1.922 -3.790
7.50 1.00 1.592 2.182 2.622 3.151 3.228 3.516 3.878 4.117 4.166 4.257 4.364 4.445 4.446 4.474 4.450 4.310 4.115 4.071 4.160 4.020 4.134 3.998 3.052
7.50 1.26 1.573 2.162 2.595 3.111 3.193 3.477 3.826 4.055 4.103 4.192 4.297 4.376 4.378 4.409 4.391 4.258 4.073 4.029 4.112 3.973 4.073 3.939 2.987
7.50 1.58 1.553 2.141 2.566 3.068 3.154 3.435 3.771 3.991 4.037 4.125 4.227 4.304 4.308 4.342 4.331 4.204 4.029 3.985 4.063 3.926 4.011 3.878 2.920
7.50 2.00 1.531 2.118 2.533 3.021 3.113 3.389 3.713 3.923 3.969 4.054 4.153 4.229 4.236 4.273 4.267 4.149 3.984 3.940 4.012 3.877 3.947 3.815 2.852
7.50 2.51 1.507 2.092 2.498 2.970 3.067 3.339 3.651 3.850 3.897 3.980 4.076 4.151 4.160 4.200 4.201 4.091 3.936 3.893 3.960 3.826 3.880 3.750 2.781
7.50 3.16 1.480 2.064 2.458 2.914 3.017 3.285 3.584 3.773 3.821 3.902 3.995 4.068 4.081 4.124 4.132 4.029 3.886 3.843 3.905 3.773 3.812 3.682 2.708
7.50 3.98 1.450 2.031 2.415 2.854 2.962 3.225 3.512 3.691 3.740 3.818 3.908 3.980 3.997 4.044 4.059 3.965 3.832 3.791 3.848 3.718 3.740 3.611 2.631
7.50 5.01 1.417 1.995 2.366 2.788 2.902 3.160 3.435 3.604 3.653 3.730 3.817 3.887 3.908 3.959 3.981 3.896 3.775 3.735 3.787 3.660 3.664 3.536 2.550
7.50 6.31 1.379 1.954 2.312 2.716 2.836 3.088 3.351 3.510 3.562 3.636 3.719 3.789 3.814 3.869 3.899 3.823 3.714 3.675 3.723 3.598 3.585 3.456 2.465
7.50 7.94 1.337 1.908 2.253 2.638 2.764 3.011 3.262 3.410 3.464 3.535 3.615 3.684 3.714 3.773 3.810 3.744 3.647 3.611 3.654 3.531 3.500 3.371 2.374
7.50 10.00 1.289 1.856 2.187 2.555 2.685 2.928 3.167 3.305 3.360 3.429 3.506 3.573 3.608 3.671 3.716 3.660 3.574 3.540 3.579 3.459 3.409 3.281 2.277
7.50 12.59 1.237 1.798 2.115 2.465 2.601 2.839 3.065 3.193 3.250 3.316 3.390 3.456 3.496 3.563 3.615 3.568 3.495 3.464 3.498 3.382 3.312 3.183 2.173
7.50 15.85 1.179 1.734 2.037 2.370 2.511 2.744 2.958 3.075 3.134 3.198 3.267 3.333 3.377 3.447 3.507 3.470 3.409 3.381 3.411 3.297 3.207 3.079 2.061
7.50 19.95 1.115 1.663 1.953 2.269 2.415 2.643 2.845 2.952 3.011 3.073 3.139 3.204 3.252 3.325 3.391 3.364 3.315 3.289 3.315 3.204 3.095 2.966 1.940
7.50 25.12 1.045 1.585 1.863 2.163 2.314 2.537 2.726 2.824 2.883 2.942 3.005 3.068 3.120 3.196 3.268 3.250 3.212 3.189 3.210 3.101 2.973 2.845 1.811
7.50 31.62 0.969 1.501 1.767 2.053 2.208 2.426 2.602 2.691 2.750 2.806 2.866 2.927 2.982 3.060 3.138 3.127 3.101 3.079 3.096 2.989 2.842 2.716 1.670
7.50 39.81 0.887 1.410 1.665 1.938 2.096 2.311 2.473 2.552 2.610 2.664 2.721 2.780 2.837 2.917 3.000 2.995 2.979 2.959 2.970 2.865 2.701 2.577 1.519
7.50 50.12 0.799 1.312 1.558 1.818 1.980 2.190 2.339 2.409 2.466 2.517 2.571 2.627 2.686 2.767 2.853 2.854 2.848 2.827 2.832 2.728 2.548 2.428 1.355
7.50 63.10 0.705 1.207 1.445 1.695 1.859 2.065 2.200 2.261 2.316 2.365 2.416 2.468 2.528 2.610 2.698 2.702 2.704 2.683 2.681 2.577 2.382 2.268 1.178
7.50 79.43 0.605 1.096 1.327 1.567 1.734 1.935 2.055 2.109 2.160 2.206 2.254 2.304 2.364 2.445 2.533 2.539 2.548 2.525 2.514 2.409 2.203 2.095 0.986
7.50 100.00 0.497 0.977 1.203 1.435 1.602 1.799 1.905 1.950 1.998 2.042 2.087 2.132 2.191 2.270 2.358 2.364 2.377 2.350 2.330 2.222 2.007 1.909 0.777
7.50 125.89 0.382 0.850 1.072 1.298 1.466 1.657 1.748 1.786 1.830 1.870 1.912 1.953 2.011 2.086 2.170 2.173 2.190 2.156 2.125 2.013 1.793 1.707 0.547
7.50 158.49 0.259 0.714 0.934 1.155 1.322 1.509 1.583 1.614 1.653 1.691 1.729 1.765 1.820 1.891 1.969 1.965 1.983 1.940 1.895 1.777 1.556 1.485 0.294
7.50 199.53 0.125 0.567 0.788 1.007 1.171 1.352 1.409 1.434 1.468 1.502 1.536 1.566 1.618 1.681 1.750 1.736 1.751 1.698 1.637 1.510 1.292 1.241 0.011
7.50 251.19 -0.021 0.408 0.632 0.851 1.010 1.185 1.224 1.243 1.271 1.301 1.331 1.355 1.402 1.455 1.510 1.481 1.491 1.422 1.342 1.203 0.995 0.969 -0.307
7.50 316.23 -0.182 0.234 0.463 0.685 0.838 1.006 1.025 1.040 1.061 1.086 1.111 1.128 1.168 1.208 1.245 1.195 1.195 1.107 1.004 0.849 0.657 0.663 -0.668
7.50 398.11 -0.361 0.042 0.280 0.508 0.651 0.811 0.810 0.822 0.834 0.854 0.873 0.881 0.913 0.935 0.948 0.869 0.854 0.742 0.611 0.435 0.269 0.315 -1.083
7.50 501.19 -0.563 -0.173 0.078 0.318 0.447 0.598 0.573 0.584 0.587 0.599 0.613 0.610 0.632 0.631 0.611 0.495 0.459 0.315 0.151 -0.053 -0.182 -0.087 -1.566
7.50 630.96 -0.792 -0.416 -0.147 0.110 0.221 0.361 0.310 0.321 0.313 0.318 0.324 0.309 0.317 0.287 0.225 0.060 -0.007 -0.190 -0.395 -0.634 -0.712 -0.554 -2.132
7.50 794.33 -1.057 -0.694 -0.401 -0.120 -0.033 0.095 0.014 0.029 0.008 0.002 -0.001 -0.030 -0.039 -0.106 -0.223 -0.452 -0.559 -0.791 -1.047 -1.330 -1.340 -1.105 -2.805
7.50 1000.00 -1.365 -1.016 -0.691 -0.376 -0.321 -0.209 -0.323 -0.303 -0.339 -0.356 -0.370 -0.417 -0.447 -0.562 -0.749 -1.059 -1.219 -1.515 -1.832 -2.172 -2.092 -1.759 -3.609
7.75 1.00 1.691 2.276 2.716 3.241 3.314 3.600 3.955 4.194 4.235 4.326 4.434 4.514 4.513 4.549 4.531 4.395 4.198 4.153 4.239 4.096 4.205 4.060 3.128
7.75 1.26 1.674 2.258 2.691 3.203 3.281 3.564 3.907 4.135 4.175 4.264 4.370 4.448 4.447 4.486 4.473 4.344 4.157 4.111 4.192 4.050 4.145 4.002 3.064
7.75 1.58 1.656 2.239 2.664 3.163 3.246 3.525 3.855 4.074 4.113 4.200 4.303 4.379 4.380 4.422 4.415 4.292 4.115 4.069 4.144 4.003 4.084 3.942 2.999
7.75 2.00 1.636 2.218 2.634 3.120 3.208 3.483 3.801 4.010 4.048 4.133 4.234 4.307 4.311 4.355 4.354 4.239 4.071 4.025 4.094 3.956 4.022 3.882 2.933
7.75 2.51 1.615 2.195 2.602 3.073 3.167 3.438 3.743 3.942 3.980 4.063 4.161 4.233 4.238 4.285 4.290 4.183 4.026 3.980 4.044 3.907 3.958 3.819 2.864
7.75 3.16 1.591 2.169 2.567 3.023 3.122 3.388 3.682 3.871 3.909 3.990 4.085 4.155 4.163 4.213 4.224 4.124 3.978 3.932 3.991 3.856 3.892 3.754 2.793
7.75 3.98 1.565 2.141 2.528 2.968 3.072 3.334 3.616 3.794 3.833 3.912 4.004 4.072 4.084 4.137 4.155 4.063 3.927 3.882 3.936 3.803 3.823 3.686 2.719
7.75 5.01 1.535 2.109 2.485 2.908 3.018 3.275 3.545 3.713 3.753 3.829 3.918 3.985 4.001 4.057 4.081 3.998 3.874 3.830 3.879 3.747 3.751 3.615 2.642
7.75 6.31 1.502 2.073 2.437 2.842 2.958 3.210 3.468 3.626 3.668 3.742 3.827 3.893 3.913 3.972 4.003 3.929 3.816 3.773 3.818 3.688 3.675 3.540 2.561
7.75 7.94 1.465 2.032 2.383 2.771 2.892 3.140 3.385 3.533 3.577 3.648 3.730 3.795 3.819 3.882 3.920 3.855 3.753 3.713 3.752 3.626 3.595 3.460 2.476
7.75 10.00 1.424 1.986 2.324 2.694 2.821 3.063 3.297 3.434 3.480 3.549 3.627 3.691 3.720 3.786 3.831 3.775 3.686 3.647 3.683 3.558 3.509 3.375 2.384
7.75 12.59 1.377 1.935 2.259 2.610 2.743 2.980 3.202 3.329 3.377 3.443 3.518 3.581 3.614 3.684 3.736 3.689 3.612 3.576 3.607 3.485 3.418 3.284 2.286
7.75 15.85 1.325 1.877 2.187 2.521 2.659 2.891 3.101 3.218 3.267 3.331 3.402 3.464 3.502 3.575 3.634 3.597 3.532 3.498 3.525 3.406 3.320 3.185 2.181
7.75 19.95 1.268 1.813 2.109 2.425 2.569 2.796 2.994 3.100 3.151 3.212 3.280 3.341 3.383 3.459 3.525 3.496 3.444 3.413 3.435 3.319 3.213 3.080 2.067
7.75 25.12 1.204 1.742 2.025 2.325 2.473 2.695 2.880 2.977 3.029 3.087 3.152 3.211 3.258 3.336 3.408 3.388 3.347 3.319 3.337 3.223 3.099 2.966 1.945
7.75 31.62 1.134 1.663 1.934 2.218 2.371 2.589 2.761 2.848 2.900 2.956 3.017 3.075 3.125 3.205 3.283 3.271 3.241 3.216 3.229 3.118 2.974 2.843 1.811
7.75 39.81 1.057 1.578 1.837 2.107 2.264 2.477 2.636 2.714 2.766 2.819 2.877 2.932 2.985 3.067 3.149 3.144 3.126 3.102 3.110 3.000 2.839 2.710 1.667
7.75 50.12 0.975 1.486 1.734 1.991 2.151 2.360 2.506 2.574 2.625 2.676 2.730 2.784 2.839 2.922 3.007 3.008 2.999 2.976 2.978 2.870 2.692 2.567 1.510
7.75 63.10 0.885 1.386 1.625 1.870 2.034 2.237 2.370 2.429 2.479 2.527 2.578 2.628 2.685 2.768 2.856 2.861 2.861 2.837 2.833 2.725 2.532 2.412 1.339
7.75 79.43 0.788 1.278 1.510 1.745 1.910 2.109 2.227 2.279 2.326 2.372 2.419 2.467 2.524 2.606 2.695 2.702 2.709 2.684 2.672 2.563 2.358 2.244 1.152
7.75 100.00 0.684 1.163 1.389 1.615 1.781 1.976 2.079 2.123 2.167 2.210 2.254 2.297 2.355 2.435 2.522 2.529 2.542 2.514 2.492 2.382 2.166 2.062 0.947
7.75 125.89 0.572 1.039 1.260 1.479 1.646 1.836 1.924 1.960 2.001 2.040 2.081 2.120 2.177 2.253 2.337 2.341 2.358 2.324 2.292 2.178 1.956 1.863 0.722
7.75 158.49 0.451 0.905 1.124 1.338 1.504 1.688 1.760 1.789 1.826 1.862 1.899 1.934 1.988 2.059 2.138 2.136 2.154 2.112 2.066 1.946 1.722 1.645 0.472
7.75 199.53 0.319 0.761 0.979 1.191 1.354 1.532 1.588 1.610 1.642 1.674 1.708 1.737 1.787 1.851 1.921 1.909 1.925 1.872 1.811 1.682 1.461 1.403 0.192
7.75 251.19 0.175 0.604 0.824 1.035 1.194 1.366 1.404 1.421 1.446 1.475 1.504 1.526 1.572 1.626 1.682 1.655 1.666 1.599 1.520 1.379 1.166 1.134 -0.123
7.75 316.23 0.015 0.431 0.657 0.870 1.022 1.188 1.206 1.218 1.237 1.261 1.285 1.300 1.340 1.381 1.418 1.371 1.372 1.286 1.184 1.027 0.831 0.829 -0.482
7.75 398.11 -0.163 0.240 0.474 0.694 0.836 0.994 0.991 1.000 1.011 1.029 1.047 1.054 1.086 1.109 1.122 1.046 1.033 0.922 0.793 0.615 0.444 0.482 -0.896
7.75 501.19 -0.363 0.026 0.273 0.504 0.633 0.781 0.754 0.763 0.764 0.775 0.787 0.784 0.805 0.805 0.786 0.673 0.638 0.496 0.334 0.129 -0.006 0.082 -1.377
7.75 630.96 -0.592 -0.216 0.048 0.297 0.407 0.545 0.492 0.501 0.491 0.494 0.499 0.483 0.491 0.462 0.401 0.238 0.174 -0.007 -0.210 -0.450 -0.534 -0.384 -1.942
7.75 794.33 -0.856 -0.494 -0.205 0.067 0.154 0.278 0.196 0.208 0.186 0.179 0.174 0.144 0.136 0.069 -0.047 -0.273 -0.378 -0.607 -0.861 -1.145 -1.161 -0.934 -2.614
7.75 1000.00 -1.164 -0.815 -0.495 -0.189 -0.135 -0.025 -0.140 -0.123 -0.160 -0.179 -0.195 -0.242 -0.272 -0.387 -0.573 -0.880 -1.038 -1.330 -1.645 -1.986 -1.913 -1.588 -3.418
8.00 1.00 1.791 2.369 2.807 3.326 3.395 3.679 4.030 4.268 4.305 4.395 4.505 4.585 4.582 4.629 4.617 4.488 4.290 4.243 4.328 4.182 4.286 4.129 3.215
8.00 1.26 1.775 2.353 2.783 3.291 3.365 3.645 3.984 4.212 4.246 4.335 4.443 4.520 4.519 4.567 4.561 4.438 4.250 4.203 4.281 4.137 4.227 4.072 3.152
8.00 1.58 1.758 2.335 2.759 3.253 3.332 3.610 3.935 4.154 4.187 4.274 4.379 4.454 4.453 4.504 4.504 4.387 4.209 4.161 4.234 4.091 4.167 4.014 3.088
8.00 2.00 1.740 2.316 2.732 3.214 3.297 3.571 3.884 4.093 4.125 4.210 4.313 4.385 4.386 4.440 4.445 4.335 4.167 4.118 4.186 4.044 4.106 3.954 3.023
8.00 2.51 1.721 2.295 2.703 3.171 3.260 3.530 3.830 4.030 4.060 4.144 4.244 4.314 4.317 4.373 4.384 4.281 4.123 4.074 4.137 3.996 4.044 3.894 2.956
8.00 3.16 1.699 2.272 2.671 3.125 3.219 3.485 3.773 3.963 3.993 4.074 4.172 4.240 4.245 4.304 4.320 4.225 4.077 4.029 4.086 3.947 3.979 3.831 2.887
8.00 3.98 1.676 2.247 2.636 3.074 3.174 3.436 3.712 3.891 3.922 4.001 4.096 4.162 4.171 4.232 4.254 4.166 4.029 3.981 4.033 3.896 3.913 3.766 2.816
8.00 5.01 1.650 2.219 2.597 3.020 3.125 3.382 3.647 3.816 3.847 3.924 4.016 4.080 4.092 4.156 4.184 4.104 3.978 3.931 3.977 3.842 3.844 3.698 2.742
8.00 6.31 1.621 2.187 2.555 2.960 3.071 3.323 3.576 3.735 3.768 3.842 3.930 3.994 4.009 4.076 4.110 4.039 3.923 3.878 3.919 3.786 3.771 3.627 2.664
8.00 7.94 1.589 2.152 2.507 2.895 3.012 3.259 3.500 3.649 3.683 3.755 3.840 3.902 3.921 3.991 4.032 3.969 3.865 3.821 3.858 3.727 3.695 3.551 2.583
8.00 10.00 1.553 2.111 2.454 2.824 2.947 3.189 3.419 3.556 3.593 3.662 3.744 3.805 3.828 3.900 3.948 3.894 3.802 3.759 3.792 3.663 3.614 3.471 2.496
8.00 12.59 1.512 2.066 2.395 2.747 2.876 3.113 3.331 3.458 3.497 3.564 3.641 3.701 3.729 3.804 3.859 3.813 3.733 3.693 3.721 3.594 3.528 3.385 2.404
8.00 15.85 1.466 2.014 2.330 2.664 2.798 3.030 3.236 3.353 3.394 3.458 3.532 3.591 3.624 3.701 3.762 3.726 3.658 3.620 3.644 3.520 3.435 3.293 2.305
8.00 19.95 1.414 1.956 2.258 2.574 2.714 2.941 3.135 3.242 3.285 3.347 3.416 3.474 3.512 3.592 3.659 3.632 3.575 3.540 3.560 3.438 3.335 3.194 2.198
8.00 25.12 1.357 1.892 2.180 2.479 2.624 2.846 3.028 3.125 3.169 3.228 3.294 3.351 3.393 3.475 3.548 3.529 3.485 3.453 3.467 3.349 3.227 3.087 2.082
8.00 31.62 1.293 1.820 2.095 2.378 2.528 2.745 2.914 3.001 3.047 3.103 3.165 3.221 3.266 3.350 3.429 3.418 3.385 3.355 3.366 3.249 3.109 2.971 1.955
8.00 39.81 1.223 1.741 2.004 2.271 2.425 2.637 2.794 2.871 2.918 2.971 3.030 3.083 3.133 3.218 3.301 3.297 3.275 3.248 3.253 3.139 2.980 2.844 1.818
8.00 50.12 1.145 1.655 1.905 2.159 2.317 2.524 2.668 2.736 2.782 2.833 2.888 2.939 2.991 3.077 3.164 3.166 3.155 3.128 3.128 3.015 2.840 2.707 1.668
8.00 63.10 1.061 1.560 1.801 2.041 2.203 2.405 2.535 2.594 2.640 2.688 2.739 2.788 2.842 2.928 3.017 3.023 3.022 2.996 2.989 2.877 2.686 2.558 1.503
8.00 79.43 0.969 1.458 1.689 1.919 2.082 2.280 2.396 2.447 2.491 2.536 2.584 2.630 2.685 2.770 2.860 2.869 2.875 2.848 2.834 2.722 2.517 2.396 1.322
8.00 100.00 0.869 1.346 1.571 1.791 1.956 2.149 2.251 2.293 2.334 2.377 2.421 2.464 2.519 2.602 2.691 2.700 2.712 2.683 2.660 2.546 2.331 2.219 1.123
8.00 125.89 0.760 1.226 1.445 1.658 1.823 2.011 2.097 2.132 2.171 2.210 2.251 2.289 2.344 2.423 2.509 2.516 2.532 2.498 2.465 2.348 2.125 2.024 0.903
8.00 158.49 0.642 1.095 1.312 1.518 1.683 1.865 1.936 1.964 1.998 2.034 2.071 2.105 2.158 2.232 2.312 2.313 2.331 2.289 2.244 2.121 1.895 1.810 0.657
8.00 199.53 0.512 0.954 1.169 1.372 1.534 1.711 1.765 1.786 1.816 1.848 1.881 1.909 1.960 2.026 2.097 2.088 2.105 2.053 1.993 1.862 1.637 1.571 0.381
8.00 251.19 0.370 0.799 1.015 1.218 1.375 1.546 1.582 1.597 1.622 1.650 1.678 1.700 1.746 1.802 1.860 1.837 1.849 1.783 1.704 1.562 1.346 1.304 0.069
8.00 316.23 0.212 0.628 0.849 1.054 1.205 1.368 1.385 1.396 1.414 1.437 1.460 1.475 1.515 1.558 1.598 1.553 1.557 1.472 1.371 1.213 1.012 1.002 -0.288
8.00 398.11 0.036 0.438 0.667 0.878 1.020 1.175 1.171 1.179 1.189 1.206 1.224 1.230 1.262 1.287 1.303 1.231 1.219 1.111 0.983 0.804 0.628 0.657 -0.699
8.00 501.19 -0.164 0.225 0.467 0.689 0.817 0.963 0.935 0.942 0.943 0.953 0.965 0.960 0.982 0.985 0.968 0.858 0.826 0.687 0.526 0.320 0.180 0.258 -1.178
8.00 630.96 -0.392 -0.016 0.243 0.482 0.591 0.727 0.673 0.680 0.670 0.672 0.676 0.660 0.669 0.642 0.583 0.425 0.362 0.185 -0.017 -0.257 -0.347 -0.207 -1.743
8.00 794.33 -0.655 -0.293 -0.010 0.253 0.338 0.461 0.378 0.388 0.365 0.358 0.353 0.322 0.314 0.250 0.136 -0.086 -0.188 -0.414 -0.666 -0.950 -0.974 -0.756 -2.413
8.00 1000.00 -0.962 -0.614 -0.299 -0.004 0.051 0.158 0.041 0.057 0.020 -0.000 -0.016 -0.064 -0.093 -0.206 -0.389 -0.692 -0.848 -1.136 -1.449 -1.790 -1.724 -1.409 -3.216
