ZhaoEtAl2006SInterCascadia as implemented in OpenQuake, distance is rrup. Log10 hazard values in cgs units
          10 31 22 : nmag, ndist, nperiod
          10.000 5.000 4.000 3.000 2.500 2.000 1.500 1.250 1.000 0.900 0.800 0.700 0.600 0.500 0.400 0.300 0.250 0.200 0.150 0.100 0.050 PGA PGV
          0.698 0.698 0.716 0.748 0.760 0.760 0.752 0.742 0.734 0.729 0.726 0.723 0.717 0.709 0.713 0.726 0.741 0.766 0.792 0.803 0.726 0.678 0.760
7.00 1.00 0.759 1.361 1.663 1.987 2.143 2.348 2.438 2.499 2.488 2.561 2.629 2.647 2.655 2.727 2.797 2.762 2.752 2.707 2.694 2.583 2.420 2.357 1.523
7.00 1.26 0.749 1.349 1.647 1.966 2.122 2.326 2.416 2.476 2.469 2.542 2.609 2.628 2.639 2.713 2.784 2.751 2.743 2.699 2.686 2.576 2.411 2.346 1.503
7.00 1.58 0.735 1.335 1.628 1.940 2.098 2.300 2.390 2.449 2.447 2.518 2.584 2.606 2.620 2.695 2.769 2.739 2.732 2.690 2.677 2.567 2.400 2.334 1.480
7.00 2.00 0.719 1.317 1.605 1.910 2.069 2.269 2.360 2.418 2.420 2.490 2.555 2.579 2.597 2.674 2.750 2.723 2.718 2.677 2.666 2.557 2.386 2.318 1.452
7.00 2.51 0.700 1.296 1.577 1.875 2.034 2.233 2.324 2.381 2.388 2.458 2.521 2.547 2.569 2.649 2.728 2.704 2.701 2.663 2.652 2.543 2.369 2.299 1.420
7.00 3.16 0.677 1.271 1.544 1.834 1.995 2.191 2.283 2.339 2.351 2.419 2.482 2.510 2.537 2.619 2.701 2.681 2.680 2.644 2.634 2.527 2.349 2.277 1.382
7.00 3.98 0.650 1.241 1.506 1.788 1.950 2.144 2.236 2.290 2.308 2.376 2.437 2.467 2.499 2.584 2.670 2.654 2.655 2.622 2.614 2.508 2.324 2.250 1.340
7.00 5.01 0.618 1.206 1.463 1.735 1.899 2.090 2.183 2.236 2.259 2.326 2.386 2.418 2.455 2.544 2.633 2.621 2.626 2.596 2.588 2.484 2.295 2.217 1.292
7.00 6.31 0.581 1.165 1.413 1.677 1.842 2.031 2.125 2.176 2.205 2.270 2.329 2.364 2.406 2.497 2.590 2.583 2.591 2.564 2.558 2.456 2.260 2.179 1.238
7.00 7.94 0.539 1.118 1.357 1.613 1.779 1.966 2.060 2.110 2.144 2.208 2.266 2.303 2.350 2.444 2.540 2.539 2.550 2.527 2.522 2.421 2.219 2.135 1.180
7.00 10.00 0.491 1.065 1.296 1.544 1.710 1.895 1.990 2.039 2.077 2.141 2.197 2.236 2.288 2.385 2.485 2.488 2.502 2.483 2.480 2.381 2.172 2.084 1.116
7.00 12.59 0.438 1.006 1.228 1.469 1.636 1.819 1.914 1.963 2.005 2.068 2.123 2.164 2.220 2.320 2.422 2.430 2.447 2.432 2.430 2.333 2.117 2.027 1.048
7.00 15.85 0.379 0.941 1.155 1.390 1.558 1.739 1.834 1.881 1.928 1.990 2.043 2.086 2.146 2.248 2.353 2.365 2.385 2.373 2.373 2.277 2.054 1.961 0.976
7.00 19.95 0.315 0.869 1.077 1.307 1.474 1.654 1.749 1.796 1.846 1.906 1.959 2.003 2.067 2.170 2.277 2.293 2.315 2.306 2.307 2.213 1.984 1.889 0.900
7.00 25.12 0.246 0.792 0.994 1.219 1.387 1.564 1.659 1.706 1.759 1.819 1.870 1.916 1.982 2.086 2.195 2.213 2.237 2.231 2.233 2.140 1.905 1.808 0.820
7.00 31.62 0.172 0.709 0.906 1.128 1.295 1.471 1.566 1.613 1.668 1.726 1.777 1.823 1.892 1.996 2.105 2.125 2.150 2.146 2.148 2.056 1.816 1.719 0.736
7.00 39.81 0.093 0.620 0.813 1.033 1.199 1.374 1.468 1.515 1.572 1.630 1.680 1.726 1.796 1.901 2.009 2.029 2.055 2.052 2.054 1.961 1.719 1.622 0.649
7.00 50.12 0.009 0.525 0.716 0.935 1.100 1.273 1.367 1.414 1.472 1.529 1.578 1.625 1.696 1.799 1.906 1.925 1.950 1.947 1.948 1.854 1.611 1.516 0.559
7.00 63.10 -0.079 0.425 0.615 0.834 0.997 1.169 1.261 1.309 1.368 1.424 1.472 1.518 1.590 1.691 1.795 1.811 1.834 1.830 1.829 1.734 1.491 1.400 0.465
7.00 79.43 -0.174 0.319 0.509 0.729 0.889 1.060 1.151 1.199 1.258 1.313 1.360 1.407 1.478 1.576 1.675 1.687 1.707 1.701 1.696 1.598 1.358 1.273 0.367
7.00 100.00 -0.274 0.207 0.398 0.620 0.777 0.946 1.035 1.085 1.144 1.198 1.244 1.289 1.359 1.453 1.546 1.551 1.566 1.556 1.547 1.444 1.211 1.133 0.266
7.00 125.89 -0.381 0.088 0.281 0.507 0.660 0.827 0.914 0.965 1.023 1.076 1.120 1.164 1.232 1.321 1.406 1.401 1.409 1.393 1.378 1.269 1.045 0.979 0.159
7.00 158.49 -0.496 -0.040 0.157 0.390 0.537 0.702 0.785 0.839 0.896 0.946 0.989 1.031 1.097 1.178 1.251 1.234 1.234 1.209 1.186 1.069 0.859 0.806 0.046
7.00 199.53 -0.621 -0.178 0.026 0.266 0.406 0.568 0.647 0.704 0.759 0.807 0.848 0.888 0.950 1.021 1.081 1.047 1.035 0.999 0.965 0.838 0.646 0.611 -0.074
7.00 251.19 -0.757 -0.327 -0.116 0.134 0.266 0.425 0.499 0.559 0.612 0.657 0.696 0.732 0.789 0.849 0.889 0.835 0.808 0.758 0.710 0.568 0.400 0.389 -0.202
7.00 316.23 -0.908 -0.491 -0.269 -0.006 0.114 0.269 0.337 0.402 0.452 0.493 0.529 0.561 0.611 0.656 0.673 0.591 0.545 0.476 0.411 0.252 0.115 0.133 -0.342
7.00 398.11 -1.077 -0.673 -0.436 -0.157 -0.051 0.099 0.158 0.230 0.275 0.312 0.344 0.370 0.413 0.437 0.425 0.309 0.239 0.146 0.059 -0.123 -0.220 -0.165 -0.495
7.00 501.19 -1.267 -0.877 -0.622 -0.322 -0.234 -0.090 -0.041 0.038 0.077 0.109 0.137 0.156 0.188 0.188 0.138 -0.021 -0.123 -0.246 -0.361 -0.572 -0.618 -0.515 -0.664
7.00 630.96 -1.486 -1.109 -0.831 -0.504 -0.438 -0.303 -0.267 -0.178 -0.146 -0.121 -0.099 -0.089 -0.070 -0.102 -0.198 -0.412 -0.553 -0.715 -0.865 -1.112 -1.094 -0.931 -0.855
7.00 794.33 -1.739 -1.376 -1.069 -0.707 -0.670 -0.545 -0.525 -0.424 -0.401 -0.384 -0.370 -0.371 -0.369 -0.441 -0.597 -0.880 -1.070 -1.280 -1.475 -1.768 -1.668 -1.429 -1.072
7.00 1000.00 -2.036 -1.687 -1.342 -0.938 -0.937 -0.824 -0.825 -0.709 -0.697 -0.691 -0.685 -0.701 -0.720 -0.842 -1.073 -1.443 -1.696 -1.967 -2.218 -2.569 -2.366 -2.032 -1.322
7.25 1.00 0.830 1.426 1.736 2.062 2.214 2.417 2.496 2.553 2.530 2.600 2.666 2.678 2.680 2.754 2.823 2.787 2.773 2.723 2.706 2.592 2.429 2.368 1.584
7.25 1.26 0.822 1.416 1.723 2.044 2.197 2.399 2.479 2.535 2.514 2.584 2.649 2.663 2.667 2.743 2.813 2.779 2.765 2.717 2.700 2.586 2.422 2.360 1.568
7.25 1.58 0.811 1.405 1.708 2.023 2.177 2.377 2.458 2.513 2.496 2.565 2.630 2.645 2.651 2.728 2.801 2.768 2.756 2.709 2.692 2.579 2.413 2.350 1.549
7.25 2.00 0.798 1.391 1.689 1.998 2.153 2.352 2.433 2.487 2.474 2.542 2.606 2.623 2.633 2.711 2.785 2.755 2.745 2.699 2.683 2.571 2.402 2.337 1.526
7.25 2.51 0.783 1.374 1.666 1.969 2.125 2.321 2.403 2.456 2.448 2.515 2.578 2.597 2.610 2.691 2.767 2.739 2.731 2.687 2.672 2.560 2.388 2.322 1.499
7.25 3.16 0.764 1.353 1.639 1.934 2.091 2.286 2.369 2.420 2.417 2.483 2.545 2.566 2.583 2.666 2.744 2.720 2.714 2.672 2.658 2.547 2.372 2.303 1.467
7.25 3.98 0.742 1.328 1.606 1.894 2.053 2.245 2.328 2.378 2.381 2.446 2.506 2.529 2.552 2.636 2.717 2.697 2.693 2.654 2.641 2.531 2.351 2.281 1.430
7.25 5.01 0.716 1.299 1.569 1.848 2.008 2.198 2.282 2.331 2.339 2.403 2.462 2.487 2.514 2.601 2.686 2.669 2.668 2.631 2.620 2.511 2.327 2.254 1.388
7.25 6.31 0.685 1.264 1.526 1.796 1.958 2.145 2.230 2.278 2.292 2.355 2.411 2.439 2.472 2.561 2.648 2.636 2.637 2.605 2.594 2.487 2.297 2.222 1.341
7.25 7.94 0.649 1.224 1.477 1.738 1.901 2.086 2.172 2.218 2.238 2.300 2.355 2.385 2.423 2.514 2.605 2.597 2.602 2.572 2.563 2.458 2.262 2.184 1.288
7.25 10.00 0.607 1.178 1.421 1.675 1.839 2.021 2.108 2.153 2.178 2.239 2.292 2.325 2.367 2.461 2.555 2.552 2.560 2.534 2.527 2.423 2.221 2.140 1.230
7.25 12.59 0.560 1.125 1.360 1.605 1.770 1.951 2.038 2.082 2.112 2.172 2.224 2.259 2.306 2.402 2.499 2.500 2.511 2.489 2.483 2.382 2.173 2.089 1.167
7.25 15.85 0.508 1.066 1.293 1.531 1.697 1.875 1.963 2.006 2.040 2.099 2.150 2.187 2.238 2.336 2.435 2.441 2.455 2.437 2.433 2.333 2.117 2.030 1.099
7.25 19.95 0.450 1.001 1.220 1.452 1.618 1.794 1.882 1.925 1.963 2.021 2.071 2.109 2.164 2.263 2.365 2.374 2.391 2.376 2.374 2.275 2.053 1.964 1.026
7.25 25.12 0.386 0.929 1.141 1.368 1.534 1.709 1.797 1.839 1.881 1.937 1.986 2.025 2.084 2.184 2.287 2.299 2.318 2.307 2.305 2.209 1.980 1.889 0.950
7.25 31.62 0.317 0.851 1.057 1.280 1.446 1.619 1.707 1.748 1.793 1.849 1.896 1.937 1.998 2.099 2.202 2.216 2.237 2.229 2.227 2.131 1.897 1.806 0.869
7.25 39.81 0.242 0.767 0.968 1.188 1.353 1.525 1.612 1.654 1.701 1.755 1.802 1.843 1.907 2.007 2.110 2.125 2.146 2.140 2.138 2.043 1.805 1.714 0.784
7.25 50.12 0.162 0.676 0.874 1.092 1.256 1.426 1.513 1.555 1.604 1.657 1.703 1.744 1.809 1.909 2.010 2.024 2.046 2.040 2.038 1.942 1.702 1.613 0.696
7.25 63.10 0.076 0.580 0.775 0.993 1.155 1.323 1.409 1.451 1.502 1.554 1.598 1.640 1.706 1.803 1.902 1.914 1.934 1.927 1.924 1.827 1.587 1.501 0.604
7.25 79.43 -0.016 0.476 0.671 0.889 1.049 1.216 1.301 1.343 1.395 1.446 1.489 1.530 1.596 1.691 1.785 1.793 1.810 1.802 1.795 1.695 1.458 1.377 0.507
7.25 100.00 -0.114 0.367 0.562 0.782 0.938 1.104 1.186 1.230 1.282 1.331 1.374 1.414 1.479 1.570 1.658 1.659 1.672 1.660 1.650 1.546 1.313 1.240 0.407
7.25 125.89 -0.219 0.249 0.447 0.670 0.822 0.986 1.066 1.112 1.162 1.211 1.251 1.290 1.354 1.439 1.519 1.511 1.518 1.500 1.484 1.374 1.150 1.088 0.301
7.25 158.49 -0.333 0.123 0.324 0.553 0.700 0.861 0.938 0.986 1.036 1.082 1.121 1.158 1.219 1.297 1.366 1.346 1.344 1.319 1.295 1.177 0.966 0.917 0.189
7.25 199.53 -0.456 -0.013 0.194 0.429 0.570 0.728 0.801 0.852 0.900 0.944 0.981 1.016 1.073 1.142 1.196 1.160 1.147 1.111 1.077 0.948 0.755 0.724 0.069
7.25 251.19 -0.592 -0.162 0.053 0.299 0.430 0.585 0.653 0.707 0.753 0.795 0.829 0.861 0.914 0.970 1.006 0.949 0.921 0.871 0.823 0.681 0.511 0.503 -0.059
7.25 316.23 -0.741 -0.325 -0.099 0.159 0.279 0.430 0.492 0.551 0.594 0.631 0.663 0.690 0.737 0.777 0.791 0.706 0.659 0.591 0.526 0.366 0.227 0.248 -0.198
7.25 398.11 -0.909 -0.506 -0.266 0.008 0.114 0.260 0.313 0.379 0.417 0.451 0.479 0.500 0.539 0.560 0.543 0.425 0.354 0.261 0.175 -0.007 -0.107 -0.049 -0.350
7.25 501.19 -1.099 -0.710 -0.452 -0.156 -0.068 0.071 0.114 0.187 0.220 0.248 0.272 0.286 0.314 0.310 0.257 0.095 -0.007 -0.130 -0.244 -0.455 -0.504 -0.398 -0.520
7.25 630.96 -1.317 -0.941 -0.661 -0.338 -0.272 -0.141 -0.111 -0.029 -0.003 0.018 0.036 0.042 0.057 0.021 -0.079 -0.296 -0.437 -0.598 -0.747 -0.994 -0.980 -0.813 -0.710
7.25 794.33 -1.570 -1.208 -0.898 -0.542 -0.504 -0.383 -0.369 -0.275 -0.258 -0.245 -0.235 -0.241 -0.242 -0.317 -0.477 -0.763 -0.953 -1.163 -1.357 -1.650 -1.553 -1.312 -0.927
7.25 1000.00 -1.867 -1.518 -1.171 -0.772 -0.771 -0.662 -0.669 -0.559 -0.554 -0.552 -0.550 -0.570 -0.593 -0.718 -0.953 -1.326 -1.579 -1.849 -2.100 -2.450 -2.251 -1.914 -1.177
7.50 1.00 0.890 1.480 1.798 2.125 2.274 2.475 2.545 2.597 2.562 2.629 2.694 2.702 2.697 2.776 2.845 2.809 2.790 2.737 2.716 2.600 2.437 2.377 1.636
7.50 1.26 0.883 1.472 1.788 2.111 2.261 2.460 2.531 2.583 2.550 2.617 2.681 2.690 2.687 2.766 2.837 2.802 2.784 2.732 2.711 2.595 2.431 2.371 1.623
7.50 1.58 0.875 1.463 1.775 2.094 2.245 2.443 2.514 2.565 2.536 2.602 2.665 2.675 2.675 2.755 2.827 2.793 2.777 2.725 2.705 2.590 2.424 2.363 1.608
7.50 2.00 0.865 1.452 1.760 2.073 2.225 2.422 2.494 2.544 2.518 2.584 2.646 2.657 2.660 2.741 2.814 2.782 2.767 2.717 2.698 2.583 2.415 2.353 1.589
7.50 2.51 0.853 1.438 1.741 2.049 2.202 2.397 2.470 2.518 2.497 2.562 2.623 2.636 2.641 2.724 2.799 2.769 2.756 2.707 2.688 2.574 2.404 2.340 1.566
7.50 3.16 0.838 1.422 1.719 2.019 2.174 2.367 2.441 2.488 2.471 2.535 2.596 2.610 2.619 2.703 2.780 2.753 2.741 2.695 2.677 2.564 2.390 2.325 1.540
7.50 3.98 0.820 1.401 1.692 1.985 2.141 2.332 2.407 2.453 2.441 2.504 2.563 2.580 2.593 2.678 2.757 2.734 2.724 2.680 2.663 2.550 2.373 2.307 1.508
7.50 5.01 0.798 1.377 1.660 1.945 2.103 2.291 2.367 2.412 2.406 2.468 2.525 2.544 2.562 2.649 2.730 2.710 2.703 2.661 2.645 2.534 2.353 2.284 1.472
7.50 6.31 0.773 1.348 1.623 1.900 2.059 2.245 2.322 2.366 2.365 2.426 2.482 2.503 2.526 2.614 2.698 2.682 2.677 2.638 2.624 2.514 2.328 2.258 1.430
7.50 7.94 0.742 1.314 1.581 1.849 2.009 2.193 2.271 2.313 2.318 2.378 2.432 2.456 2.483 2.574 2.660 2.648 2.646 2.611 2.598 2.489 2.298 2.225 1.383
7.50 10.00 0.707 1.274 1.532 1.791 1.953 2.134 2.213 2.254 2.265 2.324 2.376 2.402 2.435 2.527 2.616 2.608 2.610 2.578 2.566 2.460 2.263 2.187 1.331
7.50 12.59 0.667 1.228 1.477 1.728 1.891 2.070 2.150 2.189 2.206 2.263 2.314 2.342 2.380 2.474 2.566 2.562 2.567 2.539 2.529 2.424 2.221 2.143 1.273
7.50 15.85 0.620 1.176 1.416 1.659 1.823 2.000 2.080 2.119 2.141 2.197 2.246 2.276 2.319 2.414 2.508 2.509 2.517 2.493 2.484 2.381 2.171 2.091 1.210
7.50 19.95 0.568 1.117 1.348 1.585 1.749 1.924 2.005 2.043 2.069 2.124 2.172 2.204 2.251 2.347 2.444 2.447 2.459 2.438 2.432 2.330 2.114 2.031 1.142
7.50 25.12 0.511 1.051 1.275 1.505 1.670 1.843 1.924 1.961 1.992 2.046 2.092 2.126 2.176 2.274 2.371 2.378 2.392 2.375 2.370 2.270 2.048 1.964 1.070
7.50 31.62 0.447 0.979 1.196 1.421 1.586 1.757 1.838 1.875 1.909 1.962 2.007 2.041 2.095 2.193 2.292 2.301 2.316 2.303 2.298 2.199 1.972 1.887 0.992
7.50 39.81 0.377 0.900 1.111 1.332 1.496 1.666 1.747 1.783 1.821 1.872 1.916 1.952 2.008 2.106 2.204 2.214 2.231 2.220 2.216 2.117 1.885 1.801 0.911
7.50 50.12 0.301 0.814 1.021 1.239 1.402 1.570 1.651 1.687 1.727 1.777 1.820 1.856 1.915 2.011 2.108 2.118 2.135 2.125 2.121 2.022 1.787 1.704 0.825
7.50 63.10 0.219 0.721 0.925 1.142 1.304 1.469 1.549 1.586 1.628 1.677 1.718 1.755 1.815 1.909 2.003 2.011 2.028 2.018 2.013 1.913 1.677 1.597 0.735
7.50 79.43 0.130 0.622 0.824 1.040 1.200 1.364 1.443 1.480 1.523 1.571 1.611 1.647 1.707 1.799 1.889 1.893 1.908 1.897 1.889 1.787 1.553 1.477 0.640
7.50 100.00 0.035 0.515 0.716 0.934 1.091 1.253 1.330 1.369 1.412 1.459 1.497 1.533 1.593 1.680 1.765 1.762 1.773 1.759 1.748 1.642 1.412 1.344 0.541
7.50 125.89 -0.068 0.400 0.603 0.824 0.976 1.136 1.211 1.251 1.295 1.339 1.377 1.411 1.470 1.552 1.628 1.617 1.622 1.603 1.586 1.475 1.252 1.194 0.436
7.50 158.49 -0.180 0.275 0.482 0.708 0.855 1.012 1.084 1.126 1.169 1.212 1.247 1.280 1.337 1.411 1.477 1.454 1.450 1.424 1.400 1.282 1.071 1.026 0.325
7.50 199.53 -0.301 0.141 0.352 0.585 0.726 0.880 0.948 0.993 1.035 1.075 1.108 1.138 1.192 1.257 1.308 1.269 1.255 1.219 1.184 1.056 0.862 0.834 0.206
7.50 251.19 -0.436 -0.006 0.213 0.455 0.587 0.738 0.801 0.850 0.889 0.927 0.957 0.984 1.033 1.086 1.119 1.060 1.031 0.981 0.933 0.791 0.620 0.615 0.079
7.50 316.23 -0.584 -0.168 0.061 0.316 0.437 0.584 0.640 0.693 0.730 0.764 0.792 0.814 0.857 0.895 0.905 0.818 0.771 0.702 0.638 0.479 0.337 0.362 -0.060
7.50 398.11 -0.751 -0.348 -0.105 0.166 0.272 0.414 0.462 0.522 0.554 0.584 0.608 0.625 0.660 0.678 0.658 0.538 0.466 0.374 0.288 0.107 0.004 0.067 -0.212
7.50 501.19 -0.941 -0.551 -0.290 0.002 0.090 0.226 0.264 0.331 0.357 0.382 0.401 0.411 0.436 0.429 0.372 0.209 0.106 -0.015 -0.129 -0.339 -0.391 -0.282 -0.381
7.50 630.96 -1.158 -0.782 -0.499 -0.180 -0.114 0.014 0.039 0.115 0.135 0.152 0.166 0.167 0.179 0.140 0.037 -0.182 -0.323 -0.483 -0.632 -0.878 -0.866 -0.697 -0.571
7.50 794.33 -1.411 -1.048 -0.736 -0.383 -0.346 -0.228 -0.219 -0.131 -0.120 -0.111 -0.104 -0.115 -0.120 -0.198 -0.361 -0.648 -0.839 -1.047 -1.240 -1.532 -1.439 -1.194 -0.788
7.50 1000.00 -1.707 -1.358 -1.009 -0.614 -0.612 -0.507 -0.519 -0.415 -0.415 -0.418 -0.420 -0.444 -0.471 -0.598 -0.836 -1.211 -1.464 -1.733 -1.982 -2.332 -2.136 -1.796 -1.038
7.75 1.00 0.939 1.523 1.849 2.178 2.325 2.522 2.584 2.633 2.586 2.651 2.715 2.718 2.708 2.791 2.862 2.826 2.805 2.748 2.725 2.607 2.443 2.385 1.679
7.75 1.26 0.934 1.518 1.841 2.167 2.314 2.511 2.573 2.621 2.577 2.641 2.705 2.709 2.700 2.784 2.855 2.821 2.800 2.744 2.721 2.603 2.438 2.380 1.669
7.75 1.58 0.928 1.510 1.831 2.153 2.301 2.497 2.560 2.607 2.566 2.629 2.692 2.697 2.690 2.775 2.847 2.814 2.794 2.738 2.716 2.599 2.432 2.373 1.656
7.75 2.00 0.920 1.501 1.819 2.136 2.286 2.480 2.544 2.590 2.552 2.615 2.677 2.683 2.678 2.763 2.837 2.805 2.786 2.732 2.710 2.593 2.425 2.365 1.641
7.75 2.51 0.910 1.490 1.804 2.116 2.266 2.459 2.524 2.569 2.535 2.597 2.658 2.665 2.664 2.750 2.824 2.794 2.776 2.723 2.702 2.586 2.416 2.355 1.623
7.75 3.16 0.899 1.477 1.785 2.091 2.243 2.435 2.500 2.544 2.514 2.576 2.635 2.644 2.646 2.733 2.809 2.781 2.764 2.713 2.692 2.577 2.405 2.343 1.600
7.75 3.98 0.884 1.461 1.763 2.063 2.216 2.405 2.472 2.515 2.489 2.550 2.608 2.619 2.624 2.712 2.790 2.764 2.750 2.701 2.681 2.566 2.391 2.328 1.574
7.75 5.01 0.867 1.441 1.737 2.029 2.184 2.371 2.439 2.480 2.460 2.520 2.577 2.589 2.599 2.687 2.767 2.744 2.732 2.685 2.666 2.553 2.374 2.310 1.543
7.75 6.31 0.846 1.417 1.706 1.990 2.146 2.331 2.400 2.440 2.426 2.484 2.540 2.554 2.568 2.658 2.740 2.720 2.710 2.666 2.648 2.536 2.354 2.287 1.508
7.75 7.94 0.821 1.388 1.669 1.945 2.102 2.285 2.355 2.394 2.386 2.443 2.497 2.514 2.532 2.623 2.707 2.691 2.684 2.643 2.626 2.515 2.329 2.260 1.467
7.75 10.00 0.792 1.354 1.627 1.894 2.053 2.233 2.305 2.342 2.340 2.396 2.448 2.467 2.490 2.583 2.669 2.656 2.652 2.615 2.599 2.490 2.298 2.228 1.420
7.75 12.59 0.757 1.315 1.578 1.837 1.997 2.175 2.248 2.284 2.287 2.342 2.392 2.414 2.442 2.536 2.624 2.616 2.615 2.581 2.567 2.459 2.262 2.189 1.368
7.75 15.85 0.717 1.269 1.524 1.773 1.935 2.111 2.185 2.220 2.229 2.282 2.331 2.354 2.388 2.482 2.573 2.568 2.570 2.540 2.528 2.421 2.219 2.144 1.310
7.75 19.95 0.671 1.217 1.463 1.704 1.867 2.041 2.115 2.149 2.164 2.216 2.262 2.288 2.326 2.422 2.514 2.513 2.518 2.492 2.481 2.376 2.168 2.091 1.247
7.75 25.12 0.620 1.157 1.395 1.630 1.794 1.965 2.040 2.073 2.092 2.143 2.188 2.216 2.258 2.354 2.447 2.449 2.458 2.435 2.426 2.323 2.108 2.030 1.179
7.75 31.62 0.562 1.091 1.321 1.550 1.714 1.883 1.958 1.991 2.015 2.064 2.108 2.137 2.183 2.279 2.373 2.377 2.388 2.369 2.361 2.259 2.038 1.960 1.106
7.75 39.81 0.497 1.018 1.241 1.465 1.629 1.796 1.871 1.903 1.931 1.980 2.021 2.051 2.101 2.196 2.290 2.296 2.308 2.292 2.285 2.184 1.958 1.880 1.028
7.75 50.12 0.426 0.937 1.155 1.375 1.538 1.704 1.779 1.811 1.842 1.889 1.929 1.960 2.012 2.106 2.199 2.204 2.218 2.204 2.197 2.096 1.867 1.789 0.945
7.75 63.10 0.349 0.850 1.063 1.281 1.443 1.606 1.681 1.713 1.746 1.792 1.831 1.862 1.916 2.008 2.098 2.102 2.115 2.102 2.095 1.993 1.762 1.687 0.857
7.75 79.43 0.264 0.754 0.965 1.182 1.341 1.503 1.576 1.609 1.644 1.689 1.726 1.757 1.812 1.901 1.987 1.988 2.000 1.986 1.976 1.873 1.642 1.572 0.765
7.75 100.00 0.172 0.651 0.860 1.078 1.235 1.394 1.466 1.500 1.536 1.579 1.614 1.645 1.700 1.785 1.866 1.861 1.869 1.853 1.840 1.733 1.506 1.443 0.667
7.75 125.89 0.072 0.539 0.749 0.969 1.122 1.279 1.348 1.384 1.420 1.461 1.496 1.525 1.579 1.659 1.731 1.718 1.721 1.700 1.683 1.571 1.351 1.297 0.564
7.75 158.49 -0.037 0.417 0.630 0.854 1.002 1.156 1.223 1.260 1.297 1.336 1.368 1.396 1.448 1.521 1.582 1.557 1.552 1.525 1.500 1.382 1.172 1.132 0.454
7.75 199.53 -0.157 0.285 0.502 0.733 0.873 1.025 1.088 1.128 1.163 1.200 1.230 1.256 1.305 1.368 1.416 1.375 1.359 1.323 1.288 1.160 0.966 0.943 0.336
7.75 251.19 -0.290 0.139 0.363 0.603 0.736 0.884 0.942 0.985 1.019 1.053 1.080 1.103 1.148 1.198 1.228 1.167 1.137 1.087 1.040 0.898 0.726 0.726 0.210
7.75 316.23 -0.437 -0.021 0.213 0.465 0.586 0.730 0.782 0.830 0.860 0.891 0.915 0.934 0.973 1.008 1.015 0.927 0.879 0.811 0.747 0.588 0.446 0.474 0.072
7.75 398.11 -0.603 -0.200 0.047 0.315 0.422 0.561 0.605 0.659 0.685 0.711 0.732 0.745 0.776 0.792 0.769 0.647 0.575 0.485 0.399 0.219 0.115 0.180 -0.080
7.75 501.19 -0.792 -0.402 -0.137 0.151 0.241 0.373 0.407 0.468 0.489 0.510 0.526 0.532 0.553 0.544 0.484 0.319 0.216 0.096 -0.017 -0.226 -0.280 -0.167 -0.249
7.75 630.96 -1.008 -0.633 -0.345 -0.030 0.037 0.162 0.182 0.253 0.267 0.281 0.291 0.288 0.297 0.256 0.149 -0.070 -0.212 -0.370 -0.518 -0.762 -0.753 -0.581 -0.438
7.75 794.33 -1.260 -0.898 -0.582 -0.233 -0.194 -0.080 -0.076 0.007 0.013 0.018 0.021 0.007 -0.002 -0.082 -0.248 -0.536 -0.727 -0.934 -1.125 -1.415 -1.326 -1.078 -0.655
7.75 1000.00 -1.556 -1.208 -0.854 -0.463 -0.460 -0.358 -0.375 -0.277 -0.282 -0.288 -0.294 -0.322 -0.352 -0.482 -0.723 -1.099 -1.351 -1.619 -1.867 -2.214 -2.022 -1.679 -0.905
8.00 1.00 0.979 1.557 1.891 2.221 2.366 2.561 2.615 2.660 2.603 2.665 2.728 2.728 2.713 2.802 2.875 2.841 2.816 2.757 2.731 2.613 2.448 2.391 1.714
8.00 1.26 0.975 1.552 1.884 2.212 2.357 2.552 2.606 2.650 2.596 2.658 2.720 2.720 2.707 2.796 2.870 2.836 2.812 2.753 2.728 2.610 2.444 2.387 1.706
8.00 1.58 0.970 1.547 1.876 2.201 2.347 2.541 2.596 2.639 2.587 2.648 2.710 2.711 2.699 2.789 2.863 2.830 2.807 2.749 2.724 2.607 2.440 2.382 1.696
8.00 2.00 0.964 1.540 1.866 2.187 2.334 2.527 2.583 2.626 2.576 2.637 2.698 2.700 2.690 2.780 2.854 2.823 2.801 2.743 2.719 2.602 2.434 2.375 1.683
8.00 2.51 0.956 1.531 1.854 2.171 2.319 2.510 2.567 2.609 2.562 2.623 2.683 2.686 2.678 2.768 2.844 2.814 2.793 2.736 2.713 2.596 2.426 2.367 1.668
8.00 3.16 0.947 1.520 1.839 2.151 2.300 2.490 2.547 2.589 2.546 2.605 2.665 2.669 2.664 2.755 2.831 2.803 2.783 2.728 2.705 2.589 2.417 2.358 1.650
8.00 3.98 0.936 1.507 1.821 2.127 2.277 2.466 2.524 2.565 2.526 2.585 2.643 2.648 2.646 2.738 2.815 2.789 2.771 2.718 2.695 2.579 2.406 2.345 1.629
8.00 5.01 0.922 1.491 1.800 2.098 2.251 2.437 2.497 2.536 2.502 2.560 2.617 2.624 2.625 2.717 2.796 2.772 2.756 2.705 2.683 2.568 2.392 2.330 1.603
8.00 6.31 0.905 1.471 1.774 2.065 2.219 2.403 2.464 2.502 2.473 2.530 2.585 2.594 2.600 2.692 2.773 2.752 2.738 2.688 2.668 2.554 2.375 2.312 1.572
8.00 7.94 0.885 1.447 1.743 2.026 2.181 2.364 2.426 2.462 2.440 2.495 2.549 2.560 2.570 2.663 2.745 2.727 2.715 2.669 2.649 2.536 2.353 2.289 1.537
8.00 10.00 0.860 1.419 1.706 1.981 2.138 2.319 2.382 2.417 2.400 2.455 2.507 2.520 2.534 2.628 2.712 2.697 2.688 2.645 2.626 2.515 2.328 2.262 1.496
8.00 12.59 0.831 1.385 1.664 1.931 2.089 2.267 2.332 2.366 2.355 2.408 2.458 2.473 2.493 2.587 2.673 2.661 2.655 2.615 2.598 2.488 2.296 2.229 1.450
8.00 15.85 0.798 1.346 1.616 1.874 2.034 2.209 2.276 2.308 2.303 2.355 2.403 2.420 2.445 2.540 2.628 2.619 2.616 2.580 2.565 2.456 2.259 2.190 1.398
8.00 19.95 0.758 1.300 1.562 1.811 1.972 2.145 2.213 2.243 2.245 2.295 2.341 2.361 2.390 2.486 2.575 2.570 2.570 2.537 2.524 2.416 2.214 2.143 1.341
8.00 25.12 0.713 1.248 1.500 1.742 1.904 2.075 2.143 2.173 2.180 2.229 2.273 2.295 2.329 2.424 2.514 2.512 2.515 2.487 2.474 2.368 2.160 2.089 1.278
8.00 31.62 0.661 1.188 1.432 1.667 1.830 1.998 2.067 2.096 2.109 2.156 2.198 2.221 2.260 2.355 2.445 2.446 2.451 2.427 2.416 2.311 2.098 2.025 1.209
8.00 39.81 0.602 1.121 1.358 1.586 1.749 1.916 1.985 2.013 2.031 2.077 2.117 2.141 2.184 2.278 2.368 2.370 2.378 2.356 2.346 2.243 2.024 1.952 1.135
8.00 50.12 0.537 1.046 1.277 1.501 1.663 1.827 1.897 1.925 1.946 1.990 2.029 2.055 2.100 2.193 2.282 2.284 2.293 2.274 2.265 2.161 1.939 1.868 1.056
8.00 63.10 0.465 0.964 1.189 1.409 1.571 1.733 1.802 1.830 1.854 1.898 1.934 1.961 2.008 2.099 2.186 2.186 2.196 2.178 2.169 2.065 1.840 1.771 0.971
8.00 79.43 0.385 0.873 1.094 1.313 1.473 1.633 1.701 1.730 1.756 1.798 1.833 1.859 1.909 1.996 2.079 2.077 2.085 2.068 2.057 1.951 1.726 1.662 0.881
8.00 100.00 0.297 0.774 0.993 1.212 1.369 1.526 1.593 1.623 1.651 1.691 1.724 1.750 1.800 1.884 1.961 1.953 1.959 1.940 1.926 1.818 1.595 1.538 0.786
8.00 125.89 0.200 0.666 0.884 1.105 1.258 1.413 1.478 1.509 1.538 1.576 1.608 1.633 1.682 1.760 1.829 1.814 1.814 1.792 1.774 1.661 1.444 1.396 0.684
8.00 158.49 0.094 0.547 0.767 0.991 1.140 1.292 1.354 1.387 1.417 1.453 1.482 1.506 1.554 1.624 1.683 1.656 1.649 1.621 1.596 1.477 1.270 1.234 0.576
8.00 199.53 -0.024 0.417 0.641 0.871 1.013 1.163 1.221 1.256 1.285 1.319 1.346 1.367 1.413 1.474 1.518 1.476 1.459 1.422 1.388 1.259 1.067 1.048 0.459
8.00 251.19 -0.154 0.274 0.504 0.743 0.876 1.022 1.076 1.115 1.142 1.173 1.197 1.216 1.257 1.306 1.333 1.270 1.239 1.189 1.142 1.002 0.830 0.834 0.334
8.00 316.23 -0.300 0.115 0.355 0.606 0.728 0.870 0.917 0.960 0.985 1.012 1.033 1.048 1.083 1.117 1.120 1.032 0.983 0.916 0.852 0.695 0.552 0.585 0.197
8.00 398.11 -0.465 -0.062 0.190 0.457 0.565 0.701 0.741 0.790 0.811 0.833 0.851 0.860 0.888 0.901 0.876 0.754 0.681 0.591 0.507 0.328 0.223 0.292 0.046
8.00 501.19 -0.652 -0.263 0.007 0.293 0.384 0.514 0.543 0.600 0.615 0.633 0.646 0.648 0.666 0.654 0.592 0.426 0.324 0.205 0.093 -0.114 -0.170 -0.054 -0.123
8.00 630.96 -0.868 -0.492 -0.200 0.113 0.181 0.303 0.319 0.385 0.394 0.404 0.411 0.405 0.410 0.367 0.258 0.038 -0.103 -0.260 -0.406 -0.649 -0.642 -0.466 -0.312
8.00 794.33 -1.119 -0.757 -0.436 -0.090 -0.050 0.062 0.062 0.140 0.140 0.142 0.142 0.124 0.112 0.030 -0.139 -0.428 -0.618 -0.822 -1.012 -1.300 -1.213 -0.962 -0.528
8.00 1000.00 -1.414 -1.066 -0.709 -0.320 -0.316 -0.217 -0.237 -0.144 -0.155 -0.164 -0.173 -0.205 -0.238 -0.370 -0.613 -0.989 -1.241 -1.507 -1.753 -2.098 -1.909 -1.563 -0.778
8.25 1.00 1.008 1.581 1.922 2.254 2.397 2.591 2.637 2.679 2.613 2.673 2.735 2.731 2.713 2.808 2.884 2.852 2.825 2.763 2.737 2.619 2.453 2.397 1.741
8.25 1.26 1.005 1.577 1.917 2.247 2.391 2.584 2.631 2.672 2.607 2.667 2.729 2.725 2.708 2.804 2.879 2.849 2.822 2.760 2.734 2.617 2.449 2.393 1.734
8.25 1.58 1.002 1.573 1.911 2.238 2.383 2.575 2.622 2.663 2.600 2.659 2.721 2.718 2.702 2.798 2.874 2.844 2.818 2.757 2.731 2.613 2.446 2.389 1.726
8.25 2.00 0.997 1.567 1.903 2.227 2.373 2.564 2.612 2.652 2.592 2.650 2.712 2.709 2.694 2.790 2.867 2.838 2.812 2.752 2.727 2.610 2.441 2.384 1.716
8.25 2.51 0.991 1.560 1.893 2.214 2.360 2.550 2.599 2.638 2.581 2.639 2.700 2.698 2.685 2.781 2.858 2.830 2.806 2.747 2.721 2.605 2.435 2.378 1.704
8.25 3.16 0.984 1.552 1.881 2.198 2.345 2.534 2.584 2.622 2.568 2.625 2.685 2.684 2.674 2.770 2.848 2.821 2.798 2.740 2.715 2.598 2.427 2.369 1.690
8.25 3.98 0.975 1.541 1.867 2.178 2.327 2.514 2.565 2.603 2.552 2.609 2.667 2.668 2.660 2.756 2.835 2.809 2.787 2.731 2.707 2.591 2.418 2.359 1.672
8.25 5.01 0.964 1.528 1.849 2.154 2.304 2.490 2.542 2.579 2.532 2.589 2.646 2.648 2.643 2.739 2.819 2.795 2.775 2.720 2.696 2.581 2.406 2.347 1.651
8.25 6.31 0.951 1.512 1.827 2.126 2.278 2.462 2.515 2.551 2.509 2.564 2.620 2.623 2.622 2.718 2.799 2.778 2.759 2.706 2.684 2.569 2.392 2.332 1.625
8.25 7.94 0.934 1.492 1.802 2.093 2.246 2.429 2.483 2.517 2.481 2.535 2.589 2.595 2.597 2.694 2.776 2.757 2.740 2.689 2.668 2.554 2.374 2.313 1.595
8.25 10.00 0.915 1.469 1.771 2.055 2.210 2.390 2.446 2.478 2.448 2.501 2.553 2.561 2.567 2.664 2.747 2.731 2.717 2.669 2.648 2.535 2.352 2.290 1.560
8.25 12.59 0.891 1.441 1.735 2.010 2.167 2.345 2.402 2.434 2.409 2.461 2.511 2.521 2.532 2.629 2.714 2.700 2.689 2.643 2.624 2.512 2.325 2.262 1.520
8.25 15.85 0.862 1.407 1.693 1.960 2.118 2.294 2.353 2.383 2.365 2.415 2.463 2.475 2.490 2.587 2.673 2.663 2.654 2.613 2.595 2.484 2.292 2.228 1.474
8.25 19.95 0.829 1.368 1.645 1.903 2.063 2.236 2.296 2.325 2.313 2.362 2.408 2.422 2.443 2.539 2.626 2.619 2.613 2.575 2.559 2.449 2.253 2.188 1.422
8.25 25.12 0.789 1.322 1.590 1.840 2.001 2.172 2.233 2.261 2.255 2.303 2.346 2.362 2.388 2.484 2.572 2.567 2.564 2.530 2.515 2.407 2.206 2.140 1.364
8.25 31.62 0.744 1.269 1.529 1.771 1.933 2.101 2.164 2.190 2.190 2.236 2.278 2.295 2.325 2.421 2.509 2.506 2.507 2.476 2.462 2.356 2.149 2.083 1.301
8.25 39.81 0.692 1.208 1.460 1.695 1.858 2.023 2.087 2.112 2.118 2.162 2.202 2.221 2.255 2.350 2.438 2.436 2.439 2.412 2.399 2.293 2.083 2.016 1.232
8.25 50.12 0.633 1.140 1.384 1.614 1.776 1.940 2.004 2.029 2.039 2.082 2.119 2.140 2.178 2.270 2.357 2.356 2.360 2.336 2.324 2.219 2.004 1.938 1.156
8.25 63.10 0.566 1.063 1.302 1.527 1.688 1.849 1.914 1.938 1.953 1.994 2.029 2.050 2.091 2.182 2.266 2.263 2.269 2.247 2.235 2.129 1.912 1.849 1.076
8.25 79.43 0.491 0.978 1.211 1.434 1.594 1.753 1.816 1.841 1.859 1.898 1.932 1.953 1.996 2.083 2.164 2.159 2.163 2.142 2.129 2.022 1.804 1.745 0.989
8.25 100.00 0.408 0.884 1.114 1.335 1.493 1.649 1.712 1.737 1.757 1.795 1.827 1.848 1.892 1.975 2.049 2.039 2.042 2.020 2.004 1.895 1.679 1.626 0.896
8.25 125.89 0.315 0.780 1.008 1.231 1.385 1.539 1.599 1.626 1.648 1.683 1.713 1.734 1.778 1.855 1.921 1.904 1.902 1.877 1.858 1.745 1.533 1.489 0.797
8.25 158.49 0.212 0.665 0.894 1.120 1.269 1.420 1.478 1.506 1.529 1.562 1.590 1.609 1.653 1.722 1.778 1.749 1.741 1.711 1.685 1.566 1.363 1.332 0.690
8.25 199.53 0.098 0.538 0.771 1.001 1.144 1.292 1.346 1.377 1.400 1.430 1.455 1.473 1.514 1.574 1.616 1.572 1.554 1.516 1.482 1.354 1.164 1.150 0.575
8.25 251.19 -0.030 0.398 0.636 0.874 1.009 1.153 1.203 1.237 1.258 1.286 1.308 1.323 1.360 1.408 1.432 1.369 1.337 1.287 1.240 1.100 0.931 0.939 0.451
8.25 316.23 -0.174 0.241 0.488 0.738 0.861 1.001 1.045 1.084 1.103 1.127 1.146 1.156 1.189 1.220 1.222 1.132 1.083 1.016 0.954 0.798 0.656 0.692 0.315
8.25 398.11 -0.336 0.066 0.324 0.590 0.699 0.834 0.870 0.914 0.930 0.949 0.964 0.970 0.995 1.006 0.979 0.856 0.783 0.694 0.612 0.434 0.329 0.402 0.165
8.25 501.19 -0.522 -0.134 0.142 0.427 0.519 0.647 0.673 0.725 0.736 0.750 0.760 0.758 0.773 0.760 0.696 0.530 0.428 0.310 0.200 -0.005 -0.062 0.058 -0.003
8.25 630.96 -0.737 -0.362 -0.064 0.247 0.317 0.436 0.449 0.511 0.515 0.522 0.526 0.516 0.519 0.474 0.363 0.143 0.002 -0.153 -0.297 -0.538 -0.532 -0.353 -0.192
8.25 794.33 -0.987 -0.625 -0.300 0.045 0.086 0.196 0.193 0.266 0.262 0.260 0.257 0.236 0.222 0.138 -0.033 -0.322 -0.511 -0.714 -0.902 -1.187 -1.102 -0.848 -0.408
8.25 1000.00 -1.282 -0.934 -0.571 -0.185 -0.179 -0.082 -0.106 -0.017 -0.033 -0.045 -0.057 -0.093 -0.128 -0.262 -0.507 -0.883 -1.134 -1.397 -1.641 -1.983 -1.797 -1.447 -0.657
8.50 1.00 1.029 1.595 1.944 2.278 2.421 2.612 2.652 2.690 2.616 2.674 2.736 2.729 2.707 2.810 2.889 2.861 2.832 2.768 2.741 2.624 2.456 2.401 1.760
8.50 1.26 1.026 1.592 1.940 2.272 2.415 2.607 2.647 2.685 2.612 2.669 2.731 2.724 2.704 2.806 2.885 2.858 2.829 2.766 2.739 2.622 2.454 2.399 1.755
8.50 1.58 1.023 1.589 1.935 2.265 2.409 2.600 2.640 2.678 2.606 2.663 2.725 2.719 2.699 2.801 2.881 2.854 2.825 2.763 2.736 2.620 2.451 2.395 1.749
8.50 2.00 1.020 1.584 1.929 2.257 2.401 2.591 2.632 2.669 2.600 2.656 2.717 2.711 2.693 2.795 2.875 2.849 2.821 2.759 2.732 2.616 2.447 2.391 1.741
8.50 2.51 1.015 1.579 1.922 2.246 2.391 2.580 2.622 2.659 2.591 2.648 2.708 2.703 2.686 2.788 2.868 2.842 2.815 2.754 2.728 2.612 2.442 2.386 1.731
8.50 3.16 1.010 1.572 1.912 2.233 2.379 2.567 2.610 2.646 2.581 2.637 2.696 2.692 2.676 2.779 2.859 2.835 2.809 2.748 2.722 2.607 2.435 2.379 1.719
8.50 3.98 1.003 1.564 1.900 2.217 2.364 2.551 2.595 2.630 2.568 2.623 2.682 2.679 2.665 2.767 2.849 2.825 2.800 2.741 2.716 2.600 2.427 2.371 1.705
8.50 5.01 0.994 1.553 1.886 2.198 2.346 2.532 2.576 2.611 2.553 2.607 2.665 2.662 2.651 2.754 2.835 2.813 2.789 2.731 2.707 2.592 2.418 2.361 1.687
8.50 6.31 0.984 1.540 1.868 2.174 2.324 2.508 2.554 2.587 2.534 2.587 2.643 2.642 2.635 2.737 2.819 2.798 2.776 2.720 2.696 2.582 2.405 2.348 1.666
8.50 7.94 0.971 1.524 1.847 2.147 2.298 2.480 2.528 2.560 2.511 2.563 2.618 2.619 2.614 2.716 2.799 2.780 2.760 2.706 2.682 2.569 2.390 2.332 1.641
8.50 10.00 0.955 1.505 1.821 2.114 2.267 2.447 2.496 2.527 2.483 2.535 2.588 2.590 2.589 2.691 2.775 2.758 2.740 2.688 2.666 2.553 2.372 2.313 1.612
8.50 12.59 0.935 1.481 1.791 2.076 2.230 2.408 2.459 2.488 2.451 2.501 2.552 2.556 2.560 2.661 2.746 2.731 2.715 2.666 2.645 2.533 2.349 2.289 1.577
8.50 15.85 0.912 1.453 1.755 2.032 2.188 2.364 2.416 2.444 2.412 2.462 2.510 2.517 2.524 2.625 2.711 2.699 2.685 2.639 2.619 2.508 2.320 2.260 1.537
8.50 19.95 0.884 1.419 1.713 1.981 2.139 2.313 2.367 2.393 2.368 2.416 2.462 2.470 2.483 2.583 2.669 2.660 2.649 2.606 2.587 2.477 2.286 2.225 1.491
8.50 25.12 0.850 1.380 1.665 1.924 2.084 2.255 2.310 2.335 2.317 2.363 2.407 2.418 2.435 2.534 2.621 2.613 2.606 2.566 2.549 2.439 2.244 2.183 1.439
8.50 31.62 0.811 1.333 1.610 1.861 2.022 2.190 2.247 2.271 2.259 2.303 2.345 2.357 2.379 2.477 2.564 2.558 2.554 2.518 2.501 2.393 2.194 2.132 1.381
8.50 39.81 0.765 1.279 1.548 1.791 1.953 2.119 2.177 2.200 2.193 2.236 2.276 2.290 2.316 2.412 2.498 2.494 2.492 2.459 2.444 2.337 2.133 2.072 1.317
8.50 50.12 0.712 1.218 1.478 1.715 1.877 2.040 2.099 2.121 2.121 2.162 2.199 2.214 2.245 2.338 2.423 2.419 2.419 2.390 2.375 2.268 2.061 2.002 1.247
8.50 63.10 0.651 1.147 1.401 1.632 1.794 1.955 2.014 2.036 2.040 2.079 2.114 2.130 2.164 2.255 2.337 2.333 2.334 2.307 2.292 2.185 1.975 1.918 1.170
8.50 79.43 0.582 1.068 1.315 1.544 1.704 1.862 1.921 1.943 1.951 1.989 2.021 2.038 2.075 2.162 2.240 2.233 2.234 2.208 2.193 2.085 1.874 1.821 1.087
8.50 100.00 0.504 0.979 1.222 1.448 1.606 1.762 1.820 1.843 1.854 1.890 1.920 1.937 1.976 2.058 2.131 2.119 2.118 2.092 2.075 1.965 1.755 1.708 0.997
8.50 125.89 0.417 0.880 1.121 1.347 1.501 1.655 1.711 1.735 1.748 1.782 1.810 1.826 1.866 1.942 2.007 1.988 1.983 1.955 1.935 1.821 1.615 1.577 0.901
8.50 158.49 0.318 0.770 1.010 1.238 1.388 1.538 1.592 1.618 1.633 1.664 1.690 1.705 1.744 1.813 1.867 1.837 1.826 1.794 1.768 1.649 1.450 1.425 0.796
8.50 199.53 0.207 0.647 0.889 1.122 1.265 1.412 1.463 1.491 1.507 1.535 1.558 1.571 1.608 1.667 1.708 1.664 1.644 1.604 1.569 1.442 1.256 1.247 0.684
8.50 251.19 0.083 0.510 0.757 0.997 1.132 1.275 1.322 1.353 1.368 1.393 1.413 1.424 1.457 1.504 1.527 1.463 1.430 1.379 1.333 1.194 1.027 1.040 0.561
8.50 316.23 -0.058 0.356 0.611 0.862 0.986 1.125 1.165 1.201 1.214 1.235 1.252 1.259 1.288 1.319 1.319 1.229 1.179 1.112 1.051 0.896 0.756 0.797 0.426
8.50 398.11 -0.219 0.183 0.449 0.715 0.826 0.959 0.992 1.032 1.043 1.059 1.072 1.074 1.096 1.107 1.077 0.955 0.882 0.793 0.712 0.536 0.432 0.509 0.277
8.50 501.19 -0.403 -0.015 0.268 0.553 0.647 0.773 0.796 0.844 0.850 0.861 0.869 0.864 0.876 0.862 0.796 0.630 0.528 0.411 0.303 0.100 0.044 0.168 0.110
8.50 630.96 -0.616 -0.241 0.063 0.373 0.445 0.563 0.573 0.631 0.630 0.634 0.636 0.623 0.622 0.577 0.464 0.244 0.104 -0.050 -0.192 -0.429 -0.425 -0.242 -0.078
8.50 794.33 -0.865 -0.504 -0.172 0.172 0.215 0.323 0.317 0.387 0.378 0.373 0.368 0.343 0.326 0.241 0.069 -0.219 -0.408 -0.609 -0.794 -1.077 -0.993 -0.735 -0.293
8.50 1000.00 -1.159 -0.811 -0.443 -0.057 -0.050 0.046 0.019 0.104 0.084 0.069 0.054 0.015 -0.022 -0.157 -0.404 -0.779 -1.029 -1.290 -1.531 -1.870 -1.686 -1.333 -0.542
8.75 1.00 1.040 1.600 1.958 2.294 2.435 2.626 2.660 2.695 2.613 2.669 2.731 2.721 2.697 2.807 2.890 2.866 2.836 2.771 2.744 2.629 2.460 2.406 1.772
8.75 1.26 1.038 1.598 1.955 2.289 2.431 2.621 2.656 2.691 2.610 2.665 2.727 2.718 2.694 2.804 2.887 2.864 2.833 2.769 2.742 2.628 2.458 2.403 1.768
8.75 1.58 1.036 1.595 1.951 2.284 2.426 2.616 2.650 2.685 2.606 2.661 2.723 2.713 2.690 2.800 2.884 2.860 2.830 2.766 2.740 2.625 2.455 2.401 1.763
8.75 2.00 1.033 1.592 1.946 2.277 2.420 2.609 2.644 2.679 2.600 2.655 2.717 2.708 2.686 2.796 2.879 2.856 2.827 2.763 2.737 2.622 2.452 2.397 1.757
8.75 2.51 1.030 1.587 1.940 2.268 2.412 2.601 2.636 2.670 2.594 2.648 2.709 2.701 2.680 2.790 2.873 2.851 2.822 2.759 2.733 2.619 2.447 2.393 1.749
8.75 3.16 1.025 1.582 1.932 2.258 2.402 2.590 2.626 2.660 2.586 2.640 2.700 2.692 2.673 2.782 2.866 2.845 2.816 2.754 2.728 2.614 2.442 2.387 1.740
8.75 3.98 1.020 1.575 1.922 2.245 2.390 2.577 2.614 2.647 2.576 2.629 2.688 2.681 2.664 2.773 2.857 2.836 2.809 2.748 2.722 2.608 2.435 2.380 1.728
8.75 5.01 1.013 1.567 1.911 2.229 2.375 2.561 2.599 2.632 2.563 2.616 2.674 2.668 2.653 2.761 2.846 2.826 2.800 2.740 2.715 2.601 2.427 2.372 1.714
8.75 6.31 1.005 1.556 1.897 2.210 2.358 2.542 2.581 2.613 2.548 2.600 2.657 2.652 2.639 2.747 2.832 2.814 2.789 2.730 2.705 2.592 2.417 2.361 1.697
8.75 7.94 0.995 1.543 1.879 2.187 2.336 2.519 2.560 2.590 2.529 2.581 2.636 2.633 2.622 2.730 2.815 2.798 2.775 2.718 2.694 2.581 2.404 2.348 1.676
8.75 10.00 0.982 1.527 1.858 2.159 2.310 2.491 2.533 2.563 2.507 2.557 2.611 2.609 2.602 2.709 2.795 2.779 2.758 2.702 2.679 2.567 2.388 2.332 1.651
8.75 12.59 0.966 1.508 1.833 2.127 2.279 2.458 2.502 2.530 2.480 2.529 2.581 2.581 2.577 2.684 2.770 2.756 2.736 2.683 2.661 2.549 2.368 2.311 1.622
8.75 15.85 0.947 1.484 1.802 2.089 2.243 2.420 2.466 2.492 2.448 2.496 2.546 2.547 2.547 2.653 2.740 2.728 2.710 2.660 2.638 2.527 2.343 2.287 1.587
8.75 19.95 0.924 1.456 1.766 2.045 2.201 2.375 2.423 2.448 2.410 2.456 2.504 2.507 2.512 2.616 2.703 2.693 2.678 2.631 2.610 2.500 2.313 2.256 1.547
8.75 25.12 0.896 1.422 1.724 1.994 2.152 2.324 2.373 2.397 2.365 2.410 2.456 2.461 2.470 2.573 2.660 2.652 2.640 2.595 2.576 2.466 2.276 2.219 1.501
8.75 31.62 0.862 1.381 1.676 1.937 2.096 2.266 2.317 2.339 2.314 2.358 2.401 2.407 2.421 2.523 2.609 2.603 2.593 2.552 2.534 2.425 2.231 2.175 1.449
8.75 39.81 0.823 1.334 1.620 1.873 2.034 2.201 2.253 2.274 2.256 2.297 2.338 2.346 2.365 2.464 2.550 2.544 2.537 2.499 2.482 2.374 2.177 2.121 1.391
8.75 50.12 0.776 1.279 1.556 1.803 1.964 2.128 2.181 2.202 2.189 2.229 2.267 2.277 2.300 2.397 2.480 2.475 2.470 2.435 2.419 2.311 2.111 2.057 1.325
8.75 63.10 0.721 1.215 1.485 1.725 1.886 2.048 2.102 2.122 2.115 2.153 2.188 2.200 2.226 2.319 2.401 2.394 2.391 2.358 2.342 2.234 2.032 1.980 1.254
8.75 79.43 0.658 1.143 1.406 1.641 1.801 1.960 2.014 2.034 2.032 2.068 2.101 2.113 2.143 2.232 2.309 2.300 2.297 2.266 2.249 2.141 1.937 1.890 1.175
8.75 100.00 0.586 1.060 1.318 1.550 1.708 1.864 1.918 1.938 1.941 1.974 2.005 2.017 2.049 2.133 2.204 2.191 2.187 2.157 2.138 2.027 1.825 1.784 1.089
8.75 125.89 0.504 0.967 1.221 1.452 1.607 1.760 1.813 1.834 1.839 1.871 1.898 1.911 1.944 2.022 2.085 2.065 2.057 2.026 2.004 1.890 1.691 1.659 0.996
8.75 158.49 0.410 0.861 1.114 1.346 1.497 1.647 1.698 1.720 1.728 1.757 1.782 1.793 1.827 1.896 1.949 1.919 1.905 1.870 1.843 1.724 1.532 1.512 0.894
8.75 199.53 0.304 0.743 0.996 1.232 1.377 1.524 1.572 1.596 1.605 1.631 1.653 1.663 1.695 1.755 1.794 1.749 1.727 1.685 1.651 1.523 1.343 1.340 0.784
8.75 251.19 0.183 0.610 0.867 1.110 1.247 1.389 1.433 1.460 1.469 1.492 1.511 1.518 1.547 1.594 1.616 1.552 1.517 1.465 1.420 1.281 1.119 1.137 0.663
8.75 316.23 0.045 0.459 0.723 0.976 1.103 1.241 1.278 1.310 1.318 1.337 1.352 1.355 1.380 1.411 1.410 1.321 1.270 1.202 1.142 0.988 0.852 0.897 0.530
8.75 398.11 -0.113 0.289 0.564 0.831 0.944 1.076 1.106 1.143 1.148 1.163 1.174 1.172 1.190 1.201 1.171 1.049 0.976 0.887 0.807 0.633 0.532 0.613 0.382
8.75 501.19 -0.295 0.094 0.384 0.670 0.766 0.891 0.912 0.956 0.957 0.966 0.972 0.963 0.973 0.958 0.891 0.727 0.624 0.508 0.402 0.202 0.146 0.274 0.216
8.75 630.96 -0.506 -0.131 0.180 0.492 0.565 0.683 0.690 0.744 0.739 0.741 0.740 0.724 0.720 0.675 0.561 0.342 0.202 0.050 -0.089 -0.324 -0.319 -0.132 0.029
8.75 794.33 -0.753 -0.392 -0.053 0.291 0.336 0.443 0.435 0.501 0.487 0.480 0.473 0.445 0.426 0.340 0.167 -0.120 -0.308 -0.507 -0.689 -0.969 -0.885 -0.624 -0.186
8.75 1000.00 -1.045 -0.698 -0.323 0.062 0.072 0.167 0.138 0.219 0.195 0.177 0.160 0.118 0.078 -0.057 -0.305 -0.679 -0.928 -1.186 -1.424 -1.760 -1.576 -1.220 -0.434
9.00 1.00 1.042 1.597 1.962 2.301 2.442 2.632 2.660 2.693 2.605 2.658 2.721 2.709 2.682 2.801 2.888 2.869 2.838 2.772 2.746 2.634 2.463 2.409 1.777
9.00 1.26 1.040 1.595 1.960 2.297 2.439 2.628 2.657 2.690 2.602 2.656 2.718 2.706 2.680 2.798 2.886 2.867 2.836 2.770 2.745 2.632 2.461 2.407 1.774
9.00 1.58 1.039 1.592 1.957 2.293 2.435 2.624 2.653 2.686 2.599 2.652 2.714 2.702 2.677 2.795 2.883 2.864 2.833 2.768 2.743 2.630 2.459 2.405 1.770
9.00 2.00 1.036 1.590 1.953 2.287 2.430 2.619 2.648 2.680 2.595 2.648 2.709 2.698 2.673 2.791 2.879 2.861 2.830 2.765 2.740 2.628 2.456 2.402 1.765
9.00 2.51 1.034 1.586 1.948 2.280 2.424 2.612 2.642 2.674 2.589 2.642 2.703 2.692 2.669 2.786 2.874 2.856 2.826 2.762 2.737 2.625 2.452 2.399 1.759
9.00 3.16 1.031 1.582 1.942 2.272 2.416 2.603 2.634 2.666 2.583 2.635 2.696 2.685 2.663 2.780 2.868 2.851 2.821 2.758 2.732 2.621 2.448 2.394 1.752
9.00 3.98 1.026 1.576 1.934 2.262 2.406 2.593 2.624 2.655 2.575 2.627 2.687 2.677 2.656 2.772 2.861 2.844 2.815 2.752 2.727 2.616 2.442 2.388 1.743
9.00 5.01 1.021 1.569 1.925 2.249 2.394 2.580 2.612 2.643 2.565 2.617 2.676 2.666 2.647 2.763 2.852 2.835 2.807 2.745 2.721 2.609 2.435 2.381 1.731
9.00 6.31 1.015 1.561 1.913 2.233 2.380 2.565 2.598 2.628 2.553 2.604 2.662 2.653 2.636 2.751 2.840 2.825 2.797 2.737 2.712 2.601 2.426 2.372 1.717
9.00 7.94 1.007 1.550 1.899 2.214 2.362 2.546 2.580 2.609 2.538 2.588 2.645 2.637 2.622 2.737 2.826 2.811 2.785 2.726 2.702 2.591 2.415 2.361 1.700
9.00 10.00 0.997 1.537 1.882 2.191 2.341 2.523 2.559 2.586 2.519 2.569 2.624 2.618 2.605 2.719 2.808 2.795 2.771 2.713 2.689 2.579 2.401 2.347 1.679
9.00 12.59 0.984 1.521 1.860 2.164 2.315 2.495 2.533 2.559 2.497 2.546 2.599 2.594 2.585 2.698 2.787 2.775 2.752 2.696 2.673 2.563 2.384 2.330 1.655
9.00 15.85 0.969 1.502 1.835 2.132 2.284 2.462 2.502 2.527 2.470 2.518 2.569 2.566 2.560 2.672 2.761 2.750 2.729 2.675 2.653 2.544 2.362 2.308 1.625
9.00 19.95 0.950 1.478 1.804 2.094 2.248 2.424 2.465 2.489 2.438 2.484 2.534 2.532 2.530 2.640 2.729 2.720 2.701 2.650 2.628 2.519 2.336 2.282 1.591
9.00 25.12 0.926 1.449 1.768 2.049 2.206 2.379 2.422 2.445 2.401 2.445 2.492 2.492 2.494 2.603 2.691 2.683 2.667 2.618 2.598 2.489 2.303 2.250 1.551
9.00 31.62 0.898 1.414 1.726 1.999 2.157 2.328 2.372 2.394 2.356 2.399 2.444 2.445 2.452 2.558 2.646 2.639 2.625 2.579 2.559 2.451 2.263 2.210 1.505
9.00 39.81 0.864 1.373 1.677 1.941 2.100 2.269 2.315 2.336 2.305 2.346 2.388 2.391 2.402 2.506 2.592 2.586 2.574 2.531 2.512 2.404 2.213 2.162 1.452
9.00 50.12 0.823 1.324 1.620 1.877 2.037 2.203 2.251 2.270 2.245 2.284 2.324 2.329 2.344 2.445 2.529 2.523 2.513 2.473 2.455 2.347 2.153 2.104 1.392
9.00 63.10 0.775 1.267 1.555 1.805 1.965 2.128 2.177 2.196 2.178 2.215 2.251 2.258 2.277 2.374 2.455 2.448 2.439 2.402 2.384 2.275 2.080 2.034 1.326
9.00 79.43 0.719 1.201 1.482 1.726 1.886 2.046 2.096 2.114 2.101 2.136 2.170 2.177 2.200 2.292 2.369 2.359 2.352 2.316 2.297 2.188 1.992 1.951 1.252
9.00 100.00 0.653 1.125 1.399 1.640 1.798 1.955 2.005 2.023 2.015 2.048 2.079 2.087 2.112 2.199 2.270 2.256 2.247 2.212 2.192 2.081 1.886 1.851 1.171
9.00 125.89 0.576 1.038 1.307 1.546 1.702 1.856 1.904 1.923 1.920 1.950 1.977 1.986 2.013 2.093 2.156 2.135 2.124 2.088 2.065 1.950 1.759 1.732 1.081
9.00 158.49 0.488 0.938 1.205 1.444 1.596 1.746 1.793 1.814 1.813 1.841 1.865 1.872 1.901 1.972 2.024 1.994 1.977 1.939 1.911 1.791 1.607 1.592 0.983
9.00 199.53 0.386 0.825 1.092 1.333 1.479 1.626 1.671 1.693 1.694 1.719 1.740 1.746 1.774 1.834 1.873 1.828 1.804 1.759 1.724 1.597 1.424 1.425 0.875
9.00 251.19 0.270 0.696 0.966 1.213 1.351 1.494 1.535 1.560 1.562 1.583 1.601 1.604 1.630 1.677 1.698 1.635 1.599 1.545 1.499 1.361 1.205 1.228 0.757
9.00 316.23 0.136 0.550 0.825 1.082 1.210 1.348 1.383 1.412 1.414 1.431 1.445 1.445 1.466 1.498 1.496 1.407 1.355 1.287 1.227 1.075 0.943 0.993 0.626
9.00 398.11 -0.018 0.383 0.668 0.938 1.053 1.185 1.213 1.247 1.247 1.259 1.269 1.264 1.279 1.290 1.259 1.138 1.064 0.976 0.897 0.725 0.627 0.713 0.479
9.00 501.19 -0.197 0.190 0.490 0.779 0.876 1.002 1.020 1.062 1.058 1.064 1.068 1.057 1.063 1.050 0.982 0.818 0.716 0.601 0.496 0.298 0.245 0.378 0.315
9.00 630.96 -0.406 -0.032 0.288 0.601 0.677 0.794 0.800 0.851 0.841 0.841 0.838 0.819 0.813 0.768 0.653 0.436 0.296 0.146 0.008 -0.224 -0.217 -0.026 0.129
9.00 794.33 -0.652 -0.290 0.056 0.401 0.449 0.556 0.546 0.609 0.591 0.582 0.572 0.542 0.520 0.435 0.261 -0.024 -0.212 -0.408 -0.588 -0.864 -0.780 -0.515 -0.085
9.00 1000.00 -0.942 -0.595 -0.213 0.174 0.186 0.280 0.250 0.327 0.299 0.279 0.260 0.216 0.174 0.038 -0.210 -0.582 -0.830 -1.086 -1.320 -1.652 -1.469 -1.109 -0.332
9.25 1.00 1.035 1.584 1.958 2.299 2.441 2.631 2.654 2.685 2.590 2.642 2.705 2.691 2.663 2.790 2.883 2.870 2.837 2.772 2.747 2.639 2.465 2.413 1.776
9.25 1.26 1.034 1.582 1.956 2.296 2.438 2.628 2.652 2.683 2.588 2.640 2.703 2.689 2.661 2.788 2.881 2.868 2.835 2.770 2.746 2.637 2.464 2.411 1.774
9.25 1.58 1.032 1.580 1.953 2.293 2.435 2.624 2.648 2.679 2.586 2.637 2.700 2.686 2.659 2.785 2.878 2.865 2.833 2.768 2.744 2.635 2.462 2.409 1.771
9.25 2.00 1.031 1.578 1.950 2.289 2.431 2.620 2.644 2.675 2.582 2.634 2.696 2.682 2.656 2.782 2.875 2.862 2.831 2.766 2.742 2.633 2.459 2.407 1.767
9.25 2.51 1.029 1.575 1.946 2.283 2.426 2.615 2.639 2.670 2.578 2.630 2.691 2.678 2.652 2.778 2.871 2.859 2.827 2.763 2.739 2.630 2.456 2.404 1.762
9.25 3.16 1.026 1.572 1.942 2.277 2.420 2.608 2.633 2.663 2.573 2.624 2.685 2.673 2.648 2.773 2.866 2.854 2.823 2.759 2.735 2.627 2.452 2.400 1.756
9.25 3.98 1.023 1.567 1.935 2.268 2.412 2.600 2.626 2.655 2.567 2.618 2.678 2.666 2.642 2.767 2.860 2.848 2.818 2.754 2.731 2.622 2.447 2.395 1.748
9.25 5.01 1.019 1.562 1.928 2.258 2.403 2.589 2.616 2.645 2.559 2.609 2.669 2.657 2.635 2.759 2.852 2.841 2.811 2.748 2.725 2.616 2.441 2.389 1.739
9.25 6.31 1.014 1.555 1.919 2.245 2.391 2.577 2.604 2.633 2.549 2.599 2.658 2.647 2.626 2.749 2.842 2.831 2.803 2.741 2.717 2.609 2.433 2.381 1.728
9.25 7.94 1.007 1.546 1.907 2.230 2.377 2.561 2.590 2.618 2.537 2.586 2.644 2.634 2.614 2.738 2.830 2.820 2.792 2.731 2.708 2.600 2.424 2.371 1.714
9.25 10.00 0.999 1.535 1.893 2.211 2.359 2.542 2.572 2.599 2.522 2.571 2.627 2.618 2.601 2.723 2.815 2.806 2.779 2.720 2.697 2.589 2.412 2.360 1.697
9.25 12.59 0.989 1.522 1.875 2.188 2.338 2.519 2.551 2.577 2.504 2.552 2.607 2.598 2.584 2.705 2.797 2.788 2.763 2.705 2.683 2.575 2.396 2.345 1.677
9.25 15.85 0.977 1.506 1.854 2.161 2.312 2.492 2.525 2.550 2.482 2.528 2.582 2.575 2.563 2.683 2.775 2.767 2.743 2.686 2.665 2.557 2.377 2.326 1.652
9.25 19.95 0.962 1.486 1.828 2.128 2.281 2.459 2.494 2.518 2.455 2.500 2.552 2.546 2.538 2.656 2.747 2.740 2.718 2.664 2.642 2.535 2.354 2.303 1.622
9.25 25.12 0.942 1.461 1.798 2.090 2.245 2.421 2.458 2.480 2.423 2.467 2.516 2.512 2.507 2.623 2.714 2.707 2.687 2.635 2.614 2.507 2.325 2.275 1.588
9.25 31.62 0.919 1.432 1.761 2.046 2.202 2.375 2.414 2.436 2.385 2.427 2.474 2.471 2.471 2.584 2.673 2.668 2.650 2.600 2.580 2.473 2.289 2.240 1.547
9.25 39.81 0.890 1.396 1.718 1.995 2.153 2.323 2.364 2.384 2.340 2.381 2.425 2.424 2.427 2.537 2.625 2.620 2.604 2.557 2.537 2.430 2.244 2.197 1.501
9.25 50.12 0.855 1.353 1.668 1.937 2.096 2.263 2.306 2.325 2.288 2.326 2.367 2.368 2.376 2.482 2.568 2.562 2.548 2.503 2.484 2.376 2.189 2.144 1.447
9.25 63.10 0.813 1.303 1.609 1.871 2.031 2.196 2.240 2.258 2.227 2.264 2.302 2.304 2.315 2.418 2.500 2.493 2.480 2.438 2.418 2.310 2.122 2.081 1.386
9.25 79.43 0.763 1.243 1.542 1.798 1.957 2.119 2.164 2.182 2.157 2.192 2.227 2.230 2.245 2.342 2.420 2.410 2.398 2.358 2.337 2.228 2.040 2.004 1.318
9.25 100.00 0.703 1.174 1.466 1.717 1.875 2.034 2.079 2.097 2.078 2.110 2.142 2.146 2.164 2.255 2.327 2.313 2.300 2.260 2.238 2.127 1.941 1.910 1.241
9.25 125.89 0.633 1.093 1.380 1.628 1.784 1.939 1.984 2.002 1.988 2.018 2.046 2.050 2.071 2.155 2.218 2.197 2.182 2.142 2.118 2.003 1.820 1.799 1.156
9.25 158.49 0.551 1.000 1.283 1.530 1.682 1.834 1.878 1.897 1.887 1.914 1.939 1.942 1.965 2.039 2.092 2.061 2.041 1.999 1.970 1.851 1.674 1.665 1.062
9.25 199.53 0.455 0.892 1.174 1.423 1.570 1.718 1.760 1.780 1.773 1.797 1.818 1.820 1.843 1.906 1.945 1.901 1.874 1.826 1.790 1.664 1.498 1.505 0.958
9.25 251.19 0.343 0.769 1.052 1.305 1.446 1.589 1.627 1.650 1.645 1.665 1.683 1.683 1.703 1.754 1.775 1.712 1.674 1.617 1.571 1.434 1.285 1.313 0.842
9.25 316.23 0.214 0.627 0.916 1.177 1.307 1.446 1.478 1.506 1.501 1.516 1.530 1.527 1.544 1.577 1.576 1.488 1.434 1.364 1.305 1.154 1.028 1.084 0.713
9.25 398.11 0.064 0.464 0.761 1.035 1.152 1.285 1.311 1.343 1.337 1.348 1.356 1.349 1.360 1.373 1.342 1.222 1.148 1.058 0.981 0.810 0.717 0.808 0.569
9.25 501.19 -0.112 0.275 0.586 0.878 0.978 1.104 1.120 1.160 1.150 1.155 1.158 1.144 1.147 1.135 1.067 0.905 0.803 0.688 0.585 0.389 0.340 0.477 0.407
9.25 630.96 -0.318 0.056 0.386 0.702 0.781 0.898 0.902 0.950 0.936 0.934 0.930 0.908 0.900 0.855 0.741 0.525 0.386 0.236 0.101 -0.128 -0.119 0.077 0.222
9.25 794.33 -0.561 -0.200 0.156 0.503 0.554 0.661 0.649 0.710 0.688 0.677 0.666 0.632 0.609 0.524 0.350 0.067 -0.119 -0.315 -0.492 -0.764 -0.678 -0.409 0.010
9.25 1000.00 -0.850 -0.502 -0.111 0.277 0.292 0.386 0.354 0.429 0.398 0.375 0.355 0.308 0.264 0.129 -0.119 -0.489 -0.736 -0.989 -1.221 -1.549 -1.365 -1.001 -0.237
