ZhaoEtAl2006SSlabCascadia as implemented in OpenQuake, distance is rrup. Log10 hazard values in cgs units
          14 31 22 : nmag, ndist, nperiod
          10.000 5.000 4.000 3.000 2.500 2.000 1.500 1.250 1.000 0.900 0.800 0.700 0.600 0.500 0.400 0.300 0.250 0.200 0.150 0.100 0.050 PGA PGV
          0.708 0.708 0.705 0.721 0.732 0.733 0.721 0.716 0.717 0.714 0.713 0.714 0.712 0.707 0.715 0.728 0.743 0.764 0.794 0.811 0.743 0.684 0.743
4.75 1.00 0.495 1.221 1.531 2.032 2.144 2.487 3.002 3.351 3.599 3.744 3.884 4.044 4.130 4.158 4.147 4.025 3.848 3.834 3.919 3.767 3.897 3.789 2.799
4.75 1.26 0.426 1.150 1.448 1.932 2.049 2.387 2.888 3.227 3.475 3.617 3.755 3.914 4.004 4.041 4.042 3.933 3.767 3.753 3.832 3.682 3.792 3.681 2.687
4.75 1.58 0.352 1.073 1.359 1.829 1.949 2.283 2.770 3.099 3.345 3.486 3.622 3.780 3.873 3.919 3.931 3.834 3.679 3.666 3.740 3.591 3.681 3.567 2.568
4.75 2.00 0.273 0.992 1.266 1.721 1.846 2.175 2.649 2.968 3.212 3.351 3.486 3.642 3.738 3.792 3.814 3.730 3.586 3.574 3.641 3.494 3.564 3.448 2.443
4.75 2.51 0.191 0.905 1.169 1.610 1.739 2.064 2.524 2.834 3.076 3.214 3.346 3.501 3.599 3.660 3.693 3.620 3.486 3.475 3.536 3.391 3.442 3.323 2.312
4.75 3.16 0.104 0.814 1.069 1.496 1.629 1.951 2.397 2.697 2.937 3.073 3.203 3.356 3.456 3.524 3.566 3.505 3.382 3.370 3.425 3.282 3.314 3.193 2.175
4.75 3.98 0.015 0.720 0.965 1.380 1.517 1.835 2.267 2.559 2.796 2.930 3.058 3.209 3.311 3.385 3.435 3.384 3.271 3.260 3.309 3.168 3.181 3.059 2.032
4.75 5.01 -0.077 0.622 0.859 1.262 1.402 1.717 2.136 2.418 2.652 2.784 2.911 3.059 3.163 3.242 3.300 3.259 3.156 3.145 3.188 3.048 3.043 2.921 1.885
4.75 6.31 -0.172 0.521 0.750 1.141 1.286 1.597 2.002 2.276 2.506 2.637 2.762 2.908 3.012 3.096 3.162 3.129 3.037 3.025 3.062 2.923 2.901 2.779 1.733
4.75 7.94 -0.268 0.417 0.639 1.020 1.168 1.476 1.868 2.132 2.359 2.489 2.612 2.754 2.860 2.947 3.020 2.996 2.913 2.900 2.931 2.793 2.755 2.634 1.577
4.75 10.00 -0.365 0.311 0.526 0.897 1.049 1.353 1.732 1.987 2.211 2.339 2.460 2.599 2.705 2.796 2.875 2.859 2.785 2.772 2.796 2.659 2.606 2.486 1.417
4.75 12.59 -0.464 0.203 0.412 0.772 0.928 1.230 1.594 1.841 2.061 2.187 2.306 2.443 2.549 2.643 2.728 2.718 2.653 2.639 2.656 2.520 2.453 2.334 1.253
4.75 15.85 -0.565 0.093 0.296 0.647 0.806 1.104 1.456 1.693 1.910 2.034 2.151 2.285 2.391 2.488 2.578 2.574 2.518 2.502 2.512 2.377 2.295 2.180 1.085
4.75 19.95 -0.666 -0.019 0.179 0.520 0.683 0.978 1.316 1.545 1.757 1.880 1.995 2.126 2.231 2.330 2.425 2.426 2.379 2.360 2.364 2.229 2.135 2.022 0.913
4.75 25.12 -0.769 -0.133 0.060 0.392 0.559 0.851 1.175 1.394 1.603 1.724 1.838 1.965 2.070 2.170 2.269 2.275 2.235 2.215 2.211 2.076 1.969 1.860 0.736
4.75 31.62 -0.874 -0.249 -0.060 0.263 0.433 0.721 1.032 1.243 1.447 1.567 1.678 1.802 1.906 2.008 2.109 2.120 2.087 2.064 2.053 1.917 1.799 1.695 0.554
4.75 39.81 -0.980 -0.367 -0.182 0.133 0.305 0.590 0.887 1.090 1.290 1.408 1.517 1.636 1.740 1.843 1.946 1.960 1.934 1.907 1.888 1.751 1.623 1.525 0.366
4.75 50.12 -1.088 -0.488 -0.307 0.001 0.176 0.457 0.740 0.934 1.130 1.246 1.353 1.469 1.571 1.674 1.779 1.794 1.774 1.744 1.716 1.577 1.441 1.349 0.171
4.75 63.10 -1.200 -0.612 -0.434 -0.133 0.044 0.322 0.590 0.776 0.967 1.081 1.186 1.298 1.399 1.500 1.606 1.622 1.608 1.572 1.534 1.393 1.250 1.166 -0.034
4.75 79.43 -1.315 -0.740 -0.564 -0.269 -0.091 0.184 0.436 0.615 0.801 0.913 1.015 1.123 1.222 1.322 1.427 1.442 1.432 1.390 1.342 1.198 1.049 0.974 -0.249
4.75 100.00 -1.434 -0.872 -0.697 -0.408 -0.229 0.041 0.279 0.450 0.631 0.741 0.840 0.943 1.040 1.137 1.240 1.252 1.245 1.196 1.136 0.987 0.835 0.772 -0.478
4.75 125.89 -1.558 -1.010 -0.836 -0.550 -0.372 -0.106 0.116 0.280 0.456 0.563 0.659 0.757 0.851 0.945 1.043 1.050 1.043 0.986 0.913 0.758 0.605 0.557 -0.723
4.75 158.49 -1.690 -1.155 -0.980 -0.697 -0.520 -0.259 -0.053 0.104 0.274 0.378 0.471 0.564 0.654 0.742 0.833 0.832 0.825 0.756 0.669 0.506 0.356 0.325 -0.990
4.75 199.53 -1.830 -1.309 -1.131 -0.850 -0.676 -0.419 -0.231 -0.079 0.084 0.185 0.274 0.361 0.447 0.527 0.608 0.595 0.584 0.502 0.398 0.224 0.082 0.072 -1.283
4.75 251.19 -1.981 -1.474 -1.291 -1.009 -0.840 -0.589 -0.419 -0.272 -0.116 -0.019 0.066 0.146 0.226 0.296 0.363 0.334 0.317 0.218 0.094 -0.094 -0.223 -0.207 -1.610
4.75 316.23 -2.146 -1.652 -1.463 -1.176 -1.014 -0.770 -0.620 -0.478 -0.329 -0.237 -0.156 -0.084 -0.011 0.045 0.093 0.042 0.015 -0.105 -0.253 -0.457 -0.567 -0.519 -1.978
4.75 398.11 -2.329 -1.849 -1.649 -1.355 -1.203 -0.967 -0.837 -0.698 -0.558 -0.471 -0.396 -0.333 -0.268 -0.230 -0.207 -0.287 -0.331 -0.476 -0.652 -0.879 -0.961 -0.872 -2.399
4.75 501.19 -2.533 -2.066 -1.853 -1.547 -1.408 -1.181 -1.076 -0.938 -0.807 -0.727 -0.659 -0.605 -0.552 -0.537 -0.546 -0.665 -0.731 -0.908 -1.118 -1.373 -1.416 -1.277 -2.886
4.75 630.96 -2.764 -2.312 -2.080 -1.756 -1.636 -1.419 -1.340 -1.201 -1.082 -1.010 -0.949 -0.908 -0.868 -0.883 -0.935 -1.103 -1.199 -1.416 -1.668 -1.958 -1.949 -1.748 -3.456
4.75 794.33 -3.031 -2.592 -2.335 -1.986 -1.891 -1.687 -1.636 -1.495 -1.389 -1.327 -1.274 -1.248 -1.226 -1.278 -1.384 -1.616 -1.753 -2.021 -2.323 -2.658 -2.580 -2.300 -4.131
4.75 1000.00 -3.340 -2.916 -2.626 -2.244 -2.180 -1.991 -1.974 -1.827 -1.736 -1.686 -1.645 -1.636 -1.635 -1.735 -1.912 -2.226 -2.416 -2.746 -3.111 -3.503 -3.334 -2.957 -4.939
5.00 1.00 0.633 1.354 1.688 2.200 2.313 2.652 3.155 3.493 3.722 3.859 3.991 4.139 4.209 4.222 4.193 4.053 3.866 3.842 3.919 3.759 3.898 3.807 2.800
5.00 1.26 0.571 1.290 1.611 2.106 2.223 2.557 3.046 3.374 3.603 3.738 3.868 4.015 4.089 4.111 4.094 3.967 3.790 3.767 3.838 3.680 3.800 3.706 2.695
5.00 1.58 0.503 1.220 1.528 2.007 2.128 2.457 2.933 3.251 3.479 3.612 3.740 3.886 3.964 3.995 3.989 3.874 3.709 3.687 3.752 3.596 3.695 3.599 2.583
5.00 2.00 0.430 1.144 1.440 1.903 2.029 2.354 2.816 3.124 3.351 3.482 3.608 3.752 3.834 3.873 3.878 3.775 3.621 3.600 3.659 3.506 3.585 3.486 2.465
5.00 2.51 0.353 1.063 1.348 1.796 1.926 2.247 2.695 2.993 3.219 3.348 3.472 3.615 3.700 3.746 3.762 3.671 3.528 3.507 3.561 3.409 3.468 3.367 2.340
5.00 3.16 0.271 0.977 1.251 1.686 1.819 2.136 2.570 2.860 3.083 3.211 3.332 3.474 3.561 3.615 3.640 3.561 3.429 3.409 3.457 3.307 3.346 3.243 2.210
5.00 3.98 0.185 0.887 1.151 1.572 1.710 2.023 2.443 2.723 2.944 3.070 3.190 3.329 3.419 3.479 3.513 3.445 3.324 3.304 3.346 3.199 3.218 3.113 2.073
5.00 5.01 0.097 0.792 1.047 1.456 1.597 1.907 2.314 2.585 2.803 2.927 3.045 3.182 3.273 3.339 3.382 3.324 3.213 3.194 3.230 3.084 3.086 2.979 1.931
5.00 6.31 0.005 0.694 0.941 1.337 1.483 1.789 2.182 2.444 2.659 2.782 2.898 3.033 3.125 3.196 3.247 3.198 3.098 3.078 3.109 2.964 2.948 2.841 1.783
5.00 7.94 -0.089 0.593 0.832 1.217 1.367 1.669 2.049 2.302 2.514 2.635 2.749 2.881 2.975 3.050 3.108 3.068 2.977 2.958 2.982 2.839 2.805 2.699 1.631
5.00 10.00 -0.184 0.490 0.721 1.095 1.249 1.548 1.914 2.158 2.366 2.486 2.598 2.727 2.822 2.901 2.965 2.934 2.852 2.832 2.850 2.708 2.659 2.553 1.474
5.00 12.59 -0.282 0.383 0.608 0.972 1.129 1.425 1.778 2.012 2.218 2.336 2.446 2.572 2.667 2.749 2.820 2.795 2.723 2.702 2.714 2.573 2.508 2.404 1.313
5.00 15.85 -0.381 0.275 0.493 0.847 1.008 1.301 1.640 1.866 2.067 2.184 2.292 2.415 2.510 2.595 2.671 2.653 2.590 2.568 2.572 2.432 2.353 2.251 1.147
5.00 19.95 -0.482 0.164 0.377 0.721 0.885 1.175 1.501 1.717 1.915 2.030 2.136 2.256 2.352 2.439 2.519 2.507 2.453 2.428 2.426 2.286 2.194 2.095 0.976
5.00 25.12 -0.584 0.051 0.259 0.594 0.762 1.048 1.360 1.568 1.762 1.875 1.979 2.096 2.191 2.280 2.364 2.357 2.311 2.284 2.275 2.135 2.030 1.934 0.801
5.00 31.62 -0.688 -0.064 0.139 0.465 0.636 0.919 1.217 1.417 1.606 1.718 1.820 1.933 2.028 2.118 2.206 2.203 2.164 2.135 2.118 1.978 1.861 1.770 0.620
5.00 39.81 -0.793 -0.182 0.017 0.335 0.509 0.788 1.073 1.264 1.449 1.559 1.659 1.769 1.862 1.953 2.044 2.044 2.011 1.979 1.954 1.813 1.686 1.600 0.433
5.00 50.12 -0.902 -0.302 -0.107 0.204 0.380 0.656 0.926 1.109 1.290 1.398 1.495 1.601 1.693 1.785 1.877 1.879 1.853 1.817 1.783 1.640 1.504 1.425 0.239
5.00 63.10 -1.013 -0.426 -0.233 0.070 0.248 0.520 0.776 0.951 1.127 1.233 1.328 1.430 1.521 1.612 1.705 1.707 1.687 1.646 1.603 1.457 1.314 1.242 0.035
5.00 79.43 -1.127 -0.553 -0.363 -0.066 0.113 0.382 0.623 0.790 0.961 1.065 1.158 1.256 1.345 1.434 1.526 1.528 1.511 1.464 1.411 1.262 1.113 1.051 -0.180
5.00 100.00 -1.246 -0.685 -0.496 -0.205 -0.025 0.240 0.465 0.625 0.791 0.893 0.983 1.076 1.163 1.249 1.339 1.338 1.324 1.270 1.205 1.052 0.900 0.850 -0.408
5.00 125.89 -1.371 -0.823 -0.635 -0.347 -0.168 0.093 0.303 0.455 0.616 0.715 0.802 0.890 0.974 1.057 1.142 1.136 1.124 1.061 0.983 0.823 0.671 0.634 -0.653
5.00 158.49 -1.502 -0.968 -0.779 -0.494 -0.316 -0.060 0.133 0.279 0.435 0.530 0.614 0.697 0.777 0.854 0.932 0.918 0.905 0.832 0.739 0.571 0.422 0.403 -0.920
5.00 199.53 -1.642 -1.121 -0.930 -0.646 -0.471 -0.221 -0.044 0.096 0.245 0.337 0.417 0.494 0.570 0.639 0.707 0.682 0.665 0.578 0.468 0.290 0.148 0.150 -1.213
5.00 251.19 -1.794 -1.286 -1.090 -0.805 -0.635 -0.390 -0.232 -0.097 0.045 0.133 0.209 0.279 0.349 0.408 0.462 0.421 0.398 0.294 0.164 -0.027 -0.157 -0.129 -1.539
5.00 316.23 -1.958 -1.465 -1.262 -0.973 -0.810 -0.572 -0.433 -0.303 -0.168 -0.084 -0.013 0.049 0.113 0.157 0.193 0.129 0.096 -0.029 -0.182 -0.391 -0.501 -0.441 -1.907
5.00 398.11 -2.141 -1.661 -1.448 -1.151 -0.998 -0.768 -0.650 -0.523 -0.397 -0.319 -0.253 -0.199 -0.145 -0.118 -0.107 -0.200 -0.250 -0.400 -0.582 -0.812 -0.895 -0.794 -2.328
5.00 501.19 -2.345 -1.878 -1.652 -1.343 -1.204 -0.982 -0.889 -0.762 -0.646 -0.575 -0.515 -0.472 -0.429 -0.424 -0.447 -0.578 -0.650 -0.832 -1.048 -1.306 -1.350 -1.199 -2.815
5.00 630.96 -2.576 -2.124 -1.879 -1.552 -1.431 -1.220 -1.153 -1.026 -0.921 -0.858 -0.805 -0.774 -0.745 -0.770 -0.835 -1.015 -1.118 -1.340 -1.597 -1.891 -1.883 -1.669 -3.385
5.00 794.33 -2.842 -2.404 -2.134 -1.783 -1.686 -1.488 -1.449 -1.320 -1.228 -1.174 -1.131 -1.115 -1.102 -1.165 -1.285 -1.529 -1.672 -1.944 -2.252 -2.591 -2.514 -2.222 -4.061
5.00 1000.00 -3.152 -2.727 -2.425 -2.040 -1.975 -1.792 -1.787 -1.651 -1.575 -1.534 -1.501 -1.502 -1.512 -1.622 -1.812 -2.138 -2.335 -2.670 -3.040 -3.436 -3.268 -2.878 -4.868
5.25 1.00 0.766 1.482 1.837 2.360 2.472 2.808 3.300 3.628 3.839 3.970 4.094 4.230 4.285 4.284 4.240 4.084 3.887 3.854 3.922 3.755 3.903 3.826 2.805
5.25 1.26 0.710 1.424 1.766 2.271 2.389 2.719 3.198 3.516 3.727 3.855 3.977 4.112 4.172 4.180 4.147 4.003 3.817 3.784 3.847 3.682 3.810 3.732 2.706
5.25 1.58 0.648 1.360 1.690 2.178 2.299 2.625 3.090 3.398 3.608 3.735 3.855 3.989 4.053 4.070 4.048 3.916 3.741 3.710 3.767 3.604 3.712 3.631 2.601
5.25 2.00 0.582 1.291 1.607 2.080 2.205 2.527 2.977 3.276 3.485 3.610 3.728 3.861 3.929 3.954 3.943 3.823 3.660 3.629 3.681 3.521 3.609 3.525 2.490
5.25 2.51 0.510 1.216 1.520 1.977 2.107 2.423 2.860 3.149 3.358 3.480 3.596 3.728 3.800 3.832 3.832 3.725 3.572 3.543 3.590 3.431 3.499 3.412 2.373
5.25 3.16 0.433 1.135 1.428 1.870 2.004 2.317 2.740 3.019 3.226 3.347 3.461 3.591 3.666 3.706 3.715 3.620 3.479 3.451 3.492 3.336 3.383 3.294 2.248
5.25 3.98 0.352 1.050 1.332 1.759 1.898 2.206 2.616 2.886 3.091 3.210 3.322 3.450 3.528 3.574 3.594 3.509 3.380 3.352 3.388 3.234 3.261 3.170 2.118
5.25 5.01 0.268 0.960 1.232 1.646 1.788 2.093 2.489 2.749 2.952 3.070 3.179 3.306 3.386 3.439 3.467 3.393 3.274 3.247 3.277 3.125 3.133 3.041 1.981
5.25 6.31 0.180 0.866 1.128 1.530 1.676 1.977 2.360 2.611 2.811 2.927 3.035 3.159 3.241 3.299 3.335 3.272 3.163 3.137 3.161 3.011 3.000 2.907 1.839
5.25 7.94 0.089 0.768 1.022 1.411 1.562 1.859 2.228 2.470 2.668 2.782 2.888 3.010 3.092 3.155 3.199 3.145 3.047 3.021 3.039 2.891 2.862 2.769 1.691
5.25 10.00 -0.005 0.667 0.913 1.291 1.445 1.739 2.095 2.328 2.522 2.634 2.738 2.858 2.942 3.009 3.060 3.014 2.926 2.900 2.912 2.765 2.719 2.626 1.538
5.25 12.59 -0.100 0.563 0.802 1.169 1.327 1.618 1.960 2.183 2.375 2.485 2.587 2.704 2.788 2.859 2.917 2.879 2.800 2.773 2.779 2.633 2.571 2.480 1.380
5.25 15.85 -0.198 0.456 0.689 1.045 1.207 1.494 1.823 2.038 2.225 2.334 2.434 2.548 2.633 2.707 2.770 2.739 2.669 2.641 2.640 2.496 2.419 2.329 1.217
5.25 19.95 -0.297 0.347 0.573 0.920 1.085 1.369 1.684 1.890 2.074 2.182 2.280 2.390 2.475 2.552 2.620 2.595 2.534 2.505 2.497 2.353 2.262 2.174 1.049
5.25 25.12 -0.398 0.235 0.456 0.793 0.962 1.243 1.544 1.741 1.922 2.027 2.123 2.230 2.315 2.394 2.466 2.446 2.394 2.362 2.348 2.203 2.099 2.016 0.875
5.25 31.62 -0.501 0.121 0.337 0.665 0.837 1.115 1.402 1.591 1.767 1.871 1.965 2.068 2.153 2.233 2.309 2.293 2.248 2.215 2.192 2.048 1.932 1.852 0.696
5.25 39.81 -0.606 0.004 0.216 0.536 0.710 0.984 1.258 1.438 1.610 1.712 1.804 1.904 1.988 2.069 2.147 2.135 2.097 2.061 2.030 1.885 1.758 1.684 0.510
5.25 50.12 -0.714 -0.115 0.093 0.405 0.582 0.852 1.111 1.283 1.451 1.551 1.640 1.737 1.820 1.901 1.981 1.971 1.940 1.899 1.860 1.713 1.577 1.509 0.317
5.25 63.10 -0.825 -0.238 -0.034 0.271 0.450 0.717 0.962 1.126 1.289 1.387 1.474 1.567 1.648 1.728 1.809 1.801 1.774 1.729 1.681 1.531 1.388 1.327 0.114
5.25 79.43 -0.939 -0.365 -0.163 0.135 0.316 0.579 0.809 0.965 1.123 1.219 1.304 1.392 1.472 1.551 1.631 1.621 1.599 1.548 1.490 1.337 1.188 1.137 -0.100
5.25 100.00 -1.058 -0.497 -0.296 -0.003 0.178 0.437 0.652 0.800 0.953 1.047 1.129 1.213 1.290 1.366 1.444 1.432 1.413 1.355 1.285 1.128 0.975 0.935 -0.328
5.25 125.89 -1.182 -0.634 -0.434 -0.145 0.035 0.290 0.489 0.630 0.778 0.870 0.948 1.027 1.102 1.174 1.248 1.231 1.213 1.146 1.063 0.900 0.746 0.720 -0.573
5.25 158.49 -1.313 -0.779 -0.578 -0.292 -0.113 0.137 0.320 0.455 0.597 0.685 0.760 0.834 0.905 0.972 1.038 1.013 0.995 0.917 0.819 0.648 0.497 0.489 -0.839
5.25 199.53 -1.453 -0.932 -0.729 -0.444 -0.268 -0.023 0.142 0.271 0.407 0.492 0.564 0.631 0.698 0.757 0.813 0.777 0.755 0.664 0.549 0.367 0.224 0.237 -1.132
5.25 251.19 -1.604 -1.097 -0.889 -0.603 -0.432 -0.193 -0.046 0.078 0.207 0.288 0.356 0.416 0.477 0.526 0.569 0.516 0.488 0.380 0.245 0.050 -0.081 -0.042 -1.458
5.25 316.23 -1.769 -1.275 -1.061 -0.771 -0.606 -0.374 -0.246 -0.127 -0.006 0.070 0.134 0.187 0.241 0.276 0.300 0.225 0.186 0.057 -0.101 -0.314 -0.425 -0.354 -1.826
5.25 398.11 -1.951 -1.471 -1.247 -0.949 -0.795 -0.570 -0.464 -0.347 -0.235 -0.164 -0.106 -0.062 -0.017 0.000 -0.001 -0.104 -0.159 -0.314 -0.500 -0.735 -0.818 -0.707 -2.246
5.25 501.19 -2.155 -1.689 -1.451 -1.141 -1.000 -0.785 -0.702 -0.587 -0.484 -0.420 -0.368 -0.335 -0.300 -0.306 -0.340 -0.482 -0.559 -0.745 -0.966 -1.228 -1.273 -1.111 -2.733
5.25 630.96 -2.387 -1.935 -1.678 -1.350 -1.228 -1.023 -0.966 -0.850 -0.758 -0.703 -0.659 -0.637 -0.617 -0.652 -0.728 -0.920 -1.027 -1.253 -1.516 -1.813 -1.806 -1.582 -3.304
5.25 794.33 -2.653 -2.214 -1.933 -1.581 -1.482 -1.290 -1.263 -1.144 -1.065 -1.020 -0.984 -0.977 -0.974 -1.047 -1.178 -1.433 -1.582 -1.858 -2.171 -2.513 -2.437 -2.135 -3.979
5.25 1000.00 -2.963 -2.538 -2.224 -1.838 -1.771 -1.594 -1.601 -1.476 -1.413 -1.379 -1.354 -1.365 -1.383 -1.504 -1.705 -2.042 -2.244 -2.583 -2.958 -3.358 -3.191 -2.791 -4.786
5.50 1.00 0.892 1.602 1.979 2.511 2.624 2.957 3.438 3.757 3.950 4.074 4.193 4.317 4.358 4.346 4.288 4.119 3.912 3.869 3.930 3.756 3.911 3.847 2.813
5.50 1.26 0.843 1.551 1.914 2.429 2.546 2.874 3.342 3.651 3.844 3.966 4.082 4.206 4.252 4.247 4.201 4.042 3.847 3.805 3.861 3.689 3.824 3.758 2.721
5.50 1.58 0.788 1.494 1.844 2.342 2.463 2.786 3.240 3.539 3.732 3.852 3.966 4.090 4.139 4.144 4.108 3.961 3.777 3.736 3.786 3.617 3.732 3.664 2.623
5.50 2.00 0.727 1.431 1.768 2.249 2.374 2.692 3.133 3.422 3.615 3.733 3.845 3.967 4.022 4.034 4.009 3.874 3.701 3.662 3.707 3.539 3.635 3.565 2.519
5.50 2.51 0.662 1.363 1.686 2.151 2.281 2.594 3.021 3.300 3.493 3.609 3.718 3.840 3.898 3.918 3.904 3.781 3.620 3.582 3.621 3.457 3.532 3.459 2.408
5.50 3.16 0.591 1.288 1.600 2.048 2.183 2.492 2.905 3.175 3.366 3.480 3.587 3.707 3.770 3.797 3.793 3.682 3.533 3.496 3.530 3.368 3.422 3.347 2.291
5.50 3.98 0.515 1.208 1.508 1.942 2.080 2.385 2.784 3.045 3.235 3.347 3.452 3.571 3.636 3.671 3.676 3.577 3.439 3.404 3.432 3.272 3.307 3.229 2.167
5.50 5.01 0.435 1.124 1.412 1.832 1.974 2.275 2.661 2.912 3.100 3.211 3.313 3.430 3.499 3.540 3.554 3.466 3.339 3.305 3.328 3.170 3.185 3.106 2.037
5.50 6.31 0.351 1.034 1.312 1.718 1.865 2.162 2.534 2.776 2.962 3.071 3.172 3.286 3.357 3.404 3.427 3.350 3.234 3.200 3.218 3.062 3.057 2.977 1.900
5.50 7.94 0.264 0.940 1.209 1.602 1.753 2.046 2.405 2.637 2.821 2.928 3.027 3.139 3.212 3.264 3.295 3.227 3.122 3.089 3.101 2.948 2.924 2.843 1.758
5.50 10.00 0.174 0.842 1.103 1.484 1.639 1.928 2.274 2.496 2.678 2.783 2.880 2.990 3.064 3.120 3.159 3.100 3.005 2.972 2.979 2.827 2.785 2.704 1.609
5.50 12.59 0.081 0.741 0.994 1.363 1.522 1.808 2.140 2.354 2.532 2.636 2.730 2.838 2.913 2.973 3.018 2.968 2.882 2.850 2.850 2.699 2.641 2.561 1.455
5.50 15.85 -0.015 0.637 0.882 1.241 1.403 1.686 2.004 2.209 2.384 2.486 2.579 2.683 2.759 2.823 2.874 2.831 2.755 2.722 2.716 2.566 2.492 2.413 1.295
5.50 19.95 -0.113 0.530 0.768 1.117 1.283 1.562 1.867 2.063 2.234 2.335 2.425 2.527 2.603 2.669 2.725 2.689 2.622 2.588 2.575 2.426 2.337 2.261 1.130
5.50 25.12 -0.212 0.420 0.652 0.991 1.161 1.436 1.727 1.914 2.082 2.181 2.269 2.368 2.444 2.513 2.573 2.543 2.484 2.448 2.429 2.280 2.177 2.104 0.959
5.50 31.62 -0.314 0.307 0.534 0.864 1.036 1.309 1.586 1.764 1.928 2.025 2.111 2.207 2.282 2.353 2.417 2.391 2.341 2.303 2.276 2.127 2.012 1.942 0.782
5.50 39.81 -0.419 0.191 0.414 0.735 0.910 1.179 1.442 1.612 1.772 1.867 1.951 2.043 2.118 2.190 2.257 2.234 2.191 2.150 2.115 1.966 1.839 1.775 0.597
5.50 50.12 -0.526 0.072 0.291 0.604 0.782 1.047 1.296 1.458 1.613 1.707 1.788 1.876 1.951 2.022 2.092 2.072 2.035 1.990 1.947 1.796 1.660 1.601 0.405
5.50 63.10 -0.636 -0.050 0.165 0.471 0.651 0.912 1.147 1.301 1.452 1.543 1.622 1.706 1.779 1.851 1.921 1.902 1.870 1.821 1.769 1.615 1.471 1.420 0.203
5.50 79.43 -0.750 -0.177 0.036 0.335 0.516 0.774 0.994 1.140 1.286 1.376 1.452 1.532 1.603 1.673 1.743 1.723 1.696 1.641 1.579 1.422 1.272 1.230 -0.010
5.50 100.00 -0.868 -0.308 -0.097 0.197 0.379 0.632 0.837 0.976 1.117 1.204 1.278 1.353 1.422 1.489 1.557 1.535 1.511 1.449 1.375 1.214 1.060 1.029 -0.237
5.50 125.89 -0.992 -0.445 -0.235 0.055 0.236 0.486 0.675 0.806 0.942 1.026 1.097 1.168 1.234 1.297 1.360 1.333 1.311 1.240 1.153 0.986 0.831 0.815 -0.481
5.50 158.49 -1.123 -0.589 -0.378 -0.092 0.088 0.333 0.506 0.630 0.761 0.842 0.910 0.975 1.037 1.095 1.151 1.117 1.093 1.012 0.910 0.735 0.583 0.584 -0.747
5.50 199.53 -1.263 -0.742 -0.529 -0.244 -0.067 0.173 0.328 0.447 0.571 0.649 0.713 0.772 0.830 0.880 0.927 0.880 0.854 0.759 0.640 0.455 0.310 0.331 -1.039
5.50 251.19 -1.414 -0.907 -0.689 -0.403 -0.230 0.003 0.141 0.254 0.371 0.445 0.505 0.557 0.610 0.650 0.682 0.620 0.587 0.475 0.337 0.138 0.005 0.053 -1.365
5.50 316.23 -1.579 -1.085 -0.861 -0.570 -0.405 -0.178 -0.060 0.049 0.159 0.227 0.283 0.328 0.373 0.400 0.413 0.329 0.285 0.153 -0.009 -0.225 -0.338 -0.258 -1.733
5.50 398.11 -1.761 -1.281 -1.047 -0.748 -0.593 -0.374 -0.278 -0.171 -0.070 -0.007 0.043 0.079 0.116 0.124 0.113 -0.000 -0.060 -0.217 -0.408 -0.646 -0.731 -0.611 -2.154
5.50 501.19 -1.965 -1.499 -1.251 -0.940 -0.799 -0.588 -0.516 -0.411 -0.320 -0.263 -0.219 -0.194 -0.168 -0.182 -0.226 -0.378 -0.460 -0.649 -0.874 -1.140 -1.186 -1.016 -2.640
5.50 630.96 -2.196 -1.744 -1.477 -1.149 -1.026 -0.826 -0.780 -0.674 -0.594 -0.546 -0.509 -0.496 -0.484 -0.528 -0.614 -0.815 -0.928 -1.157 -1.423 -1.725 -1.719 -1.486 -3.210
5.50 794.33 -2.462 -2.024 -1.732 -1.380 -1.281 -1.094 -1.076 -0.968 -0.901 -0.862 -0.835 -0.836 -0.841 -0.923 -1.064 -1.329 -1.482 -1.761 -2.078 -2.424 -2.350 -2.039 -3.885
5.50 1000.00 -2.772 -2.347 -2.023 -1.637 -1.570 -1.398 -1.414 -1.300 -1.248 -1.222 -1.205 -1.224 -1.250 -1.380 -1.591 -1.938 -2.144 -2.487 -2.866 -3.269 -3.104 -2.695 -4.692
5.75 1.00 1.013 1.718 2.113 2.655 2.766 3.096 3.567 3.879 4.054 4.173 4.286 4.401 4.428 4.406 4.338 4.157 3.942 3.890 3.943 3.763 3.923 3.869 2.826
5.75 1.26 0.969 1.672 2.055 2.579 2.695 3.020 3.478 3.779 3.955 4.072 4.183 4.296 4.328 4.314 4.256 4.085 3.881 3.831 3.879 3.700 3.842 3.786 2.740
5.75 1.58 0.920 1.622 1.991 2.498 2.618 2.938 3.382 3.674 3.850 3.965 4.073 4.186 4.223 4.217 4.168 4.009 3.816 3.767 3.810 3.633 3.756 3.698 2.648
5.75 2.00 0.867 1.566 1.921 2.411 2.536 2.851 3.281 3.563 3.739 3.852 3.958 4.070 4.111 4.113 4.075 3.927 3.746 3.698 3.736 3.562 3.665 3.605 2.550
5.75 2.51 0.807 1.504 1.846 2.318 2.448 2.758 3.175 3.447 3.623 3.734 3.837 3.949 3.994 4.004 3.976 3.840 3.671 3.624 3.657 3.485 3.568 3.506 2.447
5.75 3.16 0.743 1.436 1.765 2.221 2.355 2.660 3.064 3.326 3.502 3.610 3.712 3.822 3.872 3.889 3.871 3.747 3.589 3.544 3.572 3.403 3.465 3.401 2.337
5.75 3.98 0.673 1.362 1.679 2.118 2.257 2.558 2.948 3.200 3.375 3.482 3.581 3.690 3.744 3.768 3.760 3.648 3.502 3.458 3.481 3.314 3.356 3.290 2.220
5.75 5.01 0.598 1.283 1.588 2.012 2.155 2.452 2.829 3.071 3.245 3.350 3.446 3.554 3.611 3.642 3.644 3.542 3.408 3.366 3.383 3.219 3.241 3.172 2.096
5.75 6.31 0.519 1.198 1.492 1.902 2.049 2.342 2.705 2.938 3.111 3.214 3.308 3.414 3.474 3.510 3.521 3.431 3.308 3.267 3.279 3.117 3.119 3.049 1.966
5.75 7.94 0.436 1.109 1.392 1.789 1.940 2.229 2.579 2.802 2.973 3.074 3.166 3.270 3.332 3.374 3.394 3.314 3.201 3.162 3.168 3.009 2.991 2.920 1.829
5.75 10.00 0.349 1.015 1.289 1.673 1.828 2.113 2.450 2.664 2.832 2.931 3.022 3.123 3.187 3.234 3.261 3.191 3.089 3.050 3.051 2.894 2.857 2.786 1.686
5.75 12.59 0.259 0.918 1.183 1.554 1.714 1.995 2.318 2.523 2.689 2.786 2.874 2.973 3.039 3.090 3.124 3.062 2.971 2.932 2.928 2.772 2.717 2.647 1.537
5.75 15.85 0.166 0.816 1.073 1.433 1.597 1.875 2.184 2.380 2.542 2.638 2.724 2.821 2.887 2.942 2.982 2.928 2.847 2.808 2.797 2.643 2.572 2.502 1.381
5.75 19.95 0.071 0.711 0.961 1.311 1.478 1.752 2.047 2.234 2.394 2.488 2.572 2.666 2.733 2.791 2.836 2.789 2.717 2.678 2.661 2.508 2.421 2.353 1.219
5.75 25.12 -0.027 0.603 0.847 1.186 1.356 1.627 1.909 2.087 2.243 2.336 2.417 2.508 2.576 2.636 2.686 2.645 2.582 2.541 2.517 2.365 2.263 2.198 1.051
5.75 31.62 -0.128 0.492 0.730 1.060 1.233 1.500 1.768 1.938 2.090 2.181 2.261 2.348 2.415 2.477 2.532 2.496 2.440 2.398 2.367 2.215 2.100 2.038 0.876
5.75 39.81 -0.231 0.378 0.610 0.931 1.107 1.371 1.625 1.786 1.935 2.024 2.101 2.185 2.252 2.315 2.373 2.341 2.293 2.248 2.209 2.056 1.929 1.872 0.694
5.75 50.12 -0.337 0.260 0.488 0.801 0.980 1.240 1.480 1.633 1.777 1.864 1.939 2.019 2.085 2.149 2.209 2.179 2.138 2.090 2.042 1.888 1.751 1.700 0.503
5.75 63.10 -0.446 0.139 0.363 0.668 0.849 1.106 1.331 1.476 1.616 1.701 1.773 1.849 1.915 1.978 2.038 2.010 1.975 1.922 1.866 1.709 1.564 1.520 0.302
5.75 79.43 -0.560 0.013 0.235 0.533 0.715 0.968 1.179 1.316 1.451 1.534 1.604 1.676 1.739 1.801 1.861 1.833 1.802 1.744 1.677 1.517 1.366 1.331 0.090
5.75 100.00 -0.678 -0.118 0.102 0.395 0.578 0.827 1.022 1.151 1.282 1.362 1.429 1.497 1.558 1.618 1.676 1.645 1.617 1.552 1.474 1.310 1.154 1.131 -0.136
5.75 125.89 -0.801 -0.254 -0.035 0.253 0.436 0.680 0.860 0.982 1.107 1.185 1.249 1.312 1.371 1.426 1.480 1.444 1.418 1.344 1.253 1.083 0.927 0.917 -0.379
5.75 158.49 -0.932 -0.398 -0.179 0.107 0.288 0.528 0.691 0.807 0.926 1.001 1.062 1.119 1.174 1.224 1.271 1.228 1.201 1.117 1.011 0.833 0.679 0.686 -0.645
5.75 199.53 -1.072 -0.551 -0.330 -0.045 0.133 0.368 0.514 0.623 0.737 0.808 0.865 0.916 0.967 1.010 1.047 0.992 0.962 0.864 0.742 0.553 0.406 0.435 -0.936
5.75 251.19 -1.223 -0.716 -0.489 -0.204 -0.030 0.198 0.326 0.430 0.537 0.604 0.657 0.702 0.747 0.779 0.803 0.732 0.695 0.581 0.438 0.237 0.102 0.156 -1.262
5.75 316.23 -1.387 -0.894 -0.661 -0.371 -0.205 0.017 0.125 0.225 0.324 0.387 0.435 0.472 0.511 0.529 0.534 0.441 0.393 0.259 0.093 -0.126 -0.242 -0.155 -1.629
5.75 398.11 -1.569 -1.089 -0.847 -0.549 -0.393 -0.179 -0.092 0.005 0.095 0.152 0.196 0.224 0.253 0.254 0.234 0.112 0.049 -0.111 -0.306 -0.547 -0.634 -0.507 -2.050
5.75 501.19 -1.773 -1.307 -1.051 -0.741 -0.599 -0.393 -0.330 -0.234 -0.154 -0.104 -0.067 -0.049 -0.030 -0.052 -0.105 -0.265 -0.351 -0.543 -0.771 -1.040 -1.089 -0.912 -2.536
5.75 630.96 -2.004 -1.552 -1.277 -0.950 -0.826 -0.631 -0.594 -0.498 -0.428 -0.386 -0.357 -0.351 -0.346 -0.398 -0.493 -0.703 -0.819 -1.051 -1.320 -1.625 -1.622 -1.382 -3.106
5.75 794.33 -2.270 -1.832 -1.532 -1.181 -1.081 -0.899 -0.890 -0.791 -0.735 -0.703 -0.682 -0.691 -0.704 -0.793 -0.943 -1.216 -1.373 -1.655 -1.975 -2.324 -2.253 -1.935 -3.781
5.75 1000.00 -2.580 -2.155 -1.823 -1.438 -1.370 -1.203 -1.228 -1.123 -1.082 -1.062 -1.052 -1.079 -1.113 -1.250 -1.470 -1.825 -2.035 -2.380 -2.763 -3.169 -3.007 -2.591 -4.588
6.00 1.00 1.128 1.828 2.239 2.789 2.899 3.227 3.688 3.993 4.151 4.266 4.375 4.480 4.494 4.467 4.390 4.199 3.976 3.917 3.963 3.776 3.940 3.893 2.845
6.00 1.26 1.090 1.788 2.187 2.720 2.834 3.157 3.605 3.900 4.059 4.171 4.278 4.382 4.401 4.380 4.312 4.132 3.920 3.861 3.902 3.717 3.864 3.816 2.763
6.00 1.58 1.047 1.743 2.130 2.645 2.764 3.082 3.517 3.801 3.961 4.071 4.175 4.279 4.303 4.289 4.230 4.060 3.859 3.802 3.838 3.655 3.783 3.734 2.677
6.00 2.00 1.000 1.694 2.067 2.564 2.688 3.001 3.422 3.697 3.857 3.965 4.067 4.169 4.198 4.191 4.143 3.984 3.795 3.738 3.769 3.589 3.698 3.647 2.586
6.00 2.51 0.947 1.638 1.998 2.478 2.606 2.914 3.322 3.587 3.747 3.853 3.952 4.054 4.088 4.088 4.050 3.902 3.725 3.670 3.696 3.518 3.607 3.554 2.489
6.00 3.16 0.888 1.577 1.923 2.386 2.519 2.822 3.217 3.471 3.632 3.736 3.833 3.934 3.972 3.979 3.951 3.815 3.649 3.596 3.617 3.441 3.511 3.456 2.385
6.00 3.98 0.825 1.510 1.843 2.289 2.427 2.725 3.106 3.351 3.512 3.614 3.707 3.808 3.850 3.865 3.846 3.721 3.567 3.516 3.532 3.359 3.408 3.351 2.276
6.00 5.01 0.756 1.437 1.757 2.187 2.329 2.623 2.991 3.226 3.386 3.486 3.578 3.676 3.723 3.744 3.735 3.622 3.479 3.430 3.441 3.271 3.299 3.241 2.159
6.00 6.31 0.683 1.358 1.666 2.081 2.228 2.517 2.872 3.097 3.257 3.354 3.443 3.541 3.590 3.618 3.618 3.516 3.385 3.337 3.344 3.176 3.184 3.123 2.036
6.00 7.94 0.604 1.274 1.571 1.971 2.122 2.408 2.749 2.964 3.123 3.218 3.305 3.401 3.453 3.486 3.495 3.404 3.284 3.238 3.239 3.074 3.062 3.000 1.905
6.00 10.00 0.522 1.185 1.471 1.858 2.013 2.295 2.622 2.829 2.985 3.079 3.164 3.257 3.312 3.350 3.367 3.285 3.177 3.132 3.128 2.965 2.934 2.871 1.768
6.00 12.59 0.436 1.091 1.368 1.742 1.901 2.179 2.493 2.690 2.844 2.936 3.019 3.110 3.167 3.209 3.233 3.161 3.064 3.020 3.010 2.849 2.799 2.736 1.624
6.00 15.85 0.346 0.993 1.261 1.623 1.786 2.060 2.361 2.549 2.700 2.791 2.871 2.960 3.018 3.065 3.095 3.031 2.944 2.900 2.885 2.726 2.658 2.596 1.473
6.00 19.95 0.253 0.891 1.152 1.502 1.669 1.939 2.226 2.405 2.554 2.643 2.720 2.806 2.866 2.916 2.952 2.895 2.818 2.774 2.753 2.595 2.510 2.450 1.315
6.00 25.12 0.157 0.786 1.039 1.378 1.549 1.816 2.089 2.259 2.405 2.492 2.567 2.650 2.710 2.763 2.804 2.754 2.686 2.641 2.613 2.456 2.357 2.298 1.151
6.00 31.62 0.058 0.677 0.923 1.253 1.427 1.690 1.950 2.111 2.253 2.338 2.411 2.492 2.552 2.606 2.652 2.607 2.547 2.501 2.466 2.310 2.196 2.141 0.979
6.00 39.81 -0.043 0.564 0.805 1.126 1.302 1.562 1.808 1.960 2.099 2.182 2.253 2.330 2.390 2.445 2.494 2.454 2.402 2.354 2.311 2.154 2.028 1.977 0.799
6.00 50.12 -0.148 0.448 0.684 0.996 1.175 1.431 1.663 1.807 1.941 2.023 2.091 2.164 2.224 2.280 2.331 2.294 2.249 2.197 2.147 1.989 1.852 1.806 0.610
6.00 63.10 -0.257 0.327 0.560 0.864 1.045 1.297 1.515 1.651 1.781 1.860 1.926 1.996 2.054 2.110 2.162 2.127 2.087 2.032 1.972 1.812 1.666 1.628 0.411
6.00 79.43 -0.369 0.203 0.432 0.729 0.912 1.160 1.363 1.491 1.617 1.693 1.757 1.822 1.879 1.934 1.986 1.950 1.915 1.855 1.785 1.622 1.469 1.440 0.201
6.00 100.00 -0.487 0.073 0.300 0.592 0.775 1.019 1.206 1.327 1.448 1.522 1.583 1.644 1.699 1.751 1.801 1.763 1.732 1.664 1.583 1.416 1.258 1.241 -0.024
6.00 125.89 -0.610 -0.063 0.163 0.450 0.633 0.873 1.045 1.158 1.274 1.345 1.403 1.459 1.512 1.560 1.606 1.563 1.533 1.457 1.363 1.190 1.032 1.027 -0.267
6.00 158.49 -0.740 -0.207 0.020 0.304 0.486 0.721 0.876 0.983 1.093 1.161 1.216 1.267 1.316 1.359 1.398 1.347 1.317 1.230 1.122 0.941 0.785 0.797 -0.531
6.00 199.53 -0.880 -0.359 -0.131 0.152 0.331 0.561 0.699 0.800 0.904 0.969 1.020 1.064 1.109 1.145 1.174 1.112 1.078 0.979 0.853 0.662 0.512 0.546 -0.823
6.00 251.19 -1.030 -0.523 -0.290 -0.006 0.168 0.392 0.511 0.607 0.704 0.765 0.812 0.850 0.889 0.914 0.930 0.852 0.812 0.696 0.551 0.346 0.208 0.268 -1.148
6.00 316.23 -1.194 -0.701 -0.462 -0.174 -0.007 0.211 0.311 0.402 0.492 0.548 0.591 0.621 0.653 0.664 0.661 0.562 0.511 0.374 0.205 -0.016 -0.135 -0.043 -1.515
6.00 398.11 -1.376 -0.897 -0.647 -0.352 -0.195 0.015 0.094 0.182 0.263 0.314 0.351 0.372 0.395 0.390 0.361 0.233 0.166 0.004 -0.193 -0.436 -0.527 -0.395 -1.935
6.00 501.19 -1.580 -1.114 -0.851 -0.543 -0.400 -0.200 -0.144 -0.057 0.014 0.058 0.089 0.100 0.112 0.083 0.023 -0.144 -0.233 -0.427 -0.658 -0.929 -0.982 -0.800 -2.421
6.00 630.96 -1.811 -1.359 -1.077 -0.752 -0.627 -0.438 -0.408 -0.321 -0.261 -0.225 -0.201 -0.202 -0.204 -0.262 -0.365 -0.581 -0.701 -0.934 -1.207 -1.514 -1.514 -1.270 -2.991
6.00 794.33 -2.077 -1.639 -1.332 -0.983 -0.882 -0.705 -0.705 -0.614 -0.568 -0.541 -0.527 -0.542 -0.561 -0.657 -0.815 -1.095 -1.255 -1.538 -1.862 -2.213 -2.145 -1.822 -3.666
6.00 1000.00 -2.387 -1.962 -1.623 -1.240 -1.171 -1.009 -1.043 -0.946 -0.915 -0.901 -0.897 -0.930 -0.970 -1.114 -1.342 -1.704 -1.917 -2.264 -2.649 -3.058 -2.899 -2.478 -4.473
6.25 1.00 1.239 1.933 2.359 2.916 3.023 3.349 3.800 4.100 4.242 4.353 4.459 4.555 4.559 4.527 4.444 4.246 4.016 3.950 3.989 3.796 3.963 3.920 2.870
6.25 1.26 1.206 1.898 2.313 2.853 2.965 3.286 3.724 4.014 4.156 4.265 4.369 4.464 4.472 4.446 4.371 4.182 3.963 3.898 3.932 3.741 3.891 3.848 2.792
6.25 1.58 1.169 1.859 2.261 2.784 2.901 3.217 3.643 3.922 4.065 4.172 4.273 4.367 4.379 4.360 4.294 4.115 3.907 3.842 3.871 3.683 3.815 3.771 2.711
6.25 2.00 1.127 1.816 2.205 2.710 2.832 3.143 3.555 3.824 3.968 4.073 4.171 4.265 4.282 4.269 4.212 4.043 3.847 3.783 3.807 3.621 3.734 3.690 2.625
6.25 2.51 1.080 1.767 2.142 2.629 2.756 3.062 3.462 3.720 3.866 3.968 4.063 4.156 4.178 4.172 4.124 3.967 3.782 3.719 3.739 3.555 3.649 3.603 2.534
6.25 3.16 1.028 1.712 2.074 2.543 2.675 2.976 3.362 3.611 3.757 3.857 3.950 4.042 4.069 4.069 4.031 3.885 3.712 3.651 3.666 3.484 3.559 3.511 2.437
6.25 3.98 0.971 1.651 2.000 2.452 2.589 2.885 3.258 3.496 3.643 3.741 3.830 3.922 3.953 3.961 3.932 3.797 3.636 3.577 3.587 3.408 3.463 3.414 2.335
6.25 5.01 0.908 1.585 1.920 2.355 2.497 2.788 3.148 3.376 3.523 3.619 3.706 3.797 3.832 3.846 3.827 3.703 3.554 3.497 3.502 3.326 3.361 3.309 2.225
6.25 6.31 0.841 1.512 1.835 2.254 2.400 2.687 3.033 3.252 3.399 3.492 3.577 3.666 3.706 3.725 3.716 3.603 3.466 3.411 3.411 3.238 3.252 3.199 2.109
6.25 7.94 0.768 1.434 1.744 2.148 2.299 2.581 2.914 3.123 3.269 3.361 3.443 3.531 3.574 3.599 3.598 3.497 3.371 3.318 3.314 3.143 3.137 3.082 1.985
6.25 10.00 0.691 1.350 1.649 2.038 2.193 2.472 2.792 2.991 3.136 3.225 3.305 3.391 3.437 3.468 3.475 3.384 3.269 3.218 3.209 3.040 3.014 2.959 1.855
6.25 12.59 0.609 1.261 1.550 1.925 2.084 2.359 2.665 2.855 2.998 3.086 3.163 3.247 3.296 3.331 3.346 3.264 3.161 3.111 3.097 2.931 2.885 2.829 1.716
6.25 15.85 0.523 1.168 1.446 1.809 1.972 2.242 2.536 2.716 2.857 2.943 3.018 3.100 3.150 3.190 3.211 3.139 3.046 2.997 2.977 2.813 2.749 2.693 1.571
6.25 19.95 0.433 1.069 1.339 1.690 1.857 2.123 2.403 2.575 2.713 2.797 2.870 2.949 3.001 3.044 3.072 3.007 2.924 2.876 2.850 2.688 2.606 2.551 1.418
6.25 25.12 0.340 0.967 1.229 1.568 1.739 2.002 2.268 2.430 2.566 2.648 2.718 2.795 2.848 2.893 2.927 2.869 2.796 2.747 2.715 2.554 2.456 2.403 1.257
6.25 31.62 0.244 0.860 1.115 1.444 1.618 1.877 2.130 2.283 2.416 2.496 2.564 2.638 2.691 2.739 2.777 2.725 2.660 2.611 2.572 2.412 2.299 2.249 1.089
6.25 39.81 0.144 0.750 0.998 1.318 1.495 1.750 1.989 2.134 2.263 2.341 2.407 2.477 2.531 2.580 2.621 2.574 2.518 2.466 2.420 2.260 2.134 2.088 0.912
6.25 50.12 0.040 0.635 0.879 1.189 1.369 1.620 1.845 1.981 2.107 2.183 2.246 2.313 2.366 2.416 2.460 2.416 2.367 2.313 2.259 2.098 1.960 1.919 0.726
6.25 63.10 -0.067 0.516 0.755 1.058 1.239 1.487 1.697 1.826 1.947 2.021 2.082 2.145 2.197 2.247 2.292 2.250 2.207 2.149 2.086 1.923 1.776 1.742 0.530
6.25 79.43 -0.178 0.393 0.628 0.924 1.107 1.351 1.546 1.667 1.783 1.855 1.913 1.972 2.023 2.072 2.117 2.075 2.037 1.974 1.901 1.736 1.581 1.556 0.321
6.25 100.00 -0.295 0.264 0.497 0.786 0.970 1.210 1.390 1.503 1.615 1.684 1.740 1.795 1.844 1.890 1.933 1.889 1.854 1.785 1.701 1.531 1.372 1.358 0.097
6.25 125.89 -0.417 0.129 0.361 0.645 0.829 1.064 1.229 1.335 1.441 1.508 1.561 1.610 1.657 1.700 1.739 1.690 1.657 1.579 1.483 1.307 1.146 1.145 -0.145
6.25 158.49 -0.547 -0.014 0.218 0.499 0.682 0.912 1.060 1.160 1.261 1.324 1.374 1.418 1.461 1.499 1.531 1.475 1.441 1.354 1.243 1.059 0.900 0.916 -0.408
6.25 199.53 -0.686 -0.166 0.068 0.348 0.527 0.753 0.883 0.977 1.072 1.132 1.178 1.216 1.255 1.285 1.307 1.240 1.203 1.103 0.975 0.781 0.628 0.665 -0.699
6.25 251.19 -0.836 -0.330 -0.092 0.190 0.364 0.584 0.696 0.784 0.873 0.929 0.970 1.002 1.035 1.055 1.064 0.980 0.938 0.821 0.673 0.466 0.325 0.388 -1.023
6.25 316.23 -1.001 -0.507 -0.263 0.022 0.190 0.403 0.496 0.579 0.660 0.712 0.749 0.773 0.799 0.805 0.796 0.690 0.637 0.500 0.328 0.104 -0.018 0.078 -1.390
6.25 398.11 -1.182 -0.703 -0.448 -0.156 0.002 0.207 0.279 0.359 0.432 0.477 0.509 0.524 0.542 0.531 0.496 0.362 0.293 0.130 -0.070 -0.315 -0.410 -0.275 -1.809
6.25 501.19 -1.386 -0.920 -0.652 -0.347 -0.203 -0.008 0.041 0.120 0.183 0.222 0.247 0.252 0.259 0.225 0.157 -0.015 -0.106 -0.301 -0.534 -0.808 -0.864 -0.679 -2.295
6.25 630.96 -1.617 -1.165 -0.878 -0.556 -0.431 -0.245 -0.223 -0.143 -0.092 -0.061 -0.043 -0.050 -0.057 -0.121 -0.230 -0.452 -0.573 -0.808 -1.083 -1.392 -1.396 -1.149 -2.865
6.25 794.33 -1.883 -1.444 -1.133 -0.786 -0.685 -0.512 -0.520 -0.437 -0.398 -0.377 -0.368 -0.390 -0.414 -0.515 -0.680 -0.965 -1.127 -1.412 -1.737 -2.091 -2.027 -1.701 -3.539
6.25 1000.00 -2.192 -1.768 -1.424 -1.044 -0.974 -0.817 -0.857 -0.768 -0.745 -0.736 -0.738 -0.777 -0.823 -0.972 -1.207 -1.574 -1.790 -2.137 -2.525 -2.935 -2.780 -2.357 -4.346
6.50 1.00 1.347 2.035 2.473 3.034 3.139 3.463 3.905 4.200 4.327 4.435 4.539 4.628 4.622 4.589 4.501 4.298 4.062 3.989 4.023 3.825 3.993 3.952 2.902
6.50 1.26 1.318 2.005 2.431 2.977 3.087 3.406 3.835 4.120 4.248 4.353 4.454 4.542 4.540 4.512 4.432 4.238 4.013 3.940 3.969 3.772 3.924 3.883 2.828
6.50 1.58 1.285 1.970 2.386 2.914 3.029 3.344 3.760 4.034 4.163 4.266 4.365 4.452 4.454 4.431 4.359 4.174 3.960 3.888 3.912 3.717 3.852 3.811 2.750
6.50 2.00 1.248 1.932 2.335 2.846 2.966 3.276 3.679 3.943 4.073 4.174 4.270 4.356 4.362 4.345 4.282 4.107 3.904 3.833 3.851 3.659 3.776 3.735 2.669
6.50 2.51 1.207 1.889 2.279 2.773 2.898 3.202 3.593 3.846 3.977 4.076 4.169 4.254 4.265 4.254 4.200 4.035 3.843 3.774 3.787 3.597 3.696 3.654 2.584
6.50 3.16 1.162 1.841 2.217 2.693 2.823 3.122 3.500 3.744 3.876 3.972 4.062 4.147 4.163 4.158 4.112 3.958 3.778 3.710 3.719 3.531 3.611 3.568 2.493
6.50 3.98 1.111 1.787 2.150 2.607 2.743 3.037 3.402 3.635 3.768 3.862 3.949 4.033 4.054 4.056 4.019 3.876 3.708 3.642 3.646 3.461 3.521 3.477 2.397
6.50 5.01 1.055 1.727 2.076 2.516 2.657 2.946 3.298 3.521 3.655 3.747 3.831 3.914 3.939 3.947 3.920 3.788 3.632 3.568 3.567 3.385 3.425 3.379 2.294
6.50 6.31 0.993 1.661 1.997 2.420 2.565 2.850 3.189 3.402 3.536 3.626 3.707 3.789 3.819 3.833 3.815 3.694 3.549 3.488 3.483 3.303 3.323 3.275 2.185
6.50 7.94 0.926 1.589 1.912 2.319 2.469 2.749 3.075 3.278 3.412 3.500 3.578 3.659 3.693 3.712 3.703 3.593 3.461 3.401 3.391 3.215 3.214 3.165 2.069
6.50 10.00 0.854 1.511 1.822 2.213 2.368 2.643 2.956 3.150 3.283 3.369 3.445 3.524 3.561 3.586 3.585 3.485 3.365 3.308 3.293 3.119 3.099 3.048 1.945
6.50 12.59 0.778 1.427 1.726 2.104 2.262 2.534 2.833 3.017 3.150 3.233 3.307 3.384 3.425 3.454 3.461 3.371 3.262 3.207 3.187 3.016 2.976 2.924 1.813
6.50 15.85 0.696 1.339 1.627 1.990 2.153 2.420 2.707 2.881 3.012 3.094 3.165 3.240 3.283 3.317 3.331 3.250 3.152 3.098 3.074 2.905 2.845 2.794 1.674
6.50 19.95 0.610 1.245 1.523 1.874 2.041 2.304 2.577 2.742 2.871 2.951 3.019 3.092 3.137 3.174 3.195 3.123 3.036 2.982 2.953 2.786 2.708 2.657 1.526
6.50 25.12 0.521 1.146 1.416 1.754 1.925 2.184 2.444 2.600 2.727 2.804 2.870 2.941 2.987 3.027 3.053 2.989 2.911 2.859 2.823 2.657 2.562 2.513 1.371
6.50 31.62 0.427 1.042 1.304 1.632 1.806 2.061 2.307 2.455 2.578 2.654 2.718 2.785 2.833 2.875 2.906 2.848 2.780 2.726 2.684 2.520 2.409 2.362 1.207
6.50 39.81 0.330 0.934 1.190 1.507 1.684 1.936 2.168 2.306 2.427 2.501 2.562 2.627 2.674 2.718 2.753 2.700 2.640 2.586 2.537 2.372 2.247 2.204 1.034
6.50 50.12 0.228 0.822 1.071 1.379 1.559 1.807 2.025 2.155 2.272 2.344 2.403 2.464 2.511 2.556 2.594 2.544 2.492 2.435 2.379 2.214 2.076 2.038 0.851
6.50 63.10 0.123 0.705 0.949 1.249 1.431 1.675 1.878 2.001 2.114 2.183 2.240 2.297 2.344 2.389 2.428 2.380 2.334 2.274 2.209 2.043 1.895 1.864 0.657
6.50 79.43 0.012 0.583 0.823 1.116 1.299 1.539 1.728 1.842 1.951 2.018 2.072 2.125 2.171 2.215 2.254 2.207 2.166 2.102 2.026 1.858 1.702 1.679 0.450
6.50 100.00 -0.103 0.455 0.693 0.979 1.163 1.399 1.573 1.679 1.784 1.848 1.899 1.948 1.992 2.034 2.071 2.022 1.985 1.914 1.828 1.656 1.494 1.482 0.228
6.50 125.89 -0.225 0.321 0.557 0.838 1.022 1.254 1.412 1.511 1.610 1.672 1.720 1.765 1.806 1.844 1.878 1.824 1.789 1.710 1.612 1.434 1.270 1.271 -0.012
6.50 158.49 -0.354 0.179 0.415 0.693 0.876 1.102 1.244 1.336 1.430 1.489 1.534 1.573 1.611 1.644 1.671 1.610 1.575 1.486 1.373 1.187 1.025 1.043 -0.274
6.50 199.53 -0.492 0.027 0.265 0.542 0.722 0.943 1.067 1.154 1.242 1.297 1.338 1.371 1.405 1.431 1.448 1.376 1.337 1.236 1.106 0.910 0.754 0.793 -0.564
6.50 251.19 -0.642 -0.136 0.106 0.384 0.559 0.774 0.880 0.962 1.043 1.094 1.131 1.157 1.186 1.201 1.205 1.117 1.072 0.954 0.805 0.596 0.452 0.516 -0.888
6.50 316.23 -0.806 -0.313 -0.064 0.217 0.385 0.593 0.680 0.757 0.831 0.877 0.909 0.928 0.950 0.952 0.937 0.827 0.772 0.634 0.461 0.235 0.109 0.206 -1.254
6.50 398.11 -0.987 -0.508 -0.250 0.039 0.197 0.398 0.463 0.537 0.602 0.643 0.670 0.680 0.694 0.677 0.637 0.499 0.429 0.265 0.064 -0.184 -0.282 -0.146 -1.673
6.50 501.19 -1.190 -0.725 -0.453 -0.153 -0.008 0.183 0.225 0.298 0.354 0.388 0.408 0.408 0.411 0.372 0.299 0.123 0.030 -0.165 -0.400 -0.676 -0.736 -0.550 -2.159
6.50 630.96 -1.421 -0.969 -0.679 -0.361 -0.235 -0.054 -0.038 0.035 0.079 0.105 0.118 0.106 0.095 0.027 -0.089 -0.314 -0.437 -0.672 -0.949 -1.260 -1.268 -1.019 -2.728
6.50 794.33 -1.687 -1.249 -0.934 -0.591 -0.490 -0.321 -0.335 -0.259 -0.227 -0.211 -0.207 -0.234 -0.262 -0.368 -0.538 -0.827 -0.991 -1.276 -1.603 -1.958 -1.898 -1.571 -3.402
6.50 1000.00 -1.996 -1.572 -1.225 -0.849 -0.779 -0.625 -0.673 -0.590 -0.575 -0.570 -0.577 -0.621 -0.671 -0.825 -1.065 -1.436 -1.653 -2.001 -2.390 -2.802 -2.652 -2.227 -4.208
6.75 1.00 1.451 2.134 2.581 3.146 3.248 3.570 4.003 4.294 4.408 4.513 4.615 4.698 4.684 4.652 4.562 4.356 4.115 4.037 4.065 3.862 4.030 3.988 2.941
6.75 1.26 1.426 2.107 2.544 3.094 3.201 3.518 3.939 4.219 4.334 4.437 4.536 4.617 4.607 4.579 4.496 4.299 4.068 3.990 4.013 3.811 3.964 3.923 2.870
6.75 1.58 1.397 2.077 2.503 3.037 3.149 3.461 3.870 4.140 4.255 4.356 4.453 4.533 4.526 4.503 4.427 4.238 4.018 3.940 3.959 3.759 3.895 3.854 2.796
6.75 2.00 1.365 2.044 2.458 2.975 3.092 3.400 3.795 4.055 4.171 4.270 4.364 4.443 4.440 4.422 4.354 4.174 3.965 3.888 3.901 3.703 3.823 3.782 2.719
6.75 2.51 1.329 2.006 2.408 2.907 3.030 3.333 3.715 3.965 4.082 4.178 4.270 4.348 4.349 4.336 4.277 4.107 3.909 3.833 3.841 3.645 3.747 3.706 2.639
6.75 3.16 1.289 1.963 2.353 2.834 2.962 3.259 3.630 3.869 3.987 4.081 4.170 4.247 4.253 4.246 4.195 4.035 3.849 3.774 3.777 3.584 3.668 3.626 2.553
6.75 3.98 1.244 1.916 2.291 2.755 2.888 3.181 3.538 3.767 3.887 3.978 4.064 4.140 4.151 4.150 4.108 3.958 3.783 3.711 3.709 3.518 3.583 3.541 2.463
6.75 5.01 1.194 1.862 2.224 2.670 2.808 3.096 3.441 3.660 3.780 3.870 3.952 4.028 4.044 4.047 4.014 3.875 3.713 3.642 3.636 3.448 3.493 3.450 2.367
6.75 6.31 1.139 1.803 2.151 2.579 2.723 3.005 3.337 3.546 3.668 3.755 3.834 3.909 3.930 3.939 3.915 3.786 3.636 3.568 3.557 3.372 3.397 3.353 2.264
6.75 7.94 1.079 1.738 2.073 2.483 2.632 2.910 3.229 3.428 3.550 3.635 3.711 3.785 3.810 3.825 3.809 3.691 3.553 3.487 3.472 3.290 3.295 3.249 2.155
6.75 10.00 1.013 1.666 1.988 2.382 2.536 2.809 3.115 3.304 3.426 3.509 3.582 3.655 3.684 3.704 3.697 3.590 3.464 3.400 3.381 3.201 3.186 3.139 2.038
6.75 12.59 0.942 1.589 1.898 2.277 2.435 2.703 2.997 3.176 3.298 3.378 3.449 3.520 3.553 3.577 3.578 3.481 3.367 3.305 3.282 3.105 3.069 3.021 1.913
6.75 15.85 0.865 1.505 1.803 2.167 2.329 2.594 2.874 3.044 3.165 3.243 3.311 3.380 3.416 3.445 3.453 3.366 3.263 3.203 3.175 3.000 2.945 2.897 1.780
6.75 19.95 0.784 1.416 1.703 2.054 2.220 2.480 2.747 2.907 3.027 3.103 3.169 3.236 3.274 3.307 3.321 3.243 3.151 3.093 3.059 2.887 2.813 2.765 1.639
6.75 25.12 0.699 1.322 1.599 1.937 2.107 2.363 2.617 2.768 2.886 2.960 3.023 3.087 3.127 3.163 3.184 3.113 3.032 2.975 2.935 2.765 2.673 2.626 1.489
6.75 31.62 0.608 1.222 1.490 1.816 1.990 2.242 2.482 2.624 2.740 2.812 2.873 2.935 2.976 3.014 3.040 2.976 2.904 2.847 2.802 2.633 2.525 2.480 1.330
6.75 39.81 0.514 1.117 1.378 1.693 1.870 2.119 2.345 2.478 2.591 2.661 2.719 2.778 2.820 2.860 2.890 2.831 2.768 2.711 2.659 2.491 2.367 2.325 1.162
6.75 50.12 0.415 1.008 1.262 1.567 1.747 1.991 2.203 2.328 2.438 2.506 2.561 2.617 2.660 2.701 2.733 2.678 2.623 2.564 2.505 2.337 2.199 2.163 0.982
6.75 63.10 0.311 0.893 1.141 1.438 1.620 1.860 2.058 2.175 2.281 2.346 2.399 2.452 2.494 2.535 2.569 2.517 2.469 2.407 2.339 2.170 2.021 1.991 0.792
6.75 79.43 0.203 0.773 1.017 1.306 1.489 1.726 1.909 2.017 2.119 2.182 2.232 2.281 2.322 2.363 2.397 2.345 2.303 2.237 2.160 1.988 1.830 1.808 0.588
6.75 100.00 0.089 0.646 0.887 1.170 1.354 1.586 1.754 1.855 1.953 2.013 2.061 2.105 2.145 2.183 2.215 2.162 2.124 2.052 1.964 1.789 1.625 1.613 0.368
6.75 125.89 -0.032 0.513 0.753 1.030 1.214 1.441 1.594 1.687 1.780 1.838 1.882 1.922 1.959 1.994 2.023 1.966 1.929 1.850 1.750 1.569 1.402 1.404 0.130
6.75 158.49 -0.160 0.372 0.611 0.885 1.068 1.290 1.426 1.513 1.601 1.656 1.696 1.731 1.765 1.794 1.817 1.753 1.716 1.626 1.512 1.324 1.159 1.176 -0.131
6.75 199.53 -0.298 0.222 0.462 0.734 0.914 1.131 1.250 1.331 1.413 1.464 1.501 1.530 1.560 1.582 1.594 1.519 1.480 1.378 1.247 1.049 0.889 0.928 -0.420
6.75 251.19 -0.447 0.059 0.303 0.576 0.751 0.963 1.064 1.139 1.214 1.261 1.294 1.316 1.341 1.353 1.352 1.261 1.216 1.098 0.947 0.736 0.588 0.652 -0.742
6.75 316.23 -0.610 -0.117 0.133 0.410 0.578 0.782 0.864 0.935 1.002 1.045 1.073 1.088 1.106 1.104 1.084 0.972 0.916 0.778 0.604 0.376 0.246 0.342 -1.107
6.75 398.11 -0.791 -0.312 -0.052 0.232 0.390 0.587 0.647 0.715 0.774 0.811 0.834 0.840 0.849 0.830 0.786 0.645 0.573 0.410 0.208 -0.042 -0.145 -0.009 -1.526
6.75 501.19 -0.994 -0.528 -0.255 0.041 0.185 0.373 0.409 0.476 0.526 0.556 0.572 0.568 0.567 0.524 0.448 0.269 0.175 -0.020 -0.256 -0.533 -0.598 -0.412 -2.011
6.75 630.96 -1.225 -0.773 -0.481 -0.168 -0.042 0.135 0.146 0.213 0.252 0.274 0.283 0.266 0.251 0.179 0.060 -0.168 -0.292 -0.527 -0.804 -1.116 -1.130 -0.882 -2.580
6.75 794.33 -1.490 -1.052 -0.736 -0.398 -0.296 -0.132 -0.151 -0.080 -0.055 -0.043 -0.043 -0.074 -0.106 -0.215 -0.389 -0.681 -0.845 -1.130 -1.458 -1.815 -1.760 -1.433 -3.254
6.75 1000.00 -1.799 -1.375 -1.026 -0.655 -0.585 -0.436 -0.488 -0.412 -0.402 -0.402 -0.412 -0.461 -0.515 -0.672 -0.916 -1.289 -1.507 -1.855 -2.244 -2.658 -2.513 -2.089 -4.060
7.00 1.00 1.554 2.231 2.684 3.251 3.349 3.669 4.095 4.382 4.485 4.587 4.689 4.767 4.747 4.718 4.628 4.421 4.175 4.092 4.116 3.908 4.075 4.030 2.989
7.00 1.26 1.531 2.207 2.651 3.203 3.307 3.622 4.035 4.313 4.415 4.516 4.615 4.691 4.673 4.648 4.564 4.365 4.130 4.047 4.066 3.859 4.011 3.967 2.921
7.00 1.58 1.506 2.181 2.615 3.151 3.260 3.571 3.972 4.239 4.341 4.440 4.536 4.611 4.597 4.575 4.499 4.307 4.083 4.000 4.013 3.808 3.945 3.902 2.850
7.00 2.00 1.478 2.151 2.575 3.095 3.209 3.515 3.903 4.160 4.263 4.360 4.453 4.527 4.516 4.499 4.429 4.247 4.033 3.951 3.959 3.756 3.876 3.833 2.776
7.00 2.51 1.447 2.118 2.530 3.033 3.153 3.454 3.830 4.077 4.180 4.275 4.366 4.438 4.431 4.418 4.357 4.183 3.980 3.899 3.902 3.701 3.804 3.762 2.699
7.00 3.16 1.412 2.081 2.481 2.966 3.091 3.388 3.751 3.987 4.092 4.185 4.272 4.343 4.341 4.333 4.279 4.115 3.924 3.843 3.842 3.643 3.729 3.686 2.619
7.00 3.98 1.372 2.039 2.426 2.894 3.024 3.316 3.666 3.892 3.999 4.089 4.173 4.243 4.246 4.243 4.197 4.043 3.863 3.784 3.778 3.581 3.649 3.606 2.534
7.00 5.01 1.328 1.992 2.365 2.815 2.951 3.237 3.575 3.791 3.899 3.987 4.068 4.138 4.145 4.147 4.109 3.965 3.797 3.720 3.709 3.515 3.565 3.521 2.443
7.00 6.31 1.279 1.939 2.299 2.731 2.872 3.153 3.479 3.684 3.794 3.879 3.957 4.026 4.037 4.045 4.016 3.882 3.726 3.651 3.636 3.445 3.475 3.430 2.347
7.00 7.94 1.225 1.880 2.226 2.640 2.787 3.063 3.376 3.571 3.682 3.765 3.840 3.908 3.924 3.936 3.916 3.793 3.649 3.577 3.557 3.369 3.379 3.333 2.244
7.00 10.00 1.166 1.815 2.148 2.545 2.696 2.968 3.268 3.453 3.565 3.645 3.717 3.784 3.805 3.822 3.809 3.697 3.565 3.496 3.471 3.286 3.276 3.230 2.134
7.00 12.59 1.100 1.744 2.063 2.444 2.600 2.867 3.155 3.330 3.442 3.520 3.589 3.654 3.679 3.701 3.696 3.594 3.474 3.407 3.379 3.196 3.166 3.119 2.017
7.00 15.85 1.030 1.667 1.973 2.338 2.499 2.762 3.036 3.202 3.314 3.389 3.455 3.519 3.548 3.574 3.577 3.484 3.376 3.312 3.278 3.099 3.048 3.001 1.891
7.00 19.95 0.954 1.583 1.878 2.229 2.394 2.652 2.913 3.069 3.181 3.254 3.317 3.379 3.411 3.441 3.450 3.367 3.270 3.208 3.170 2.992 2.923 2.876 1.756
7.00 25.12 0.873 1.494 1.778 2.115 2.284 2.538 2.786 2.933 3.043 3.114 3.174 3.234 3.269 3.301 3.317 3.242 3.156 3.095 3.052 2.877 2.788 2.742 1.613
7.00 31.62 0.787 1.398 1.673 1.997 2.170 2.420 2.655 2.792 2.900 2.969 3.027 3.085 3.121 3.156 3.177 3.109 3.034 2.973 2.925 2.751 2.645 2.601 1.459
7.00 39.81 0.696 1.298 1.564 1.876 2.053 2.298 2.519 2.648 2.754 2.821 2.876 2.931 2.968 3.005 3.030 2.968 2.902 2.841 2.787 2.614 2.492 2.451 1.296
7.00 50.12 0.600 1.191 1.450 1.752 1.931 2.173 2.380 2.500 2.603 2.668 2.720 2.772 2.810 2.848 2.877 2.819 2.761 2.699 2.638 2.466 2.329 2.292 1.121
7.00 63.10 0.499 1.079 1.331 1.624 1.806 2.043 2.236 2.348 2.448 2.510 2.560 2.608 2.646 2.685 2.715 2.660 2.609 2.546 2.476 2.303 2.154 2.123 0.934
7.00 79.43 0.393 0.961 1.208 1.493 1.676 1.909 2.088 2.192 2.288 2.348 2.395 2.439 2.477 2.514 2.545 2.491 2.446 2.379 2.300 2.125 1.967 1.943 0.733
7.00 100.00 0.280 0.837 1.080 1.358 1.542 1.771 1.935 2.030 2.122 2.180 2.224 2.264 2.300 2.336 2.365 2.310 2.269 2.197 2.107 1.929 1.764 1.751 0.517
7.00 125.89 0.161 0.706 0.947 1.219 1.403 1.627 1.775 1.864 1.951 2.006 2.046 2.082 2.116 2.148 2.174 2.115 2.077 1.997 1.896 1.713 1.544 1.543 0.281
7.00 158.49 0.034 0.566 0.806 1.075 1.257 1.477 1.608 1.690 1.772 1.824 1.861 1.892 1.923 1.950 1.969 1.903 1.865 1.776 1.660 1.470 1.302 1.318 0.022
7.00 199.53 -0.103 0.416 0.658 0.925 1.104 1.318 1.433 1.508 1.585 1.633 1.667 1.692 1.719 1.738 1.748 1.671 1.630 1.528 1.397 1.197 1.033 1.070 -0.265
7.00 251.19 -0.251 0.255 0.500 0.767 0.942 1.150 1.246 1.317 1.387 1.431 1.460 1.479 1.501 1.510 1.506 1.414 1.367 1.250 1.098 0.886 0.733 0.795 -0.586
7.00 316.23 -0.414 0.079 0.330 0.601 0.769 0.970 1.047 1.113 1.175 1.215 1.239 1.250 1.266 1.261 1.239 1.125 1.069 0.931 0.757 0.527 0.393 0.487 -0.951
7.00 398.11 -0.594 -0.115 0.145 0.423 0.581 0.775 0.830 0.893 0.948 0.981 1.001 1.003 1.009 0.988 0.941 0.798 0.726 0.563 0.361 0.110 0.002 0.136 -1.368
7.00 501.19 -0.797 -0.331 -0.058 0.232 0.377 0.561 0.593 0.655 0.699 0.726 0.739 0.731 0.727 0.682 0.603 0.423 0.329 0.134 -0.102 -0.380 -0.450 -0.267 -1.853
7.00 630.96 -1.027 -0.575 -0.283 0.024 0.150 0.324 0.330 0.392 0.425 0.444 0.450 0.429 0.412 0.338 0.216 -0.014 -0.138 -0.372 -0.649 -0.963 -0.981 -0.736 -2.421
7.00 794.33 -1.292 -0.854 -0.538 -0.206 -0.104 0.057 0.033 0.099 0.119 0.128 0.125 0.090 0.055 -0.056 -0.233 -0.526 -0.691 -0.974 -1.302 -1.661 -1.611 -1.287 -3.094
7.00 1000.00 -1.601 -1.177 -0.828 -0.463 -0.393 -0.247 -0.304 -0.233 -0.228 -0.231 -0.245 -0.297 -0.354 -0.513 -0.760 -1.134 -1.352 -1.699 -2.088 -2.504 -2.364 -1.943 -3.900
7.25 1.00 1.655 2.326 2.784 3.350 3.445 3.763 4.181 4.466 4.558 4.659 4.761 4.835 4.810 4.786 4.697 4.492 4.243 4.156 4.176 3.963 4.128 4.078 3.046
7.25 1.26 1.634 2.305 2.754 3.306 3.406 3.720 4.126 4.401 4.492 4.591 4.691 4.763 4.740 4.719 4.637 4.438 4.199 4.112 4.127 3.916 4.066 4.017 2.979
7.25 1.58 1.612 2.281 2.721 3.259 3.364 3.674 4.067 4.332 4.423 4.520 4.617 4.687 4.667 4.649 4.574 4.383 4.154 4.067 4.076 3.867 4.002 3.954 2.911
7.25 2.00 1.587 2.255 2.685 3.208 3.318 3.623 4.004 4.259 4.350 4.445 4.539 4.608 4.591 4.577 4.508 4.325 4.107 4.020 4.024 3.817 3.936 3.889 2.840
7.25 2.51 1.560 2.226 2.646 3.152 3.268 3.568 3.937 4.181 4.273 4.366 4.457 4.524 4.511 4.501 4.439 4.264 4.057 3.970 3.970 3.764 3.867 3.821 2.767
7.25 3.16 1.529 2.193 2.602 3.091 3.212 3.508 3.864 4.098 4.191 4.282 4.370 4.436 4.426 4.420 4.365 4.200 4.004 3.918 3.912 3.709 3.795 3.749 2.690
7.25 3.98 1.495 2.157 2.553 3.024 3.151 3.442 3.786 4.010 4.104 4.193 4.277 4.342 4.337 4.335 4.288 4.132 3.947 3.863 3.852 3.651 3.720 3.674 2.609
7.25 5.01 1.456 2.115 2.498 2.952 3.085 3.370 3.702 3.915 4.012 4.098 4.179 4.243 4.242 4.245 4.206 4.059 3.886 3.803 3.788 3.589 3.640 3.594 2.524
7.25 6.31 1.413 2.068 2.438 2.874 3.012 3.292 3.612 3.815 3.913 3.997 4.075 4.138 4.142 4.149 4.118 3.981 3.820 3.739 3.719 3.523 3.556 3.510 2.434
7.25 7.94 1.365 2.016 2.372 2.790 2.933 3.209 3.516 3.709 3.808 3.889 3.964 4.027 4.035 4.047 4.024 3.897 3.748 3.670 3.646 3.452 3.466 3.419 2.337
7.25 10.00 1.312 1.958 2.300 2.700 2.849 3.119 3.414 3.597 3.698 3.776 3.848 3.909 3.923 3.939 3.923 3.807 3.670 3.595 3.566 3.375 3.369 3.322 2.234
7.25 12.59 1.253 1.893 2.222 2.604 2.758 3.024 3.306 3.479 3.581 3.657 3.725 3.786 3.804 3.824 3.816 3.710 3.585 3.512 3.480 3.292 3.266 3.218 2.123
7.25 15.85 1.189 1.822 2.137 2.504 2.663 2.923 3.193 3.356 3.458 3.532 3.597 3.657 3.678 3.703 3.702 3.605 3.493 3.423 3.386 3.200 3.155 3.107 2.005
7.25 19.95 1.119 1.745 2.047 2.398 2.562 2.818 3.075 3.228 3.330 3.402 3.464 3.521 3.547 3.575 3.581 3.494 3.393 3.325 3.283 3.101 3.035 2.988 1.877
7.25 25.12 1.043 1.661 1.952 2.288 2.456 2.708 2.951 3.095 3.197 3.266 3.325 3.381 3.409 3.440 3.453 3.374 3.284 3.219 3.172 2.992 2.907 2.860 1.740
7.25 31.62 0.962 1.571 1.851 2.174 2.345 2.593 2.823 2.957 3.058 3.125 3.182 3.235 3.266 3.300 3.317 3.246 3.167 3.103 3.051 2.873 2.770 2.724 1.593
7.25 39.81 0.875 1.475 1.745 2.055 2.231 2.474 2.691 2.816 2.915 2.980 3.033 3.084 3.117 3.152 3.175 3.109 3.040 2.977 2.919 2.742 2.623 2.580 1.435
7.25 50.12 0.783 1.372 1.634 1.933 2.112 2.350 2.554 2.670 2.767 2.829 2.880 2.928 2.962 2.999 3.024 2.964 2.904 2.840 2.775 2.599 2.464 2.425 1.266
7.25 63.10 0.685 1.264 1.519 1.807 1.988 2.223 2.412 2.520 2.614 2.674 2.722 2.767 2.801 2.838 2.865 2.808 2.756 2.690 2.618 2.442 2.294 2.261 1.084
7.25 79.43 0.581 1.149 1.398 1.678 1.860 2.091 2.265 2.365 2.456 2.514 2.558 2.600 2.634 2.670 2.698 2.642 2.596 2.527 2.447 2.269 2.110 2.084 0.887
7.25 100.00 0.471 1.027 1.271 1.544 1.728 1.954 2.113 2.205 2.292 2.347 2.389 2.426 2.459 2.493 2.520 2.463 2.422 2.348 2.258 2.077 1.910 1.894 0.673
7.25 125.89 0.354 0.897 1.139 1.406 1.589 1.811 1.955 2.039 2.122 2.174 2.213 2.245 2.277 2.307 2.331 2.270 2.232 2.151 2.049 1.864 1.693 1.689 0.440
7.25 158.49 0.228 0.759 1.000 1.262 1.445 1.661 1.789 1.867 1.944 1.993 2.028 2.056 2.085 2.110 2.127 2.060 2.022 1.933 1.817 1.625 1.453 1.465 0.184
7.25 199.53 0.093 0.611 0.852 1.113 1.292 1.503 1.614 1.686 1.758 1.803 1.834 1.856 1.881 1.899 1.907 1.830 1.789 1.688 1.555 1.354 1.187 1.219 -0.101
7.25 251.19 -0.055 0.451 0.695 0.956 1.131 1.336 1.428 1.495 1.560 1.602 1.629 1.644 1.664 1.672 1.666 1.573 1.527 1.410 1.259 1.045 0.888 0.946 -0.421
7.25 316.23 -0.217 0.275 0.526 0.790 0.958 1.156 1.229 1.291 1.350 1.386 1.408 1.416 1.429 1.424 1.400 1.286 1.230 1.093 0.919 0.688 0.549 0.638 -0.784
7.25 398.11 -0.396 0.082 0.342 0.613 0.771 0.961 1.013 1.072 1.122 1.153 1.170 1.169 1.174 1.151 1.102 0.960 0.888 0.727 0.524 0.272 0.159 0.289 -1.200
7.25 501.19 -0.599 -0.133 0.139 0.422 0.566 0.747 0.776 0.833 0.874 0.898 0.909 0.898 0.892 0.846 0.765 0.585 0.491 0.298 0.062 -0.217 -0.293 -0.114 -1.684
7.25 630.96 -0.829 -0.377 -0.086 0.214 0.340 0.510 0.513 0.571 0.601 0.616 0.620 0.596 0.577 0.502 0.378 0.149 0.025 -0.207 -0.484 -0.799 -0.823 -0.582 -2.252
7.25 794.33 -1.093 -0.656 -0.340 -0.016 0.086 0.244 0.217 0.278 0.295 0.301 0.295 0.257 0.220 0.108 -0.070 -0.363 -0.527 -0.809 -1.137 -1.496 -1.452 -1.133 -2.925
7.25 1000.00 -1.402 -0.978 -0.631 -0.273 -0.203 -0.060 -0.121 -0.053 -0.052 -0.058 -0.075 -0.130 -0.188 -0.348 -0.597 -0.971 -1.188 -1.533 -1.922 -2.338 -2.205 -1.788 -3.730
7.50 1.00 1.755 2.420 2.880 3.444 3.535 3.851 4.263 4.545 4.629 4.730 4.832 4.903 4.875 4.857 4.773 4.570 4.318 4.228 4.245 4.029 4.190 4.132 3.113
7.50 1.26 1.736 2.401 2.853 3.403 3.500 3.812 4.211 4.484 4.567 4.665 4.765 4.834 4.807 4.793 4.714 4.518 4.276 4.186 4.197 3.983 4.129 4.073 3.047
7.50 1.58 1.716 2.380 2.823 3.360 3.462 3.769 4.156 4.419 4.501 4.598 4.695 4.762 4.737 4.726 4.653 4.464 4.233 4.142 4.148 3.935 4.067 4.012 2.981
7.50 2.00 1.694 2.357 2.791 3.313 3.420 3.724 4.098 4.351 4.433 4.527 4.622 4.687 4.665 4.657 4.590 4.408 4.187 4.097 4.098 3.886 4.003 3.949 2.912
7.50 2.51 1.670 2.331 2.755 3.262 3.375 3.674 4.036 4.279 4.361 4.453 4.545 4.608 4.589 4.584 4.524 4.350 4.140 4.050 4.045 3.835 3.937 3.884 2.842
7.50 3.16 1.643 2.302 2.716 3.207 3.325 3.619 3.969 4.202 4.284 4.375 4.463 4.525 4.510 4.508 4.454 4.289 4.089 4.000 3.991 3.783 3.868 3.817 2.768
7.50 3.98 1.613 2.270 2.672 3.146 3.270 3.559 3.897 4.120 4.203 4.291 4.377 4.438 4.426 4.428 4.381 4.225 4.036 3.948 3.933 3.727 3.796 3.745 2.691
7.50 5.01 1.580 2.233 2.624 3.080 3.209 3.494 3.820 4.032 4.117 4.203 4.285 4.345 4.337 4.343 4.304 4.156 3.979 3.892 3.873 3.669 3.721 3.670 2.610
7.50 6.31 1.542 2.192 2.570 3.008 3.143 3.423 3.737 3.939 4.025 4.109 4.188 4.246 4.243 4.253 4.221 4.083 3.917 3.832 3.808 3.607 3.641 3.591 2.525
7.50 7.94 1.500 2.146 2.510 2.931 3.071 3.346 3.647 3.839 3.928 4.008 4.084 4.142 4.143 4.157 4.132 4.004 3.850 3.767 3.739 3.540 3.556 3.506 2.434
7.50 10.00 1.452 2.094 2.445 2.847 2.993 3.263 3.552 3.733 3.824 3.902 3.974 4.031 4.037 4.055 4.038 3.919 3.778 3.697 3.665 3.469 3.466 3.415 2.337
7.50 12.59 1.400 2.036 2.373 2.757 2.909 3.173 3.451 3.622 3.714 3.789 3.858 3.914 3.925 3.946 3.937 3.828 3.699 3.621 3.584 3.391 3.368 3.317 2.233
7.50 15.85 1.342 1.972 2.295 2.662 2.819 3.078 3.343 3.504 3.598 3.671 3.736 3.791 3.806 3.831 3.829 3.730 3.613 3.537 3.496 3.306 3.264 3.213 2.121
7.50 19.95 1.278 1.901 2.211 2.561 2.723 2.978 3.230 3.381 3.475 3.546 3.608 3.661 3.681 3.709 3.713 3.624 3.519 3.446 3.400 3.213 3.151 3.100 2.001
7.50 25.12 1.208 1.824 2.120 2.456 2.622 2.872 3.111 3.253 3.347 3.415 3.474 3.526 3.549 3.580 3.591 3.509 3.416 3.346 3.296 3.111 3.030 2.980 1.871
7.50 31.62 1.132 1.739 2.024 2.345 2.515 2.761 2.987 3.119 3.213 3.279 3.335 3.385 3.411 3.444 3.460 3.387 3.304 3.236 3.181 2.998 2.899 2.850 1.731
7.50 39.81 1.050 1.648 1.923 2.230 2.404 2.645 2.858 2.981 3.074 3.137 3.190 3.238 3.266 3.301 3.322 3.255 3.183 3.116 3.055 2.874 2.757 2.711 1.579
7.50 50.12 0.962 1.550 1.815 2.111 2.288 2.524 2.724 2.838 2.929 2.990 3.040 3.085 3.115 3.151 3.175 3.114 3.051 2.984 2.918 2.738 2.604 2.562 1.416
7.50 63.10 0.868 1.446 1.703 1.987 2.167 2.399 2.585 2.690 2.779 2.838 2.884 2.926 2.957 2.994 3.020 2.962 2.908 2.840 2.766 2.586 2.439 2.402 1.239
7.50 79.43 0.768 1.334 1.584 1.859 2.041 2.269 2.440 2.537 2.624 2.679 2.723 2.761 2.793 2.828 2.855 2.799 2.752 2.681 2.599 2.418 2.259 2.229 1.047
7.50 100.00 0.660 1.215 1.460 1.727 1.910 2.133 2.290 2.379 2.462 2.515 2.555 2.590 2.621 2.654 2.680 2.623 2.581 2.507 2.415 2.231 2.064 2.043 0.837
7.50 125.89 0.545 1.088 1.330 1.590 1.773 1.992 2.133 2.214 2.293 2.343 2.380 2.411 2.440 2.470 2.493 2.433 2.394 2.313 2.210 2.022 1.849 1.841 0.608
7.50 158.49 0.422 0.952 1.192 1.448 1.630 1.843 1.968 2.043 2.117 2.164 2.197 2.223 2.249 2.275 2.291 2.225 2.186 2.097 1.981 1.787 1.612 1.619 0.354
7.50 199.53 0.288 0.805 1.045 1.299 1.478 1.686 1.794 1.863 1.932 1.975 2.004 2.024 2.047 2.065 2.072 1.996 1.955 1.854 1.722 1.519 1.348 1.375 0.071
7.50 251.19 0.142 0.646 0.889 1.143 1.317 1.519 1.609 1.672 1.735 1.774 1.799 1.813 1.831 1.839 1.832 1.741 1.695 1.579 1.428 1.212 1.051 1.104 -0.246
7.50 316.23 -0.019 0.472 0.721 0.977 1.145 1.340 1.410 1.469 1.525 1.559 1.580 1.585 1.597 1.592 1.567 1.454 1.399 1.264 1.090 0.858 0.713 0.798 -0.608
7.50 398.11 -0.198 0.280 0.537 0.801 0.958 1.146 1.195 1.250 1.298 1.327 1.342 1.339 1.342 1.319 1.270 1.129 1.058 0.898 0.697 0.444 0.325 0.449 -1.023
7.50 501.19 -0.400 0.065 0.335 0.610 0.754 0.932 0.958 1.012 1.051 1.072 1.081 1.068 1.061 1.015 0.933 0.755 0.662 0.471 0.236 -0.044 -0.126 0.048 -1.505
7.50 630.96 -0.629 -0.178 0.110 0.402 0.528 0.695 0.695 0.750 0.777 0.791 0.792 0.767 0.746 0.671 0.547 0.320 0.197 -0.033 -0.309 -0.625 -0.655 -0.420 -2.072
7.50 794.33 -0.894 -0.456 -0.144 0.173 0.274 0.429 0.400 0.457 0.471 0.475 0.468 0.428 0.390 0.278 0.099 -0.192 -0.355 -0.635 -0.961 -1.321 -1.283 -0.970 -2.744
7.50 1000.00 -1.202 -0.778 -0.434 -0.084 -0.014 0.125 0.062 0.126 0.125 0.117 0.098 0.041 -0.018 -0.178 -0.427 -0.800 -1.016 -1.358 -1.746 -2.163 -2.035 -1.625 -3.549
7.75 1.00 1.854 2.514 2.973 3.533 3.621 3.934 4.341 4.622 4.699 4.799 4.903 4.972 4.942 4.933 4.853 4.655 4.402 4.309 4.324 4.105 4.261 4.194 3.189
7.75 1.26 1.837 2.496 2.948 3.495 3.588 3.898 4.292 4.564 4.639 4.737 4.839 4.905 4.876 4.870 4.796 4.604 4.361 4.268 4.277 4.059 4.202 4.136 3.125
7.75 1.58 1.819 2.477 2.921 3.455 3.553 3.859 4.241 4.503 4.577 4.673 4.772 4.837 4.809 4.805 4.737 4.552 4.319 4.226 4.229 4.013 4.141 4.077 3.060
7.75 2.00 1.799 2.456 2.892 3.412 3.515 3.817 4.186 4.439 4.512 4.606 4.703 4.765 4.740 4.739 4.676 4.498 4.275 4.182 4.180 3.965 4.078 4.016 2.993
7.75 2.51 1.778 2.433 2.860 3.366 3.474 3.772 4.129 4.371 4.444 4.536 4.630 4.691 4.667 4.669 4.613 4.442 4.229 4.136 4.129 3.916 4.014 3.953 2.924
7.75 3.16 1.754 2.408 2.825 3.315 3.429 3.723 4.067 4.299 4.373 4.463 4.553 4.612 4.592 4.597 4.547 4.384 4.182 4.089 4.077 3.865 3.948 3.888 2.854
7.75 3.98 1.728 2.379 2.786 3.260 3.380 3.668 4.001 4.223 4.297 4.385 4.472 4.530 4.513 4.521 4.477 4.323 4.131 4.039 4.022 3.812 3.879 3.820 2.780
7.75 5.01 1.698 2.347 2.743 3.200 3.325 3.609 3.930 4.142 4.217 4.302 4.387 4.443 4.430 4.441 4.404 4.258 4.077 3.986 3.964 3.756 3.807 3.749 2.703
7.75 6.31 1.665 2.311 2.694 3.134 3.265 3.545 3.853 4.055 4.131 4.215 4.296 4.351 4.342 4.356 4.326 4.188 4.019 3.930 3.903 3.697 3.732 3.674 2.622
7.75 7.94 1.628 2.271 2.641 3.063 3.200 3.474 3.771 3.962 4.040 4.121 4.199 4.253 4.248 4.266 4.243 4.114 3.957 3.870 3.838 3.635 3.651 3.594 2.536
7.75 10.00 1.587 2.225 2.582 2.986 3.128 3.397 3.682 3.863 3.944 4.022 4.096 4.149 4.149 4.170 4.154 4.035 3.890 3.804 3.768 3.567 3.566 3.509 2.445
7.75 12.59 1.540 2.173 2.516 2.902 3.050 3.315 3.587 3.758 3.840 3.916 3.986 4.039 4.043 4.068 4.058 3.949 3.816 3.733 3.693 3.494 3.474 3.418 2.347
7.75 15.85 1.488 2.115 2.445 2.813 2.966 3.226 3.486 3.646 3.731 3.804 3.871 3.922 3.931 3.959 3.956 3.856 3.735 3.655 3.611 3.415 3.376 3.320 2.241
7.75 19.95 1.430 2.051 2.367 2.718 2.876 3.130 3.379 3.529 3.615 3.685 3.748 3.799 3.812 3.843 3.847 3.756 3.647 3.570 3.521 3.328 3.270 3.214 2.128
7.75 25.12 1.367 1.980 2.282 2.617 2.780 3.030 3.266 3.406 3.493 3.560 3.620 3.669 3.687 3.720 3.730 3.648 3.551 3.476 3.423 3.232 3.155 3.100 2.005
7.75 31.62 1.297 1.902 2.192 2.511 2.679 2.923 3.146 3.277 3.364 3.429 3.486 3.533 3.554 3.589 3.605 3.531 3.445 3.373 3.314 3.127 3.031 2.977 1.872
7.75 39.81 1.220 1.817 2.095 2.399 2.571 2.811 3.021 3.143 3.230 3.292 3.345 3.390 3.415 3.451 3.471 3.404 3.329 3.259 3.195 3.009 2.895 2.844 1.727
7.75 50.12 1.138 1.724 1.992 2.283 2.459 2.694 2.891 3.003 3.089 3.149 3.199 3.241 3.268 3.306 3.329 3.268 3.203 3.133 3.064 2.879 2.749 2.701 1.570
7.75 63.10 1.048 1.624 1.883 2.163 2.341 2.572 2.755 2.858 2.943 3.000 3.047 3.086 3.114 3.152 3.178 3.120 3.064 2.994 2.918 2.734 2.589 2.546 1.399
7.75 79.43 0.951 1.517 1.768 2.037 2.218 2.444 2.613 2.708 2.790 2.845 2.888 2.924 2.953 2.990 3.017 2.961 2.913 2.841 2.757 2.573 2.414 2.378 1.212
7.75 100.00 0.847 1.401 1.646 1.907 2.089 2.310 2.464 2.551 2.631 2.683 2.722 2.755 2.784 2.819 2.845 2.789 2.746 2.671 2.578 2.391 2.223 2.196 1.008
7.75 125.89 0.735 1.277 1.518 1.772 1.954 2.170 2.309 2.388 2.464 2.513 2.550 2.578 2.606 2.637 2.660 2.601 2.562 2.481 2.377 2.187 2.012 1.997 0.782
7.75 158.49 0.614 1.144 1.382 1.631 1.812 2.023 2.146 2.218 2.290 2.335 2.368 2.392 2.417 2.443 2.460 2.395 2.357 2.268 2.152 1.955 1.778 1.779 0.532
7.75 199.53 0.482 0.999 1.237 1.483 1.661 1.867 1.973 2.039 2.106 2.147 2.176 2.194 2.217 2.235 2.243 2.168 2.128 2.029 1.897 1.691 1.517 1.538 0.253
7.75 251.19 0.338 0.842 1.082 1.327 1.501 1.701 1.789 1.849 1.910 1.948 1.972 1.984 2.002 2.010 2.005 1.915 1.870 1.756 1.605 1.388 1.223 1.268 -0.063
7.75 316.23 0.178 0.670 0.914 1.163 1.330 1.522 1.591 1.647 1.701 1.734 1.753 1.758 1.769 1.764 1.740 1.630 1.576 1.442 1.269 1.036 0.887 0.964 -0.422
7.75 398.11 0.000 0.478 0.731 0.987 1.144 1.328 1.376 1.429 1.475 1.502 1.516 1.512 1.515 1.493 1.444 1.306 1.236 1.079 0.878 0.624 0.501 0.617 -0.835
7.75 501.19 -0.200 0.264 0.530 0.797 0.940 1.116 1.140 1.191 1.228 1.248 1.256 1.242 1.234 1.189 1.109 0.933 0.842 0.653 0.419 0.138 0.051 0.216 -1.316
7.75 630.96 -0.429 0.022 0.306 0.589 0.714 0.879 0.877 0.929 0.955 0.967 0.967 0.941 0.920 0.846 0.723 0.498 0.377 0.150 -0.125 -0.441 -0.478 -0.250 -1.882
7.75 794.33 -0.693 -0.255 0.052 0.360 0.461 0.613 0.582 0.637 0.650 0.652 0.643 0.602 0.565 0.453 0.275 -0.013 -0.174 -0.451 -0.776 -1.136 -1.105 -0.800 -2.553
7.75 1000.00 -1.001 -0.577 -0.237 0.103 0.173 0.310 0.245 0.306 0.304 0.294 0.274 0.216 0.157 -0.003 -0.250 -0.620 -0.834 -1.173 -1.560 -1.977 -1.856 -1.454 -3.357
8.00 1.00 1.954 2.608 3.064 3.618 3.703 4.014 4.415 4.697 4.768 4.868 4.974 5.043 5.011 5.012 4.939 4.748 4.494 4.400 4.413 4.191 4.342 4.263 3.275
8.00 1.26 1.938 2.591 3.041 3.583 3.672 3.980 4.369 4.641 4.710 4.808 4.912 4.978 4.948 4.951 4.883 4.698 4.454 4.359 4.367 4.146 4.283 4.206 3.212
8.00 1.58 1.921 2.573 3.016 3.546 3.640 3.944 4.320 4.582 4.650 4.746 4.848 4.911 4.883 4.888 4.826 4.647 4.413 4.318 4.320 4.100 4.223 4.148 3.148
8.00 2.00 1.903 2.554 2.989 3.506 3.605 3.905 4.269 4.522 4.588 4.683 4.782 4.843 4.816 4.824 4.767 4.595 4.370 4.275 4.272 4.053 4.162 4.089 3.083
8.00 2.51 1.884 2.534 2.960 3.463 3.567 3.864 4.216 4.458 4.524 4.616 4.713 4.772 4.746 4.757 4.706 4.541 4.326 4.231 4.222 4.005 4.100 4.028 3.016
8.00 3.16 1.862 2.511 2.929 3.417 3.526 3.819 4.159 4.391 4.457 4.547 4.640 4.698 4.675 4.688 4.643 4.485 4.280 4.186 4.171 3.956 4.036 3.965 2.947
8.00 3.98 1.839 2.486 2.894 3.367 3.482 3.770 4.097 4.320 4.386 4.474 4.564 4.620 4.600 4.616 4.576 4.426 4.232 4.138 4.118 3.905 3.969 3.900 2.876
8.00 5.01 1.813 2.457 2.855 3.312 3.433 3.716 4.032 4.244 4.311 4.397 4.484 4.538 4.521 4.540 4.506 4.364 4.181 4.088 4.063 3.851 3.900 3.832 2.802
8.00 6.31 1.784 2.426 2.812 3.252 3.379 3.658 3.962 4.164 4.231 4.315 4.399 4.452 4.438 4.460 4.433 4.299 4.127 4.034 4.005 3.795 3.828 3.761 2.725
8.00 7.94 1.752 2.390 2.764 3.187 3.319 3.594 3.886 4.077 4.147 4.228 4.308 4.360 4.351 4.375 4.354 4.229 4.069 3.977 3.943 3.736 3.752 3.685 2.643
8.00 10.00 1.716 2.350 2.711 3.116 3.254 3.523 3.804 3.985 4.057 4.135 4.212 4.263 4.258 4.284 4.271 4.154 4.005 3.916 3.877 3.672 3.671 3.605 2.557
8.00 12.59 1.675 2.304 2.652 3.039 3.183 3.447 3.716 3.887 3.960 4.037 4.110 4.159 4.159 4.188 4.181 4.073 3.937 3.850 3.806 3.603 3.584 3.520 2.464
8.00 15.85 1.629 2.253 2.587 2.956 3.106 3.365 3.621 3.782 3.858 3.931 4.001 4.049 4.053 4.085 4.085 3.986 3.861 3.777 3.729 3.529 3.492 3.428 2.365
8.00 19.95 1.577 2.195 2.516 2.867 3.022 3.276 3.520 3.671 3.749 3.819 3.885 3.932 3.941 3.976 3.981 3.891 3.779 3.697 3.645 3.447 3.392 3.328 2.258
8.00 25.12 1.520 2.130 2.437 2.771 2.932 3.180 3.413 3.553 3.633 3.701 3.763 3.809 3.822 3.859 3.870 3.789 3.689 3.609 3.553 3.358 3.283 3.221 2.142
8.00 31.62 1.456 2.059 2.353 2.670 2.835 3.079 3.299 3.430 3.510 3.576 3.634 3.678 3.696 3.734 3.751 3.677 3.589 3.512 3.451 3.258 3.165 3.105 2.016
8.00 39.81 1.386 1.980 2.261 2.563 2.733 2.972 3.179 3.300 3.381 3.444 3.499 3.541 3.562 3.602 3.623 3.556 3.479 3.405 3.339 3.148 3.037 2.979 1.878
8.00 50.12 1.308 1.893 2.163 2.451 2.624 2.858 3.053 3.164 3.246 3.306 3.357 3.397 3.421 3.461 3.486 3.425 3.358 3.285 3.214 3.025 2.896 2.842 1.728
8.00 63.10 1.224 1.799 2.058 2.334 2.510 2.739 2.920 3.023 3.103 3.161 3.208 3.246 3.271 3.312 3.339 3.283 3.225 3.152 3.075 2.886 2.743 2.693 1.564
8.00 79.43 1.132 1.696 1.947 2.211 2.390 2.614 2.782 2.876 2.954 3.009 3.053 3.088 3.114 3.154 3.182 3.128 3.078 3.005 2.919 2.731 2.574 2.530 1.383
8.00 100.00 1.032 1.585 1.829 2.083 2.264 2.483 2.636 2.722 2.798 2.850 2.890 2.921 2.949 2.986 3.013 2.960 2.916 2.839 2.746 2.555 2.387 2.353 1.184
8.00 125.89 0.923 1.464 1.703 1.950 2.131 2.345 2.483 2.561 2.634 2.683 2.719 2.747 2.773 2.807 2.831 2.775 2.736 2.654 2.550 2.357 2.181 2.159 0.963
8.00 158.49 0.805 1.334 1.569 1.810 1.990 2.199 2.321 2.392 2.462 2.507 2.540 2.562 2.587 2.616 2.634 2.572 2.535 2.446 2.329 2.130 1.952 1.944 0.717
8.00 199.53 0.675 1.192 1.426 1.664 1.842 2.045 2.150 2.215 2.280 2.321 2.350 2.367 2.389 2.410 2.419 2.348 2.309 2.210 2.078 1.871 1.694 1.706 0.441
8.00 251.19 0.533 1.037 1.273 1.510 1.683 1.880 1.967 2.026 2.086 2.122 2.147 2.158 2.175 2.186 2.182 2.097 2.053 1.940 1.790 1.571 1.402 1.438 0.129
8.00 316.23 0.375 0.866 1.106 1.346 1.512 1.702 1.770 1.825 1.878 1.910 1.929 1.933 1.944 1.942 1.920 1.813 1.760 1.629 1.457 1.222 1.069 1.136 -0.227
8.00 398.11 0.199 0.677 0.925 1.171 1.327 1.509 1.556 1.607 1.653 1.679 1.693 1.688 1.691 1.671 1.625 1.490 1.423 1.268 1.068 0.813 0.684 0.791 -0.639
8.00 501.19 -0.001 0.464 0.724 0.981 1.124 1.297 1.320 1.370 1.406 1.426 1.433 1.418 1.411 1.369 1.290 1.118 1.029 0.844 0.611 0.329 0.236 0.392 -1.118
8.00 630.96 -0.229 0.222 0.500 0.774 0.899 1.061 1.058 1.109 1.134 1.145 1.145 1.118 1.098 1.026 0.905 0.684 0.566 0.342 0.069 -0.248 -0.291 -0.073 -1.682
8.00 794.33 -0.492 -0.054 0.247 0.545 0.646 0.795 0.763 0.817 0.829 0.830 0.821 0.780 0.743 0.634 0.458 0.174 0.016 -0.258 -0.581 -0.941 -0.917 -0.622 -2.352
8.00 1000.00 -0.799 -0.375 -0.042 0.289 0.358 0.492 0.427 0.486 0.483 0.473 0.453 0.394 0.336 0.178 -0.067 -0.433 -0.644 -0.979 -1.364 -1.781 -1.668 -1.275 -3.155
