ZhaoEtAl2006SSlabCascadia as implemented in OpenQuake, distance is rrup. Log10 hazard values in cgs units
          14 31 22 : nmag, ndist, nperiod
          10.000 5.000 4.000 3.000 2.500 2.000 1.500 1.250 1.000 0.900 0.800 0.700 0.600 0.500 0.400 0.300 0.250 0.200 0.150 0.100 0.050 PGA PGV
          0.708 0.708 0.705 0.721 0.732 0.733 0.721 0.716 0.717 0.714 0.713 0.714 0.712 0.707 0.715 0.728 0.743 0.764 0.794 0.811 0.743 0.684 0.743
4.75 1.00 0.338 0.960 1.248 1.712 1.803 2.116 2.577 2.878 3.092 3.229 3.374 3.544 3.656 3.726 3.770 3.702 3.581 3.614 3.768 3.696 3.777 3.594 2.671
4.75 1.26 0.269 0.889 1.165 1.612 1.708 2.016 2.463 2.755 2.967 3.102 3.245 3.414 3.530 3.609 3.665 3.610 3.500 3.533 3.681 3.611 3.672 3.485 2.558
4.75 1.58 0.195 0.813 1.076 1.508 1.608 1.912 2.345 2.627 2.838 2.971 3.113 3.280 3.400 3.487 3.554 3.511 3.412 3.446 3.589 3.520 3.561 3.372 2.440
4.75 2.00 0.117 0.731 0.983 1.401 1.505 1.805 2.223 2.496 2.705 2.836 2.976 3.142 3.265 3.360 3.438 3.407 3.319 3.353 3.490 3.423 3.444 3.252 2.314
4.75 2.51 0.034 0.645 0.886 1.290 1.398 1.694 2.099 2.362 2.569 2.698 2.836 3.000 3.126 3.228 3.316 3.297 3.219 3.254 3.385 3.320 3.322 3.127 2.183
4.75 3.16 -0.053 0.554 0.786 1.176 1.288 1.580 1.971 2.225 2.430 2.558 2.694 2.856 2.983 3.092 3.189 3.182 3.115 3.150 3.274 3.211 3.194 2.998 2.046
4.75 3.98 -0.142 0.459 0.682 1.060 1.176 1.464 1.842 2.086 2.288 2.414 2.549 2.708 2.837 2.952 3.058 3.061 3.004 3.040 3.158 3.097 3.061 2.864 1.904
4.75 5.01 -0.234 0.361 0.575 0.941 1.061 1.346 1.710 1.946 2.144 2.269 2.401 2.559 2.689 2.809 2.924 2.936 2.889 2.925 3.037 2.977 2.923 2.726 1.757
4.75 6.31 -0.329 0.260 0.467 0.821 0.945 1.227 1.577 1.803 1.999 2.122 2.253 2.407 2.539 2.664 2.785 2.806 2.770 2.805 2.911 2.852 2.781 2.584 1.605
4.75 7.94 -0.425 0.156 0.356 0.699 0.827 1.105 1.442 1.660 1.852 1.974 2.102 2.254 2.386 2.515 2.643 2.673 2.646 2.680 2.780 2.722 2.635 2.439 1.449
4.75 10.00 -0.522 0.050 0.243 0.576 0.708 0.983 1.306 1.515 1.703 1.823 1.950 2.099 2.232 2.364 2.499 2.536 2.518 2.551 2.645 2.588 2.486 2.290 1.289
4.75 12.59 -0.621 -0.058 0.129 0.452 0.587 0.859 1.169 1.368 1.553 1.672 1.797 1.943 2.076 2.211 2.351 2.395 2.386 2.418 2.505 2.449 2.333 2.139 1.125
4.75 15.85 -0.722 -0.168 0.013 0.326 0.465 0.734 1.030 1.221 1.402 1.519 1.642 1.785 1.918 2.056 2.201 2.251 2.251 2.281 2.361 2.306 2.175 1.984 0.957
4.75 19.95 -0.823 -0.280 -0.104 0.200 0.342 0.608 0.890 1.072 1.249 1.365 1.486 1.625 1.758 1.898 2.048 2.103 2.112 2.140 2.213 2.158 2.015 1.826 0.785
4.75 25.12 -0.926 -0.394 -0.223 0.072 0.218 0.480 0.749 0.922 1.095 1.209 1.328 1.464 1.597 1.738 1.892 1.952 1.968 1.994 2.060 2.005 1.849 1.665 0.608
4.75 31.62 -1.030 -0.510 -0.343 -0.057 0.092 0.351 0.606 0.771 0.940 1.052 1.168 1.301 1.433 1.576 1.733 1.797 1.820 1.843 1.901 1.846 1.679 1.499 0.426
4.75 39.81 -1.137 -0.628 -0.465 -0.187 -0.036 0.220 0.461 0.617 0.782 0.893 1.007 1.136 1.267 1.410 1.570 1.637 1.667 1.687 1.737 1.680 1.503 1.329 0.238
4.75 50.12 -1.245 -0.749 -0.590 -0.319 -0.166 0.087 0.314 0.462 0.622 0.731 0.843 0.968 1.098 1.241 1.402 1.471 1.507 1.523 1.565 1.506 1.321 1.153 0.042
4.75 63.10 -1.357 -0.873 -0.717 -0.453 -0.297 -0.049 0.164 0.304 0.460 0.566 0.676 0.797 0.925 1.068 1.229 1.299 1.341 1.352 1.383 1.322 1.130 0.970 -0.162
4.75 79.43 -1.471 -1.001 -0.847 -0.589 -0.432 -0.187 0.011 0.143 0.294 0.398 0.505 0.622 0.749 0.890 1.050 1.119 1.165 1.170 1.191 1.127 0.929 0.779 -0.377
4.75 100.00 -1.591 -1.133 -0.980 -0.728 -0.571 -0.329 -0.147 -0.022 0.124 0.226 0.330 0.443 0.567 0.705 0.863 0.929 0.977 0.975 0.985 0.916 0.715 0.577 -0.606
4.75 125.89 -1.715 -1.271 -1.119 -0.871 -0.713 -0.476 -0.309 -0.192 -0.052 0.048 0.149 0.257 0.378 0.512 0.666 0.727 0.776 0.765 0.762 0.687 0.485 0.361 -0.852
4.75 158.49 -1.847 -1.416 -1.263 -1.018 -0.862 -0.629 -0.479 -0.368 -0.233 -0.137 -0.039 0.063 0.181 0.310 0.456 0.509 0.558 0.536 0.518 0.435 0.236 0.129 -1.118
4.75 199.53 -1.987 -1.570 -1.414 -1.170 -1.017 -0.790 -0.656 -0.551 -0.423 -0.330 -0.236 -0.140 -0.027 0.094 0.231 0.272 0.317 0.282 0.247 0.153 -0.038 -0.124 -1.411
4.75 251.19 -2.138 -1.734 -1.575 -1.329 -1.181 -0.960 -0.844 -0.745 -0.623 -0.534 -0.444 -0.354 -0.247 -0.137 -0.014 0.011 0.050 -0.002 -0.058 -0.165 -0.343 -0.403 -1.738
4.75 316.23 -2.303 -1.913 -1.746 -1.497 -1.355 -1.141 -1.045 -0.950 -0.836 -0.752 -0.666 -0.584 -0.484 -0.387 -0.283 -0.281 -0.253 -0.325 -0.404 -0.528 -0.687 -0.714 -2.106
4.75 398.11 -2.486 -2.109 -1.932 -1.675 -1.544 -1.337 -1.263 -1.170 -1.065 -0.987 -0.906 -0.833 -0.742 -0.663 -0.584 -0.610 -0.598 -0.696 -0.803 -0.950 -1.081 -1.067 -2.527
4.75 501.19 -2.690 -2.327 -2.136 -1.867 -1.750 -1.552 -1.501 -1.410 -1.315 -1.243 -1.168 -1.106 -1.025 -0.969 -0.923 -0.988 -0.998 -1.128 -1.269 -1.444 -1.536 -1.473 -3.014
4.75 630.96 -2.921 -2.572 -2.363 -2.076 -1.977 -1.790 -1.765 -1.673 -1.589 -1.526 -1.458 -1.408 -1.342 -1.315 -1.311 -1.426 -1.466 -1.637 -1.819 -2.029 -2.069 -1.943 -3.585
4.75 794.33 -3.187 -2.852 -2.618 -2.307 -2.232 -2.057 -2.062 -1.967 -1.896 -1.842 -1.784 -1.748 -1.699 -1.710 -1.761 -1.939 -2.020 -2.241 -2.474 -2.729 -2.700 -2.496 -4.260
4.75 1000.00 -3.497 -3.176 -2.909 -2.564 -2.521 -2.362 -2.400 -2.299 -2.244 -2.202 -2.154 -2.136 -2.109 -2.167 -2.289 -2.549 -2.683 -2.967 -3.262 -3.574 -3.454 -3.152 -5.067
5.00 1.00 0.477 1.094 1.405 1.879 1.971 2.281 2.730 3.020 3.215 3.344 3.481 3.639 3.735 3.789 3.816 3.730 3.599 3.622 3.768 3.688 3.778 3.612 2.672
5.00 1.26 0.414 1.029 1.328 1.785 1.881 2.186 2.621 2.902 3.096 3.223 3.358 3.515 3.616 3.679 3.717 3.644 3.523 3.547 3.687 3.609 3.680 3.510 2.567
5.00 1.58 0.346 0.959 1.245 1.686 1.787 2.087 2.508 2.779 2.972 3.097 3.230 3.386 3.491 3.563 3.612 3.551 3.442 3.466 3.601 3.525 3.575 3.403 2.455
5.00 2.00 0.273 0.883 1.157 1.583 1.688 1.983 2.390 2.652 2.843 2.967 3.098 3.252 3.361 3.441 3.501 3.452 3.354 3.380 3.508 3.435 3.465 3.290 2.336
5.00 2.51 0.196 0.802 1.064 1.476 1.585 1.876 2.269 2.521 2.711 2.833 2.962 3.115 3.226 3.314 3.385 3.348 3.261 3.287 3.410 3.339 3.348 3.171 2.212
5.00 3.16 0.114 0.716 0.968 1.365 1.478 1.765 2.145 2.388 2.575 2.695 2.823 2.973 3.088 3.182 3.263 3.238 3.162 3.188 3.306 3.236 3.226 3.047 2.081
5.00 3.98 0.029 0.626 0.867 1.252 1.368 1.652 2.018 2.251 2.437 2.555 2.680 2.829 2.945 3.046 3.136 3.122 3.056 3.084 3.195 3.128 3.099 2.918 1.944
5.00 5.01 -0.060 0.532 0.764 1.135 1.256 1.536 1.888 2.112 2.295 2.412 2.535 2.682 2.800 2.907 3.005 3.001 2.946 2.974 3.079 3.013 2.966 2.784 1.802
5.00 6.31 -0.152 0.434 0.658 1.017 1.142 1.418 1.757 1.972 2.152 2.267 2.388 2.532 2.652 2.764 2.870 2.875 2.831 2.858 2.958 2.893 2.828 2.646 1.655
5.00 7.94 -0.246 0.333 0.549 0.897 1.026 1.298 1.624 1.829 2.006 2.120 2.239 2.381 2.501 2.617 2.731 2.745 2.710 2.738 2.831 2.768 2.685 2.504 1.503
5.00 10.00 -0.341 0.229 0.438 0.775 0.907 1.177 1.489 1.686 1.859 1.971 2.089 2.227 2.349 2.468 2.588 2.611 2.585 2.612 2.699 2.638 2.539 2.358 1.346
5.00 12.59 -0.439 0.123 0.325 0.652 0.788 1.054 1.352 1.540 1.710 1.821 1.936 2.072 2.194 2.317 2.443 2.472 2.456 2.482 2.563 2.502 2.388 2.208 1.184
5.00 15.85 -0.538 0.014 0.210 0.527 0.667 0.930 1.214 1.393 1.560 1.669 1.782 1.915 2.037 2.163 2.294 2.330 2.323 2.347 2.421 2.361 2.233 2.056 1.018
5.00 19.95 -0.638 -0.097 0.094 0.401 0.544 0.804 1.075 1.245 1.408 1.515 1.627 1.756 1.878 2.006 2.142 2.184 2.185 2.208 2.275 2.216 2.074 1.899 0.848
5.00 25.12 -0.741 -0.210 -0.024 0.274 0.420 0.677 0.934 1.096 1.254 1.360 1.470 1.596 1.717 1.847 1.988 2.034 2.043 2.064 2.124 2.064 1.910 1.739 0.673
5.00 31.62 -0.844 -0.325 -0.144 0.145 0.295 0.548 0.792 0.945 1.099 1.203 1.310 1.433 1.554 1.686 1.829 1.880 1.897 1.915 1.967 1.907 1.741 1.574 0.492
5.00 39.81 -0.950 -0.442 -0.266 0.015 0.168 0.418 0.647 0.792 0.942 1.044 1.149 1.268 1.389 1.521 1.667 1.721 1.744 1.759 1.803 1.742 1.566 1.405 0.305
5.00 50.12 -1.058 -0.563 -0.390 -0.117 0.038 0.285 0.500 0.636 0.782 0.882 0.986 1.101 1.220 1.352 1.500 1.556 1.586 1.597 1.632 1.569 1.384 1.229 0.110
5.00 63.10 -1.170 -0.686 -0.516 -0.250 -0.093 0.150 0.350 0.479 0.620 0.718 0.819 0.930 1.048 1.179 1.328 1.384 1.420 1.426 1.452 1.386 1.194 1.047 -0.093
5.00 79.43 -1.284 -0.814 -0.646 -0.386 -0.228 0.011 0.197 0.318 0.454 0.550 0.648 0.755 0.871 1.001 1.149 1.205 1.244 1.244 1.260 1.191 0.993 0.856 -0.308
5.00 100.00 -1.403 -0.946 -0.780 -0.525 -0.366 -0.131 0.040 0.153 0.284 0.378 0.473 0.576 0.689 0.817 0.962 1.015 1.057 1.050 1.054 0.981 0.780 0.654 -0.536
5.00 125.89 -1.528 -1.083 -0.918 -0.667 -0.509 -0.278 -0.123 -0.017 0.109 0.200 0.293 0.390 0.501 0.624 0.765 0.813 0.857 0.841 0.832 0.752 0.551 0.439 -0.782
5.00 158.49 -1.659 -1.228 -1.062 -0.814 -0.657 -0.431 -0.292 -0.193 -0.073 0.015 0.105 0.197 0.304 0.422 0.555 0.595 0.638 0.611 0.588 0.500 0.302 0.207 -1.048
5.00 199.53 -1.799 -1.382 -1.213 -0.966 -0.812 -0.591 -0.470 -0.376 -0.263 -0.178 -0.092 -0.006 0.097 0.207 0.330 0.359 0.398 0.358 0.317 0.219 0.028 -0.046 -1.341
5.00 251.19 -1.950 -1.547 -1.373 -1.125 -0.976 -0.761 -0.658 -0.570 -0.463 -0.382 -0.300 -0.221 -0.124 -0.024 0.086 0.098 0.131 0.074 0.013 -0.098 -0.277 -0.324 -1.668
5.00 316.23 -2.115 -1.725 -1.545 -1.293 -1.151 -0.942 -0.859 -0.775 -0.676 -0.600 -0.522 -0.451 -0.361 -0.275 -0.184 -0.194 -0.172 -0.249 -0.333 -0.462 -0.621 -0.636 -2.036
5.00 398.11 -2.298 -1.921 -1.731 -1.471 -1.339 -1.138 -1.076 -0.995 -0.905 -0.834 -0.762 -0.700 -0.618 -0.550 -0.484 -0.523 -0.517 -0.620 -0.733 -0.883 -1.015 -0.989 -2.457
5.00 501.19 -2.502 -2.139 -1.935 -1.663 -1.545 -1.353 -1.314 -1.235 -1.154 -1.090 -1.025 -0.972 -0.902 -0.857 -0.823 -0.901 -0.917 -1.052 -1.199 -1.377 -1.470 -1.394 -2.944
5.00 630.96 -2.733 -2.384 -2.162 -1.873 -1.772 -1.591 -1.578 -1.498 -1.429 -1.373 -1.315 -1.275 -1.218 -1.202 -1.212 -1.338 -1.385 -1.560 -1.748 -1.962 -2.003 -1.864 -3.514
5.00 794.33 -2.999 -2.664 -2.417 -2.103 -2.027 -1.858 -1.875 -1.792 -1.735 -1.690 -1.641 -1.615 -1.576 -1.597 -1.661 -1.852 -1.939 -2.165 -2.403 -2.662 -2.634 -2.417 -4.189
5.00 1000.00 -3.309 -2.988 -2.708 -2.361 -2.316 -2.163 -2.213 -2.124 -2.083 -2.049 -2.011 -2.003 -1.985 -2.055 -2.189 -2.461 -2.602 -2.890 -3.191 -3.507 -3.388 -3.074 -4.996
5.25 1.00 0.609 1.221 1.554 2.039 2.131 2.438 2.875 3.156 3.332 3.455 3.585 3.730 3.812 3.852 3.863 3.761 3.620 3.633 3.771 3.684 3.783 3.631 2.677
5.25 1.26 0.553 1.163 1.483 1.951 2.047 2.349 2.772 3.044 3.219 3.340 3.468 3.612 3.699 3.747 3.770 3.680 3.550 3.564 3.696 3.611 3.690 3.536 2.578
5.25 1.58 0.492 1.099 1.406 1.858 1.958 2.255 2.664 2.926 3.101 3.220 3.345 3.489 3.580 3.637 3.671 3.593 3.474 3.489 3.616 3.534 3.592 3.436 2.473
5.25 2.00 0.425 1.030 1.324 1.759 1.864 2.156 2.552 2.803 2.978 3.095 3.218 3.361 3.456 3.522 3.566 3.500 3.393 3.409 3.530 3.450 3.489 3.329 2.362
5.25 2.51 0.353 0.955 1.237 1.656 1.765 2.053 2.435 2.677 2.850 2.965 3.087 3.228 3.326 3.400 3.455 3.402 3.305 3.323 3.439 3.360 3.379 3.217 2.244
5.25 3.16 0.276 0.875 1.145 1.549 1.663 1.946 2.314 2.547 2.719 2.831 2.951 3.091 3.192 3.274 3.339 3.297 3.212 3.230 3.341 3.265 3.263 3.098 2.120
5.25 3.98 0.196 0.789 1.049 1.439 1.557 1.836 2.190 2.413 2.583 2.694 2.812 2.950 3.054 3.142 3.217 3.186 3.112 3.132 3.236 3.163 3.141 2.975 1.990
5.25 5.01 0.111 0.699 0.949 1.326 1.447 1.722 2.064 2.277 2.445 2.554 2.670 2.806 2.912 3.006 3.090 3.070 3.007 3.027 3.126 3.054 3.013 2.846 1.853
5.25 6.31 0.023 0.605 0.845 1.210 1.335 1.607 1.934 2.139 2.304 2.412 2.525 2.659 2.767 2.866 2.958 2.949 2.896 2.917 3.010 2.940 2.880 2.712 1.711
5.25 7.94 -0.068 0.507 0.739 1.091 1.221 1.489 1.803 1.998 2.160 2.267 2.378 2.509 2.619 2.723 2.823 2.822 2.780 2.801 2.888 2.820 2.742 2.573 1.563
5.25 10.00 -0.161 0.406 0.630 0.971 1.104 1.369 1.669 1.855 2.015 2.119 2.229 2.357 2.468 2.577 2.683 2.691 2.659 2.679 2.760 2.694 2.599 2.431 1.410
5.25 12.59 -0.257 0.302 0.519 0.849 0.986 1.247 1.534 1.711 1.867 1.970 2.078 2.204 2.315 2.427 2.540 2.556 2.533 2.553 2.628 2.562 2.451 2.284 1.252
5.25 15.85 -0.354 0.196 0.406 0.725 0.866 1.124 1.397 1.565 1.718 1.819 1.925 2.048 2.160 2.275 2.393 2.416 2.402 2.421 2.489 2.425 2.299 2.134 1.089
5.25 19.95 -0.454 0.086 0.290 0.600 0.744 0.999 1.259 1.418 1.567 1.667 1.770 1.890 2.002 2.119 2.243 2.272 2.267 2.284 2.346 2.282 2.142 1.979 0.921
5.25 25.12 -0.555 -0.025 0.173 0.473 0.621 0.872 1.118 1.269 1.414 1.512 1.614 1.730 1.842 1.962 2.089 2.123 2.127 2.142 2.197 2.133 1.979 1.820 0.747
5.25 31.62 -0.658 -0.139 0.054 0.345 0.496 0.744 0.976 1.118 1.259 1.356 1.455 1.568 1.680 1.801 1.932 1.970 1.981 1.994 2.041 1.977 1.812 1.657 0.568
5.25 39.81 -0.763 -0.256 -0.067 0.216 0.369 0.614 0.832 0.966 1.103 1.197 1.294 1.404 1.515 1.636 1.770 1.812 1.830 1.840 1.879 1.814 1.638 1.488 0.382
5.25 50.12 -0.871 -0.376 -0.191 0.084 0.240 0.481 0.686 0.811 0.943 1.036 1.131 1.237 1.347 1.469 1.604 1.648 1.673 1.679 1.709 1.642 1.457 1.314 0.188
5.25 63.10 -0.982 -0.499 -0.317 -0.049 0.109 0.346 0.536 0.653 0.781 0.872 0.964 1.066 1.175 1.296 1.433 1.478 1.507 1.509 1.530 1.460 1.268 1.132 -0.014
5.25 79.43 -1.096 -0.626 -0.446 -0.185 -0.025 0.208 0.383 0.493 0.616 0.704 0.794 0.892 0.999 1.118 1.254 1.298 1.332 1.328 1.339 1.266 1.068 0.941 -0.228
5.25 100.00 -1.215 -0.757 -0.580 -0.324 -0.163 0.066 0.226 0.328 0.446 0.532 0.619 0.712 0.817 0.934 1.068 1.109 1.146 1.135 1.134 1.057 0.855 0.740 -0.456
5.25 125.89 -1.339 -0.895 -0.717 -0.466 -0.306 -0.081 0.064 0.158 0.271 0.354 0.439 0.527 0.628 0.742 0.871 0.908 0.946 0.926 0.912 0.829 0.626 0.525 -0.701
5.25 158.49 -1.470 -1.040 -0.861 -0.612 -0.454 -0.233 -0.106 -0.018 0.089 0.170 0.251 0.334 0.432 0.539 0.662 0.690 0.728 0.697 0.668 0.577 0.377 0.293 -0.967
5.25 199.53 -1.610 -1.193 -1.012 -0.764 -0.609 -0.394 -0.283 -0.201 -0.100 -0.023 0.054 0.131 0.224 0.324 0.437 0.454 0.488 0.443 0.398 0.296 0.104 0.041 -1.260
5.25 251.19 -1.761 -1.358 -1.173 -0.923 -0.773 -0.563 -0.471 -0.394 -0.300 -0.227 -0.154 -0.084 0.004 0.094 0.192 0.193 0.220 0.160 0.094 -0.021 -0.201 -0.238 -1.586
5.25 316.23 -1.926 -1.536 -1.344 -1.091 -0.948 -0.745 -0.672 -0.599 -0.513 -0.445 -0.376 -0.314 -0.233 -0.157 -0.077 -0.098 -0.081 -0.163 -0.252 -0.384 -0.545 -0.549 -1.954
5.25 398.11 -2.108 -1.732 -1.530 -1.269 -1.136 -0.941 -0.889 -0.820 -0.742 -0.679 -0.616 -0.562 -0.490 -0.432 -0.377 -0.428 -0.427 -0.534 -0.651 -0.806 -0.938 -0.902 -2.375
5.25 501.19 -2.312 -1.950 -1.734 -1.461 -1.342 -1.155 -1.127 -1.059 -0.991 -0.935 -0.878 -0.835 -0.774 -0.738 -0.717 -0.805 -0.826 -0.965 -1.117 -1.299 -1.393 -1.307 -2.862
5.25 630.96 -2.544 -2.195 -1.961 -1.670 -1.569 -1.393 -1.391 -1.322 -1.266 -1.218 -1.168 -1.137 -1.090 -1.084 -1.105 -1.243 -1.294 -1.474 -1.667 -1.884 -1.926 -1.777 -3.432
5.25 794.33 -2.810 -2.475 -2.216 -1.901 -1.824 -1.661 -1.688 -1.616 -1.573 -1.535 -1.494 -1.478 -1.448 -1.479 -1.555 -1.756 -1.849 -2.078 -2.322 -2.584 -2.557 -2.330 -4.107
5.25 1000.00 -3.120 -2.799 -2.507 -2.158 -2.113 -1.965 -2.026 -1.948 -1.920 -1.894 -1.864 -1.865 -1.857 -1.936 -2.082 -2.365 -2.511 -2.804 -3.109 -3.429 -3.311 -2.987 -4.914
5.50 1.00 0.735 1.342 1.696 2.191 2.282 2.586 3.012 3.285 3.442 3.559 3.683 3.817 3.885 3.913 3.911 3.796 3.645 3.649 3.779 3.685 3.791 3.651 2.685
5.50 1.26 0.686 1.291 1.631 2.109 2.205 2.503 2.916 3.179 3.336 3.451 3.573 3.706 3.778 3.815 3.824 3.719 3.580 3.585 3.710 3.618 3.704 3.563 2.593
5.50 1.58 0.631 1.234 1.561 2.022 2.122 2.415 2.814 3.067 3.225 3.337 3.457 3.589 3.666 3.711 3.731 3.638 3.510 3.516 3.635 3.546 3.612 3.469 2.494
5.50 2.00 0.570 1.171 1.485 1.929 2.033 2.322 2.707 2.950 3.108 3.218 3.335 3.467 3.548 3.602 3.632 3.551 3.434 3.442 3.556 3.469 3.515 3.369 2.390
5.50 2.51 0.505 1.102 1.403 1.831 1.940 2.224 2.595 2.828 2.985 3.094 3.209 3.339 3.425 3.486 3.527 3.458 3.353 3.362 3.470 3.386 3.412 3.263 2.280
5.50 3.16 0.434 1.028 1.317 1.728 1.842 2.121 2.479 2.702 2.858 2.965 3.078 3.207 3.296 3.365 3.416 3.359 3.266 3.276 3.379 3.297 3.302 3.151 2.163
5.50 3.98 0.358 0.948 1.225 1.621 1.739 2.014 2.359 2.573 2.727 2.832 2.943 3.071 3.163 3.239 3.299 3.254 3.172 3.183 3.281 3.201 3.187 3.034 2.039
5.50 5.01 0.278 0.863 1.129 1.511 1.633 1.904 2.235 2.440 2.593 2.696 2.804 2.930 3.025 3.107 3.177 3.143 3.072 3.085 3.177 3.100 3.065 2.910 1.909
5.50 6.31 0.194 0.773 1.029 1.398 1.524 1.791 2.109 2.304 2.455 2.556 2.662 2.786 2.884 2.972 3.050 3.027 2.966 2.980 3.067 2.991 2.937 2.781 1.772
5.50 7.94 0.107 0.680 0.926 1.282 1.412 1.676 1.980 2.165 2.314 2.413 2.517 2.639 2.738 2.832 2.918 2.904 2.855 2.869 2.950 2.877 2.804 2.647 1.629
5.50 10.00 0.017 0.582 0.820 1.163 1.298 1.558 1.848 2.024 2.170 2.268 2.370 2.490 2.590 2.688 2.782 2.777 2.738 2.752 2.828 2.756 2.665 2.509 1.481
5.50 12.59 -0.076 0.481 0.711 1.043 1.181 1.437 1.714 1.882 2.024 2.120 2.221 2.337 2.439 2.541 2.641 2.645 2.615 2.630 2.699 2.629 2.521 2.365 1.327
5.50 15.85 -0.172 0.376 0.599 0.921 1.062 1.315 1.579 1.737 1.876 1.971 2.069 2.183 2.286 2.390 2.497 2.508 2.488 2.501 2.565 2.495 2.372 2.217 1.167
5.50 19.95 -0.269 0.269 0.485 0.796 0.942 1.191 1.441 1.590 1.727 1.819 1.915 2.026 2.129 2.237 2.349 2.366 2.355 2.368 2.424 2.356 2.217 2.065 1.002
5.50 25.12 -0.369 0.159 0.369 0.671 0.819 1.066 1.302 1.442 1.575 1.666 1.760 1.868 1.971 2.080 2.197 2.220 2.217 2.228 2.278 2.209 2.057 1.908 0.831
5.50 31.62 -0.471 0.046 0.251 0.543 0.695 0.938 1.160 1.292 1.421 1.510 1.602 1.706 1.809 1.921 2.041 2.068 2.074 2.082 2.125 2.056 1.892 1.746 0.653
5.50 39.81 -0.576 -0.070 0.131 0.414 0.569 0.808 1.017 1.140 1.265 1.352 1.442 1.543 1.645 1.757 1.880 1.911 1.924 1.930 1.964 1.895 1.719 1.579 0.469
5.50 50.12 -0.683 -0.188 0.008 0.283 0.440 0.676 0.870 0.986 1.106 1.191 1.279 1.376 1.477 1.590 1.715 1.749 1.768 1.770 1.796 1.725 1.540 1.405 0.277
5.50 63.10 -0.793 -0.311 -0.118 0.150 0.309 0.542 0.721 0.828 0.944 1.028 1.113 1.206 1.306 1.418 1.544 1.579 1.603 1.601 1.617 1.545 1.351 1.224 0.075
5.50 79.43 -0.907 -0.437 -0.247 0.015 0.175 0.404 0.569 0.668 0.779 0.860 0.943 1.032 1.130 1.241 1.366 1.400 1.429 1.421 1.428 1.351 1.152 1.034 -0.138
5.50 100.00 -1.025 -0.568 -0.380 -0.124 0.037 0.262 0.412 0.503 0.609 0.688 0.768 0.853 0.949 1.057 1.180 1.212 1.244 1.229 1.224 1.143 0.940 0.834 -0.365
5.50 125.89 -1.149 -0.705 -0.518 -0.266 -0.105 0.115 0.249 0.334 0.435 0.511 0.588 0.667 0.761 0.865 0.984 1.010 1.044 1.020 1.002 0.915 0.711 0.619 -0.610
5.50 158.49 -1.280 -0.850 -0.661 -0.412 -0.253 -0.037 0.080 0.158 0.253 0.327 0.400 0.474 0.564 0.663 0.775 0.794 0.826 0.792 0.759 0.664 0.463 0.388 -0.875
5.50 199.53 -1.420 -1.003 -0.812 -0.564 -0.408 -0.198 -0.097 -0.025 0.064 0.133 0.203 0.272 0.357 0.448 0.550 0.557 0.587 0.539 0.489 0.384 0.190 0.136 -1.168
5.50 251.19 -1.571 -1.167 -0.972 -0.723 -0.571 -0.367 -0.285 -0.218 -0.136 -0.070 -0.005 0.057 0.137 0.218 0.305 0.297 0.320 0.255 0.185 0.067 -0.115 -0.143 -1.494
5.50 316.23 -1.736 -1.346 -1.144 -0.890 -0.746 -0.548 -0.486 -0.423 -0.349 -0.288 -0.227 -0.173 -0.100 -0.033 0.036 0.006 0.018 -0.067 -0.160 -0.296 -0.458 -0.454 -1.861
5.50 398.11 -1.918 -1.542 -1.330 -1.069 -0.934 -0.744 -0.703 -0.644 -0.578 -0.522 -0.466 -0.421 -0.357 -0.308 -0.264 -0.323 -0.327 -0.438 -0.559 -0.717 -0.851 -0.807 -2.282
5.50 501.19 -2.122 -1.759 -1.534 -1.261 -1.140 -0.959 -0.941 -0.883 -0.827 -0.778 -0.729 -0.694 -0.641 -0.614 -0.603 -0.701 -0.727 -0.869 -1.025 -1.211 -1.306 -1.211 -2.769
5.50 630.96 -2.353 -2.005 -1.760 -1.470 -1.367 -1.197 -1.205 -1.146 -1.102 -1.061 -1.019 -0.996 -0.957 -0.960 -0.991 -1.138 -1.195 -1.377 -1.574 -1.795 -1.839 -1.682 -3.339
5.50 794.33 -2.619 -2.284 -2.015 -1.700 -1.622 -1.464 -1.502 -1.440 -1.409 -1.378 -1.344 -1.336 -1.315 -1.355 -1.441 -1.652 -1.749 -1.982 -2.229 -2.495 -2.470 -2.234 -4.014
5.50 1000.00 -2.929 -2.608 -2.306 -1.958 -1.911 -1.769 -1.840 -1.772 -1.756 -1.737 -1.714 -1.724 -1.724 -1.812 -1.968 -2.261 -2.411 -2.707 -3.017 -3.340 -3.224 -2.891 -4.821
5.75 1.00 0.856 1.457 1.830 2.334 2.424 2.726 3.142 3.407 3.546 3.658 3.777 3.900 3.954 3.974 3.961 3.833 3.675 3.670 3.792 3.692 3.803 3.673 2.698
5.75 1.26 0.812 1.412 1.771 2.259 2.353 2.650 3.052 3.307 3.447 3.557 3.673 3.796 3.855 3.882 3.879 3.762 3.614 3.611 3.728 3.629 3.722 3.591 2.611
5.75 1.58 0.764 1.361 1.708 2.177 2.277 2.568 2.957 3.202 3.342 3.450 3.564 3.686 3.749 3.784 3.791 3.686 3.549 3.547 3.659 3.562 3.636 3.503 2.519
5.75 2.00 0.710 1.305 1.638 2.090 2.194 2.480 2.856 3.091 3.232 3.337 3.448 3.570 3.638 3.681 3.698 3.604 3.479 3.478 3.585 3.491 3.545 3.410 2.422
5.75 2.51 0.650 1.243 1.563 1.998 2.106 2.388 2.750 2.974 3.115 3.219 3.328 3.448 3.521 3.572 3.599 3.517 3.404 3.404 3.506 3.414 3.448 3.311 2.318
5.75 3.16 0.586 1.175 1.482 1.900 2.013 2.290 2.638 2.853 2.994 3.095 3.202 3.322 3.398 3.456 3.494 3.424 3.322 3.324 3.421 3.332 3.345 3.206 2.208
5.75 3.98 0.516 1.101 1.396 1.798 1.916 2.188 2.523 2.728 2.868 2.967 3.072 3.190 3.271 3.336 3.384 3.325 3.235 3.238 3.329 3.243 3.236 3.094 2.092
5.75 5.01 0.441 1.022 1.304 1.692 1.814 2.081 2.403 2.599 2.738 2.835 2.937 3.054 3.138 3.209 3.267 3.219 3.141 3.146 3.232 3.148 3.121 2.977 1.968
5.75 6.31 0.362 0.938 1.209 1.582 1.708 1.972 2.280 2.466 2.603 2.698 2.798 2.914 3.000 3.078 3.144 3.108 3.041 3.047 3.128 3.046 2.999 2.854 1.838
5.75 7.94 0.279 0.848 1.109 1.469 1.599 1.859 2.153 2.330 2.465 2.559 2.657 2.770 2.859 2.942 3.017 2.991 2.934 2.942 3.017 2.938 2.871 2.725 1.701
5.75 10.00 0.192 0.755 1.006 1.353 1.487 1.743 2.024 2.191 2.325 2.416 2.512 2.623 2.714 2.802 2.884 2.868 2.822 2.830 2.900 2.823 2.737 2.591 1.558
5.75 12.59 0.102 0.657 0.899 1.234 1.372 1.625 1.892 2.051 2.181 2.271 2.365 2.473 2.566 2.658 2.747 2.739 2.704 2.712 2.776 2.701 2.597 2.451 1.408
5.75 15.85 0.010 0.556 0.790 1.113 1.255 1.504 1.758 1.907 2.035 2.123 2.215 2.320 2.414 2.510 2.605 2.605 2.580 2.588 2.646 2.572 2.452 2.306 1.252
5.75 19.95 -0.086 0.451 0.678 0.990 1.136 1.381 1.622 1.762 1.887 1.973 2.062 2.165 2.260 2.358 2.460 2.466 2.450 2.458 2.510 2.437 2.301 2.157 1.091
5.75 25.12 -0.184 0.343 0.563 0.866 1.015 1.257 1.484 1.615 1.736 1.821 1.908 2.008 2.102 2.203 2.309 2.322 2.315 2.321 2.366 2.294 2.143 2.002 0.922
5.75 31.62 -0.285 0.232 0.447 0.739 0.892 1.130 1.343 1.466 1.583 1.666 1.751 1.848 1.942 2.045 2.155 2.173 2.173 2.178 2.216 2.144 1.980 1.843 0.748
5.75 39.81 -0.388 0.117 0.327 0.611 0.766 1.001 1.200 1.314 1.428 1.509 1.591 1.685 1.779 1.883 1.996 2.018 2.026 2.028 2.058 1.985 1.809 1.677 0.565
5.75 50.12 -0.494 -0.001 0.205 0.481 0.638 0.869 1.054 1.160 1.269 1.349 1.429 1.519 1.612 1.717 1.832 1.856 1.871 1.869 1.891 1.817 1.631 1.505 0.375
5.75 63.10 -0.603 -0.122 0.080 0.348 0.508 0.735 0.906 1.004 1.108 1.185 1.263 1.349 1.441 1.546 1.662 1.687 1.708 1.702 1.715 1.638 1.444 1.325 0.174
5.75 79.43 -0.717 -0.248 -0.049 0.213 0.374 0.598 0.753 0.843 0.943 1.018 1.094 1.175 1.266 1.369 1.485 1.510 1.535 1.523 1.526 1.446 1.246 1.136 -0.038
5.75 100.00 -0.835 -0.378 -0.181 0.075 0.237 0.456 0.597 0.679 0.774 0.847 0.920 0.997 1.085 1.185 1.299 1.322 1.350 1.332 1.323 1.239 1.034 0.935 -0.264
5.75 125.89 -0.958 -0.515 -0.319 -0.067 0.094 0.310 0.434 0.510 0.600 0.670 0.739 0.811 0.897 0.994 1.103 1.121 1.151 1.124 1.102 1.012 0.807 0.722 -0.508
5.75 158.49 -1.089 -0.659 -0.462 -0.213 -0.053 0.157 0.266 0.334 0.419 0.485 0.552 0.619 0.701 0.792 0.894 0.905 0.934 0.896 0.860 0.762 0.559 0.491 -0.773
5.75 199.53 -1.229 -0.812 -0.613 -0.365 -0.208 -0.003 0.088 0.151 0.229 0.292 0.355 0.416 0.494 0.577 0.670 0.669 0.694 0.644 0.591 0.482 0.286 0.239 -1.065
5.75 251.19 -1.379 -0.976 -0.773 -0.524 -0.372 -0.172 -0.099 -0.042 0.029 0.089 0.148 0.202 0.274 0.347 0.426 0.409 0.428 0.361 0.287 0.166 -0.018 -0.039 -1.390
5.75 316.23 -1.544 -1.154 -0.944 -0.691 -0.546 -0.354 -0.300 -0.247 -0.183 -0.129 -0.074 -0.028 0.037 0.097 0.157 0.118 0.126 0.039 -0.058 -0.197 -0.362 -0.350 -1.758
5.75 398.11 -1.726 -1.350 -1.130 -0.870 -0.734 -0.550 -0.517 -0.467 -0.412 -0.363 -0.314 -0.277 -0.220 -0.178 -0.143 -0.211 -0.218 -0.332 -0.457 -0.617 -0.754 -0.703 -2.178
5.75 501.19 -1.930 -1.568 -1.334 -1.061 -0.940 -0.764 -0.755 -0.706 -0.661 -0.619 -0.576 -0.549 -0.503 -0.484 -0.482 -0.588 -0.618 -0.763 -0.922 -1.111 -1.209 -1.107 -2.665
5.75 630.96 -2.161 -1.813 -1.560 -1.270 -1.167 -1.002 -1.019 -0.970 -0.936 -0.901 -0.866 -0.851 -0.820 -0.830 -0.870 -1.026 -1.086 -1.271 -1.472 -1.696 -1.742 -1.578 -3.235
5.75 794.33 -2.427 -2.093 -1.815 -1.501 -1.422 -1.269 -1.316 -1.263 -1.243 -1.218 -1.192 -1.191 -1.177 -1.225 -1.320 -1.539 -1.640 -1.875 -2.126 -2.395 -2.373 -2.130 -3.910
5.75 1000.00 -2.737 -2.416 -2.106 -1.758 -1.711 -1.573 -1.654 -1.595 -1.590 -1.577 -1.562 -1.579 -1.586 -1.682 -1.847 -2.148 -2.302 -2.600 -2.914 -3.240 -3.127 -2.787 -4.716
6.00 1.00 0.971 1.567 1.956 2.469 2.557 2.856 3.262 3.521 3.644 3.751 3.865 3.979 4.021 4.034 4.013 3.876 3.709 3.697 3.812 3.705 3.820 3.697 2.717
6.00 1.26 0.933 1.527 1.904 2.400 2.493 2.787 3.180 3.428 3.551 3.656 3.768 3.882 3.928 3.948 3.936 3.808 3.653 3.641 3.751 3.646 3.744 3.620 2.635
6.00 1.58 0.890 1.483 1.847 2.325 2.423 2.712 3.091 3.329 3.453 3.556 3.666 3.778 3.829 3.856 3.853 3.737 3.592 3.582 3.687 3.584 3.663 3.538 2.549
6.00 2.00 0.843 1.433 1.784 2.244 2.347 2.631 2.997 3.225 3.350 3.450 3.557 3.669 3.725 3.759 3.766 3.661 3.528 3.518 3.618 3.518 3.578 3.451 2.457
6.00 2.51 0.790 1.378 1.715 2.158 2.265 2.544 2.897 3.114 3.240 3.338 3.443 3.554 3.615 3.656 3.673 3.579 3.457 3.450 3.545 3.447 3.487 3.359 2.360
6.00 3.16 0.732 1.316 1.640 2.066 2.178 2.452 2.791 2.999 3.125 3.221 3.323 3.433 3.498 3.547 3.574 3.492 3.382 3.376 3.466 3.370 3.391 3.260 2.257
6.00 3.98 0.668 1.249 1.560 1.968 2.086 2.355 2.681 2.879 3.004 3.098 3.198 3.307 3.377 3.432 3.469 3.398 3.300 3.296 3.381 3.288 3.288 3.156 2.147
6.00 5.01 0.599 1.176 1.474 1.867 1.988 2.253 2.566 2.754 2.879 2.971 3.068 3.176 3.249 3.312 3.358 3.299 3.212 3.210 3.290 3.200 3.179 3.045 2.031
6.00 6.31 0.526 1.097 1.383 1.761 1.887 2.147 2.446 2.625 2.749 2.839 2.934 3.040 3.117 3.185 3.241 3.193 3.118 3.117 3.192 3.105 3.064 2.928 1.907
6.00 7.94 0.447 1.013 1.288 1.651 1.781 2.037 2.323 2.492 2.615 2.703 2.796 2.900 2.980 3.054 3.118 3.081 3.017 3.018 3.088 3.003 2.942 2.805 1.777
6.00 10.00 0.365 0.924 1.188 1.538 1.672 1.924 2.197 2.356 2.478 2.564 2.654 2.757 2.839 2.918 2.990 2.962 2.910 2.912 2.977 2.894 2.814 2.676 1.640
6.00 12.59 0.279 0.831 1.085 1.421 1.560 1.808 2.068 2.218 2.337 2.421 2.509 2.610 2.693 2.777 2.856 2.838 2.797 2.799 2.859 2.778 2.679 2.541 1.496
6.00 15.85 0.189 0.733 0.978 1.303 1.445 1.690 1.935 2.077 2.193 2.276 2.361 2.459 2.545 2.632 2.718 2.708 2.677 2.680 2.734 2.655 2.538 2.400 1.345
6.00 19.95 0.096 0.631 0.868 1.182 1.328 1.569 1.801 1.933 2.046 2.127 2.211 2.306 2.393 2.483 2.575 2.572 2.551 2.554 2.602 2.524 2.390 2.254 1.187
6.00 25.12 0.000 0.525 0.756 1.058 1.208 1.445 1.664 1.787 1.897 1.976 2.058 2.150 2.237 2.331 2.427 2.431 2.419 2.421 2.462 2.385 2.237 2.103 1.022
6.00 31.62 -0.099 0.416 0.640 0.933 1.086 1.319 1.524 1.639 1.746 1.823 1.902 1.991 2.078 2.174 2.275 2.284 2.280 2.281 2.315 2.239 2.076 1.945 0.850
6.00 39.81 -0.200 0.304 0.522 0.805 0.961 1.191 1.382 1.488 1.591 1.667 1.743 1.829 1.916 2.013 2.118 2.131 2.135 2.133 2.160 2.083 1.908 1.781 0.670
6.00 50.12 -0.305 0.187 0.401 0.676 0.834 1.061 1.237 1.335 1.434 1.507 1.582 1.664 1.751 1.848 1.955 1.971 1.982 1.977 1.996 1.918 1.732 1.611 0.482
6.00 63.10 -0.414 0.067 0.277 0.544 0.704 0.927 1.089 1.179 1.274 1.345 1.417 1.495 1.581 1.678 1.786 1.804 1.820 1.811 1.821 1.741 1.546 1.432 0.283
6.00 79.43 -0.526 -0.058 0.149 0.409 0.571 0.790 0.937 1.019 1.109 1.178 1.248 1.322 1.406 1.502 1.609 1.627 1.648 1.634 1.634 1.551 1.349 1.244 0.072
6.00 100.00 -0.643 -0.188 0.017 0.271 0.434 0.649 0.781 0.855 0.940 1.007 1.074 1.144 1.226 1.319 1.424 1.440 1.464 1.444 1.432 1.345 1.138 1.045 -0.153
6.00 125.89 -0.767 -0.324 -0.120 0.130 0.292 0.502 0.619 0.686 0.766 0.830 0.894 0.959 1.038 1.128 1.229 1.240 1.266 1.237 1.212 1.120 0.912 0.832 -0.395
6.00 158.49 -0.897 -0.467 -0.263 -0.016 0.145 0.350 0.450 0.511 0.585 0.646 0.707 0.766 0.842 0.926 1.021 1.024 1.050 1.010 0.971 0.870 0.665 0.602 -0.660
6.00 199.53 -1.036 -0.620 -0.414 -0.168 -0.010 0.190 0.273 0.328 0.396 0.454 0.510 0.564 0.636 0.712 0.797 0.789 0.811 0.758 0.702 0.591 0.392 0.350 -0.951
6.00 251.19 -1.187 -0.784 -0.573 -0.327 -0.173 0.021 0.086 0.135 0.197 0.250 0.303 0.350 0.416 0.482 0.553 0.529 0.545 0.476 0.399 0.275 0.088 0.073 -1.276
6.00 316.23 -1.351 -0.962 -0.745 -0.494 -0.348 -0.160 -0.115 -0.070 -0.016 0.033 0.081 0.120 0.179 0.232 0.284 0.238 0.244 0.154 0.054 -0.087 -0.255 -0.238 -1.643
6.00 398.11 -1.533 -1.157 -0.930 -0.672 -0.536 -0.356 -0.332 -0.290 -0.245 -0.201 -0.159 -0.128 -0.078 -0.043 -0.015 -0.090 -0.101 -0.216 -0.344 -0.507 -0.647 -0.591 -2.063
6.00 501.19 -1.737 -1.375 -1.134 -0.864 -0.741 -0.570 -0.570 -0.529 -0.494 -0.457 -0.421 -0.400 -0.361 -0.349 -0.354 -0.467 -0.500 -0.647 -0.809 -1.000 -1.102 -0.995 -2.550
6.00 630.96 -1.968 -1.620 -1.360 -1.073 -0.969 -0.808 -0.834 -0.793 -0.768 -0.740 -0.711 -0.703 -0.677 -0.694 -0.742 -0.905 -0.968 -1.155 -1.358 -1.585 -1.634 -1.465 -3.119
6.00 794.33 -2.234 -1.899 -1.615 -1.303 -1.223 -1.075 -1.130 -1.086 -1.075 -1.056 -1.036 -1.043 -1.034 -1.089 -1.192 -1.418 -1.522 -1.759 -2.013 -2.284 -2.265 -2.018 -3.794
6.00 1000.00 -2.544 -2.223 -1.906 -1.560 -1.512 -1.380 -1.468 -1.418 -1.422 -1.416 -1.406 -1.430 -1.444 -1.546 -1.719 -2.027 -2.184 -2.484 -2.800 -3.129 -3.019 -2.674 -4.601
6.25 1.00 1.082 1.673 2.076 2.596 2.682 2.978 3.375 3.628 3.735 3.838 3.949 4.055 4.086 4.095 4.067 3.923 3.749 3.729 3.838 3.725 3.843 3.725 2.741
6.25 1.26 1.049 1.638 2.030 2.532 2.624 2.915 3.299 3.541 3.649 3.750 3.859 3.964 3.998 4.014 3.994 3.859 3.696 3.677 3.781 3.670 3.771 3.652 2.664
6.25 1.58 1.012 1.599 1.978 2.464 2.560 2.847 3.217 3.449 3.558 3.657 3.763 3.867 3.906 3.928 3.917 3.792 3.640 3.622 3.720 3.612 3.695 3.575 2.582
6.25 2.00 0.970 1.555 1.922 2.389 2.491 2.772 3.129 3.352 3.461 3.558 3.661 3.764 3.808 3.836 3.835 3.720 3.580 3.563 3.656 3.550 3.614 3.494 2.497
6.25 2.51 0.923 1.506 1.859 2.309 2.415 2.692 3.036 3.248 3.358 3.453 3.553 3.656 3.705 3.740 3.747 3.644 3.515 3.499 3.588 3.484 3.530 3.408 2.406
6.25 3.16 0.871 1.451 1.791 2.223 2.334 2.606 2.937 3.139 3.250 3.342 3.440 3.542 3.595 3.637 3.654 3.562 3.445 3.431 3.515 3.413 3.439 3.316 2.309
6.25 3.98 0.814 1.391 1.717 2.132 2.248 2.514 2.832 3.024 3.135 3.225 3.321 3.422 3.480 3.528 3.555 3.474 3.369 3.357 3.436 3.337 3.343 3.218 2.206
6.25 5.01 0.752 1.324 1.637 2.035 2.156 2.418 2.722 2.904 3.016 3.104 3.196 3.296 3.359 3.414 3.450 3.380 3.287 3.277 3.351 3.255 3.241 3.114 2.097
6.25 6.31 0.684 1.252 1.552 1.933 2.059 2.316 2.608 2.780 2.891 2.977 3.067 3.166 3.232 3.293 3.339 3.280 3.199 3.191 3.260 3.167 3.132 3.003 1.980
6.25 7.94 0.611 1.174 1.461 1.828 1.958 2.211 2.489 2.651 2.762 2.845 2.933 3.030 3.100 3.167 3.221 3.174 3.104 3.098 3.163 3.072 3.017 2.887 1.857
6.25 10.00 0.534 1.090 1.366 1.718 1.852 2.101 2.366 2.519 2.628 2.710 2.795 2.891 2.964 3.035 3.098 3.061 3.002 2.998 3.058 2.970 2.894 2.763 1.726
6.25 12.59 0.452 1.001 1.266 1.605 1.743 1.988 2.240 2.383 2.491 2.570 2.654 2.747 2.822 2.899 2.969 2.941 2.894 2.891 2.946 2.860 2.765 2.634 1.588
6.25 15.85 0.366 0.907 1.163 1.488 1.631 1.872 2.110 2.244 2.350 2.428 2.508 2.599 2.677 2.757 2.835 2.816 2.779 2.777 2.826 2.742 2.629 2.498 1.442
6.25 19.95 0.276 0.809 1.056 1.369 1.516 1.753 1.977 2.102 2.206 2.282 2.360 2.449 2.527 2.611 2.695 2.684 2.657 2.656 2.699 2.617 2.486 2.356 1.290
6.25 25.12 0.183 0.706 0.946 1.248 1.398 1.631 1.842 1.958 2.059 2.133 2.209 2.295 2.374 2.461 2.550 2.546 2.529 2.527 2.564 2.483 2.336 2.208 1.129
6.25 31.62 0.087 0.600 0.832 1.124 1.277 1.507 1.704 1.811 1.908 1.981 2.054 2.137 2.218 2.307 2.400 2.402 2.393 2.391 2.421 2.341 2.179 2.053 0.961
6.25 39.81 -0.013 0.489 0.715 0.997 1.154 1.380 1.563 1.662 1.755 1.826 1.897 1.977 2.057 2.148 2.244 2.251 2.251 2.246 2.269 2.189 2.014 1.892 0.784
6.25 50.12 -0.117 0.375 0.595 0.869 1.027 1.250 1.419 1.509 1.599 1.668 1.737 1.813 1.893 1.984 2.083 2.093 2.100 2.093 2.108 2.027 1.840 1.724 0.598
6.25 63.10 -0.224 0.256 0.472 0.737 0.898 1.117 1.272 1.354 1.440 1.506 1.572 1.645 1.724 1.815 1.916 1.927 1.940 1.929 1.935 1.852 1.656 1.547 0.401
6.25 79.43 -0.335 0.132 0.345 0.603 0.766 0.980 1.120 1.194 1.276 1.340 1.404 1.472 1.550 1.640 1.740 1.752 1.770 1.754 1.750 1.665 1.461 1.360 0.192
6.25 100.00 -0.452 0.003 0.214 0.466 0.629 0.839 0.965 1.031 1.108 1.169 1.230 1.294 1.370 1.458 1.556 1.566 1.587 1.565 1.550 1.460 1.252 1.162 -0.031
6.25 125.89 -0.574 -0.132 0.077 0.325 0.488 0.694 0.803 0.862 0.934 0.993 1.051 1.110 1.184 1.267 1.362 1.367 1.390 1.359 1.332 1.236 1.026 0.950 -0.273
6.25 158.49 -0.704 -0.275 -0.065 0.179 0.340 0.542 0.635 0.687 0.753 0.809 0.864 0.918 0.988 1.066 1.154 1.152 1.174 1.133 1.092 0.988 0.780 0.721 -0.536
6.25 199.53 -0.843 -0.427 -0.215 0.028 0.186 0.382 0.458 0.505 0.565 0.617 0.668 0.716 0.782 0.853 0.931 0.917 0.936 0.882 0.824 0.710 0.508 0.470 -0.827
6.25 251.19 -0.993 -0.590 -0.375 -0.131 0.023 0.213 0.271 0.312 0.365 0.413 0.461 0.502 0.562 0.623 0.687 0.657 0.671 0.600 0.522 0.395 0.205 0.192 -1.151
6.25 316.23 -1.157 -0.768 -0.546 -0.298 -0.151 0.032 0.070 0.107 0.153 0.196 0.239 0.272 0.326 0.373 0.419 0.367 0.370 0.279 0.177 0.033 -0.138 -0.118 -1.518
6.25 398.11 -1.339 -0.963 -0.731 -0.476 -0.339 -0.164 -0.147 -0.113 -0.076 -0.038 -0.001 0.024 0.069 0.098 0.119 0.039 0.026 -0.090 -0.221 -0.386 -0.530 -0.470 -1.938
6.25 501.19 -1.543 -1.180 -0.935 -0.667 -0.545 -0.378 -0.385 -0.352 -0.325 -0.293 -0.262 -0.248 -0.214 -0.208 -0.220 -0.338 -0.373 -0.521 -0.685 -0.879 -0.984 -0.874 -2.424
6.25 630.96 -1.774 -1.425 -1.161 -0.876 -0.772 -0.616 -0.649 -0.615 -0.599 -0.576 -0.552 -0.550 -0.530 -0.553 -0.607 -0.775 -0.840 -1.029 -1.234 -1.463 -1.516 -1.344 -2.993
6.25 794.33 -2.040 -1.705 -1.416 -1.107 -1.026 -0.883 -0.945 -0.909 -0.906 -0.892 -0.878 -0.890 -0.887 -0.948 -1.057 -1.288 -1.394 -1.632 -1.889 -2.162 -2.147 -1.896 -3.668
6.25 1000.00 -2.349 -2.028 -1.707 -1.364 -1.315 -1.187 -1.283 -1.240 -1.253 -1.252 -1.248 -1.278 -1.296 -1.405 -1.584 -1.897 -2.057 -2.357 -2.676 -3.006 -2.900 -2.552 -4.474
6.50 1.00 1.190 1.774 2.189 2.714 2.798 3.092 3.480 3.728 3.820 3.920 4.029 4.127 4.149 4.157 4.124 3.975 3.795 3.769 3.872 3.754 3.873 3.756 2.773
6.50 1.26 1.161 1.744 2.148 2.657 2.746 3.035 3.410 3.648 3.740 3.838 3.945 4.042 4.067 4.080 4.055 3.915 3.746 3.720 3.818 3.701 3.804 3.688 2.699
6.50 1.58 1.128 1.710 2.103 2.594 2.688 2.973 3.335 3.562 3.656 3.751 3.855 3.951 3.980 3.999 3.982 3.851 3.693 3.668 3.760 3.646 3.732 3.615 2.622
6.50 2.00 1.091 1.672 2.052 2.526 2.625 2.905 3.254 3.471 3.565 3.659 3.760 3.855 3.889 3.913 3.905 3.784 3.637 3.613 3.700 3.588 3.656 3.539 2.541
6.50 2.51 1.050 1.628 1.996 2.452 2.556 2.831 3.167 3.374 3.470 3.561 3.659 3.754 3.792 3.822 3.823 3.712 3.576 3.553 3.636 3.526 3.576 3.458 2.455
6.50 3.16 1.005 1.580 1.934 2.373 2.482 2.752 3.075 3.271 3.368 3.457 3.552 3.646 3.689 3.726 3.736 3.635 3.511 3.490 3.568 3.460 3.491 3.372 2.365
6.50 3.98 0.954 1.526 1.866 2.287 2.402 2.666 2.976 3.163 3.261 3.347 3.440 3.533 3.581 3.623 3.642 3.553 3.441 3.422 3.495 3.390 3.401 3.281 2.269
6.50 5.01 0.898 1.466 1.793 2.196 2.316 2.575 2.872 3.049 3.147 3.232 3.321 3.414 3.466 3.515 3.543 3.465 3.365 3.348 3.416 3.314 3.305 3.184 2.166
6.50 6.31 0.836 1.400 1.714 2.100 2.224 2.479 2.763 2.930 3.029 3.111 3.198 3.289 3.346 3.400 3.438 3.371 3.282 3.267 3.331 3.232 3.203 3.080 2.057
6.50 7.94 0.769 1.328 1.629 1.999 2.128 2.378 2.649 2.806 2.904 2.984 3.069 3.159 3.219 3.280 3.326 3.270 3.193 3.181 3.240 3.144 3.094 2.970 1.940
6.50 10.00 0.697 1.250 1.538 1.893 2.027 2.273 2.530 2.677 2.776 2.853 2.935 3.024 3.088 3.153 3.208 3.162 3.098 3.087 3.142 3.048 2.979 2.853 1.816
6.50 12.59 0.621 1.167 1.443 1.783 1.921 2.163 2.408 2.545 2.642 2.718 2.797 2.884 2.951 3.022 3.084 3.048 2.995 2.986 3.036 2.945 2.856 2.729 1.685
6.50 15.85 0.539 1.078 1.344 1.670 1.812 2.050 2.281 2.409 2.505 2.579 2.655 2.740 2.810 2.884 2.954 2.927 2.885 2.878 2.923 2.834 2.725 2.598 1.545
6.50 19.95 0.454 0.984 1.240 1.553 1.700 1.933 2.151 2.270 2.364 2.435 2.510 2.592 2.664 2.742 2.818 2.800 2.768 2.762 2.802 2.715 2.588 2.461 1.398
6.50 25.12 0.364 0.885 1.132 1.434 1.584 1.814 2.018 2.128 2.219 2.289 2.361 2.440 2.514 2.595 2.677 2.666 2.644 2.638 2.672 2.586 2.442 2.317 1.242
6.50 31.62 0.270 0.782 1.021 1.312 1.465 1.691 1.882 1.982 2.071 2.139 2.208 2.285 2.359 2.443 2.529 2.525 2.513 2.506 2.533 2.449 2.289 2.167 1.078
6.50 39.81 0.173 0.674 0.906 1.187 1.343 1.565 1.742 1.834 1.920 1.986 2.053 2.126 2.201 2.286 2.376 2.377 2.373 2.365 2.386 2.301 2.127 2.009 0.905
6.50 50.12 0.071 0.561 0.788 1.059 1.218 1.436 1.599 1.683 1.765 1.829 1.893 1.964 2.038 2.124 2.217 2.221 2.225 2.215 2.227 2.143 1.956 1.843 0.722
6.50 63.10 -0.034 0.444 0.666 0.929 1.090 1.304 1.453 1.528 1.606 1.668 1.730 1.797 1.871 1.957 2.051 2.057 2.067 2.054 2.058 1.972 1.775 1.668 0.528
6.50 79.43 -0.144 0.322 0.540 0.796 0.958 1.169 1.302 1.370 1.444 1.503 1.562 1.625 1.698 1.783 1.877 1.884 1.899 1.881 1.875 1.787 1.582 1.483 0.321
6.50 100.00 -0.260 0.195 0.410 0.659 0.822 1.028 1.147 1.207 1.276 1.333 1.390 1.448 1.519 1.602 1.694 1.699 1.718 1.694 1.677 1.585 1.374 1.286 0.099
6.50 125.89 -0.382 0.060 0.274 0.518 0.681 0.883 0.986 1.039 1.103 1.157 1.211 1.264 1.333 1.412 1.501 1.501 1.522 1.490 1.461 1.363 1.150 1.075 -0.141
6.50 158.49 -0.511 -0.082 0.132 0.373 0.534 0.732 0.818 0.864 0.923 0.974 1.024 1.073 1.138 1.212 1.294 1.287 1.308 1.265 1.222 1.116 0.905 0.847 -0.403
6.50 199.53 -0.649 -0.233 -0.018 0.222 0.380 0.572 0.642 0.682 0.734 0.782 0.828 0.871 0.932 0.998 1.071 1.053 1.070 1.015 0.955 0.839 0.634 0.597 -0.693
6.50 251.19 -0.799 -0.396 -0.177 0.064 0.218 0.403 0.455 0.489 0.535 0.579 0.621 0.657 0.713 0.769 0.828 0.794 0.805 0.734 0.654 0.525 0.332 0.320 -1.016
6.50 316.23 -0.963 -0.573 -0.348 -0.103 0.044 0.223 0.254 0.285 0.323 0.362 0.400 0.428 0.477 0.520 0.560 0.504 0.505 0.414 0.310 0.164 -0.011 0.010 -1.382
6.50 398.11 -1.144 -0.768 -0.533 -0.281 -0.144 0.027 0.037 0.065 0.095 0.128 0.161 0.180 0.220 0.245 0.261 0.176 0.161 0.045 -0.087 -0.255 -0.402 -0.341 -1.801
6.50 501.19 -1.347 -0.985 -0.736 -0.473 -0.350 -0.187 -0.200 -0.174 -0.154 -0.127 -0.101 -0.092 -0.063 -0.061 -0.078 -0.200 -0.237 -0.386 -0.551 -0.747 -0.856 -0.745 -2.287
6.50 630.96 -1.578 -1.230 -0.962 -0.681 -0.577 -0.425 -0.464 -0.437 -0.428 -0.410 -0.391 -0.394 -0.379 -0.406 -0.465 -0.637 -0.704 -0.893 -1.100 -1.330 -1.388 -1.215 -2.856
6.50 794.33 -1.844 -1.509 -1.217 -0.912 -0.831 -0.692 -0.760 -0.731 -0.735 -0.726 -0.716 -0.734 -0.736 -0.800 -0.915 -1.150 -1.258 -1.496 -1.754 -2.029 -2.018 -1.767 -3.530
6.50 1000.00 -2.153 -1.833 -1.508 -1.169 -1.120 -0.996 -1.098 -1.062 -1.082 -1.085 -1.086 -1.121 -1.145 -1.257 -1.442 -1.759 -1.920 -2.221 -2.541 -2.873 -2.772 -2.423 -4.337
6.75 1.00 1.295 1.873 2.298 2.826 2.907 3.199 3.578 3.821 3.900 3.998 4.106 4.198 4.211 4.220 4.185 4.033 3.848 3.816 3.914 3.791 3.910 3.793 2.813
6.75 1.26 1.269 1.847 2.261 2.773 2.859 3.147 3.513 3.747 3.826 3.921 4.027 4.117 4.134 4.147 4.120 3.976 3.801 3.769 3.862 3.740 3.844 3.727 2.742
6.75 1.58 1.240 1.817 2.220 2.717 2.808 3.091 3.444 3.668 3.747 3.840 3.943 4.032 4.052 4.070 4.050 3.915 3.751 3.720 3.807 3.688 3.775 3.659 2.668
6.75 2.00 1.208 1.783 2.175 2.654 2.751 3.029 3.370 3.583 3.664 3.755 3.854 3.943 3.967 3.990 3.978 3.851 3.698 3.668 3.750 3.633 3.703 3.587 2.591
6.75 2.51 1.172 1.745 2.125 2.587 2.689 2.962 3.290 3.493 3.575 3.663 3.760 3.847 3.876 3.904 3.900 3.784 3.642 3.613 3.690 3.574 3.627 3.511 2.510
6.75 3.16 1.132 1.703 2.069 2.514 2.621 2.889 3.204 3.397 3.480 3.566 3.660 3.747 3.780 3.814 3.818 3.712 3.581 3.554 3.626 3.513 3.548 3.430 2.425
6.75 3.98 1.087 1.655 2.008 2.435 2.547 2.810 3.113 3.295 3.379 3.463 3.554 3.640 3.678 3.717 3.731 3.635 3.516 3.490 3.558 3.447 3.463 3.345 2.335
6.75 5.01 1.038 1.602 1.941 2.350 2.467 2.725 3.015 3.187 3.273 3.354 3.442 3.527 3.570 3.615 3.637 3.552 3.446 3.422 3.485 3.377 3.373 3.254 2.238
6.75 6.31 0.982 1.542 1.868 2.259 2.382 2.635 2.912 3.074 3.160 3.240 3.325 3.409 3.456 3.507 3.538 3.463 3.369 3.347 3.406 3.301 3.277 3.157 2.136
6.75 7.94 0.922 1.477 1.789 2.163 2.291 2.539 2.803 2.955 3.042 3.119 3.201 3.285 3.336 3.392 3.432 3.368 3.286 3.267 3.321 3.219 3.175 3.053 2.026
6.75 10.00 0.856 1.406 1.705 2.062 2.194 2.438 2.690 2.832 2.919 2.994 3.073 3.155 3.211 3.272 3.320 3.267 3.197 3.180 3.230 3.130 3.066 2.943 1.910
6.75 12.59 0.785 1.328 1.615 1.957 2.093 2.333 2.571 2.704 2.790 2.863 2.939 3.020 3.079 3.145 3.201 3.158 3.100 3.085 3.130 3.034 2.949 2.826 1.785
6.75 15.85 0.709 1.245 1.520 1.847 1.988 2.223 2.448 2.571 2.657 2.728 2.801 2.880 2.943 3.013 3.076 3.043 2.996 2.983 3.023 2.929 2.825 2.701 1.652
6.75 19.95 0.627 1.155 1.420 1.733 1.879 2.110 2.322 2.435 2.520 2.588 2.659 2.736 2.801 2.875 2.945 2.920 2.884 2.873 2.908 2.816 2.693 2.570 1.511
6.75 25.12 0.542 1.061 1.316 1.616 1.766 1.992 2.191 2.295 2.378 2.444 2.513 2.587 2.654 2.731 2.807 2.790 2.765 2.754 2.784 2.694 2.553 2.431 1.361
6.75 31.62 0.452 0.961 1.207 1.496 1.649 1.872 2.057 2.152 2.233 2.297 2.363 2.435 2.503 2.582 2.663 2.653 2.637 2.627 2.651 2.562 2.405 2.284 1.202
6.75 39.81 0.357 0.857 1.095 1.373 1.529 1.748 1.919 2.006 2.083 2.146 2.209 2.278 2.347 2.428 2.513 2.508 2.501 2.491 2.508 2.420 2.247 2.130 1.033
6.75 50.12 0.258 0.747 0.979 1.247 1.406 1.621 1.778 1.856 1.930 1.990 2.051 2.117 2.186 2.268 2.356 2.355 2.356 2.344 2.354 2.266 2.079 1.967 0.854
6.75 63.10 0.155 0.632 0.858 1.118 1.279 1.490 1.633 1.702 1.773 1.831 1.889 1.951 2.020 2.103 2.192 2.194 2.202 2.186 2.188 2.099 1.901 1.795 0.663
6.75 79.43 0.046 0.512 0.734 0.985 1.148 1.355 1.483 1.545 1.612 1.667 1.723 1.781 1.849 1.930 2.020 2.022 2.036 2.016 2.008 1.917 1.710 1.613 0.459
6.75 100.00 -0.068 0.386 0.604 0.850 1.013 1.216 1.329 1.383 1.445 1.498 1.551 1.605 1.671 1.751 1.838 1.839 1.857 1.831 1.813 1.718 1.505 1.418 0.240
6.75 125.89 -0.189 0.253 0.469 0.710 0.873 1.071 1.168 1.215 1.273 1.323 1.373 1.422 1.486 1.562 1.646 1.643 1.662 1.629 1.598 1.498 1.282 1.208 0.001
6.75 158.49 -0.317 0.112 0.328 0.565 0.726 0.920 1.001 1.041 1.093 1.140 1.187 1.231 1.292 1.362 1.440 1.430 1.449 1.406 1.361 1.253 1.039 0.981 -0.259
6.75 199.53 -0.455 -0.039 0.179 0.414 0.573 0.761 0.825 0.859 0.905 0.949 0.991 1.030 1.087 1.149 1.218 1.196 1.213 1.158 1.096 0.978 0.769 0.732 -0.548
6.75 251.19 -0.604 -0.201 0.020 0.256 0.410 0.592 0.638 0.667 0.707 0.746 0.785 0.816 0.868 0.921 0.975 0.938 0.949 0.877 0.796 0.665 0.468 0.456 -0.871
6.75 316.23 -0.767 -0.378 -0.150 0.089 0.237 0.412 0.438 0.463 0.495 0.530 0.564 0.587 0.632 0.672 0.708 0.649 0.649 0.558 0.453 0.305 0.126 0.147 -1.236
6.75 398.11 -0.948 -0.572 -0.335 -0.088 0.049 0.216 0.221 0.243 0.267 0.296 0.324 0.339 0.376 0.398 0.409 0.322 0.306 0.189 0.056 -0.113 -0.265 -0.204 -1.654
6.75 501.19 -1.151 -0.789 -0.538 -0.280 -0.156 0.002 -0.016 0.004 0.018 0.041 0.063 0.068 0.093 0.092 0.071 -0.054 -0.092 -0.240 -0.407 -0.604 -0.718 -0.608 -2.139
6.75 630.96 -1.382 -1.033 -0.764 -0.488 -0.383 -0.235 -0.280 -0.259 -0.256 -0.242 -0.227 -0.234 -0.222 -0.253 -0.317 -0.491 -0.559 -0.747 -0.955 -1.187 -1.250 -1.077 -2.708
6.75 794.33 -1.647 -1.313 -1.019 -0.718 -0.637 -0.502 -0.576 -0.552 -0.562 -0.558 -0.552 -0.574 -0.579 -0.647 -0.766 -1.004 -1.112 -1.350 -1.609 -1.886 -1.880 -1.629 -3.382
6.75 1000.00 -1.956 -1.636 -1.309 -0.976 -0.926 -0.806 -0.914 -0.884 -0.909 -0.917 -0.922 -0.961 -0.988 -1.104 -1.293 -1.612 -1.774 -2.075 -2.395 -2.729 -2.633 -2.285 -4.188
7.00 1.00 1.397 1.970 2.401 2.931 3.008 3.299 3.669 3.910 3.977 4.072 4.180 4.266 4.273 4.285 4.251 4.098 3.908 3.872 3.965 3.837 3.955 3.834 2.861
7.00 1.26 1.374 1.946 2.368 2.883 2.966 3.252 3.610 3.840 3.907 4.000 4.105 4.190 4.200 4.216 4.188 4.042 3.863 3.827 3.915 3.788 3.891 3.771 2.792
7.00 1.58 1.349 1.920 2.332 2.831 2.919 3.201 3.546 3.767 3.834 3.925 4.027 4.111 4.123 4.143 4.122 3.984 3.816 3.780 3.862 3.738 3.825 3.706 2.721
7.00 2.00 1.321 1.890 2.292 2.775 2.868 3.145 3.478 3.688 3.756 3.845 3.944 4.026 4.043 4.067 4.053 3.924 3.766 3.730 3.808 3.685 3.756 3.638 2.648
7.00 2.51 1.290 1.857 2.247 2.713 2.812 3.084 3.404 3.604 3.673 3.760 3.856 3.937 3.958 3.986 3.980 3.860 3.713 3.678 3.751 3.630 3.684 3.566 2.571
7.00 3.16 1.255 1.820 2.197 2.646 2.750 3.017 3.325 3.515 3.585 3.669 3.763 3.843 3.868 3.901 3.902 3.792 3.656 3.623 3.690 3.572 3.609 3.491 2.490
7.00 3.98 1.215 1.778 2.143 2.573 2.683 2.945 3.241 3.420 3.491 3.573 3.663 3.743 3.772 3.810 3.820 3.720 3.596 3.564 3.627 3.510 3.529 3.411 2.405
7.00 5.01 1.171 1.731 2.082 2.495 2.610 2.867 3.150 3.319 3.392 3.471 3.558 3.637 3.671 3.714 3.732 3.642 3.530 3.500 3.558 3.445 3.445 3.326 2.315
7.00 6.31 1.122 1.678 2.015 2.410 2.531 2.783 3.053 3.212 3.286 3.364 3.447 3.525 3.564 3.612 3.639 3.559 3.459 3.431 3.485 3.374 3.355 3.235 2.219
7.00 7.94 1.068 1.619 1.943 2.320 2.446 2.693 2.951 3.099 3.175 3.250 3.330 3.407 3.451 3.504 3.539 3.470 3.382 3.356 3.406 3.298 3.259 3.138 2.116
7.00 10.00 1.009 1.555 1.864 2.224 2.355 2.597 2.843 2.981 3.057 3.130 3.207 3.284 3.331 3.390 3.433 3.374 3.298 3.275 3.320 3.215 3.156 3.034 2.006
7.00 12.59 0.944 1.483 1.780 2.124 2.259 2.497 2.729 2.858 2.934 3.005 3.079 3.154 3.206 3.269 3.320 3.271 3.207 3.187 3.228 3.125 3.046 2.924 1.888
7.00 15.85 0.873 1.406 1.690 2.018 2.158 2.391 2.611 2.730 2.806 2.874 2.946 3.019 3.075 3.142 3.200 3.161 3.109 3.091 3.127 3.028 2.928 2.806 1.763
7.00 19.95 0.797 1.323 1.595 1.908 2.053 2.281 2.488 2.597 2.673 2.739 2.808 2.879 2.938 3.008 3.073 3.044 3.003 2.987 3.019 2.922 2.803 2.680 1.628
7.00 25.12 0.716 1.233 1.495 1.794 1.943 2.167 2.361 2.461 2.535 2.599 2.665 2.734 2.795 2.869 2.940 2.919 2.889 2.875 2.901 2.806 2.668 2.547 1.484
7.00 31.62 0.630 1.138 1.390 1.677 1.829 2.049 2.229 2.320 2.393 2.454 2.518 2.585 2.648 2.724 2.800 2.786 2.766 2.753 2.773 2.680 2.525 2.405 1.331
7.00 39.81 0.539 1.037 1.280 1.556 1.711 1.927 2.094 2.176 2.246 2.306 2.366 2.430 2.495 2.573 2.654 2.645 2.635 2.621 2.636 2.544 2.372 2.255 1.167
7.00 50.12 0.443 0.931 1.167 1.432 1.590 1.802 1.954 2.028 2.096 2.153 2.211 2.272 2.337 2.416 2.500 2.496 2.494 2.479 2.486 2.395 2.209 2.096 0.993
7.00 63.10 0.342 0.819 1.048 1.304 1.465 1.673 1.811 1.876 1.940 1.995 2.050 2.108 2.173 2.252 2.338 2.337 2.342 2.325 2.325 2.232 2.034 1.928 0.806
7.00 79.43 0.236 0.701 0.925 1.173 1.335 1.539 1.662 1.719 1.780 1.833 1.885 1.939 2.003 2.082 2.168 2.168 2.179 2.158 2.149 2.054 1.847 1.748 0.605
7.00 100.00 0.123 0.576 0.797 1.038 1.201 1.400 1.509 1.558 1.615 1.665 1.714 1.764 1.827 1.904 1.988 1.987 2.002 1.976 1.956 1.859 1.644 1.555 0.388
7.00 125.89 0.004 0.445 0.664 0.899 1.062 1.257 1.349 1.391 1.443 1.490 1.537 1.582 1.643 1.716 1.797 1.792 1.810 1.776 1.744 1.642 1.424 1.348 0.152
7.00 158.49 -0.123 0.305 0.523 0.754 0.916 1.106 1.183 1.218 1.265 1.309 1.352 1.392 1.450 1.518 1.592 1.580 1.598 1.555 1.509 1.399 1.182 1.122 -0.107
7.00 199.53 -0.259 0.156 0.375 0.604 0.763 0.948 1.007 1.036 1.077 1.118 1.157 1.191 1.245 1.306 1.371 1.348 1.363 1.308 1.246 1.126 0.913 0.874 -0.393
7.00 251.19 -0.408 -0.006 0.217 0.447 0.601 0.780 0.821 0.845 0.879 0.915 0.951 0.978 1.027 1.077 1.129 1.091 1.100 1.029 0.947 0.815 0.613 0.600 -0.715
7.00 316.23 -0.570 -0.182 0.047 0.280 0.428 0.599 0.621 0.641 0.668 0.699 0.730 0.750 0.792 0.829 0.862 0.802 0.802 0.711 0.606 0.456 0.273 0.291 -1.079
7.00 398.11 -0.751 -0.376 -0.138 0.103 0.240 0.404 0.405 0.421 0.440 0.466 0.491 0.502 0.536 0.555 0.564 0.475 0.459 0.343 0.210 0.039 -0.118 -0.059 -1.497
7.00 501.19 -0.954 -0.592 -0.341 -0.088 0.035 0.190 0.167 0.182 0.192 0.211 0.230 0.231 0.254 0.250 0.226 0.100 0.062 -0.086 -0.253 -0.451 -0.570 -0.462 -1.981
7.00 630.96 -1.184 -0.836 -0.566 -0.297 -0.191 -0.047 -0.096 -0.080 -0.082 -0.071 -0.060 -0.071 -0.062 -0.094 -0.161 -0.337 -0.405 -0.592 -0.800 -1.034 -1.101 -0.931 -2.549
7.00 794.33 -1.449 -1.115 -0.821 -0.527 -0.445 -0.314 -0.392 -0.374 -0.388 -0.387 -0.385 -0.410 -0.418 -0.489 -0.610 -0.849 -0.958 -1.195 -1.453 -1.732 -1.731 -1.483 -3.223
7.00 1000.00 -1.758 -1.438 -1.111 -0.784 -0.734 -0.618 -0.730 -0.705 -0.735 -0.746 -0.755 -0.798 -0.827 -0.945 -1.137 -1.457 -1.619 -1.919 -2.240 -2.575 -2.484 -2.138 -4.029
7.25 1.00 1.498 2.065 2.501 3.030 3.104 3.392 3.756 3.993 4.051 4.144 4.252 4.335 4.337 4.354 4.321 4.169 3.976 3.935 4.025 3.893 4.008 3.882 2.918
7.25 1.26 1.477 2.044 2.471 2.986 3.065 3.349 3.700 3.928 3.985 4.076 4.181 4.262 4.266 4.287 4.260 4.115 3.932 3.892 3.976 3.845 3.946 3.821 2.851
7.25 1.58 1.455 2.021 2.438 2.939 3.023 3.303 3.642 3.860 3.916 4.005 4.107 4.187 4.193 4.217 4.197 4.060 3.887 3.847 3.925 3.796 3.882 3.759 2.783
7.25 2.00 1.430 1.995 2.402 2.887 2.977 3.253 3.579 3.787 3.843 3.930 4.030 4.108 4.117 4.145 4.131 4.002 3.840 3.800 3.873 3.746 3.816 3.693 2.712
7.25 2.51 1.403 1.965 2.363 2.831 2.927 3.197 3.511 3.709 3.766 3.851 3.947 4.024 4.037 4.068 4.062 3.941 3.790 3.750 3.818 3.693 3.747 3.625 2.638
7.25 3.16 1.372 1.933 2.318 2.770 2.871 3.137 3.438 3.626 3.684 3.767 3.860 3.936 3.953 3.988 3.989 3.877 3.737 3.698 3.761 3.638 3.675 3.554 2.562
7.25 3.98 1.338 1.896 2.269 2.704 2.810 3.071 3.360 3.537 3.597 3.678 3.768 3.842 3.864 3.903 3.911 3.808 3.680 3.642 3.701 3.580 3.600 3.479 2.481
7.25 5.01 1.300 1.854 2.215 2.632 2.743 2.999 3.276 3.443 3.504 3.582 3.669 3.743 3.769 3.813 3.829 3.736 3.619 3.583 3.637 3.518 3.520 3.399 2.396
7.25 6.31 1.257 1.808 2.155 2.553 2.671 2.922 3.186 3.343 3.405 3.481 3.565 3.638 3.669 3.717 3.741 3.658 3.553 3.519 3.568 3.452 3.436 3.314 2.305
7.25 7.94 1.208 1.756 2.089 2.469 2.592 2.838 3.090 3.237 3.301 3.374 3.455 3.527 3.562 3.615 3.647 3.574 3.481 3.450 3.495 3.381 3.346 3.223 2.209
7.25 10.00 1.155 1.697 2.017 2.380 2.508 2.749 2.988 3.124 3.190 3.261 3.338 3.409 3.449 3.507 3.546 3.484 3.403 3.374 3.415 3.304 3.249 3.126 2.106
7.25 12.59 1.096 1.633 1.939 2.284 2.417 2.653 2.881 3.007 3.073 3.142 3.216 3.286 3.330 3.392 3.439 3.387 3.318 3.292 3.328 3.221 3.146 3.022 1.995
7.25 15.85 1.032 1.562 1.854 2.183 2.321 2.553 2.767 2.883 2.951 3.017 3.088 3.156 3.205 3.270 3.325 3.282 3.226 3.203 3.235 3.130 3.035 2.911 1.876
7.25 19.95 0.962 1.484 1.764 2.078 2.220 2.447 2.649 2.755 2.823 2.887 2.954 3.021 3.073 3.143 3.204 3.171 3.126 3.105 3.132 3.030 2.915 2.792 1.749
7.25 25.12 0.886 1.401 1.669 1.968 2.115 2.337 2.526 2.622 2.689 2.751 2.816 2.881 2.936 3.008 3.076 3.051 3.017 2.998 3.021 2.921 2.788 2.665 1.612
7.25 31.62 0.805 1.311 1.568 1.853 2.004 2.222 2.398 2.485 2.551 2.610 2.672 2.735 2.793 2.867 2.941 2.923 2.900 2.883 2.900 2.802 2.650 2.529 1.465
7.25 39.81 0.718 1.214 1.462 1.735 1.889 2.103 2.265 2.344 2.408 2.465 2.524 2.584 2.644 2.720 2.798 2.786 2.773 2.756 2.768 2.672 2.503 2.384 1.307
7.25 50.12 0.626 1.112 1.351 1.613 1.770 1.980 2.128 2.198 2.260 2.314 2.370 2.428 2.489 2.566 2.647 2.641 2.637 2.619 2.624 2.528 2.344 2.230 1.137
7.25 63.10 0.528 1.003 1.235 1.487 1.647 1.852 1.986 2.048 2.107 2.159 2.212 2.266 2.328 2.406 2.489 2.485 2.489 2.470 2.467 2.371 2.174 2.065 0.955
7.25 79.43 0.424 0.888 1.115 1.358 1.519 1.720 1.840 1.893 1.949 1.998 2.049 2.099 2.160 2.237 2.321 2.319 2.329 2.307 2.296 2.198 1.990 1.889 0.758
7.25 100.00 0.314 0.766 0.988 1.224 1.386 1.583 1.688 1.733 1.785 1.832 1.879 1.926 1.986 2.061 2.143 2.140 2.155 2.128 2.107 2.006 1.790 1.699 0.545
7.25 125.89 0.197 0.637 0.856 1.086 1.248 1.440 1.529 1.567 1.615 1.659 1.703 1.745 1.803 1.875 1.954 1.947 1.965 1.931 1.898 1.793 1.573 1.494 0.312
7.25 158.49 0.071 0.499 0.717 0.942 1.104 1.290 1.363 1.394 1.437 1.478 1.519 1.556 1.611 1.678 1.750 1.737 1.755 1.712 1.666 1.554 1.333 1.270 0.055
7.25 199.53 -0.064 0.350 0.569 0.793 0.951 1.133 1.188 1.213 1.250 1.288 1.325 1.356 1.408 1.467 1.530 1.507 1.522 1.467 1.404 1.283 1.067 1.024 -0.230
7.25 251.19 -0.212 0.190 0.412 0.636 0.790 0.965 1.003 1.022 1.053 1.086 1.119 1.144 1.191 1.239 1.289 1.250 1.260 1.190 1.108 0.974 0.768 0.750 -0.549
7.25 316.23 -0.373 0.015 0.243 0.470 0.617 0.785 0.803 0.819 0.842 0.871 0.899 0.916 0.956 0.992 1.023 0.963 0.963 0.873 0.768 0.617 0.429 0.443 -0.912
7.25 398.11 -0.553 -0.178 0.058 0.293 0.430 0.590 0.587 0.600 0.615 0.638 0.660 0.669 0.701 0.719 0.725 0.637 0.621 0.506 0.373 0.201 0.039 0.093 -1.329
7.25 501.19 -0.755 -0.394 -0.144 0.102 0.225 0.377 0.350 0.361 0.367 0.383 0.399 0.398 0.419 0.414 0.388 0.262 0.224 0.078 -0.089 -0.288 -0.413 -0.309 -1.812
7.25 630.96 -0.985 -0.638 -0.369 -0.106 -0.001 0.140 0.087 0.099 0.093 0.101 0.110 0.096 0.104 0.069 0.001 -0.174 -0.242 -0.427 -0.635 -0.870 -0.943 -0.777 -2.380
7.25 794.33 -1.250 -0.916 -0.624 -0.336 -0.255 -0.127 -0.209 -0.194 -0.213 -0.215 -0.215 -0.243 -0.253 -0.324 -0.447 -0.686 -0.794 -1.029 -1.288 -1.567 -1.572 -1.328 -3.053
7.25 1000.00 -1.559 -1.239 -0.914 -0.593 -0.544 -0.431 -0.546 -0.526 -0.560 -0.573 -0.584 -0.630 -0.661 -0.781 -0.974 -1.294 -1.456 -1.753 -2.073 -2.409 -2.325 -1.983 -3.858
7.50 1.00 1.598 2.160 2.597 3.123 3.194 3.480 3.837 4.073 4.122 4.214 4.323 4.403 4.401 4.425 4.396 4.247 4.051 4.008 4.094 3.958 4.070 3.937 2.984
7.50 1.26 1.579 2.140 2.570 3.083 3.159 3.441 3.786 4.012 4.059 4.150 4.256 4.334 4.334 4.360 4.337 4.195 4.009 3.965 4.046 3.912 4.009 3.878 2.919
7.50 1.58 1.559 2.119 2.540 3.040 3.121 3.399 3.731 3.947 3.994 4.083 4.186 4.262 4.264 4.294 4.276 4.141 3.966 3.922 3.997 3.864 3.947 3.817 2.852
7.50 2.00 1.537 2.096 2.508 2.993 3.079 3.353 3.673 3.879 3.925 4.012 4.112 4.187 4.192 4.224 4.213 4.085 3.920 3.876 3.947 3.815 3.883 3.754 2.784
7.50 2.51 1.513 2.070 2.472 2.942 3.033 3.303 3.610 3.807 3.853 3.938 4.035 4.108 4.116 4.152 4.147 4.027 3.873 3.829 3.894 3.764 3.817 3.689 2.713
7.50 3.16 1.486 2.041 2.433 2.886 2.983 3.248 3.544 3.730 3.777 3.859 3.954 4.025 4.036 4.076 4.078 3.966 3.822 3.780 3.840 3.712 3.748 3.621 2.640
7.50 3.98 1.456 2.009 2.389 2.826 2.928 3.189 3.472 3.648 3.696 3.776 3.867 3.938 3.952 3.996 4.004 3.902 3.769 3.727 3.782 3.656 3.676 3.550 2.563
7.50 5.01 1.423 1.973 2.341 2.760 2.868 3.123 3.394 3.560 3.610 3.688 3.776 3.845 3.864 3.911 3.927 3.833 3.712 3.672 3.722 3.598 3.601 3.475 2.482
7.50 6.31 1.385 1.932 2.287 2.688 2.802 3.052 3.311 3.466 3.518 3.593 3.678 3.746 3.770 3.821 3.844 3.760 3.650 3.612 3.657 3.536 3.521 3.395 2.397
7.50 7.94 1.343 1.886 2.227 2.610 2.730 2.975 3.222 3.367 3.420 3.493 3.574 3.642 3.670 3.725 3.756 3.681 3.583 3.547 3.588 3.469 3.436 3.310 2.306
7.50 10.00 1.295 1.834 2.162 2.527 2.652 2.892 3.127 3.261 3.316 3.387 3.465 3.531 3.564 3.623 3.661 3.596 3.511 3.477 3.514 3.398 3.346 3.219 2.209
7.50 12.59 1.243 1.776 2.090 2.437 2.568 2.803 3.025 3.149 3.206 3.274 3.349 3.414 3.452 3.514 3.560 3.505 3.432 3.401 3.433 3.320 3.248 3.122 2.105
7.50 15.85 1.185 1.712 2.012 2.342 2.477 2.708 2.918 3.032 3.090 3.155 3.226 3.291 3.333 3.399 3.452 3.407 3.346 3.317 3.345 3.235 3.144 3.017 1.993
7.50 19.95 1.121 1.641 1.927 2.241 2.382 2.607 2.805 2.909 2.968 3.031 3.098 3.161 3.208 3.277 3.337 3.300 3.252 3.226 3.249 3.142 3.031 2.905 1.872
7.50 25.12 1.051 1.563 1.837 2.135 2.280 2.501 2.686 2.780 2.840 2.900 2.964 3.026 3.076 3.148 3.214 3.186 3.149 3.125 3.145 3.040 2.910 2.784 1.743
7.50 31.62 0.975 1.479 1.741 2.025 2.174 2.390 2.562 2.647 2.706 2.764 2.825 2.884 2.937 3.012 3.083 3.064 3.037 3.016 3.030 2.927 2.779 2.655 1.602
7.50 39.81 0.893 1.388 1.639 1.910 2.063 2.274 2.433 2.509 2.567 2.622 2.680 2.737 2.793 2.869 2.945 2.932 2.916 2.896 2.904 2.803 2.637 2.516 1.451
7.50 50.12 0.805 1.290 1.532 1.790 1.947 2.154 2.299 2.366 2.422 2.475 2.530 2.585 2.642 2.719 2.798 2.791 2.784 2.764 2.767 2.667 2.484 2.366 1.287
7.50 63.10 0.711 1.185 1.419 1.667 1.826 2.029 2.159 2.218 2.272 2.322 2.375 2.426 2.484 2.562 2.643 2.639 2.641 2.620 2.615 2.515 2.319 2.206 1.110
7.50 79.43 0.611 1.074 1.301 1.539 1.700 1.898 2.015 2.065 2.116 2.164 2.213 2.261 2.319 2.396 2.479 2.476 2.485 2.461 2.448 2.347 2.139 2.034 0.918
7.50 100.00 0.503 0.955 1.177 1.407 1.569 1.763 1.864 1.907 1.954 2.000 2.046 2.090 2.147 2.222 2.303 2.300 2.314 2.286 2.264 2.161 1.944 1.847 0.709
7.50 125.89 0.388 0.828 1.046 1.270 1.432 1.621 1.707 1.742 1.786 1.828 1.871 1.910 1.967 2.038 2.116 2.110 2.127 2.093 2.059 1.951 1.729 1.645 0.479
7.50 158.49 0.265 0.691 0.909 1.128 1.288 1.472 1.543 1.570 1.610 1.649 1.688 1.722 1.776 1.842 1.914 1.902 1.919 1.877 1.830 1.716 1.492 1.424 0.226
7.50 199.53 0.131 0.545 0.762 0.979 1.137 1.316 1.369 1.390 1.424 1.460 1.495 1.524 1.574 1.633 1.695 1.672 1.688 1.634 1.571 1.448 1.228 1.180 -0.057
7.50 251.19 -0.015 0.386 0.606 0.823 0.976 1.149 1.184 1.200 1.228 1.259 1.290 1.312 1.358 1.406 1.456 1.418 1.428 1.359 1.277 1.141 0.931 0.908 -0.375
7.50 316.23 -0.176 0.212 0.437 0.657 0.804 0.969 0.985 0.997 1.017 1.044 1.070 1.085 1.124 1.159 1.190 1.131 1.132 1.043 0.938 0.787 0.593 0.602 -0.736
7.50 398.11 -0.355 0.020 0.254 0.481 0.617 0.775 0.769 0.778 0.791 0.812 0.832 0.839 0.869 0.887 0.893 0.806 0.791 0.678 0.546 0.373 0.205 0.254 -1.151
7.50 501.19 -0.557 -0.195 0.052 0.290 0.413 0.562 0.533 0.540 0.543 0.557 0.572 0.568 0.588 0.583 0.557 0.432 0.395 0.251 0.085 -0.115 -0.246 -0.148 -1.634
7.50 630.96 -0.786 -0.438 -0.173 0.082 0.187 0.325 0.270 0.278 0.270 0.276 0.283 0.267 0.273 0.239 0.170 -0.003 -0.070 -0.253 -0.460 -0.696 -0.775 -0.615 -2.200
7.50 794.33 -1.050 -0.716 -0.427 -0.148 -0.067 0.058 -0.026 -0.015 -0.036 -0.040 -0.042 -0.072 -0.083 -0.155 -0.278 -0.515 -0.622 -0.855 -1.112 -1.392 -1.403 -1.166 -2.873
7.50 1000.00 -1.359 -1.038 -0.717 -0.404 -0.355 -0.245 -0.363 -0.346 -0.382 -0.398 -0.411 -0.459 -0.491 -0.611 -0.804 -1.123 -1.283 -1.578 -1.897 -2.233 -2.155 -1.820 -3.677
7.75 1.00 1.697 2.253 2.690 3.213 3.280 3.564 3.915 4.150 4.192 4.284 4.393 4.472 4.468 4.501 4.476 4.332 4.135 4.089 4.173 4.034 4.141 3.998 3.060
7.75 1.26 1.680 2.236 2.665 3.175 3.247 3.527 3.866 4.092 4.132 4.222 4.329 4.405 4.403 4.438 4.419 4.281 4.094 4.048 4.126 3.988 4.082 3.940 2.996
7.75 1.58 1.662 2.216 2.638 3.135 3.212 3.489 3.815 4.031 4.069 4.158 4.262 4.336 4.336 4.373 4.360 4.229 4.052 4.005 4.078 3.942 4.021 3.881 2.931
7.75 2.00 1.642 2.196 2.609 3.092 3.174 3.447 3.761 3.967 4.004 4.091 4.193 4.265 4.266 4.306 4.299 4.175 4.008 3.961 4.029 3.894 3.958 3.820 2.865
7.75 2.51 1.621 2.173 2.577 3.046 3.133 3.401 3.703 3.899 3.937 4.021 4.120 4.190 4.194 4.237 4.236 4.119 3.962 3.916 3.978 3.845 3.894 3.758 2.796
7.75 3.16 1.597 2.147 2.542 2.995 3.088 3.352 3.641 3.827 3.865 3.947 4.044 4.112 4.119 4.165 4.170 4.061 3.915 3.869 3.926 3.794 3.828 3.693 2.725
7.75 3.98 1.571 2.119 2.503 2.940 3.038 3.298 3.575 3.751 3.789 3.870 3.963 4.030 4.040 4.089 4.100 4.000 3.864 3.819 3.871 3.741 3.759 3.625 2.651
7.75 5.01 1.541 2.087 2.459 2.880 2.984 3.239 3.504 3.669 3.709 3.787 3.877 3.943 3.957 4.009 4.027 3.935 3.810 3.766 3.813 3.685 3.687 3.554 2.574
7.75 6.31 1.508 2.051 2.411 2.814 2.924 3.174 3.428 3.583 3.624 3.699 3.786 3.851 3.868 3.924 3.949 3.865 3.752 3.710 3.752 3.626 3.612 3.478 2.493
7.75 7.94 1.471 2.010 2.358 2.743 2.859 3.103 3.345 3.490 3.533 3.606 3.689 3.753 3.775 3.834 3.866 3.791 3.690 3.649 3.687 3.564 3.531 3.399 2.408
7.75 10.00 1.430 1.964 2.299 2.666 2.787 3.027 3.257 3.391 3.436 3.507 3.586 3.649 3.676 3.738 3.777 3.712 3.623 3.584 3.617 3.496 3.446 3.314 2.316
7.75 12.59 1.383 1.913 2.233 2.582 2.709 2.944 3.162 3.286 3.333 3.401 3.477 3.538 3.570 3.635 3.682 3.626 3.549 3.513 3.542 3.423 3.354 3.222 2.218
7.75 15.85 1.331 1.855 2.162 2.493 2.625 2.855 3.061 3.174 3.223 3.289 3.361 3.422 3.458 3.526 3.579 3.533 3.468 3.435 3.459 3.344 3.256 3.124 2.113
7.75 19.95 1.274 1.791 2.084 2.398 2.535 2.760 2.953 3.057 3.108 3.170 3.239 3.298 3.339 3.411 3.470 3.433 3.380 3.350 3.370 3.257 3.150 3.018 1.999
7.75 25.12 1.210 1.719 1.999 2.297 2.439 2.659 2.840 2.934 2.985 3.045 3.111 3.169 3.213 3.287 3.353 3.325 3.284 3.256 3.271 3.161 3.035 2.904 1.877
7.75 31.62 1.140 1.641 1.908 2.190 2.337 2.553 2.721 2.805 2.857 2.914 2.976 3.032 3.081 3.157 3.228 3.208 3.178 3.152 3.163 3.056 2.911 2.781 1.743
7.75 39.81 1.063 1.556 1.812 2.079 2.230 2.441 2.596 2.670 2.722 2.777 2.836 2.890 2.941 3.019 3.095 3.081 3.062 3.038 3.044 2.939 2.775 2.649 1.599
7.75 50.12 0.981 1.464 1.709 1.963 2.118 2.323 2.465 2.531 2.582 2.634 2.689 2.741 2.795 2.873 2.953 2.945 2.936 2.913 2.913 2.808 2.629 2.505 1.442
7.75 63.10 0.891 1.364 1.600 1.842 2.000 2.201 2.329 2.386 2.435 2.485 2.537 2.586 2.641 2.720 2.801 2.797 2.797 2.774 2.767 2.664 2.469 2.350 1.271
7.75 79.43 0.794 1.256 1.484 1.717 1.877 2.073 2.187 2.235 2.283 2.330 2.378 2.424 2.480 2.558 2.640 2.638 2.646 2.620 2.606 2.502 2.294 2.183 1.084
7.75 100.00 0.690 1.141 1.363 1.587 1.748 1.939 2.039 2.079 2.123 2.167 2.213 2.255 2.311 2.386 2.468 2.466 2.479 2.450 2.427 2.320 2.103 2.001 0.879
7.75 125.89 0.578 1.017 1.235 1.451 1.612 1.799 1.883 1.916 1.957 1.998 2.040 2.078 2.132 2.205 2.283 2.278 2.295 2.261 2.226 2.116 1.892 1.802 0.654
7.75 158.49 0.457 0.883 1.098 1.310 1.470 1.652 1.720 1.746 1.782 1.820 1.858 1.891 1.944 2.011 2.083 2.072 2.090 2.048 2.001 1.884 1.658 1.584 0.404
7.75 199.53 0.325 0.739 0.954 1.163 1.320 1.496 1.547 1.567 1.598 1.632 1.667 1.694 1.743 1.803 1.866 1.845 1.861 1.808 1.746 1.620 1.397 1.342 0.124
7.75 251.19 0.181 0.581 0.799 1.007 1.160 1.330 1.363 1.377 1.403 1.433 1.463 1.484 1.528 1.578 1.628 1.592 1.603 1.536 1.454 1.317 1.103 1.072 -0.191
7.75 316.23 0.021 0.409 0.631 0.843 0.989 1.152 1.165 1.175 1.194 1.219 1.244 1.257 1.296 1.332 1.364 1.307 1.309 1.222 1.118 0.965 0.767 0.768 -0.550
7.75 398.11 -0.157 0.218 0.448 0.666 0.803 0.958 0.950 0.957 0.967 0.987 1.006 1.012 1.042 1.061 1.068 0.983 0.969 0.859 0.727 0.553 0.381 0.421 -0.964
7.75 501.19 -0.357 0.004 0.247 0.476 0.599 0.745 0.714 0.719 0.721 0.733 0.746 0.741 0.761 0.757 0.732 0.610 0.575 0.433 0.268 0.067 -0.069 0.021 -1.445
7.75 630.96 -0.586 -0.238 0.022 0.269 0.373 0.508 0.452 0.457 0.448 0.452 0.458 0.441 0.447 0.414 0.346 0.175 0.110 -0.070 -0.276 -0.512 -0.598 -0.446 -2.010
7.75 794.33 -0.850 -0.516 -0.231 0.039 0.120 0.242 0.156 0.165 0.142 0.137 0.133 0.102 0.091 0.021 -0.102 -0.336 -0.441 -0.671 -0.927 -1.207 -1.225 -0.996 -2.682
7.75 1000.00 -1.158 -0.838 -0.521 -0.217 -0.168 -0.061 -0.181 -0.166 -0.204 -0.221 -0.236 -0.285 -0.317 -0.435 -0.627 -0.943 -1.101 -1.393 -1.711 -2.047 -1.976 -1.649 -3.486
8.00 1.00 1.797 2.347 2.781 3.298 3.361 3.643 3.990 4.224 4.261 4.353 4.464 4.542 4.538 4.580 4.563 4.425 4.227 4.180 4.262 4.120 4.222 4.067 3.147
8.00 1.26 1.781 2.331 2.758 3.263 3.331 3.609 3.943 4.168 4.203 4.293 4.402 4.478 4.474 4.519 4.506 4.375 4.187 4.139 4.216 4.075 4.163 4.010 3.084
8.00 1.58 1.764 2.313 2.733 3.225 3.298 3.573 3.895 4.110 4.143 4.231 4.338 4.411 4.409 4.456 4.449 4.324 4.146 4.098 4.169 4.029 4.103 3.952 3.020
8.00 2.00 1.746 2.294 2.706 3.186 3.264 3.535 3.844 4.050 4.081 4.168 4.272 4.343 4.342 4.391 4.390 4.272 4.103 4.055 4.121 3.982 4.042 3.893 2.955
8.00 2.51 1.727 2.273 2.677 3.143 3.226 3.493 3.790 3.986 4.017 4.101 4.203 4.272 4.273 4.325 4.329 4.218 4.059 4.011 4.071 3.935 3.980 3.832 2.888
8.00 3.16 1.706 2.250 2.645 3.097 3.185 3.448 3.733 3.919 3.949 4.032 4.131 4.197 4.201 4.256 4.266 4.162 4.013 3.965 4.020 3.885 3.916 3.770 2.819
8.00 3.98 1.682 2.225 2.610 3.046 3.141 3.399 3.672 3.848 3.878 3.959 4.055 4.120 4.126 4.183 4.199 4.103 3.965 3.918 3.967 3.834 3.849 3.705 2.748
8.00 5.01 1.656 2.197 2.572 2.992 3.092 3.346 3.606 3.772 3.803 3.882 3.975 4.038 4.048 4.107 4.130 4.041 3.914 3.867 3.912 3.781 3.780 3.637 2.674
8.00 6.31 1.627 2.165 2.529 2.932 3.038 3.287 3.536 3.691 3.724 3.800 3.889 3.951 3.965 4.027 4.056 3.976 3.860 3.814 3.854 3.724 3.708 3.565 2.596
8.00 7.94 1.595 2.129 2.481 2.867 2.978 3.223 3.460 3.605 3.639 3.713 3.799 3.860 3.877 3.942 3.977 3.906 3.802 3.757 3.792 3.665 3.632 3.490 2.515
8.00 10.00 1.559 2.089 2.428 2.796 2.913 3.153 3.378 3.513 3.549 3.620 3.703 3.762 3.784 3.852 3.894 3.831 3.738 3.696 3.726 3.601 3.551 3.410 2.428
8.00 12.59 1.518 2.043 2.369 2.719 2.842 3.077 3.290 3.414 3.453 3.521 3.600 3.659 3.685 3.756 3.804 3.750 3.670 3.629 3.655 3.533 3.464 3.324 2.336
8.00 15.85 1.472 1.992 2.304 2.636 2.764 2.994 3.196 3.310 3.350 3.416 3.491 3.549 3.580 3.653 3.708 3.663 3.594 3.557 3.578 3.458 3.372 3.232 2.237
8.00 19.95 1.420 1.934 2.232 2.546 2.681 2.905 3.095 3.199 3.241 3.304 3.375 3.432 3.468 3.543 3.604 3.568 3.512 3.477 3.494 3.377 3.272 3.133 2.130
8.00 25.12 1.363 1.870 2.154 2.451 2.590 2.810 2.988 3.081 3.125 3.186 3.253 3.308 3.349 3.426 3.493 3.466 3.421 3.389 3.402 3.287 3.163 3.026 2.014
8.00 31.62 1.299 1.798 2.069 2.350 2.494 2.708 2.874 2.957 3.003 3.061 3.124 3.178 3.222 3.302 3.374 3.354 3.322 3.292 3.300 3.188 3.045 2.909 1.887
8.00 39.81 1.229 1.719 1.978 2.243 2.392 2.601 2.754 2.828 2.874 2.929 2.989 3.041 3.088 3.169 3.246 3.233 3.212 3.184 3.188 3.077 2.917 2.783 1.750
8.00 50.12 1.151 1.633 1.880 2.131 2.283 2.488 2.627 2.692 2.738 2.791 2.847 2.897 2.947 3.029 3.109 3.102 3.091 3.065 3.063 2.954 2.776 2.646 1.600
8.00 63.10 1.067 1.538 1.775 2.014 2.169 2.369 2.495 2.551 2.596 2.646 2.698 2.746 2.798 2.880 2.962 2.960 2.958 2.932 2.924 2.815 2.623 2.497 1.435
8.00 79.43 0.975 1.435 1.664 1.891 2.049 2.244 2.356 2.403 2.447 2.494 2.543 2.587 2.641 2.722 2.805 2.805 2.811 2.784 2.768 2.660 2.454 2.335 1.254
8.00 100.00 0.875 1.324 1.545 1.763 1.922 2.113 2.210 2.249 2.291 2.335 2.380 2.421 2.475 2.554 2.636 2.637 2.649 2.619 2.595 2.485 2.267 2.158 1.055
8.00 125.89 0.766 1.204 1.420 1.630 1.789 1.975 2.057 2.089 2.127 2.168 2.210 2.246 2.300 2.375 2.454 2.452 2.469 2.434 2.399 2.286 2.061 1.963 0.835
8.00 158.49 0.648 1.073 1.286 1.490 1.649 1.829 1.896 1.920 1.955 1.992 2.030 2.062 2.114 2.183 2.257 2.249 2.268 2.226 2.178 2.059 1.832 1.748 0.589
8.00 199.53 0.518 0.931 1.143 1.344 1.500 1.674 1.724 1.742 1.772 1.806 1.840 1.866 1.915 1.977 2.042 2.025 2.042 1.990 1.927 1.800 1.574 1.510 0.313
8.00 251.19 0.376 0.776 0.989 1.190 1.342 1.509 1.541 1.554 1.578 1.607 1.637 1.658 1.702 1.754 1.806 1.773 1.786 1.720 1.639 1.500 1.282 1.243 0.001
8.00 316.23 0.218 0.606 0.823 1.026 1.171 1.332 1.344 1.353 1.370 1.394 1.419 1.432 1.471 1.510 1.543 1.490 1.493 1.409 1.306 1.151 0.949 0.941 -0.356
8.00 398.11 0.042 0.416 0.641 0.850 0.986 1.139 1.130 1.135 1.145 1.164 1.183 1.187 1.218 1.239 1.248 1.167 1.156 1.047 0.917 0.742 0.564 0.595 -0.767
8.00 501.19 -0.158 0.203 0.441 0.661 0.783 0.926 0.895 0.898 0.899 0.911 0.924 0.918 0.938 0.936 0.913 0.795 0.762 0.623 0.460 0.259 0.116 0.197 -1.246
8.00 630.96 -0.385 -0.038 0.217 0.454 0.558 0.690 0.633 0.637 0.627 0.630 0.635 0.618 0.625 0.594 0.528 0.361 0.299 0.121 -0.082 -0.319 -0.411 -0.269 -1.811
8.00 794.33 -0.649 -0.315 -0.036 0.225 0.305 0.425 0.338 0.344 0.322 0.315 0.312 0.280 0.270 0.201 0.081 -0.149 -0.251 -0.478 -0.732 -1.012 -1.037 -0.817 -2.481
8.00 1000.00 -0.956 -0.636 -0.325 -0.032 0.017 0.122 0.001 0.014 -0.024 -0.043 -0.057 -0.106 -0.138 -0.254 -0.444 -0.756 -0.911 -1.199 -1.515 -1.851 -1.788 -1.471 -3.284
