ZhaoEtAl2006SInterCascadia as implemented in OpenQuake, distance is rrup. Log10 hazard values in cgs units
          14 31 22 : nmag, ndist, nperiod
          10.000 5.000 4.000 3.000 2.500 2.000 1.500 1.250 1.000 0.900 0.800 0.700 0.600 0.500 0.400 0.300 0.250 0.200 0.150 0.100 0.050 PGA PGV
          0.698 0.698 0.716 0.748 0.760 0.760 0.752 0.742 0.734 0.729 0.726 0.723 0.717 0.709 0.713 0.726 0.741 0.766 0.792 0.803 0.726 0.678 0.726
4.75 1.00 -0.088 0.583 0.812 1.147 1.351 1.608 1.802 1.925 2.047 2.157 2.259 2.361 2.464 2.578 2.703 2.751 2.769 2.736 2.703 2.561 2.401 2.358 1.571
4.75 1.26 -0.145 0.524 0.746 1.074 1.278 1.533 1.725 1.848 1.973 2.082 2.185 2.288 2.395 2.516 2.648 2.703 2.723 2.692 2.659 2.518 2.351 2.303 1.526
4.75 1.58 -0.207 0.460 0.674 0.997 1.200 1.453 1.645 1.767 1.895 2.004 2.106 2.211 2.322 2.450 2.588 2.650 2.672 2.642 2.609 2.469 2.295 2.242 1.475
4.75 2.00 -0.274 0.390 0.598 0.915 1.119 1.370 1.562 1.683 1.813 1.921 2.023 2.130 2.245 2.378 2.522 2.591 2.614 2.587 2.553 2.414 2.233 2.175 1.420
4.75 2.51 -0.344 0.316 0.518 0.831 1.034 1.284 1.475 1.596 1.728 1.835 1.938 2.046 2.163 2.301 2.451 2.526 2.551 2.525 2.492 2.353 2.166 2.103 1.359
4.75 3.16 -0.419 0.237 0.434 0.743 0.946 1.196 1.385 1.506 1.639 1.747 1.849 1.958 2.078 2.221 2.375 2.455 2.482 2.458 2.424 2.286 2.093 2.026 1.294
4.75 3.98 -0.496 0.154 0.347 0.653 0.856 1.104 1.294 1.414 1.549 1.656 1.758 1.868 1.990 2.137 2.294 2.380 2.408 2.385 2.351 2.214 2.015 1.945 1.224
4.75 5.01 -0.576 0.068 0.258 0.561 0.764 1.011 1.200 1.320 1.456 1.563 1.665 1.776 1.899 2.049 2.210 2.300 2.329 2.307 2.273 2.136 1.933 1.860 1.150
4.75 6.31 -0.659 -0.021 0.166 0.467 0.670 0.916 1.105 1.225 1.361 1.468 1.570 1.682 1.806 1.958 2.122 2.215 2.245 2.224 2.190 2.053 1.846 1.771 1.072
4.75 7.94 -0.743 -0.113 0.072 0.372 0.574 0.820 1.008 1.128 1.265 1.372 1.473 1.585 1.711 1.865 2.031 2.127 2.157 2.137 2.102 1.965 1.755 1.678 0.991
4.75 10.00 -0.828 -0.207 -0.024 0.275 0.477 0.722 0.910 1.030 1.168 1.274 1.375 1.488 1.614 1.770 1.937 2.034 2.066 2.045 2.010 1.873 1.661 1.583 0.906
4.75 12.59 -0.915 -0.303 -0.121 0.177 0.378 0.623 0.810 0.931 1.068 1.174 1.276 1.389 1.516 1.672 1.840 1.939 1.970 1.949 1.914 1.776 1.562 1.484 0.818
4.75 15.85 -1.004 -0.401 -0.220 0.078 0.278 0.523 0.710 0.830 0.968 1.074 1.175 1.288 1.415 1.572 1.740 1.840 1.870 1.849 1.813 1.675 1.460 1.382 0.727
4.75 19.95 -1.093 -0.501 -0.320 -0.023 0.177 0.422 0.608 0.728 0.866 0.972 1.073 1.186 1.313 1.470 1.638 1.737 1.767 1.745 1.708 1.569 1.355 1.277 0.632
4.75 25.12 -1.184 -0.603 -0.422 -0.124 0.075 0.319 0.504 0.625 0.763 0.868 0.969 1.082 1.209 1.365 1.533 1.631 1.660 1.637 1.598 1.458 1.244 1.169 0.533
4.75 31.62 -1.277 -0.707 -0.526 -0.227 -0.029 0.214 0.399 0.520 0.658 0.763 0.864 0.976 1.103 1.258 1.424 1.520 1.548 1.523 1.482 1.341 1.129 1.056 0.430
4.75 39.81 -1.371 -0.813 -0.631 -0.331 -0.134 0.108 0.292 0.414 0.552 0.656 0.756 0.868 0.994 1.148 1.312 1.405 1.430 1.404 1.361 1.217 1.009 0.938 0.321
4.75 50.12 -1.468 -0.922 -0.739 -0.437 -0.242 0.000 0.183 0.306 0.443 0.546 0.646 0.757 0.883 1.035 1.195 1.285 1.307 1.278 1.232 1.085 0.881 0.815 0.207
4.75 63.10 -1.567 -1.034 -0.848 -0.544 -0.352 -0.111 0.071 0.194 0.331 0.434 0.533 0.644 0.768 0.917 1.073 1.158 1.176 1.143 1.094 0.944 0.745 0.685 0.085
4.75 79.43 -1.670 -1.150 -0.962 -0.654 -0.464 -0.224 -0.044 0.080 0.216 0.318 0.417 0.526 0.649 0.794 0.944 1.022 1.036 0.998 0.944 0.790 0.599 0.546 -0.046
4.75 100.00 -1.777 -1.270 -1.078 -0.767 -0.581 -0.342 -0.164 -0.038 0.097 0.198 0.296 0.403 0.524 0.665 0.807 0.877 0.885 0.841 0.782 0.621 0.441 0.397 -0.188
4.75 125.89 -1.890 -1.396 -1.200 -0.883 -0.701 -0.464 -0.289 -0.161 -0.028 0.072 0.169 0.275 0.393 0.527 0.661 0.720 0.720 0.668 0.602 0.434 0.266 0.234 -0.345
4.75 158.49 -2.009 -1.529 -1.327 -1.003 -0.827 -0.592 -0.420 -0.290 -0.158 -0.061 0.035 0.139 0.253 0.380 0.502 0.547 0.537 0.476 0.400 0.224 0.072 0.055 -0.519
4.75 199.53 -2.137 -1.671 -1.461 -1.129 -0.960 -0.728 -0.560 -0.427 -0.297 -0.202 -0.108 -0.007 0.103 0.220 0.327 0.355 0.333 0.259 0.173 -0.016 -0.147 -0.145 -0.715
4.75 251.19 -2.277 -1.823 -1.605 -1.262 -1.102 -0.873 -0.710 -0.573 -0.447 -0.354 -0.262 -0.165 -0.060 0.045 0.133 0.139 0.101 0.012 -0.089 -0.292 -0.397 -0.371 -0.939
4.75 316.23 -2.430 -1.990 -1.760 -1.403 -1.255 -1.029 -0.873 -0.731 -0.609 -0.519 -0.431 -0.338 -0.239 -0.151 -0.086 -0.107 -0.165 -0.273 -0.392 -0.613 -0.686 -0.630 -1.199
4.75 398.11 -2.600 -2.174 -1.929 -1.556 -1.421 -1.201 -1.053 -0.905 -0.787 -0.701 -0.617 -0.529 -0.439 -0.371 -0.336 -0.392 -0.474 -0.607 -0.748 -0.993 -1.024 -0.930 -1.502
4.75 501.19 -2.792 -2.380 -2.116 -1.721 -1.605 -1.391 -1.253 -1.097 -0.985 -0.905 -0.825 -0.745 -0.666 -0.622 -0.625 -0.724 -0.838 -1.002 -1.171 -1.445 -1.424 -1.283 -1.861
4.75 630.96 -3.011 -2.613 -2.326 -1.904 -1.810 -1.604 -1.479 -1.314 -1.209 -1.136 -1.061 -0.990 -0.924 -0.912 -0.962 -1.117 -1.270 -1.473 -1.678 -1.988 -1.902 -1.700 -2.290
4.75 794.33 -3.266 -2.882 -2.564 -2.108 -2.043 -1.847 -1.738 -1.561 -1.465 -1.400 -1.333 -1.273 -1.224 -1.252 -1.362 -1.586 -1.789 -2.041 -2.290 -2.646 -2.478 -2.200 -2.806
4.75 1000.00 -3.563 -3.193 -2.838 -2.340 -2.310 -2.126 -2.038 -1.846 -1.762 -1.707 -1.649 -1.603 -1.576 -1.654 -1.838 -2.150 -2.416 -2.729 -3.035 -3.449 -3.177 -2.804 -3.434
5.00 1.00 0.109 0.776 1.012 1.345 1.544 1.795 1.977 2.091 2.198 2.302 2.399 2.491 2.582 2.684 2.796 2.831 2.840 2.799 2.758 2.607 2.453 2.417 1.617
5.00 1.26 0.059 0.723 0.951 1.277 1.476 1.725 1.906 2.019 2.130 2.233 2.330 2.424 2.519 2.628 2.747 2.789 2.801 2.762 2.721 2.571 2.409 2.368 1.578
5.00 1.58 0.003 0.665 0.885 1.204 1.404 1.650 1.830 1.943 2.057 2.160 2.256 2.352 2.452 2.568 2.693 2.741 2.755 2.718 2.677 2.528 2.360 2.314 1.533
5.00 2.00 -0.058 0.601 0.814 1.127 1.327 1.571 1.751 1.863 1.979 2.082 2.178 2.276 2.379 2.501 2.632 2.688 2.704 2.669 2.628 2.480 2.304 2.254 1.484
5.00 2.51 -0.124 0.532 0.739 1.046 1.246 1.489 1.668 1.779 1.898 2.000 2.096 2.195 2.302 2.430 2.567 2.628 2.646 2.613 2.573 2.426 2.243 2.188 1.429
5.00 3.16 -0.193 0.458 0.659 0.962 1.161 1.403 1.581 1.693 1.813 1.915 2.010 2.111 2.221 2.354 2.495 2.563 2.583 2.552 2.512 2.366 2.176 2.116 1.368
5.00 3.98 -0.267 0.380 0.576 0.875 1.074 1.314 1.492 1.603 1.725 1.826 1.922 2.024 2.137 2.273 2.419 2.492 2.514 2.484 2.444 2.299 2.103 2.040 1.303
5.00 5.01 -0.344 0.297 0.489 0.785 0.984 1.223 1.401 1.511 1.635 1.736 1.831 1.934 2.049 2.189 2.339 2.416 2.440 2.411 2.371 2.227 2.025 1.959 1.233
5.00 6.31 -0.423 0.211 0.400 0.693 0.892 1.130 1.307 1.418 1.542 1.643 1.738 1.842 1.958 2.101 2.254 2.336 2.360 2.333 2.293 2.149 1.943 1.873 1.159
5.00 7.94 -0.505 0.123 0.308 0.599 0.797 1.035 1.212 1.322 1.448 1.548 1.643 1.747 1.865 2.010 2.166 2.250 2.276 2.250 2.209 2.065 1.856 1.784 1.081
5.00 10.00 -0.589 0.031 0.214 0.503 0.701 0.939 1.115 1.225 1.351 1.451 1.546 1.651 1.770 1.917 2.074 2.161 2.187 2.162 2.121 1.977 1.764 1.691 0.999
5.00 12.59 -0.674 -0.064 0.118 0.406 0.604 0.841 1.016 1.127 1.253 1.353 1.448 1.553 1.672 1.821 1.979 2.068 2.094 2.069 2.027 1.883 1.668 1.595 0.913
5.00 15.85 -0.761 -0.160 0.020 0.308 0.505 0.741 0.916 1.027 1.154 1.253 1.348 1.453 1.573 1.722 1.881 1.971 1.997 1.971 1.929 1.785 1.568 1.494 0.823
5.00 19.95 -0.850 -0.259 -0.080 0.208 0.404 0.640 0.815 0.926 1.053 1.152 1.246 1.352 1.472 1.621 1.780 1.870 1.895 1.869 1.826 1.681 1.464 1.391 0.730
5.00 25.12 -0.940 -0.360 -0.181 0.107 0.303 0.538 0.712 0.823 0.950 1.049 1.143 1.248 1.368 1.517 1.675 1.765 1.789 1.762 1.718 1.572 1.356 1.283 0.633
5.00 31.62 -1.032 -0.463 -0.284 0.005 0.199 0.434 0.607 0.719 0.846 0.944 1.038 1.143 1.263 1.411 1.568 1.655 1.678 1.650 1.604 1.456 1.242 1.172 0.530
5.00 39.81 -1.126 -0.569 -0.389 -0.099 0.094 0.328 0.501 0.612 0.739 0.837 0.931 1.035 1.155 1.301 1.456 1.541 1.562 1.532 1.483 1.333 1.122 1.055 0.423
5.00 50.12 -1.222 -0.677 -0.496 -0.204 -0.013 0.220 0.392 0.504 0.631 0.728 0.821 0.925 1.044 1.188 1.340 1.421 1.439 1.406 1.355 1.203 0.995 0.932 0.309
5.00 63.10 -1.321 -0.788 -0.605 -0.312 -0.123 0.110 0.280 0.393 0.519 0.616 0.709 0.812 0.929 1.071 1.218 1.295 1.309 1.273 1.218 1.062 0.860 0.803 0.188
5.00 79.43 -1.424 -0.904 -0.718 -0.421 -0.235 -0.004 0.165 0.279 0.404 0.500 0.592 0.694 0.810 0.948 1.090 1.160 1.170 1.128 1.069 0.909 0.714 0.664 0.057
5.00 100.00 -1.531 -1.024 -0.835 -0.534 -0.351 -0.121 0.045 0.161 0.285 0.380 0.471 0.572 0.686 0.819 0.953 1.015 1.019 0.972 0.907 0.741 0.556 0.515 -0.085
5.00 125.89 -1.643 -1.150 -0.956 -0.650 -0.472 -0.243 -0.080 0.038 0.161 0.254 0.344 0.443 0.554 0.682 0.807 0.858 0.854 0.799 0.727 0.554 0.382 0.353 -0.241
5.00 158.49 -1.763 -1.282 -1.083 -0.770 -0.598 -0.371 -0.211 -0.091 0.030 0.122 0.210 0.307 0.415 0.535 0.648 0.686 0.672 0.607 0.527 0.344 0.188 0.174 -0.415
5.00 199.53 -1.891 -1.424 -1.217 -0.896 -0.731 -0.507 -0.351 -0.227 -0.109 -0.019 0.067 0.161 0.265 0.375 0.473 0.494 0.468 0.391 0.299 0.105 -0.031 -0.026 -0.611
5.00 251.19 -2.030 -1.577 -1.361 -1.029 -0.873 -0.652 -0.501 -0.373 -0.258 -0.171 -0.087 0.004 0.102 0.200 0.279 0.278 0.236 0.144 0.038 -0.171 -0.281 -0.252 -0.835
5.00 316.23 -2.183 -1.743 -1.516 -1.170 -1.025 -0.809 -0.664 -0.532 -0.420 -0.336 -0.255 -0.169 -0.077 0.004 0.061 0.032 -0.030 -0.142 -0.265 -0.493 -0.570 -0.511 -1.094
5.00 398.11 -2.353 -1.927 -1.685 -1.322 -1.192 -0.980 -0.843 -0.705 -0.598 -0.519 -0.441 -0.360 -0.277 -0.215 -0.189 -0.253 -0.339 -0.475 -0.622 -0.872 -0.908 -0.811 -1.398
5.00 501.19 -2.545 -2.133 -1.872 -1.488 -1.375 -1.170 -1.044 -0.898 -0.796 -0.723 -0.649 -0.576 -0.503 -0.467 -0.478 -0.585 -0.703 -0.870 -1.044 -1.324 -1.308 -1.163 -1.757
5.00 630.96 -2.765 -2.367 -2.082 -1.671 -1.581 -1.383 -1.270 -1.114 -1.020 -0.953 -0.885 -0.821 -0.762 -0.757 -0.815 -0.978 -1.135 -1.341 -1.551 -1.867 -1.786 -1.581 -2.185
5.00 794.33 -3.019 -2.635 -2.320 -1.875 -1.813 -1.625 -1.529 -1.361 -1.276 -1.218 -1.157 -1.104 -1.062 -1.097 -1.215 -1.447 -1.654 -1.908 -2.163 -2.525 -2.362 -2.081 -2.702
5.00 1000.00 -3.316 -2.946 -2.594 -2.106 -2.080 -1.905 -1.829 -1.646 -1.573 -1.525 -1.473 -1.435 -1.414 -1.498 -1.691 -2.011 -2.280 -2.597 -2.908 -3.328 -3.061 -2.685 -3.329
5.25 1.00 0.290 0.952 1.196 1.528 1.723 1.968 2.139 2.245 2.336 2.436 2.527 2.609 2.688 2.779 2.880 2.903 2.904 2.855 2.806 2.647 2.497 2.468 1.656
5.25 1.26 0.246 0.906 1.142 1.466 1.662 1.904 2.074 2.179 2.274 2.373 2.464 2.549 2.632 2.730 2.837 2.866 2.870 2.823 2.775 2.616 2.460 2.426 1.623
5.25 1.58 0.197 0.854 1.082 1.399 1.595 1.835 2.004 2.109 2.207 2.305 2.396 2.483 2.571 2.676 2.789 2.825 2.831 2.786 2.738 2.580 2.417 2.379 1.584
5.25 2.00 0.142 0.797 1.017 1.327 1.523 1.761 1.929 2.033 2.135 2.232 2.323 2.412 2.504 2.615 2.734 2.777 2.785 2.742 2.695 2.538 2.368 2.325 1.541
5.25 2.51 0.082 0.734 0.947 1.250 1.446 1.683 1.851 1.954 2.058 2.155 2.245 2.336 2.432 2.549 2.674 2.723 2.734 2.693 2.646 2.491 2.313 2.265 1.491
5.25 3.16 0.018 0.665 0.871 1.170 1.365 1.600 1.768 1.870 1.977 2.073 2.164 2.256 2.356 2.478 2.608 2.663 2.676 2.638 2.591 2.437 2.252 2.200 1.437
5.25 3.98 -0.051 0.592 0.792 1.086 1.281 1.515 1.682 1.784 1.893 1.989 2.079 2.172 2.275 2.402 2.537 2.598 2.613 2.577 2.530 2.377 2.185 2.129 1.377
5.25 5.01 -0.124 0.514 0.709 0.999 1.194 1.427 1.593 1.695 1.806 1.901 1.990 2.085 2.191 2.322 2.461 2.527 2.544 2.509 2.463 2.311 2.113 2.053 1.312
5.25 6.31 -0.200 0.432 0.622 0.909 1.104 1.336 1.501 1.603 1.715 1.810 1.900 1.996 2.103 2.237 2.380 2.450 2.469 2.436 2.390 2.239 2.035 1.972 1.242
5.25 7.94 -0.279 0.346 0.533 0.817 1.012 1.242 1.408 1.509 1.623 1.717 1.807 1.903 2.013 2.149 2.295 2.369 2.388 2.357 2.311 2.160 1.952 1.886 1.167
5.25 10.00 -0.360 0.257 0.441 0.723 0.917 1.147 1.312 1.413 1.528 1.622 1.711 1.809 1.919 2.058 2.205 2.283 2.303 2.273 2.227 2.076 1.864 1.796 1.089
5.25 12.59 -0.443 0.165 0.347 0.627 0.821 1.050 1.215 1.316 1.432 1.525 1.614 1.712 1.824 1.964 2.113 2.192 2.213 2.184 2.137 1.986 1.771 1.702 1.005
5.25 15.85 -0.529 0.070 0.250 0.529 0.723 0.952 1.116 1.217 1.333 1.427 1.515 1.613 1.726 1.867 2.017 2.097 2.119 2.089 2.042 1.891 1.674 1.605 0.918
5.25 19.95 -0.616 -0.027 0.152 0.431 0.624 0.852 1.015 1.117 1.233 1.326 1.415 1.513 1.626 1.767 1.917 1.998 2.019 1.990 1.941 1.790 1.572 1.503 0.827
5.25 25.12 -0.705 -0.127 0.052 0.330 0.523 0.750 0.913 1.015 1.131 1.224 1.312 1.410 1.523 1.665 1.814 1.895 1.915 1.885 1.835 1.683 1.465 1.397 0.731
5.25 31.62 -0.797 -0.229 -0.051 0.229 0.420 0.647 0.809 0.911 1.027 1.120 1.208 1.305 1.418 1.559 1.707 1.787 1.806 1.774 1.723 1.569 1.353 1.286 0.630
5.25 39.81 -0.890 -0.333 -0.155 0.125 0.315 0.541 0.703 0.805 0.921 1.013 1.101 1.198 1.311 1.450 1.596 1.674 1.691 1.657 1.604 1.448 1.234 1.170 0.523
5.25 50.12 -0.985 -0.441 -0.261 0.020 0.208 0.434 0.594 0.697 0.813 0.904 0.991 1.088 1.200 1.338 1.481 1.555 1.569 1.533 1.477 1.319 1.108 1.049 0.411
5.25 63.10 -1.084 -0.552 -0.371 -0.087 0.099 0.323 0.482 0.587 0.702 0.793 0.879 0.975 1.086 1.221 1.360 1.429 1.440 1.400 1.341 1.179 0.974 0.920 0.290
5.25 79.43 -1.186 -0.667 -0.483 -0.196 -0.013 0.210 0.367 0.473 0.587 0.677 0.763 0.858 0.967 1.099 1.232 1.295 1.301 1.257 1.193 1.027 0.829 0.782 0.160
5.25 100.00 -1.293 -0.787 -0.600 -0.309 -0.129 0.093 0.248 0.355 0.468 0.557 0.642 0.736 0.843 0.970 1.096 1.151 1.151 1.100 1.031 0.859 0.671 0.633 0.018
5.25 125.89 -1.405 -0.912 -0.721 -0.425 -0.250 -0.029 0.123 0.232 0.344 0.432 0.515 0.607 0.712 0.833 0.950 0.994 0.986 0.928 0.852 0.673 0.497 0.471 -0.137
5.25 158.49 -1.525 -1.045 -0.848 -0.545 -0.376 -0.157 -0.008 0.103 0.214 0.299 0.381 0.471 0.573 0.686 0.791 0.822 0.804 0.737 0.652 0.464 0.304 0.292 -0.311
5.25 199.53 -1.653 -1.186 -0.982 -0.671 -0.509 -0.293 -0.147 -0.033 0.075 0.158 0.239 0.326 0.423 0.526 0.617 0.630 0.600 0.521 0.424 0.225 0.085 0.093 -0.507
5.25 251.19 -1.792 -1.339 -1.125 -0.803 -0.650 -0.438 -0.297 -0.180 -0.074 0.006 0.085 0.168 0.260 0.351 0.423 0.414 0.369 0.274 0.164 -0.051 -0.165 -0.133 -0.731
5.25 316.23 -1.945 -1.505 -1.280 -0.945 -0.803 -0.594 -0.460 -0.338 -0.236 -0.159 -0.083 -0.004 0.081 0.156 0.204 0.168 0.103 -0.011 -0.139 -0.372 -0.453 -0.392 -0.990
5.25 398.11 -2.115 -1.689 -1.449 -1.097 -0.969 -0.765 -0.640 -0.511 -0.414 -0.341 -0.269 -0.196 -0.119 -0.064 -0.045 -0.116 -0.206 -0.345 -0.496 -0.751 -0.791 -0.692 -1.293
5.25 501.19 -2.307 -1.895 -1.636 -1.262 -1.153 -0.955 -0.840 -0.704 -0.612 -0.545 -0.477 -0.411 -0.345 -0.315 -0.334 -0.448 -0.570 -0.739 -0.918 -1.203 -1.191 -1.044 -1.652
5.25 630.96 -2.526 -2.128 -1.846 -1.445 -1.358 -1.168 -1.066 -0.920 -0.836 -0.775 -0.714 -0.657 -0.604 -0.605 -0.672 -0.841 -1.002 -1.210 -1.425 -1.746 -1.669 -1.462 -2.081
5.25 794.33 -2.780 -2.396 -2.084 -1.649 -1.590 -1.411 -1.325 -1.167 -1.092 -1.040 -0.985 -0.939 -0.904 -0.945 -1.071 -1.310 -1.520 -1.778 -2.037 -2.404 -2.245 -1.962 -2.597
5.25 1000.00 -3.078 -2.708 -2.358 -1.881 -1.857 -1.690 -1.625 -1.452 -1.389 -1.347 -1.301 -1.270 -1.256 -1.347 -1.548 -1.874 -2.147 -2.466 -2.781 -3.207 -2.944 -2.565 -3.224
5.50 1.00 0.456 1.111 1.365 1.698 1.888 2.128 2.288 2.386 2.461 2.556 2.643 2.716 2.782 2.865 2.955 2.967 2.961 2.904 2.847 2.680 2.534 2.512 1.690
5.50 1.26 0.418 1.072 1.317 1.642 1.833 2.070 2.229 2.327 2.406 2.500 2.587 2.662 2.733 2.822 2.918 2.936 2.932 2.877 2.821 2.654 2.503 2.477 1.662
5.50 1.58 0.375 1.027 1.264 1.581 1.772 2.007 2.165 2.262 2.345 2.439 2.525 2.602 2.679 2.774 2.875 2.900 2.898 2.845 2.790 2.624 2.466 2.435 1.629
5.50 2.00 0.327 0.976 1.205 1.514 1.706 1.938 2.096 2.192 2.279 2.372 2.457 2.537 2.618 2.720 2.827 2.858 2.858 2.808 2.753 2.589 2.424 2.388 1.591
5.50 2.51 0.273 0.920 1.140 1.442 1.634 1.865 2.022 2.117 2.208 2.299 2.385 2.467 2.552 2.659 2.773 2.810 2.813 2.765 2.711 2.548 2.376 2.335 1.548
5.50 3.16 0.214 0.857 1.070 1.366 1.558 1.787 1.944 2.038 2.132 2.223 2.308 2.392 2.481 2.594 2.712 2.756 2.762 2.716 2.663 2.501 2.321 2.276 1.499
5.50 3.98 0.151 0.789 0.996 1.286 1.478 1.705 1.862 1.955 2.052 2.142 2.227 2.312 2.405 2.523 2.646 2.696 2.704 2.661 2.608 2.448 2.261 2.212 1.445
5.50 5.01 0.083 0.717 0.917 1.202 1.394 1.620 1.776 1.869 1.968 2.058 2.142 2.229 2.325 2.447 2.575 2.630 2.640 2.600 2.547 2.388 2.194 2.141 1.385
5.50 6.31 0.011 0.639 0.834 1.115 1.307 1.532 1.687 1.780 1.881 1.970 2.054 2.142 2.241 2.366 2.498 2.558 2.570 2.532 2.480 2.322 2.122 2.065 1.320
5.50 7.94 -0.064 0.557 0.747 1.025 1.217 1.441 1.596 1.689 1.791 1.880 1.963 2.053 2.154 2.282 2.417 2.481 2.495 2.458 2.407 2.249 2.043 1.984 1.250
5.50 10.00 -0.143 0.471 0.658 0.933 1.125 1.348 1.502 1.595 1.698 1.787 1.870 1.960 2.063 2.193 2.331 2.399 2.414 2.379 2.327 2.170 1.960 1.898 1.174
5.50 12.59 -0.224 0.382 0.566 0.839 1.030 1.252 1.407 1.499 1.603 1.692 1.775 1.865 1.969 2.102 2.241 2.311 2.327 2.293 2.242 2.085 1.871 1.807 1.095
5.50 15.85 -0.307 0.290 0.471 0.743 0.934 1.155 1.309 1.401 1.506 1.594 1.677 1.768 1.873 2.007 2.148 2.219 2.236 2.202 2.150 1.994 1.777 1.712 1.010
5.50 19.95 -0.393 0.195 0.374 0.645 0.835 1.056 1.209 1.302 1.407 1.495 1.577 1.668 1.774 1.909 2.050 2.123 2.139 2.106 2.053 1.896 1.677 1.612 0.921
5.50 25.12 -0.481 0.097 0.275 0.545 0.735 0.955 1.108 1.200 1.306 1.393 1.476 1.567 1.673 1.808 1.948 2.021 2.037 2.003 1.949 1.792 1.572 1.508 0.827
5.50 31.62 -0.571 -0.004 0.174 0.444 0.633 0.852 1.004 1.097 1.203 1.290 1.372 1.463 1.569 1.703 1.843 1.915 1.930 1.895 1.839 1.680 1.462 1.399 0.728
5.50 39.81 -0.663 -0.108 0.070 0.342 0.529 0.747 0.898 0.992 1.098 1.184 1.266 1.356 1.462 1.595 1.733 1.803 1.816 1.780 1.722 1.561 1.345 1.285 0.623
5.50 50.12 -0.758 -0.215 -0.036 0.237 0.422 0.640 0.790 0.884 0.990 1.076 1.157 1.247 1.352 1.483 1.619 1.685 1.696 1.657 1.597 1.433 1.220 1.164 0.511
5.50 63.10 -0.856 -0.325 -0.145 0.130 0.313 0.530 0.679 0.774 0.879 0.964 1.045 1.134 1.239 1.367 1.498 1.560 1.567 1.525 1.462 1.295 1.087 1.036 0.391
5.50 79.43 -0.958 -0.439 -0.257 0.021 0.201 0.417 0.564 0.660 0.765 0.849 0.929 1.017 1.120 1.245 1.371 1.427 1.429 1.382 1.315 1.144 0.942 0.899 0.262
5.50 100.00 -1.065 -0.559 -0.373 -0.091 0.086 0.300 0.445 0.543 0.646 0.729 0.808 0.895 0.996 1.117 1.235 1.283 1.280 1.227 1.154 0.977 0.785 0.751 0.121
5.50 125.89 -1.177 -0.684 -0.494 -0.207 -0.035 0.178 0.321 0.420 0.523 0.604 0.682 0.767 0.866 0.980 1.090 1.127 1.116 1.056 0.976 0.792 0.612 0.589 -0.034
5.50 158.49 -1.296 -0.816 -0.620 -0.327 -0.160 0.050 0.189 0.291 0.392 0.472 0.548 0.631 0.727 0.833 0.931 0.955 0.934 0.865 0.776 0.583 0.419 0.411 -0.208
5.50 199.53 -1.424 -0.957 -0.754 -0.453 -0.293 -0.085 0.050 0.155 0.253 0.331 0.405 0.486 0.577 0.674 0.757 0.764 0.731 0.649 0.549 0.344 0.201 0.211 -0.403
5.50 251.19 -1.562 -1.110 -0.898 -0.585 -0.435 -0.230 -0.100 0.009 0.104 0.179 0.251 0.328 0.414 0.499 0.563 0.548 0.500 0.402 0.288 0.069 -0.049 -0.014 -0.627
5.50 316.23 -1.715 -1.276 -1.052 -0.726 -0.587 -0.386 -0.263 -0.149 -0.057 0.014 0.083 0.156 0.235 0.304 0.345 0.302 0.234 0.117 -0.015 -0.252 -0.337 -0.273 -0.886
5.50 398.11 -1.885 -1.460 -1.221 -0.879 -0.754 -0.558 -0.442 -0.323 -0.235 -0.168 -0.102 -0.036 0.035 0.084 0.095 0.018 -0.075 -0.216 -0.370 -0.631 -0.675 -0.573 -1.189
5.50 501.19 -2.077 -1.666 -1.408 -1.044 -0.937 -0.747 -0.643 -0.515 -0.434 -0.372 -0.311 -0.251 -0.191 -0.167 -0.193 -0.314 -0.439 -0.610 -0.793 -1.082 -1.075 -0.925 -1.548
5.50 630.96 -2.297 -1.899 -1.618 -1.227 -1.142 -0.961 -0.869 -0.732 -0.657 -0.602 -0.547 -0.496 -0.450 -0.457 -0.531 -0.707 -0.871 -1.081 -1.299 -1.625 -1.553 -1.342 -1.976
5.50 794.33 -2.551 -2.167 -1.856 -1.431 -1.375 -1.203 -1.127 -0.979 -0.913 -0.867 -0.818 -0.779 -0.749 -0.797 -0.930 -1.175 -1.389 -1.648 -1.911 -2.283 -2.129 -1.842 -2.493
5.50 1000.00 -2.848 -2.478 -2.130 -1.662 -1.642 -1.482 -1.427 -1.263 -1.210 -1.174 -1.134 -1.109 -1.101 -1.198 -1.407 -1.740 -2.015 -2.337 -2.656 -3.086 -2.828 -2.446 -3.120
5.75 1.00 0.605 1.256 1.518 1.852 2.039 2.274 2.423 2.514 2.573 2.664 2.747 2.810 2.865 2.940 3.022 3.024 3.011 2.946 2.882 2.707 2.565 2.549 1.718
5.75 1.26 0.574 1.222 1.477 1.803 1.990 2.223 2.371 2.462 2.525 2.615 2.697 2.763 2.823 2.904 2.990 2.998 2.987 2.924 2.861 2.686 2.539 2.519 1.694
5.75 1.58 0.537 1.184 1.430 1.748 1.936 2.166 2.314 2.403 2.471 2.560 2.641 2.710 2.775 2.862 2.953 2.967 2.958 2.897 2.835 2.661 2.509 2.484 1.667
5.75 2.00 0.495 1.140 1.378 1.687 1.875 2.103 2.251 2.339 2.411 2.499 2.580 2.651 2.721 2.814 2.911 2.930 2.924 2.865 2.804 2.632 2.472 2.444 1.634
5.75 2.51 0.448 1.090 1.319 1.621 1.809 2.035 2.182 2.270 2.346 2.433 2.514 2.587 2.662 2.760 2.862 2.888 2.884 2.828 2.768 2.597 2.431 2.398 1.597
5.75 3.16 0.395 1.034 1.255 1.550 1.739 1.962 2.109 2.196 2.276 2.362 2.442 2.517 2.596 2.700 2.808 2.840 2.839 2.786 2.726 2.557 2.383 2.345 1.554
5.75 3.98 0.338 0.972 1.186 1.474 1.663 1.885 2.031 2.117 2.200 2.286 2.365 2.443 2.526 2.634 2.748 2.786 2.787 2.737 2.678 2.510 2.329 2.287 1.506
5.75 5.01 0.275 0.905 1.112 1.394 1.583 1.803 1.949 2.035 2.121 2.206 2.285 2.364 2.451 2.564 2.681 2.725 2.729 2.682 2.624 2.457 2.269 2.223 1.452
5.75 6.31 0.208 0.832 1.033 1.310 1.500 1.718 1.864 1.949 2.037 2.122 2.200 2.281 2.371 2.488 2.610 2.659 2.665 2.620 2.563 2.398 2.202 2.152 1.392
5.75 7.94 0.137 0.755 0.950 1.223 1.413 1.630 1.775 1.860 1.951 2.034 2.113 2.194 2.287 2.407 2.533 2.586 2.595 2.552 2.495 2.331 2.129 2.076 1.327
5.75 10.00 0.062 0.673 0.864 1.134 1.323 1.539 1.684 1.768 1.861 1.944 2.022 2.105 2.199 2.322 2.451 2.508 2.518 2.478 2.421 2.258 2.051 1.994 1.256
5.75 12.59 -0.016 0.588 0.774 1.041 1.230 1.446 1.590 1.674 1.768 1.851 1.928 2.012 2.109 2.233 2.364 2.425 2.436 2.397 2.340 2.178 1.966 1.908 1.180
5.75 15.85 -0.097 0.498 0.682 0.947 1.135 1.350 1.494 1.578 1.673 1.755 1.832 1.917 2.014 2.141 2.273 2.336 2.348 2.310 2.253 2.091 1.875 1.816 1.099
5.75 19.95 -0.180 0.405 0.587 0.850 1.038 1.252 1.396 1.480 1.575 1.657 1.734 1.819 1.918 2.045 2.178 2.242 2.254 2.217 2.160 1.998 1.779 1.719 1.013
5.75 25.12 -0.267 0.309 0.489 0.752 0.939 1.152 1.295 1.379 1.475 1.557 1.634 1.718 1.818 1.945 2.078 2.143 2.155 2.118 2.060 1.897 1.677 1.618 0.921
5.75 31.62 -0.355 0.210 0.389 0.652 0.838 1.050 1.193 1.277 1.373 1.455 1.531 1.615 1.715 1.842 1.974 2.039 2.050 2.012 1.952 1.789 1.569 1.511 0.824
5.75 39.81 -0.446 0.108 0.286 0.550 0.734 0.946 1.087 1.172 1.269 1.350 1.425 1.510 1.609 1.736 1.866 1.929 1.938 1.899 1.838 1.672 1.454 1.398 0.720
5.75 50.12 -0.540 0.002 0.181 0.446 0.629 0.839 0.980 1.065 1.162 1.242 1.317 1.401 1.500 1.625 1.752 1.812 1.819 1.778 1.714 1.546 1.330 1.278 0.610
5.75 63.10 -0.638 -0.107 0.073 0.339 0.520 0.730 0.869 0.956 1.051 1.131 1.205 1.288 1.387 1.509 1.633 1.688 1.692 1.647 1.580 1.409 1.198 1.151 0.491
5.75 79.43 -0.739 -0.221 -0.039 0.231 0.409 0.617 0.755 0.842 0.938 1.016 1.090 1.172 1.269 1.388 1.506 1.556 1.555 1.506 1.435 1.260 1.055 1.015 0.363
5.75 100.00 -0.845 -0.340 -0.154 0.119 0.293 0.500 0.636 0.725 0.819 0.896 0.969 1.050 1.146 1.260 1.371 1.413 1.406 1.352 1.275 1.094 0.899 0.867 0.223
5.75 125.89 -0.957 -0.464 -0.275 0.003 0.173 0.379 0.512 0.602 0.696 0.771 0.843 0.922 1.015 1.124 1.226 1.257 1.243 1.181 1.097 0.910 0.726 0.706 0.068
5.75 158.49 -1.076 -0.596 -0.401 -0.117 0.048 0.251 0.381 0.474 0.565 0.639 0.710 0.787 0.876 0.977 1.068 1.086 1.062 0.990 0.898 0.701 0.534 0.528 -0.105
5.75 199.53 -1.203 -0.737 -0.535 -0.242 -0.085 0.116 0.241 0.338 0.427 0.499 0.567 0.642 0.727 0.818 0.894 0.895 0.859 0.775 0.672 0.463 0.316 0.329 -0.300
5.75 251.19 -1.342 -0.889 -0.678 -0.375 -0.227 -0.029 0.091 0.192 0.278 0.347 0.413 0.484 0.564 0.643 0.701 0.680 0.628 0.529 0.412 0.189 0.067 0.104 -0.524
5.75 316.23 -1.494 -1.056 -0.833 -0.516 -0.379 -0.185 -0.071 0.033 0.116 0.182 0.246 0.312 0.385 0.448 0.482 0.434 0.363 0.244 0.109 -0.132 -0.222 -0.154 -0.782
5.75 398.11 -1.664 -1.239 -1.002 -0.668 -0.545 -0.356 -0.251 -0.140 -0.062 -0.000 0.060 0.120 0.185 0.229 0.233 0.150 0.054 -0.089 -0.246 -0.510 -0.559 -0.454 -1.085
5.75 501.19 -1.856 -1.445 -1.188 -0.833 -0.729 -0.546 -0.451 -0.332 -0.260 -0.204 -0.148 -0.095 -0.040 -0.022 -0.055 -0.182 -0.309 -0.483 -0.669 -0.962 -0.959 -0.806 -1.444
5.75 630.96 -2.076 -1.678 -1.398 -1.016 -0.934 -0.759 -0.677 -0.549 -0.484 -0.434 -0.384 -0.340 -0.299 -0.312 -0.393 -0.575 -0.741 -0.954 -1.175 -1.504 -1.437 -1.223 -1.872
5.75 794.33 -2.330 -1.946 -1.636 -1.220 -1.166 -1.002 -0.936 -0.795 -0.740 -0.699 -0.656 -0.623 -0.599 -0.652 -0.792 -1.043 -1.259 -1.520 -1.786 -2.162 -2.012 -1.723 -2.388
5.75 1000.00 -2.627 -2.257 -1.910 -1.451 -1.433 -1.281 -1.236 -1.080 -1.036 -1.006 -0.972 -0.953 -0.951 -1.054 -1.269 -1.607 -1.886 -2.209 -2.531 -2.965 -2.711 -2.327 -3.015
6.00 1.00 0.740 1.385 1.657 1.993 2.175 2.406 2.544 2.629 2.672 2.758 2.838 2.892 2.936 3.006 3.080 3.075 3.055 2.982 2.912 2.730 2.591 2.580 1.741
6.00 1.26 0.714 1.357 1.622 1.950 2.133 2.361 2.499 2.583 2.630 2.716 2.795 2.852 2.900 2.975 3.053 3.053 3.034 2.964 2.894 2.713 2.570 2.555 1.722
6.00 1.58 0.683 1.325 1.581 1.901 2.085 2.311 2.448 2.531 2.583 2.668 2.746 2.806 2.859 2.939 3.022 3.026 3.010 2.942 2.873 2.693 2.544 2.526 1.699
6.00 2.00 0.647 1.287 1.535 1.847 2.031 2.254 2.392 2.474 2.530 2.614 2.691 2.754 2.812 2.897 2.985 2.995 2.981 2.915 2.847 2.668 2.514 2.492 1.672
6.00 2.51 0.606 1.243 1.483 1.786 1.971 2.193 2.330 2.410 2.472 2.554 2.631 2.696 2.759 2.850 2.943 2.958 2.947 2.884 2.817 2.639 2.478 2.452 1.640
6.00 3.16 0.560 1.194 1.425 1.721 1.906 2.125 2.262 2.342 2.407 2.489 2.565 2.632 2.701 2.796 2.894 2.916 2.908 2.847 2.781 2.605 2.437 2.407 1.603
6.00 3.98 0.509 1.139 1.362 1.650 1.836 2.053 2.189 2.268 2.338 2.419 2.494 2.563 2.636 2.737 2.840 2.868 2.862 2.805 2.740 2.565 2.390 2.355 1.560
6.00 5.01 0.452 1.078 1.293 1.574 1.761 1.976 2.112 2.190 2.263 2.344 2.418 2.490 2.566 2.671 2.779 2.813 2.810 2.756 2.692 2.519 2.336 2.297 1.512
6.00 6.31 0.390 1.011 1.219 1.495 1.681 1.895 2.031 2.108 2.184 2.264 2.338 2.411 2.492 2.601 2.713 2.752 2.752 2.700 2.637 2.466 2.276 2.233 1.458
6.00 7.94 0.324 0.939 1.141 1.411 1.598 1.810 1.946 2.023 2.101 2.180 2.254 2.328 2.412 2.525 2.641 2.685 2.687 2.638 2.576 2.406 2.209 2.162 1.398
6.00 10.00 0.254 0.862 1.058 1.324 1.511 1.722 1.857 1.934 2.015 2.093 2.166 2.242 2.328 2.444 2.563 2.612 2.616 2.570 2.508 2.339 2.136 2.086 1.332
6.00 12.59 0.179 0.781 0.972 1.234 1.421 1.631 1.766 1.842 1.925 2.003 2.075 2.152 2.241 2.358 2.480 2.532 2.538 2.494 2.433 2.265 2.056 2.004 1.261
6.00 15.85 0.102 0.695 0.882 1.142 1.328 1.537 1.672 1.748 1.832 1.909 1.981 2.059 2.149 2.269 2.393 2.447 2.455 2.412 2.351 2.184 1.970 1.916 1.184
6.00 19.95 0.021 0.605 0.789 1.047 1.233 1.440 1.575 1.651 1.736 1.813 1.885 1.963 2.055 2.175 2.300 2.357 2.365 2.323 2.262 2.095 1.878 1.823 1.101
6.00 25.12 -0.063 0.511 0.693 0.950 1.135 1.342 1.476 1.552 1.638 1.715 1.786 1.864 1.957 2.078 2.203 2.261 2.268 2.227 2.166 1.998 1.779 1.724 1.012
6.00 31.62 -0.150 0.414 0.595 0.851 1.035 1.241 1.374 1.451 1.537 1.613 1.684 1.762 1.856 1.977 2.101 2.159 2.166 2.125 2.062 1.893 1.673 1.619 0.918
6.00 39.81 -0.240 0.313 0.493 0.750 0.932 1.138 1.270 1.347 1.434 1.509 1.580 1.658 1.751 1.871 1.994 2.050 2.056 2.014 1.949 1.780 1.560 1.509 0.816
6.00 50.12 -0.332 0.209 0.389 0.646 0.827 1.032 1.163 1.240 1.327 1.402 1.472 1.550 1.643 1.762 1.882 1.935 1.939 1.895 1.828 1.656 1.439 1.391 0.708
6.00 63.10 -0.429 0.101 0.282 0.541 0.720 0.923 1.053 1.131 1.218 1.292 1.361 1.438 1.530 1.647 1.764 1.813 1.814 1.767 1.697 1.522 1.309 1.265 0.590
6.00 79.43 -0.529 -0.012 0.171 0.432 0.608 0.810 0.939 1.018 1.104 1.178 1.246 1.322 1.413 1.526 1.638 1.681 1.678 1.627 1.553 1.374 1.167 1.130 0.463
6.00 100.00 -0.635 -0.130 0.056 0.321 0.493 0.694 0.820 0.901 0.987 1.058 1.126 1.201 1.290 1.399 1.504 1.539 1.530 1.474 1.394 1.210 1.011 0.983 0.324
6.00 125.89 -0.746 -0.254 -0.064 0.206 0.374 0.573 0.696 0.779 0.863 0.934 1.000 1.073 1.160 1.263 1.359 1.384 1.368 1.304 1.217 1.026 0.840 0.823 0.170
6.00 158.49 -0.864 -0.385 -0.191 0.086 0.248 0.445 0.566 0.651 0.733 0.802 0.867 0.938 1.022 1.117 1.202 1.214 1.187 1.114 1.019 0.819 0.648 0.646 -0.002
6.00 199.53 -0.992 -0.526 -0.324 -0.039 0.116 0.310 0.426 0.515 0.595 0.662 0.725 0.793 0.873 0.958 1.028 1.023 0.985 0.900 0.793 0.582 0.430 0.447 -0.197
6.00 251.19 -1.130 -0.678 -0.467 -0.172 -0.025 0.166 0.277 0.369 0.446 0.510 0.571 0.636 0.711 0.784 0.835 0.808 0.754 0.654 0.534 0.308 0.182 0.222 -0.420
6.00 316.23 -1.283 -0.844 -0.621 -0.313 -0.178 0.009 0.114 0.211 0.285 0.345 0.403 0.463 0.532 0.589 0.617 0.563 0.489 0.370 0.232 -0.012 -0.106 -0.036 -0.679
6.00 398.11 -1.452 -1.027 -0.790 -0.465 -0.344 -0.162 -0.065 0.038 0.107 0.163 0.218 0.272 0.332 0.370 0.367 0.279 0.181 0.037 -0.123 -0.391 -0.444 -0.335 -0.981
6.00 501.19 -1.644 -1.233 -0.977 -0.630 -0.527 -0.351 -0.265 -0.155 -0.091 -0.040 0.010 0.057 0.106 0.119 0.079 -0.053 -0.182 -0.357 -0.545 -0.842 -0.843 -0.687 -1.340
6.00 630.96 -1.863 -1.466 -1.186 -0.813 -0.732 -0.564 -0.491 -0.371 -0.315 -0.271 -0.227 -0.188 -0.152 -0.171 -0.258 -0.445 -0.614 -0.827 -1.051 -1.384 -1.320 -1.104 -1.768
6.00 794.33 -2.117 -1.733 -1.424 -1.017 -0.965 -0.807 -0.750 -0.618 -0.571 -0.535 -0.498 -0.471 -0.452 -0.511 -0.657 -0.914 -1.132 -1.394 -1.663 -2.042 -1.896 -1.604 -2.284
6.00 1000.00 -2.415 -2.045 -1.698 -1.248 -1.232 -1.086 -1.050 -0.903 -0.867 -0.842 -0.814 -0.801 -0.804 -0.912 -1.134 -1.478 -1.758 -2.082 -2.407 -2.844 -2.595 -2.207 -2.911
6.25 1.00 0.860 1.500 1.781 2.119 2.297 2.524 2.651 2.730 2.757 2.840 2.917 2.963 2.996 3.063 3.131 3.120 3.093 3.013 2.937 2.749 2.612 2.605 1.760
6.25 1.26 0.839 1.477 1.752 2.082 2.261 2.486 2.613 2.691 2.722 2.804 2.880 2.929 2.966 3.037 3.109 3.101 3.076 2.998 2.923 2.735 2.595 2.585 1.744
6.25 1.58 0.814 1.450 1.717 2.040 2.219 2.442 2.569 2.646 2.682 2.763 2.838 2.889 2.932 3.007 3.082 3.079 3.056 2.980 2.905 2.719 2.574 2.561 1.725
6.25 2.00 0.784 1.418 1.677 1.991 2.172 2.392 2.519 2.595 2.636 2.716 2.790 2.844 2.891 2.971 3.051 3.052 3.032 2.958 2.884 2.699 2.549 2.533 1.703
6.25 2.51 0.749 1.381 1.632 1.938 2.119 2.336 2.464 2.538 2.584 2.663 2.737 2.793 2.845 2.929 3.014 3.021 3.003 2.932 2.859 2.675 2.519 2.499 1.676
6.25 3.16 0.709 1.338 1.580 1.878 2.060 2.275 2.402 2.476 2.527 2.605 2.677 2.736 2.793 2.882 2.971 2.984 2.968 2.901 2.829 2.646 2.484 2.460 1.644
6.25 3.98 0.664 1.290 1.523 1.813 1.995 2.208 2.336 2.408 2.464 2.541 2.612 2.673 2.735 2.829 2.923 2.941 2.929 2.864 2.793 2.612 2.443 2.415 1.608
6.25 5.01 0.614 1.235 1.460 1.742 1.926 2.137 2.264 2.335 2.395 2.471 2.542 2.605 2.672 2.769 2.868 2.892 2.883 2.821 2.752 2.572 2.396 2.364 1.565
6.25 6.31 0.558 1.175 1.392 1.667 1.851 2.060 2.187 2.258 2.321 2.396 2.466 2.532 2.603 2.704 2.808 2.837 2.830 2.772 2.704 2.526 2.342 2.306 1.517
6.25 7.94 0.497 1.109 1.318 1.588 1.772 1.979 2.106 2.176 2.243 2.317 2.386 2.453 2.528 2.634 2.741 2.776 2.772 2.717 2.649 2.473 2.282 2.242 1.463
6.25 10.00 0.432 1.037 1.240 1.504 1.688 1.894 2.021 2.090 2.160 2.234 2.302 2.371 2.449 2.557 2.668 2.708 2.706 2.654 2.587 2.413 2.214 2.171 1.403
6.25 12.59 0.362 0.960 1.157 1.417 1.601 1.806 1.933 2.002 2.073 2.147 2.215 2.284 2.365 2.476 2.590 2.633 2.634 2.584 2.518 2.345 2.140 2.095 1.336
6.25 15.85 0.288 0.878 1.071 1.327 1.511 1.715 1.841 1.910 1.983 2.056 2.124 2.194 2.277 2.390 2.506 2.553 2.555 2.507 2.442 2.269 2.059 2.012 1.264
6.25 19.95 0.210 0.792 0.981 1.234 1.418 1.620 1.746 1.815 1.890 1.962 2.029 2.100 2.185 2.300 2.417 2.466 2.469 2.423 2.358 2.186 1.972 1.922 1.185
6.25 25.12 0.129 0.702 0.887 1.139 1.322 1.523 1.649 1.717 1.794 1.866 1.932 2.004 2.090 2.205 2.323 2.373 2.377 2.332 2.266 2.094 1.877 1.827 1.100
6.25 31.62 0.045 0.607 0.791 1.041 1.224 1.424 1.549 1.617 1.695 1.766 1.832 1.903 1.991 2.106 2.223 2.274 2.277 2.233 2.166 1.994 1.775 1.726 1.008
6.25 39.81 -0.043 0.508 0.691 0.941 1.122 1.322 1.445 1.515 1.592 1.663 1.728 1.800 1.888 2.002 2.118 2.168 2.170 2.125 2.057 1.884 1.664 1.617 0.910
6.25 50.12 -0.135 0.406 0.588 0.839 1.018 1.217 1.339 1.409 1.487 1.557 1.622 1.693 1.781 1.894 2.008 2.055 2.056 2.009 1.939 1.764 1.546 1.501 0.803
6.25 63.10 -0.230 0.299 0.481 0.734 0.911 1.108 1.230 1.301 1.378 1.447 1.511 1.582 1.669 1.780 1.890 1.934 1.932 1.883 1.810 1.632 1.417 1.377 0.688
6.25 79.43 -0.329 0.187 0.371 0.626 0.801 0.997 1.117 1.188 1.266 1.334 1.397 1.467 1.553 1.661 1.766 1.804 1.798 1.745 1.668 1.486 1.277 1.244 0.562
6.25 100.00 -0.434 0.070 0.257 0.515 0.686 0.881 0.999 1.072 1.148 1.215 1.278 1.347 1.431 1.534 1.633 1.663 1.651 1.593 1.511 1.323 1.123 1.098 0.424
6.25 125.89 -0.544 -0.053 0.137 0.400 0.567 0.760 0.875 0.950 1.026 1.091 1.152 1.219 1.301 1.399 1.489 1.509 1.490 1.424 1.336 1.142 0.952 0.939 0.271
6.25 158.49 -0.662 -0.184 0.012 0.281 0.442 0.633 0.745 0.822 0.896 0.960 1.019 1.084 1.163 1.253 1.332 1.339 1.310 1.236 1.138 0.935 0.761 0.762 0.099
6.25 199.53 -0.789 -0.324 -0.122 0.156 0.310 0.498 0.606 0.686 0.758 0.819 0.877 0.940 1.015 1.095 1.159 1.149 1.108 1.022 0.914 0.699 0.545 0.564 -0.095
6.25 251.19 -0.927 -0.475 -0.264 0.024 0.168 0.353 0.456 0.540 0.609 0.668 0.724 0.783 0.852 0.920 0.966 0.934 0.878 0.777 0.655 0.426 0.296 0.340 -0.318
6.25 316.23 -1.079 -0.641 -0.418 -0.117 0.016 0.197 0.294 0.382 0.448 0.503 0.556 0.611 0.674 0.726 0.748 0.689 0.614 0.493 0.353 0.107 0.009 0.082 -0.575
6.25 398.11 -1.249 -0.824 -0.587 -0.269 -0.150 0.026 0.114 0.209 0.270 0.322 0.371 0.420 0.474 0.507 0.499 0.406 0.306 0.161 -0.002 -0.271 -0.328 -0.217 -0.878
6.25 501.19 -1.441 -1.029 -0.774 -0.434 -0.333 -0.163 -0.085 0.017 0.072 0.118 0.163 0.205 0.249 0.256 0.211 0.074 -0.057 -0.233 -0.423 -0.722 -0.727 -0.569 -1.236
6.25 630.96 -1.660 -1.262 -0.983 -0.617 -0.538 -0.376 -0.311 -0.199 -0.151 -0.112 -0.073 -0.040 -0.010 -0.034 -0.126 -0.318 -0.489 -0.703 -0.929 -1.264 -1.204 -0.986 -1.664
6.25 794.33 -1.914 -1.530 -1.221 -0.821 -0.770 -0.618 -0.570 -0.446 -0.407 -0.377 -0.345 -0.323 -0.310 -0.373 -0.525 -0.786 -1.007 -1.270 -1.540 -1.921 -1.780 -1.485 -2.180
6.25 1000.00 -2.211 -1.841 -1.495 -1.052 -1.037 -0.898 -0.870 -0.731 -0.703 -0.684 -0.661 -0.653 -0.661 -0.775 -1.002 -1.350 -1.633 -1.957 -2.284 -2.723 -2.478 -2.088 -2.807
6.50 1.00 0.967 1.601 1.891 2.231 2.405 2.628 2.745 2.819 2.830 2.910 2.984 3.023 3.046 3.112 3.175 3.159 3.126 3.040 2.958 2.764 2.629 2.626 1.775
6.50 1.26 0.950 1.583 1.867 2.200 2.375 2.596 2.713 2.786 2.802 2.880 2.953 2.994 3.022 3.090 3.157 3.144 3.112 3.028 2.946 2.753 2.615 2.610 1.763
6.50 1.58 0.929 1.560 1.838 2.164 2.339 2.559 2.676 2.747 2.768 2.845 2.918 2.961 2.993 3.065 3.135 3.125 3.095 3.013 2.932 2.740 2.598 2.590 1.747
6.50 2.00 0.905 1.534 1.804 2.122 2.299 2.515 2.633 2.703 2.729 2.805 2.877 2.922 2.959 3.034 3.108 3.103 3.075 2.995 2.915 2.724 2.578 2.567 1.729
6.50 2.51 0.876 1.503 1.765 2.074 2.252 2.466 2.584 2.653 2.684 2.759 2.830 2.878 2.919 2.999 3.076 3.076 3.051 2.973 2.894 2.704 2.553 2.539 1.706
6.50 3.16 0.842 1.466 1.720 2.021 2.200 2.412 2.529 2.597 2.633 2.708 2.777 2.828 2.874 2.958 3.040 3.044 3.022 2.947 2.869 2.681 2.523 2.506 1.680
6.50 3.98 0.803 1.424 1.669 1.962 2.141 2.351 2.469 2.536 2.577 2.650 2.718 2.772 2.823 2.911 2.997 3.007 2.987 2.916 2.839 2.652 2.488 2.467 1.649
6.50 5.01 0.759 1.377 1.613 1.897 2.077 2.285 2.403 2.468 2.514 2.587 2.654 2.710 2.766 2.858 2.948 2.964 2.947 2.879 2.803 2.618 2.448 2.423 1.612
6.50 6.31 0.710 1.323 1.550 1.827 2.008 2.213 2.332 2.396 2.446 2.518 2.584 2.642 2.703 2.798 2.894 2.914 2.901 2.836 2.762 2.578 2.401 2.372 1.570
6.50 7.94 0.655 1.263 1.482 1.752 1.934 2.137 2.255 2.319 2.373 2.444 2.509 2.569 2.634 2.733 2.832 2.859 2.848 2.787 2.714 2.532 2.347 2.314 1.522
6.50 10.00 0.595 1.197 1.409 1.673 1.855 2.057 2.175 2.238 2.295 2.365 2.430 2.491 2.560 2.662 2.765 2.796 2.788 2.730 2.659 2.478 2.286 2.250 1.467
6.50 12.59 0.530 1.125 1.331 1.589 1.772 1.972 2.090 2.152 2.213 2.282 2.346 2.408 2.481 2.586 2.692 2.727 2.722 2.667 2.596 2.417 2.218 2.179 1.406
6.50 15.85 0.461 1.049 1.248 1.502 1.685 1.883 2.001 2.063 2.126 2.195 2.258 2.322 2.397 2.504 2.612 2.651 2.648 2.595 2.526 2.348 2.143 2.101 1.339
6.50 19.95 0.387 0.967 1.161 1.412 1.594 1.792 1.909 1.971 2.036 2.104 2.166 2.231 2.309 2.417 2.527 2.569 2.567 2.517 2.447 2.271 2.060 2.017 1.265
6.50 25.12 0.309 0.880 1.071 1.319 1.500 1.697 1.814 1.876 1.942 2.009 2.071 2.137 2.216 2.325 2.436 2.479 2.479 2.430 2.361 2.185 1.970 1.926 1.184
6.50 31.62 0.228 0.788 0.976 1.223 1.403 1.599 1.715 1.777 1.845 1.912 1.973 2.039 2.119 2.229 2.339 2.383 2.383 2.335 2.265 2.089 1.872 1.828 1.096
6.50 39.81 0.142 0.692 0.878 1.124 1.304 1.498 1.614 1.676 1.745 1.810 1.871 1.937 2.018 2.127 2.237 2.280 2.280 2.231 2.161 1.984 1.765 1.723 1.000
6.50 50.12 0.053 0.592 0.777 1.023 1.201 1.394 1.509 1.571 1.641 1.706 1.766 1.831 1.913 2.021 2.128 2.170 2.167 2.118 2.046 1.867 1.649 1.610 0.896
6.50 63.10 -0.041 0.487 0.672 0.919 1.095 1.287 1.400 1.464 1.533 1.597 1.657 1.722 1.803 1.909 2.013 2.051 2.046 1.995 1.919 1.738 1.523 1.488 0.783
6.50 79.43 -0.139 0.377 0.563 0.812 0.985 1.176 1.288 1.352 1.421 1.484 1.543 1.607 1.688 1.790 1.890 1.922 1.914 1.859 1.780 1.595 1.385 1.356 0.659
6.50 100.00 -0.243 0.261 0.449 0.702 0.871 1.060 1.170 1.236 1.305 1.367 1.424 1.487 1.566 1.665 1.757 1.783 1.769 1.709 1.625 1.435 1.233 1.212 0.522
6.50 125.89 -0.352 0.139 0.330 0.587 0.752 0.940 1.047 1.115 1.182 1.243 1.299 1.361 1.438 1.530 1.614 1.630 1.609 1.542 1.452 1.255 1.063 1.054 0.370
6.50 158.49 -0.469 0.009 0.205 0.468 0.628 0.813 0.917 0.987 1.053 1.112 1.167 1.226 1.300 1.385 1.458 1.461 1.430 1.355 1.256 1.050 0.873 0.878 0.200
6.50 199.53 -0.596 -0.131 0.072 0.343 0.496 0.679 0.779 0.852 0.916 0.972 1.025 1.082 1.152 1.228 1.286 1.272 1.229 1.142 1.032 0.816 0.658 0.681 0.007
6.50 251.19 -0.734 -0.282 -0.070 0.212 0.355 0.535 0.629 0.706 0.767 0.821 0.872 0.925 0.990 1.054 1.093 1.058 1.000 0.898 0.774 0.543 0.410 0.457 -0.215
6.50 316.23 -0.885 -0.447 -0.224 0.071 0.203 0.379 0.467 0.548 0.606 0.657 0.704 0.754 0.812 0.860 0.876 0.813 0.736 0.615 0.473 0.225 0.123 0.200 -0.473
6.50 398.11 -1.055 -0.630 -0.392 -0.081 0.037 0.208 0.288 0.375 0.429 0.475 0.519 0.563 0.613 0.641 0.627 0.530 0.428 0.283 0.119 -0.152 -0.213 -0.099 -0.775
6.50 501.19 -1.246 -0.835 -0.578 -0.246 -0.146 0.018 0.088 0.183 0.231 0.272 0.311 0.348 0.387 0.390 0.339 0.199 0.066 -0.110 -0.302 -0.602 -0.612 -0.450 -1.132
6.50 630.96 -1.465 -1.067 -0.788 -0.428 -0.351 -0.195 -0.137 -0.033 0.007 0.041 0.075 0.103 0.129 0.100 0.002 -0.193 -0.366 -0.580 -0.807 -1.144 -1.089 -0.867 -1.560
6.50 794.33 -1.719 -1.335 -1.026 -0.632 -0.583 -0.437 -0.396 -0.279 -0.248 -0.223 -0.196 -0.180 -0.171 -0.239 -0.396 -0.661 -0.883 -1.147 -1.418 -1.801 -1.664 -1.366 -2.076
6.50 1000.00 -2.016 -1.646 -1.299 -0.863 -0.850 -0.716 -0.696 -0.564 -0.544 -0.530 -0.512 -0.510 -0.522 -0.640 -0.873 -1.225 -1.509 -1.834 -2.162 -2.603 -2.362 -1.969 -2.702
6.75 1.00 1.061 1.689 1.988 2.330 2.500 2.720 2.827 2.895 2.892 2.968 3.040 3.072 3.087 3.153 3.213 3.193 3.155 3.063 2.975 2.777 2.643 2.643 1.788
6.75 1.26 1.048 1.675 1.968 2.304 2.475 2.693 2.800 2.868 2.869 2.944 3.015 3.049 3.067 3.135 3.198 3.180 3.143 3.053 2.966 2.769 2.632 2.630 1.778
6.75 1.58 1.031 1.657 1.944 2.273 2.446 2.662 2.769 2.835 2.841 2.915 2.985 3.021 3.043 3.114 3.179 3.165 3.130 3.041 2.955 2.758 2.618 2.614 1.765
6.75 2.00 1.011 1.635 1.916 2.238 2.411 2.625 2.732 2.798 2.808 2.881 2.951 2.989 3.015 3.088 3.157 3.146 3.113 3.026 2.941 2.745 2.601 2.595 1.750
6.75 2.51 0.987 1.609 1.883 2.196 2.371 2.582 2.690 2.754 2.770 2.842 2.910 2.951 2.982 3.058 3.130 3.124 3.092 3.008 2.924 2.729 2.581 2.572 1.732
6.75 3.16 0.959 1.579 1.844 2.149 2.325 2.534 2.643 2.705 2.726 2.797 2.864 2.907 2.943 3.023 3.099 3.096 3.068 2.986 2.903 2.709 2.556 2.544 1.710
6.75 3.98 0.926 1.543 1.800 2.097 2.273 2.480 2.589 2.650 2.676 2.747 2.812 2.858 2.899 2.982 3.062 3.064 3.038 2.960 2.878 2.686 2.527 2.512 1.683
6.75 5.01 0.888 1.502 1.750 2.038 2.215 2.420 2.529 2.589 2.621 2.690 2.755 2.802 2.849 2.935 3.019 3.027 3.004 2.928 2.848 2.657 2.492 2.474 1.652
6.75 6.31 0.845 1.454 1.694 1.974 2.152 2.354 2.464 2.523 2.559 2.628 2.691 2.741 2.792 2.883 2.970 2.983 2.963 2.891 2.812 2.623 2.452 2.429 1.616
6.75 7.94 0.797 1.401 1.632 1.904 2.083 2.283 2.393 2.451 2.492 2.559 2.622 2.674 2.730 2.824 2.915 2.933 2.916 2.848 2.770 2.583 2.404 2.379 1.573
6.75 10.00 0.743 1.341 1.564 1.829 2.009 2.207 2.317 2.374 2.420 2.486 2.547 2.601 2.662 2.758 2.854 2.877 2.863 2.798 2.722 2.536 2.350 2.321 1.525
6.75 12.59 0.684 1.276 1.491 1.750 1.930 2.127 2.237 2.293 2.342 2.407 2.468 2.524 2.588 2.687 2.785 2.813 2.802 2.741 2.666 2.482 2.289 2.256 1.470
6.75 15.85 0.619 1.205 1.413 1.667 1.847 2.042 2.152 2.208 2.260 2.324 2.384 2.441 2.508 2.610 2.711 2.742 2.734 2.676 2.602 2.420 2.220 2.185 1.408
6.75 19.95 0.550 1.127 1.330 1.580 1.760 1.953 2.063 2.119 2.173 2.237 2.296 2.354 2.424 2.527 2.630 2.665 2.658 2.603 2.530 2.349 2.143 2.106 1.339
6.75 25.12 0.477 1.045 1.243 1.489 1.669 1.861 1.970 2.026 2.082 2.145 2.203 2.263 2.335 2.439 2.543 2.580 2.575 2.522 2.449 2.269 2.058 2.020 1.263
6.75 31.62 0.398 0.957 1.151 1.395 1.574 1.765 1.874 1.929 1.988 2.050 2.107 2.167 2.241 2.346 2.450 2.488 2.483 2.432 2.359 2.179 1.964 1.926 1.179
6.75 39.81 0.316 0.865 1.056 1.298 1.476 1.666 1.774 1.830 1.890 1.951 2.008 2.068 2.143 2.247 2.350 2.388 2.384 2.332 2.259 2.078 1.862 1.825 1.087
6.75 50.12 0.229 0.767 0.956 1.198 1.375 1.564 1.671 1.727 1.787 1.848 1.904 1.964 2.040 2.143 2.244 2.280 2.275 2.223 2.148 1.966 1.750 1.715 0.986
6.75 63.10 0.137 0.664 0.853 1.096 1.270 1.457 1.564 1.620 1.681 1.741 1.796 1.856 1.931 2.032 2.131 2.164 2.156 2.102 2.025 1.841 1.626 1.595 0.875
6.75 79.43 0.041 0.556 0.745 0.989 1.162 1.347 1.452 1.510 1.571 1.629 1.683 1.742 1.817 1.916 2.009 2.037 2.026 1.969 1.888 1.701 1.491 1.466 0.754
6.75 100.00 -0.061 0.442 0.633 0.880 1.049 1.233 1.336 1.394 1.455 1.512 1.565 1.623 1.697 1.791 1.878 1.899 1.883 1.822 1.736 1.544 1.340 1.324 0.619
6.75 125.89 -0.170 0.321 0.515 0.766 0.930 1.113 1.213 1.274 1.333 1.389 1.441 1.498 1.569 1.658 1.736 1.748 1.724 1.657 1.565 1.366 1.173 1.167 0.469
6.75 158.49 -0.286 0.192 0.390 0.648 0.806 0.987 1.084 1.147 1.205 1.259 1.309 1.364 1.433 1.514 1.581 1.579 1.547 1.471 1.370 1.164 0.984 0.992 0.300
6.75 199.53 -0.412 0.053 0.258 0.523 0.675 0.852 0.945 1.011 1.068 1.120 1.168 1.220 1.285 1.356 1.409 1.391 1.347 1.259 1.148 0.930 0.770 0.796 0.107
6.75 251.19 -0.549 -0.097 0.116 0.392 0.534 0.709 0.797 0.866 0.920 0.969 1.015 1.063 1.124 1.183 1.217 1.178 1.119 1.016 0.891 0.660 0.523 0.573 -0.114
6.75 316.23 -0.700 -0.262 -0.037 0.251 0.383 0.553 0.634 0.709 0.759 0.805 0.848 0.892 0.946 0.989 1.000 0.934 0.855 0.734 0.592 0.342 0.237 0.317 -0.371
6.75 398.11 -0.869 -0.444 -0.205 0.100 0.217 0.382 0.456 0.536 0.582 0.623 0.663 0.701 0.747 0.770 0.752 0.651 0.548 0.403 0.238 -0.034 -0.099 0.018 -0.672
6.75 501.19 -1.060 -0.649 -0.392 -0.065 0.034 0.193 0.256 0.344 0.384 0.420 0.455 0.487 0.522 0.520 0.465 0.320 0.186 0.010 -0.182 -0.484 -0.497 -0.332 -1.029
6.75 630.96 -1.279 -0.882 -0.601 -0.248 -0.170 -0.020 0.030 0.128 0.161 0.190 0.220 0.242 0.263 0.231 0.128 -0.071 -0.245 -0.459 -0.687 -1.025 -0.974 -0.749 -1.457
6.75 794.33 -1.532 -1.149 -0.838 -0.451 -0.403 -0.262 -0.228 -0.119 -0.095 -0.074 -0.052 -0.041 -0.036 -0.108 -0.271 -0.539 -0.762 -1.025 -1.298 -1.681 -1.548 -1.248 -1.972
6.75 1000.00 -1.829 -1.460 -1.112 -0.682 -0.669 -0.541 -0.528 -0.403 -0.391 -0.381 -0.368 -0.371 -0.387 -0.510 -0.747 -1.103 -1.388 -1.713 -2.041 -2.483 -2.247 -1.851 -2.599
7.00 1.00 1.143 1.766 2.073 2.416 2.583 2.800 2.896 2.960 2.943 3.016 3.086 3.112 3.119 3.186 3.245 3.223 3.179 3.082 2.990 2.788 2.655 2.656 1.798
7.00 1.26 1.133 1.754 2.057 2.395 2.563 2.778 2.875 2.937 2.924 2.996 3.066 3.093 3.103 3.172 3.233 3.212 3.170 3.074 2.983 2.781 2.646 2.646 1.790
7.00 1.58 1.119 1.740 2.037 2.370 2.538 2.752 2.849 2.911 2.902 2.973 3.042 3.071 3.084 3.155 3.217 3.199 3.159 3.064 2.974 2.773 2.635 2.634 1.780
7.00 2.00 1.103 1.722 2.014 2.339 2.509 2.721 2.819 2.879 2.875 2.945 3.013 3.044 3.061 3.134 3.199 3.184 3.145 3.052 2.962 2.762 2.621 2.618 1.768
7.00 2.51 1.084 1.701 1.986 2.304 2.475 2.684 2.783 2.842 2.843 2.912 2.979 3.012 3.033 3.109 3.177 3.165 3.128 3.037 2.948 2.749 2.604 2.599 1.753
7.00 3.16 1.061 1.676 1.953 2.264 2.436 2.643 2.742 2.800 2.806 2.874 2.939 2.975 3.001 3.079 3.150 3.142 3.107 3.019 2.931 2.733 2.584 2.577 1.734
7.00 3.98 1.034 1.646 1.915 2.217 2.390 2.595 2.695 2.752 2.763 2.830 2.894 2.932 2.963 3.044 3.118 3.115 3.082 2.997 2.910 2.714 2.560 2.549 1.712
7.00 5.01 1.002 1.610 1.872 2.165 2.339 2.542 2.642 2.697 2.714 2.781 2.843 2.883 2.919 3.003 3.081 3.082 3.053 2.971 2.885 2.690 2.530 2.517 1.686
7.00 6.31 0.965 1.570 1.822 2.107 2.282 2.482 2.583 2.637 2.660 2.725 2.786 2.829 2.870 2.956 3.038 3.044 3.018 2.939 2.855 2.661 2.495 2.479 1.655
7.00 7.94 0.923 1.523 1.766 2.043 2.219 2.417 2.519 2.572 2.599 2.663 2.723 2.768 2.814 2.904 2.989 3.000 2.977 2.902 2.819 2.627 2.454 2.435 1.618
7.00 10.00 0.875 1.470 1.705 1.973 2.151 2.346 2.448 2.500 2.533 2.596 2.654 2.701 2.752 2.844 2.933 2.949 2.929 2.858 2.777 2.586 2.407 2.384 1.576
7.00 12.59 0.822 1.411 1.637 1.899 2.077 2.271 2.373 2.424 2.461 2.523 2.580 2.629 2.684 2.779 2.871 2.891 2.874 2.807 2.727 2.539 2.352 2.326 1.526
7.00 15.85 0.763 1.346 1.564 1.820 1.998 2.190 2.292 2.343 2.383 2.444 2.501 2.551 2.610 2.707 2.802 2.826 2.812 2.748 2.670 2.483 2.290 2.261 1.470
7.00 19.95 0.699 1.274 1.486 1.736 1.915 2.105 2.207 2.257 2.301 2.361 2.416 2.468 2.531 2.629 2.726 2.754 2.742 2.681 2.604 2.419 2.219 2.188 1.407
7.00 25.12 0.630 1.197 1.403 1.649 1.827 2.016 2.118 2.167 2.214 2.273 2.328 2.381 2.446 2.545 2.643 2.674 2.664 2.606 2.529 2.345 2.140 2.108 1.336
7.00 31.62 0.556 1.113 1.315 1.557 1.735 1.923 2.025 2.074 2.123 2.181 2.235 2.288 2.356 2.456 2.554 2.586 2.577 2.521 2.445 2.262 2.052 2.019 1.257
7.00 39.81 0.477 1.025 1.222 1.463 1.640 1.826 1.927 1.976 2.027 2.084 2.137 2.191 2.260 2.360 2.458 2.490 2.482 2.427 2.350 2.167 1.954 1.922 1.169
7.00 50.12 0.393 0.930 1.125 1.365 1.541 1.725 1.826 1.875 1.927 1.984 2.035 2.090 2.160 2.259 2.354 2.385 2.377 2.322 2.244 2.060 1.846 1.816 1.072
7.00 63.10 0.304 0.830 1.024 1.263 1.437 1.620 1.720 1.770 1.823 1.878 1.929 1.983 2.054 2.151 2.243 2.272 2.261 2.205 2.126 1.939 1.726 1.700 0.965
7.00 79.43 0.210 0.724 0.918 1.158 1.330 1.511 1.609 1.661 1.714 1.768 1.818 1.872 1.942 2.035 2.124 2.148 2.134 2.075 1.993 1.804 1.594 1.573 0.846
7.00 100.00 0.110 0.612 0.807 1.050 1.218 1.398 1.494 1.546 1.599 1.652 1.701 1.754 1.823 1.913 1.995 2.012 1.993 1.931 1.843 1.650 1.446 1.433 0.714
7.00 125.89 0.003 0.492 0.690 0.937 1.101 1.279 1.372 1.426 1.479 1.530 1.578 1.629 1.696 1.780 1.854 1.862 1.836 1.768 1.675 1.475 1.281 1.278 0.565
7.00 158.49 -0.112 0.365 0.566 0.819 0.977 1.153 1.243 1.300 1.351 1.401 1.447 1.496 1.560 1.637 1.700 1.695 1.661 1.584 1.483 1.275 1.094 1.106 0.398
7.00 199.53 -0.237 0.227 0.435 0.695 0.846 1.019 1.106 1.165 1.214 1.262 1.306 1.353 1.414 1.481 1.529 1.508 1.462 1.374 1.262 1.043 0.881 0.911 0.207
7.00 251.19 -0.373 0.078 0.294 0.564 0.706 0.876 0.957 1.020 1.067 1.112 1.153 1.197 1.253 1.308 1.338 1.295 1.235 1.132 1.007 0.774 0.635 0.689 -0.013
7.00 316.23 -0.524 -0.086 0.141 0.424 0.555 0.721 0.796 0.863 0.907 0.948 0.987 1.026 1.075 1.115 1.122 1.052 0.972 0.851 0.708 0.458 0.350 0.433 -0.269
7.00 398.11 -0.693 -0.268 -0.027 0.273 0.390 0.550 0.617 0.691 0.730 0.767 0.802 0.835 0.877 0.897 0.874 0.770 0.666 0.521 0.356 0.083 0.015 0.135 -0.570
7.00 501.19 -0.883 -0.472 -0.213 0.108 0.207 0.361 0.418 0.499 0.532 0.564 0.595 0.621 0.652 0.647 0.587 0.440 0.304 0.129 -0.064 -0.366 -0.383 -0.215 -0.927
7.00 630.96 -1.102 -0.704 -0.422 -0.074 0.002 0.149 0.192 0.283 0.309 0.334 0.359 0.376 0.394 0.358 0.250 0.048 -0.126 -0.340 -0.568 -0.906 -0.859 -0.631 -1.354
7.00 794.33 -1.355 -0.971 -0.659 -0.278 -0.230 -0.093 -0.066 0.037 0.054 0.070 0.088 0.094 0.095 0.019 -0.148 -0.419 -0.643 -0.906 -1.178 -1.562 -1.433 -1.130 -1.869
7.00 1000.00 -1.652 -1.282 -0.933 -0.509 -0.496 -0.372 -0.366 -0.248 -0.242 -0.236 -0.228 -0.236 -0.256 -0.382 -0.624 -0.983 -1.269 -1.593 -1.921 -2.363 -2.131 -1.732 -2.495
7.25 1.00 1.214 1.831 2.145 2.491 2.655 2.868 2.955 3.014 2.985 3.054 3.123 3.144 3.143 3.214 3.272 3.248 3.200 3.098 3.003 2.798 2.664 2.668 1.806
7.25 1.26 1.206 1.821 2.133 2.474 2.638 2.850 2.938 2.996 2.970 3.039 3.107 3.128 3.131 3.202 3.262 3.239 3.192 3.092 2.997 2.792 2.657 2.659 1.800
7.25 1.58 1.195 1.810 2.117 2.453 2.618 2.829 2.917 2.974 2.951 3.020 3.087 3.110 3.115 3.188 3.249 3.229 3.183 3.084 2.989 2.785 2.648 2.649 1.792
7.25 2.00 1.182 1.796 2.098 2.428 2.594 2.803 2.892 2.948 2.929 2.997 3.063 3.088 3.097 3.171 3.234 3.216 3.172 3.074 2.980 2.777 2.637 2.637 1.782
7.25 2.51 1.167 1.779 2.075 2.398 2.566 2.773 2.862 2.917 2.903 2.970 3.035 3.062 3.074 3.150 3.215 3.200 3.158 3.062 2.969 2.766 2.623 2.622 1.770
7.25 3.16 1.148 1.758 2.048 2.363 2.532 2.737 2.827 2.881 2.872 2.938 3.002 3.031 3.047 3.125 3.193 3.181 3.141 3.047 2.954 2.753 2.607 2.603 1.755
7.25 3.98 1.126 1.733 2.016 2.323 2.493 2.696 2.787 2.840 2.836 2.901 2.963 2.994 3.015 3.095 3.166 3.158 3.120 3.029 2.937 2.737 2.586 2.581 1.737
7.25 5.01 1.100 1.704 1.978 2.277 2.449 2.649 2.741 2.792 2.794 2.858 2.919 2.952 2.978 3.061 3.134 3.130 3.095 3.006 2.916 2.717 2.562 2.554 1.715
7.25 6.31 1.069 1.669 1.935 2.225 2.398 2.596 2.689 2.739 2.747 2.809 2.869 2.904 2.935 3.020 3.097 3.097 3.064 2.979 2.891 2.693 2.532 2.522 1.688
7.25 7.94 1.032 1.629 1.886 2.168 2.342 2.537 2.631 2.679 2.693 2.754 2.812 2.850 2.886 2.974 3.053 3.058 3.029 2.947 2.860 2.664 2.497 2.484 1.657
7.25 10.00 0.991 1.583 1.831 2.104 2.279 2.473 2.567 2.614 2.633 2.693 2.750 2.790 2.831 2.921 3.004 3.013 2.987 2.909 2.824 2.629 2.456 2.440 1.620
7.25 12.59 0.944 1.530 1.769 2.035 2.211 2.402 2.497 2.543 2.567 2.626 2.682 2.724 2.770 2.861 2.947 2.961 2.938 2.864 2.780 2.588 2.408 2.389 1.576
7.25 15.85 0.892 1.471 1.702 1.960 2.137 2.327 2.422 2.467 2.496 2.554 2.607 2.652 2.702 2.795 2.884 2.902 2.882 2.812 2.729 2.539 2.352 2.330 1.526
7.25 19.95 0.834 1.406 1.629 1.881 2.058 2.246 2.341 2.386 2.418 2.475 2.528 2.574 2.628 2.723 2.813 2.835 2.818 2.751 2.670 2.481 2.288 2.264 1.469
7.25 25.12 0.770 1.334 1.550 1.797 1.975 2.160 2.256 2.300 2.336 2.392 2.443 2.490 2.548 2.644 2.736 2.760 2.745 2.682 2.602 2.414 2.215 2.189 1.403
7.25 31.62 0.701 1.256 1.466 1.709 1.886 2.070 2.166 2.209 2.248 2.303 2.354 2.402 2.462 2.558 2.651 2.677 2.664 2.603 2.524 2.337 2.133 2.106 1.329
7.25 39.81 0.626 1.171 1.377 1.617 1.794 1.976 2.071 2.115 2.156 2.210 2.259 2.308 2.370 2.466 2.559 2.586 2.573 2.514 2.435 2.249 2.040 2.014 1.247
7.25 50.12 0.546 1.081 1.283 1.521 1.697 1.878 1.972 2.016 2.059 2.112 2.160 2.209 2.273 2.368 2.459 2.485 2.473 2.414 2.335 2.147 1.937 1.913 1.154
7.25 63.10 0.460 0.984 1.184 1.422 1.595 1.775 1.868 1.913 1.957 2.009 2.056 2.105 2.170 2.263 2.351 2.375 2.361 2.302 2.221 2.032 1.822 1.801 1.051
7.25 79.43 0.368 0.881 1.081 1.319 1.490 1.668 1.759 1.805 1.850 1.900 1.946 1.995 2.060 2.150 2.234 2.253 2.237 2.176 2.092 1.901 1.693 1.677 0.935
7.25 100.00 0.270 0.771 0.971 1.211 1.379 1.555 1.645 1.692 1.737 1.786 1.831 1.879 1.943 2.029 2.106 2.120 2.099 2.035 1.947 1.751 1.548 1.540 0.805
7.25 125.89 0.165 0.654 0.856 1.099 1.263 1.437 1.525 1.573 1.618 1.665 1.709 1.755 1.818 1.898 1.967 1.972 1.945 1.875 1.781 1.580 1.386 1.388 0.659
7.25 158.49 0.051 0.528 0.733 0.982 1.140 1.312 1.397 1.447 1.491 1.537 1.579 1.623 1.683 1.756 1.815 1.807 1.771 1.694 1.591 1.383 1.201 1.217 0.494
7.25 199.53 -0.072 0.392 0.603 0.859 1.010 1.179 1.260 1.313 1.355 1.399 1.439 1.481 1.537 1.601 1.645 1.621 1.574 1.486 1.373 1.154 0.990 1.023 0.304
7.25 251.19 -0.208 0.243 0.462 0.728 0.871 1.036 1.112 1.169 1.209 1.249 1.287 1.326 1.377 1.429 1.455 1.410 1.348 1.246 1.120 0.887 0.746 0.803 0.086
7.25 316.23 -0.357 0.080 0.310 0.589 0.720 0.881 0.950 1.012 1.049 1.086 1.121 1.155 1.201 1.237 1.239 1.167 1.086 0.966 0.823 0.572 0.462 0.548 -0.169
7.25 398.11 -0.525 -0.101 0.143 0.438 0.555 0.711 0.772 0.840 0.872 0.905 0.936 0.965 1.002 1.019 0.992 0.886 0.781 0.636 0.471 0.198 0.128 0.251 -0.469
7.25 501.19 -0.715 -0.305 -0.043 0.273 0.373 0.523 0.573 0.648 0.675 0.703 0.729 0.751 0.778 0.770 0.705 0.556 0.420 0.245 0.053 -0.249 -0.269 -0.098 -0.825
7.25 630.96 -0.933 -0.536 -0.251 0.091 0.168 0.310 0.348 0.432 0.452 0.473 0.494 0.507 0.520 0.481 0.369 0.165 -0.010 -0.223 -0.451 -0.789 -0.744 -0.514 -1.251
7.25 794.33 -1.186 -0.803 -0.489 -0.112 -0.064 0.068 0.090 0.186 0.197 0.209 0.223 0.225 0.221 0.142 -0.029 -0.302 -0.526 -0.788 -1.060 -1.444 -1.318 -1.012 -1.766
7.25 1000.00 -1.483 -1.113 -0.762 -0.343 -0.330 -0.211 -0.210 -0.098 -0.099 -0.097 -0.093 -0.105 -0.130 -0.259 -0.504 -0.865 -1.152 -1.474 -1.803 -2.244 -2.016 -1.614 -2.392
7.50 1.00 1.274 1.885 2.207 2.554 2.715 2.926 3.004 3.059 3.017 3.084 3.152 3.167 3.161 3.235 3.294 3.269 3.217 3.112 3.013 2.806 2.672 2.677 1.813
7.50 1.26 1.267 1.877 2.197 2.540 2.702 2.912 2.990 3.044 3.005 3.072 3.139 3.155 3.151 3.226 3.285 3.262 3.211 3.106 3.008 2.801 2.666 2.670 1.808
7.50 1.58 1.259 1.868 2.184 2.523 2.686 2.894 2.973 3.026 2.991 3.057 3.123 3.140 3.139 3.214 3.275 3.254 3.204 3.100 3.002 2.796 2.659 2.662 1.801
7.50 2.00 1.249 1.857 2.169 2.503 2.666 2.873 2.953 3.005 2.973 3.038 3.104 3.122 3.124 3.200 3.262 3.243 3.194 3.092 2.994 2.789 2.650 2.652 1.793
7.50 2.51 1.237 1.843 2.150 2.478 2.643 2.848 2.928 2.980 2.952 3.016 3.081 3.101 3.105 3.183 3.247 3.230 3.183 3.082 2.985 2.780 2.639 2.640 1.784
7.50 3.16 1.222 1.826 2.128 2.449 2.615 2.818 2.899 2.950 2.926 2.990 3.053 3.075 3.083 3.163 3.228 3.214 3.168 3.070 2.974 2.769 2.625 2.625 1.771
7.50 3.98 1.204 1.806 2.101 2.415 2.582 2.783 2.865 2.914 2.896 2.959 3.021 3.045 3.057 3.138 3.206 3.194 3.151 3.054 2.959 2.756 2.608 2.607 1.756
7.50 5.01 1.182 1.782 2.069 2.375 2.544 2.743 2.826 2.874 2.861 2.923 2.983 3.009 3.026 3.108 3.179 3.171 3.130 3.036 2.942 2.740 2.588 2.584 1.738
7.50 6.31 1.157 1.753 2.032 2.329 2.500 2.696 2.781 2.827 2.820 2.881 2.939 2.968 2.989 3.074 3.147 3.142 3.104 3.013 2.920 2.719 2.563 2.557 1.716
7.50 7.94 1.126 1.719 1.990 2.278 2.450 2.644 2.729 2.774 2.773 2.832 2.890 2.921 2.947 3.033 3.109 3.109 3.073 2.986 2.894 2.695 2.534 2.525 1.689
7.50 10.00 1.091 1.679 1.941 2.221 2.394 2.586 2.672 2.715 2.720 2.778 2.834 2.867 2.899 2.986 3.065 3.069 3.037 2.953 2.863 2.665 2.498 2.487 1.657
7.50 12.59 1.051 1.633 1.886 2.157 2.331 2.521 2.608 2.651 2.661 2.718 2.772 2.807 2.844 2.933 3.014 3.023 2.994 2.914 2.826 2.629 2.456 2.443 1.620
7.50 15.85 1.004 1.580 1.825 2.088 2.263 2.451 2.539 2.580 2.596 2.651 2.704 2.741 2.782 2.873 2.957 2.969 2.944 2.867 2.781 2.586 2.406 2.391 1.575
7.50 19.95 0.952 1.522 1.758 2.014 2.190 2.375 2.464 2.504 2.525 2.579 2.629 2.669 2.715 2.807 2.892 2.908 2.886 2.813 2.728 2.535 2.349 2.331 1.524
7.50 25.12 0.894 1.456 1.684 1.934 2.111 2.294 2.383 2.422 2.447 2.500 2.550 2.591 2.640 2.733 2.820 2.839 2.819 2.750 2.667 2.475 2.283 2.263 1.464
7.50 31.62 0.831 1.384 1.605 1.850 2.026 2.208 2.297 2.336 2.364 2.416 2.464 2.506 2.559 2.653 2.740 2.761 2.743 2.678 2.595 2.405 2.207 2.187 1.396
7.50 39.81 0.761 1.304 1.520 1.761 1.937 2.117 2.206 2.244 2.276 2.327 2.373 2.417 2.472 2.565 2.652 2.675 2.658 2.595 2.513 2.323 2.120 2.100 1.319
7.50 50.12 0.685 1.219 1.430 1.668 1.843 2.021 2.109 2.148 2.182 2.232 2.277 2.321 2.379 2.471 2.557 2.578 2.562 2.500 2.418 2.228 2.023 2.004 1.231
7.50 63.10 0.603 1.126 1.334 1.571 1.744 1.921 2.008 2.047 2.083 2.132 2.176 2.220 2.278 2.368 2.452 2.472 2.455 2.393 2.310 2.119 1.912 1.897 1.132
7.50 79.43 0.514 1.026 1.233 1.470 1.641 1.815 1.901 1.941 1.978 2.026 2.068 2.112 2.171 2.259 2.338 2.354 2.335 2.272 2.186 1.993 1.788 1.777 1.020
7.50 100.00 0.419 0.920 1.125 1.364 1.532 1.704 1.789 1.830 1.868 1.913 1.955 1.998 2.057 2.140 2.213 2.223 2.200 2.134 2.045 1.848 1.647 1.644 0.894
7.50 125.89 0.316 0.804 1.012 1.253 1.417 1.588 1.670 1.712 1.750 1.794 1.834 1.876 1.934 2.011 2.076 2.077 2.049 1.978 1.883 1.681 1.488 1.494 0.751
7.50 158.49 0.204 0.680 0.891 1.137 1.295 1.464 1.543 1.588 1.624 1.667 1.705 1.745 1.801 1.871 1.925 1.914 1.877 1.799 1.697 1.487 1.306 1.326 0.588
7.50 199.53 0.083 0.546 0.761 1.015 1.166 1.332 1.407 1.454 1.490 1.530 1.566 1.603 1.656 1.717 1.757 1.730 1.682 1.594 1.481 1.262 1.097 1.134 0.400
7.50 251.19 -0.052 0.399 0.622 0.885 1.027 1.190 1.260 1.311 1.344 1.381 1.415 1.449 1.497 1.546 1.568 1.520 1.458 1.356 1.230 0.997 0.855 0.915 0.183
7.50 316.23 -0.200 0.237 0.470 0.746 0.877 1.035 1.099 1.155 1.185 1.218 1.249 1.279 1.321 1.354 1.353 1.279 1.198 1.077 0.935 0.684 0.572 0.662 -0.070
7.50 398.11 -0.367 0.057 0.304 0.595 0.713 0.866 0.921 0.983 1.009 1.038 1.065 1.090 1.124 1.137 1.107 0.999 0.893 0.749 0.585 0.312 0.239 0.366 -0.369
7.50 501.19 -0.557 -0.146 0.119 0.431 0.531 0.677 0.722 0.792 0.813 0.836 0.859 0.876 0.900 0.888 0.821 0.669 0.533 0.359 0.167 -0.134 -0.156 0.018 -0.724
7.50 630.96 -0.774 -0.377 -0.089 0.249 0.327 0.465 0.497 0.576 0.590 0.607 0.624 0.632 0.643 0.600 0.485 0.279 0.104 -0.108 -0.335 -0.672 -0.631 -0.397 -1.149
7.50 794.33 -1.027 -0.643 -0.326 0.046 0.095 0.223 0.239 0.330 0.335 0.343 0.353 0.350 0.344 0.262 0.088 -0.187 -0.412 -0.672 -0.944 -1.326 -1.204 -0.895 -1.663
7.50 1000.00 -1.323 -0.954 -0.599 -0.184 -0.171 -0.055 -0.060 0.046 0.040 0.037 0.038 0.021 -0.007 -0.139 -0.388 -0.750 -1.037 -1.358 -1.686 -2.126 -1.901 -1.496 -2.289
7.75 1.00 1.323 1.928 2.258 2.607 2.765 2.974 3.043 3.094 3.041 3.106 3.172 3.183 3.172 3.251 3.311 3.287 3.232 3.123 3.021 2.813 2.678 2.685 1.819
7.75 1.26 1.318 1.922 2.250 2.596 2.755 2.962 3.032 3.082 3.032 3.096 3.162 3.174 3.164 3.243 3.304 3.281 3.227 3.118 3.017 2.809 2.673 2.679 1.815
7.75 1.58 1.312 1.915 2.240 2.582 2.742 2.948 3.019 3.068 3.021 3.084 3.149 3.162 3.154 3.234 3.296 3.274 3.221 3.113 3.012 2.805 2.667 2.673 1.809
7.75 2.00 1.304 1.906 2.228 2.565 2.726 2.931 3.002 3.051 3.007 3.069 3.134 3.148 3.142 3.223 3.285 3.266 3.213 3.107 3.006 2.799 2.660 2.665 1.803
7.75 2.51 1.294 1.895 2.213 2.545 2.707 2.911 2.983 3.030 2.990 3.052 3.115 3.130 3.128 3.209 3.273 3.255 3.203 3.098 2.999 2.792 2.651 2.655 1.795
7.75 3.16 1.283 1.882 2.194 2.521 2.684 2.886 2.959 3.006 2.969 3.030 3.093 3.109 3.110 3.192 3.257 3.241 3.191 3.088 2.989 2.783 2.640 2.643 1.785
7.75 3.98 1.268 1.865 2.172 2.492 2.657 2.857 2.931 2.976 2.944 3.005 3.066 3.084 3.088 3.171 3.238 3.225 3.177 3.075 2.977 2.772 2.626 2.628 1.772
7.75 5.01 1.251 1.845 2.146 2.458 2.624 2.822 2.897 2.942 2.915 2.974 3.034 3.054 3.063 3.147 3.215 3.205 3.159 3.060 2.963 2.758 2.609 2.609 1.757
7.75 6.31 1.230 1.821 2.115 2.419 2.587 2.783 2.859 2.902 2.881 2.939 2.997 3.019 3.032 3.117 3.188 3.181 3.137 3.041 2.945 2.741 2.589 2.587 1.739
7.75 7.94 1.205 1.793 2.078 2.374 2.543 2.737 2.814 2.856 2.841 2.898 2.954 2.979 2.996 3.083 3.156 3.152 3.111 3.018 2.923 2.721 2.564 2.560 1.716
7.75 10.00 1.175 1.759 2.036 2.323 2.494 2.685 2.763 2.804 2.795 2.850 2.905 2.932 2.954 3.042 3.117 3.117 3.079 2.989 2.896 2.695 2.533 2.528 1.689
7.75 12.59 1.141 1.719 1.988 2.266 2.438 2.627 2.707 2.745 2.742 2.797 2.850 2.879 2.906 2.995 3.073 3.076 3.042 2.955 2.864 2.664 2.497 2.489 1.656
7.75 15.85 1.101 1.674 1.933 2.203 2.376 2.563 2.643 2.681 2.684 2.737 2.788 2.819 2.852 2.941 3.021 3.029 2.997 2.915 2.825 2.627 2.454 2.444 1.618
7.75 19.95 1.055 1.621 1.872 2.134 2.308 2.492 2.574 2.610 2.619 2.671 2.720 2.753 2.790 2.881 2.962 2.973 2.945 2.867 2.778 2.582 2.403 2.391 1.572
7.75 25.12 1.003 1.562 1.804 2.059 2.234 2.416 2.498 2.534 2.547 2.598 2.646 2.681 2.722 2.813 2.896 2.910 2.885 2.810 2.723 2.528 2.343 2.330 1.518
7.75 31.62 0.945 1.496 1.730 1.979 2.155 2.335 2.417 2.452 2.470 2.519 2.565 2.602 2.647 2.738 2.821 2.838 2.815 2.744 2.658 2.465 2.274 2.260 1.456
7.75 39.81 0.881 1.423 1.650 1.894 2.069 2.248 2.330 2.365 2.386 2.434 2.479 2.516 2.565 2.656 2.739 2.756 2.735 2.667 2.582 2.390 2.194 2.180 1.384
7.75 50.12 0.810 1.342 1.564 1.805 1.979 2.155 2.238 2.272 2.297 2.343 2.386 2.425 2.476 2.565 2.647 2.665 2.645 2.579 2.494 2.301 2.102 2.089 1.302
7.75 63.10 0.733 1.254 1.472 1.710 1.883 2.057 2.139 2.174 2.201 2.246 2.288 2.327 2.380 2.467 2.547 2.563 2.542 2.477 2.391 2.198 1.997 1.987 1.208
7.75 79.43 0.648 1.159 1.374 1.611 1.782 1.954 2.035 2.070 2.099 2.143 2.183 2.222 2.276 2.361 2.436 2.449 2.427 2.361 2.273 2.079 1.878 1.872 1.101
7.75 100.00 0.556 1.056 1.269 1.507 1.675 1.846 1.925 1.961 1.991 2.033 2.072 2.110 2.164 2.245 2.314 2.321 2.296 2.228 2.137 1.939 1.741 1.743 0.979
7.75 125.89 0.456 0.944 1.158 1.398 1.562 1.730 1.807 1.845 1.875 1.916 1.953 1.990 2.043 2.118 2.180 2.179 2.148 2.075 1.979 1.777 1.586 1.597 0.839
7.75 158.49 0.347 0.822 1.039 1.283 1.442 1.608 1.682 1.721 1.752 1.790 1.825 1.861 1.912 1.980 2.031 2.018 1.979 1.900 1.797 1.587 1.407 1.432 0.679
7.75 199.53 0.227 0.690 0.911 1.162 1.314 1.477 1.547 1.589 1.618 1.655 1.688 1.721 1.769 1.827 1.864 1.836 1.786 1.697 1.585 1.365 1.201 1.243 0.494
7.75 251.19 0.094 0.544 0.773 1.033 1.176 1.335 1.401 1.447 1.474 1.507 1.538 1.568 1.612 1.658 1.677 1.628 1.564 1.462 1.336 1.104 0.962 1.026 0.279
7.75 316.23 -0.053 0.384 0.622 0.894 1.027 1.182 1.241 1.291 1.316 1.345 1.373 1.399 1.437 1.467 1.463 1.388 1.305 1.186 1.044 0.794 0.681 0.774 0.027
7.75 398.11 -0.219 0.205 0.456 0.745 0.863 1.013 1.064 1.120 1.140 1.166 1.190 1.210 1.240 1.251 1.218 1.108 1.002 0.859 0.696 0.424 0.350 0.480 -0.270
7.75 501.19 -0.408 0.003 0.272 0.581 0.681 0.825 0.865 0.929 0.944 0.964 0.983 0.997 1.017 1.003 0.932 0.780 0.643 0.471 0.280 -0.020 -0.045 0.133 -0.624
7.75 630.96 -0.624 -0.228 0.064 0.400 0.478 0.613 0.641 0.714 0.722 0.736 0.749 0.753 0.760 0.715 0.597 0.390 0.215 0.005 -0.221 -0.557 -0.518 -0.281 -1.048
7.75 794.33 -0.876 -0.493 -0.173 0.197 0.246 0.372 0.383 0.469 0.468 0.472 0.479 0.472 0.462 0.377 0.200 -0.076 -0.300 -0.559 -0.829 -1.210 -1.091 -0.778 -1.562
7.75 1000.00 -1.172 -0.803 -0.445 -0.034 -0.020 0.093 0.084 0.185 0.173 0.166 0.163 0.143 0.112 -0.023 -0.275 -0.638 -0.924 -1.244 -1.570 -2.009 -1.787 -1.379 -2.186
8.00 1.00 1.363 1.962 2.300 2.650 2.806 3.012 3.074 3.121 3.058 3.120 3.186 3.193 3.177 3.262 3.324 3.302 3.243 3.131 3.028 2.819 2.683 2.691 1.823
8.00 1.26 1.359 1.957 2.293 2.641 2.798 3.003 3.065 3.112 3.051 3.112 3.178 3.185 3.171 3.256 3.318 3.297 3.239 3.128 3.025 2.816 2.679 2.687 1.820
8.00 1.58 1.354 1.952 2.285 2.630 2.788 2.992 3.054 3.100 3.042 3.103 3.168 3.176 3.163 3.248 3.311 3.291 3.234 3.124 3.021 2.812 2.675 2.682 1.816
8.00 2.00 1.348 1.945 2.275 2.616 2.775 2.978 3.041 3.087 3.031 3.091 3.156 3.165 3.154 3.239 3.303 3.284 3.228 3.118 3.016 2.808 2.669 2.675 1.811
8.00 2.51 1.340 1.936 2.263 2.600 2.759 2.962 3.025 3.070 3.017 3.077 3.141 3.151 3.142 3.228 3.292 3.275 3.220 3.111 3.009 2.802 2.661 2.667 1.804
8.00 3.16 1.331 1.925 2.248 2.580 2.741 2.942 3.006 3.050 3.001 3.060 3.122 3.134 3.128 3.214 3.280 3.264 3.210 3.103 3.002 2.794 2.652 2.657 1.796
8.00 3.98 1.320 1.912 2.230 2.556 2.718 2.917 2.983 3.026 2.981 3.039 3.100 3.113 3.110 3.197 3.264 3.250 3.198 3.092 2.992 2.785 2.641 2.645 1.786
8.00 5.01 1.306 1.896 2.209 2.528 2.691 2.889 2.956 2.997 2.957 3.014 3.074 3.089 3.089 3.177 3.245 3.233 3.183 3.079 2.980 2.774 2.627 2.630 1.773
8.00 6.31 1.289 1.876 2.183 2.494 2.659 2.855 2.923 2.963 2.928 2.985 3.043 3.059 3.064 3.152 3.222 3.213 3.164 3.063 2.965 2.760 2.610 2.612 1.757
8.00 7.94 1.269 1.852 2.152 2.456 2.622 2.815 2.885 2.924 2.895 2.950 3.006 3.025 3.034 3.122 3.194 3.188 3.142 3.044 2.946 2.742 2.589 2.589 1.739
8.00 10.00 1.244 1.824 2.116 2.411 2.579 2.770 2.841 2.878 2.855 2.909 2.964 2.985 2.998 3.087 3.161 3.158 3.115 3.019 2.923 2.720 2.563 2.562 1.715
8.00 12.59 1.215 1.790 2.074 2.360 2.530 2.719 2.791 2.827 2.810 2.863 2.915 2.938 2.957 3.047 3.122 3.122 3.082 2.990 2.895 2.694 2.531 2.529 1.687
8.00 15.85 1.181 1.751 2.025 2.303 2.475 2.661 2.734 2.769 2.758 2.810 2.860 2.885 2.909 2.999 3.076 3.080 3.043 2.955 2.861 2.661 2.494 2.490 1.654
8.00 19.95 1.142 1.705 1.971 2.240 2.413 2.597 2.671 2.705 2.700 2.750 2.799 2.826 2.854 2.945 3.023 3.030 2.997 2.912 2.820 2.622 2.449 2.443 1.613
8.00 25.12 1.097 1.653 1.909 2.171 2.345 2.526 2.602 2.634 2.635 2.684 2.731 2.760 2.793 2.883 2.963 2.973 2.942 2.861 2.771 2.574 2.396 2.389 1.565
8.00 31.62 1.045 1.593 1.841 2.096 2.270 2.450 2.526 2.557 2.564 2.611 2.656 2.686 2.724 2.814 2.894 2.906 2.878 2.802 2.713 2.517 2.333 2.325 1.509
8.00 39.81 0.986 1.526 1.767 2.016 2.190 2.367 2.444 2.475 2.486 2.531 2.574 2.606 2.647 2.737 2.817 2.831 2.805 2.731 2.643 2.448 2.259 2.252 1.443
8.00 50.12 0.921 1.451 1.686 1.930 2.104 2.279 2.356 2.386 2.401 2.445 2.486 2.520 2.564 2.652 2.730 2.745 2.720 2.649 2.561 2.367 2.174 2.168 1.367
8.00 63.10 0.849 1.369 1.598 1.839 2.012 2.184 2.261 2.291 2.310 2.352 2.392 2.426 2.472 2.558 2.634 2.647 2.623 2.553 2.465 2.271 2.075 2.071 1.278
8.00 79.43 0.769 1.278 1.503 1.743 1.914 2.084 2.160 2.191 2.211 2.253 2.291 2.324 2.372 2.456 2.528 2.537 2.512 2.443 2.353 2.157 1.962 1.962 1.176
8.00 100.00 0.681 1.179 1.402 1.641 1.809 1.978 2.052 2.084 2.106 2.146 2.182 2.215 2.264 2.343 2.409 2.414 2.386 2.315 2.223 2.024 1.830 1.837 1.059
8.00 125.89 0.584 1.071 1.293 1.534 1.698 1.865 1.937 1.970 1.993 2.031 2.065 2.098 2.146 2.220 2.278 2.274 2.241 2.167 2.070 1.867 1.679 1.696 0.923
8.00 158.49 0.477 0.952 1.176 1.421 1.580 1.744 1.813 1.848 1.872 1.907 1.940 1.971 2.018 2.084 2.131 2.117 2.076 1.996 1.892 1.683 1.505 1.534 0.766
8.00 199.53 0.360 0.822 1.050 1.301 1.454 1.614 1.680 1.717 1.740 1.773 1.803 1.832 1.877 1.933 1.967 1.937 1.886 1.797 1.684 1.465 1.302 1.348 0.585
8.00 251.19 0.230 0.679 0.914 1.173 1.317 1.474 1.535 1.576 1.597 1.627 1.655 1.681 1.721 1.765 1.781 1.731 1.666 1.564 1.439 1.207 1.065 1.134 0.372
8.00 316.23 0.084 0.520 0.764 1.035 1.168 1.321 1.376 1.421 1.440 1.467 1.491 1.513 1.547 1.576 1.569 1.492 1.410 1.290 1.149 0.901 0.787 0.885 0.123
8.00 398.11 -0.081 0.343 0.599 0.886 1.005 1.153 1.199 1.251 1.266 1.288 1.308 1.325 1.352 1.361 1.325 1.214 1.108 0.966 0.804 0.534 0.458 0.592 -0.173
8.00 501.19 -0.268 0.142 0.416 0.723 0.824 0.965 1.002 1.061 1.071 1.087 1.103 1.113 1.130 1.114 1.040 0.887 0.751 0.579 0.390 0.092 0.065 0.246 -0.525
8.00 630.96 -0.484 -0.087 0.209 0.542 0.621 0.754 0.778 0.846 0.849 0.859 0.869 0.870 0.874 0.826 0.706 0.499 0.324 0.115 -0.110 -0.443 -0.407 -0.166 -0.948
8.00 794.33 -0.735 -0.352 -0.027 0.339 0.390 0.513 0.520 0.601 0.595 0.596 0.599 0.589 0.576 0.489 0.310 0.033 -0.191 -0.448 -0.716 -1.095 -0.978 -0.662 -1.461
8.00 1000.00 -1.030 -0.661 -0.299 0.109 0.125 0.235 0.222 0.317 0.300 0.291 0.284 0.260 0.226 0.089 -0.165 -0.528 -0.814 -1.132 -1.456 -1.892 -1.674 -1.263 -2.085
