ZhaoEtAl2006SSlabCascadia as implemented in OpenQuake, distance is rrup. Log10 hazard values in cgs units
          14 31 22 : nmag, ndist, nperiod
          10.000 5.000 4.000 3.000 2.500 2.000 1.500 1.250 1.000 0.900 0.800 0.700 0.600 0.500 0.400 0.300 0.250 0.200 0.150 0.100 0.050 PGA PGV
          0.708 0.708 0.705 0.721 0.732 0.733 0.721 0.716 0.717 0.714 0.713 0.714 0.712 0.707 0.715 0.728 0.743 0.764 0.794 0.811 0.743 0.684 0.743
4.75 1.00 0.240 0.795 1.077 1.537 1.618 1.927 2.380 2.677 2.892 3.033 3.181 3.350 3.462 3.533 3.581 3.504 3.392 3.438 3.593 3.532 3.604 3.418 2.486
4.75 1.26 0.171 0.724 0.994 1.438 1.522 1.827 2.266 2.553 2.767 2.906 3.052 3.220 3.336 3.416 3.476 3.412 3.310 3.357 3.506 3.447 3.499 3.310 2.373
4.75 1.58 0.097 0.648 0.905 1.334 1.423 1.723 2.148 2.426 2.638 2.775 2.920 3.086 3.206 3.294 3.365 3.313 3.223 3.270 3.413 3.356 3.388 3.196 2.254
4.75 2.00 0.019 0.566 0.812 1.226 1.319 1.615 2.026 2.294 2.505 2.640 2.783 2.948 3.071 3.167 3.248 3.209 3.129 3.177 3.314 3.259 3.271 3.076 2.129
4.75 2.51 -0.064 0.480 0.715 1.115 1.212 1.504 1.902 2.160 2.369 2.502 2.643 2.806 2.932 3.035 3.126 3.099 3.030 3.078 3.210 3.156 3.149 2.952 1.998
4.75 3.16 -0.150 0.389 0.615 1.002 1.102 1.390 1.775 2.024 2.230 2.361 2.501 2.661 2.789 2.899 3.000 2.984 2.925 2.974 3.099 3.047 3.021 2.822 1.861
4.75 3.98 -0.240 0.294 0.511 0.885 0.990 1.275 1.645 1.885 2.088 2.218 2.356 2.514 2.643 2.759 2.869 2.863 2.815 2.864 2.983 2.933 2.888 2.688 1.719
4.75 5.01 -0.332 0.196 0.405 0.767 0.876 1.157 1.513 1.744 1.945 2.073 2.208 2.364 2.495 2.616 2.734 2.738 2.700 2.748 2.862 2.813 2.750 2.550 1.572
4.75 6.31 -0.426 0.095 0.296 0.647 0.759 1.037 1.380 1.602 1.799 1.926 2.060 2.213 2.345 2.470 2.596 2.608 2.580 2.628 2.735 2.688 2.608 2.408 1.420
4.75 7.94 -0.522 -0.009 0.185 0.525 0.642 0.916 1.246 1.458 1.652 1.777 1.909 2.060 2.192 2.322 2.454 2.475 2.457 2.504 2.604 2.559 2.462 2.263 1.264
4.75 10.00 -0.620 -0.115 0.072 0.402 0.522 0.793 1.110 1.313 1.504 1.627 1.757 1.905 2.038 2.171 2.309 2.338 2.329 2.375 2.469 2.424 2.313 2.115 1.104
4.75 12.59 -0.719 -0.223 -0.042 0.277 0.402 0.669 0.972 1.167 1.354 1.476 1.604 1.748 1.882 2.018 2.162 2.197 2.197 2.242 2.330 2.286 2.160 1.963 0.940
4.75 15.85 -0.819 -0.333 -0.158 0.152 0.280 0.544 0.834 1.019 1.202 1.323 1.449 1.590 1.724 1.862 2.011 2.053 2.061 2.105 2.186 2.142 2.002 1.809 0.772
4.75 19.95 -0.921 -0.445 -0.275 0.025 0.157 0.418 0.694 0.871 1.050 1.169 1.293 1.431 1.564 1.705 1.858 1.905 1.922 1.964 2.038 1.994 1.842 1.651 0.599
4.75 25.12 -1.024 -0.559 -0.394 -0.103 0.032 0.290 0.552 0.721 0.896 1.013 1.135 1.270 1.403 1.545 1.702 1.754 1.779 1.818 1.885 1.841 1.676 1.489 0.423
4.75 31.62 -1.128 -0.675 -0.514 -0.232 -0.094 0.161 0.409 0.569 0.740 0.856 0.975 1.107 1.239 1.383 1.543 1.599 1.631 1.667 1.726 1.682 1.506 1.324 0.241
4.75 39.81 -1.234 -0.793 -0.636 -0.362 -0.221 0.030 0.264 0.416 0.582 0.696 0.814 0.942 1.073 1.217 1.380 1.439 1.478 1.511 1.561 1.516 1.330 1.153 0.053
4.75 50.12 -1.343 -0.914 -0.761 -0.494 -0.351 -0.103 0.117 0.260 0.423 0.535 0.650 0.774 0.904 1.048 1.213 1.273 1.318 1.347 1.389 1.342 1.148 0.977 -0.143
4.75 63.10 -1.454 -1.038 -0.888 -0.628 -0.483 -0.238 -0.033 0.103 0.260 0.370 0.483 0.603 0.731 0.875 1.040 1.101 1.151 1.175 1.208 1.159 0.957 0.795 -0.347
4.75 79.43 -1.569 -1.166 -1.018 -0.764 -0.618 -0.377 -0.186 -0.059 0.094 0.202 0.312 0.428 0.555 0.697 0.861 0.921 0.975 0.994 1.016 0.963 0.756 0.603 -0.562
4.75 100.00 -1.688 -1.298 -1.151 -0.903 -0.756 -0.519 -0.343 -0.224 -0.076 0.029 0.137 0.248 0.373 0.512 0.674 0.731 0.788 0.799 0.810 0.752 0.542 0.401 -0.791
4.75 125.89 -1.813 -1.436 -1.290 -1.045 -0.899 -0.666 -0.506 -0.393 -0.251 -0.148 -0.044 0.062 0.184 0.319 0.476 0.528 0.587 0.589 0.587 0.523 0.312 0.185 -1.037
4.75 158.49 -1.945 -1.581 -1.434 -1.192 -1.047 -0.819 -0.675 -0.569 -0.433 -0.333 -0.232 -0.131 -0.013 0.116 0.267 0.311 0.368 0.360 0.343 0.271 0.063 -0.047 -1.303
4.75 199.53 -2.085 -1.735 -1.585 -1.344 -1.202 -0.979 -0.853 -0.753 -0.623 -0.527 -0.429 -0.334 -0.221 -0.099 0.041 0.074 0.128 0.106 0.072 -0.011 -0.211 -0.299 -1.597
4.75 251.19 -2.236 -1.899 -1.745 -1.504 -1.366 -1.149 -1.041 -0.946 -0.823 -0.731 -0.637 -0.549 -0.441 -0.330 -0.203 -0.187 -0.140 -0.179 -0.233 -0.328 -0.516 -0.578 -1.923
4.75 316.23 -2.401 -2.078 -1.917 -1.671 -1.541 -1.331 -1.242 -1.151 -1.036 -0.948 -0.859 -0.779 -0.678 -0.580 -0.473 -0.479 -0.442 -0.501 -0.579 -0.692 -0.860 -0.890 -2.291
4.75 398.11 -2.583 -2.274 -2.103 -1.850 -1.729 -1.527 -1.460 -1.372 -1.265 -1.183 -1.099 -1.028 -0.936 -0.856 -0.773 -0.808 -0.787 -0.872 -0.979 -1.114 -1.254 -1.243 -2.712
4.75 501.19 -2.787 -2.492 -2.307 -2.042 -1.935 -1.741 -1.698 -1.611 -1.514 -1.439 -1.361 -1.300 -1.219 -1.162 -1.113 -1.186 -1.187 -1.304 -1.445 -1.608 -1.709 -1.648 -3.199
4.75 630.96 -3.019 -2.737 -2.534 -2.251 -2.163 -1.980 -1.962 -1.875 -1.789 -1.722 -1.651 -1.603 -1.536 -1.508 -1.501 -1.624 -1.655 -1.813 -1.994 -2.193 -2.242 -2.119 -3.770
4.75 794.33 -3.285 -3.018 -2.789 -2.481 -2.417 -2.247 -2.259 -2.169 -2.096 -2.038 -1.977 -1.943 -1.893 -1.903 -1.951 -2.137 -2.210 -2.417 -2.650 -2.893 -2.873 -2.672 -4.445
4.75 1000.00 -3.595 -3.341 -3.080 -2.739 -2.706 -2.551 -2.597 -2.500 -2.443 -2.398 -2.347 -2.330 -2.303 -2.360 -2.478 -2.747 -2.873 -3.143 -3.437 -3.738 -3.627 -3.328 -5.252
5.00 1.00 0.379 0.929 1.234 1.705 1.786 2.091 2.533 2.819 3.015 3.148 3.288 3.444 3.541 3.596 3.627 3.532 3.409 3.446 3.592 3.524 3.605 3.436 2.487
5.00 1.26 0.316 0.864 1.157 1.611 1.696 1.997 2.424 2.700 2.896 3.027 3.165 3.320 3.422 3.486 3.528 3.445 3.334 3.371 3.512 3.446 3.507 3.335 2.381
5.00 1.58 0.249 0.794 1.074 1.512 1.601 1.897 2.311 2.577 2.772 2.901 3.037 3.191 3.297 3.369 3.423 3.353 3.252 3.290 3.425 3.361 3.402 3.228 2.270
5.00 2.00 0.176 0.718 0.986 1.409 1.502 1.794 2.193 2.450 2.644 2.771 2.905 3.058 3.167 3.248 3.312 3.254 3.165 3.204 3.333 3.271 3.292 3.114 2.151
5.00 2.51 0.098 0.637 0.894 1.301 1.399 1.686 2.072 2.320 2.511 2.637 2.769 2.920 3.032 3.121 3.195 3.150 3.071 3.111 3.235 3.175 3.175 2.996 2.027
5.00 3.16 0.016 0.551 0.797 1.191 1.293 1.576 1.948 2.186 2.376 2.499 2.630 2.779 2.894 2.989 3.073 3.040 2.972 3.012 3.130 3.072 3.053 2.871 1.896
5.00 3.98 -0.069 0.461 0.697 1.077 1.183 1.462 1.821 2.050 2.237 2.359 2.487 2.635 2.751 2.853 2.947 2.924 2.867 2.908 3.020 2.964 2.926 2.742 1.759
5.00 5.01 -0.158 0.367 0.593 0.961 1.071 1.347 1.692 1.911 2.096 2.216 2.342 2.487 2.606 2.714 2.816 2.803 2.757 2.798 2.904 2.850 2.793 2.608 1.617
5.00 6.31 -0.249 0.269 0.487 0.842 0.956 1.229 1.560 1.770 1.952 2.071 2.195 2.338 2.458 2.571 2.680 2.677 2.641 2.682 2.782 2.730 2.655 2.470 1.470
5.00 7.94 -0.343 0.168 0.378 0.722 0.840 1.109 1.427 1.628 1.807 1.924 2.046 2.186 2.307 2.424 2.541 2.547 2.521 2.561 2.656 2.604 2.512 2.328 1.317
5.00 10.00 -0.439 0.064 0.267 0.600 0.722 0.988 1.292 1.484 1.659 1.775 1.896 2.033 2.155 2.275 2.399 2.413 2.396 2.436 2.524 2.474 2.366 2.182 1.161
5.00 12.59 -0.536 -0.042 0.154 0.477 0.602 0.865 1.156 1.339 1.510 1.624 1.743 1.877 2.000 2.124 2.253 2.274 2.267 2.306 2.387 2.338 2.215 2.033 0.999
5.00 15.85 -0.635 -0.151 0.039 0.352 0.481 0.740 1.018 1.192 1.360 1.472 1.589 1.720 1.843 1.970 2.105 2.132 2.134 2.171 2.246 2.198 2.060 1.880 0.833
5.00 19.95 -0.736 -0.262 -0.077 0.226 0.359 0.615 0.878 1.044 1.208 1.319 1.434 1.562 1.684 1.813 1.953 1.986 1.996 2.032 2.100 2.052 1.901 1.724 0.663
5.00 25.12 -0.838 -0.375 -0.195 0.099 0.235 0.487 0.738 0.894 1.055 1.164 1.276 1.401 1.523 1.654 1.798 1.836 1.854 1.888 1.949 1.900 1.737 1.563 0.488
5.00 31.62 -0.942 -0.490 -0.315 -0.030 0.109 0.359 0.595 0.743 0.899 1.007 1.117 1.239 1.360 1.493 1.640 1.682 1.707 1.739 1.792 1.743 1.568 1.399 0.307
5.00 39.81 -1.048 -0.607 -0.437 -0.160 -0.018 0.228 0.450 0.590 0.742 0.848 0.956 1.074 1.195 1.328 1.477 1.523 1.555 1.583 1.628 1.578 1.393 1.229 0.120
5.00 50.12 -1.156 -0.728 -0.561 -0.291 -0.147 0.095 0.303 0.435 0.582 0.686 0.793 0.906 1.026 1.159 1.310 1.358 1.396 1.420 1.457 1.405 1.211 1.054 -0.075
5.00 63.10 -1.267 -0.851 -0.687 -0.425 -0.279 -0.040 0.154 0.277 0.420 0.522 0.626 0.736 0.854 0.986 1.138 1.186 1.230 1.249 1.276 1.223 1.021 0.871 -0.279
5.00 79.43 -1.382 -0.979 -0.817 -0.561 -0.413 -0.178 0.001 0.116 0.254 0.354 0.455 0.561 0.677 0.808 0.959 1.007 1.055 1.068 1.085 1.028 0.820 0.680 -0.493
5.00 100.00 -1.501 -1.111 -0.951 -0.700 -0.552 -0.320 -0.157 -0.049 0.084 0.182 0.280 0.381 0.495 0.624 0.772 0.817 0.868 0.874 0.879 0.817 0.607 0.478 -0.722
5.00 125.89 -1.625 -1.248 -1.089 -0.842 -0.694 -0.467 -0.319 -0.219 -0.091 0.004 0.100 0.196 0.307 0.431 0.575 0.615 0.667 0.664 0.657 0.589 0.378 0.263 -0.967
5.00 158.49 -1.757 -1.393 -1.233 -0.989 -0.842 -0.620 -0.489 -0.394 -0.273 -0.181 -0.088 0.002 0.110 0.229 0.366 0.397 0.449 0.435 0.413 0.337 0.129 0.031 -1.233
5.00 199.53 -1.897 -1.547 -1.384 -1.141 -0.998 -0.781 -0.666 -0.578 -0.462 -0.374 -0.285 -0.201 -0.097 0.013 0.141 0.161 0.209 0.182 0.142 0.056 -0.145 -0.221 -1.526
5.00 251.19 -2.048 -1.712 -1.544 -1.300 -1.161 -0.950 -0.854 -0.771 -0.662 -0.578 -0.493 -0.415 -0.318 -0.217 -0.104 -0.100 -0.059 -0.102 -0.162 -0.262 -0.450 -0.500 -1.853
5.00 316.23 -2.213 -1.890 -1.716 -1.468 -1.336 -1.132 -1.055 -0.976 -0.875 -0.796 -0.715 -0.645 -0.555 -0.468 -0.373 -0.392 -0.361 -0.425 -0.509 -0.626 -0.794 -0.812 -2.221
5.00 398.11 -2.395 -2.086 -1.902 -1.646 -1.525 -1.328 -1.273 -1.197 -1.104 -1.030 -0.955 -0.894 -0.812 -0.743 -0.674 -0.721 -0.706 -0.796 -0.908 -1.047 -1.188 -1.165 -2.642
5.00 501.19 -2.599 -2.304 -2.106 -1.838 -1.730 -1.543 -1.511 -1.436 -1.353 -1.286 -1.218 -1.167 -1.096 -1.050 -1.013 -1.099 -1.106 -1.228 -1.374 -1.541 -1.643 -1.570 -3.129
5.00 630.96 -2.831 -2.549 -2.333 -2.047 -1.958 -1.781 -1.775 -1.700 -1.628 -1.569 -1.508 -1.469 -1.412 -1.396 -1.401 -1.536 -1.574 -1.736 -1.924 -2.126 -2.176 -2.040 -3.699
5.00 794.33 -3.097 -2.829 -2.588 -2.278 -2.212 -2.048 -2.072 -1.993 -1.935 -1.886 -1.834 -1.809 -1.770 -1.791 -1.851 -2.050 -2.128 -2.341 -2.579 -2.826 -2.807 -2.593 -4.374
5.00 1000.00 -3.407 -3.153 -2.879 -2.535 -2.501 -2.352 -2.409 -2.325 -2.283 -2.245 -2.204 -2.197 -2.179 -2.248 -2.378 -2.659 -2.791 -3.066 -3.366 -3.671 -3.561 -3.249 -5.181
5.25 1.00 0.511 1.056 1.383 1.865 1.946 2.248 2.678 2.955 3.132 3.258 3.392 3.536 3.618 3.659 3.674 3.563 3.431 3.457 3.596 3.520 3.610 3.455 2.491
5.25 1.26 0.455 0.998 1.312 1.777 1.862 2.159 2.576 2.842 3.019 3.144 3.275 3.418 3.504 3.554 3.581 3.482 3.360 3.388 3.521 3.448 3.517 3.361 2.393
5.25 1.58 0.394 0.934 1.236 1.683 1.773 2.065 2.468 2.724 2.901 3.023 3.152 3.295 3.386 3.444 3.481 3.395 3.285 3.313 3.441 3.370 3.419 3.260 2.288
5.25 2.00 0.327 0.865 1.153 1.585 1.679 1.966 2.355 2.602 2.778 2.898 3.025 3.166 3.261 3.328 3.376 3.302 3.203 3.233 3.355 3.286 3.316 3.154 2.177
5.25 2.51 0.255 0.790 1.066 1.482 1.580 1.863 2.238 2.475 2.650 2.769 2.894 3.033 3.132 3.207 3.266 3.204 3.116 3.147 3.263 3.197 3.206 3.041 2.059
5.25 3.16 0.179 0.709 0.974 1.375 1.477 1.756 2.118 2.345 2.519 2.635 2.758 2.896 2.998 3.080 3.149 3.099 3.023 3.054 3.165 3.101 3.090 2.923 1.935
5.25 3.98 0.098 0.624 0.878 1.264 1.371 1.646 1.994 2.212 2.384 2.498 2.619 2.756 2.860 2.949 3.027 2.988 2.923 2.956 3.061 2.999 2.968 2.799 1.805
5.25 5.01 0.013 0.534 0.778 1.151 1.262 1.533 1.867 2.076 2.245 2.358 2.477 2.611 2.718 2.813 2.900 2.872 2.818 2.851 2.951 2.891 2.840 2.670 1.668
5.25 6.31 -0.075 0.440 0.674 1.035 1.150 1.417 1.738 1.937 2.104 2.215 2.332 2.464 2.573 2.673 2.769 2.751 2.707 2.741 2.835 2.776 2.707 2.536 1.526
5.25 7.94 -0.166 0.342 0.568 0.917 1.035 1.299 1.606 1.796 1.961 2.070 2.185 2.315 2.425 2.530 2.633 2.624 2.591 2.625 2.713 2.656 2.569 2.398 1.378
5.25 10.00 -0.259 0.241 0.459 0.796 0.919 1.179 1.473 1.654 1.815 1.923 2.036 2.163 2.274 2.383 2.494 2.493 2.470 2.503 2.585 2.530 2.426 2.255 1.225
5.25 12.59 -0.355 0.137 0.348 0.674 0.800 1.058 1.337 1.510 1.668 1.774 1.885 2.009 2.121 2.234 2.350 2.358 2.343 2.377 2.452 2.398 2.278 2.108 1.067
5.25 15.85 -0.452 0.031 0.235 0.550 0.680 0.934 1.201 1.364 1.518 1.623 1.732 1.853 1.966 2.081 2.204 2.218 2.213 2.245 2.314 2.261 2.126 1.958 0.904
5.25 19.95 -0.551 -0.079 0.119 0.425 0.559 0.809 1.062 1.217 1.367 1.470 1.577 1.696 1.808 1.926 2.053 2.074 2.077 2.108 2.171 2.118 1.969 1.803 0.735
5.25 25.12 -0.653 -0.190 0.002 0.299 0.436 0.683 0.922 1.068 1.214 1.316 1.420 1.536 1.648 1.768 1.900 1.925 1.937 1.966 2.021 1.969 1.806 1.644 0.562
5.25 31.62 -0.756 -0.304 -0.117 0.171 0.311 0.554 0.780 0.917 1.060 1.160 1.262 1.374 1.486 1.608 1.742 1.772 1.792 1.818 1.866 1.813 1.639 1.481 0.383
5.25 39.81 -0.861 -0.421 -0.238 0.041 0.184 0.424 0.636 0.764 0.903 1.001 1.101 1.209 1.321 1.443 1.581 1.614 1.641 1.664 1.704 1.650 1.465 1.313 0.197
5.25 50.12 -0.968 -0.541 -0.362 -0.090 0.055 0.292 0.489 0.609 0.744 0.840 0.938 1.042 1.153 1.275 1.415 1.450 1.483 1.503 1.534 1.479 1.284 1.138 0.003
5.25 63.10 -1.079 -0.664 -0.488 -0.224 -0.076 0.157 0.340 0.452 0.582 0.676 0.771 0.872 0.981 1.103 1.243 1.279 1.318 1.333 1.354 1.297 1.095 0.956 -0.200
5.25 79.43 -1.193 -0.791 -0.617 -0.359 -0.211 0.019 0.187 0.291 0.416 0.508 0.601 0.697 0.805 0.925 1.065 1.100 1.143 1.152 1.164 1.103 0.895 0.766 -0.414
5.25 100.00 -1.312 -0.923 -0.750 -0.498 -0.349 -0.123 0.029 0.126 0.246 0.336 0.426 0.518 0.623 0.741 0.878 0.911 0.957 0.959 0.959 0.893 0.682 0.564 -0.641
5.25 125.89 -1.437 -1.060 -0.888 -0.640 -0.491 -0.270 -0.133 -0.043 0.071 0.158 0.246 0.332 0.434 0.549 0.681 0.709 0.756 0.749 0.737 0.665 0.453 0.349 -0.886
5.25 158.49 -1.568 -1.205 -1.032 -0.787 -0.639 -0.423 -0.302 -0.219 -0.110 -0.026 0.058 0.139 0.238 0.346 0.472 0.492 0.538 0.521 0.493 0.413 0.204 0.118 -1.152
5.25 199.53 -1.708 -1.358 -1.183 -0.939 -0.795 -0.583 -0.480 -0.403 -0.300 -0.220 -0.139 -0.063 0.030 0.131 0.247 0.256 0.299 0.267 0.223 0.133 -0.069 -0.135 -1.445
5.25 251.19 -1.859 -1.523 -1.344 -1.098 -0.958 -0.753 -0.668 -0.596 -0.500 -0.423 -0.347 -0.278 -0.190 -0.099 0.003 -0.005 0.031 -0.017 -0.081 -0.185 -0.374 -0.413 -1.771
5.25 316.23 -2.024 -1.701 -1.515 -1.266 -1.133 -0.934 -0.869 -0.801 -0.713 -0.641 -0.569 -0.508 -0.427 -0.350 -0.267 -0.296 -0.271 -0.339 -0.427 -0.548 -0.718 -0.725 -2.139
5.25 398.11 -2.206 -1.897 -1.701 -1.444 -1.321 -1.130 -1.086 -1.021 -0.942 -0.875 -0.809 -0.757 -0.684 -0.625 -0.567 -0.626 -0.616 -0.710 -0.827 -0.969 -1.111 -1.078 -2.560
5.25 501.19 -2.410 -2.115 -1.905 -1.636 -1.527 -1.345 -1.324 -1.261 -1.191 -1.131 -1.071 -1.029 -0.968 -0.932 -0.906 -1.003 -1.016 -1.142 -1.292 -1.463 -1.566 -1.483 -3.047
5.25 630.96 -2.641 -2.360 -2.132 -1.845 -1.754 -1.583 -1.588 -1.524 -1.466 -1.414 -1.361 -1.332 -1.284 -1.277 -1.294 -1.441 -1.484 -1.650 -1.842 -2.048 -2.099 -1.953 -3.617
5.25 794.33 -2.908 -2.640 -2.387 -2.075 -2.009 -1.850 -1.885 -1.818 -1.773 -1.731 -1.687 -1.672 -1.642 -1.672 -1.744 -1.954 -2.038 -2.254 -2.497 -2.748 -2.730 -2.506 -4.292
5.25 1000.00 -3.217 -2.964 -2.678 -2.333 -2.298 -2.154 -2.223 -2.149 -2.120 -2.090 -2.057 -2.059 -2.051 -2.129 -2.271 -2.564 -2.701 -2.980 -3.285 -3.593 -3.484 -3.162 -5.099
5.50 1.00 0.638 1.177 1.525 2.017 2.097 2.396 2.816 3.084 3.243 3.363 3.490 3.623 3.690 3.720 3.722 3.597 3.456 3.473 3.604 3.521 3.618 3.476 2.500
5.50 1.26 0.588 1.125 1.460 1.935 2.019 2.314 2.719 2.977 3.137 3.255 3.380 3.512 3.584 3.622 3.634 3.521 3.391 3.409 3.534 3.454 3.531 3.387 2.407
5.50 1.58 0.533 1.068 1.390 1.847 1.936 2.226 2.618 2.865 3.025 3.141 3.264 3.395 3.472 3.518 3.541 3.440 3.321 3.340 3.460 3.382 3.439 3.293 2.309
5.50 2.00 0.473 1.006 1.314 1.754 1.848 2.132 2.511 2.748 2.908 3.022 3.142 3.273 3.354 3.409 3.442 3.353 3.245 3.266 3.380 3.305 3.342 3.193 2.205
5.50 2.51 0.407 0.937 1.232 1.656 1.754 2.034 2.399 2.627 2.786 2.898 3.016 3.145 3.231 3.293 3.337 3.260 3.164 3.186 3.295 3.222 3.239 3.088 2.095
5.50 3.16 0.336 0.863 1.146 1.553 1.656 1.931 2.282 2.501 2.659 2.769 2.885 3.013 3.102 3.172 3.226 3.161 3.076 3.100 3.204 3.133 3.129 2.976 1.977
5.50 3.98 0.261 0.783 1.054 1.447 1.554 1.825 2.162 2.371 2.528 2.636 2.750 2.876 2.969 3.046 3.110 3.056 2.983 3.007 3.106 3.038 3.014 2.858 1.854
5.50 5.01 0.181 0.698 0.958 1.337 1.448 1.715 2.039 2.238 2.393 2.499 2.611 2.736 2.831 2.914 2.988 2.945 2.883 2.909 3.002 2.936 2.892 2.735 1.723
5.50 6.31 0.097 0.608 0.858 1.223 1.339 1.602 1.912 2.102 2.255 2.360 2.469 2.592 2.690 2.778 2.861 2.828 2.777 2.804 2.892 2.828 2.764 2.606 1.587
5.50 7.94 0.010 0.514 0.755 1.107 1.227 1.486 1.783 1.964 2.114 2.217 2.324 2.445 2.544 2.638 2.729 2.706 2.666 2.693 2.775 2.713 2.631 2.472 1.444
5.50 10.00 -0.081 0.417 0.649 0.989 1.112 1.368 1.651 1.823 1.970 2.072 2.177 2.295 2.396 2.495 2.592 2.579 2.549 2.576 2.652 2.592 2.492 2.333 1.296
5.50 12.59 -0.174 0.316 0.540 0.868 0.996 1.248 1.518 1.680 1.825 1.924 2.028 2.143 2.245 2.348 2.452 2.447 2.426 2.453 2.524 2.465 2.348 2.190 1.142
5.50 15.85 -0.269 0.211 0.428 0.746 0.877 1.126 1.382 1.535 1.677 1.775 1.876 1.989 2.091 2.197 2.307 2.310 2.299 2.325 2.389 2.331 2.199 2.042 0.982
5.50 19.95 -0.367 0.104 0.314 0.622 0.756 1.002 1.244 1.389 1.527 1.623 1.722 1.832 1.935 2.044 2.159 2.168 2.166 2.191 2.249 2.192 2.044 1.889 0.817
5.50 25.12 -0.467 -0.006 0.198 0.496 0.634 0.876 1.105 1.241 1.375 1.470 1.567 1.673 1.776 1.887 2.007 2.022 2.028 2.052 2.102 2.046 1.884 1.732 0.645
5.50 31.62 -0.569 -0.119 0.080 0.369 0.510 0.748 0.964 1.091 1.221 1.314 1.409 1.512 1.615 1.727 1.851 1.870 1.884 1.906 1.949 1.892 1.719 1.571 0.468
5.50 39.81 -0.673 -0.235 -0.040 0.240 0.383 0.619 0.820 0.939 1.065 1.156 1.249 1.348 1.451 1.564 1.691 1.713 1.735 1.754 1.789 1.731 1.546 1.403 0.284
5.50 50.12 -0.780 -0.353 -0.163 0.109 0.255 0.487 0.674 0.784 0.906 0.995 1.086 1.182 1.283 1.397 1.525 1.551 1.578 1.594 1.620 1.561 1.367 1.230 0.091
5.50 63.10 -0.890 -0.476 -0.289 -0.024 0.124 0.352 0.525 0.627 0.744 0.832 0.920 1.012 1.112 1.225 1.354 1.381 1.414 1.425 1.442 1.381 1.178 1.049 -0.110
5.50 79.43 -1.004 -0.602 -0.418 -0.160 -0.010 0.214 0.372 0.466 0.579 0.664 0.750 0.838 0.936 1.048 1.177 1.202 1.240 1.245 1.252 1.188 0.979 0.859 -0.323
5.50 100.00 -1.123 -0.733 -0.551 -0.298 -0.148 0.072 0.215 0.302 0.410 0.492 0.575 0.658 0.755 0.864 0.990 1.013 1.054 1.052 1.048 0.979 0.767 0.658 -0.551
5.50 125.89 -1.247 -0.870 -0.689 -0.440 -0.290 -0.074 0.053 0.132 0.235 0.315 0.395 0.473 0.567 0.672 0.794 0.812 0.854 0.844 0.827 0.752 0.538 0.444 -0.795
5.50 158.49 -1.378 -1.015 -0.832 -0.587 -0.438 -0.227 -0.116 -0.043 0.054 0.130 0.207 0.280 0.370 0.470 0.585 0.595 0.637 0.616 0.584 0.501 0.290 0.212 -1.061
5.50 199.53 -1.518 -1.168 -0.983 -0.739 -0.593 -0.387 -0.294 -0.227 -0.136 -0.063 0.010 0.077 0.163 0.255 0.360 0.359 0.397 0.363 0.314 0.220 0.017 -0.040 -1.353
5.50 251.19 -1.669 -1.332 -1.143 -0.898 -0.757 -0.557 -0.482 -0.420 -0.336 -0.267 -0.198 -0.137 -0.057 0.024 0.116 0.099 0.130 0.079 0.010 -0.097 -0.288 -0.318 -1.679
5.50 316.23 -1.833 -1.511 -1.315 -1.065 -0.931 -0.738 -0.682 -0.625 -0.549 -0.484 -0.420 -0.367 -0.294 -0.226 -0.153 -0.192 -0.171 -0.243 -0.336 -0.460 -0.631 -0.630 -2.047
5.50 398.11 -2.015 -1.707 -1.501 -1.243 -1.120 -0.934 -0.900 -0.845 -0.778 -0.718 -0.659 -0.616 -0.552 -0.501 -0.453 -0.522 -0.516 -0.614 -0.735 -0.881 -1.024 -0.982 -2.467
5.50 501.19 -2.219 -1.924 -1.705 -1.435 -1.325 -1.149 -1.138 -1.084 -1.027 -0.974 -0.922 -0.888 -0.835 -0.807 -0.792 -0.899 -0.916 -1.045 -1.200 -1.374 -1.479 -1.387 -2.954
5.50 630.96 -2.451 -2.170 -1.931 -1.644 -1.553 -1.387 -1.402 -1.348 -1.301 -1.257 -1.212 -1.191 -1.151 -1.153 -1.180 -1.336 -1.384 -1.553 -1.750 -1.959 -2.012 -1.857 -3.524
5.50 794.33 -2.717 -2.449 -2.186 -1.875 -1.807 -1.654 -1.699 -1.642 -1.608 -1.574 -1.537 -1.531 -1.509 -1.548 -1.630 -1.850 -1.938 -2.158 -2.405 -2.659 -2.643 -2.410 -4.199
5.50 1000.00 -3.026 -2.773 -2.477 -2.132 -2.096 -1.958 -2.036 -1.973 -1.956 -1.933 -1.907 -1.918 -1.918 -2.005 -2.157 -2.459 -2.601 -2.883 -3.192 -3.504 -3.397 -3.066 -5.006
5.75 1.00 0.758 1.292 1.659 2.160 2.239 2.536 2.945 3.205 3.347 3.462 3.584 3.706 3.760 3.781 3.772 3.635 3.485 3.494 3.617 3.528 3.630 3.497 2.513
5.75 1.26 0.715 1.247 1.601 2.084 2.168 2.460 2.855 3.105 3.248 3.361 3.480 3.602 3.661 3.689 3.689 3.564 3.425 3.434 3.552 3.465 3.549 3.415 2.426
5.75 1.58 0.666 1.196 1.537 2.003 2.091 2.378 2.760 3.000 3.143 3.253 3.371 3.491 3.555 3.591 3.602 3.488 3.360 3.371 3.483 3.399 3.463 3.327 2.334
5.75 2.00 0.612 1.140 1.467 1.916 2.009 2.291 2.659 2.889 3.032 3.141 3.255 3.376 3.444 3.488 3.509 3.406 3.290 3.302 3.409 3.327 3.372 3.234 2.237
5.75 2.51 0.553 1.078 1.392 1.823 1.921 2.198 2.553 2.773 2.916 3.022 3.135 3.254 3.327 3.379 3.410 3.319 3.214 3.228 3.330 3.250 3.275 3.135 2.133
5.75 3.16 0.488 1.010 1.311 1.726 1.828 2.100 2.442 2.652 2.794 2.899 3.009 3.127 3.204 3.263 3.305 3.226 3.133 3.148 3.245 3.168 3.172 3.030 2.023
5.75 3.98 0.418 0.936 1.225 1.624 1.730 1.998 2.326 2.526 2.668 2.771 2.878 2.996 3.077 3.143 3.194 3.127 3.045 3.062 3.154 3.079 3.063 2.919 1.906
5.75 5.01 0.344 0.857 1.134 1.517 1.628 1.892 2.206 2.397 2.538 2.638 2.744 2.859 2.944 3.016 3.077 3.021 2.951 2.970 3.057 2.984 2.948 2.801 1.783
5.75 6.31 0.265 0.773 1.038 1.407 1.523 1.782 2.083 2.264 2.404 2.502 2.605 2.719 2.806 2.885 2.955 2.910 2.851 2.871 2.953 2.883 2.826 2.678 1.653
5.75 7.94 0.182 0.683 0.938 1.294 1.414 1.669 1.957 2.128 2.266 2.363 2.464 2.575 2.665 2.749 2.827 2.793 2.745 2.765 2.842 2.774 2.698 2.549 1.516
5.75 10.00 0.095 0.590 0.835 1.178 1.302 1.553 1.827 1.990 2.125 2.220 2.319 2.428 2.520 2.609 2.695 2.669 2.632 2.654 2.725 2.659 2.564 2.415 1.373
5.75 12.59 0.005 0.492 0.729 1.059 1.187 1.435 1.696 1.849 1.981 2.075 2.171 2.279 2.372 2.465 2.558 2.541 2.514 2.536 2.601 2.537 2.424 2.275 1.223
5.75 15.85 -0.088 0.391 0.619 0.939 1.070 1.314 1.561 1.706 1.835 1.927 2.022 2.126 2.220 2.317 2.416 2.407 2.390 2.412 2.471 2.408 2.279 2.131 1.067
5.75 19.95 -0.184 0.286 0.507 0.816 0.951 1.192 1.425 1.561 1.687 1.777 1.869 1.971 2.066 2.165 2.270 2.268 2.261 2.282 2.334 2.273 2.128 1.981 0.906
5.75 25.12 -0.282 0.178 0.393 0.691 0.830 1.067 1.287 1.413 1.536 1.624 1.715 1.813 1.908 2.010 2.120 2.124 2.125 2.145 2.191 2.130 1.970 1.827 0.737
5.75 31.62 -0.382 0.066 0.276 0.565 0.706 0.940 1.146 1.264 1.383 1.470 1.558 1.653 1.748 1.852 1.966 1.975 1.984 2.002 2.041 1.980 1.807 1.667 0.562
5.75 39.81 -0.485 -0.048 0.156 0.436 0.581 0.811 1.003 1.113 1.228 1.313 1.398 1.490 1.585 1.690 1.807 1.820 1.836 1.852 1.883 1.821 1.636 1.501 0.380
5.75 50.12 -0.592 -0.166 0.034 0.306 0.453 0.680 0.858 0.959 1.070 1.152 1.236 1.324 1.418 1.523 1.642 1.658 1.681 1.693 1.716 1.653 1.458 1.329 0.189
5.75 63.10 -0.701 -0.287 -0.091 0.173 0.322 0.546 0.709 0.802 0.909 0.989 1.070 1.155 1.247 1.352 1.472 1.489 1.518 1.526 1.539 1.474 1.271 1.149 -0.011
5.75 79.43 -0.814 -0.413 -0.220 0.038 0.189 0.408 0.557 0.642 0.744 0.822 0.901 0.981 1.072 1.176 1.295 1.312 1.345 1.347 1.351 1.283 1.073 0.960 -0.223
5.75 100.00 -0.932 -0.543 -0.352 -0.100 0.051 0.266 0.400 0.478 0.575 0.651 0.727 0.802 0.891 0.992 1.109 1.124 1.160 1.156 1.148 1.075 0.861 0.760 -0.449
5.75 125.89 -1.056 -0.680 -0.489 -0.242 -0.091 0.120 0.238 0.308 0.400 0.473 0.546 0.617 0.703 0.801 0.914 0.923 0.961 0.948 0.927 0.849 0.634 0.546 -0.693
5.75 158.49 -1.187 -0.824 -0.633 -0.388 -0.239 -0.032 0.069 0.133 0.219 0.289 0.359 0.424 0.507 0.599 0.705 0.707 0.744 0.720 0.685 0.598 0.386 0.315 -0.958
5.75 199.53 -1.326 -0.977 -0.784 -0.540 -0.393 -0.193 -0.108 -0.050 0.029 0.096 0.162 0.222 0.300 0.384 0.481 0.471 0.505 0.468 0.415 0.319 0.113 0.063 -1.250
5.75 251.19 -1.477 -1.141 -0.944 -0.699 -0.557 -0.362 -0.296 -0.243 -0.170 -0.107 -0.045 0.007 0.080 0.154 0.236 0.211 0.238 0.185 0.112 0.002 -0.191 -0.215 -1.575
5.75 316.23 -1.642 -1.319 -1.115 -0.866 -0.731 -0.543 -0.497 -0.448 -0.383 -0.325 -0.267 -0.222 -0.157 -0.096 -0.033 -0.080 -0.063 -0.137 -0.234 -0.361 -0.535 -0.526 -1.943
5.75 398.11 -1.824 -1.515 -1.301 -1.044 -0.920 -0.739 -0.714 -0.669 -0.612 -0.559 -0.507 -0.471 -0.414 -0.371 -0.333 -0.409 -0.408 -0.508 -0.632 -0.781 -0.927 -0.878 -2.363
5.75 501.19 -2.027 -1.733 -1.505 -1.236 -1.125 -0.954 -0.952 -0.908 -0.861 -0.815 -0.769 -0.743 -0.697 -0.678 -0.672 -0.786 -0.807 -0.939 -1.098 -1.275 -1.382 -1.283 -2.850
5.75 630.96 -2.259 -1.978 -1.731 -1.445 -1.353 -1.192 -1.216 -1.171 -1.135 -1.098 -1.059 -1.046 -1.014 -1.023 -1.060 -1.224 -1.275 -1.447 -1.647 -1.859 -1.915 -1.753 -3.420
5.75 794.33 -2.525 -2.258 -1.986 -1.675 -1.607 -1.459 -1.513 -1.465 -1.442 -1.414 -1.385 -1.386 -1.371 -1.418 -1.509 -1.737 -1.829 -2.051 -2.302 -2.559 -2.546 -2.306 -4.095
5.75 1000.00 -2.834 -2.581 -2.277 -1.933 -1.896 -1.763 -1.850 -1.797 -1.790 -1.774 -1.755 -1.773 -1.780 -1.875 -2.036 -2.346 -2.492 -2.777 -3.089 -3.403 -3.300 -2.962 -4.902
6.00 1.00 0.874 1.402 1.785 2.294 2.372 2.667 3.066 3.319 3.444 3.555 3.672 3.785 3.827 3.841 3.823 3.678 3.520 3.520 3.637 3.541 3.647 3.522 2.531
6.00 1.26 0.836 1.362 1.733 2.225 2.308 2.597 2.983 3.226 3.352 3.460 3.575 3.687 3.734 3.755 3.746 3.610 3.463 3.465 3.576 3.483 3.571 3.444 2.450
6.00 1.58 0.793 1.318 1.676 2.150 2.237 2.522 2.894 3.128 3.254 3.360 3.473 3.584 3.635 3.663 3.664 3.539 3.403 3.406 3.511 3.420 3.490 3.363 2.363
6.00 2.00 0.745 1.268 1.613 2.069 2.161 2.441 2.800 3.023 3.150 3.254 3.364 3.475 3.531 3.566 3.577 3.463 3.338 3.342 3.443 3.354 3.405 3.276 2.272
6.00 2.51 0.692 1.213 1.544 1.983 2.080 2.354 2.700 2.913 3.040 3.142 3.250 3.360 3.420 3.463 3.483 3.381 3.268 3.273 3.369 3.283 3.314 3.183 2.175
6.00 3.16 0.634 1.151 1.469 1.891 1.993 2.262 2.595 2.797 2.925 3.025 3.130 3.239 3.304 3.354 3.384 3.294 3.192 3.200 3.290 3.207 3.218 3.085 2.072
6.00 3.98 0.570 1.084 1.389 1.794 1.900 2.165 2.484 2.677 2.805 2.902 3.005 3.113 3.182 3.239 3.279 3.200 3.111 3.120 3.206 3.125 3.115 2.980 1.962
6.00 5.01 0.502 1.011 1.303 1.692 1.803 2.063 2.369 2.552 2.679 2.775 2.875 2.982 3.055 3.119 3.168 3.100 3.023 3.034 3.115 3.036 3.006 2.869 1.846
6.00 6.31 0.428 0.932 1.212 1.586 1.701 1.957 2.250 2.423 2.549 2.643 2.741 2.846 2.923 2.992 3.051 2.995 2.929 2.941 3.017 2.941 2.891 2.752 1.722
6.00 7.94 0.350 0.848 1.117 1.476 1.596 1.848 2.127 2.291 2.415 2.507 2.603 2.706 2.786 2.861 2.929 2.882 2.828 2.842 2.913 2.840 2.769 2.629 1.592
6.00 10.00 0.267 0.759 1.017 1.363 1.487 1.735 2.000 2.155 2.278 2.368 2.461 2.562 2.645 2.725 2.800 2.764 2.721 2.736 2.802 2.731 2.641 2.500 1.455
6.00 12.59 0.181 0.666 0.914 1.247 1.375 1.619 1.871 2.016 2.137 2.225 2.316 2.415 2.499 2.584 2.667 2.640 2.607 2.623 2.684 2.615 2.506 2.365 1.310
6.00 15.85 0.091 0.568 0.807 1.128 1.260 1.500 1.739 1.875 1.993 2.079 2.168 2.265 2.351 2.439 2.529 2.510 2.487 2.504 2.559 2.491 2.365 2.225 1.159
6.00 19.95 -0.001 0.466 0.698 1.007 1.142 1.379 1.604 1.731 1.847 1.931 2.018 2.112 2.198 2.290 2.386 2.374 2.362 2.378 2.426 2.360 2.217 2.079 1.002
6.00 25.12 -0.097 0.360 0.585 0.884 1.023 1.256 1.467 1.586 1.698 1.780 1.865 1.956 2.043 2.137 2.238 2.233 2.229 2.245 2.287 2.222 2.064 1.927 0.837
6.00 31.62 -0.196 0.251 0.469 0.758 0.900 1.130 1.328 1.437 1.546 1.627 1.709 1.797 1.884 1.981 2.085 2.086 2.091 2.105 2.140 2.075 1.903 1.770 0.665
6.00 39.81 -0.298 0.138 0.351 0.631 0.776 1.002 1.186 1.287 1.392 1.470 1.550 1.635 1.722 1.820 1.928 1.933 1.945 1.957 1.985 1.919 1.735 1.606 0.485
6.00 50.12 -0.403 0.022 0.230 0.501 0.649 0.871 1.041 1.133 1.234 1.311 1.389 1.470 1.557 1.655 1.765 1.773 1.792 1.801 1.820 1.754 1.559 1.435 0.297
6.00 63.10 -0.511 -0.098 0.106 0.369 0.519 0.737 0.893 0.977 1.074 1.149 1.224 1.301 1.387 1.485 1.596 1.605 1.631 1.635 1.645 1.577 1.373 1.257 0.098
6.00 79.43 -0.624 -0.223 -0.022 0.234 0.385 0.600 0.741 0.817 0.910 0.982 1.055 1.128 1.212 1.309 1.420 1.429 1.459 1.458 1.458 1.387 1.176 1.069 -0.113
6.00 100.00 -0.741 -0.353 -0.154 0.097 0.248 0.459 0.584 0.653 0.741 0.811 0.881 0.949 1.032 1.126 1.235 1.242 1.275 1.268 1.257 1.181 0.965 0.869 -0.338
6.00 125.89 -0.864 -0.489 -0.291 -0.045 0.107 0.313 0.422 0.484 0.567 0.634 0.701 0.765 0.844 0.935 1.040 1.042 1.077 1.061 1.037 0.956 0.739 0.656 -0.581
6.00 158.49 -0.995 -0.632 -0.434 -0.191 -0.041 0.161 0.254 0.309 0.386 0.450 0.514 0.572 0.648 0.733 0.832 0.826 0.860 0.834 0.796 0.706 0.492 0.426 -0.845
6.00 199.53 -1.134 -0.785 -0.585 -0.343 -0.195 0.001 0.077 0.126 0.196 0.257 0.317 0.370 0.442 0.519 0.607 0.591 0.622 0.582 0.527 0.427 0.219 0.175 -1.136
6.00 251.19 -1.285 -0.949 -0.744 -0.501 -0.359 -0.169 -0.111 -0.067 -0.003 0.054 0.110 0.156 0.222 0.289 0.364 0.331 0.355 0.300 0.224 0.111 -0.085 -0.103 -1.461
6.00 316.23 -1.449 -1.127 -0.916 -0.668 -0.533 -0.350 -0.311 -0.272 -0.216 -0.163 -0.112 -0.074 -0.015 0.039 0.095 0.040 0.054 -0.022 -0.121 -0.251 -0.428 -0.414 -1.828
6.00 398.11 -1.631 -1.322 -1.101 -0.847 -0.721 -0.546 -0.529 -0.492 -0.444 -0.398 -0.352 -0.322 -0.272 -0.236 -0.205 -0.288 -0.290 -0.392 -0.519 -0.671 -0.820 -0.766 -2.248
6.00 501.19 -1.834 -1.540 -1.305 -1.038 -0.927 -0.760 -0.766 -0.731 -0.693 -0.653 -0.614 -0.595 -0.555 -0.542 -0.544 -0.665 -0.689 -0.823 -0.984 -1.164 -1.275 -1.171 -2.735
6.00 630.96 -2.066 -1.785 -1.531 -1.247 -1.154 -0.998 -1.030 -0.994 -0.968 -0.936 -0.904 -0.897 -0.871 -0.887 -0.932 -1.103 -1.157 -1.331 -1.533 -1.748 -1.807 -1.641 -3.305
6.00 794.33 -2.332 -2.064 -1.786 -1.478 -1.409 -1.265 -1.327 -1.288 -1.275 -1.253 -1.229 -1.237 -1.229 -1.282 -1.381 -1.616 -1.711 -1.935 -2.188 -2.448 -2.438 -2.193 -3.979
6.00 1000.00 -2.641 -2.388 -2.077 -1.735 -1.698 -1.569 -1.665 -1.619 -1.622 -1.612 -1.599 -1.625 -1.638 -1.739 -1.908 -2.225 -2.373 -2.660 -2.975 -3.292 -3.192 -2.849 -4.786
6.25 1.00 0.985 1.508 1.905 2.421 2.496 2.789 3.178 3.426 3.535 3.642 3.756 3.861 3.892 3.902 3.878 3.725 3.560 3.553 3.663 3.562 3.670 3.549 2.556
6.25 1.26 0.951 1.473 1.859 2.358 2.438 2.726 3.102 3.340 3.449 3.554 3.666 3.769 3.804 3.821 3.805 3.661 3.507 3.501 3.606 3.506 3.598 3.477 2.479
6.25 1.58 0.914 1.434 1.807 2.289 2.375 2.657 3.020 3.248 3.358 3.460 3.570 3.672 3.712 3.735 3.727 3.594 3.451 3.446 3.545 3.448 3.522 3.400 2.397
6.25 2.00 0.872 1.390 1.751 2.215 2.305 2.583 2.933 3.150 3.261 3.361 3.468 3.570 3.614 3.643 3.645 3.522 3.390 3.387 3.481 3.386 3.441 3.318 2.311
6.25 2.51 0.825 1.341 1.688 2.134 2.230 2.502 2.839 3.046 3.158 3.256 3.360 3.462 3.511 3.546 3.558 3.446 3.325 3.323 3.413 3.320 3.357 3.232 2.221
6.25 3.16 0.774 1.286 1.620 2.049 2.149 2.416 2.740 2.937 3.050 3.146 3.247 3.347 3.401 3.444 3.465 3.364 3.255 3.255 3.339 3.249 3.266 3.140 2.124
6.25 3.98 0.716 1.226 1.546 1.957 2.062 2.325 2.636 2.822 2.936 3.029 3.128 3.227 3.286 3.335 3.366 3.276 3.180 3.181 3.261 3.173 3.170 3.042 2.021
6.25 5.01 0.654 1.159 1.466 1.860 1.970 2.228 2.526 2.703 2.816 2.907 3.003 3.102 3.165 3.220 3.261 3.182 3.098 3.101 3.176 3.091 3.068 2.938 1.912
6.25 6.31 0.586 1.087 1.381 1.759 1.873 2.127 2.411 2.578 2.691 2.781 2.874 2.971 3.038 3.100 3.149 3.082 3.009 3.015 3.085 3.003 2.959 2.828 1.795
6.25 7.94 0.513 1.008 1.290 1.653 1.772 2.021 2.292 2.450 2.562 2.649 2.740 2.836 2.906 2.974 3.032 2.976 2.914 2.922 2.987 2.908 2.844 2.711 1.672
6.25 10.00 0.436 0.925 1.195 1.543 1.667 1.911 2.169 2.317 2.428 2.514 2.602 2.696 2.770 2.842 2.908 2.863 2.813 2.822 2.883 2.806 2.721 2.588 1.541
6.25 12.59 0.354 0.836 1.096 1.430 1.558 1.798 2.043 2.181 2.291 2.374 2.460 2.552 2.628 2.706 2.779 2.743 2.705 2.715 2.770 2.696 2.592 2.458 1.403
6.25 15.85 0.268 0.742 0.992 1.314 1.446 1.682 1.913 2.043 2.150 2.231 2.315 2.405 2.483 2.564 2.645 2.617 2.590 2.601 2.651 2.579 2.456 2.322 1.257
6.25 19.95 0.179 0.644 0.885 1.195 1.330 1.563 1.781 1.901 2.006 2.085 2.167 2.254 2.333 2.418 2.505 2.486 2.468 2.480 2.524 2.453 2.313 2.180 1.104
6.25 25.12 0.085 0.541 0.775 1.073 1.212 1.441 1.645 1.757 1.859 1.936 2.016 2.100 2.180 2.268 2.360 2.348 2.339 2.351 2.389 2.319 2.163 2.032 0.944
6.25 31.62 -0.011 0.435 0.661 0.949 1.091 1.317 1.507 1.610 1.709 1.785 1.861 1.943 2.024 2.114 2.210 2.203 2.204 2.214 2.246 2.177 2.006 1.878 0.776
6.25 39.81 -0.111 0.324 0.544 0.823 0.968 1.190 1.366 1.460 1.556 1.630 1.704 1.782 1.863 1.955 2.055 2.053 2.061 2.070 2.094 2.025 1.841 1.717 0.599
6.25 50.12 -0.214 0.210 0.425 0.694 0.842 1.060 1.222 1.308 1.400 1.471 1.544 1.618 1.699 1.791 1.894 1.895 1.910 1.916 1.933 1.863 1.667 1.548 0.413
6.25 63.10 -0.321 0.091 0.301 0.563 0.713 0.927 1.075 1.152 1.240 1.310 1.379 1.450 1.530 1.622 1.726 1.729 1.751 1.753 1.760 1.689 1.483 1.371 0.216
6.25 79.43 -0.433 -0.033 0.174 0.429 0.580 0.791 0.924 0.993 1.076 1.144 1.211 1.278 1.356 1.447 1.551 1.554 1.580 1.578 1.575 1.501 1.288 1.185 0.007
6.25 100.00 -0.549 -0.162 0.043 0.291 0.444 0.650 0.768 0.829 0.908 0.973 1.037 1.100 1.176 1.265 1.367 1.368 1.398 1.389 1.375 1.297 1.079 0.986 -0.217
6.25 125.89 -0.672 -0.297 -0.094 0.150 0.302 0.504 0.606 0.661 0.734 0.797 0.858 0.916 0.989 1.074 1.172 1.169 1.201 1.183 1.157 1.073 0.853 0.774 -0.458
6.25 158.49 -0.802 -0.440 -0.236 0.005 0.155 0.352 0.438 0.486 0.554 0.613 0.671 0.723 0.794 0.873 0.965 0.954 0.985 0.957 0.916 0.825 0.607 0.545 -0.722
6.25 199.53 -0.941 -0.592 -0.386 -0.147 0.001 0.192 0.261 0.303 0.365 0.421 0.475 0.521 0.588 0.660 0.741 0.719 0.747 0.706 0.648 0.547 0.335 0.294 -1.012
6.25 251.19 -1.091 -0.756 -0.546 -0.305 -0.162 0.023 0.074 0.110 0.165 0.217 0.268 0.307 0.368 0.430 0.498 0.459 0.481 0.424 0.346 0.231 0.032 0.017 -1.337
6.25 316.23 -1.255 -0.933 -0.717 -0.472 -0.337 -0.158 -0.127 -0.094 -0.047 0.000 0.046 0.078 0.132 0.180 0.229 0.169 0.181 0.103 0.002 -0.130 -0.311 -0.294 -1.703
6.25 398.11 -1.437 -1.128 -0.902 -0.650 -0.525 -0.353 -0.344 -0.314 -0.275 -0.234 -0.194 -0.170 -0.125 -0.095 -0.070 -0.159 -0.164 -0.267 -0.396 -0.550 -0.703 -0.646 -2.123
6.25 501.19 -1.640 -1.346 -1.106 -0.842 -0.730 -0.568 -0.581 -0.554 -0.524 -0.490 -0.455 -0.442 -0.408 -0.401 -0.409 -0.536 -0.562 -0.697 -0.861 -1.043 -1.157 -1.050 -2.609
6.25 630.96 -1.871 -1.590 -1.332 -1.051 -0.957 -0.805 -0.845 -0.817 -0.799 -0.772 -0.745 -0.745 -0.724 -0.746 -0.797 -0.973 -1.030 -1.205 -1.409 -1.627 -1.689 -1.520 -3.178
6.25 794.33 -2.137 -1.870 -1.587 -1.281 -1.212 -1.073 -1.142 -1.110 -1.105 -1.089 -1.071 -1.085 -1.081 -1.141 -1.246 -1.486 -1.584 -1.808 -2.064 -2.326 -2.320 -2.072 -3.853
6.25 1000.00 -2.447 -2.193 -1.878 -1.539 -1.501 -1.377 -1.480 -1.442 -1.453 -1.448 -1.441 -1.472 -1.491 -1.598 -1.773 -2.095 -2.246 -2.534 -2.851 -3.170 -3.073 -2.728 -4.659
6.50 1.00 1.092 1.609 2.019 2.540 2.613 2.903 3.283 3.526 3.620 3.724 3.836 3.933 3.955 3.964 3.935 3.777 3.606 3.593 3.697 3.590 3.700 3.581 2.588
6.50 1.26 1.063 1.579 1.977 2.482 2.560 2.846 3.213 3.446 3.540 3.642 3.752 3.847 3.873 3.887 3.866 3.717 3.556 3.544 3.642 3.537 3.631 3.512 2.514
6.50 1.58 1.030 1.545 1.932 2.420 2.503 2.783 3.138 3.361 3.456 3.555 3.662 3.757 3.786 3.806 3.793 3.653 3.504 3.492 3.585 3.482 3.559 3.440 2.437
6.50 2.00 0.994 1.506 1.881 2.351 2.440 2.715 3.057 3.270 3.366 3.463 3.567 3.661 3.695 3.720 3.716 3.586 3.447 3.436 3.525 3.424 3.483 3.363 2.356
6.50 2.51 0.953 1.463 1.825 2.278 2.371 2.642 2.970 3.173 3.270 3.365 3.466 3.559 3.598 3.629 3.634 3.514 3.387 3.377 3.461 3.362 3.403 3.283 2.270
6.50 3.16 0.907 1.415 1.763 2.198 2.296 2.562 2.878 3.070 3.168 3.261 3.359 3.452 3.495 3.533 3.546 3.437 3.322 3.314 3.393 3.296 3.318 3.197 2.180
6.50 3.98 0.856 1.361 1.696 2.113 2.216 2.477 2.780 2.961 3.061 3.151 3.247 3.339 3.387 3.430 3.453 3.355 3.251 3.245 3.319 3.226 3.228 3.105 2.083
6.50 5.01 0.800 1.301 1.622 2.022 2.130 2.386 2.676 2.847 2.948 3.035 3.128 3.219 3.272 3.322 3.354 3.267 3.175 3.171 3.241 3.150 3.132 3.008 1.981
6.50 6.31 0.739 1.235 1.543 1.925 2.039 2.290 2.567 2.728 2.829 2.914 3.005 3.094 3.152 3.207 3.248 3.172 3.093 3.091 3.156 3.068 3.030 2.904 1.872
6.50 7.94 0.672 1.163 1.458 1.824 1.942 2.189 2.452 2.604 2.705 2.788 2.876 2.964 3.025 3.087 3.137 3.072 3.004 3.005 3.065 2.980 2.921 2.794 1.755
6.50 10.00 0.600 1.085 1.368 1.718 1.841 2.083 2.334 2.476 2.576 2.657 2.742 2.829 2.894 2.960 3.019 2.964 2.908 2.911 2.967 2.884 2.806 2.677 1.631
6.50 12.59 0.523 1.002 1.272 1.609 1.736 1.973 2.211 2.344 2.443 2.522 2.604 2.689 2.757 2.828 2.895 2.850 2.806 2.810 2.861 2.781 2.683 2.553 1.499
6.50 15.85 0.442 0.913 1.173 1.495 1.627 1.860 2.085 2.208 2.305 2.382 2.462 2.546 2.616 2.691 2.765 2.729 2.696 2.702 2.748 2.670 2.552 2.423 1.360
6.50 19.95 0.356 0.819 1.069 1.379 1.514 1.744 1.955 2.068 2.164 2.239 2.317 2.398 2.470 2.549 2.629 2.602 2.579 2.586 2.626 2.551 2.415 2.286 1.213
6.50 25.12 0.266 0.720 0.961 1.259 1.398 1.624 1.821 1.926 2.019 2.093 2.168 2.246 2.320 2.402 2.487 2.467 2.455 2.462 2.497 2.423 2.269 2.142 1.057
6.50 31.62 0.173 0.617 0.850 1.137 1.279 1.501 1.685 1.781 1.871 1.943 2.015 2.091 2.165 2.250 2.340 2.327 2.323 2.330 2.358 2.285 2.116 1.991 0.893
6.50 39.81 0.075 0.509 0.736 1.012 1.157 1.376 1.546 1.633 1.720 1.789 1.860 1.932 2.007 2.093 2.187 2.179 2.184 2.189 2.210 2.138 1.954 1.833 0.720
6.50 50.12 -0.026 0.396 0.617 0.885 1.033 1.247 1.403 1.481 1.565 1.632 1.700 1.769 1.844 1.931 2.028 2.023 2.036 2.039 2.052 1.979 1.783 1.667 0.537
6.50 63.10 -0.132 0.279 0.495 0.754 0.904 1.115 1.256 1.327 1.407 1.472 1.537 1.602 1.677 1.764 1.862 1.859 1.878 1.878 1.883 1.808 1.602 1.492 0.343
6.50 79.43 -0.242 0.157 0.369 0.621 0.773 0.979 1.106 1.168 1.244 1.307 1.369 1.431 1.504 1.590 1.688 1.686 1.710 1.705 1.700 1.623 1.409 1.308 0.136
6.50 100.00 -0.358 0.029 0.239 0.484 0.637 0.839 0.950 1.005 1.076 1.137 1.197 1.254 1.325 1.409 1.505 1.501 1.529 1.518 1.502 1.421 1.201 1.111 -0.086
6.50 125.89 -0.479 -0.105 0.103 0.344 0.496 0.694 0.790 0.837 0.903 0.961 1.018 1.070 1.139 1.219 1.311 1.303 1.333 1.314 1.286 1.199 0.977 0.900 -0.326
6.50 158.49 -0.608 -0.247 -0.039 0.198 0.349 0.542 0.622 0.663 0.723 0.778 0.831 0.878 0.944 1.019 1.104 1.089 1.118 1.089 1.046 0.952 0.732 0.671 -0.588
6.50 199.53 -0.747 -0.398 -0.189 0.047 0.195 0.383 0.445 0.480 0.535 0.586 0.635 0.677 0.738 0.805 0.881 0.855 0.881 0.839 0.780 0.676 0.461 0.421 -0.878
6.50 251.19 -0.896 -0.561 -0.348 -0.111 0.032 0.214 0.258 0.288 0.336 0.383 0.428 0.463 0.519 0.576 0.638 0.596 0.616 0.558 0.479 0.361 0.159 0.145 -1.201
6.50 316.23 -1.060 -0.739 -0.518 -0.278 -0.142 0.033 0.058 0.083 0.124 0.166 0.207 0.234 0.283 0.327 0.370 0.306 0.316 0.238 0.135 0.001 -0.184 -0.165 -1.567
6.50 398.11 -1.242 -0.933 -0.704 -0.456 -0.330 -0.163 -0.159 -0.137 -0.105 -0.068 -0.032 -0.014 0.026 0.052 0.071 -0.022 -0.028 -0.131 -0.262 -0.418 -0.575 -0.517 -1.986
6.50 501.19 -1.445 -1.150 -0.907 -0.647 -0.535 -0.377 -0.397 -0.376 -0.354 -0.324 -0.294 -0.286 -0.257 -0.254 -0.267 -0.398 -0.426 -0.562 -0.727 -0.910 -1.029 -0.921 -2.472
6.50 630.96 -1.676 -1.395 -1.133 -0.856 -0.762 -0.614 -0.661 -0.639 -0.628 -0.606 -0.584 -0.589 -0.573 -0.599 -0.655 -0.835 -0.894 -1.069 -1.275 -1.494 -1.561 -1.390 -3.041
6.50 794.33 -1.942 -1.674 -1.388 -1.086 -1.016 -0.882 -0.957 -0.932 -0.935 -0.922 -0.909 -0.928 -0.930 -0.993 -1.104 -1.348 -1.447 -1.672 -1.929 -2.193 -2.191 -1.942 -3.715
6.50 1000.00 -2.251 -1.998 -1.679 -1.344 -1.305 -1.186 -1.295 -1.264 -1.282 -1.282 -1.279 -1.316 -1.339 -1.450 -1.631 -1.957 -2.109 -2.397 -2.716 -3.037 -2.945 -2.598 -4.522
6.75 1.00 1.197 1.708 2.127 2.651 2.721 3.009 3.381 3.620 3.701 3.802 3.913 4.003 4.017 4.027 3.996 3.835 3.659 3.640 3.739 3.627 3.737 3.617 2.628
6.75 1.26 1.171 1.682 2.090 2.599 2.674 2.958 3.317 3.545 3.626 3.725 3.834 3.923 3.940 3.954 3.930 3.777 3.612 3.593 3.687 3.576 3.671 3.551 2.557
6.75 1.58 1.143 1.652 2.049 2.542 2.622 2.901 3.248 3.466 3.548 3.644 3.750 3.838 3.858 3.877 3.861 3.717 3.562 3.544 3.632 3.524 3.602 3.483 2.483
6.75 2.00 1.111 1.618 2.004 2.480 2.565 2.840 3.173 3.382 3.464 3.558 3.661 3.748 3.773 3.796 3.788 3.653 3.509 3.492 3.575 3.469 3.530 3.411 2.406
6.75 2.51 1.075 1.580 1.954 2.412 2.503 2.772 3.093 3.291 3.375 3.467 3.567 3.653 3.682 3.711 3.711 3.586 3.453 3.437 3.515 3.411 3.454 3.335 2.325
6.75 3.16 1.035 1.538 1.899 2.339 2.435 2.699 3.008 3.195 3.280 3.370 3.467 3.552 3.586 3.620 3.629 3.514 3.392 3.378 3.451 3.349 3.375 3.255 2.240
6.75 3.98 0.990 1.490 1.837 2.260 2.361 2.620 2.916 3.094 3.180 3.267 3.361 3.446 3.484 3.524 3.541 3.437 3.327 3.314 3.383 3.283 3.290 3.169 2.149
6.75 5.01 0.940 1.437 1.770 2.175 2.282 2.536 2.818 2.986 3.073 3.158 3.249 3.333 3.376 3.422 3.448 3.354 3.256 3.246 3.310 3.213 3.200 3.078 2.053
6.75 6.31 0.885 1.377 1.697 2.084 2.196 2.445 2.715 2.873 2.961 3.044 3.132 3.215 3.262 3.314 3.348 3.265 3.180 3.171 3.231 3.137 3.104 2.981 1.951
6.75 7.94 0.824 1.312 1.618 1.988 2.105 2.349 2.607 2.754 2.843 2.923 3.008 3.090 3.142 3.199 3.243 3.170 3.097 3.091 3.146 3.055 3.002 2.878 1.841
6.75 10.00 0.758 1.240 1.534 1.887 2.009 2.249 2.493 2.630 2.719 2.798 2.880 2.960 3.017 3.079 3.130 3.069 3.007 3.004 3.054 2.966 2.893 2.767 1.724
6.75 12.59 0.687 1.163 1.444 1.782 1.908 2.143 2.375 2.502 2.591 2.667 2.746 2.826 2.885 2.952 3.012 2.960 2.910 2.909 2.955 2.870 2.776 2.650 1.600
6.75 15.85 0.611 1.080 1.349 1.672 1.803 2.034 2.252 2.370 2.458 2.532 2.608 2.686 2.749 2.819 2.886 2.844 2.806 2.807 2.848 2.766 2.652 2.526 1.467
6.75 19.95 0.530 0.990 1.249 1.559 1.693 1.920 2.125 2.234 2.320 2.392 2.466 2.541 2.607 2.681 2.755 2.722 2.695 2.697 2.733 2.653 2.520 2.394 1.326
6.75 25.12 0.444 0.896 1.145 1.442 1.580 1.803 1.994 2.094 2.178 2.248 2.320 2.393 2.460 2.538 2.617 2.592 2.575 2.578 2.609 2.530 2.380 2.255 1.176
6.75 31.62 0.354 0.796 1.036 1.322 1.464 1.682 1.860 1.951 2.033 2.101 2.170 2.240 2.309 2.389 2.474 2.455 2.448 2.451 2.476 2.399 2.232 2.109 1.017
6.75 39.81 0.259 0.692 0.924 1.198 1.344 1.558 1.723 1.804 1.884 1.949 2.016 2.083 2.153 2.235 2.323 2.310 2.312 2.315 2.333 2.256 2.074 1.954 0.848
6.75 50.12 0.160 0.582 0.808 1.072 1.220 1.431 1.581 1.654 1.731 1.794 1.858 1.922 1.992 2.075 2.167 2.157 2.167 2.168 2.179 2.102 1.906 1.792 0.669
6.75 63.10 0.057 0.467 0.687 0.943 1.093 1.300 1.436 1.501 1.574 1.635 1.696 1.757 1.826 1.910 2.003 1.996 2.012 2.010 2.013 1.935 1.728 1.620 0.478
6.75 79.43 -0.052 0.347 0.563 0.811 0.962 1.165 1.287 1.343 1.412 1.471 1.530 1.587 1.655 1.737 1.830 1.824 1.846 1.840 1.833 1.753 1.537 1.437 0.274
6.75 100.00 -0.166 0.221 0.433 0.675 0.827 1.026 1.132 1.181 1.246 1.302 1.358 1.410 1.477 1.557 1.649 1.641 1.667 1.655 1.638 1.554 1.332 1.242 0.054
6.75 125.89 -0.286 0.088 0.299 0.535 0.687 0.881 0.972 1.014 1.073 1.127 1.180 1.227 1.292 1.369 1.456 1.445 1.473 1.453 1.423 1.334 1.109 1.033 -0.184
6.75 158.49 -0.415 -0.053 0.157 0.390 0.541 0.730 0.804 0.840 0.894 0.944 0.994 1.036 1.098 1.169 1.250 1.232 1.260 1.230 1.186 1.090 0.866 0.805 -0.445
6.75 199.53 -0.552 -0.204 0.008 0.239 0.387 0.571 0.628 0.657 0.706 0.753 0.798 0.835 0.893 0.956 1.028 0.998 1.023 0.981 0.921 0.814 0.596 0.556 -0.733
6.75 251.19 -0.701 -0.366 -0.151 0.081 0.225 0.403 0.441 0.465 0.507 0.550 0.592 0.622 0.674 0.727 0.786 0.740 0.759 0.701 0.621 0.501 0.295 0.280 -1.056
6.75 316.23 -0.865 -0.543 -0.321 -0.085 0.051 0.222 0.241 0.261 0.295 0.334 0.371 0.393 0.438 0.479 0.518 0.451 0.460 0.382 0.278 0.142 -0.047 -0.029 -1.421
6.75 398.11 -1.045 -0.737 -0.506 -0.263 -0.137 0.027 0.025 0.041 0.067 0.100 0.131 0.145 0.182 0.204 0.219 0.123 0.117 0.013 -0.119 -0.276 -0.438 -0.380 -1.839
6.75 501.19 -1.249 -0.954 -0.709 -0.454 -0.342 -0.187 -0.213 -0.198 -0.181 -0.155 -0.130 -0.127 -0.101 -0.101 -0.119 -0.253 -0.281 -0.417 -0.582 -0.768 -0.891 -0.783 -2.324
6.75 630.96 -1.479 -1.199 -0.935 -0.663 -0.568 -0.425 -0.476 -0.461 -0.456 -0.438 -0.420 -0.429 -0.416 -0.446 -0.506 -0.689 -0.748 -0.923 -1.130 -1.351 -1.423 -1.253 -2.893
6.75 794.33 -1.745 -1.478 -1.190 -0.893 -0.823 -0.692 -0.773 -0.754 -0.762 -0.754 -0.745 -0.768 -0.773 -0.840 -0.955 -1.202 -1.302 -1.526 -1.784 -2.050 -2.053 -1.805 -3.567
6.75 1000.00 -2.054 -1.801 -1.480 -1.150 -1.112 -0.996 -1.110 -1.085 -1.109 -1.113 -1.115 -1.156 -1.182 -1.297 -1.482 -1.810 -1.964 -2.251 -2.571 -2.893 -2.806 -2.460 -4.373
7.00 1.00 1.299 1.805 2.230 2.756 2.823 3.109 3.473 3.708 3.777 3.876 3.986 4.072 4.079 4.092 4.061 3.899 3.719 3.696 3.790 3.673 3.782 3.659 2.676
7.00 1.26 1.277 1.781 2.197 2.708 2.780 3.062 3.413 3.639 3.708 3.804 3.912 3.996 4.006 4.023 3.998 3.844 3.674 3.651 3.739 3.624 3.718 3.596 2.607
7.00 1.58 1.251 1.755 2.161 2.657 2.734 3.011 3.350 3.565 3.634 3.729 3.834 3.916 3.929 3.950 3.932 3.786 3.627 3.603 3.687 3.574 3.652 3.530 2.536
7.00 2.00 1.223 1.725 2.121 2.600 2.683 2.955 3.281 3.487 3.556 3.649 3.751 3.832 3.849 3.873 3.863 3.726 3.577 3.554 3.633 3.521 3.583 3.462 2.463
7.00 2.51 1.192 1.692 2.076 2.539 2.626 2.894 3.208 3.403 3.473 3.564 3.663 3.743 3.763 3.793 3.790 3.662 3.524 3.502 3.575 3.466 3.511 3.391 2.386
7.00 3.16 1.157 1.655 2.027 2.472 2.565 2.828 3.129 3.314 3.385 3.473 3.569 3.649 3.674 3.708 3.713 3.594 3.467 3.447 3.515 3.408 3.436 3.315 2.305
7.00 3.98 1.118 1.613 1.972 2.399 2.497 2.755 3.044 3.218 3.292 3.377 3.470 3.549 3.578 3.617 3.631 3.522 3.406 3.388 3.451 3.347 3.356 3.235 2.220
7.00 5.01 1.074 1.566 1.911 2.320 2.424 2.677 2.953 3.117 3.192 3.275 3.365 3.443 3.477 3.521 3.543 3.444 3.341 3.324 3.383 3.281 3.272 3.150 2.130
7.00 6.31 1.025 1.513 1.845 2.236 2.345 2.593 2.857 3.010 3.087 3.167 3.254 3.331 3.370 3.419 3.449 3.361 3.270 3.255 3.310 3.210 3.182 3.059 2.033
7.00 7.94 0.971 1.454 1.772 2.146 2.260 2.503 2.754 2.898 2.975 3.053 3.137 3.213 3.257 3.311 3.350 3.272 3.193 3.180 3.231 3.134 3.086 2.962 1.931
7.00 10.00 0.911 1.390 1.694 2.050 2.170 2.408 2.646 2.780 2.858 2.934 3.014 3.089 3.137 3.196 3.243 3.176 3.109 3.099 3.145 3.051 2.983 2.859 1.821
7.00 12.59 0.846 1.318 1.609 1.949 2.074 2.307 2.532 2.656 2.735 2.808 2.886 2.960 3.012 3.076 3.130 3.073 3.018 3.011 3.053 2.962 2.873 2.748 1.703
7.00 15.85 0.775 1.241 1.519 1.844 1.973 2.202 2.414 2.528 2.607 2.678 2.753 2.825 2.881 2.948 3.010 2.963 2.920 2.915 2.952 2.864 2.755 2.630 1.577
7.00 19.95 0.699 1.157 1.424 1.734 1.867 2.092 2.291 2.396 2.473 2.543 2.615 2.685 2.744 2.815 2.884 2.846 2.814 2.811 2.843 2.758 2.630 2.504 1.443
7.00 25.12 0.618 1.068 1.324 1.620 1.757 1.978 2.164 2.259 2.336 2.403 2.472 2.540 2.601 2.676 2.751 2.720 2.700 2.698 2.726 2.642 2.495 2.371 1.299
7.00 31.62 0.532 0.973 1.219 1.502 1.644 1.860 2.032 2.118 2.193 2.258 2.325 2.390 2.453 2.531 2.611 2.588 2.577 2.577 2.598 2.517 2.352 2.230 1.146
7.00 39.81 0.441 0.872 1.109 1.381 1.526 1.738 1.897 1.974 2.047 2.109 2.173 2.236 2.301 2.380 2.464 2.447 2.446 2.445 2.460 2.380 2.199 2.080 0.982
7.00 50.12 0.345 0.766 0.996 1.257 1.404 1.612 1.758 1.826 1.896 1.956 2.018 2.077 2.143 2.223 2.310 2.297 2.305 2.303 2.311 2.231 2.036 1.921 0.808
7.00 63.10 0.245 0.654 0.877 1.129 1.279 1.483 1.614 1.674 1.741 1.799 1.857 1.914 1.979 2.059 2.149 2.139 2.153 2.149 2.149 2.068 1.861 1.752 0.621
7.00 79.43 0.138 0.536 0.754 0.998 1.150 1.349 1.466 1.518 1.581 1.636 1.692 1.745 1.809 1.889 1.979 1.970 1.990 1.982 1.973 1.891 1.674 1.572 0.420
7.00 100.00 0.026 0.411 0.626 0.863 1.016 1.211 1.312 1.357 1.415 1.468 1.521 1.570 1.633 1.711 1.799 1.789 1.813 1.800 1.781 1.695 1.471 1.380 0.203
7.00 125.89 -0.093 0.280 0.493 0.724 0.876 1.067 1.153 1.190 1.244 1.294 1.344 1.388 1.449 1.523 1.607 1.594 1.620 1.600 1.569 1.478 1.251 1.172 -0.033
7.00 158.49 -0.220 0.140 0.352 0.580 0.731 0.916 0.986 1.016 1.065 1.112 1.159 1.197 1.256 1.324 1.403 1.382 1.409 1.379 1.334 1.236 1.009 0.946 -0.292
7.00 199.53 -0.357 -0.009 0.204 0.430 0.578 0.758 0.810 0.835 0.878 0.921 0.964 0.997 1.051 1.113 1.181 1.150 1.174 1.132 1.070 0.962 0.740 0.699 -0.579
7.00 251.19 -0.505 -0.171 0.046 0.272 0.416 0.590 0.624 0.643 0.680 0.719 0.758 0.784 0.833 0.884 0.940 0.892 0.911 0.853 0.772 0.651 0.440 0.424 -0.900
7.00 316.23 -0.668 -0.347 -0.124 0.106 0.242 0.410 0.424 0.439 0.468 0.503 0.537 0.556 0.598 0.636 0.673 0.604 0.612 0.535 0.430 0.293 0.100 0.115 -1.264
7.00 398.11 -0.849 -0.541 -0.309 -0.072 0.055 0.215 0.208 0.220 0.240 0.270 0.298 0.308 0.342 0.362 0.374 0.277 0.270 0.167 0.035 -0.124 -0.291 -0.235 -1.682
7.00 501.19 -1.051 -0.757 -0.512 -0.263 -0.150 0.001 -0.029 -0.019 -0.008 0.015 0.037 0.036 0.060 0.057 0.036 -0.098 -0.128 -0.262 -0.428 -0.615 -0.743 -0.638 -2.166
7.00 630.96 -1.282 -1.001 -0.737 -0.471 -0.377 -0.237 -0.293 -0.282 -0.282 -0.267 -0.253 -0.265 -0.256 -0.288 -0.350 -0.535 -0.594 -0.768 -0.975 -1.197 -1.274 -1.107 -2.734
7.00 794.33 -1.547 -1.280 -0.992 -0.701 -0.631 -0.503 -0.589 -0.575 -0.588 -0.584 -0.578 -0.605 -0.612 -0.682 -0.799 -1.047 -1.147 -1.371 -1.629 -1.895 -1.904 -1.658 -3.408
7.00 1000.00 -1.856 -1.603 -1.282 -0.958 -0.919 -0.807 -0.926 -0.907 -0.935 -0.942 -0.948 -0.992 -1.021 -1.138 -1.326 -1.656 -1.809 -2.095 -2.415 -2.738 -2.657 -2.314 -4.214
7.25 1.00 1.400 1.900 2.330 2.855 2.919 3.202 3.559 3.792 3.851 3.948 4.059 4.140 4.142 4.160 4.131 3.970 3.787 3.759 3.850 3.729 3.835 3.707 2.733
7.25 1.26 1.380 1.879 2.300 2.811 2.880 3.160 3.504 3.727 3.785 3.880 3.988 4.068 4.072 4.094 4.070 3.917 3.743 3.716 3.801 3.681 3.773 3.646 2.666
7.25 1.58 1.357 1.856 2.267 2.764 2.838 3.113 3.445 3.658 3.716 3.809 3.914 3.992 3.999 4.024 4.007 3.861 3.698 3.671 3.750 3.632 3.709 3.583 2.597
7.25 2.00 1.333 1.829 2.231 2.713 2.792 3.063 3.382 3.585 3.643 3.734 3.837 3.913 3.923 3.951 3.941 3.804 3.650 3.623 3.698 3.582 3.643 3.518 2.527
7.25 2.51 1.305 1.800 2.192 2.657 2.741 3.008 3.314 3.507 3.566 3.655 3.754 3.830 3.843 3.875 3.872 3.743 3.600 3.574 3.643 3.529 3.574 3.450 2.453
7.25 3.16 1.275 1.768 2.147 2.596 2.686 2.947 3.242 3.424 3.484 3.571 3.667 3.741 3.759 3.795 3.799 3.679 3.547 3.522 3.586 3.474 3.502 3.378 2.376
7.25 3.98 1.240 1.731 2.098 2.529 2.625 2.882 3.164 3.336 3.397 3.481 3.575 3.648 3.670 3.710 3.722 3.610 3.490 3.466 3.526 3.416 3.427 3.303 2.296
7.25 5.01 1.202 1.689 2.044 2.457 2.558 2.810 3.080 3.242 3.304 3.386 3.476 3.549 3.575 3.620 3.639 3.538 3.429 3.407 3.462 3.354 3.347 3.223 2.211
7.25 6.31 1.159 1.643 1.984 2.379 2.485 2.732 2.990 3.141 3.206 3.285 3.372 3.443 3.475 3.524 3.551 3.460 3.363 3.343 3.393 3.288 3.263 3.138 2.120
7.25 7.94 1.111 1.591 1.918 2.295 2.407 2.649 2.894 3.035 3.101 3.178 3.262 3.332 3.368 3.422 3.457 3.376 3.291 3.274 3.319 3.217 3.173 3.048 2.024
7.25 10.00 1.057 1.532 1.846 2.205 2.322 2.559 2.792 2.923 2.990 3.065 3.145 3.215 3.255 3.314 3.357 3.286 3.214 3.198 3.240 3.140 3.076 2.951 1.921
7.25 12.59 0.999 1.468 1.768 2.109 2.232 2.464 2.684 2.805 2.874 2.946 3.023 3.091 3.136 3.199 3.250 3.189 3.129 3.116 3.153 3.057 2.973 2.847 1.810
7.25 15.85 0.934 1.397 1.683 2.009 2.136 2.363 2.571 2.682 2.751 2.821 2.895 2.962 3.011 3.077 3.136 3.084 3.037 3.026 3.059 2.966 2.862 2.735 1.691
7.25 19.95 0.864 1.319 1.593 1.903 2.035 2.258 2.452 2.554 2.623 2.690 2.761 2.827 2.879 2.949 3.015 2.972 2.936 2.929 2.957 2.866 2.742 2.616 1.564
7.25 25.12 0.788 1.236 1.498 1.793 1.929 2.147 2.329 2.421 2.490 2.555 2.623 2.686 2.742 2.815 2.887 2.853 2.828 2.822 2.846 2.757 2.615 2.489 1.427
7.25 31.62 0.707 1.146 1.397 1.679 1.819 2.033 2.201 2.284 2.351 2.414 2.479 2.540 2.599 2.674 2.751 2.725 2.711 2.706 2.725 2.638 2.477 2.353 1.280
7.25 39.81 0.620 1.049 1.291 1.560 1.704 1.914 2.068 2.142 2.208 2.268 2.331 2.390 2.449 2.527 2.608 2.588 2.584 2.580 2.593 2.508 2.330 2.209 1.122
7.25 50.12 0.528 0.947 1.180 1.438 1.585 1.790 1.931 1.996 2.060 2.118 2.177 2.233 2.295 2.373 2.458 2.443 2.447 2.443 2.449 2.365 2.171 2.054 0.952
7.25 63.10 0.430 0.838 1.065 1.313 1.462 1.663 1.790 1.846 1.907 1.963 2.019 2.072 2.134 2.212 2.299 2.287 2.300 2.294 2.292 2.208 2.001 1.889 0.770
7.25 79.43 0.327 0.723 0.944 1.183 1.334 1.531 1.643 1.691 1.749 1.802 1.856 1.905 1.966 2.044 2.132 2.121 2.140 2.131 2.120 2.034 1.817 1.713 0.573
7.25 100.00 0.216 0.601 0.817 1.049 1.201 1.393 1.491 1.531 1.585 1.636 1.686 1.731 1.792 1.868 1.954 1.942 1.966 1.952 1.932 1.843 1.617 1.523 0.360
7.25 125.89 0.099 0.472 0.685 0.911 1.063 1.250 1.333 1.366 1.415 1.463 1.510 1.551 1.609 1.682 1.764 1.749 1.775 1.755 1.723 1.629 1.400 1.318 0.127
7.25 158.49 -0.026 0.334 0.546 0.768 0.918 1.101 1.167 1.193 1.237 1.282 1.326 1.361 1.417 1.485 1.561 1.539 1.566 1.536 1.490 1.390 1.160 1.094 -0.130
7.25 199.53 -0.162 0.185 0.398 0.618 0.766 0.943 0.992 1.012 1.051 1.092 1.132 1.162 1.214 1.274 1.341 1.308 1.333 1.291 1.229 1.119 0.894 0.848 -0.415
7.25 251.19 -0.309 0.025 0.241 0.461 0.604 0.775 0.806 0.821 0.853 0.890 0.926 0.949 0.996 1.046 1.100 1.052 1.071 1.014 0.932 0.810 0.595 0.575 -0.735
7.25 316.23 -0.471 -0.150 0.072 0.295 0.431 0.596 0.607 0.617 0.642 0.675 0.706 0.722 0.762 0.799 0.834 0.765 0.773 0.697 0.592 0.453 0.256 0.267 -1.097
7.25 398.11 -0.651 -0.343 -0.112 0.118 0.244 0.401 0.391 0.398 0.415 0.442 0.467 0.474 0.507 0.525 0.536 0.439 0.432 0.330 0.198 0.038 -0.134 -0.082 -1.514
7.25 501.19 -0.853 -0.559 -0.315 -0.073 0.040 0.187 0.154 0.160 0.167 0.187 0.206 0.203 0.225 0.221 0.199 0.064 0.035 -0.098 -0.264 -0.452 -0.586 -0.485 -1.998
7.25 630.96 -1.083 -0.803 -0.540 -0.281 -0.187 -0.050 -0.109 -0.103 -0.107 -0.095 -0.083 -0.098 -0.090 -0.124 -0.188 -0.372 -0.431 -0.603 -0.810 -1.033 -1.116 -0.953 -2.565
7.25 794.33 -1.348 -1.081 -0.794 -0.511 -0.441 -0.317 -0.405 -0.396 -0.413 -0.411 -0.408 -0.438 -0.447 -0.518 -0.637 -0.884 -0.984 -1.206 -1.463 -1.731 -1.745 -1.504 -3.238
7.25 1000.00 -1.657 -1.404 -1.085 -0.768 -0.729 -0.620 -0.743 -0.727 -0.759 -0.770 -0.777 -0.825 -0.855 -0.974 -1.163 -1.492 -1.645 -1.929 -2.249 -2.573 -2.498 -2.159 -4.043
7.50 1.00 1.500 1.995 2.426 2.949 3.009 3.291 3.641 3.872 3.922 4.018 4.130 4.208 4.207 4.232 4.206 4.048 3.862 3.832 3.919 3.794 3.897 3.761 2.799
7.50 1.26 1.482 1.975 2.399 2.908 2.973 3.251 3.589 3.810 3.860 3.954 4.063 4.139 4.140 4.167 4.147 3.997 3.820 3.789 3.871 3.748 3.836 3.702 2.734
7.50 1.58 1.462 1.954 2.369 2.865 2.935 3.209 3.534 3.746 3.794 3.886 3.993 4.067 4.070 4.101 4.087 3.943 3.776 3.746 3.822 3.700 3.774 3.641 2.667
7.50 2.00 1.440 1.931 2.337 2.818 2.893 3.163 3.476 3.678 3.726 3.816 3.919 3.992 3.997 4.031 4.023 3.887 3.731 3.700 3.771 3.651 3.710 3.578 2.599
7.50 2.51 1.415 1.905 2.301 2.767 2.848 3.113 3.414 3.605 3.653 3.742 3.842 3.914 3.922 3.959 3.957 3.829 3.683 3.653 3.719 3.601 3.644 3.513 2.528
7.50 3.16 1.389 1.876 2.262 2.712 2.798 3.059 3.347 3.528 3.577 3.663 3.761 3.831 3.842 3.883 3.888 3.768 3.633 3.604 3.664 3.548 3.575 3.445 2.454
7.50 3.98 1.359 1.844 2.218 2.651 2.743 2.999 3.275 3.446 3.496 3.580 3.674 3.743 3.758 3.803 3.815 3.704 3.580 3.551 3.607 3.493 3.503 3.374 2.378
7.50 5.01 1.325 1.808 2.170 2.585 2.683 2.934 3.198 3.358 3.410 3.491 3.583 3.650 3.670 3.718 3.737 3.635 3.522 3.495 3.546 3.434 3.428 3.299 2.297
7.50 6.31 1.287 1.767 2.116 2.513 2.616 2.863 3.114 3.265 3.318 3.397 3.485 3.552 3.576 3.628 3.655 3.562 3.461 3.436 3.482 3.372 3.348 3.219 2.211
7.50 7.94 1.245 1.721 2.056 2.436 2.544 2.786 3.025 3.165 3.221 3.297 3.381 3.447 3.476 3.532 3.566 3.483 3.394 3.371 3.413 3.306 3.263 3.134 2.121
7.50 10.00 1.198 1.669 1.991 2.352 2.466 2.702 2.930 3.060 3.117 3.191 3.272 3.337 3.370 3.430 3.472 3.398 3.322 3.301 3.338 3.234 3.173 3.044 2.024
7.50 12.59 1.145 1.611 1.919 2.262 2.382 2.613 2.828 2.948 3.007 3.078 3.155 3.220 3.258 3.321 3.371 3.307 3.243 3.224 3.258 3.156 3.075 2.946 1.920
7.50 15.85 1.087 1.546 1.841 2.167 2.292 2.518 2.721 2.830 2.890 2.959 3.033 3.096 3.139 3.206 3.262 3.208 3.156 3.141 3.170 3.071 2.971 2.842 1.808
7.50 19.95 1.023 1.476 1.757 2.066 2.196 2.418 2.608 2.707 2.768 2.834 2.905 2.967 3.013 3.084 3.147 3.102 3.062 3.050 3.074 2.978 2.858 2.729 1.687
7.50 25.12 0.953 1.398 1.666 1.961 2.095 2.312 2.489 2.579 2.640 2.704 2.771 2.831 2.882 2.955 3.024 2.988 2.960 2.949 2.969 2.876 2.737 2.609 1.557
7.50 31.62 0.877 1.314 1.570 1.850 1.989 2.201 2.365 2.445 2.506 2.568 2.632 2.690 2.743 2.819 2.894 2.865 2.848 2.840 2.855 2.764 2.606 2.479 1.417
7.50 39.81 0.795 1.222 1.468 1.735 1.877 2.085 2.236 2.307 2.367 2.426 2.487 2.543 2.599 2.676 2.756 2.734 2.727 2.719 2.729 2.640 2.464 2.340 1.266
7.50 50.12 0.707 1.125 1.361 1.616 1.761 1.964 2.102 2.164 2.222 2.279 2.337 2.390 2.448 2.526 2.609 2.593 2.595 2.588 2.591 2.503 2.311 2.191 1.102
7.50 63.10 0.613 1.020 1.249 1.492 1.640 1.839 1.963 2.016 2.072 2.126 2.182 2.232 2.290 2.368 2.454 2.441 2.451 2.444 2.440 2.352 2.146 2.031 0.925
7.50 79.43 0.513 0.908 1.130 1.364 1.514 1.709 1.818 1.863 1.917 1.968 2.020 2.067 2.125 2.203 2.289 2.278 2.295 2.285 2.273 2.184 1.966 1.858 0.733
7.50 100.00 0.406 0.790 1.006 1.232 1.383 1.573 1.668 1.705 1.755 1.804 1.853 1.895 1.953 2.029 2.114 2.102 2.125 2.110 2.089 1.997 1.771 1.672 0.524
7.50 125.89 0.291 0.662 0.876 1.095 1.246 1.432 1.511 1.541 1.586 1.632 1.678 1.716 1.773 1.845 1.926 1.912 1.937 1.917 1.884 1.788 1.556 1.470 0.294
7.50 158.49 0.167 0.526 0.738 0.953 1.103 1.283 1.346 1.369 1.410 1.453 1.495 1.528 1.582 1.649 1.725 1.704 1.730 1.701 1.655 1.552 1.319 1.248 0.040
7.50 199.53 0.033 0.380 0.591 0.804 0.952 1.126 1.172 1.189 1.224 1.263 1.302 1.329 1.380 1.440 1.506 1.474 1.499 1.458 1.396 1.284 1.055 1.004 -0.242
7.50 251.19 -0.113 0.221 0.435 0.648 0.791 0.959 0.987 0.998 1.028 1.063 1.097 1.118 1.164 1.213 1.266 1.220 1.238 1.183 1.102 0.978 0.758 0.732 -0.560
7.50 316.23 -0.274 0.047 0.267 0.483 0.618 0.780 0.788 0.795 0.818 0.848 0.877 0.891 0.930 0.966 1.001 0.933 0.942 0.867 0.763 0.623 0.420 0.426 -0.921
7.50 398.11 -0.453 -0.145 0.083 0.306 0.432 0.585 0.573 0.577 0.591 0.615 0.639 0.644 0.675 0.694 0.704 0.608 0.602 0.502 0.370 0.209 0.032 0.078 -1.336
7.50 501.19 -0.654 -0.360 -0.119 0.115 0.228 0.372 0.336 0.339 0.343 0.361 0.379 0.373 0.394 0.390 0.367 0.234 0.206 0.075 -0.090 -0.279 -0.419 -0.324 -1.819
7.50 630.96 -0.884 -0.603 -0.344 -0.093 0.002 0.135 0.073 0.076 0.070 0.080 0.090 0.072 0.079 0.046 -0.019 -0.202 -0.259 -0.430 -0.636 -0.859 -0.948 -0.791 -2.385
7.50 794.33 -1.148 -0.881 -0.598 -0.322 -0.252 -0.131 -0.223 -0.217 -0.236 -0.236 -0.235 -0.267 -0.277 -0.348 -0.467 -0.713 -0.811 -1.031 -1.287 -1.556 -1.576 -1.342 -3.058
7.50 1000.00 -1.456 -1.204 -0.888 -0.579 -0.540 -0.435 -0.560 -0.548 -0.582 -0.595 -0.604 -0.654 -0.685 -0.804 -0.993 -1.321 -1.472 -1.754 -2.072 -2.397 -2.328 -1.996 -3.862
7.75 1.00 1.600 2.088 2.519 3.038 3.094 3.374 3.718 3.948 3.992 4.087 4.200 4.277 4.274 4.307 4.287 4.134 3.945 3.913 3.998 3.870 3.968 3.823 2.875
7.75 1.26 1.583 2.071 2.494 3.001 3.062 3.338 3.670 3.890 3.932 4.026 4.136 4.211 4.209 4.245 4.229 4.083 3.904 3.872 3.951 3.824 3.909 3.765 2.811
7.75 1.58 1.565 2.051 2.467 2.960 3.027 3.299 3.618 3.829 3.870 3.961 4.069 4.142 4.142 4.180 4.171 4.031 3.862 3.829 3.903 3.778 3.848 3.706 2.746
7.75 2.00 1.545 2.030 2.438 2.917 2.989 3.257 3.564 3.765 3.805 3.895 4.000 4.070 4.072 4.113 4.110 3.977 3.819 3.785 3.854 3.730 3.785 3.645 2.680
7.75 2.51 1.523 2.007 2.406 2.871 2.948 3.212 3.506 3.697 3.737 3.825 3.927 3.996 4.000 4.044 4.046 3.921 3.773 3.740 3.803 3.681 3.721 3.582 2.611
7.75 3.16 1.499 1.982 2.371 2.820 2.902 3.162 3.445 3.626 3.665 3.751 3.851 3.918 3.925 3.972 3.980 3.863 3.725 3.693 3.750 3.630 3.655 3.517 2.540
7.75 3.98 1.473 1.954 2.332 2.765 2.853 3.108 3.379 3.549 3.590 3.673 3.770 3.835 3.846 3.896 3.911 3.801 3.675 3.643 3.695 3.577 3.586 3.449 2.466
7.75 5.01 1.444 1.922 2.288 2.705 2.798 3.049 3.308 3.468 3.510 3.591 3.684 3.748 3.763 3.816 3.837 3.737 3.621 3.590 3.638 3.522 3.514 3.378 2.389
7.75 6.31 1.411 1.886 2.240 2.640 2.739 2.984 3.231 3.381 3.424 3.503 3.593 3.656 3.674 3.731 3.759 3.667 3.563 3.534 3.577 3.463 3.439 3.303 2.308
7.75 7.94 1.374 1.845 2.187 2.568 2.673 2.914 3.148 3.288 3.333 3.410 3.496 3.558 3.581 3.641 3.676 3.593 3.501 3.473 3.512 3.400 3.358 3.223 2.222
7.75 10.00 1.332 1.799 2.128 2.491 2.602 2.837 3.060 3.189 3.236 3.310 3.393 3.454 3.482 3.545 3.587 3.514 3.433 3.408 3.442 3.333 3.273 3.138 2.131
7.75 12.59 1.286 1.748 2.062 2.408 2.524 2.754 2.965 3.084 3.133 3.205 3.284 3.344 3.376 3.442 3.492 3.428 3.360 3.337 3.366 3.260 3.181 3.047 2.033
7.75 15.85 1.234 1.690 1.991 2.318 2.440 2.665 2.864 2.973 3.024 3.092 3.168 3.227 3.264 3.333 3.390 3.335 3.279 3.259 3.284 3.180 3.083 2.949 1.928
7.75 19.95 1.176 1.626 1.913 2.223 2.350 2.570 2.757 2.855 2.908 2.974 3.046 3.104 3.145 3.217 3.281 3.235 3.191 3.173 3.195 3.093 2.977 2.843 1.814
7.75 25.12 1.112 1.554 1.828 2.122 2.254 2.469 2.643 2.732 2.786 2.849 2.918 2.974 3.019 3.094 3.164 3.127 3.094 3.080 3.096 2.998 2.862 2.729 1.691
7.75 31.62 1.042 1.476 1.738 2.016 2.152 2.363 2.524 2.603 2.657 2.718 2.783 2.838 2.887 2.964 3.038 3.009 2.989 2.976 2.988 2.892 2.738 2.606 1.558
7.75 39.81 0.966 1.391 1.641 1.905 2.045 2.251 2.399 2.469 2.523 2.581 2.643 2.696 2.747 2.826 2.905 2.883 2.873 2.862 2.869 2.775 2.602 2.473 1.414
7.75 50.12 0.883 1.298 1.538 1.789 1.932 2.134 2.269 2.329 2.382 2.438 2.496 2.547 2.601 2.680 2.763 2.747 2.747 2.737 2.738 2.645 2.456 2.330 1.257
7.75 63.10 0.793 1.199 1.429 1.668 1.814 2.011 2.133 2.184 2.236 2.289 2.344 2.392 2.447 2.527 2.612 2.599 2.608 2.598 2.592 2.500 2.296 2.175 1.085
7.75 79.43 0.697 1.091 1.314 1.542 1.691 1.884 1.990 2.034 2.083 2.133 2.185 2.230 2.286 2.365 2.451 2.440 2.456 2.444 2.431 2.338 2.121 2.007 0.899
7.75 100.00 0.593 0.976 1.192 1.412 1.562 1.750 1.842 1.877 1.924 1.971 2.020 2.060 2.116 2.193 2.278 2.268 2.289 2.274 2.252 2.156 1.930 1.825 0.694
7.75 125.89 0.481 0.852 1.064 1.277 1.427 1.610 1.687 1.715 1.757 1.802 1.847 1.883 1.938 2.012 2.093 2.080 2.105 2.085 2.051 1.952 1.719 1.626 0.469
7.75 158.49 0.359 0.718 0.928 1.136 1.285 1.462 1.523 1.544 1.583 1.624 1.665 1.697 1.750 1.818 1.894 1.874 1.901 1.872 1.826 1.721 1.485 1.408 0.219
7.75 199.53 0.228 0.574 0.783 0.988 1.135 1.307 1.351 1.365 1.398 1.436 1.474 1.500 1.549 1.610 1.677 1.647 1.672 1.632 1.570 1.457 1.224 1.167 -0.061
7.75 251.19 0.083 0.416 0.628 0.833 0.975 1.141 1.167 1.176 1.203 1.236 1.270 1.289 1.334 1.385 1.438 1.394 1.414 1.359 1.279 1.153 0.930 0.897 -0.376
7.75 316.23 -0.076 0.244 0.460 0.668 0.803 0.962 0.969 0.973 0.994 1.022 1.051 1.063 1.102 1.139 1.174 1.109 1.119 1.046 0.943 0.801 0.594 0.592 -0.735
7.75 398.11 -0.254 0.053 0.277 0.492 0.617 0.768 0.754 0.755 0.768 0.791 0.813 0.817 0.848 0.867 0.878 0.785 0.780 0.683 0.552 0.390 0.208 0.245 -1.149
7.75 501.19 -0.455 -0.161 0.076 0.302 0.414 0.555 0.518 0.518 0.521 0.537 0.553 0.547 0.567 0.564 0.542 0.411 0.385 0.257 0.093 -0.097 -0.242 -0.155 -1.630
7.75 630.96 -0.684 -0.403 -0.148 0.094 0.188 0.319 0.255 0.256 0.248 0.256 0.265 0.246 0.253 0.221 0.157 -0.023 -0.079 -0.247 -0.451 -0.675 -0.771 -0.621 -2.195
7.75 794.33 -0.947 -0.681 -0.402 -0.135 -0.066 0.053 -0.041 -0.037 -0.057 -0.059 -0.060 -0.093 -0.103 -0.172 -0.291 -0.534 -0.630 -0.847 -1.102 -1.371 -1.398 -1.171 -2.867
7.75 1000.00 -1.255 -1.003 -0.691 -0.392 -0.354 -0.251 -0.377 -0.368 -0.404 -0.418 -0.429 -0.479 -0.511 -0.628 -0.817 -1.141 -1.291 -1.570 -1.886 -2.211 -2.149 -1.825 -3.671
8.00 1.00 1.699 2.182 2.610 3.123 3.176 3.454 3.793 4.023 4.061 4.156 4.271 4.348 4.344 4.387 4.373 4.226 4.037 4.004 4.087 3.956 4.049 3.892 2.962
8.00 1.26 1.683 2.165 2.587 3.088 3.145 3.420 3.747 3.967 4.003 4.097 4.209 4.283 4.280 4.326 4.317 4.177 3.997 3.963 4.041 3.911 3.990 3.835 2.899
8.00 1.58 1.667 2.148 2.562 3.051 3.113 3.384 3.698 3.909 3.943 4.035 4.145 4.217 4.215 4.263 4.260 4.126 3.956 3.921 3.993 3.865 3.930 3.777 2.835
8.00 2.00 1.649 2.129 2.535 3.011 3.078 3.345 3.647 3.848 3.881 3.971 4.079 4.148 4.148 4.198 4.201 4.074 3.914 3.879 3.945 3.819 3.869 3.717 2.769
8.00 2.51 1.629 2.108 2.506 2.968 3.041 3.304 3.593 3.785 3.817 3.905 4.010 4.077 4.079 4.132 4.140 4.020 3.870 3.835 3.896 3.771 3.807 3.657 2.703
8.00 3.16 1.608 2.085 2.475 2.922 3.000 3.259 3.536 3.717 3.749 3.836 3.938 4.003 4.007 4.062 4.076 3.964 3.824 3.789 3.845 3.721 3.743 3.594 2.634
8.00 3.98 1.585 2.060 2.440 2.872 2.955 3.210 3.475 3.646 3.679 3.763 3.862 3.925 3.932 3.990 4.010 3.905 3.776 3.741 3.792 3.670 3.676 3.529 2.563
8.00 5.01 1.559 2.032 2.401 2.817 2.906 3.156 3.410 3.571 3.604 3.686 3.782 3.844 3.854 3.914 3.940 3.843 3.725 3.691 3.737 3.617 3.607 3.461 2.489
8.00 6.31 1.530 2.000 2.358 2.757 2.852 3.098 3.339 3.490 3.524 3.604 3.696 3.757 3.771 3.834 3.866 3.777 3.671 3.638 3.679 3.561 3.535 3.390 2.411
8.00 7.94 1.497 1.964 2.310 2.692 2.793 3.033 3.263 3.404 3.440 3.517 3.606 3.665 3.683 3.749 3.788 3.708 3.612 3.581 3.617 3.501 3.459 3.314 2.330
8.00 10.00 1.461 1.924 2.257 2.621 2.728 2.963 3.182 3.311 3.349 3.424 3.509 3.568 3.590 3.659 3.704 3.633 3.549 3.520 3.551 3.437 3.378 3.234 2.243
8.00 12.59 1.420 1.878 2.198 2.544 2.657 2.887 3.094 3.213 3.253 3.325 3.407 3.464 3.491 3.563 3.615 3.552 3.480 3.453 3.480 3.369 3.291 3.148 2.151
8.00 15.85 1.374 1.827 2.133 2.461 2.579 2.804 2.999 3.108 3.151 3.220 3.298 3.354 3.386 3.460 3.518 3.465 3.405 3.381 3.403 3.294 3.199 3.056 2.052
8.00 19.95 1.323 1.769 2.062 2.372 2.495 2.715 2.898 2.997 3.041 3.108 3.182 3.238 3.274 3.350 3.415 3.370 3.323 3.301 3.319 3.213 3.099 2.957 1.945
8.00 25.12 1.265 1.705 1.983 2.276 2.405 2.620 2.791 2.880 2.926 2.990 3.060 3.114 3.155 3.233 3.304 3.268 3.232 3.213 3.227 3.123 2.990 2.850 1.828
8.00 31.62 1.201 1.633 1.899 2.175 2.309 2.519 2.677 2.756 2.803 2.865 2.931 2.984 3.028 3.109 3.185 3.156 3.132 3.116 3.125 3.024 2.872 2.734 1.702
8.00 39.81 1.131 1.554 1.807 2.068 2.206 2.412 2.557 2.626 2.674 2.733 2.796 2.846 2.894 2.976 3.057 3.035 3.023 3.008 3.012 2.913 2.744 2.607 1.565
8.00 50.12 1.054 1.467 1.709 1.956 2.098 2.298 2.431 2.491 2.539 2.594 2.654 2.702 2.753 2.836 2.920 2.904 2.902 2.889 2.887 2.790 2.603 2.470 1.415
8.00 63.10 0.969 1.373 1.604 1.839 1.984 2.179 2.298 2.349 2.396 2.449 2.505 2.551 2.604 2.687 2.773 2.762 2.769 2.756 2.748 2.652 2.450 2.321 1.250
8.00 79.43 0.877 1.270 1.493 1.716 1.863 2.054 2.159 2.202 2.247 2.297 2.350 2.393 2.447 2.528 2.616 2.607 2.622 2.608 2.593 2.496 2.281 2.159 1.069
8.00 100.00 0.777 1.159 1.375 1.588 1.737 1.923 2.014 2.048 2.091 2.138 2.187 2.227 2.281 2.360 2.447 2.439 2.460 2.443 2.419 2.321 2.094 1.982 0.870
8.00 125.89 0.669 1.039 1.249 1.455 1.604 1.785 1.860 1.887 1.927 1.971 2.017 2.052 2.106 2.182 2.265 2.254 2.279 2.258 2.224 2.122 1.888 1.787 0.650
8.00 158.49 0.550 0.908 1.115 1.316 1.464 1.639 1.699 1.718 1.755 1.796 1.837 1.868 1.920 1.990 2.068 2.051 2.078 2.050 2.003 1.896 1.659 1.573 0.404
8.00 199.53 0.421 0.766 0.972 1.169 1.315 1.485 1.528 1.541 1.572 1.609 1.647 1.672 1.721 1.784 1.853 1.826 1.852 1.813 1.752 1.636 1.401 1.334 0.128
8.00 251.19 0.278 0.611 0.819 1.015 1.156 1.320 1.345 1.352 1.378 1.411 1.444 1.463 1.508 1.561 1.616 1.575 1.596 1.544 1.464 1.336 1.109 1.067 -0.184
8.00 316.23 0.121 0.441 0.652 0.851 0.986 1.142 1.148 1.151 1.170 1.198 1.226 1.238 1.277 1.316 1.353 1.292 1.304 1.233 1.130 0.988 0.776 0.765 -0.541
8.00 398.11 -0.056 0.251 0.471 0.676 0.800 0.949 0.934 0.934 0.945 0.967 0.990 0.993 1.024 1.046 1.059 0.969 0.966 0.871 0.742 0.579 0.391 0.420 -0.952
8.00 501.19 -0.255 0.038 0.270 0.486 0.597 0.737 0.698 0.697 0.699 0.714 0.731 0.723 0.744 0.743 0.724 0.597 0.573 0.447 0.285 0.095 -0.057 0.021 -1.432
8.00 630.96 -0.483 -0.203 0.046 0.279 0.372 0.501 0.436 0.435 0.427 0.434 0.442 0.423 0.431 0.401 0.339 0.163 0.110 -0.055 -0.258 -0.482 -0.584 -0.444 -1.996
8.00 794.33 -0.746 -0.480 -0.207 0.050 0.119 0.235 0.141 0.143 0.122 0.119 0.119 0.085 0.076 0.008 -0.108 -0.347 -0.441 -0.654 -0.907 -1.176 -1.210 -0.993 -2.666
8.00 1000.00 -1.054 -0.801 -0.496 -0.206 -0.169 -0.068 -0.196 -0.188 -0.224 -0.239 -0.250 -0.301 -0.332 -0.447 -0.633 -0.954 -1.100 -1.376 -1.690 -2.015 -1.961 -1.646 -3.469
